  flscon:  version 23.2.0.01  win64 2022 
 FLOW-3D   05:11:31  02/29/2024 jcer     
   hydr3d   version  23.2.0.20 win64     12/04/2023 HYDRO    
 Simulation Template: Free Surface - TruVOF (Default)                            

Mesh Block   1
 printing pfxob, pfyob, pfzob       
       1     1002      0.000E+00      3.341E+00
   time              pfxob_1         pfyob_1         pfzob_1
   0.0000000E+00  -4.9835618E-04   4.5659294E+00   7.0866942E-01
   8.1280788E-04   2.1367934E-02  -6.0913342E+02   1.3325366E+00
   3.0154155E-03  -2.0208270E-03   4.4399757E+00   9.2897034E-01
   6.8164491E-03   8.8069243E-03   4.2014852E+00   8.3731586E-01
   1.0458271E-02   8.5712699E-03   4.0636649E+00   8.4382582E-01
   1.3696004E-02   8.7522175E-03   4.1006727E+00   8.3409041E-01
   1.6133297E-02   7.8771953E-03   4.1561852E+00   8.3150673E-01
   2.0255776E-02   8.9778723E-03   4.2376194E+00   8.2746863E-01
   2.3212118E-02   6.2956712E-03   4.2775431E+00   8.2028121E-01
   2.6290031E-02   8.0324495E-03   4.3289032E+00   8.1376255E-01
   3.0585410E-02   8.4064836E-03   4.3818669E+00   8.0971712E-01
   3.3988524E-02   6.8603246E-03   4.4409924E+00   8.0023390E-01
   3.6550310E-02   6.1509511E-03   4.4734077E+00   7.9537559E-01
   3.9374683E-02   5.8667464E-03   4.5373025E+00   7.9334468E-01
   4.3455686E-02   8.0839982E-03   4.5519371E+00   7.9049551E-01
   4.6569865E-02   3.7877173E-03   4.6164255E+00   7.8911734E-01
   5.0355170E-02   7.0705367E-03   4.6760287E+00   7.8909969E-01
   5.3720072E-02   6.7155850E-03   4.7297273E+00   7.9109979E-01
   5.6252953E-02   8.2083344E-03   4.7621942E+00   7.8912997E-01
   6.0547274E-02   4.4979737E-03   4.8238206E+00   7.9180813E-01
   6.3511051E-02   1.2067810E-02   4.8760200E+00   7.8072488E-01
   6.6496275E-02   1.0098400E-02   4.9284029E+00   7.8534269E-01
   7.0121497E-02   1.7790338E-02   5.0533662E+00   7.8806365E-01
   7.3220827E-02   8.3856005E-03   5.0093155E+00   7.8541481E-01
   7.7176444E-02   3.6401979E-03   5.1026254E+00   7.8122848E-01
   8.0056719E-02   1.5816143E-02   5.2172847E+00   7.7778333E-01
   8.3390996E-02   7.1692611E-03   5.2592478E+00   7.7520227E-01
   8.7250836E-02   8.6779650E-03   5.3048162E+00   7.7455682E-01
   9.0156443E-02   1.2866313E-02   5.3404884E+00   7.6623565E-01
   9.3359865E-02   9.0329964E-03   5.4007583E+00   7.6953876E-01
   9.6535459E-02   1.4631864E-02   5.4697480E+00   7.6853734E-01
   9.9659391E-02   1.3502734E-02   5.5298247E+00   7.7193356E-01
   1.0427707E-01   1.0472244E-02   5.6118107E+00   7.7100527E-01
   1.0719476E-01   1.0611862E-02   5.6783671E+00   7.6908880E-01
   1.1000369E-01   9.2327958E-03   5.7237191E+00   7.7026474E-01
   1.1411589E-01   8.6400080E-03   5.7907410E+00   7.6880300E-01
   1.1681802E-01   1.1993552E-02   5.8474569E+00   7.6678151E-01
   1.2081800E-01   7.6334090E-03   5.9258909E+00   7.6536632E-01
   1.2344090E-01   1.0563893E-02   5.9842024E+00   7.6320738E-01
   1.2723519E-01   9.6645644E-03   6.0509920E+00   7.6174992E-01
   1.2991190E-01   7.3070023E-03   6.0882077E+00   7.5783682E-01
   1.3405177E-01   1.0203201E-02   6.1761560E+00   7.5560457E-01
   1.3676992E-01   7.1107498E-03   6.2312551E+00   7.5404906E-01
   1.4084987E-01   1.1635864E-02   6.3107204E+00   7.5144869E-01
   1.4356239E-01   1.5709527E-02   6.3561916E+00   7.4843514E-01
   1.4709172E-01   9.7811855E-03   6.4456892E+00   7.4896979E-01
   1.5096213E-01   5.6459703E-03   6.5021429E+00   7.4667549E-01
   1.5380730E-01   7.1920240E-03   6.5585804E+00   7.4579823E-01
   1.5703608E-01   9.6734604E-03   6.6724648E+00   7.4710560E-01
   1.6033143E-01   1.6727803E-02   6.7563004E+00   7.4600983E-01
   1.6370921E-01   1.5101511E-02   6.7910457E+00   7.4389619E-01
   1.6755554E-01   8.9636547E-03   6.8625584E+00   7.4188173E-01
   1.7043509E-01   1.3941719E-02   6.9321604E+00   7.3858607E-01
   1.7314790E-01   1.3168273E-02   6.9939537E+00   7.3660052E-01
   1.7774729E-01   1.0822235E-02   7.0742369E+00   7.3322403E-01
   1.8113233E-01   1.5077758E-02   7.1416001E+00   7.3129141E-01
   1.8443656E-01   1.1662555E-02   7.2156343E+00   7.2806770E-01
   1.8691415E-01   9.7855953E-03   7.2948823E+00   7.2511685E-01
   1.9073090E-01   1.6227929E-02   7.3625307E+00   7.3220313E-01
   1.9432312E-01   1.2589649E-02   7.4242940E+00   7.2832596E-01
   1.9702727E-01   1.6171779E-02   7.4758215E+00   7.2566807E-01
   2.0000857E-01   2.0802671E-02   7.5316353E+00   7.2382635E-01
   2.0358142E-01   1.1700348E-02   7.6247568E+00   7.2001344E-01
   2.0668577E-01   2.0138185E-02   7.6719155E+00   7.2170055E-01
   2.1087082E-01   1.4922747E-02   7.7422080E+00   7.2734278E-01
   2.1427666E-01   1.6434889E-02   7.8151145E+00   7.2151792E-01
   2.1664979E-01   1.5375878E-02   7.8581471E+00   7.2152066E-01
   2.2023505E-01   1.6639536E-02   7.9119592E+00   7.1725756E-01
   2.2377583E-01   2.1510124E-02   7.9680133E+00   7.1390551E-01
   2.2737421E-01   1.8787486E-02   8.0345106E+00   7.1248537E-01
   2.3095720E-01   1.9572128E-02   8.0910568E+00   7.1031326E-01
   2.3331526E-01   1.8211288E-02   8.1395445E+00   7.0912653E-01
   2.3679258E-01   1.8313361E-02   8.1735106E+00   7.0912737E-01
   2.4077493E-01   1.8929079E-02   8.2603655E+00   7.1251214E-01
   2.4406768E-01   1.9961497E-02   8.2788382E+00   7.0652300E-01
   2.4727428E-01   2.1330556E-02   8.3366604E+00   7.0484221E-01
   2.5039682E-01   2.1467676E-02   8.3812628E+00   7.1204317E-01
   2.5343978E-01   1.8019037E-02   8.4314184E+00   7.1800441E-01
   2.5738257E-01   1.5469630E-02   8.4640675E+00   7.1779603E-01
   2.6025966E-01   3.0035421E-02   8.5103569E+00   6.9224209E-01
   2.6400432E-01   1.3958364E-02   8.5461140E+00   6.9224882E-01
   2.6766208E-01   2.1711227E-02   8.5816212E+00   6.9269055E-01
   2.7034435E-01   1.4965224E-02   8.6367607E+00   6.8892556E-01
   2.7384764E-01   1.3744309E-02   8.6378336E+00   6.8476516E-01
   2.7727330E-01   2.6466273E-02   8.6640186E+00   6.7973423E-01
   2.8063089E-01   3.0139754E-02   8.6912127E+00   6.6471320E-01
   2.8392932E-01   1.4331034E-02   8.7095051E+00   6.7629403E-01
   2.8717330E-01   3.2914411E-02   8.7623367E+00   6.7791843E-01
   2.9036930E-01   1.8142907E-02   8.7832193E+00   6.6258466E-01
   2.9365310E-01   2.1370523E-02   8.7912369E+00   6.4391130E-01
   2.9751214E-01   1.9077178E-02   8.7733727E+00   6.5714324E-01
   3.0057994E-01   3.1319004E-02   8.7994251E+00   6.5387410E-01
   3.0362502E-01   3.0640114E-02   8.8253565E+00   6.4290226E-01
   3.0740139E-01   3.1951584E-02   8.8420391E+00   6.4283925E-01
   3.1039545E-01   2.6684267E-02   8.8325920E+00   6.4025015E-01
   3.1405133E-01   2.9987747E-02   8.8631067E+00   6.3155568E-01
   3.1760862E-01   1.8289957E-02   8.8341646E+00   6.3314408E-01
   3.2054093E-01   2.4061421E-02   8.8429127E+00   6.3150120E-01
   3.2417783E-01   2.0039242E-02   8.8135805E+00   6.2688029E-01
   3.2702002E-01   1.5639633E-02   8.8206596E+00   6.1810094E-01
   3.3075106E-01   3.3522885E-02   8.7142792E+00   6.2944108E-01
   3.3378980E-01  -5.5156354E-02   8.8171320E+00   6.0840207E-01
   3.3735615E-01   7.6515712E-02   8.8097944E+00   6.1656046E-01
   3.4070125E-01   1.2070970E-02   8.7959766E+00   6.0871661E-01
   3.4445056E-01   1.1072186E-02   8.7512169E+00   6.0688126E-01
   3.4735265E-01   1.2476990E-02   8.6594963E+00   6.0271651E-01
   3.5124743E-01   1.7932171E-02   8.6511955E+00   5.9715647E-01
   3.5424304E-01   2.0279946E-02   8.6428747E+00   5.9548205E-01
   3.5730684E-01   2.4754271E-02   8.6532822E+00   5.9194726E-01
   3.6085105E-01   4.2701703E-02   8.5649719E+00   5.8774704E-01
   3.6443901E-01   3.5736069E-02   8.4975214E+00   5.9220517E-01
   3.6748582E-01   9.9493181E-03   8.5552359E+00   5.8677197E-01
   3.7104133E-01   3.3295330E-02   8.5214796E+00   5.7948422E-01
   3.7423438E-01   2.0983985E-02   8.3292322E+00   5.6576961E-01
   3.7788886E-01   2.2756778E-02   8.2957239E+00   5.7296544E-01
   3.8054985E-01   1.9160809E-02   8.2803926E+00   5.6852669E-01
   3.8462174E-01   2.4314556E-02   8.2316484E+00   5.6289673E-01
   3.8749912E-01   1.3480032E-02   8.3314552E+00   5.9630603E-01
   3.9075422E-01   3.7849367E-02   7.9957280E+00   5.6400245E-01
   3.9394489E-01   3.5772707E-02   7.9163423E+00   5.5508089E-01
   3.9769554E-01   2.1625137E-02   7.9472523E+00   5.4615402E-01
   4.0088052E-01   3.4956787E-02   7.8931036E+00   5.4468977E-01
   4.0471399E-01  -1.4015476E-02   7.7127366E+00   5.4260641E-01
   4.0771541E-01   5.5727016E-02   7.5852637E+00   5.4178911E-01
   4.1071010E-01   4.4120427E-02   7.6166544E+00   5.4145771E-01
   4.1469294E-01   1.8579885E-02   7.5335913E+00   5.3986150E-01
   4.1767362E-01   4.7502834E-02   7.3767443E+00   5.3906673E-01
   4.2064732E-01   1.9061161E-02   7.2766623E+00   5.3674895E-01
   4.2440820E-01   9.0048574E-02   7.2354426E+00   5.3699505E-01
   4.2763335E-01  -1.9946633E-01   7.0275702E+00   4.9983066E-01
   4.3106273E-01   1.8271256E-02   6.9309096E+00   5.3895992E-01
   4.3442422E-01   4.3775715E-02   6.8935499E+00   5.2754301E-01
   4.3763426E-01   5.5849925E-02   6.7734265E+00   5.1698184E-01
   4.4082993E-01   1.0325963E-02   6.6768956E+00   5.1806879E-01
   4.4465110E-01   2.0527650E-02   6.4295473E+00   5.1585364E-01
   4.4749454E-01   3.9416466E-02   6.4238753E+00   5.1148438E-01
   4.5143878E-01   3.8709231E-02   6.3520360E+00   5.0426078E-01
   4.5441839E-01   1.1512671E-02   6.1969023E+00   5.0059909E-01
   4.5769408E-01   4.4321306E-02   6.1065855E+00   4.9905062E-01
   4.6134341E-01   1.9932626E-02   5.8395023E+00   4.9271193E-01
   4.6400064E-01   1.4985572E-02   5.8418007E+00   4.9656737E-01
   4.6805051E-01   7.2482675E-03   5.6829629E+00   4.9016166E-01
   4.7078112E-01   4.4664185E-02   5.5895977E+00   4.8452163E-01
   4.7440663E-01   2.5631279E-02   5.4355407E+00   4.7903448E-01
   4.7742301E-01   2.6182188E-02   5.2957416E+00   4.7881973E-01
   4.8059881E-01   2.6039150E-02   5.2002945E+00   4.7362661E-01
   4.8429126E-01   1.8656418E-02   5.0443926E+00   4.6610698E-01
   4.8764110E-01   2.0091092E-02   4.8433943E+00   4.6229893E-01
   4.9094918E-01   4.7384072E-02   4.8090582E+00   4.6251720E-01
   4.9445012E-01   1.1386328E-02   4.6691499E+00   4.5888641E-01
   4.9800462E-01   4.7518764E-02   4.4421291E+00   4.5105755E-01
   5.0071138E-01   2.8948816E-02   4.3339396E+00   4.4735840E-01
   5.0439239E-01  -1.1083893E-02   4.1989031E+00   4.4420159E-01
   5.0814581E-01   1.4415827E-02   4.0770688E+00   4.4005477E-01
   5.1099783E-01   4.8488327E-03   3.8836842E+00   4.3429020E-01
   5.1484144E-01   8.0622565E-03   3.7110591E+00   4.2956820E-01
   5.1775169E-01   1.5700385E-02   3.6437786E+00   4.2754006E-01
   5.2068412E-01  -1.3725308E-02   3.5454798E+00   4.2341271E-01
   5.2462167E-01   8.7175025E-03   3.3479714E+00   4.1789570E-01
   5.2757847E-01  -2.9758429E-03   3.1160920E+00   4.1487467E-01
   5.3145343E-01   3.1771809E-02   2.9960253E+00   4.1129115E-01
   5.3460723E-01   7.2694141E-03   2.8812230E+00   4.0881822E-01
   5.3783476E-01  -2.9288910E-02   2.7284224E+00   4.0578219E-01
   5.4101366E-01  -2.9321404E-03   2.5708532E+00   4.0181410E-01
   5.4469341E-01  -2.6188480E-02   2.4040427E+00   3.9530170E-01
   5.4823524E-01  -2.5491126E-02   2.2623153E+00   3.9416197E-01
   5.5138272E-01   2.1846922E-02   2.0955658E+00   3.9548483E-01
   5.5479157E-01  -1.9675398E-02   1.9396107E+00   3.9294001E-01
   5.5807954E-01  -1.7785517E-02   1.7788688E+00   3.8684234E-01
   5.6130296E-01   1.3841023E-03   1.6447891E+00   3.8451549E-01
   5.6462663E-01  -5.7813898E-02   1.2511543E+00   3.8476098E-01
   5.6831366E-01  -1.0928204E-02   1.3625720E+00   3.8156828E-01
   5.7086354E-01  -3.1458758E-02   1.3666433E+00   3.8078463E-01
   5.7423657E-01  -1.2726222E-02   9.4693279E-01   3.8107294E-01
   5.7788360E-01  -2.6331250E-02   9.4131178E-01   3.7788984E-01
   5.8107418E-01  -2.1094831E-02   8.3865672E-01   3.7893265E-01
   5.8488691E-01  -3.4640681E-02   3.5312903E-01   3.7430432E-01
   5.8785307E-01  -2.7708050E-03   5.2456903E-01   3.7267917E-01
   5.9092474E-01  -4.4159725E-02   4.2235601E-01   3.7381771E-01
   5.9412497E-01  -2.8600084E-02   1.9272506E-01   3.7421319E-01
   5.9743553E-01  -1.3086986E-02  -3.9888427E-01   3.7452278E-01
   6.0180116E-01  -4.8971213E-02  -6.3978426E-02   3.7361860E-01
   6.0469007E-01  -2.9425850E-02  -1.2991107E-01   3.7370741E-01
   6.0761070E-01  -5.3666960E-02  -5.9114456E-01   3.7211740E-01
   6.1084485E-01  -5.7929676E-02  -8.2142389E-01   3.7546492E-01
   6.1462647E-01  -4.4082519E-02  -7.3936158E-01   3.7273347E-01
   6.1817473E-01  -2.6864504E-02  -8.1346011E-01   3.7408623E-01
   6.2161309E-01  -1.7198578E-02  -1.1145012E+00   3.7609234E-01
   6.2466985E-01  -3.8909499E-02  -1.3356847E+00   3.7695554E-01
   6.2805533E-01  -3.8224541E-02  -1.3834324E+00   3.7853104E-01
   6.3150573E-01  -8.2891487E-02  -1.4657753E+00   3.7653360E-01
   6.3462389E-01  -4.4699110E-02  -1.6045370E+00   3.7796435E-01
   6.3816637E-01  -4.7973558E-02  -1.8147644E+00   3.7934801E-01
   6.4112556E-01  -2.9726082E-02  -1.9570804E+00   3.8142020E-01
   6.4472246E-01  -4.3052569E-02  -1.9963006E+00   3.8536003E-01
   6.4798474E-01  -8.1428334E-02  -2.0593951E+00   3.8332999E-01
   6.5183419E-01  -4.0390346E-02  -2.3903408E+00   3.9023501E-01
   6.5515083E-01  -4.5563061E-02  -2.4612918E+00   3.9041787E-01
   6.5845186E-01  -2.9287921E-02  -2.5486555E+00   3.9209026E-01
   6.6179091E-01  -2.3619441E-02  -2.6526463E+00   3.9438334E-01
   6.6474611E-01  -3.7375636E-02  -2.8140352E+00   3.9315015E-01
   6.6802263E-01  -4.5922179E-02  -2.9295537E+00   3.9713821E-01
   6.7102134E-01  -3.6159899E-02  -3.0207658E+00   4.0058050E-01
   6.7494816E-01  -3.0389275E-02  -3.1368396E+00   4.0229705E-01
   6.7803311E-01  -6.3567266E-02  -3.2879491E+00   4.0522566E-01
   6.8101037E-01  -6.2343138E-03  -3.3856244E+00   4.0443853E-01
   6.8488264E-01  -3.0761765E-02  -3.5453389E+00   4.1066444E-01
   6.8773985E-01  -3.9863467E-02  -3.6203661E+00   4.1226605E-01
   6.9147640E-01  -1.7717751E-02  -3.6988494E+00   4.1504788E-01
   6.9514030E-01  -2.7167697E-02  -3.8635163E+00   4.1887105E-01
   6.9784880E-01  -2.6401406E-02  -3.9621518E+00   4.2450020E-01
   7.0143265E-01  -2.7135987E-02  -4.1311030E+00   4.2725393E-01
   7.0500970E-01  -1.8256417E-02  -4.1801581E+00   4.2818063E-01
   7.0858753E-01  -5.6615379E-03  -4.2439098E+00   4.3188545E-01
   7.1127051E-01  -3.9214862E-04  -4.3939114E+00   4.3045902E-01
   7.1484268E-01  -1.1180043E-02  -4.4989972E+00   4.3816465E-01
   7.1842003E-01  -6.0447170E-03  -4.5813751E+00   4.3269190E-01
   7.2197986E-01  -1.8837985E-02  -4.6755171E+00   4.4762325E-01
   7.2460955E-01  -1.2621608E-02  -4.7189765E+00   4.3778938E-01
   7.2812152E-01  -1.5041152E-02  -4.8098598E+00   4.3922886E-01
   7.3170960E-01  -2.7949026E-02  -4.9274077E+00   4.5337242E-01
   7.3518485E-01  -6.0158889E-03  -5.0151548E+00   4.4697446E-01
   7.3865056E-01  -1.7794125E-02  -5.0895419E+00   4.5132500E-01
   7.4121112E-01  -2.4387773E-02  -5.1513739E+00   4.5400321E-01
   7.4477494E-01   1.8307718E-02  -5.2412357E+00   4.5763952E-01
   7.4858415E-01   5.6718253E-03  -5.3288331E+00   4.6984595E-01
   7.5161690E-01  -7.6298406E-03  -5.4302659E+00   4.7161302E-01
   7.5485605E-01   5.9057889E-03  -5.4903483E+00   4.7335100E-01
   7.5825191E-01   1.0460289E-02  -5.5495543E+00   4.8190847E-01
   7.6193058E-01   1.7020453E-02  -5.6435275E+00   4.8978412E-01
   7.6483744E-01   4.9156672E-05  -5.6840630E+00   4.9099940E-01
   7.6851666E-01   7.6975928E-05  -5.7499471E+00   5.0235963E-01
   7.7134776E-01  -1.0099252E-02  -5.8334603E+00   5.0980026E-01
   7.7533638E-01   2.8308483E-03  -5.8997903E+00   5.1547164E-01
   7.7868599E-01   3.7479885E-02  -5.9713349E+00   5.1990229E-01
   7.8127325E-01  -7.3368172E-03  -6.0305729E+00   5.2874267E-01
   7.8499234E-01   9.9863531E-03  -6.0869923E+00   5.3140569E-01
   7.8859735E-01   1.4388389E-02  -6.1474099E+00   5.4008847E-01
   7.9139704E-01  -2.8992528E-03  -6.1907482E+00   5.4002541E-01
   7.9529274E-01  -1.2652868E-02  -6.2950597E+00   5.5090648E-01
   7.9863125E-01   2.5826417E-02  -6.3150949E+00   5.5142486E-01
   8.0178940E-01   9.3577635E-03  -6.3114285E+00   5.5531627E-01
   8.0481696E-01   1.2348957E-02  -6.4475951E+00   5.6328553E-01
   8.0860519E-01   1.0787007E-02  -6.4756031E+00   5.6144971E-01
   8.1166273E-01   3.2472070E-02  -6.5437331E+00   5.7680529E-01
   8.1487471E-01   1.7233869E-02  -6.5957060E+00   5.7925367E-01
   8.1836331E-01   1.3370032E-02  -6.5891981E+00   5.7540578E-01
   8.2142830E-01   5.0719357E-03  -6.7292771E+00   5.8893651E-01
   8.2471740E-01   2.9188641E-03  -6.7786264E+00   5.8705211E-01
   8.2858533E-01   6.5793060E-03  -6.8117371E+00   5.9519899E-01
   8.3208817E-01   1.8683804E-02  -6.8525357E+00   5.9838742E-01
   8.3482969E-01   9.5763868E-03  -6.8614926E+00   6.0193753E-01
   8.3851331E-01   1.7170917E-02  -6.9458127E+00   6.0811168E-01
   8.4202790E-01   9.5401093E-04  -6.9815001E+00   6.0937279E-01
   8.4557885E-01   1.9183084E-02  -6.9843936E+00   6.1129189E-01
   8.4824365E-01   1.1126322E-02  -7.0350642E+00   6.1768967E-01
   8.5177547E-01  -9.6583990E-03  -7.1100955E+00   6.1917794E-01
   8.5527354E-01  -3.6356522E-04  -7.1192565E+00   6.2092662E-01
   8.5875684E-01   1.6741076E-02  -7.1710792E+00   6.2003326E-01
   8.6227566E-01   1.8245688E-02  -7.2139101E+00   6.2405699E-01
   8.6496425E-01   4.6796585E-03  -7.2163796E+00   6.2446582E-01
   8.6864281E-01   1.0024443E-02  -7.2839203E+00   6.2618357E-01
   8.7148809E-01  -1.5309311E-02  -7.3194847E+00   6.3162202E-01
   8.7543678E-01  -7.5847898E-03  -7.3480158E+00   6.2753427E-01
   8.7823981E-01   9.6784653E-03  -7.3511968E+00   6.3309318E-01
   8.8192159E-01   3.1149061E-02  -7.3841991E+00   6.3308686E-01
   8.8572979E-01   1.5017218E-02  -7.4697423E+00   6.3829529E-01
   8.8868803E-01   1.2377976E-02  -7.4476810E+00   6.3709265E-01
   8.9166629E-01   2.7256867E-02  -7.4753933E+00   6.4107561E-01
   8.9563680E-01   4.6564010E-03  -7.4982834E+00   6.3990873E-01
   8.9859903E-01   1.9579101E-02  -7.5103979E+00   6.4352995E-01
   9.0170991E-01   5.7987547E-03  -7.5313215E+00   6.4777243E-01
   9.0480518E-01  -6.8366076E-03  -7.5403314E+00   6.4804637E-01
   9.0909326E-01   1.1300669E-02  -7.5700393E+00   6.4875501E-01
   9.1236556E-01   1.6264977E-02  -7.6206775E+00   6.5129691E-01
   9.1571295E-01   2.4937350E-02  -7.6257596E+00   6.5426874E-01
   9.1899961E-01   3.5862674E-03  -7.6403966E+00   6.5617502E-01
   9.2200559E-01   3.4917446E-03  -7.6411319E+00   6.5358400E-01
   9.2494947E-01   1.1128415E-02  -7.6610675E+00   6.5832388E-01
   9.2879075E-01   6.6463524E-03  -7.6508365E+00   6.5852708E-01
   9.3159699E-01   1.4086705E-02  -7.6748657E+00   6.6104072E-01
   9.3578649E-01   1.0626992E-02  -7.6418266E+00   6.5786016E-01
   9.3912452E-01  -2.1557203E-02  -7.6689529E+00   6.5679306E-01
   9.4250530E-01   6.2261038E-03  -7.6608315E+00   6.5880579E-01
   9.4573617E-01   2.0084029E-02  -7.6759925E+00   6.7083293E-01
   9.4922024E-01   6.6045672E-03  -7.6757050E+00   6.6027516E-01
   9.5262748E-01   2.3182083E-02  -7.6780329E+00   6.6106015E-01
   9.5592266E-01   2.9158308E-03  -7.7001004E+00   6.6432863E-01
   9.5925063E-01   2.0587420E-02  -7.6871295E+00   6.6402596E-01
   9.6230364E-01  -8.0572469E-03  -7.6588578E+00   6.6388208E-01
   9.6537876E-01   8.5767424E-03  -7.6774268E+00   6.6511858E-01
   9.6909672E-01   1.8521262E-02  -7.6808891E+00   6.6566557E-01
   9.7235268E-01   8.2032353E-04  -7.6620479E+00   6.7103177E-01
   9.7548521E-01   1.8883903E-02  -7.6676574E+00   6.7535514E-01
   9.7875196E-01   1.9107915E-02  -7.6575999E+00   6.7707825E-01
   9.8257381E-01   2.5439337E-03  -7.6138926E+00   6.8514317E-01
   9.8548836E-01   2.2351628E-03  -7.6082358E+00   6.8924946E-01
   9.8843592E-01  -1.0950302E-03  -7.5773034E+00   6.8724561E-01
   9.9231869E-01   4.0437672E-02  -7.5572581E+00   6.8966162E-01
   9.9516839E-01   1.2313766E-02  -7.5767884E+00   6.9209987E-01
   9.9888355E-01   5.1172129E-03  -7.5413227E+00   6.9343692E-01
   1.0025234E+00   2.5760822E-02  -7.5223370E+00   6.9484836E-01
   1.0055243E+00   2.7500717E-02  -7.4902534E+00   7.0001572E-01
   1.0089079E+00   9.2815263E-03  -7.4510207E+00   7.0147765E-01
   1.0120939E+00   2.0472653E-02  -7.4445815E+00   7.0463479E-01
   1.0154201E+00   2.1416971E-02  -7.4418993E+00   7.0532471E-01
   1.0187805E+00   1.9178610E-02  -7.3865213E+00   7.0855397E-01
   1.0221142E+00   1.0218059E-02  -7.4004178E+00   7.1013033E-01
   1.0252939E+00   2.3146339E-04  -7.3400359E+00   7.1111202E-01
   1.0285797E+00   1.1431905E-02  -7.3392439E+00   7.1176624E-01
   1.0318440E+00   2.5779350E-02  -7.2646365E+00   7.1248513E-01
   1.0350885E+00   1.1322537E-02  -7.2549376E+00   7.1463728E-01
   1.0393924E+00   2.3015408E-02  -7.2175565E+00   7.1729648E-01
   1.0426171E+00   2.0533549E-03  -7.1904225E+00   7.1803260E-01
   1.0458493E+00   2.1085581E-02  -7.1897459E+00   7.1860182E-01
   1.0490940E+00   1.6612280E-02  -7.1343102E+00   7.2079754E-01
   1.0523530E+00   1.5860733E-02  -7.1031752E+00   7.2186279E-01
   1.0555302E+00   1.9491835E-02  -7.0653648E+00   7.2419411E-01
   1.0587521E+00   1.3915200E-02  -7.0379667E+00   7.2439939E-01
   1.0619829E+00   1.7401095E-02  -7.0144258E+00   7.2196698E-01
   1.0661062E+00   1.8862240E-02  -7.0028110E+00   7.2605067E-01
   1.0691406E+00   8.0948640E-03  -6.9010749E+00   7.2600120E-01
   1.0726321E+00   2.4906851E-02  -6.9055891E+00   7.2761428E-01
   1.0751071E+00  -3.1891558E-03  -6.8477378E+00   7.2678638E-01
   1.0791844E+00   1.9775219E-02  -6.8107233E+00   7.2483146E-01
   1.0821093E+00   2.5036016E-02  -6.7583313E+00   7.2354698E-01
   1.0854955E+00   1.9719288E-02  -6.7375998E+00   7.2693008E-01
   1.0893257E+00   1.0171748E-02  -6.7263145E+00   7.2854233E-01
   1.0919149E+00   2.2287974E-02  -6.7071304E+00   7.2751635E-01
   1.0952148E+00   1.0623027E-02  -6.6410041E+00   7.2624928E-01
   1.0986130E+00   1.4488860E-02  -6.5969281E+00   7.2606951E-01
   1.1022779E+00   1.1732987E-02  -6.5512300E+00   7.2891551E-01
   1.1054368E+00   2.6730055E-02  -6.4553952E+00   7.2913706E-01
   1.1094872E+00   1.0522541E-02  -6.4638467E+00   7.2902966E-01
   1.1130469E+00   1.1207473E-02  -6.4230480E+00   7.3056960E-01
   1.1156418E+00   1.3897804E-02  -6.3742585E+00   7.3127806E-01
   1.1195073E+00   3.8205727E-03  -6.3841252E+00   7.3053700E-01
   1.1220695E+00   1.4185249E-02  -6.2634530E+00   7.3125261E-01
   1.1258512E+00   1.5912905E-02  -6.2255282E+00   7.2937310E-01
   1.1295296E+00   1.1938996E-02  -6.2112737E+00   7.2978699E-01
   1.1327654E+00  -1.2462182E-02  -6.1782327E+00   7.3339862E-01
   1.1359463E+00   1.4734671E-02  -6.1064577E+00   7.3325574E-01
   1.1396205E+00   7.6158266E-03  -6.0672703E+00   7.3478067E-01
   1.1421198E+00   1.2014821E-02  -6.0327997E+00   7.3685747E-01
   1.1457767E+00   2.4441376E-03  -5.9561381E+00   7.3543119E-01
   1.1490377E+00   2.8297338E-03  -5.9172764E+00   7.3516399E-01
   1.1525580E+00   4.6793194E-03  -5.9234462E+00   7.3449171E-01
   1.1562047E+00   2.6393099E-02  -5.8304486E+00   7.4053013E-01
   1.1594721E+00  -7.4831545E-03  -5.8167872E+00   7.3840231E-01
   1.1621301E+00   1.6263140E-02  -5.7394061E+00   7.4246478E-01
   1.1655215E+00   1.6956426E-02  -5.6676717E+00   7.4227148E-01
   1.1692243E+00   8.1185764E-03  -5.6301394E+00   7.4346894E-01
   1.1723903E+00   1.2231803E-02  -5.6333699E+00   7.4383891E-01
   1.1760387E+00   3.0138639E-03  -5.5324812E+00   7.4616951E-01
   1.1798323E+00   3.5924977E-03  -5.3424177E+00   7.4552405E-01
   1.1823604E+00   9.0953466E-03  -5.7566028E+00   7.3971725E-01
   1.1856753E+00   1.4611073E-02  -5.2955222E+00   7.4769300E-01
   1.1898085E+00   4.7564362E-03  -5.4540877E+00   7.4603635E-01
   1.1921574E+00   1.0481545E-02  -5.3986959E+00   7.4908626E-01
   1.1959457E+00   9.3062436E-03  -5.2069011E+00   7.5169498E-01
   1.1997334E+00   8.8021951E-03  -5.1591506E+00   7.5101817E-01
   1.2022585E+00   1.0185240E-02  -5.1647959E+00   7.5150216E-01
   1.2060460E+00   8.8191628E-03  -5.1036611E+00   7.5212157E-01
   1.2098336E+00   1.2566386E-02  -5.0510359E+00   7.5345623E-01
   1.2123587E+00   9.5535591E-03  -5.0005388E+00   7.5080121E-01
   1.2161468E+00   8.6544771E-03  -4.9416022E+00   7.5426131E-01
   1.2199354E+00   1.2155943E-02  -4.8684535E+00   7.5527883E-01
   1.2224612E+00   1.1756054E-02  -4.8435745E+00   7.5315326E-01
   1.2262499E+00   9.9777021E-03  -4.7928224E+00   7.5633383E-01
   1.2287761E+00   1.2425712E-02  -4.7551351E+00   7.5512511E-01
   1.2325652E+00   1.4505791E-02  -4.6947103E+00   7.5818217E-01
   1.2363544E+00   1.9076487E-02  -4.6543660E+00   7.6037931E-01
   1.2388805E+00   2.7176158E-03  -4.5446453E+00   7.6201588E-01
   1.2426710E+00   1.1929886E-02  -4.5165648E+00   7.6265585E-01
   1.2464626E+00   1.1374057E-02  -4.4671783E+00   7.6278192E-01
   1.2489909E+00   9.1215437E-03  -4.4192147E+00   7.6353323E-01
   1.2527844E+00   1.3207818E-02  -4.3490510E+00   7.6297867E-01
   1.2564627E+00   1.7579708E-02  -4.2811813E+00   7.6482266E-01
   1.2588282E+00   1.2257127E-02  -4.2533469E+00   7.6531589E-01
   1.2623365E+00   8.5016107E-03  -4.1657858E+00   7.6559842E-01
   1.2658207E+00   1.0779035E-02  -4.1151886E+00   7.6684237E-01
   1.2694422E+00   2.0247679E-02  -4.0858827E+00   7.6476097E-01
   1.2731602E+00   1.2472652E-02  -4.0033793E+00   7.6902115E-01
   1.2756273E+00   1.0993674E-02  -3.9426451E+00   7.6860642E-01
   1.2793126E+00   1.0719806E-02  -3.8795052E+00   7.7144426E-01
   1.2829827E+00   1.0376748E-02  -3.8014135E+00   7.6772028E-01
   1.2866381E+00   4.9371105E-03  -3.7422440E+00   7.7296829E-01
   1.2890660E+00   1.0487196E-02  -3.7089322E+00   7.7210301E-01
   1.2932895E+00   5.0008730E-03  -3.6753278E+00   7.7193737E-01
   1.2965646E+00   8.7883370E-03  -3.5927954E+00   7.7429253E-01
   1.2989292E+00   5.2511990E-03  -3.5181041E+00   7.7478367E-01
   1.3025316E+00   4.2777201E-03  -3.4770677E+00   7.7462739E-01
   1.3061287E+00   9.3648201E-03  -3.3456826E+00   7.7721876E-01
   1.3097175E+00   6.1110100E-03  -3.3257880E+00   7.7547824E-01
   1.3132653E+00   8.6122230E-03  -3.3091323E+00   7.7546930E-01
   1.3156273E+00   9.1156662E-03  -3.2633555E+00   7.7677709E-01
   1.3190814E+00   6.0952939E-03  -3.1480803E+00   7.7706736E-01
   1.3224269E+00  -1.8982531E-03  -3.0967195E+00   7.7925009E-01
   1.3267434E+00   5.3240815E-03  -3.0220678E+00   7.7852994E-01
   1.3290486E+00   5.5215000E-03  -2.9998250E+00   7.7971148E-01
   1.3326789E+00   7.1338881E-03  -2.9119940E+00   7.7970999E-01
   1.3362521E+00   1.0873429E-02  -2.8004456E+00   7.8134030E-01
   1.3398206E+00   9.8624947E-03  -2.7780163E+00   7.8279865E-01
   1.3428872E+00   2.4385976E-02  -2.9741888E+00   7.8446811E-01
   1.3462232E+00   2.0212918E-03  -2.4822507E+00   7.8563386E-01
   1.3494090E+00   2.6914596E-03  -2.6354659E+00   7.8501147E-01
   1.3525805E+00   1.4209891E-02  -2.5809588E+00   7.8557605E-01
   1.3564357E+00   5.6857583E-03  -2.3450215E+00   7.8389472E-01
   1.3595198E+00   7.5969156E-03  -2.3030460E+00   7.8462815E-01
   1.3625413E+00   8.9032659E-03  -2.2960925E+00   7.8436691E-01
   1.3664787E+00   8.1936782E-03  -2.2668455E+00   7.8505814E-01
   1.3693675E+00   9.0200882E-03  -2.1898346E+00   7.8587866E-01
   1.3731394E+00   3.2550911E-03  -2.0426962E+00   7.8747827E-01
   1.3759116E+00   6.0468679E-03  -2.0039358E+00   7.8717208E-01
   1.3795372E+00   7.7791736E-03  -1.9719226E+00   7.8747100E-01
   1.3830864E+00   1.0504311E-02  -1.8323522E+00   7.8909695E-01
   1.3865641E+00   2.9198451E-03  -1.7653189E+00   7.8935385E-01
   1.3899742E+00   5.1753102E-03  -1.6997219E+00   7.9059243E-01
   1.3933207E+00   3.3654650E-03  -1.6479168E+00   7.9063559E-01
   1.3966069E+00   4.8849704E-03  -1.5620093E+00   7.9073578E-01
   1.3998359E+00   7.3841955E-03  -1.4789064E+00   7.9079032E-01
   1.4030108E+00  -4.4044445E-04  -1.3942723E+00   7.9073846E-01
   1.4061341E+00   1.3286889E-03  -1.3086232E+00   7.9136813E-01
   1.4099694E+00   3.0698364E-03  -1.2405558E+00   7.9183561E-01
   1.4129853E+00   7.1314215E-03  -1.1875439E+00   7.9326564E-01
   1.4166932E+00  -6.8370271E-03  -1.0646868E+00   7.9244876E-01
   1.4196121E+00   2.8985632E-03  -1.0017619E+00   7.9344934E-01
   1.4232043E+00  -4.2723599E-03  -9.1281170E-01   7.9325873E-01
   1.4267368E+00   1.2285594E-02  -8.6384672E-01   7.9446155E-01
   1.4295218E+00  -5.8178464E-03  -7.8134644E-01   7.9456985E-01
   1.4333961E+00  -5.5552032E-03  -6.1686921E-01   7.9565024E-01
   1.4362171E+00  -9.1812266E-03  -6.0655296E-01   7.9577214E-01
   1.4394828E+00   3.1932069E-03  -5.5622339E-01   7.9570043E-01
   1.4429749E+00  -5.8682938E-04  -4.2634758E-01   7.9524559E-01
   1.4463794E+00  -2.1591794E-03  -3.5103080E-01   7.9481977E-01
   1.4494454E+00   1.0010398E-02  -2.9415968E-01   7.9424292E-01
   1.4526329E+00  -3.8933717E-03  -2.2474650E-01   7.9627544E-01
   1.4568886E+00  -2.6005707E-03  -1.1710162E-01   7.9670817E-01
   1.4600803E+00  -3.3151442E-03   1.6824923E-02   7.9734170E-01
   1.4632703E+00  -1.6675252E-02   6.8558641E-02   7.9722822E-01
   1.4664153E+00  -4.6614953E-03   1.1969250E-01   7.9750794E-01
   1.4695010E+00  -8.0668991E-03   2.0606963E-01   7.9801166E-01
   1.4732835E+00  -7.4085295E-03   3.0745286E-01   7.9847944E-01
   1.4762673E+00  -4.1595101E-03   4.0937120E-01   7.9983598E-01
   1.4797471E+00   1.3712691E-03   4.5048067E-01   7.9754639E-01
   1.4837012E+00  -2.5976000E-03   5.6308556E-01   7.9918969E-01
   1.4866960E+00  -6.3969828E-03   6.8688887E-01   7.9923970E-01
   1.4896654E+00  -7.9038730E-03   7.7588856E-01   8.0027354E-01
   1.4935689E+00  -6.0151885E-03   8.1869912E-01   7.9965514E-01
   1.4962931E+00   9.7169345E-03   8.8359141E-01   7.9895270E-01
   1.5002382E+00   2.3706394E-04   1.0207770E+00   7.9967618E-01
   1.5031971E+00  -1.3963058E-02   1.0819769E+00   8.0028850E-01
   1.5061560E+00  -8.0616642E-03   1.1862041E+00   7.9954553E-01
   1.5101002E+00  -1.0484830E-02   1.2743016E+00   8.0047411E-01
   1.5130752E+00  -9.0333531E-03   1.3532765E+00   8.0100948E-01
   1.5167617E+00  -5.6796824E-03   1.4743769E+00   8.0106980E-01
   1.5199822E+00  -1.5814174E-03   1.5157634E+00   8.0099660E-01
   1.5234890E+00  -8.3905710E-03   1.6125669E+00   8.0116975E-01
   1.5263094E+00   7.0006941E-03   1.7042278E+00   8.0047864E-01
   1.5300033E+00  -1.0704910E-03   1.8818262E+00   8.0423594E-01
   1.5336252E+00  -6.5959604E-03   1.9314368E+00   7.9960269E-01
   1.5362968E+00   1.3847863E-03   1.9559741E+00   8.0067182E-01
   1.5398023E+00  -2.5245836E-03   2.0140724E+00   8.0106509E-01
   1.5432447E+00  -1.2609979E-02   2.1168330E+00   8.0239797E-01
   1.5466220E+00  -4.5084422E-03   2.3877351E+00   8.0259722E-01
   1.5499375E+00  -1.2104204E-02   2.3809915E+00   8.0282015E-01
   1.5531943E+00  -5.7523125E-03   2.3693442E+00   8.0130059E-01
   1.5563953E+00  -9.5554860E-03   2.4292569E+00   8.0141371E-01
   1.5599935E+00  -7.7251461E-03   2.6488717E+00   8.0260813E-01
   1.5631654E+00  -5.2632117E-03   2.7106068E+00   8.0226165E-01
   1.5664147E+00  -6.3696583E-03   2.7806342E+00   8.0112135E-01
   1.5695783E+00  -1.6988518E-02   2.9146361E+00   8.0030853E-01
   1.5736976E+00  -4.1819322E-03   3.0174899E+00   8.0198938E-01
   1.5766978E+00   2.0927638E-03   3.0342212E+00   8.0159980E-01
   1.5796727E+00  -1.6852770E-02   3.1106706E+00   8.0174196E-01
   1.5836413E+00  -8.8108201E-03   3.2421174E+00   8.0191958E-01
   1.5866053E+00   2.6703018E-03   3.3551769E+00   8.0193102E-01
   1.5904763E+00  -1.3350157E-02   3.4489579E+00   8.0245984E-01
   1.5933183E+00  -5.5111786E-03   3.4929442E+00   8.0149406E-01
   1.5970317E+00  -1.0882664E-02   3.6311097E+00   8.0053234E-01
   1.5997627E+00  -1.1558456E-02   3.7119868E+00   8.0078810E-01
   1.6033362E+00  -1.4363863E-03   3.7566435E+00   8.0023420E-01
   1.6068366E+00   6.5406491E-03   3.8961353E+00   7.9977262E-01
   1.6102681E+00  -1.7545696E-03   3.9574118E+00   7.9947835E-01
   1.6136348E+00  -1.1838945E-02   4.0669775E+00   7.9775238E-01
   1.6168852E+00  -7.4790032E-03   4.1405520E+00   7.9894483E-01
   1.6201334E+00  -5.7048295E-03   4.2605109E+00   7.9925108E-01
   1.6234400E+00  -1.4610714E-02   4.3322978E+00   7.9902530E-01
   1.6269580E+00  -1.8774327E-02   4.4426060E+00   7.9942983E-01
   1.6300950E+00  -6.6261757E-03   4.5362167E+00   8.0078232E-01
   1.6337873E+00  -9.4852149E-03   4.6196589E+00   8.0219531E-01
   1.6367675E+00  -1.0776315E-02   4.7240462E+00   7.9956096E-01
   1.6404327E+00   3.8262482E-03   4.7937179E+00   8.0048329E-01
   1.6433192E+00  -6.8878285E-03   4.8831487E+00   7.9895949E-01
   1.6468728E+00  -1.1116018E-02   4.9436607E+00   7.9888982E-01
   1.6503685E+00  -1.7961483E-02   5.0873389E+00   8.0184513E-01
   1.6538091E+00  -1.6499402E-03   5.2009230E+00   8.0325300E-01
   1.6571971E+00  -1.3008150E-02   5.2530589E+00   7.9630774E-01
   1.6605349E+00  -6.2956318E-04   5.3245397E+00   7.9772437E-01
   1.6638247E+00  -1.6121397E-02   5.4458051E+00   8.0451733E-01
   1.6670684E+00  -3.5450815E-03   5.5644245E+00   8.0339843E-01
   1.6702679E+00  -4.9760602E-03   5.6327910E+00   8.0517042E-01
   1.6736311E+00   2.9138795E-03   5.6830454E+00   8.0928463E-01
   1.6769474E+00  -1.1197039E-02   5.7510099E+00   8.0815434E-01
   1.6798840E+00   7.1423198E-04   5.8488770E+00   8.0381721E-01
   1.6839145E+00   3.1047687E-03   5.9870863E+00   8.0787051E-01
   1.6868898E+00   4.8903977E-03   6.0218630E+00   8.0842620E-01
   1.6907932E+00   1.1361555E-02   6.1289120E+00   8.1092751E-01
   1.6936822E+00  -1.0231335E-02   6.2216053E+00   8.1565255E-01
   1.6974809E+00   7.1835559E-04   6.3601513E+00   8.1996787E-01
   1.7007837E+00   7.8744730E-03   6.4106565E+00   8.0730790E-01
   1.7035389E+00  -5.0539491E-03   6.4776859E+00   8.1719935E-01
   1.7070118E+00   6.0433075E-03   6.6770678E+00   8.2086313E-01
   1.7104572E+00  -3.2814133E-03   6.6244750E+00   8.2295865E-01
   1.7140832E+00   3.2030093E-03   6.7673559E+00   8.2136333E-01
   1.7171624E+00   2.6797666E-03   6.8365412E+00   8.1362963E-01
   1.7204983E+00  -8.7550841E-03   6.9327769E+00   8.0214173E-01
   1.7237747E+00  -4.3627322E-03   7.0241261E+00   8.3430052E-01
   1.7269944E+00   7.1446788E-03   7.0822453E+00   8.1151956E-01
   1.7301602E+00  -3.4708020E-03   7.1659603E+00   8.1598890E-01
   1.7340461E+00  -1.3508175E-02   7.2555795E+00   8.2729447E-01
   1.7371004E+00   1.0923633E-02   7.3814573E+00   8.1574845E-01
   1.7401086E+00   1.8633412E-02   7.4314060E+00   8.1893241E-01
   1.7438072E+00  -1.1209959E-02   7.5158205E+00   8.3066487E-01
   1.7474408E+00  -3.2364633E-03   7.6084781E+00   8.1774342E-01
   1.7503031E+00   1.0716039E-03   7.7029109E+00   8.2463127E-01
   1.7538278E+00  -5.9306170E-03   7.7936215E+00   8.2474911E-01
   1.7572960E+00  -7.5747920E-03   7.8690605E+00   8.2975429E-01
   1.7607104E+00   1.5863197E-02   7.9423866E+00   8.1525970E-01
   1.7640733E+00   3.9962409E-03   8.0242033E+00   8.1536382E-01
   1.7673872E+00   1.7265137E-02   8.1115246E+00   8.1064343E-01
   1.7706540E+00   1.2023304E-02   8.2108870E+00   8.1905973E-01
   1.7738757E+00  -5.9439158E-03   8.2670984E+00   7.9923517E-01
   1.7770542E+00   1.1402988E-02   8.3351240E+00   8.1079644E-01
   1.7808136E+00  -3.9786296E-03   8.4269657E+00   8.1117505E-01
   1.7839026E+00   1.2891543E-02   8.4990597E+00   8.1095636E-01
   1.7869536E+00   8.7128785E-03   8.5684967E+00   8.0947006E-01
   1.7906622E+00   5.5109486E-03   8.6488991E+00   8.0902880E-01
   1.7936627E+00   1.4070578E-02   8.6987267E+00   8.0903864E-01
   1.7971207E+00   6.9280742E-03   8.7539816E+00   8.0453628E-01
   1.8010005E+00   3.7770990E-02   8.9061871E+00   7.9687953E-01
   1.8039765E+00  -1.9026045E-02   8.8912239E+00   8.0116659E-01
   1.8070599E+00   2.5928207E-02   8.9918575E+00   7.9246175E-01
   1.8110739E+00   8.0106538E-03   9.0540838E+00   7.9830319E-01
   1.8141073E+00  -1.8893342E-02   9.1242466E+00   7.9566133E-01
   1.8169190E+00   6.2104301E-03   9.2148199E+00   7.9298353E-01
   1.8201245E+00   1.4268207E-02   9.2408609E+00   7.9519546E-01
   1.8243425E+00   1.5083374E-02   9.3639412E+00   7.9706907E-01
   1.8275204E+00   1.0271590E-02   9.4029493E+00   7.9148662E-01
   1.8306559E+00   1.9383209E-02   9.4676123E+00   7.9386008E-01
   1.8337139E+00   3.0298516E-02   9.5078640E+00   7.9019594E-01
   1.8377945E+00   1.9948928E-02   9.6159811E+00   7.9304409E-01
   1.8407451E+00   1.2045640E-02   9.6191664E+00   7.7798140E-01
   1.8436179E+00   2.9166229E-02   9.7133055E+00   8.0503511E-01
   1.8473277E+00   1.3936596E-02   9.7808266E+00   7.8773695E-01
   1.8509074E+00   3.4821771E-02   9.8481169E+00   7.8548002E-01
   1.8543227E+00   3.5753094E-03   9.8993025E+00   7.8245884E-01
   1.8570963E+00   2.8748494E-02   9.9582100E+00   7.8201634E-01
   1.8605204E+00   3.8095850E-02   9.9663734E+00   7.8136283E-01
   1.8639861E+00   3.2069448E-02   1.0084053E+01   7.7668083E-01
   1.8675108E+00   1.4359435E-02   1.0127496E+01   7.7744335E-01
   1.8705332E+00   2.2136273E-02   1.0192159E+01   7.7855545E-01
   1.8743579E+00   2.9993050E-02   1.0242439E+01   7.7573425E-01
   1.8772595E+00   4.3062225E-04   1.0300619E+01   7.7034050E-01
   1.8810707E+00   2.4504978E-02   1.0339626E+01   7.6200300E-01
   1.8839051E+00   3.5710335E-02   1.0390662E+01   7.6881522E-01
   1.8876301E+00   4.2672154E-02   1.0448359E+01   7.6158011E-01
   1.8903871E+00   3.6187265E-02   1.0493401E+01   7.5863135E-01
   1.8940179E+00   2.9719064E-02   1.0553884E+01   7.6112401E-01
   1.8975966E+00   2.9339163E-02   1.0571171E+01   7.5641823E-01
   1.9011184E+00   3.2926250E-02   1.0622688E+01   7.6086938E-01
   1.9037168E+00   2.5252728E-02   1.0644457E+01   7.5526011E-01
   1.9071274E+00   3.0286511E-02   1.0695915E+01   7.4327588E-01
   1.9104698E+00   2.6924063E-02   1.0727389E+01   7.6509082E-01
   1.9143556E+00   3.8741659E-02   1.0789616E+01   7.5476968E-01
   1.9175265E+00   1.8477399E-02   1.0834173E+01   7.6306576E-01
   1.9207754E+00   3.6804266E-02   1.0806711E+01   7.5356388E-01
   1.9239877E+00   6.0662113E-02   1.0847861E+01   7.3523152E-01
   1.9272116E+00   1.3257824E-03   1.0883698E+01   7.5792915E-01
   1.9311582E+00   2.7334174E-02   1.0936772E+01   7.4619794E-01
   1.9342412E+00   4.6031069E-02   1.0946634E+01   7.5250065E-01
   1.9372957E+00   1.3323412E-02   1.0928036E+01   7.2732800E-01
   1.9410881E+00   1.5751960E-02   1.0967418E+01   7.3866975E-01
   1.9441122E+00   2.2906372E-02   1.1011857E+01   7.4536318E-01
   1.9478850E+00   3.4914333E-02   1.1041053E+01   7.3389572E-01
   1.9508897E+00   2.8213484E-02   1.1034655E+01   7.3122180E-01
   1.9546145E+00   3.3812858E-02   1.1026665E+01   7.2742319E-01
   1.9575897E+00   3.3035390E-02   1.1025545E+01   7.2590512E-01
   1.9605626E+00   2.8390026E-02   1.1062828E+01   7.2985739E-01
   1.9642761E+00   2.7670261E-02   1.1061087E+01   7.2204733E-01
   1.9672512E+00   2.1046614E-02   1.1058785E+01   7.1477264E-01
   1.9709723E+00   4.1615386E-02   1.1019962E+01   7.0743787E-01
   1.9739399E+00   3.0332625E-02   1.1081002E+01   7.2371250E-01
   1.9776683E+00   2.8183736E-02   1.1058722E+01   7.2677004E-01
   1.9806679E+00   4.4675812E-02   1.1009773E+01   6.7789298E-01
   1.9844366E+00  -8.1077255E-03   1.1008253E+01   6.9166124E-01
   1.9874413E+00   5.0614376E-02   1.1014783E+01   6.8698072E-01
   1.9908035E+00   6.8299688E-02   1.0994038E+01   6.8113554E-01
   1.9939997E+00  -1.3966826E-02   1.0950571E+01   6.9211334E-01
   1.9978833E+00   8.1790879E-02   1.0876479E+01   6.8059826E-01
   2.0010593E+00  -1.5443466E-02   1.0888425E+01   6.6866875E-01
   2.0045257E+00   1.7073832E-02   1.0883233E+01   6.6332203E-01
   2.0074971E+00   4.4881184E-02   1.0809541E+01   6.6153467E-01
   2.0109282E+00   7.9774708E-03   1.0758319E+01   6.6450393E-01
   2.0143650E+00   2.7330721E-02   1.0744925E+01   6.5731603E-01
   2.0177748E+00   1.1873860E-02   1.0701530E+01   6.4549845E-01
   2.0211630E+00   1.7636374E-02   1.0646530E+01   6.4486790E-01
   2.0245292E+00  -9.6664866E-03   1.0603676E+01   6.4263731E-01
   2.0278764E+00   1.6710045E-02   1.0553371E+01   6.3721424E-01
   2.0312052E+00   1.4575137E-02   1.0466576E+01   6.3338995E-01
   2.0345180E+00   1.4151322E-02   1.0433102E+01   6.2892866E-01
   2.0378149E+00   2.4739420E-02   1.0374458E+01   6.2392354E-01
   2.0410984E+00   1.9540828E-02   1.0235026E+01   6.1961544E-01
   2.0443695E+00  -8.1553450E-03   1.0214880E+01   6.1659431E-01
   2.0476274E+00   2.2121605E-02   1.0145823E+01   6.0985970E-01
   2.0508761E+00   1.9127520E-02   1.0058088E+01   6.0358334E-01
   2.0541143E+00   2.5730811E-02   9.9829397E+00   5.9963369E-01
   2.0581510E+00   3.2027878E-02   9.8392754E+00   5.9617531E-01
   2.0613718E+00   1.3685903E-02   9.7575626E+00   5.9138590E-01
   2.0645854E+00   3.3794750E-02   9.7430334E+00   5.8940029E-01
   2.0677934E+00   3.1803411E-02   9.6599426E+00   5.8495808E-01
   2.0709975E+00   4.8224879E-03   9.4386148E+00   5.7425797E-01
   2.0741961E+00   2.8628584E-02   9.3784332E+00   5.7433093E-01
   2.0781896E+00   1.7677039E-02   9.3175678E+00   5.6892008E-01
   2.0813425E+00   1.5622996E-02   9.2483654E+00   5.6635833E-01
   2.0845311E+00   2.1408357E-02   9.1569290E+00   5.6261718E-01
   2.0877194E+00   6.3568321E-03   8.9184914E+00   5.5604249E-01
   2.0910597E+00   2.5312515E-02   8.8824768E+00   5.5602795E-01
   2.0944812E+00   3.5520501E-02   8.7828617E+00   5.5426520E-01
   2.0976653E+00  -1.4476437E-02   8.6639395E+00   5.4682308E-01
   2.1015244E+00   1.9297799E-02   8.4390621E+00   5.4407358E-01
   2.1042793E+00   1.6276443E-02   8.3448458E+00   5.2887923E-01
   2.1077828E+00   6.6156820E-03   8.2822256E+00   5.2984464E-01
   2.1115520E+00   1.2785015E-03   8.2017794E+00   5.3150833E-01
   2.1143181E+00   1.0524066E-02   8.0313272E+00   5.2565867E-01
   2.1176279E+00   3.8403936E-02   7.8338556E+00   5.1747185E-01
   2.1213837E+00   1.4365422E-02   7.7239943E+00   5.1323646E-01
   2.1245892E+00   2.4989240E-02   7.5957046E+00   5.1726407E-01
   2.1277785E+00   8.0364579E-03   7.4285893E+00   5.0572479E-01
   2.1314967E+00   5.9545349E-02   7.3076572E+00   5.1720923E-01
   2.1346426E+00   1.6492125E-02   7.0845003E+00   4.9741405E-01
   2.1377742E+00   3.5848317E-03   7.0235224E+00   4.9963784E-01
   2.1412115E+00   1.0896406E-02   6.9224281E+00   4.9299422E-01
   2.1445744E+00   2.9712375E-02   6.6361442E+00   4.8006734E-01
   2.1480668E+00   6.1161231E-02   6.5605140E+00   4.8381108E-01
   2.1514161E+00   5.2652536E-03   6.4478369E+00   4.8485261E-01
   2.1547503E+00   4.6611801E-02   6.2704058E+00   4.7815412E-01
   2.1584916E+00  -6.8459827E-03   5.9765067E+00   4.7286376E-01
   2.1615720E+00   4.3855522E-02   5.8901300E+00   4.6578333E-01
   2.1651015E+00  -2.6050558E-02   5.7196722E+00   4.6038008E-01
   2.1676717E+00   8.5075917E-03   5.6371284E+00   4.6298191E-01
   2.1716754E+00   5.7762213E-02   5.4161363E+00   4.5413688E-01
   2.1748216E+00  -1.0804202E-02   5.2236929E+00   4.4929346E-01
   2.1779850E+00   5.0649457E-03   5.0529261E+00   4.4553262E-01
   2.1811643E+00   1.2149408E-02   4.9525867E+00   4.4315875E-01
   2.1843493E+00   2.5097001E-02   4.8140497E+00   4.4009191E-01
   2.1883528E+00  -1.9903569E-02   4.5719142E+00   4.3300802E-01
   2.1914067E+00   7.2834250E-03   4.3807111E+00   4.2858067E-01
   2.1945477E+00   5.4140817E-03   4.2655215E+00   4.2510948E-01
   2.1978254E+00   1.3411836E-03   4.1078520E+00   4.2610374E-01
   2.2011261E+00  -2.4773902E-03   3.8839474E+00   4.2243773E-01
   2.2044497E+00  -3.6521824E-03   3.7428157E+00   4.1921210E-01
   2.2077978E+00  -5.1621655E-03   3.6170430E+00   4.1548851E-01
   2.2111351E+00  -1.8846154E-02   3.3073671E+00   4.1215748E-01
   2.2145352E+00  -6.7320099E-04   3.1530368E+00   4.0962514E-01
   2.2178435E+00  -6.1126836E-03   3.0550265E+00   4.0342379E-01
   2.2210824E+00  -6.1508673E-03   2.9524510E+00   4.0076104E-01
   2.2252166E+00  -3.2336202E-02   2.6067050E+00   3.9801610E-01
   2.2279320E+00  -1.3895860E-02   2.4290874E+00   3.9547437E-01
   2.2312698E+00  -6.5947087E-03   2.3214872E+00   3.9318344E-01
   2.2345731E+00  -1.6574698E-02   2.1571312E+00   3.9337745E-01
   2.2381325E+00  -9.7108437E-03   1.9687089E+00   3.9014539E-01
   2.2411466E+00   2.5337918E-03   1.7148323E+00   3.8820893E-01
   2.2453043E+00  -1.5081069E-02   1.5699220E+00   3.8503039E-01
   2.2486296E+00   1.3097811E-03   1.3686426E+00   3.8290972E-01
   2.2518992E+00   1.5662769E-02   1.2404121E+00   3.8029656E-01
   2.2547519E+00  -1.8900219E-02   1.0703447E+00   3.7920430E-01
   2.2582715E+00   2.6444651E-02   9.7016865E-01   3.7984338E-01
   2.2615454E+00  -1.4270391E-02   7.2304296E-01   3.7767375E-01
   2.2652805E+00  -4.4254821E-02   4.9122715E-01   3.7858918E-01
   2.2684085E+00   1.1418263E-03   4.0189147E-01   3.7910759E-01
   2.2717073E+00  -5.7940213E-03   2.5674352E-01   3.7847620E-01
   2.2749522E+00  -1.1770367E-02   2.7889000E-02   3.7866259E-01
   2.2780089E+00  -5.7081035E-03  -8.1110306E-02   3.8116908E-01
   2.2812684E+00  -2.5773538E-02  -2.3585930E-01   3.7692460E-01
   2.2845194E+00  -8.2132565E-03  -3.3628157E-01   3.7727720E-01
   2.2884808E+00  -1.5706860E-03  -5.4944396E-01   3.7176800E-01
   2.2918921E+00  -6.1396863E-03  -7.8453237E-01   3.7697417E-01
   2.2949250E+00  -1.5271383E-02  -9.2169106E-01   3.7812686E-01
   2.2981682E+00  -1.9826071E-02  -1.0133414E+00   3.7850192E-01
   2.3013644E+00  -3.0899810E-02  -1.1112509E+00   3.7906313E-01
   2.3045976E+00  -5.5467837E-02  -1.3080493E+00   3.7909919E-01
   2.3088968E+00   3.2689979E-03  -1.5448494E+00   3.8372552E-01
   2.3121624E+00  -1.5494672E-02  -1.6181082E+00   3.7868664E-01
   2.3150494E+00   2.7293419E-02  -1.7734807E+00   3.8528576E-01
   2.3180950E+00  -2.9583227E-02  -1.8774251E+00   3.8734391E-01
   2.3217990E+00  -1.5612890E-02  -2.0710638E+00   3.8678133E-01
   2.3249776E+00  -1.5134104E-02  -2.1871922E+00   3.8859341E-01
   2.3286016E+00   5.0981320E-03  -2.3561220E+00   3.9368325E-01
   2.3314190E+00  -2.1483829E-02  -2.4535913E+00   3.9391920E-01
   2.3348675E+00  -2.5212912E-02  -2.5181921E+00   3.9457029E-01
   2.3383527E+00  -2.9760400E-02  -2.7222824E+00   3.9865491E-01
   2.3418565E+00  -2.6275877E-02  -2.9035552E+00   3.9796862E-01
   2.3454163E+00  -2.2988347E-02  -2.9961042E+00   4.0537706E-01
   2.3483517E+00  -3.7277501E-02  -3.0640087E+00   4.0643924E-01
   2.3514409E+00   1.0353113E-02  -3.2527030E+00   4.1041797E-01
   2.3554261E+00  -2.8370034E-02  -3.3350286E+00   4.1095784E-01
   2.3588996E+00  -3.9274752E-02  -3.4513361E+00   4.1023910E-01
   2.3615127E+00  -2.3570551E-02  -3.5499146E+00   4.1625315E-01
   2.3649535E+00  -2.3186523E-02  -3.6244655E+00   4.1058150E-01
   2.3685277E+00  -2.8157676E-02  -3.7434886E+00   4.1720772E-01
   2.3721004E+00  -6.2618121E-03  -3.8669767E+00   4.1215593E-01
   2.3747344E+00  -2.4697177E-02  -3.9346666E+00   4.1555747E-01
   2.3780990E+00   8.9288381E-04  -4.0499907E+00   4.1500214E-01
   2.3815310E+00  -5.1338509E-02  -4.1503873E+00   4.2571890E-01
   2.3855765E+00  -3.9693527E-02  -4.2565889E+00   4.2624733E-01
   2.3883145E+00  -1.4531660E-02  -4.3191781E+00   4.3408111E-01
   2.3921962E+00  -1.0248425E-02  -4.4478736E+00   4.3526414E-01
   2.3951015E+00  -2.9120086E-02  -4.4876742E+00   4.3825582E-01
   2.3981576E+00  -1.0296736E-02  -4.6195827E+00   4.4648391E-01
   2.4022858E+00  -3.6422755E-03  -4.7115536E+00   4.5190996E-01
   2.4052689E+00  -1.5630160E-02  -4.7454572E+00   4.5687288E-01
   2.4087822E+00  -1.7994532E-02  -4.8126431E+00   4.6533927E-01
   2.4119389E+00  -3.9591968E-02  -4.9254966E+00   4.7601286E-01
   2.4153221E+00  -2.2006184E-03  -4.9887567E+00   4.7977421E-01
   2.4187558E+00  -6.5035932E-03  -5.0185943E+00   4.8294270E-01
   2.4217846E+00   1.6396781E-02  -5.1246662E+00   4.9329782E-01
   2.4256561E+00  -1.5080331E-02  -5.2222714E+00   4.9607918E-01
   2.4288704E+00  -1.9224595E-02  -5.2618303E+00   5.0393611E-01
   2.4316764E+00   2.4389951E-02  -5.2741389E+00   5.0409609E-01
   2.4355860E+00   9.8504201E-03  -5.4402447E+00   5.1201737E-01
   2.4383149E+00  -1.5712773E-02  -5.4859457E+00   5.1456082E-01
   2.4418569E+00   1.0305826E-03  -5.4938602E+00   5.1796520E-01
   2.4449115E+00   7.0372042E-03  -5.5491471E+00   5.2527595E-01
   2.4489436E+00  -5.0123148E-02  -5.5957909E+00   5.2719361E-01
   2.4517674E+00   3.1997378E-03  -5.6828074E+00   5.3233194E-01
   2.4557662E+00   1.5376341E-02  -5.7301321E+00   5.3710651E-01
   2.4587615E+00  -3.5161152E-03  -5.8070560E+00   5.3774613E-01
   2.4616935E+00   6.6509475E-03  -5.8664250E+00   5.4287881E-01
   2.4650843E+00  -1.5341814E-03  -5.9198847E+00   5.4393250E-01
   2.4683127E+00   5.4739278E-02  -5.9136257E+00   5.5075246E-01
   2.4717624E+00   3.0721681E-02  -6.0139289E+00   5.5844015E-01
   2.4750316E+00   3.9998319E-02  -6.0492730E+00   5.5826318E-01
   2.4786873E+00   3.3415034E-02  -6.0639429E+00   5.6340015E-01
   2.4817734E+00  -3.1969233E-03  -6.1135530E+00   5.6430638E-01
   2.4855521E+00  -2.4505872E-02  -6.0909843E+00   5.6725395E-01
   2.4890327E+00  -2.2293297E-04  -6.1695065E+00   5.7120955E-01
   2.4917579E+00   6.9291526E-03  -6.2206750E+00   5.7598996E-01
   2.4953649E+00   4.8007364E-03  -6.2646813E+00   5.7652479E-01
   2.4990261E+00   2.0640405E-02  -6.3136649E+00   5.8180469E-01
   2.5018418E+00   9.7341817E-03  -6.2600951E+00   5.8079898E-01
   2.5055919E+00   2.0990241E-02  -6.3260164E+00   5.8296931E-01
   2.5083663E+00   2.6649294E-02  -6.3904414E+00   5.8716017E-01
   2.5120993E+00   1.1440718E-02  -6.4183359E+00   5.8794975E-01
   2.5151293E+00   4.4501172E-03  -6.4124703E+00   5.9597880E-01
   2.5188191E+00  -8.0575887E-04  -6.4883442E+00   5.8982587E-01
   2.5223966E+00   2.6205698E-02  -6.4823418E+00   6.0250300E-01
   2.5251439E+00   4.6943747E-03  -6.4918985E+00   6.0625929E-01
   2.5289397E+00  -6.4571784E-03  -6.5612259E+00   6.1371201E-01
   2.5320055E+00   3.9991144E-02  -6.5990000E+00   6.1282337E-01
   2.5350819E+00   7.9629291E-03  -6.5997720E+00   6.2488782E-01
   2.5391333E+00   5.9065334E-03  -6.6440616E+00   6.2764090E-01
   2.5424612E+00   1.6263206E-03  -6.6475382E+00   6.3099533E-01
   2.5454469E+00   2.8576516E-02  -6.6719494E+00   6.2533349E-01
   2.5486465E+00   1.9717982E-02  -6.7149987E+00   6.3735956E-01
   2.5522802E+00   1.8137084E-02  -6.6588907E+00   6.3636631E-01
   2.5557394E+00   2.7084285E-02  -6.7072597E+00   6.4185166E-01
   2.5586288E+00   1.2267003E-02  -6.7252750E+00   6.4526415E-01
   2.5622895E+00  -2.8240026E-03  -6.6687093E+00   6.4881128E-01
   2.5657749E+00   7.2198780E-04  -6.6781344E+00   6.4909011E-01
   2.5690222E+00   2.1743800E-02  -6.7344208E+00   6.5089649E-01
   2.5723629E+00   8.9603998E-03  -6.7729421E+00   6.5300214E-01
   2.5754526E+00  -1.5571043E-02  -6.7179708E+00   6.5294296E-01
   2.5786638E+00  -5.3968146E-02  -6.7305002E+00   6.5325314E-01
   2.5825000E+00   4.9594458E-02  -6.6534476E+00   6.5677756E-01
   2.5854788E+00   2.4240505E-02  -6.7503977E+00   6.5270996E-01
   2.5890632E+00   5.8470434E-03  -6.7515388E+00   6.6122490E-01
   2.5926311E+00   1.4584838E-02  -6.7578344E+00   6.6711920E-01
   2.5959768E+00   2.1108842E-02  -6.7463589E+00   6.6931337E-01
   2.5993106E+00  -1.2381669E-02  -6.8054314E+00   6.7651516E-01
   2.6025925E+00   2.7665280E-02  -6.7510734E+00   6.7909312E-01
   2.6058202E+00   7.9782531E-03  -6.7647591E+00   6.8308586E-01
   2.6090174E+00   7.8295525E-03  -6.8138003E+00   6.9036442E-01
   2.6126196E+00   1.4628788E-03  -6.7829232E+00   6.9037646E-01
   2.6156955E+00   1.2113572E-02  -6.7489333E+00   6.9092995E-01
   2.6187494E+00  -1.8398954E-02  -6.7863159E+00   6.9245839E-01
   2.6227365E+00  -1.4854361E-02  -6.7234087E+00   6.9511110E-01
   2.6256742E+00   1.1689771E-02  -6.6958213E+00   6.9815844E-01
   2.6285789E+00  -3.2722216E-02  -6.7054262E+00   6.9784820E-01
   2.6324878E+00  -5.6039910E-03  -6.6876082E+00   7.0364958E-01
   2.6354194E+00   8.9246687E-03  -6.6589532E+00   7.0374262E-01
   2.6393831E+00  -7.5067789E-03  -6.6121283E+00   7.0895571E-01
   2.6424377E+00  -2.5504131E-02  -6.6298485E+00   7.0871741E-01
   2.6454239E+00   1.1837198E-02  -6.6099930E+00   7.1152675E-01
   2.6493015E+00  -1.6580317E-02  -6.5705218E+00   7.1232820E-01
   2.6521361E+00   1.4136672E-03  -6.5544438E+00   7.1517843E-01
   2.6558278E+00  -7.3190667E-03  -6.5574303E+00   7.1647584E-01
   2.6594801E+00   3.5672116E-03  -6.4876451E+00   7.2218567E-01
   2.6622269E+00  -5.9814369E-03  -6.4684882E+00   7.2400981E-01
   2.6658504E+00   2.6915358E-02  -6.4300661E+00   7.2267836E-01
   2.6687753E+00  -2.1547062E-02  -6.4053440E+00   7.2790891E-01
   2.6728752E+00   1.0217098E-02  -6.3627615E+00   7.3204231E-01
   2.6759102E+00   3.6789112E-02  -6.3831701E+00   7.3047858E-01
   2.6788883E+00  -8.0301268E-03  -6.3256712E+00   7.3057479E-01
   2.6827226E+00  -1.8448234E-02  -6.2878695E+00   7.3469394E-01
   2.6856503E+00  -4.2597391E-03  -6.2390819E+00   7.3721969E-01
   2.6889524E+00  -4.8141782E-03  -6.2233753E+00   7.4324793E-01
   2.6924617E+00   4.7078601E-04  -6.1555533E+00   7.4578285E-01
   2.6960468E+00   2.1730310E-03  -6.0991235E+00   7.4325407E-01
   2.6995487E+00   6.1788084E-04  -6.0902381E+00   7.4710941E-01
   2.7022631E+00   1.1997811E-02  -6.0655470E+00   7.4581480E-01
   2.7059457E+00   4.2701894E-03  -5.9987183E+00   7.4766862E-01
   2.7096632E+00  -7.9221278E-03  -5.9614425E+00   7.4873954E-01
   2.7127447E+00  -8.0684358E-03  -5.9178205E+00   7.5062561E-01
   2.7158034E+00  -1.7912086E-03  -5.8525052E+00   7.5118923E-01
   2.7187948E+00   1.4119536E-03  -5.7668586E+00   7.5172621E-01
   2.7226868E+00  -3.0879496E-04  -5.7470803E+00   7.5049216E-01
   2.7259965E+00  -1.3848926E-02  -5.6981192E+00   7.5126463E-01
   2.7296162E+00  -7.1582259E-03  -5.6316066E+00   7.5343066E-01
   2.7323194E+00  -1.1969897E-03  -5.6114435E+00   7.5217384E-01
   2.7356753E+00  -1.5389761E-02  -5.5382609E+00   7.5192738E-01
   2.7392921E+00   1.2402208E-02  -5.4608717E+00   7.5770074E-01
   2.7429426E+00  -1.4680994E-03  -5.4490252E+00   7.5689387E-01
   2.7456536E+00   9.3908058E-03  -5.4498549E+00   7.5709188E-01
   2.7492318E+00   7.6849964E-03  -5.3310781E+00   7.6053923E-01
   2.7527633E+00  -6.6793384E-03  -5.2694178E+00   7.5406152E-01
   2.7562382E+00   4.3019834E-03  -5.2761950E+00   7.5920945E-01
   2.7596538E+00   7.9071065E-03  -5.2180686E+00   7.5984526E-01
   2.7630084E+00  -4.7735823E-03  -5.1258259E+00   7.7329874E-01
   2.7663035E+00   1.0765124E-02  -5.1261058E+00   7.6108795E-01
   2.7695448E+00   2.0713296E-03  -5.0386009E+00   7.6057720E-01
   2.7726929E+00   3.3887720E-03  -4.9932775E+00   7.6317376E-01
   2.7757862E+00   1.9472388E-03  -4.9621310E+00   7.6293260E-01
   2.7797480E+00   4.0231561E-03  -4.9072084E+00   7.6306361E-01
   2.7829943E+00   4.9960576E-03  -4.8525066E+00   7.6460594E-01
   2.7862346E+00   5.9147235E-03  -4.7994585E+00   7.6585561E-01
   2.7894657E+00   4.9569146E-03  -4.7735848E+00   7.6736224E-01
   2.7927196E+00   9.5643923E-03  -4.6838064E+00   7.6123041E-01
   2.7959602E+00   2.5817484E-03  -4.6281652E+00   7.7526367E-01
   2.7991760E+00   7.0309425E-03  -4.6113405E+00   7.6944363E-01
   2.8026786E+00   9.4759353E-03  -4.5455694E+00   7.6886141E-01
   2.8059049E+00   9.5768096E-03  -4.5004177E+00   7.6941133E-01
   2.8096626E+00   1.9176485E-02  -4.4320364E+00   7.6734334E-01
   2.8125663E+00   3.5126518E-02  -4.3711486E+00   7.6703489E-01
   2.8158586E+00   1.0150848E-02  -4.3479896E+00   7.7059251E-01
   2.8197494E+00   1.6966416E-02  -4.3258505E+00   7.7346092E-01
   2.8227360E+00   2.0512998E-02  -4.2825279E+00   7.7249324E-01
   2.8257227E+00  -2.2952206E-04  -4.1424356E+00   7.7214205E-01
   2.8297050E+00   1.2280247E-02  -4.1024699E+00   7.7436972E-01
   2.8326271E+00   6.3711856E-03  -4.1004109E+00   7.7653229E-01
   2.8365424E+00   1.8275542E-02  -4.0724573E+00   7.7632201E-01
   2.8394501E+00   2.5942264E-02  -4.0091467E+00   7.7644807E-01
   2.8433270E+00   1.9599950E-02  -3.9005587E+00   7.7797478E-01
   2.8462348E+00   1.8982261E-02  -3.8193200E+00   7.7570426E-01
   2.8491426E+00   3.7269606E-03  -3.8261149E+00   7.7733523E-01
   2.8530197E+00   1.2940769E-02  -3.8415394E+00   7.7967727E-01
   2.8559275E+00   1.3759389E-02  -3.8054903E+00   7.8059971E-01
   2.8598044E+00   2.0484652E-02  -3.6818137E+00   7.8004283E-01
   2.8626564E+00   1.5258368E-02  -3.5917125E+00   7.8156084E-01
   2.8661778E+00   2.6573058E-02  -3.5652177E+00   7.7959991E-01
   2.8691700E+00   1.5830506E-02  -3.5661445E+00   7.8307408E-01
   2.8728881E+00   2.8846415E-02  -3.5060883E+00   7.8243345E-01
   2.8761303E+00   1.8744785E-02  -3.4470801E+00   7.8085834E-01
   2.8799675E+00   2.2789599E-02  -3.3847573E+00   7.8133154E-01
   2.8830369E+00   2.9072356E-03  -3.3139815E+00   7.8396529E-01
   2.8861063E+00   2.1520855E-02  -3.2656410E+00   7.8284109E-01
   2.8899431E+00   2.0617792E-02  -3.2322664E+00   7.8385234E-01
   2.8930128E+00   2.3314649E-02  -3.1675670E+00   7.8360951E-01
   2.8960822E+00   1.8163737E-02  -3.1315465E+00   7.8314888E-01
   2.8999190E+00   1.2614584E-02  -3.0613890E+00   7.8446954E-01
   2.9029884E+00   1.4837791E-02  -3.0191922E+00   7.8310370E-01
   2.9060581E+00   1.5677735E-02  -2.9595246E+00   7.8616685E-01
   2.9098949E+00   3.3046708E-02  -2.9123442E+00   7.8539842E-01
   2.9129643E+00   3.7345920E-02  -2.8638289E+00   7.8312731E-01
   2.9162719E+00   1.4982765E-02  -2.8011191E+00   7.8889900E-01
   2.9192102E+00   1.0364465E-03  -2.7490344E+00   7.8847557E-01
   2.9233146E+00   2.8321661E-02  -2.6883526E+00   7.8769940E-01
   2.9263923E+00   1.4457094E-02  -2.6796122E+00   7.8832227E-01
   2.9294701E+00   1.4678223E-02  -2.6375282E+00   7.8907579E-01
   2.9325500E+00   1.9477148E-02  -2.5771203E+00   7.8897190E-01
   2.9366534E+00   1.5279437E-02  -2.5017011E+00   7.9156363E-01
   2.9397311E+00   1.6088922E-02  -2.4452872E+00   7.9115516E-01
   2.9430511E+00   3.0200670E-02  -2.4617360E+00   7.8537679E-01
   2.9464755E+00   1.6894365E-02  -2.3468919E+00   7.9490417E-01
   2.9499681E+00   1.5962923E-02  -2.3523767E+00   7.8965920E-01
   2.9530396E+00  -1.4352260E-02  -2.2557859E+00   7.9599142E-01
   2.9567730E+00   1.9469386E-02  -2.1749840E+00   7.9676831E-01
   2.9600904E+00   1.0841670E-02  -2.1531544E+00   7.9815519E-01
   2.9635658E+00   1.0223201E-02  -2.0859876E+00   7.9736662E-01
   2.9658825E+00   2.0456256E-02  -2.0798292E+00   7.9770398E-01
   2.9693577E+00   2.7556490E-04  -2.0415947E+00   7.9973149E-01
   2.9728327E+00   1.2073842E-02  -1.9379324E+00   8.0106735E-01
   2.9763105E+00   8.7997988E-03  -1.8934216E+00   7.9980206E-01
   2.9797850E+00   2.0647250E-02  -1.8463535E+00   8.0203956E-01
   2.9830828E+00   7.0398003E-03  -1.8064420E+00   8.0264658E-01
   2.9865346E+00  -1.6913790E-03  -1.7647372E+00   8.0329680E-01
   2.9897330E+00   2.1586932E-02  -1.7135333E+00   8.0570555E-01
   2.9931178E+00  -1.2098041E-02  -1.6547301E+00   8.0645120E-01
   2.9968817E+00   1.9988459E-02  -1.5886602E+00   8.0708390E-01
   2.9994252E+00   2.1961614E-02  -1.5476044E+00   8.0727828E-01
   3.0032818E+00   1.2784815E-02  -1.4876261E+00   8.0486262E-01
   3.0071743E+00  -7.3372792E-03  -1.4283751E+00   8.0907536E-01
   3.0097880E+00   1.2660415E-02  -1.3669493E+00   8.0902886E-01
   3.0136969E+00   1.5407333E-02  -1.3417182E+00   8.0956322E-01
   3.0162907E+00   1.2273781E-02  -1.3010459E+00   8.1001079E-01
   3.0201645E+00   5.1041297E-03  -1.2004791E+00   8.1223965E-01
   3.0227368E+00   3.0545250E-03  -1.1993426E+00   8.1184763E-01
   3.0264986E+00   1.1936400E-02  -1.1123074E+00   8.1239569E-01
   3.0300167E+00   1.0344053E-02  -1.0254772E+00   8.1036413E-01
   3.0335264E+00   1.1418506E-02  -1.0001165E+00   8.1416994E-01
   3.0369661E+00   1.0387540E-02  -9.6379191E-01   8.0926985E-01
   3.0401249E+00  -4.0716695E-04  -9.3114597E-01   8.1634641E-01
   3.0429947E+00   1.3995321E-02  -8.1854343E-01   8.1584930E-01
   3.0467153E+00   8.7521216E-03  -7.7658749E-01   8.2452822E-01
   3.0504105E+00   3.9493393E-02  -7.7714956E-01   8.1822342E-01
   3.0535948E+00  -1.4299313E-02  -7.1084005E-01   8.2231861E-01
   3.0567508E+00   6.7592165E-03  -5.8823967E-01   8.1921446E-01
   3.0598412E+00   5.8157034E-03  -5.5773878E-01   8.1848526E-01
   3.0628705E+00  -5.5964598E-03  -4.7731936E-01   8.2134211E-01
   3.0668199E+00   5.6015383E-03  -4.4744492E-01   8.1641483E-01
   3.0697193E+00  -4.5379298E-03  -4.0768230E-01   8.2469451E-01
   3.0735068E+00   1.3131369E-03  -3.4170306E-01   8.2233542E-01
   3.0762920E+00   1.7963473E-03  -2.8953844E-01   8.2359737E-01
   3.0799360E+00   1.9322382E-03  -1.7190415E-01   8.2266998E-01
   3.0835054E+00  -8.5827876E-03  -1.7293732E-01   8.2323349E-01
   3.0870047E+00  -4.2873765E-03  -1.0565479E-01   8.2524294E-01
   3.0904374E+00  -7.3648295E-03  -5.8305904E-02   8.2615680E-01
   3.0938079E+00  -3.7024862E-03   1.0039534E-01   8.2802296E-01
   3.0971193E+00  -2.1303354E-02   1.0997398E-01   8.2438779E-01
   3.1003745E+00  -1.6936956E-03   1.6763614E-01   8.2816333E-01
   3.1035767E+00  -1.2521743E-02   2.0526610E-01   8.2888132E-01
   3.1067281E+00  -7.6018376E-03   2.8573415E-01   8.2985848E-01
   3.1098313E+00  -3.6845516E-04   3.6391416E-01   8.2794183E-01
   3.1136460E+00  -2.6280100E-02   4.3375584E-01   8.3223730E-01
   3.1166487E+00  -1.4920373E-02   4.7735107E-01   8.2870579E-01
   3.1203434E+00  -1.7178066E-02   5.6674641E-01   8.2934898E-01
   3.1232550E+00  -3.1249873E-02   6.2933952E-01   8.3237880E-01
   3.1268411E+00  -4.7028912E-03   6.9497931E-01   8.3555937E-01
   3.1303709E+00  -1.3409423E-02   7.6970649E-01   8.3459932E-01
   3.1331561E+00  -5.1667294E-03   8.0905741E-01   8.3480436E-01
   3.1365910E+00  -1.8943612E-02   8.7714511E-01   8.3727849E-01
   3.1401417E+00  -9.3681468E-03   9.5484793E-01   8.3651263E-01
   3.1432137E+00  -2.4281200E-02   1.0155919E+00   8.3727658E-01
   3.1469953E+00  -4.1367868E-03   1.0978831E+00   8.3743429E-01
   3.1499755E+00  -2.7192313E-02   1.1660390E+00   8.3823568E-01
   3.1536474E+00  -1.4595655E-02   1.2710184E+00   8.3845997E-01
   3.1565437E+00  -9.0435436E-03   1.2717037E+00   8.3921951E-01
   3.1601150E+00  -1.5924342E-02   1.3525956E+00   8.3974349E-01
   3.1636338E+00  -1.6370907E-02   1.4962101E+00   8.4127027E-01
   3.1671026E+00  -1.0656903E-02   1.5340925E+00   8.4282875E-01
   3.1705234E+00  -5.5296519E-03   1.5716616E+00   8.4105766E-01
   3.1738977E+00  -2.0137252E-02   1.6582861E+00   8.4270191E-01
   3.1772280E+00  -2.7041961E-03   1.7597301E+00   8.4452724E-01
   3.1805155E+00  -2.1624098E-02   1.8288727E+00   8.4473699E-01
   3.1837621E+00  -1.2806896E-02   1.8865677E+00   8.4416771E-01
   3.1869690E+00  -2.2939222E-03   1.9594858E+00   8.4502476E-01
   3.1901381E+00  -4.1603865E-03   2.0608790E+00   8.4585160E-01
   3.1938925E+00  -1.6190061E-02   2.1540155E+00   8.4603602E-01
   3.1970930E+00  -6.7591085E-03   2.2003293E+00   8.4693676E-01
   3.2001297E+00  -3.2082000E-03   2.2804837E+00   8.4780508E-01
   3.2037518E+00  -1.7590420E-02   2.3609617E+00   8.4647864E-01
   3.2067351E+00  -2.3338658E-05   2.4372311E+00   8.4873271E-01
   3.2102747E+00  -3.3132138E-03   2.5180974E+00   8.4926033E-01
   3.2137716E+00  -5.4575801E-03   2.5818040E+00   8.5021096E-01
   3.2172272E+00   4.5317829E-02   2.6784029E+00   8.5304779E-01
   3.2200766E+00   6.9478350E-03   2.7763360E+00   8.4857368E-01
   3.2234604E+00  -2.3165764E-03   2.8076310E+00   8.5100538E-01
   3.2268069E+00  -1.2102647E-03   2.8961296E+00   8.5303777E-01
   3.2301171E+00  -7.1515394E-03   3.0010407E+00   8.5330391E-01
   3.2339351E+00  -3.1491348E-03   3.0851665E+00   8.5315484E-01
   3.2371709E+00   4.9363105E-03   3.1484594E+00   8.5359073E-01
   3.2403741E+00  -8.7862732E-03   3.2301736E+00   8.5411787E-01
   3.2435458E+00   1.2544127E-02   3.3115470E+00   8.5327441E-01
   3.2472069E+00  -2.8592802E-03   3.4140892E+00   8.5314077E-01
   3.2503128E+00  -4.6650751E-04   3.4880505E+00   8.5409820E-01
   3.2538996E+00   7.5728926E-03   3.5611877E+00   8.5358787E-01
   3.2572188E+00   1.4930985E-02   3.6137791E+00   8.5401887E-01
   3.2608049E+00  -7.7116205E-03   3.6928272E+00   8.5318899E-01
   3.2634125E+00   3.0094441E-03   3.7864103E+00   8.5326397E-01
   3.2675288E+00  -2.1847283E-02   3.8940866E+00   8.5331255E-01
   3.2705662E+00   2.4351995E-02   3.9472957E+00   8.5077459E-01
   3.2734711E+00   1.2558571E-02   4.0048523E+00   8.5292566E-01
   3.2769616E+00   1.5968710E-02   4.0769868E+00   8.5238367E-01
   3.2805870E+00   7.6638758E-03   4.1735377E+00   8.5233206E-01
   3.2833915E+00  -6.3636252E-03   4.2944431E+00   8.5277468E-01
   3.2875679E+00  -5.4031103E-03   4.3446946E+00   8.4883368E-01
   3.2906086E+00  -4.0798658E-03   4.4345798E+00   8.4973675E-01
   3.2941289E+00   1.8942296E-03   4.4999957E+00   8.4984952E-01
   3.2967789E+00  -3.3777063E-03   4.5624518E+00   8.4881532E-01
   3.3009439E+00  -2.9908568E-03   4.6947780E+00   8.4820372E-01
   3.3035393E+00  -7.6552099E-03   4.7350688E+00   8.4666485E-01
   3.3070936E+00   3.9036624E-04   4.8116603E+00   8.4621978E-01
   3.3106101E+00  -1.0362010E-02   4.9038997E+00   8.4496647E-01
   3.3135407E+00  -1.0948032E-03   4.9453139E+00   8.4580094E-01
   3.3169332E+00  -6.3617313E-03   5.0538049E+00   8.4467328E-01
   3.3208601E+00  -1.2691907E-04   5.1389923E+00   8.4381634E-01
   3.3234344E+00  -7.2504790E-03   5.2372971E+00   8.4256864E-01
   3.3273213E+00  -1.4000816E-03   5.3077264E+00   8.4180850E-01
   3.3302705E+00  -3.2270871E-02   5.3582549E+00   8.4211969E-01
   3.3338645E+00  -1.0608162E-02   5.4389987E+00   8.4118831E-01
   3.3370593E+00  -2.1086264E-02   5.5056019E+00   8.4042770E-01
   3.3407581E+00  -7.6811430E-03   5.6083999E+00   8.3903259E-01
