  flscon:  version 23.2.0.01  win64 2022 
 FLOW-3D   07:57:11  02/29/2024 urib     
   hydr3d   version  23.2.0.20 win64     12/04/2023 HYDRO    
 Simulation Template: Free Surface - TruVOF (Default)                            

Mesh Block   1
 printing pfxob, pfyob, pfzob       
       1     1001      0.000E+00      3.341E+00
   time              pfxob_1         pfyob_1         pfzob_1
   0.0000000E+00  -2.3607729E-04   4.0834403E+00  -3.3167934E-01
   2.3157003E-03   9.2736855E-03  -1.8795070E+02   1.3253144E+00
   7.0611350E-03  -4.3607908E-03   3.6782644E+00  -1.3519436E-01
   1.0111435E-02  -3.6792520E-03   3.8079321E+00  -1.4777140E-01
   1.3642540E-02   3.1633984E-04   3.8961332E+00  -1.6014491E-01
   1.7363915E-02   1.7729071E-03   3.9352129E+00  -1.7415702E-01
   2.0080782E-02   1.0118998E-03   3.9670556E+00  -1.8074133E-01
   2.3076128E-02   1.8491609E-03   4.0176244E+00  -1.8535791E-01
   2.6378497E-02   1.6682646E-03   4.1041484E+00  -1.9392082E-01
   3.0274004E-02   4.9426709E-04   4.0735254E+00  -1.7030221E-01
   3.3241402E-02  -7.3984725E-04   4.1429915E+00  -2.0027788E-01
   3.6676534E-02  -1.6294970E-03   4.1831355E+00  -2.1567717E-01
   4.0653128E-02   1.2263804E-04   4.2629881E+00  -2.1061043E-01
   4.3646619E-02   3.5525262E-03   4.2905774E+00  -2.2173701E-01
   4.6946947E-02   1.4988723E-03   4.3111062E+00  -2.2984573E-01
   4.9604483E-02   1.8438291E-03   4.3320103E+00  -2.3062596E-01
   5.4110151E-02   4.3023350E-03   4.3850317E+00  -2.2251923E-01
   5.7095155E-02   3.8193865E-03   4.4330597E+00  -2.2271086E-01
   5.9959020E-02   3.2205868E-03   4.4796681E+00  -2.5504121E-01
   6.3905597E-02   5.3820633E-03   4.5097094E+00  -2.6346424E-01
   6.6634998E-02   3.4395286E-03   4.5320902E+00  -2.2980842E-01
   7.0684038E-02   2.5916121E-03   4.5825849E+00  -2.4919368E-01
   7.3319390E-02   3.4931791E-03   4.6210427E+00  -2.5197729E-01
   7.7121101E-02   2.9745216E-03   4.6831164E+00  -2.6247519E-01
   7.9982944E-02   4.6327454E-03   4.7063012E+00  -2.6259655E-01
   8.3138131E-02   7.2342567E-03   4.7295914E+00  -2.6983619E-01
   8.6575136E-02  -6.3876272E-04   4.7598801E+00  -2.7277759E-01
   8.9894474E-02   3.1623237E-03   4.8385921E+00  -2.8511113E-01
   9.3322128E-02   2.8484846E-03   4.8418131E+00  -2.8399366E-01
   9.7036116E-02   8.4134983E-04   4.8496408E+00  -2.8706241E-01
   1.0028955E-01   1.0394040E-03   4.8845630E+00  -2.8899649E-01
   1.0322407E-01   3.1972979E-03   4.9522614E+00  -3.0067420E-01
   1.0727613E-01   3.1826773E-03   5.0052700E+00  -3.0798364E-01
   1.1087857E-01   5.6743617E-03   5.0191736E+00  -3.1267667E-01
   1.1359042E-01  -5.4803649E-03   5.0419059E+00  -3.1597951E-01
   1.1658023E-01   1.7302638E-03   5.0699267E+00  -3.2018951E-01
   1.1987649E-01  -1.6175171E-04   5.1123319E+00  -3.2796091E-01
   1.2291246E-01   2.3578703E-03   5.1803436E+00  -3.4289756E-01
   1.2625961E-01   5.2601886E-03   5.1676998E+00  -3.4325540E-01
   1.3109000E-01   3.6096587E-03   5.1958680E+00  -3.4571010E-01
   1.3285184E-01   1.1448590E-03   5.2212820E+00  -3.4840399E-01
   1.3651828E-01   2.8774617E-03   5.3004599E+00  -3.6434251E-01
   1.4008479E-01   1.3340079E-03   5.2995110E+00  -3.6525086E-01
   1.4414434E-01   3.3489580E-03   5.3435874E+00  -3.7047470E-01
   1.4696927E-01   1.2505690E-03   5.4037008E+00  -3.7717080E-01
   1.4968804E-01   3.0636447E-03   5.4349999E+00  -3.8580525E-01
   1.5380886E-01   4.1124593E-03   5.4599495E+00  -3.8998976E-01
   1.5691093E-01   5.2511059E-03   5.4823022E+00  -3.9375493E-01
   1.6033094E-01   3.9161779E-03   5.5177112E+00  -4.0029320E-01
   1.6346850E-01   3.6782965E-03   5.5582623E+00  -4.0688416E-01
   1.6692764E-01  -1.4700880E-03   5.5913591E+00  -4.1260755E-01
   1.7077254E-01   2.8084288E-03   5.6373720E+00  -4.1959405E-01
   1.7362502E-01   3.1701424E-03   5.6643434E+00  -4.2776978E-01
   1.7676988E-01   3.8059065E-03   5.6891618E+00  -4.2486712E-01
   1.8002383E-01   6.0597174E-03   5.7272820E+00  -4.2610285E-01
   1.8341762E-01   3.2807409E-04   5.7769818E+00  -4.3674988E-01
   1.8679063E-01   5.1490157E-03   5.7942262E+00  -4.3945810E-01
   1.9007346E-01  -1.3756335E-03   5.8279200E+00  -4.3147352E-01
   1.9328628E-01   7.3733833E-03   5.8648586E+00  -4.3458766E-01
   1.9670239E-01   8.5193459E-03   5.8991642E+00  -4.4001085E-01
   2.0048808E-01   4.5332294E-03   5.9377890E+00  -4.4497240E-01
   2.0382543E-01   3.7568030E-03   5.9658794E+00  -4.5101020E-01
   2.0727327E-01   5.6972848E-03   5.9964232E+00  -4.3495372E-01
   2.0999603E-01   5.9172926E-03   6.0135641E+00  -4.4283140E-01
   2.1416813E-01   5.7226946E-03   6.0612831E+00  -4.4353315E-01
   2.1690351E-01   3.0364734E-03   6.0945458E+00  -4.4743663E-01
   2.2031897E-01   7.0531452E-03   6.1041832E+00  -4.5364663E-01
   2.2371916E-01   7.0504388E-03   6.1151295E+00  -4.5306459E-01
   2.2668450E-01   1.0318419E-02   6.1501379E+00  -4.5065492E-01
   2.3066372E-01   5.6656641E-03   6.2016292E+00  -4.5762509E-01
   2.3411763E-01   1.2805538E-03   6.2245903E+00  -4.5085531E-01
   2.3701110E-01   1.5302790E-02   6.2034559E+00  -4.2958236E-01
   2.4029778E-01   1.0173964E-02   6.2663708E+00  -4.4425657E-01
   2.4356976E-01  -1.3031218E-03   6.3121247E+00  -4.4248420E-01
   2.4726443E-01   5.3558941E-03   6.3266277E+00  -4.4740599E-01
   2.5090766E-01   5.8728796E-03   6.3015881E+00  -4.4176733E-01
   2.5360918E-01   3.5787991E-04   6.3121791E+00  -4.6450183E-01
   2.5716850E-01   2.6325220E-03   6.3552780E+00  -4.8485798E-01
   2.6059127E-01   1.2070721E-02   6.3862400E+00  -4.5718780E-01
   2.6402500E-01   8.2372042E-04   6.4181256E+00  -4.8470962E-01
   2.6743034E-01   1.7298614E-03   6.4366717E+00  -4.9902424E-01
   2.7060175E-01   6.7718769E-03   6.4049397E+00  -4.9806723E-01
   2.7380720E-01   2.4084309E-02   6.3579235E+00  -5.0426668E-01
   2.7747902E-01   1.1697649E-02   6.5020189E+00  -5.0751585E-01
   2.8098539E-01   5.5520432E-03   6.4223294E+00  -5.3471386E-01
   2.8353852E-01   1.5918324E-02   6.4445910E+00  -5.3930587E-01
   2.8751826E-01  -4.3375581E-03   6.4636064E+00  -5.4544061E-01
   2.9057989E-01   2.6344969E-03   6.5073919E+00  -5.4536355E-01
   2.9437548E-01  -6.2912800E-03   6.5088124E+00  -5.7612473E-01
   2.9732835E-01   2.1786899E-03   6.4766393E+00  -5.4989451E-01
   3.0084783E-01  -8.2940254E-03   6.4873567E+00  -5.7901126E-01
   3.0368805E-01  -6.2712776E-03   6.5057745E+00  -5.9088135E-01
   3.0703899E-01  -5.4917498E-03   6.5277019E+00  -6.0696399E-01
   3.1041113E-01  -1.6738392E-02   6.4844112E+00  -6.3819635E-01
   3.1396633E-01   1.9788891E-02   6.4319005E+00  -6.2915981E-01
   3.1726757E-01  -1.3349262E-02   6.4527330E+00  -6.3407093E-01
   3.2040149E-01  -2.8695017E-02   6.4525614E+00  -6.2933993E-01
   3.2431343E-01  -1.0419320E-02   6.3956604E+00  -6.5558815E-01
   3.2752204E-01  -3.3575047E-03   6.3742428E+00  -6.7348409E-01
   3.3066148E-01  -3.8731764E-03   6.3964176E+00  -6.7487383E-01
   3.3373743E-01  -9.7092241E-03   6.3408737E+00  -6.8696046E-01
   3.3750159E-01  -4.2104926E-03   6.3341732E+00  -6.9462073E-01
   3.4045473E-01  -1.5789350E-02   6.3386726E+00  -7.0290738E-01
   3.4409255E-01  -1.2230280E-02   6.2700005E+00  -7.0640028E-01
   3.4767365E-01  -1.7105688E-03   6.2566667E+00  -7.1640468E-01
   3.5094544E-01  -1.3298783E-02   6.2579389E+00  -7.2580808E-01
   3.5442111E-01  -2.6017145E-04   6.1782017E+00  -7.3399508E-01
   3.5724449E-01  -1.9800061E-02   6.1953759E+00  -7.3158157E-01
   3.6080888E-01  -4.0815677E-03   6.1198902E+00  -7.4816191E-01
   3.6410359E-01  -3.0613001E-02   6.0954933E+00  -7.5630307E-01
   3.6725417E-01   1.4318821E-02   6.0351396E+00  -7.5612813E-01
   3.7095767E-01   3.7639120E-04   6.1122699E+00  -7.5235933E-01
   3.7415344E-01   3.0083503E-03   5.8099957E+00  -7.8491277E-01
   3.7746659E-01  -1.8343672E-02   6.0294642E+00  -7.6825726E-01
   3.8095334E-01   1.7524628E-03   5.9755235E+00  -7.7351654E-01
   3.8391420E-01   5.9850030E-03   5.8031926E+00  -7.9568332E-01
   3.8721785E-01  -1.1862063E-02   5.7334642E+00  -7.9732060E-01
   3.9080793E-01  -1.0387574E-02   5.7080002E+00  -8.1184214E-01
   3.9374709E-01   2.1257432E-02   5.7448592E+00  -8.0433512E-01
   3.9767188E-01  -1.3259224E-02   5.6294494E+00  -8.1712204E-01
   4.0071866E-01   3.9458801E-03   5.5389857E+00  -8.4347099E-01
   4.0435150E-01  -3.0022829E-03   5.5371947E+00  -8.3304852E-01
   4.0714550E-01  -1.5083605E-02   5.4733248E+00  -8.3638304E-01
   4.1064659E-01  -1.2620036E-02   5.4024439E+00  -8.5284209E-01
   4.1458696E-01   2.5005084E-03   5.2746024E+00  -8.6359298E-01
   4.1716272E-01  -2.7025254E-02   5.2586575E+00  -8.6604202E-01
   4.2077723E-01  -2.8088954E-03   5.2393413E+00  -8.7553865E-01
   4.2400712E-01  -1.0654449E-02   5.1014819E+00  -8.5793120E-01
   4.2731959E-01  -1.7739914E-02   5.0187111E+00  -8.7783200E-01
   4.3114951E-01  -3.9298008E-03   5.0134864E+00  -8.9164281E-01
   4.3401060E-01  -2.4118409E-02   4.8992572E+00  -8.9975458E-01
   4.3748826E-01   3.2470025E-02   4.8446207E+00  -9.0072978E-01
   4.4058004E-01  -7.4164779E-03   4.7700176E+00  -9.0779442E-01
   4.4449148E-01   4.2595778E-04   4.6878033E+00  -9.2412847E-01
   4.4733059E-01  -2.5457274E-03   4.6132050E+00  -9.3147445E-01
   4.5061725E-01   2.1337927E-03   4.5246329E+00  -9.3961483E-01
   4.5409262E-01   4.0891045E-03   4.4510036E+00  -9.4661540E-01
   4.5770893E-01   9.8039526E-03   4.2982674E+00  -9.7353679E-01
   4.6108043E-01  -3.3609945E-07   4.2728152E+00  -9.6320504E-01
   4.6473625E-01   6.2200138E-03   4.2535591E+00  -9.8230416E-01
   4.6750394E-01   4.8179803E-03   4.0430336E+00  -9.8771298E-01
   4.7067556E-01   1.1750931E-02   3.9585786E+00  -9.9762791E-01
   4.7427654E-01   3.3760551E-02   3.9357753E+00  -1.0047528E+00
   4.7802329E-01   4.9782116E-03   3.8385701E+00  -1.0165757E+00
   4.8131773E-01  -1.5494193E-02   3.7108200E+00  -1.0261865E+00
   4.8461381E-01  -3.8012909E-03   3.6326180E+00  -1.0333434E+00
   4.8776066E-01   5.5500243E-02   3.5325871E+00  -1.0467447E+00
   4.9077502E-01  -1.8628825E-02   3.3513927E+00  -1.0539078E+00
   4.9463326E-01  -5.3794426E-04   3.2775280E+00  -1.0631218E+00
   4.9739739E-01   2.2674356E-04   3.2530637E+00  -1.0694112E+00
   5.0093669E-01   6.8205772E-03   3.1117535E+00  -1.0807530E+00
   5.0433546E-01   1.3848969E-02   2.9915087E+00  -1.0898768E+00
   5.0761569E-01   5.6641200E-03   2.8908041E+00  -1.1030282E+00
   5.1145875E-01   1.7419099E-03   2.7324860E+00  -1.1120909E+00
   5.1442575E-01  -7.7668545E-03   2.6138222E+00  -1.1179134E+00
   5.1742893E-01  -6.5480592E-04   2.5717204E+00  -1.1241125E+00
   5.2107310E-01  -9.7432034E-03   2.4727266E+00  -1.1374664E+00
   5.2462023E-01  -4.3727658E-03   2.3178968E+00  -1.1476231E+00
   5.2808481E-01  -2.9228732E-03   2.1831508E+00  -1.1574686E+00
   5.3147942E-01   1.6716342E-02   2.0789292E+00  -1.1671141E+00
   5.3482139E-01  -2.2763612E-02   1.9958912E+00  -1.1736659E+00
   5.3814548E-01   9.5061176E-03   1.8592061E+00  -1.1833452E+00
   5.4148960E-01  -4.5968471E-03   1.7373943E+00  -1.1914686E+00
   5.4420161E-01  -5.8515253E-03   1.6404114E+00  -1.1974448E+00
   5.4765940E-01  -1.1384191E-02   1.5280340E+00  -1.2063433E+00
   5.5110490E-01  -7.2138049E-03   1.4109988E+00  -1.2111661E+00
   5.5433947E-01  -1.0442056E-02   1.2921466E+00  -1.2196648E+00
   5.5798340E-01  -1.3146704E-02   1.1759379E+00  -1.2263247E+00
   5.6141257E-01  -1.4623374E-02   1.0336250E+00  -1.2347592E+00
   5.6466520E-01  -9.7834338E-03   8.8475466E-01  -1.2390280E+00
   5.6791276E-01  -2.7851490E-02   1.0308226E+00  -1.2447369E+00
   5.7106912E-01  -1.2412809E-02   6.1087137E-01  -1.2412519E+00
   5.7439089E-01  -1.7518509E-02   6.2002009E-01  -1.2563031E+00
   5.7800710E-01  -2.0098217E-02   4.7963533E-01  -1.2563275E+00
   5.8117467E-01  -1.3488381E-02   3.1836993E-01  -1.2624100E+00
   5.8431238E-01   5.3752721E-03   2.2883230E-01  -1.2698145E+00
   5.8822644E-01  -2.2936016E-02   1.2287709E-01  -1.2662113E+00
   5.9138340E-01  -9.7576799E-03  -3.8449630E-02  -1.2708522E+00
   5.9455597E-01  -1.4465941E-02  -1.3670446E-01  -1.2742430E+00
   5.9773666E-01  -3.5667777E-02  -2.2543639E-01  -1.2707278E+00
   6.0170364E-01   1.8321872E-02  -3.9191562E-01  -1.2692481E+00
   6.0491139E-01  -1.6928637E-02  -4.7309536E-01  -1.2735851E+00
   6.0814065E-01  -2.0518852E-02  -5.4409587E-01  -1.2736273E+00
   6.1139494E-01  -2.7780445E-02  -7.0111680E-01  -1.2684418E+00
   6.1460829E-01  -2.8458679E-02  -8.1445885E-01  -1.2686858E+00
   6.1771673E-01  -3.9415188E-02  -9.3009859E-01  -1.2680475E+00
   6.2157297E-01  -2.0217679E-02  -1.0065598E+00  -1.2605520E+00
   6.2485880E-01  -1.9355517E-02  -1.1751534E+00  -1.2584835E+00
   6.2807196E-01  -5.5570686E-03  -1.2695545E+00  -1.2557905E+00
   6.3103878E-01  -3.3348913E-03  -1.3445820E+00  -1.2527778E+00
   6.3461185E-01  -2.4092436E-02  -1.4498416E+00  -1.2511253E+00
   6.3773406E-01  -1.8956367E-02  -1.5687767E+00  -1.2472064E+00
   6.4170307E-01   1.8559503E-03  -1.6778661E+00  -1.2405218E+00
   6.4474028E-01  -1.0105012E-02  -1.8124253E+00  -1.2365779E+00
   6.4783090E-01  -3.4817755E-02  -1.8507230E+00  -1.2355893E+00
   6.5105945E-01   8.4100561E-03  -1.8745072E+00  -1.2183571E+00
   6.5486079E-01  -2.2264987E-02  -2.1115861E+00  -1.2203254E+00
   6.5827727E-01  -1.2036468E-02  -2.1716216E+00  -1.2181250E+00
   6.6105080E-01   9.6209487E-04  -2.2746038E+00  -1.2079947E+00
   6.6462481E-01  -8.1755919E-03  -2.3336508E+00  -1.1993642E+00
   6.6822326E-01  -5.5466397E-03  -2.4504943E+00  -1.1910542E+00
   6.7152858E-01  -3.4509618E-02  -2.5438881E+00  -1.1854533E+00
   6.7464781E-01  -1.0592286E-02  -2.6045139E+00  -1.1763659E+00
   6.7821431E-01  -2.1743631E-02  -2.7859561E+00  -1.1632376E+00
   6.8122560E-01  -1.7065726E-02  -2.8307233E+00  -1.1583776E+00
   6.8503940E-01   6.4551277E-04  -2.8495638E+00  -1.1462533E+00
   6.8804252E-01  -9.4836615E-03  -2.9634340E+00  -1.1386456E+00
   6.9185841E-01   3.3502996E-03  -3.1205072E+00  -1.1248461E+00
   6.9484890E-01   4.1305348E-03  -3.1691608E+00  -1.1201344E+00
   6.9846493E-01  -1.1610337E-02  -3.1650236E+00  -1.1107477E+00
   7.0127064E-01   1.7906626E-03  -3.2925773E+00  -1.1093682E+00
   7.0467335E-01  -3.2797139E-02  -3.3813245E+00  -1.0901148E+00
   7.0795596E-01  -2.0931719E-02  -3.4744337E+00  -1.0772480E+00
   7.1180916E-01   8.7058946E-04  -3.5142264E+00  -1.0677091E+00
   7.1496958E-01  -1.7346557E-02  -3.6316578E+00  -1.0518953E+00
   7.1805698E-01  -1.4761512E-02  -3.6636674E+00  -1.0499538E+00
   7.2172946E-01  -3.7575627E-03  -3.7713525E+00  -1.0373896E+00
   7.2486198E-01  -1.1545437E-02  -3.8325574E+00  -1.0182477E+00
   7.2808510E-01  -9.7480426E-03  -3.9093204E+00  -1.0216432E+00
   7.3142374E-01  -2.2629330E-02  -3.9693253E+00  -9.9537390E-01
   7.3499316E-01  -3.6781669E-02  -4.0613360E+00  -1.0083512E+00
   7.3836219E-01  -1.1230602E-02  -4.0965686E+00  -9.9216241E-01
   7.4181068E-01  -1.0386795E-02  -4.1728597E+00  -9.7144276E-01
   7.4492294E-01  -3.9401334E-03  -4.2170873E+00  -9.7769475E-01
   7.4816519E-01   4.0082564E-03  -4.2626009E+00  -9.6649933E-01
   7.5178868E-01  -1.7000208E-02  -4.3743110E+00  -9.5494980E-01
   7.5487244E-01  -1.6789408E-02  -4.4029183E+00  -9.4808280E-01
   7.5806546E-01  -1.4641491E-02  -4.4463153E+00  -9.3808019E-01
   7.6126862E-01   7.4034708E-04  -4.4997778E+00  -9.2715877E-01
   7.6480800E-01  -1.8029077E-02  -4.5943637E+00  -9.2258459E-01
   7.6834041E-01  -9.6983798E-03  -4.6481290E+00  -9.1030562E-01
   7.7163386E-01  -2.1279741E-02  -4.6723552E+00  -9.0825933E-01
   7.7496773E-01  -1.0702572E-02  -4.7215314E+00  -8.9260000E-01
   7.7838647E-01  -1.6113592E-02  -4.7683649E+00  -8.9976823E-01
   7.8169042E-01  -1.4127929E-02  -4.8712516E+00  -8.5702813E-01
   7.8506160E-01  -4.0011760E-03  -4.8763947E+00  -8.6454624E-01
   7.8825158E-01   1.3055420E-02  -4.8232660E+00  -8.9817858E-01
   7.9163522E-01  -5.1213135E-03  -4.9822664E+00  -8.3865935E-01
   7.9519618E-01  -7.2133318E-03  -4.9909463E+00  -8.3051085E-01
   7.9810613E-01  -1.8779088E-03  -5.0341806E+00  -8.2001126E-01
   8.0181295E-01  -1.1356680E-02  -5.0604548E+00  -8.1218410E-01
   8.0539799E-01  -8.8690175E-03  -5.1522751E+00  -8.0275667E-01
   8.0852312E-01   2.8517118E-02  -5.1804585E+00  -7.9170018E-01
   8.1185299E-01  -1.6055988E-02  -5.1962128E+00  -7.7199727E-01
   8.1540281E-01  -5.3350544E-03  -5.2598143E+00  -7.6537168E-01
   8.1825644E-01   4.3352167E-03  -5.2854686E+00  -7.5681752E-01
   8.2210481E-01  -2.8935794E-02  -5.3025713E+00  -7.5826919E-01
   8.2523614E-01   1.1922671E-03  -5.3475528E+00  -7.4370927E-01
   8.2837987E-01   1.6799210E-02  -5.3667588E+00  -7.3577881E-01
   8.3150262E-01  -2.3822160E-02  -5.4003482E+00  -7.2130549E-01
   8.3563346E-01  -8.4905541E-03  -5.4403834E+00  -7.1035647E-01
   8.3868849E-01  -3.7420619E-02  -5.4607081E+00  -7.0333475E-01
   8.4173995E-01   3.0121848E-04  -5.4790993E+00  -6.9470346E-01
   8.4483123E-01   1.9530455E-02  -5.4928408E+00  -6.8226177E-01
   8.4881079E-01  -1.8370856E-02  -5.5488997E+00  -6.7840993E-01
   8.5175312E-01  -1.4677552E-03  -5.5691175E+00  -6.7122257E-01
   8.5476726E-01   2.8369104E-02  -5.5889401E+00  -6.6106427E-01
   8.5878760E-01   1.1260683E-04  -5.5999107E+00  -6.5699452E-01
   8.6176527E-01  -1.5827617E-02  -5.6140599E+00  -6.3289762E-01
   8.6551762E-01  -3.7597127E-02  -5.6309571E+00  -6.2813663E-01
   8.6847705E-01   3.7749119E-03  -5.6691060E+00  -6.2117589E-01
   8.7146896E-01  -5.0336886E-03  -5.6756425E+00  -6.1647743E-01
   8.7535441E-01   6.5377797E-04  -5.7116575E+00  -6.0807961E-01
   8.7819576E-01  -1.5762199E-03  -5.7222185E+00  -5.9881985E-01
   8.8195676E-01  -8.3754687E-03  -5.7560916E+00  -6.0160363E-01
   8.8480461E-01  -1.9147657E-03  -5.7431068E+00  -5.8325934E-01
   8.8872373E-01  -2.7013900E-02  -5.7740059E+00  -5.7190502E-01
   8.9170957E-01   7.9414779E-03  -5.7943764E+00  -5.6434631E-01
   8.9568222E-01   1.8607499E-02  -5.8028760E+00  -5.6014609E-01
   8.9864552E-01   2.9384973E-02  -5.8370261E+00  -5.5266404E-01
   9.0161806E-01   3.4901872E-03  -5.8108420E+00  -5.4477519E-01
   9.0556502E-01   1.4710660E-02  -5.8397570E+00  -5.3313923E-01
   9.0851897E-01  -2.8020053E-03  -5.8511429E+00  -5.3057796E-01
   9.1247749E-01  -1.0901790E-04  -5.8574142E+00  -5.2331454E-01
   9.1544533E-01   1.5749458E-02  -5.8882575E+00  -5.1759797E-01
   9.1822976E-01  -2.7911358E-03  -5.8561835E+00  -5.1272917E-01
   9.2211300E-01   1.2491751E-02  -5.8905540E+00  -5.0197554E-01
   9.2500883E-01   3.5677217E-03  -5.9084573E+00  -4.9529475E-01
   9.2888421E-01   1.7180460E-02  -5.9096460E+00  -4.9643263E-01
   9.3181926E-01   1.3202650E-02  -5.9004087E+00  -4.8318121E-01
   9.3566912E-01  -6.7910347E-03  -5.9294682E+00  -4.8461357E-01
   9.3852353E-01   6.5913019E-03  -5.9312158E+00  -4.6931365E-01
   9.4232261E-01   1.2240633E-02  -5.9359989E+00  -4.6828404E-01
   9.4516808E-01  -2.0042656E-03  -5.9572001E+00  -4.5723534E-01
   9.4896603E-01   1.8438738E-02  -5.9458666E+00  -4.5017681E-01
   9.5182651E-01   3.4318005E-03  -5.9484887E+00  -4.4610313E-01
   9.5567012E-01   4.7423104E-03  -5.9536896E+00  -4.5116952E-01
   9.5858604E-01   1.0394327E-02  -5.9573169E+00  -4.4132078E-01
   9.6161091E-01   1.2261066E-02  -5.9600005E+00  -4.3959999E-01
   9.6562767E-01  -2.3573649E-03  -5.9607143E+00  -4.3329969E-01
   9.6855909E-01   6.1038751E-03  -5.9613414E+00  -4.2483827E-01
   9.7228146E-01   3.4960674E-03  -5.9630857E+00  -4.2057469E-01
   9.7557080E-01   8.9498740E-03  -5.9026790E+00  -4.1644061E-01
   9.7885025E-01   5.4945280E-03  -5.8973818E+00  -4.2065582E-01
   9.8235989E-01   1.5336452E-02  -5.9419675E+00  -4.1455460E-01
   9.8526669E-01   9.6305981E-03  -5.9392867E+00  -4.0936935E-01
   9.8897964E-01   4.2359270E-03  -5.8788500E+00  -3.9796841E-01
   9.9238592E-01   2.3737841E-04  -5.9023542E+00  -3.9575326E-01
   9.9520206E-01   1.6653081E-02  -5.8987260E+00  -3.8650554E-01
   9.9888331E-01   2.2089066E-02  -5.8569450E+00  -3.7777755E-01
   1.0026307E+00   1.0253970E-02  -5.8865552E+00  -3.7594044E-01
   1.0056522E+00   1.1185450E-03  -5.8391566E+00  -3.7320241E-01
   1.0089755E+00   1.3808494E-02  -5.8656554E+00  -3.6890462E-01
   1.0124345E+00   1.1972565E-02  -5.8426385E+00  -3.6044675E-01
   1.0157839E+00  -1.1128875E-03  -5.7772508E+00  -3.5250765E-01
   1.0190942E+00   8.3696833E-03  -5.8200827E+00  -3.4608752E-01
   1.0224155E+00   1.8335311E-02  -5.8030906E+00  -3.4003344E-01
   1.0257829E+00   3.6695269E-03  -5.7984529E+00  -3.3274338E-01
   1.0286376E+00  -9.5671322E-03  -5.7705579E+00  -3.2954061E-01
   1.0321194E+00   5.2287825E-03  -5.7402768E+00  -3.1775281E-01
   1.0356693E+00  -9.2357555E-03  -5.7265363E+00  -3.1472203E-01
   1.0392004E+00   2.3300685E-02  -5.6953826E+00  -3.0929285E-01
   1.0421951E+00   1.3167295E-02  -5.6789842E+00  -3.0673471E-01
   1.0458094E+00   1.2398511E-02  -5.6612110E+00  -3.0470023E-01
   1.0490302E+00   1.8224295E-02  -5.6043668E+00  -2.9593801E-01
   1.0523665E+00   7.1007205E-04  -5.6020775E+00  -2.9154834E-01
   1.0557191E+00   1.7236438E-02  -5.5803280E+00  -2.8461799E-01
   1.0592446E+00   2.4180202E-02  -5.5862427E+00  -2.7839923E-01
   1.0620358E+00   1.4502217E-02  -5.5505676E+00  -2.7548605E-01
   1.0656861E+00   1.2310612E-02  -5.5253015E+00  -2.7004611E-01
   1.0686369E+00   6.7818887E-03  -5.4751115E+00  -2.6750362E-01
   1.0722921E+00   1.6615089E-02  -5.4463825E+00  -2.6181290E-01
   1.0759519E+00   3.6291950E-03  -5.4205942E+00  -2.5742370E-01
   1.0789218E+00   1.5015822E-02  -5.3929882E+00  -2.5555941E-01
   1.0827185E+00   1.5158254E-02  -5.3715391E+00  -2.4983491E-01
   1.0858396E+00   3.9818129E-03  -5.3306351E+00  -2.4471383E-01
   1.0890509E+00   7.5249216E-03  -5.2950864E+00  -2.3995449E-01
   1.0923669E+00   1.9846164E-02  -5.2467861E+00  -2.3760077E-01
   1.0958263E+00   8.0608502E-03  -5.2450166E+00  -2.3363797E-01
   1.0994717E+00   1.2746435E-02  -5.2002945E+00  -2.2910252E-01
   1.1024528E+00   1.2061591E-02  -5.1967344E+00  -2.2591843E-01
   1.1058787E+00   3.8751515E-03  -5.1354494E+00  -2.2011717E-01
   1.1088347E+00   1.3836056E-02  -5.1003819E+00  -2.2292316E-01
   1.1124278E+00   2.4912434E-04  -5.1020622E+00  -2.1149690E-01
   1.1156222E+00   4.6153933E-02  -5.0054750E+00  -2.5648776E-01
   1.1193386E+00  -9.6600978E-03  -5.0126305E+00  -1.8501769E-01
   1.1223649E+00  -5.2344450E-03  -4.9865813E+00  -1.9938058E-01
   1.1255796E+00   5.6497293E-04  -4.9674253E+00  -2.0052309E-01
   1.1291153E+00  -4.4148820E-03  -4.9107151E+00  -1.9348449E-01
   1.1321645E+00   8.0909431E-03  -4.8318639E+00  -1.9017398E-01
   1.1355236E+00   7.3523261E-03  -4.8492851E+00  -1.8810377E-01
   1.1388199E+00   1.3778085E-02  -4.8482566E+00  -1.8493222E-01
   1.1420261E+00   1.1986961E-02  -4.7947006E+00  -1.8542247E-01
   1.1461859E+00   2.1045357E-03  -4.7459903E+00  -1.7750821E-01
   1.1492460E+00  -1.2146972E-02  -4.7000294E+00  -1.7241421E-01
   1.1524631E+00   1.0810123E-02  -4.6534610E+00  -1.6950281E-01
   1.1555479E+00   5.0689452E-03  -4.6486106E+00  -1.6842574E-01
   1.1595131E+00   1.9987162E-02  -4.5510249E+00  -1.6910732E-01
   1.1625545E+00  -9.7907335E-04  -4.5613694E+00  -1.6378917E-01
   1.1656530E+00   3.5288159E-03  -4.5140586E+00  -1.5892060E-01
   1.1693263E+00   6.6667348E-03  -4.5030417E+00  -1.5568845E-01
   1.1723450E+00   3.9025487E-03  -4.4400883E+00  -1.5097930E-01
   1.1755179E+00  -2.2798183E-04  -4.3916168E+00  -1.4763336E-01
   1.1797577E+00   1.1111377E-02  -4.3630285E+00  -1.4525184E-01
   1.1829810E+00   5.8925794E-03  -4.3246150E+00  -1.4876887E-01
   1.1864733E+00  -5.3894832E-03  -4.2705054E+00  -1.5163775E-01
   1.1888082E+00   5.4874942E-03  -4.2508612E+00  -1.4500058E-01
   1.1923519E+00   1.4294867E-03  -4.2186947E+00  -1.4088839E-01
   1.1958992E+00  -6.1353488E-04  -4.1669393E+00  -1.3821021E-01
   1.1994311E+00  -1.7410900E-03  -4.1099234E+00  -1.3352188E-01
   1.2029825E+00   4.9663504E-04  -4.0646496E+00  -1.3353871E-01
   1.2066100E+00   2.5225552E-03  -4.0232038E+00  -1.3019294E-01
   1.2089407E+00   1.2697796E-03  -4.0149832E+00  -1.2993419E-01
   1.2123443E+00  -5.7900804E-03  -3.9502268E+00  -1.3245142E-01
   1.2162158E+00  -2.4680451E-03  -3.8786383E+00  -1.2162632E-01
   1.2196336E+00  -9.5119100E-04  -3.8774247E+00  -1.2237185E-01
   1.2231852E+00  -2.9629616E-03  -3.8382442E+00  -1.1987267E-01
   1.2255722E+00   1.1936788E-04  -3.7959940E+00  -1.1935492E-01
   1.2292554E+00  -9.8859239E-04  -3.7109308E+00  -1.1746197E-01
   1.2328968E+00  -2.0524163E-03  -3.6556709E+00  -1.1631942E-01
   1.2364255E+00  -2.5836588E-03  -3.6577759E+00  -1.1596939E-01
   1.2398422E+00  -7.8266091E-04  -3.6227043E+00  -1.1396801E-01
   1.2431548E+00  -4.8591606E-03  -3.5643587E+00  -1.1384048E-01
   1.2464333E+00  -1.1281409E-02  -3.4075012E+00  -1.1358801E-01
   1.2497224E+00  -3.0844752E-03  -3.4605050E+00  -1.0939603E-01
   1.2530344E+00   5.2225547E-05  -3.5182753E+00  -1.1256976E-01
   1.2565012E+00  -3.4717771E-03  -3.4090986E+00  -1.0842931E-01
   1.2599807E+00  -8.7518804E-03  -3.2755644E+00  -1.0475991E-01
   1.2623184E+00   2.4828252E-03  -3.2699978E+00  -1.0392991E-01
   1.2658467E+00  -8.8627869E-03  -3.2320893E+00  -1.0481025E-01
   1.2693293E+00  -1.0410032E-02  -3.1952710E+00  -1.0480748E-01
   1.2727507E+00  -7.7590072E-03  -3.1328924E+00  -1.0227223E-01
   1.2761203E+00  -4.3116282E-03  -3.0718861E+00  -9.6886829E-02
   1.2794451E+00  -5.3992355E-03  -3.0266137E+00  -9.9388994E-02
   1.2827313E+00  -7.9505006E-03  -2.9802439E+00  -9.9220388E-02
   1.2859837E+00  -6.0834335E-03  -2.9511197E+00  -9.9344812E-02
   1.2892066E+00  -3.3955562E-03  -2.8898392E+00  -9.6140444E-02
   1.2924033E+00  -1.7412469E-02  -2.8454719E+00  -1.0089395E-01
   1.2966301E+00  -6.9670700E-03  -2.7695479E+00  -9.4372034E-02
   1.2997764E+00  -8.2508167E-03  -2.7229936E+00  -9.3525395E-02
   1.3029052E+00  -1.2854883E-02  -2.6743159E+00  -9.2342712E-02
   1.3060354E+00  -1.0140356E-02  -2.6219726E+00  -9.2463963E-02
   1.3092024E+00  -1.0793693E-02  -2.5672643E+00  -9.1281854E-02
   1.3124292E+00  -8.0477372E-03  -2.4964199E+00  -9.2162065E-02
   1.3157274E+00  -9.6326536E-03  -2.4654567E+00  -8.9724742E-02
   1.3190966E+00  -7.2887274E-03  -2.4245396E+00  -8.9578338E-02
   1.3224798E+00  -9.2978105E-03  -2.3462570E+00  -8.7533861E-02
   1.3258632E+00  -9.8998230E-03  -2.2998598E+00  -8.8130988E-02
   1.3292464E+00  -1.0064980E-02  -2.2431993E+00  -8.6805403E-02
   1.3325893E+00  -9.9484827E-03  -2.2155311E+00  -8.6734086E-02
   1.3359777E+00  -7.7413898E-03  -2.1014695E+00  -8.7831177E-02
   1.3393704E+00  -1.1612202E-02  -2.0835319E+00  -8.6175248E-02
   1.3427632E+00  -8.2605695E-03  -2.0324166E+00  -8.5713893E-02
   1.3461561E+00  -9.9887289E-03  -1.9649429E+00  -8.3101131E-02
   1.3495491E+00  -8.8195782E-03  -1.9112113E+00  -8.3105423E-02
   1.3529421E+00  -1.0122962E-02  -1.8670323E+00  -8.3400205E-02
   1.3563350E+00  -1.0227923E-02  -1.8035291E+00  -8.2987204E-02
   1.3597280E+00  -1.0105519E-02  -1.7521205E+00  -8.2551055E-02
   1.3631209E+00  -1.0475568E-02  -1.7078128E+00  -8.2291827E-02
   1.3665137E+00  -1.0593614E-02  -1.6321934E+00  -8.2444489E-02
   1.3698957E+00  -1.1052742E-02  -1.5566896E+00  -8.2008973E-02
   1.3732619E+00  -1.0071306E-02  -1.5246769E+00  -8.1863329E-02
   1.3766119E+00  -1.1627804E-02  -1.4848350E+00  -8.1939578E-02
   1.3799458E+00  -1.1986862E-02  -1.4239532E+00  -8.0469809E-02
   1.3832650E+00  -1.0101315E-02  -1.3686219E+00  -8.1447743E-02
   1.3865602E+00  -9.6190553E-03  -1.2878163E+00  -8.1844650E-02
   1.3900926E+00  -7.1896828E-04  -1.2442851E+00  -8.1432506E-02
   1.3931495E+00  -1.6708182E-02  -1.1831673E+00  -8.2360111E-02
   1.3964353E+00  -1.0271849E-02  -1.1165770E+00  -7.9942293E-02
   1.3997202E+00  -1.7574487E-02  -1.0556780E+00  -8.0459543E-02
   1.4030071E+00  -7.9609687E-03  -1.0119915E+00  -8.1451774E-02
   1.4062988E+00  -1.3193385E-02  -9.4233590E-01  -8.1608765E-02
   1.4095972E+00  -1.3837833E-02  -8.8494527E-01  -8.3004512E-02
   1.4129039E+00  -1.4946527E-02  -8.3271378E-01  -8.1112340E-02
   1.4161792E+00  -1.0701492E-02  -7.7287549E-01  -8.1280038E-02
   1.4193976E+00  -1.1906177E-02  -7.1826553E-01  -8.1245840E-02
   1.4235761E+00  -9.0386523E-03  -6.2906784E-01  -8.2445972E-02
   1.4266901E+00  -1.0108254E-02  -5.6690037E-01  -8.1781089E-02
   1.4297917E+00  -1.0989595E-02  -5.3111142E-01  -8.2708128E-02
   1.4328651E+00  -7.6112510E-03  -4.9419454E-01  -8.2360193E-02
   1.4369900E+00  -1.1886280E-02  -4.0379661E-01  -8.0616243E-02
   1.4392439E+00  -5.4378062E-03  -3.1580359E-01  -8.1981510E-02
   1.4426368E+00  -8.2108984E-03  -2.6542887E-01  -8.3093673E-02
   1.4460298E+00  -4.5763133E-03  -2.2066465E-01  -8.4931292E-02
   1.4494227E+00  -2.9732862E-03  -1.4984286E-01  -8.5823253E-02
   1.4528157E+00  -5.9528113E-03  -8.9778602E-02  -8.4771983E-02
   1.4562086E+00  -2.9217422E-03  -9.9838823E-03  -8.4728941E-02
   1.4596015E+00  -6.3026729E-03   5.1705420E-02  -8.5332707E-02
   1.4629945E+00  -1.4107806E-03   9.7303741E-02  -8.3937734E-02
   1.4663874E+00  -5.1559573E-03   1.4813936E-01  -8.4229238E-02
   1.4697803E+00  -7.7318624E-03   1.8351923E-01  -8.4765725E-02
   1.4731733E+00  -9.7698916E-04   3.1696385E-01  -8.7486565E-02
   1.4765662E+00  -1.3702321E-03   3.9036641E-01  -8.6220540E-02
   1.4799591E+00   1.6015149E-03   3.9034793E-01  -8.9330286E-02
   1.4833522E+00  -1.8236125E-04   5.3052396E-01  -8.7493680E-02
   1.4867451E+00   1.6864479E-03   5.5498773E-01  -9.0598159E-02
   1.4901381E+00   8.5937046E-03   5.6317508E-01  -9.1406457E-02
   1.4935310E+00  -4.5758146E-03   8.7524718E-01  -9.0875939E-02
   1.4969239E+00   9.4814494E-04   6.6420108E-01  -9.1360152E-02
   1.5003169E+00  -3.1769515E-03   9.2817062E-01  -9.5571280E-02
   1.5035510E+00   6.9285400E-04   8.9296776E-01  -9.6377924E-02
   1.5069439E+00  -1.0819796E-03   8.9032441E-01  -9.9717587E-02
   1.5103369E+00  -1.6326254E-03   1.0030859E+00  -9.9841036E-02
   1.5137298E+00  -2.6832407E-03   1.1398865E+00  -1.0351583E-01
   1.5171107E+00   4.9836480E-04   1.2077875E+00  -1.0438496E-01
   1.5202699E+00  -3.6778933E-04   1.2270027E+00  -1.0935912E-01
   1.5235130E+00  -6.3381302E-03   1.3476157E+00  -1.0811639E-01
   1.5263960E+00  -3.7804772E-03   1.3930351E+00  -1.1235476E-01
   1.5297337E+00  -2.5519179E-03   1.4360613E+00  -1.1083824E-01
   1.5334997E+00  -2.3794996E-04   1.5204405E+00  -1.1295929E-01
   1.5366499E+00  -5.7653794E-03   1.5709777E+00  -1.1928011E-01
   1.5396998E+00   2.7235348E-03   1.6977589E+00  -1.2182724E-01
   1.5434068E+00   1.9791864E-03   1.7326491E+00  -1.1827627E-01
   1.5467026E+00   3.3313402E-03   1.7755399E+00  -1.2409742E-01
   1.5504837E+00  -2.1709027E-03   1.8706958E+00  -1.2725835E-01
   1.5530411E+00  -1.9121289E-02   1.9351220E+00  -1.2754777E-01
   1.5567355E+00  -1.8290704E-02   1.9950310E+00  -1.3090163E-01
   1.5604178E+00   4.9202750E-03   2.0508492E+00  -1.3571890E-01
   1.5630548E+00   3.7208181E-03   2.1117151E+00  -1.3764843E-01
   1.5669101E+00  -3.5591410E-03   2.2078035E+00  -1.4034793E-01
   1.5694982E+00   3.9105448E-03   2.2442760E+00  -1.3848200E-01
   1.5732598E+00  -1.5213142E-02   2.3096683E+00  -1.4412142E-01
   1.5769008E+00  -3.2420381E-04   2.4614189E+00  -1.4740141E-01
   1.5804267E+00  -1.2975595E-03   2.4244342E+00  -1.4978090E-01
   1.5838497E+00  -9.8055126E-03   2.4484732E+00  -1.5109564E-01
   1.5872096E+00  -3.1537592E-02   2.8115349E+00  -1.6323093E-01
   1.5905695E+00  -3.0634061E-03   2.6335483E+00  -1.5900461E-01
   1.5939294E+00   1.0439483E-03   2.6286416E+00  -1.5363155E-01
   1.5972881E+00  -8.0599841E-03   2.9076047E+00  -1.5913662E-01
   1.6005909E+00   4.8835124E-03   2.8025987E+00  -1.5129103E-01
   1.6038176E+00  -3.0306829E-03   2.8492785E+00  -1.6577698E-01
   1.6069731E+00  -2.8644793E-02   3.2079659E+00  -1.7064561E-01
   1.6100413E+00  -2.5210354E-02   3.0486705E+00  -1.7395359E-01
   1.6130681E+00  -1.9146932E-02   3.0046170E+00  -1.7407340E-01
   1.6170129E+00  -1.7129816E-02   3.1847739E+00  -1.9011213E-01
   1.6199074E+00  -1.7988143E-02   3.2688200E+00  -1.8604128E-01
   1.6235065E+00  -1.6657162E-02   3.3150406E+00  -1.8339649E-01
   1.6270902E+00   9.9229105E-03   3.4282217E+00  -2.0099907E-01
   1.6306274E+00  -5.1272875E-03   3.4681346E+00  -1.9387202E-01
   1.6332941E+00  -2.3556413E-02   3.5040305E+00  -1.8973303E-01
   1.6369336E+00  -3.3005442E-02   3.5932689E+00  -1.8630429E-01
   1.6401281E+00  -7.7610593E-03   3.6457348E+00  -1.9913605E-01
   1.6440837E+00  -6.5947436E-03   3.7331235E+00  -1.9343157E-01
   1.6473048E+00  -6.6743856E-03   3.7780285E+00  -2.0091161E-01
   1.6497295E+00  -1.1360144E-03   3.8190436E+00  -1.8736400E-01
   1.6533085E+00   3.0765184E-03   3.8992143E+00  -1.9338688E-01
   1.6569490E+00  -5.6908112E-02   3.9812427E+00  -1.9372147E-01
   1.6600103E+00   1.1343393E-02   4.0481429E+00  -2.0174189E-01
   1.6633443E+00  -3.0603318E-02   4.0570736E+00  -1.9417557E-01
   1.6672037E+00  -3.8905930E-02   4.1731420E+00  -1.8686722E-01
   1.6699334E+00  -6.3564189E-02   4.2145910E+00  -1.8909733E-01
   1.6740059E+00  -2.8790603E-03   4.3044777E+00  -1.8787675E-01
   1.6767079E+00   2.3740325E-03   4.3398929E+00  -1.9021007E-01
   1.6798432E+00   2.0806026E-02   4.4035764E+00  -2.0297758E-01
   1.6831131E+00  -8.8404929E-03   4.4600816E+00  -2.0384546E-01
   1.6869774E+00  -3.1901073E-02   4.5289555E+00  -2.2482875E-01
   1.6902580E+00  -1.0943973E-02   4.5990629E+00  -2.0280330E-01
   1.6936989E+00  -4.6577952E-03   4.6603560E+00  -1.8317200E-01
   1.6971865E+00  -1.2244179E-02   4.7241349E+00  -1.7676562E-01
   1.7005790E+00  -1.0669175E-02   4.8080401E+00  -1.7880785E-01
   1.7035952E+00   2.1428894E-03   4.8476324E+00  -1.9222938E-01
   1.7069843E+00  -5.0927617E-04   4.9218802E+00  -1.7930484E-01
   1.7107867E+00  -8.7499693E-03   4.9879904E+00  -1.7353362E-01
   1.7134296E+00  -2.1484103E-02   5.0257435E+00  -1.7927338E-01
   1.7169669E+00  -1.6900868E-03   5.1191325E+00  -1.7504354E-01
   1.7204304E+00  -2.8498839E-03   5.1768146E+00  -1.7381768E-01
   1.7235097E+00  -1.3102048E-02   5.1950827E+00  -1.7259663E-01
   1.7269598E+00  -1.0811674E-02   5.2586484E+00  -1.8001978E-01
   1.7308282E+00   5.5139665E-03   5.3586593E+00  -1.7978549E-01
   1.7334918E+00   5.7505006E-03   5.4024057E+00  -1.7101607E-01
   1.7374388E+00   1.1892092E-02   5.4732037E+00  -1.7673866E-01
   1.7401102E+00  -8.7712239E-03   5.5268545E+00  -1.8431620E-01
   1.7441226E+00   1.2463772E-02   5.5804663E+00  -1.8079206E-01
   1.7468010E+00   2.1598715E-02   5.6287551E+00  -1.7601942E-01
   1.7507645E+00   2.7229942E-03   5.7179747E+00  -1.7522156E-01
   1.7533337E+00  -9.4472384E-03   5.7536516E+00  -1.6967280E-01
   1.7573099E+00  -2.0995236E-03   5.8290982E+00  -1.7738591E-01
   1.7609495E+00   2.5038252E-02   5.9006543E+00  -1.8679212E-01
   1.7637773E+00  -8.1592118E-03   5.9629154E+00  -1.7406286E-01
   1.7672756E+00  -4.8496937E-03   5.9873896E+00  -1.8636221E-01
   1.7701477E+00   1.0244750E-02   6.0397525E+00  -2.0315567E-01
   1.7736387E+00   1.0337679E-02   6.1074347E+00  -2.0529179E-01
   1.7767423E+00  -7.6155728E-03   6.1772652E+00  -2.1547158E-01
   1.7802302E+00   7.0051895E-03   6.1848316E+00  -2.0779513E-01
   1.7840985E+00   9.5486287E-03   6.3102303E+00  -2.2405027E-01
   1.7870600E+00  -5.5826399E-03   6.2997227E+00  -2.1482150E-01
   1.7910178E+00   6.7206719E-03   6.4514422E+00  -2.2684252E-01
   1.7943598E+00   1.7009037E-02   6.3670034E+00  -2.2083044E-01
   1.7968755E+00   4.2265784E-03   6.4109845E+00  -2.3854728E-01
   1.8008996E+00   6.8642437E-03   6.6460228E+00  -2.6796150E-01
   1.8036035E+00  -4.7394908E-03   6.5741138E+00  -2.5995532E-01
   1.8071204E+00   2.0669606E-02   6.5884266E+00  -2.5317529E-01
   1.8103372E+00   8.5193310E-03   6.6727815E+00  -2.6565433E-01
   1.8142090E+00  -1.6975752E-03   6.7416391E+00  -2.8112850E-01
   1.8170753E+00   1.9256616E-02   6.7311320E+00  -2.7683806E-01
   1.8211149E+00   1.1402362E-03   6.8179727E+00  -2.8422606E-01
   1.8234004E+00  -1.1327114E-02   6.8696575E+00  -2.8662774E-01
   1.8271786E+00   8.6651333E-03   6.9195852E+00  -2.9047540E-01
   1.8306907E+00   1.7809482E-02   6.9748807E+00  -2.9717070E-01
   1.8345857E+00  -3.3467317E-03   7.0014753E+00  -2.9319268E-01
   1.8372754E+00  -1.5031000E-03   7.0496550E+00  -3.0311620E-01
   1.8407415E+00  -5.3265905E-03   7.1373453E+00  -3.0713630E-01
   1.8436991E+00  -3.0173916E-02   7.1736646E+00  -3.2126045E-01
   1.8471228E+00   1.5295712E-02   7.1938610E+00  -3.0513945E-01
   1.8504593E+00   1.9465307E-02   7.2752757E+00  -3.1730595E-01
   1.8539459E+00   6.1034167E-04   7.2912784E+00  -3.1546849E-01
   1.8569299E+00   1.5251232E-02   7.3366303E+00  -3.0961350E-01
   1.8607589E+00   7.5585321E-03   7.4057589E+00  -3.0817923E-01
   1.8637918E+00   1.8276397E-02   7.4328742E+00  -3.2041684E-01
   1.8671230E+00   2.9720053E-02   7.4957466E+00  -3.2177848E-01
   1.8705912E+00   1.6286256E-02   7.5116591E+00  -3.1072092E-01
   1.8737818E+00   2.1272436E-02   7.5665598E+00  -3.0896839E-01
   1.8770299E+00   2.9906733E-03   7.5950370E+00  -3.0176187E-01
   1.8809890E+00   6.5495432E-03   7.6330647E+00  -3.2079864E-01
   1.8840584E+00   4.7632339E-03   7.6848745E+00  -3.2384226E-01
   1.8877867E+00   3.9020576E-02   7.7306018E+00  -3.2635099E-01
   1.8906913E+00  -1.8985977E-02   7.7403731E+00  -3.2847175E-01
   1.8942322E+00  -1.0472441E-02   7.8524795E+00  -3.3279991E-01
   1.8976877E+00  -1.6970246E-03   7.8330541E+00  -3.4662613E-01
   1.9010789E+00   1.3870024E-02   7.8907552E+00  -3.2383320E-01
   1.9044099E+00   2.2742983E-03   7.9378581E+00  -3.3675453E-01
   1.9076858E+00   1.9891558E-02   7.9764452E+00  -3.2957375E-01
   1.9109118E+00   4.6474510E-04   7.9952288E+00  -3.4603307E-01
   1.9140861E+00   7.0599136E-03   8.0214043E+00  -3.2209483E-01
   1.9172062E+00   1.3105235E-02   8.0277081E+00  -3.5269982E-01
   1.9209014E+00   2.1453910E-03   8.0769415E+00  -3.4222201E-01
   1.9239353E+00   1.7856867E-03   8.1324749E+00  -3.2840261E-01
   1.9275213E+00  -7.1367016E-04   8.1437578E+00  -3.3802390E-01
   1.9310894E+00  -1.3591430E-02   8.1845026E+00  -3.4202117E-01
   1.9340315E+00   1.7029256E-02   8.1880856E+00  -3.3773333E-01
   1.9374831E+00   2.7317379E-02   8.2045860E+00  -3.8390023E-01
   1.9411422E+00  -8.2828524E-03   8.2136183E+00  -4.0010273E-01
   1.9442511E+00  -7.9714740E-03   8.2503138E+00  -3.5078445E-01
   1.9473126E+00   2.3801524E-02   8.2962780E+00  -3.7225676E-01
   1.9510013E+00  -8.1166644E-03   8.2889729E+00  -3.9248469E-01
   1.9541335E+00  -5.3238748E-03   8.3115816E+00  -4.0328544E-01
   1.9579170E+00   3.4196412E-03   8.3080883E+00  -4.1637763E-01
   1.9612743E+00   6.7334329E-03   8.3482275E+00  -4.3914673E-01
   1.9646056E+00   5.9243082E-03   8.3557405E+00  -4.2007980E-01
   1.9679285E+00   3.1349792E-03   8.3603230E+00  -4.3765092E-01
   1.9711312E+00  -7.3775095E-03   8.3801136E+00  -4.5538267E-01
   1.9742033E+00  -2.7422637E-02   8.3910017E+00  -4.4400284E-01
   1.9771386E+00   1.7438732E-02   8.3840733E+00  -4.6542206E-01
   1.9809674E+00   1.7569468E-03   8.3837614E+00  -4.6644598E-01
   1.9843646E+00   5.7706078E-05   8.3802853E+00  -4.8207033E-01
   1.9877880E+00  -7.6789367E-03   8.3354912E+00  -4.7610387E-01
   1.9907625E+00   1.0646913E-02   8.3080168E+00  -4.9262965E-01
   1.9943177E+00   3.4378778E-02   8.3891687E+00  -5.0306267E-01
   1.9975559E+00   2.4189774E-03   8.3532314E+00  -5.1447451E-01
   2.0011106E+00  -2.6003636E-02   8.3107147E+00  -5.3381240E-01
   2.0041959E+00   4.2008138E-03   8.2352085E+00  -5.3606927E-01
   2.0075550E+00  -8.0486888E-04   8.3183498E+00  -5.2842313E-01
   2.0109804E+00  -1.0364666E-02   8.2848139E+00  -5.3875089E-01
   2.0146267E+00   1.3536987E-02   8.1609802E+00  -5.5079877E-01
   2.0172660E+00  -1.0406864E-02   8.1793423E+00  -5.6323653E-01
   2.0208569E+00   2.0043382E-03   8.2065411E+00  -5.7976007E-01
   2.0243571E+00   5.0549489E-03   8.1604433E+00  -5.8923811E-01
   2.0277770E+00   1.6458154E-03   8.1555643E+00  -5.9945208E-01
   2.0312302E+00  -1.2314109E-02   8.0496464E+00  -6.1023593E-01
   2.0341256E+00   3.9802543E-03   8.0231371E+00  -6.2011671E-01
   2.0379741E+00   1.5200790E-03   8.0234518E+00  -6.3156557E-01
   2.0408411E+00   3.6187246E-03   7.9992108E+00  -6.4205337E-01
   2.0446436E+00   4.4592340E-03   7.9346824E+00  -6.5358847E-01
   2.0474813E+00   1.4748103E-03   7.8866439E+00  -6.6782916E-01
   2.0512416E+00   1.0734309E-02   7.8270664E+00  -6.8108141E-01
   2.0540442E+00   9.2761042E-03   7.7950058E+00  -6.8901634E-01
   2.0578706E+00  -1.4715827E-02   7.7603846E+00  -6.9759315E-01
   2.0609512E+00   1.2047354E-02   7.6396337E+00  -7.1555626E-01
   2.0648832E+00   5.3134416E-03   7.6492596E+00  -7.1749586E-01
   2.0676420E+00   8.9175086E-03   7.5965295E+00  -7.3003399E-01
   2.0713222E+00   8.4072379E-03   7.5123320E+00  -7.5574511E-01
   2.0743217E+00   1.3963597E-02   7.3791227E+00  -7.7365214E-01
   2.0775371E+00   2.1863356E-02   7.3904042E+00  -7.6462197E-01
   2.0813448E+00   2.1072824E-02   7.3681078E+00  -7.9054582E-01
   2.0844195E+00   1.7389894E-02   7.2201996E+00  -7.6275045E-01
   2.0877318E+00   1.3127325E-03   7.2798681E+00  -8.0232954E-01
   2.0912180E+00  -7.7142036E-03   7.1207118E+00  -8.3302844E-01
   2.0941782E+00   3.7513282E-02   7.0484481E+00  -8.2216430E-01
   2.0979209E+00   1.5046783E-02   6.9515505E+00  -8.5676843E-01
   2.1010764E+00   1.3541729E-02   6.8703327E+00  -8.7871128E-01
   2.1045113E+00   1.2449388E-02   6.9167371E+00  -8.7047130E-01
   2.1079662E+00   2.2434225E-02   6.7615948E+00  -8.9490205E-01
   2.1115563E+00   2.2851305E-02   6.5715051E+00  -9.0225339E-01
   2.1142917E+00   5.9797210E-03   6.6485677E+00  -9.0173167E-01
   2.1179280E+00   1.0097887E-02   6.5629387E+00  -9.3532920E-01
   2.1211238E+00   2.0786669E-02   6.3845062E+00  -9.4361979E-01
   2.1243675E+00   6.7121587E-03   6.2915769E+00  -9.5444632E-01
   2.1279325E+00   2.8235631E-02   6.2332587E+00  -9.6318966E-01
   2.1316507E+00   3.2616187E-02   6.1706343E+00  -1.0040699E+00
   2.1345303E+00  -6.4402615E-05   5.9632373E+00  -9.8951262E-01
   2.1376438E+00   6.3929998E-04   5.9169106E+00  -1.0042098E+00
   2.1415255E+00   1.7578786E-02   5.8460336E+00  -1.0087994E+00
   2.1446753E+00   1.8247355E-02   5.7637348E+00  -1.0297439E+00
   2.1479530E+00   3.3209987E-02   5.5329185E+00  -1.0502485E+00
   2.1512756E+00   1.4761247E-02   5.4587240E+00  -1.0547459E+00
   2.1546271E+00   2.6179291E-02   5.4623632E+00  -1.0681907E+00
   2.1579514E+00   2.6000589E-02   5.3924680E+00  -1.0770764E+00
   2.1614075E+00   4.1872561E-03   5.1653924E+00  -1.0896008E+00
   2.1644039E+00   1.2059500E-02   4.9878445E+00  -1.0962820E+00
   2.1684883E+00   3.0637046E-03   4.8984542E+00  -1.1158011E+00
   2.1715629E+00  -6.7186082E-04   4.8418388E+00  -1.1223928E+00
   2.1746519E+00   2.2502232E-02   4.7428927E+00  -1.1351541E+00
   2.1782978E+00   1.6746370E-02   4.5457940E+00  -1.1567112E+00
   2.1809778E+00   6.4579635E-03   4.4450140E+00  -1.1500374E+00
   2.1850646E+00   2.1837559E-02   4.3705859E+00  -1.1606904E+00
   2.1880910E+00   5.0629016E-02   4.2134209E+00  -1.1679410E+00
   2.1910443E+00   2.5713820E-02   4.0962000E+00  -1.1806679E+00
   2.1948447E+00   4.3973770E-02   3.9011931E+00  -1.1868260E+00
   2.1980314E+00  -1.3852628E-03   3.8127851E+00  -1.2067878E+00
   2.2017043E+00   1.7755978E-02   3.6698849E+00  -1.2059258E+00
   2.2044539E+00   1.2800674E-02   3.5910037E+00  -1.2122229E+00
   2.2080834E+00   1.3691843E-02   3.4041946E+00  -1.2207398E+00
   2.2116828E+00   7.6700412E-03   3.1653879E+00  -1.2228867E+00
   2.2152605E+00  -9.4845239E-03   3.0474315E+00  -1.2278855E+00
   2.2179186E+00   1.7971523E-02   3.0626173E+00  -1.2284913E+00
   2.2215030E+00  -1.5282341E-02   2.8869374E+00  -1.2346077E+00
   2.2250915E+00   5.3748386E-03   2.6799040E+00  -1.2497190E+00
   2.2281809E+00   5.4302397E-03   2.5596564E+00  -1.2458693E+00
   2.2316208E+00   7.2636795E-03   2.4139266E+00  -1.2448692E+00
   2.2352393E+00  -1.1847246E-02   2.3268545E+00  -1.2473894E+00
   2.2383747E+00  -3.3378571E-02   2.1701095E+00  -1.2493473E+00
   2.2412271E+00  -9.3993861E-03   1.9985657E+00  -1.2509978E+00
   2.2446127E+00  -7.4183387E-03   1.9054581E+00  -1.2478422E+00
   2.2485218E+00   5.4556876E-03   1.7283837E+00  -1.2555785E+00
   2.2513380E+00  -1.2890507E-02   1.5422038E+00  -1.2554100E+00
   2.2549415E+00  -4.4959844E-03   1.4913193E+00  -1.2494645E+00
   2.2581072E+00  -2.4011176E-02   1.4338633E+00  -1.2452528E+00
   2.2616894E+00  -1.8953150E-02   1.2355671E+00  -1.2483361E+00
   2.2646203E+00  -3.2654915E-02   1.0876126E+00  -1.2368619E+00
   2.2683012E+00  -3.9942406E-02   9.5760596E-01  -1.2416611E+00
   2.2717512E+00   3.0146500E-02   8.1725335E-01  -1.2523385E+00
   2.2748468E+00  -3.7130583E-02   7.2609282E-01  -1.2376362E+00
   2.2780342E+00  -1.9565219E-02   6.1947298E-01  -1.2331187E+00
   2.2819512E+00  -4.2604741E-02   4.1511634E-01  -1.2198160E+00
   2.2847171E+00   3.2471899E-02   3.4551865E-01  -1.2418455E+00
   2.2886057E+00  -4.6413571E-02   2.1265268E-01  -1.2283825E+00
   2.2917769E+00  -3.8110826E-02   1.0188304E-01  -1.2028019E+00
   2.2952337E+00   2.4564307E-02  -3.5784092E-02  -1.2183634E+00
   2.2986293E+00  -4.5280430E-02  -1.6596173E-01  -1.2282959E+00
   2.3014169E+00  -3.2626450E-02  -2.4718289E-01  -1.2025138E+00
   2.3052690E+00   6.5247431E-02  -3.1235406E-01  -1.2002047E+00
   2.3087261E+00  -2.1697504E-02  -5.1073915E-01  -1.2046816E+00
   2.3113244E+00  -3.4065492E-02  -5.9133297E-01  -1.2026782E+00
   2.3153086E+00  -2.5124541E-02  -7.3725969E-01  -1.1869665E+00
   2.3184204E+00  -2.6209472E-02  -8.3048648E-01  -1.1781178E+00
   2.3215184E+00  -1.5430251E-02  -9.2911053E-01  -1.1782044E+00
   2.3246026E+00  -3.9974224E-02  -1.0025156E+00  -1.1762670E+00
   2.3286974E+00  -2.5037277E-02  -1.1364642E+00  -1.1686178E+00
   2.3315332E+00  -3.0182675E-02  -1.2388369E+00  -1.1749687E+00
   2.3351531E+00  -1.1265450E-02  -1.3825512E+00  -1.1618874E+00
   2.3383858E+00  -2.6500290E-02  -1.4421979E+00  -1.1553125E+00
   2.3421748E+00  -2.6562072E-02  -1.5134077E+00  -1.1387219E+00
   2.3450205E+00  -1.0639840E-02  -1.6614786E+00  -1.1348463E+00
   2.3487630E+00  -4.3232515E-02  -1.7610506E+00  -1.1296922E+00
   2.3515463E+00  -2.7207311E-02  -1.8389878E+00  -1.1250800E+00
   2.3552182E+00  -1.6652830E-02  -1.9190640E+00  -1.1167072E+00
   2.3584599E+00  -3.2783620E-02  -2.0755668E+00  -1.1094583E+00
   2.3619974E+00  -2.9449495E-02  -2.1893919E+00  -1.0971459E+00
   2.3655031E+00  -2.4339547E-02  -2.2510588E+00  -1.0925424E+00
   2.3683152E+00  -1.9175522E-02  -2.2965071E+00  -1.0850500E+00
   2.3720646E+00  -3.3762708E-02  -2.4027700E+00  -1.0871645E+00
   2.3748586E+00  -3.0963669E-02  -2.5196257E+00  -1.0786290E+00
   2.3785210E+00  -8.4994119E-03  -2.5735404E+00  -1.0744263E+00
   2.3821232E+00  -1.8087493E-02  -2.6688643E+00  -1.0443499E+00
   2.3847916E+00  -3.7446178E-02  -2.7537155E+00  -1.0486926E+00
   2.3883071E+00  -3.0409159E-02  -2.7907670E+00  -1.0450230E+00
   2.3918355E+00  -3.3297267E-02  -2.9201210E+00  -1.0364770E+00
   2.3954453E+00  -2.6304880E-02  -3.0014582E+00  -1.0269006E+00
   2.3981924E+00  -3.0296754E-02  -3.0548928E+00  -1.0087163E+00
   2.4017971E+00  -2.5240533E-02  -3.1343293E+00  -1.0009335E+00
   2.4054205E+00  -1.5507709E-02  -3.2096033E+00  -9.8498821E-01
   2.4082456E+00  -2.5352286E-02  -3.2667620E+00  -9.6862352E-01
   2.4120009E+00  -2.5984988E-02  -3.3563526E+00  -9.4758135E-01
   2.4154711E+00  -5.3249832E-02  -3.4342635E+00  -9.3395329E-01
   2.4186904E+00  -1.4564952E-02  -3.4842167E+00  -9.1338706E-01
   2.4217372E+00  -2.9111098E-02  -3.5500414E+00  -9.0503109E-01
   2.4249980E+00  -3.4624223E-02  -3.6683569E+00  -8.9282221E-01
   2.4285557E+00  -9.8904725E-03  -3.5254829E+00  -8.7047136E-01
   2.4319746E+00  -1.3833478E-02  -3.8266118E+00  -8.6273688E-01
   2.4351199E+00  -2.7000085E-02  -3.8527792E+00  -8.4115613E-01
   2.4384301E+00  -1.9414306E-02  -3.8193264E+00  -8.2992154E-01
   2.4420335E+00  -4.2635430E-02  -3.8970227E+00  -8.1824261E-01
   2.4455991E+00  -2.9942153E-02  -4.0128398E+00  -8.0664581E-01
   2.4485242E+00  -1.3738777E-02  -4.0553141E+00  -7.8940850E-01
   2.4523013E+00  -4.8780091E-02  -4.0568619E+00  -7.7017301E-01
   2.4555628E+00  -3.3843410E-03  -4.1192284E+00  -7.6822710E-01
   2.4586461E+00  -3.1702649E-02  -4.1536427E+00  -7.5373989E-01
   2.4621794E+00  -3.9152995E-02  -4.2309608E+00  -7.3918170E-01
   2.4652026E+00  -1.5195077E-02  -4.2831221E+00  -7.2543591E-01
   2.4682150E+00  -1.4005393E-02  -4.2962236E+00  -7.1167678E-01
   2.4721148E+00  -8.3060391E-02  -4.3577056E+00  -7.0735204E-01
   2.4749548E+00   2.9776969E-03  -4.3954754E+00  -6.9132513E-01
   2.4786916E+00  -2.3651680E-02  -4.4186807E+00  -6.6976458E-01
   2.4823461E+00  -4.5411754E-02  -4.5127716E+00  -6.6135138E-01
   2.4850402E+00  -5.9282668E-02  -4.4754901E+00  -6.5020603E-01
   2.4885671E+00  -4.9753182E-02  -4.5299959E+00  -6.3863671E-01
   2.4924252E+00  -2.1051161E-02  -4.5811276E+00  -6.2594306E-01
   2.4954526E+00   6.4212782E-03  -4.6042008E+00  -6.1596721E-01
   2.4986997E+00  -4.2827938E-02  -4.6183128E+00  -6.0265577E-01
   2.5019410E+00   3.0200440E-02  -4.6571403E+00  -5.8998549E-01
   2.5057967E+00  -3.0715188E-02  -4.6838889E+00  -5.8566493E-01
   2.5088320E+00  -4.0688917E-02  -4.7022839E+00  -5.6561536E-01
   2.5120027E+00  -3.4790214E-03  -4.7062702E+00  -5.7040620E-01
   2.5151320E+00  -3.2569245E-02  -4.7392240E+00  -5.5942994E-01
   2.5189903E+00  -2.4281152E-02  -4.7210984E+00  -5.6683326E-01
   2.5220330E+00  -1.2364540E-02  -4.7851501E+00  -5.5039942E-01
   2.5257759E+00  -2.0632539E-02  -4.7934384E+00  -5.4559040E-01
   2.5287507E+00  -2.5565419E-02  -4.7795444E+00  -5.3464073E-01
   2.5320609E+00  -3.6945546E-03  -4.7878571E+00  -5.3711295E-01
   2.5359573E+00  -1.5752753E-02  -4.8316884E+00  -5.2077460E-01
   2.5390310E+00  -1.7675022E-02  -4.8333163E+00  -5.0492924E-01
   2.5421031E+00   6.1522489E-03  -4.8447452E+00  -4.8853123E-01
   2.5451603E+00  -1.1553744E-02  -4.8355069E+00  -4.9509504E-01
   2.5485902E+00   7.9190060E-03  -4.8719063E+00  -4.7626695E-01
   2.5523221E+00  -1.7754868E-02  -4.8288469E+00  -4.6034196E-01
   2.5557737E+00  -4.1190151E-02  -4.8916206E+00  -4.5445362E-01
   2.5589561E+00  -7.0251347E-03  -4.9250960E+00  -4.4346750E-01
   2.5623055E+00  -2.7110180E-02  -4.8697963E+00  -4.2833215E-01
   2.5655468E+00   1.9262008E-03  -4.9320068E+00  -4.1982859E-01
   2.5692444E+00  -3.5209391E-02  -4.8777966E+00  -3.9327571E-01
   2.5720170E+00  -1.9316936E-02  -4.9077487E+00  -4.1115579E-01
   2.5754583E+00   2.9044086E-04  -4.9210773E+00  -3.9858297E-01
   2.5787232E+00   3.7075125E-02  -4.9586821E+00  -3.7131065E-01
   2.5819726E+00  -1.9941023E-03  -4.9298196E+00  -3.7603042E-01
   2.5859289E+00   3.7217371E-03  -4.8831310E+00  -3.7001121E-01
   2.5893168E+00   1.0359234E-03  -4.9282327E+00  -3.5892513E-01
   2.5925167E+00  -3.3135107E-03  -4.9188356E+00  -3.4641847E-01
   2.5956137E+00   3.5802573E-02  -4.8924966E+00  -3.3858597E-01
   2.5990348E+00  -2.9577105E-03  -4.9437504E+00  -3.3072633E-01
   2.6024156E+00  -9.9604204E-03  -4.9221635E+00  -3.1690437E-01
   2.6059141E+00   3.1574577E-02  -4.9421940E+00  -3.0959889E-01
   2.6093621E+00  -3.6899121E-03  -4.9092350E+00  -3.0263939E-01
   2.6119268E+00  -2.3337455E-02  -4.8970895E+00  -2.9472011E-01
   2.6153893E+00   1.6528206E-02  -4.8474817E+00  -2.8419471E-01
   2.6192100E+00  -1.2137122E-02  -4.8360329E+00  -2.7230379E-01
   2.6221988E+00  -2.7831574E-03  -4.8868895E+00  -2.8226441E-01
   2.6255226E+00   9.9649681E-03  -4.9271007E+00  -2.6791224E-01
   2.6289511E+00   1.0913526E-02  -4.8951297E+00  -2.5238615E-01
   2.6322646E+00   3.0124998E-03  -4.8182645E+00  -2.4013020E-01
   2.6354046E+00   1.4299361E-02  -4.8887911E+00  -2.3242299E-01
   2.6389196E+00   1.4672674E-02  -4.8773603E+00  -2.2794756E-01
   2.6421254E+00   9.8327287E-03  -4.8103399E+00  -2.2455567E-01
   2.6460614E+00   2.7438449E-02  -4.8609271E+00  -2.3149998E-01
   2.6491539E+00   3.4827966E-02  -4.8533616E+00  -2.0522988E-01
   2.6521986E+00   2.2891045E-03  -4.8412709E+00  -1.9754669E-01
   2.6559405E+00  -2.6341907E-03  -4.7743320E+00  -1.8600589E-01
   2.6588852E+00   3.7487179E-02  -4.7820663E+00  -1.9214962E-01
   2.6625087E+00   6.5119569E-03  -4.8138356E+00  -1.8275358E-01
   2.6659098E+00   8.8053994E-04  -4.8074012E+00  -1.8038881E-01
   2.6690998E+00   1.7983736E-02  -4.7389898E+00  -1.6763057E-01
   2.6723282E+00   3.6511368E-03  -4.7386560E+00  -1.5779164E-01
   2.6757343E+00   2.4272742E-02  -4.7508826E+00  -1.5450308E-01
   2.6790891E+00   6.3135556E-04  -4.7924495E+00  -1.4913400E-01
   2.6823952E+00   1.6224522E-02  -4.7103424E+00  -1.3947816E-01
   2.6856546E+00   7.2698928E-03  -4.6673632E+00  -1.3162743E-01
   2.6888692E+00  -2.9755307E-03  -4.6829410E+00  -1.2595126E-01
   2.6926703E+00  -6.1476831E-03  -4.6736813E+00  -1.2375893E-01
   2.6957927E+00  -4.1317050E-03  -4.6509409E+00  -1.1875600E-01
   2.6994874E+00  -2.6598247E-04  -4.6279159E+00  -1.0308871E-01
   2.7025249E+00   1.1256103E-02  -4.5883651E+00  -1.0100166E-01
   2.7061219E+00   2.6075644E-03  -4.5899301E+00  -9.2854351E-02
   2.7090812E+00  -2.9491461E-03  -4.5792403E+00  -9.1487885E-02
   2.7125878E+00  -2.6013877E-03  -4.5831332E+00  -8.2558945E-02
   2.7160480E+00  -3.3505387E-03  -4.5286541E+00  -7.6874256E-02
   2.7194636E+00   1.2507305E-03  -4.4968615E+00  -7.1686655E-02
   2.7228360E+00   8.6736830E-04  -4.4726572E+00  -6.8582751E-02
   2.7261672E+00  -8.5796844E-03  -4.4586153E+00  -6.4927980E-02
   2.7294583E+00   1.4826332E-02  -4.3906846E+00  -5.8790613E-02
   2.7327111E+00   2.3719794E-03  -4.3978801E+00  -5.7821210E-02
   2.7359264E+00   4.2953892E-03  -4.3938761E+00  -5.3127587E-02
   2.7391059E+00   5.8378456E-03  -4.3447180E+00  -4.9465392E-02
   2.7427716E+00  -1.1614511E-03  -4.3417082E+00  -3.9464962E-02
   2.7458770E+00   2.1860795E-03  -4.2851458E+00  -4.1424531E-02
   2.7494593E+00  -6.8337787E-03  -4.2501497E+00  -3.4941897E-02
   2.7524958E+00  -3.0822048E-03  -4.2313561E+00  -3.1144390E-02
   2.7560003E+00  -3.9143725E-03  -4.2046800E+00  -2.8536057E-02
   2.7594647E+00  -6.3907960E-03  -4.1814842E+00  -2.6623482E-02
   2.7628908E+00   1.3688707E-03  -4.1661148E+00  -2.2178950E-02
   2.7657976E+00  -3.3931181E-05  -4.1283855E+00  -1.9724242E-02
   2.7691553E+00  -9.1263134E-04  -4.1301503E+00  -1.2572999E-02
   2.7724776E+00   4.0138243E-03  -4.0761328E+00  -1.3154957E-02
   2.7762332E+00   7.7145227E-04  -4.0624642E+00  -5.4425173E-03
   2.7794840E+00   3.8744407E-03  -3.9901624E+00  -5.6993752E-03
   2.7827029E+00   3.2699381E-03  -3.9847312E+00  -3.2148550E-03
   2.7858911E+00  -1.9644115E-03  -3.9663088E+00  -5.2636361E-04
   2.7894976E+00   7.5944457E-03  -3.9281211E+00   2.0155434E-03
   2.7926221E+00   3.7898694E-03  -3.8597932E+00   5.8943457E-03
   2.7961581E+00   7.2879805E-03  -3.8393459E+00   7.1814717E-03
   2.7992227E+00   3.9749569E-03  -3.8367586E+00   7.8908587E-03
   2.8026924E+00   9.7856009E-03  -3.7125144E+00   1.5400395E-02
   2.8061283E+00   6.3581206E-03  -3.7161016E+00   1.0257586E-02
   2.8095310E+00   4.1512740E-03  -3.7648962E+00   1.3276789E-02
   2.8129017E+00   1.0078206E-02  -3.7295554E+00   1.3792517E-02
   2.8162413E+00   1.5356344E-02  -3.5229342E+00   1.7021189E-02
   2.8195505E+00   1.1593198E-02  -3.6532886E+00   1.6733551E-02
   2.8228304E+00   8.6548477E-03  -3.6517498E+00   1.6450727E-02
   2.8260815E+00   7.3083616E-03  -3.4551537E+00   1.8132113E-02
   2.8293047E+00   5.8485642E-03  -3.4825284E+00   1.9976445E-02
   2.8328981E+00   9.6065970E-03  -3.5177424E+00   2.0260140E-02
   2.8360641E+00   7.6276711E-03  -3.4090686E+00   1.8623644E-02
   2.8395951E+00   5.8922144E-03  -3.3773236E+00   2.0901941E-02
   2.8427069E+00   6.7383866E-03  -3.3348827E+00   2.3920657E-02
   2.8461783E+00   9.1404878E-03  -3.3058252E+00   2.2215145E-02
   2.8496196E+00   2.6473269E-02  -3.2408400E+00   2.1106197E-02
   2.8530314E+00   3.6788317E-03  -3.2292907E+00   2.1650530E-02
   2.8560398E+00   6.1147502E-03  -3.1816461E+00   2.4279473E-02
   2.8593979E+00   5.8089541E-03  -3.1246905E+00   1.8280694E-02
   2.8627286E+00   8.3599025E-03  -3.0778599E+00   2.3274375E-02
   2.8663979E+00   9.3957474E-03  -3.0775478E+00   2.4968103E-02
   2.8696728E+00   4.7196019E-03  -3.0379159E+00   2.1347212E-02
   2.8729222E+00   8.4041143E-03  -2.9176526E+00   2.9132860E-02
   2.8761468E+00   9.2830304E-03  -2.9578950E+00   2.6779465E-02
   2.8797014E+00   9.6092327E-03  -2.9613590E+00   2.4954852E-02
   2.8828752E+00   9.6796239E-03  -2.8449385E+00   2.4361039E-02
   2.8863747E+00   9.9296542E-03  -2.7558813E+00   2.5185578E-02
   2.8895004E+00   1.1302832E-02  -2.7805519E+00   2.7286613E-02
   2.8930204E+00   9.5879417E-03  -2.7895954E+00   2.5625328E-02
   2.8962717E+00   1.1802182E-02  -2.7395911E+00   2.3810612E-02
   2.8994622E+00   1.2967044E-02  -2.5946898E+00   2.8105933E-02
   2.9030647E+00   2.2727918E-02  -2.5955718E+00   2.5056923E-02
   2.9064071E+00   6.5292823E-03  -2.6021576E+00   2.4874408E-02
   2.9093170E+00   1.4311309E-02  -2.5956872E+00   2.4037264E-02
   2.9132609E+00   1.1553809E-02  -2.4862800E+00   2.8575139E-02
   2.9166687E+00   1.3321708E-02  -2.4360716E+00   2.5323424E-02
   2.9193742E+00   1.8313928E-02  -2.3993258E+00   2.5373545E-02
   2.9230623E+00   1.3200250E-02  -2.3702452E+00   2.2680672E-02
   2.9266212E+00   8.2728881E-03  -2.3301322E+00   2.5225449E-02
   2.9292893E+00   2.5090938E-02  -2.2789736E+00   2.5114842E-02
   2.9330747E+00   1.1451998E-02  -2.2477932E+00   2.6153347E-02
   2.9362664E+00   2.5162052E-02  -2.2530293E+00  -1.0638656E-02
   2.9398534E+00   1.8243261E-03  -2.1089137E+00   2.6078699E-02
   2.9428353E+00   1.6094832E-02  -2.1432643E+00   2.5086932E-02
   2.9464595E+00   1.6763344E-02  -2.1064053E+00   2.8252924E-02
   2.9496529E+00   2.7532626E-03  -2.0457032E+00   2.1441357E-02
   2.9529161E+00   1.8950891E-02  -1.9853789E+00   2.5801042E-02
   2.9561379E+00   1.4832348E-02  -1.9311961E+00   2.5435627E-02
   2.9593239E+00   2.3501860E-02  -1.8857207E+00   2.4412092E-02
   2.9635236E+00   4.9520917E-03  -1.8492292E+00   2.5697118E-02
   2.9666417E+00   1.0490590E-02  -1.8270766E+00   2.3526715E-02
   2.9697359E+00   2.9612703E-03  -1.7940013E+00   2.7834149E-02
   2.9726965E+00   5.9785713E-03  -1.7288337E+00   2.3667527E-02
   2.9762673E+00   2.9124325E-02  -1.6748859E+00   1.8508220E-02
   2.9799254E+00   1.7761931E-02  -1.6322742E+00   3.2541830E-02
   2.9829550E+00   7.9197977E-03  -1.6040996E+00   2.8892584E-02
   2.9862700E+00   8.3547663E-03  -1.5082630E+00   3.0197736E-02
   2.9896197E+00   3.5202079E-02  -1.4315150E+00   2.2666521E-02
   2.9930377E+00   5.2254680E-03  -1.4029597E+00   3.0134115E-02
   2.9963107E+00  -1.2851742E-03  -1.4289677E+00   3.2056861E-02
   3.0000958E+00   1.0084117E-02  -1.0935146E+00   3.0655725E-02
   3.0030656E+00   1.1276707E-02  -1.6038162E+00   3.5761774E-02
   3.0062296E+00   1.2755946E-02  -1.0558407E+00   3.3832870E-02
   3.0094287E+00   4.2947293E-03  -1.4116322E+00   3.6197249E-02
   3.0137141E+00  -1.9892373E-03  -1.1010100E+00   3.3734608E-02
   3.0166371E+00  -6.8376735E-03  -1.0847961E+00   3.2113906E-02
   3.0194597E+00   2.4675254E-02  -1.1306083E+00   3.0538199E-02
   3.0229573E+00   7.6073795E-03  -1.0170758E+00   3.2592654E-02
   3.0268321E+00   7.4550351E-03  -9.1925597E-01   3.0254422E-02
   3.0302658E+00  -2.2129036E-04  -8.8970751E-01   3.7860513E-02
   3.0326974E+00   1.5452736E-02  -8.8119650E-01   3.5159424E-02
   3.0362375E+00   6.3398192E-03  -7.9754114E-01   3.7327059E-02
   3.0395033E+00   1.2625113E-02  -7.7426612E-01   3.2809269E-02
   3.0433455E+00   6.0696821E-03  -6.5610015E-01   3.6845110E-02
   3.0466776E+00   1.8194709E-03  -6.4719570E-01   3.3977333E-02
   3.0499673E+00   1.9186225E-02  -6.0484147E-01   3.6309604E-02
   3.0528917E+00  -6.1213793E-03  -5.1968557E-01   4.0226948E-02
   3.0562773E+00  -7.5637380E-04  -4.9066988E-01   3.7748590E-02
   3.0603418E+00   1.7085528E-02  -3.9428467E-01   2.8052799E-02
   3.0638137E+00   8.3140032E-03  -3.7023318E-01   3.7426610E-02
   3.0672276E+00   1.5456453E-02  -3.2266667E-01   3.3431012E-02
   3.0694566E+00   1.4644379E-02  -3.2068887E-01   3.6817208E-02
   3.0738106E+00  -4.8561469E-03  -2.5626266E-01   3.7615269E-02
   3.0769908E+00   9.2825323E-04  -1.2188457E-01   3.5042610E-02
   3.0801034E+00   4.4217799E-03  -1.1350798E-01   3.6656559E-02
   3.0831525E+00   1.8046260E-03  -6.6010848E-02   3.1240741E-02
   3.0871255E+00   2.0890280E-03  -2.0466702E-02   3.4804072E-02
   3.0900404E+00   3.9442675E-03   9.4198035E-03   4.0372107E-02
   3.0938463E+00   6.5314621E-03   8.6193584E-02   3.5939768E-02
   3.0966434E+00   4.0446254E-03   1.6275108E-01   4.4588622E-02
   3.1003015E+00  -4.6079019E-03   2.2479464E-01   4.5905944E-02
   3.1029944E+00   7.9535255E-03   2.3493141E-01   3.2347169E-02
   3.1065209E+00  -6.5718305E-06   2.9283208E-01   4.4934552E-02
   3.1099787E+00   2.7561742E-03   3.3271313E-01   4.0884636E-02
   3.1133711E+00   1.0894731E-02   4.5267972E-01   4.2196464E-02
   3.1167023E+00   7.8779748E-03   5.0922859E-01   4.1150477E-02
   3.1199751E+00   8.7765194E-03   5.4218674E-01   3.7528619E-02
   3.1231928E+00   9.2399055E-03   5.7833296E-01   4.1176401E-02
   3.1271415E+00  -4.9369568E-03   6.4032656E-01   4.2068403E-02
   3.1302447E+00   9.9645630E-03   7.0509523E-01   3.9558809E-02
   3.1333008E+00  -2.3840466E-03   8.1583929E-01   4.0123034E-02
   3.1370578E+00  -3.2475903E-03   8.4451389E-01   4.1707810E-02
   3.1400156E+00   3.4225758E-03   8.3892184E-01   3.3849794E-02
   3.1436555E+00  -2.2829652E-03   9.3850875E-01   3.9723128E-02
   3.1465240E+00   4.8454860E-03   9.8131132E-01   4.2388689E-02
   3.1500573E+00  -3.3492257E-03   1.0819821E+00   4.0480245E-02
   3.1535354E+00   8.3411351E-04   1.1297511E+00   3.7781294E-02
   3.1569607E+00   4.1393745E-03   1.1851623E+00   4.1490305E-02
   3.1603358E+00   9.1763109E-04   1.2304329E+00   4.4630941E-02
   3.1636624E+00   3.1394986E-03   1.3066591E+00   4.0771913E-02
   3.1669433E+00   3.2295226E-03   1.3601348E+00   4.0728226E-02
   3.1701798E+00   1.2710700E-03   1.3993214E+00   4.1847356E-02
   3.1733739E+00  -1.7832222E-03   1.4592606E+00   3.8697664E-02
   3.1771531E+00   1.7482280E-04   1.5595260E+00   4.3556221E-02
   3.1802595E+00   1.8783328E-03   1.6065857E+00   4.1283295E-02
   3.1833284E+00  -5.1510655E-03   1.6540060E+00   4.1108537E-02
   3.1869636E+00   8.3442032E-03   1.7101226E+00   4.3249201E-02
   3.1905637E+00  -4.1856784E-03   1.7549506E+00   3.5674017E-02
   3.1933558E+00   6.2864232E-03   1.8544470E+00   4.0769462E-02
   3.1967494E+00  -1.6871565E-03   1.9138856E+00   3.8068458E-02
   3.2008746E+00   5.2756337E-03   1.9663363E+00   4.0913228E-02
   3.2032146E+00  -3.5454934E-03   2.0226429E+00   3.7359647E-02
   3.2067454E+00   1.2774999E-03   2.0875640E+00   3.9424043E-02
   3.2102098E+00   8.1597054E-03   2.1125989E+00   3.8943164E-02
   3.2137485E+00  -6.7487932E-03   2.2116737E+00   3.8788117E-02
   3.2172894E+00  -2.6875769E-04   2.3036292E+00   3.6509551E-02
   3.2208321E+00   2.9771244E-03   2.3229494E+00   3.5413440E-02
   3.2231998E+00   8.6397398E-03   2.3964872E+00   3.7210941E-02
   3.2267678E+00  -7.4931979E-04   2.4500651E+00   3.5553560E-02
   3.2301962E+00  -9.5445821E-03   2.5019066E+00   3.4713432E-02
   3.2332335E+00  -5.0492684E-04   2.6017680E+00   3.0140759E-02
   3.2367494E+00   3.1294816E-04   2.6485169E+00   3.1640813E-02
   3.2401669E+00   4.5492747E-03   2.7065070E+00   2.8306672E-02
   3.2434578E+00   1.9885686E-03   2.8071916E+00   2.9144568E-02
   3.2471285E+00   8.7214133E-04   2.7852242E+00   2.7126361E-02
   3.2509725E+00   4.6801218E-03   2.8325987E+00   2.4368815E-02
   3.2535331E+00  -1.6973263E-02   2.9396536E+00   2.0577304E-02
   3.2573714E+00   1.0740680E-02   3.1788008E+00   1.7063286E-02
   3.2599282E+00  -3.3116937E-04   3.1256752E+00   1.6136600E-02
   3.2637606E+00   2.7588801E-02   3.0576289E+00   1.8960908E-02
   3.2675896E+00  -6.6635828E-03   3.2689538E+00   1.6449442E-02
   3.2707245E+00  -2.7649070E-03   3.2164586E+00   1.1108978E-02
   3.2738154E+00   5.8029653E-03   3.3122671E+00   7.8366445E-03
   3.2774415E+00   1.6349979E-04   3.3813250E+00   8.7950248E-03
   3.2805128E+00  -2.2340994E-03   3.4997611E+00   6.9045271E-03
   3.2842140E+00  -7.9500945E-03   3.5608864E+00   1.3119732E-03
   3.2875047E+00   1.5606519E-02   3.5724769E+00   2.5204679E-03
   3.2899737E+00   3.4390164E-03   3.5642579E+00  -8.7596918E-04
   3.2937138E+00   7.1926606E-03   3.6192870E+00  -1.5996669E-03
   3.2973967E+00   5.2153268E-03   3.7446275E+00  -7.4522700E-03
   3.3010311E+00   2.5669495E-03   3.8641262E+00  -7.3322644E-03
   3.3034315E+00   6.9543296E-03   3.8002989E+00  -6.2034517E-03
   3.3070028E+00   1.0419362E-02   3.8034041E+00  -8.9063263E-03
   3.3105438E+00  -9.1554662E-03   4.2162342E+00  -2.4500722E-02
   3.3140595E+00   1.0017613E-02   4.1044564E+00  -2.1331679E-02
   3.3175533E+00  -7.1923379E-03   4.4228697E+00  -2.7674004E-02
   3.3209753E+00  -1.0271220E-02   3.9341719E+00  -2.4106812E-02
   3.3244350E+00   2.2280559E-02   4.2764692E+00  -2.9906522E-02
   3.3267338E+00  -5.0505199E-03   4.1845284E+00  -3.5235114E-02
   3.3302133E+00   5.3717620E-03   4.2333565E+00  -3.2801989E-02
   3.3340492E+00   1.5115267E-02   4.4336305E+00  -3.8561020E-02
   3.3375263E+00   1.3436638E-02   4.4706087E+00  -4.0407665E-02
   3.3407423E+00  -5.9958018E-04   4.5158081E+00  -3.8226511E-02
