  flscon:  version 23.2.0.01  win64 2022 
 FLOW-3D   02:11:33  02/29/2024 cero     
   hydr3d   version  23.2.0.20 win64     12/04/2023 HYDRO    
 Simulation Template: Free Surface - TruVOF (Default)                            

Mesh Block   1
 Block 1: printing hyel         i=19   j=403  k=48 
       1      101      0.000E+00      3.341E+00       19       19      403      403       48       48
   time              hyel_-1
   0.0000000E+00   4.2311254E-01
   3.4076985E-02   4.2880297E-01
   6.7079641E-02   4.3490657E-01
   1.0002871E-01   4.4155887E-01
   1.3357858E-01   4.4887474E-01
   1.6758083E-01   4.5672911E-01
   2.0093699E-01   4.6470073E-01
   2.3391320E-01   4.7264588E-01
   2.6748303E-01   4.8054424E-01
   3.0080625E-01   4.8796609E-01
   3.3407736E-01   4.9447829E-01
   3.6772075E-01   4.9971917E-01
   4.0059787E-01   5.0329590E-01
   4.3403691E-01   5.0502867E-01
   4.6795318E-01   5.0477827E-01
   5.0147074E-01   5.0257325E-01
   5.3487802E-01   4.9863192E-01
   5.6796056E-01   4.9315709E-01
   6.0172915E-01   4.8633397E-01
   6.3430279E-01   4.7880054E-01
   6.6830724E-01   4.7011572E-01
   7.0157027E-01   4.6113789E-01
   7.3459095E-01   4.5191708E-01
   7.6850039E-01   4.4243699E-01
   8.0137223E-01   4.3353525E-01
   8.3486277E-01   4.2511430E-01
   8.6831915E-01   4.1766804E-01
   9.0222901E-01   4.1147986E-01
   9.3531090E-01   4.0666565E-01
   9.6869975E-01   4.0337729E-01
   1.0019630E+00   4.0108734E-01
   1.0359819E+00   3.9898774E-01
   1.0688152E+00   3.9716241E-01
   1.1021160E+00   3.9626670E-01
   1.1357771E+00   3.9489678E-01
   1.1696205E+00   3.9238790E-01
   1.2024447E+00   3.9088425E-01
   1.2357774E+00   3.9090896E-01
   1.2692409E+00   3.9207283E-01
   1.3027070E+00   3.9356443E-01
   1.3363888E+00   3.9656073E-01
   1.3692397E+00   3.9916721E-01
   1.4027890E+00   4.0034008E-01
   1.4366938E+00   4.0224016E-01
   1.4694171E+00   4.0416729E-01
   1.5036477E+00   4.0621823E-01
   1.5369180E+00   4.0871221E-01
   1.5699738E+00   4.1218972E-01
   1.6032441E+00   4.1638073E-01
   1.6367410E+00   4.2095560E-01
   1.6701307E+00   4.2640543E-01
   1.7033600E+00   4.3356568E-01
   1.7369899E+00   4.4231775E-01
   1.7703147E+00   4.5014104E-01
   1.8037982E+00   4.5742559E-01
   1.8376834E+00   4.6405029E-01
   1.8705361E+00   4.7049266E-01
   1.9041345E+00   4.7749394E-01
   1.9376059E+00   4.8432729E-01
   1.9709756E+00   4.9039435E-01
   2.0044956E+00   4.9612692E-01
   2.0380113E+00   5.0059646E-01
   2.0708966E+00   5.0325072E-01
   2.1045520E+00   5.0409842E-01
   2.1376653E+00   5.0262427E-01
   2.1716862E+00   4.9909776E-01
   2.2046845E+00   4.9397159E-01
   2.2385926E+00   4.8719069E-01
   2.2713282E+00   4.7944388E-01
   2.3053169E+00   4.7048888E-01
   2.3385358E+00   4.6118024E-01
   2.3722358E+00   4.5146042E-01
   2.4051034E+00   4.4192871E-01
   2.4389160E+00   4.3231785E-01
   2.4719551E+00   4.2334816E-01
   2.5052824E+00   4.1498384E-01
   2.5391440E+00   4.0744698E-01
   2.5719993E+00   4.0130919E-01
   2.6054225E+00   3.9641681E-01
   2.6393306E+00   3.9290065E-01
   2.6721721E+00   3.9052001E-01
   2.7056856E+00   3.8861328E-01
   2.7389505E+00   3.8733196E-01
   2.7731225E+00   3.8658231E-01
   2.8057904E+00   3.8450739E-01
   2.8397207E+00   3.8117003E-01
   2.8729765E+00   3.7917602E-01
   2.9065816E+00   3.8002893E-01
   2.9394841E+00   3.8139465E-01
   2.9730620E+00   3.8260660E-01
   3.0063152E+00   3.8412023E-01
   3.0396163E+00   3.8603544E-01
   3.0732689E+00   3.8772237E-01
   3.1070387E+00   3.8956857E-01
   3.1401832E+00   3.9160204E-01
   3.1737645E+00   3.9364290E-01
   3.2067909E+00   3.9563230E-01
   3.2405460E+00   3.9772514E-01
   3.2737253E+00   4.0111488E-01
   3.3068566E+00   4.0665364E-01
   3.3410883E+00   4.1437405E-01
