  flscon:  version 23.2.0.01  win64 2022 
 FLOW-3D   05:11:31  02/29/2024 jcer     
   hydr3d   version  23.2.0.20 win64     12/04/2023 HYDRO    
 Simulation Template: Free Surface - TruVOF (Default)                            

Mesh Block   1
 Block 1: printing hyel         i=19   j=403  k=48 
       1      101      0.000E+00      3.341E+00       19       19      403      403       48       48
   time              hyel_-1
   0.0000000E+00   4.2311254E-01
   3.3988524E-02   4.2880958E-01
   6.6496275E-02   4.3482983E-01
   9.9659391E-02   4.4151324E-01
   1.3405177E-01   4.4899535E-01
   1.6755554E-01   4.5669121E-01
   2.0000857E-01   4.6435550E-01
   2.3331526E-01   4.7225380E-01
   2.6766208E-01   4.8017329E-01
   3.0057994E-01   4.8731887E-01
   3.3378980E-01   4.9362487E-01
   3.6748582E-01   4.9873906E-01
   4.0088052E-01   5.0223738E-01
   4.3442422E-01   5.0387359E-01
   4.6805051E-01   5.0358957E-01
   5.0071138E-01   5.0148767E-01
   5.3460723E-01   4.9760675E-01
   5.6831366E-01   4.9216640E-01
   6.0180116E-01   4.8560718E-01
   6.3462389E-01   4.7828007E-01
   6.6802263E-01   4.7016624E-01
   7.0143265E-01   4.6163976E-01
   7.3518485E-01   4.5274481E-01
   7.6851666E-01   4.4388825E-01
   8.0178940E-01   4.3520060E-01
   8.3482969E-01   4.2701757E-01
   8.6864281E-01   4.1946274E-01
   9.0170991E-01   4.1319057E-01
   9.3578649E-01   4.0797475E-01
   9.6909672E-01   4.0432933E-01
   1.0025234E+00   4.0165982E-01
   1.0350885E+00   3.9936849E-01
   1.0691406E+00   3.9709225E-01
   1.1022779E+00   3.9546975E-01
   1.1359463E+00   3.9419022E-01
   1.1692243E+00   3.9247164E-01
   1.2022585E+00   3.9113346E-01
   1.2363544E+00   3.9096802E-01
   1.2694422E+00   3.9199701E-01
   1.3025316E+00   3.9352104E-01
   1.3362521E+00   3.9523065E-01
   1.3693675E+00   3.9730704E-01
   1.4030108E+00   3.9960212E-01
   1.4362171E+00   4.0174830E-01
   1.4695010E+00   4.0387499E-01
   1.5031971E+00   4.0620798E-01
   1.5362968E+00   4.0899560E-01
   1.5695783E+00   4.1233537E-01
   1.6033362E+00   4.1629449E-01
   1.6367675E+00   4.2138591E-01
   1.6702679E+00   4.2804989E-01
   1.7035389E+00   4.3456241E-01
   1.7371004E+00   4.4063684E-01
   1.7706540E+00   4.4751620E-01
   1.8039765E+00   4.5502779E-01
   1.8377945E+00   4.6273217E-01
   1.8705332E+00   4.7001395E-01
   1.9037168E+00   4.7712120E-01
   1.9372957E+00   4.8377994E-01
   1.9709723E+00   4.9007398E-01
   2.0045257E+00   4.9567655E-01
   2.0378149E+00   4.9988905E-01
   2.0709975E+00   5.0252259E-01
   2.1042793E+00   5.0337940E-01
   2.1377742E+00   5.0196362E-01
   2.1716754E+00   4.9854389E-01
   2.2044497E+00   4.9357578E-01
   2.2381325E+00   4.8700222E-01
   2.2717073E+00   4.7932479E-01
   2.3045976E+00   4.7103119E-01
   2.3383527E+00   4.6191680E-01
   2.3721004E+00   4.5258513E-01
   2.4052689E+00   4.4334951E-01
   2.4383149E+00   4.3423364E-01
   2.4717624E+00   4.2530009E-01
   2.5055919E+00   4.1683739E-01
   2.5391333E+00   4.0929684E-01
   2.5723629E+00   4.0299225E-01
   2.6058202E+00   3.9798397E-01
   2.6393831E+00   3.9441255E-01
   2.6728752E+00   3.9172423E-01
   2.7059457E+00   3.8936830E-01
   2.7392921E+00   3.8702288E-01
   2.7726929E+00   3.8520262E-01
   2.8059049E+00   3.8383779E-01
   2.8394501E+00   3.8186347E-01
   2.8728881E+00   3.8027230E-01
   2.9060581E+00   3.8002926E-01
   2.9397311E+00   3.8102880E-01
   2.9728327E+00   3.8232940E-01
   3.0071743E+00   3.8358912E-01
   3.0401249E+00   3.8532329E-01
   3.0735068E+00   3.8730460E-01
   3.1067281E+00   3.8937205E-01
   3.1401417E+00   3.9168659E-01
   3.1738977E+00   3.9431772E-01
   3.2067351E+00   3.9693871E-01
   3.2403741E+00   3.9977381E-01
   3.2734711E+00   4.0335384E-01
   3.3070936E+00   4.0823665E-01
   3.3407581E+00   4.1492310E-01
