  flscon:  version 23.2.0.01  win64 2022 
 FLOW-3D   23:25:45  02/28/2024 bpnh     
   hydr3d   version  23.2.0.20 win64     12/04/2023 HYDRO    
 Simulation Template: Free Surface - TruVOF (Default)                            

Mesh Block   1
 printing pfxob, pfyob, pfzob       
       1     1001      0.000E+00      3.342E+00
   time              pfxob_1         pfyob_1         pfzob_1
   0.0000000E+00  -1.1729323E-03   5.9333897E+00   1.8034778E+00
   2.6429200E-03   2.4389142E-02  -2.4794739E+02  -2.3886117E-01
   6.1129373E-03   7.4215513E-03   6.2141256E+00   1.8831481E+00
   9.3169240E-03  -1.0000813E-02   5.8662138E+00   1.8687018E+00
   1.2849320E-02   2.3679698E-03   6.0158114E+00   1.7416538E+00
   1.6372884E-02   1.8820057E-03   5.9098992E+00   1.8534225E+00
   1.9887639E-02  -7.5281574E-04   5.8717089E+00   1.8518376E+00
   2.3762658E-02   2.3623784E-03   6.0740781E+00   1.7687669E+00
   2.7627988E-02   1.4732546E-03   5.9179511E+00   1.8293878E+00
   2.9508801E-02  -6.3602248E-04   5.9087014E+00   1.8299954E+00
   3.3557251E-02   4.6598751E-04   5.9927325E+00   1.8333462E+00
   3.5734531E-02   9.9931471E-04   5.9849701E+00   1.8326650E+00
   4.0192503E-02   2.4881612E-03   6.0629711E+00   1.8177985E+00
   4.2472929E-02   4.8599156E-04   6.0525813E+00   1.8176140E+00
   4.7381543E-02   9.4244169E-04   6.1175132E+00   1.8205390E+00
   5.0021417E-02  -6.6582428E-04   6.1768403E+00   1.8253611E+00
   5.2793290E-02   1.4848277E-04   6.2093377E+00   1.8308169E+00
   5.8191508E-02  -6.4410694E-04   6.2799239E+00   1.8328540E+00
   6.1094698E-02   3.1395943E-04   6.2977338E+00   1.8331382E+00
   6.4143047E-02  -6.4289907E-04   6.3847651E+00   1.8352495E+00
   6.7343809E-02  -1.9162995E-04   6.3989253E+00   1.8352629E+00
   7.0704609E-02   2.4023578E-03   6.5060744E+00   1.8358541E+00
   7.4233457E-02  -2.0397914E-04   6.5584388E+00   1.8350488E+00
   7.7908948E-02   9.8827493E-04   6.6273623E+00   1.8350055E+00
   8.1226297E-02  -1.0152888E-03   6.7089972E+00   1.8358371E+00
   8.4614359E-02   6.0378696E-04   6.7881460E+00   1.8371527E+00
   8.8063799E-02   1.1433737E-03   6.8775144E+00   1.8386967E+00
   9.1204606E-02   8.3246169E-04   6.9588828E+00   1.8405471E+00
   9.4476581E-02  -6.9333578E-04   7.0308223E+00   1.8423944E+00
   9.7680546E-02  -5.4432591E-04   7.1037951E+00   1.8442996E+00
   1.0063238E-01   1.0510490E-03   7.1865416E+00   1.8462712E+00
   1.0371056E-01   8.8524754E-04   7.2565117E+00   1.8479432E+00
   1.0686320E-01  -2.6875194E-03   7.3378735E+00   1.8494205E+00
   1.0972084E-01  -2.5682730E-05   7.4224076E+00   1.8508356E+00
   1.1269910E-01  -1.0530216E-04   7.4991345E+00   1.8519535E+00
   1.1556555E-01   1.7248774E-04   7.5945897E+00   1.8529609E+00
   1.2125944E-01  -1.6529678E-03   7.7756453E+00   1.8548034E+00
   1.2412385E-01   9.6032472E-04   7.8657184E+00   1.8557718E+00
   1.2687699E-01   4.3459478E-04   7.9553733E+00   1.8568574E+00
   1.2960644E-01  -2.2198810E-04   8.0261879E+00   1.8580321E+00
   1.3239646E-01  -1.8135017E-03   8.1059818E+00   1.8593124E+00
   1.3790114E-01  -8.6644356E-04   8.2900343E+00   1.8622868E+00
   1.4060970E-01   4.8203612E-04   8.3701057E+00   1.8638651E+00
   1.4307396E-01  -1.9627893E-03   8.4593334E+00   1.8645254E+00
   1.4827302E-01   4.0407762E-05   8.6059723E+00   1.8678423E+00
   1.5101516E-01   2.5225428E-04   8.7054720E+00   1.8685709E+00
   1.5370242E-01   1.2371331E-04   8.7924862E+00   1.8693461E+00
   1.5617196E-01  -2.6364608E-03   8.8668661E+00   1.8700958E+00
   1.6104203E-01   1.3701012E-03   8.9993477E+00   1.8706934E+00
   1.6366117E-01  -2.1461460E-03   9.0955667E+00   1.8721632E+00
   1.6641128E-01  -4.1335900E-03   9.1730595E+00   1.8729544E+00
   1.6929889E-01  -3.5399408E-04   9.2530470E+00   1.8734002E+00
   1.7226955E-01  -8.2618115E-04   9.3234310E+00   1.8741226E+00
   1.7758581E-01  -2.8601033E-04   9.4897089E+00   1.8761146E+00
   1.8029815E-01  -1.0484944E-03   9.5551968E+00   1.8769937E+00
   1.8309364E-01  -7.1763672E-04   9.6471720E+00   1.8778449E+00
   1.8588743E-01  -7.3985546E-04   9.7252150E+00   1.8787298E+00
   1.9146390E-01  -1.8209254E-03   9.8584805E+00   1.8803658E+00
   1.9436722E-01  -3.1581011E-03   9.9223747E+00   1.8810881E+00
   1.9722112E-01   3.9307948E-04   9.9871092E+00   1.8818451E+00
   2.0008284E-01  -8.1710937E-04   1.0068688E+01   1.8825227E+00
   2.0269357E-01  -3.2227399E-04   1.0142846E+01   1.8830552E+00
   2.0831318E-01  -1.9795091E-03   1.0244063E+01   1.8837180E+00
   2.1133544E-01  -8.4280188E-04   1.0295985E+01   1.8841881E+00
   2.1425499E-01  -3.0411218E-05   1.0344546E+01   1.8847835E+00
   2.1691865E-01  -1.5953121E-04   1.0402820E+01   1.8853971E+00
   2.1944359E-01   2.1069264E-03   1.0439335E+01   1.8859669E+00
   2.2487853E-01   4.9618189E-03   1.0521362E+01   1.8870559E+00
   2.2742967E-01   1.2036688E-03   1.0555274E+01   1.8877972E+00
   2.2983836E-01  -1.7501785E-03   1.0582832E+01   1.8885130E+00
   2.3493703E-01   8.3645299E-04   1.0634864E+01   1.8896233E+00
   2.3763508E-01   2.0617684E-03   1.0654532E+01   1.8902066E+00
   2.4025023E-01   1.7864967E-03   1.0696636E+01   1.8908758E+00
   2.4296406E-01   3.7538370E-03   1.0709645E+01   1.8915317E+00
   2.4817824E-01   1.6321318E-03   1.0739768E+01   1.8929099E+00
   2.5094980E-01   5.9834174E-03   1.0761294E+01   1.8935758E+00
   2.5373924E-01   4.7190534E-03   1.0778133E+01   1.8943266E+00
   2.5647515E-01   1.8989427E-03   1.0779046E+01   1.8944032E+00
   2.6170003E-01   2.5485200E-03   1.0780846E+01   1.8970994E+00
   2.6429346E-01   2.7325181E-03   1.0787923E+01   1.8975661E+00
   2.6684362E-01   3.8089165E-03   1.0792684E+01   1.8981854E+00
   2.6935259E-01   4.7265072E-03   1.0797662E+01   1.8982619E+00
   2.7425474E-01   3.1986514E-03   1.0750259E+01   1.9008334E+00
   2.7665147E-01   4.4242260E-03   1.0762258E+01   1.9008607E+00
   2.8134429E-01   3.7951248E-03   1.0728242E+01   1.9020107E+00
   2.8364334E-01   3.9070467E-03   1.0676805E+01   1.9034231E+00
   2.8815332E-01   3.3036494E-03   1.0668060E+01   1.9036504E+00
   2.9036656E-01   1.9432721E-03   1.0592977E+01   1.9056377E+00
   2.9468590E-01   5.1222681E-03   1.0549214E+01   1.9068441E+00
   2.9682347E-01   2.9551040E-03   1.0547100E+01   1.9069507E+00
   3.0102900E-01   3.0273625E-03   1.0484053E+01   1.9072042E+00
   3.0307853E-01   1.2967357E-03   1.0327622E+01   1.9103680E+00
   3.0714408E-01   4.7156648E-03   1.0315100E+01   1.9105300E+00
   3.1114349E-01   5.9266109E-03   1.0299701E+01   1.9103447E+00
   3.1311542E-01   4.6375124E-03   1.0268725E+01   1.9107354E+00
   3.1666702E-01   5.1218281E-03   9.9638224E+00   1.9153796E+00
   3.2047981E-01   3.5187588E-03   9.9558172E+00   1.9148319E+00
   3.2424814E-01   4.5254882E-03   1.0056437E+01   1.9127049E+00
   3.2791147E-01   3.3474462E-03   9.7637014E+00   1.9155965E+00
   3.3142364E-01   4.4691763E-03   9.7384939E+00   1.9152189E+00
   3.3487114E-01   4.9347291E-03   9.6951780E+00   1.9150068E+00
   3.3657509E-01   1.9504466E-03   9.6427212E+00   1.9154285E+00
   3.3991951E-01   4.2080320E-03   9.4506435E+00   1.9167316E+00
   3.4478620E-01   3.3270644E-03   9.2611208E+00   1.9174695E+00
   3.4791330E-01   4.5059412E-03   9.1853552E+00   1.9175506E+00
   3.5096624E-01   1.0754224E-03   9.1205311E+00   1.9175869E+00
   3.5396490E-01   4.6082344E-03   8.9867001E+00   1.9177728E+00
   3.5696381E-01   4.0714787E-03   8.8724289E+00   1.9181668E+00
   3.6135224E-01   4.6404880E-03   8.6772394E+00   1.9189227E+00
   3.6421844E-01   3.1410626E-03   8.6061983E+00   1.9191958E+00
   3.6700565E-01   4.6176086E-03   8.5071630E+00   1.9193289E+00
   3.7107113E-01   2.6053397E-03   8.3671131E+00   1.9194517E+00
   3.7371895E-01   5.5660792E-03   8.2525063E+00   1.9195913E+00
   3.7761757E-01   4.3036668E-03   8.0948820E+00   1.9196997E+00
   3.8144726E-01   4.7437274E-03   7.9573288E+00   1.9196640E+00
   3.8400683E-01   3.6090142E-03   7.8506927E+00   1.9196154E+00
   3.8774875E-01   4.9071247E-03   7.7129741E+00   1.9194492E+00
   3.9137629E-01   6.0592438E-03   7.5099773E+00   1.9190118E+00
   3.9373448E-01   5.3158686E-03   7.4517846E+00   1.9187202E+00
   3.9719570E-01   6.1727101E-03   7.3871388E+00   1.9182826E+00
   4.0060112E-01   7.2590355E-03   7.2225809E+00   1.9177158E+00
   4.0396479E-01   5.6308592E-03   7.0775580E+00   1.9176859E+00
   4.0729225E-01   4.7740699E-03   6.9110246E+00   1.9178437E+00
   4.1058043E-01   4.4972398E-03   6.7778959E+00   1.9180129E+00
   4.1382357E-01   2.2828630E-03   6.6194401E+00   1.9184055E+00
   4.1809008E-01   4.1877576E-03   6.4457936E+00   1.9189858E+00
   4.2127198E-01   2.9613585E-03   6.3019171E+00   1.9194595E+00
   4.2443469E-01   3.0860417E-03   6.2521648E+00   1.9196875E+00
   4.2758265E-01   1.7947145E-03   6.0430689E+00   1.9201069E+00
   4.3067920E-01   2.1064915E-03   5.9092989E+00   1.9204619E+00
   4.3468553E-01   8.9566951E-04   5.7450309E+00   1.9207128E+00
   4.3760967E-01   9.0908399E-04   5.6252975E+00   1.9207730E+00
   4.4140214E-01  -1.5547380E-03   5.4786196E+00   1.9207444E+00
   4.4420427E-01  -2.7751571E-03   5.3451715E+00   1.9206198E+00
   4.4787854E-01  -1.1411671E-03   5.0680242E+00   1.9204550E+00
   4.5059219E-01   7.6305040E-04   5.0133467E+00   1.9204367E+00
   4.5416388E-01  -2.0444926E-03   4.9456887E+00   1.9203635E+00
   4.5768547E-01  -1.7751894E-03   4.6809039E+00   1.9202420E+00
   4.6116254E-01  -2.6659039E-03   4.1659484E+00   1.9211246E+00
   4.6460107E-01  -3.9499504E-03   4.5542293E+00   1.9219159E+00
   4.6800718E-01  -3.6769062E-03   4.5243287E+00   1.9219564E+00
   4.7138935E-01  -5.7999734E-03   3.7543774E+00   1.9215107E+00
   4.7476012E-01  -4.8289169E-03   4.1376162E+00   1.9231477E+00
   4.7729200E-01  -9.1797616E-03   3.9311199E+00   1.9228524E+00
   4.8070249E-01  -7.3956493E-03   3.6584301E+00   1.9219811E+00
   4.8424733E-01  -3.1405287E-03   3.5068910E+00   1.9216015E+00
   4.8784441E-01  -2.7489211E-02   3.4397521E+00   1.9214759E+00
   4.9138469E-01  -9.2107961E-03   3.2700262E+00   1.9213644E+00
   4.9403349E-01  -8.8639613E-03   3.1225169E+00   1.9212134E+00
   4.9758816E-01  -8.8254120E-03   2.9340978E+00   1.9209869E+00
   5.0114119E-01  -8.4238872E-03   2.7908521E+00   1.9209759E+00
   5.0469023E-01  -1.2392595E-02   2.6156266E+00   1.9210513E+00
   5.0737005E-01  -1.4973788E-02   2.5361648E+00   1.9210508E+00
   5.1098883E-01  -8.5521126E-03   2.3832510E+00   1.9211926E+00
   5.1462150E-01  -1.2996229E-02   2.2675450E+00   1.9210203E+00
   5.1817942E-01  -1.6601680E-02   2.0233767E+00   1.9209472E+00
   5.2081603E-01  -1.8458137E-02   1.8780390E+00   1.9205420E+00
   5.2429938E-01  -9.2543457E-03   1.7640128E+00   1.9200590E+00
   5.2783656E-01  -1.3794363E-02   1.6963394E+00   1.9197956E+00
   5.3141963E-01  -1.5958801E-02   1.4613287E+00   1.9187548E+00
   5.3490233E-01  -1.4165274E-03   1.3090916E+00   1.9176557E+00
   5.3755265E-01  -1.7170563E-02   1.1582346E+00   1.9168624E+00
   5.4109657E-01  -2.2915924E-02   1.0601350E+00   1.9162248E+00
   5.4462111E-01  -1.3356258E-02   8.8413811E-01   1.9153929E+00
   5.4821020E-01  -2.3774181E-02   6.8826467E-01   1.9140443E+00
   5.5095315E-01  -2.0106563E-02   5.6131482E-01   1.9133223E+00
   5.5459255E-01  -3.7464011E-02   3.6354777E-01   1.9127052E+00
   5.5810720E-01  -2.3212790E-02   2.5321200E-01   1.9120953E+00
   5.6160629E-01  -2.5564175E-02   4.8082136E-02   1.9116087E+00
   5.6422383E-01  -4.8812488E-03  -2.5669544E-03   1.9111004E+00
   5.6771183E-01  -3.5754342E-02  -3.4824452E-01   1.9102178E+00
   5.7132083E-01  -2.3021955E-02  -3.6717594E-01   1.9097781E+00
   5.7493365E-01  -2.9481541E-02  -5.6406349E-01   1.9096000E+00
   5.7759690E-01  -2.2415478E-02  -6.4273995E-01   1.9092268E+00
   5.8109409E-01  -3.5579184E-03  -9.4035405E-01   1.9079857E+00
   5.8456945E-01  -1.8610099E-02  -1.1362076E+00   1.9064741E+00
   5.8805305E-01  -3.8437679E-02  -1.2475606E+00   1.9059379E+00
   5.9168172E-01  -2.2753214E-02  -1.3910260E+00   1.9048718E+00
   5.9440053E-01  -8.7362090E-03  -1.4633012E+00   1.9044852E+00
   5.9797490E-01  -3.0118272E-02  -1.8137025E+00   1.9026902E+00
   6.0152602E-01  -1.9920666E-02  -2.0195880E+00   1.9015663E+00
   6.0506046E-01  -1.4080074E-02  -2.0100458E+00   1.9018271E+00
   6.0763103E-01  -4.6035342E-02  -2.1450822E+00   1.9015077E+00
   6.1137772E-01  -4.3910816E-02  -2.4604168E+00   1.9004283E+00
   6.1485779E-01  -1.7781179E-02  -2.5587475E+00   1.9000909E+00
   6.1787528E-01  -5.9782129E-02  -2.8389997E+00   1.8998083E+00
   6.2144053E-01  -6.1250973E-02  -2.9118056E+00   1.8992413E+00
   6.2443715E-01  -3.5932458E-03  -3.1195557E+00   1.8987346E+00
   6.2842077E-01  -7.6347090E-02  -3.3106768E+00   1.8979245E+00
   6.3146520E-01   8.0879843E-03  -3.5369759E+00   1.8971491E+00
   6.3460529E-01  -3.2359343E-02  -3.6092432E+00   1.8968509E+00
   6.3781214E-01  -1.1574067E-02  -3.8357711E+00   1.8965601E+00
   6.4120489E-01  -2.6519677E-02  -3.9122658E+00   1.8955611E+00
   6.4487922E-01  -9.7682662E-02  -4.1828146E+00   1.8945528E+00
   6.4850324E-01  -3.3922310E-04  -4.3297882E+00   1.8941895E+00
   6.5151685E-01  -6.8027496E-02  -4.4253855E+00   1.8937993E+00
   6.5471399E-01   9.8108770E-03  -4.7513232E+00   1.8928468E+00
   6.5859711E-01   8.3556370E-04  -5.1010385E+00   1.8920935E+00
   6.6147012E-01  -9.2250317E-02  -4.9087591E+00   1.8916078E+00
   6.6480875E-01  -3.2833211E-02  -5.1203141E+00   1.8897990E+00
   6.6831803E-01   6.8966285E-03  -5.4041710E+00   1.8902788E+00
   6.7172247E-01  -6.3889436E-02  -5.5700727E+00   1.8893032E+00
   6.7474645E-01   3.9959922E-02  -5.7204881E+00   1.8878015E+00
   6.7784148E-01  -5.6967802E-02  -5.8047633E+00   1.8868636E+00
   6.8199259E-01  -1.5728680E-02  -6.0109348E+00   1.8852341E+00
   6.8498188E-01  -9.8781735E-02  -6.1851439E+00   1.8840932E+00
   6.8801886E-01  -6.2068701E-03  -6.4268031E+00   1.8828858E+00
   6.9197905E-01   9.0989480E-03  -6.5577130E+00   1.8821052E+00
   6.9493508E-01  -5.7273754E-04  -6.6798744E+00   1.8809783E+00
   6.9781500E-01  -1.8008691E-01  -6.6393838E+00   1.8801975E+00
   7.0167613E-01   3.1511873E-02  -7.2143612E+00   1.8784063E+00
   7.0449013E-01   8.4298356E-03  -7.1394968E+00   1.8778328E+00
   7.0805305E-01  -5.4947034E-02  -7.3512597E+00   1.8771371E+00
   7.1142071E-01  -1.9120354E-02  -7.3736844E+00   1.8753719E+00
   7.1507281E-01  -1.2174004E-01  -7.6572819E+00   1.8743911E+00
   7.1828169E-01   5.9118751E-03  -7.7134671E+00   1.8726209E+00
   7.2179890E-01  -5.0968729E-02  -7.9075837E+00   1.8709266E+00
   7.2529387E-01  -9.1229126E-02  -7.8496599E+00   1.8697608E+00
   7.2792464E-01   7.4923337E-02  -8.2077560E+00   1.8686213E+00
   7.3139161E-01  -9.1366665E-03  -8.2680187E+00   1.8667183E+00
   7.3486954E-01   2.6713649E-02  -8.3836899E+00   1.8652856E+00
   7.3832273E-01  -1.4552075E-01  -8.6075239E+00   1.8639874E+00
   7.4176729E-01  -8.5262433E-03  -8.6524324E+00   1.8616599E+00
   7.4520361E-01   8.3158482E-03  -8.6729937E+00   1.8610970E+00
   7.4865991E-01  -3.4144765E-03  -9.0097275E+00   1.8544912E+00
   7.5123411E-01  -4.9377419E-02  -8.9097090E+00   1.8571512E+00
   7.5462633E-01  -1.1272778E-02  -8.9244156E+00   1.8590158E+00
   7.5805557E-01  -3.2348249E-02  -9.1305799E+00   1.8568134E+00
   7.6134259E-01  -2.5733210E-02  -9.3089104E+00   1.8530637E+00
   7.6470929E-01   2.4096344E-02  -9.3950090E+00   1.8517874E+00
   7.6798582E-01  -3.9448466E-02  -9.3907490E+00   1.8515706E+00
   7.7127445E-01  -9.2036270E-02  -9.4584770E+00   1.8508549E+00
   7.7538425E-01  -3.5449792E-02  -9.6332312E+00   1.8490484E+00
   7.7861118E-01  -5.8263913E-03  -9.6469135E+00   1.8481022E+00
   7.8190541E-01  -8.7300837E-02  -9.7818966E+00   1.8461889E+00
   7.8510743E-01  -5.6687199E-02  -9.7379837E+00   1.8442248E+00
   7.8839028E-01  -1.4534608E-02  -9.8567009E+00   1.8435817E+00
   7.9170448E-01  -1.1396047E-02  -9.8901148E+00   1.8426837E+00
   7.9487270E-01   9.3040466E-03  -1.0014246E+01   1.8415828E+00
   7.9812294E-01  -1.2502864E-02  -1.0119493E+01   1.8397213E+00
   8.0203891E-01  -1.2415051E-03  -1.0073129E+01   1.8389760E+00
   8.0510896E-01   3.4879313E-03  -1.0124258E+01   1.8382629E+00
   8.0815989E-01   2.1757907E-03  -1.0218902E+01   1.8373424E+00
   8.1191468E-01  -5.4999296E-02  -1.0099214E+01   1.8348824E+00
   8.1497931E-01  -2.3834318E-02  -1.0219037E+01   1.8334732E+00
   8.1807423E-01  -9.5251277E-03  -1.0286012E+01   1.8336562E+00
   8.2178342E-01  -4.2372249E-02  -1.0090879E+01   1.8339808E+00
   8.2485110E-01  -2.6458615E-04  -1.0215695E+01   1.8324450E+00
   8.2867026E-01  -3.0525411E-02  -1.0289529E+01   1.8312278E+00
   8.3163184E-01   8.5111131E-04  -1.0244166E+01   1.8291860E+00
   8.3546525E-01  -1.9078642E-02  -1.0294250E+01   1.8283693E+00
   8.3854824E-01  -2.5005888E-03  -1.0301834E+01   1.8274544E+00
   8.4150708E-01   2.6827592E-03  -1.0309895E+01   1.8249776E+00
   8.4527475E-01  -4.7288105E-02  -1.0236475E+01   1.8240067E+00
   8.4835523E-01  -1.6168218E-02  -1.0292517E+01   1.8238270E+00
   8.5208249E-01  -4.4513427E-02  -1.0301267E+01   1.8222283E+00
   8.5501897E-01  -1.0156854E-02  -1.0130859E+01   1.8205439E+00
   8.5882181E-01  -1.4253481E-02  -1.0194000E+01   1.8190068E+00
   8.6184925E-01   2.9088451E-02  -1.0154264E+01   1.8177160E+00
   8.6548704E-01  -8.4115133E-02  -1.0096587E+01   1.8170382E+00
   8.6844611E-01   2.9194225E-02  -1.0019435E+01   1.8158450E+00
   8.7222713E-01  -4.6221404E-03  -1.0139424E+01   1.8143436E+00
   8.7518525E-01  -6.7076162E-02  -1.0099809E+01   1.8135717E+00
   8.7877589E-01  -4.6192175E-03  -9.9936295E+00   1.8119973E+00
   8.8173091E-01   5.9036613E-02  -9.9583092E+00   1.8099004E+00
   8.8533443E-01  -8.4522218E-03  -9.9822426E+00   1.8088804E+00
   8.8824433E-01  -1.8934716E-02  -9.9020605E+00   1.8083273E+00
   8.9198619E-01  -6.2544703E-02  -9.8927126E+00   1.8063548E+00
   8.9556974E-01  -1.0759256E-01  -9.8161459E+00   1.8037481E+00
   8.9847714E-01  -2.5964115E-02  -9.7835941E+00   1.8036340E+00
   9.0221006E-01   1.3894893E-01  -9.6692915E+00   1.8022782E+00
   9.0512878E-01   1.6465052E-03  -9.6561441E+00   1.8003597E+00
   9.0865362E-01  -1.6584512E-02  -9.6746311E+00   1.7992131E+00
   9.1217709E-01  -8.5358638E-03  -9.5014563E+00   1.7985485E+00
   9.1506189E-01   9.7015016E-03  -9.4190693E+00   1.7969459E+00
   9.1869307E-01   2.4109983E-03  -9.4367332E+00   1.7955980E+00
   9.2203772E-01  -1.0415356E-02  -9.3843632E+00   1.7928203E+00
   9.2560261E-01   8.2520051E-03  -9.2781906E+00   1.7924725E+00
   9.2848492E-01  -2.1878332E-02  -9.2702570E+00   1.7921400E+00
   9.3205130E-01  -3.3697919E-03  -9.2857618E+00   1.7903974E+00
   9.3560708E-01  -1.7059809E-02  -9.1075525E+00   1.7882850E+00
   9.3843895E-01   7.5081564E-03  -9.0753527E+00   1.7868105E+00
   9.4201243E-01  -1.0322053E-03  -9.0367479E+00   1.7855600E+00
   9.4560188E-01  -7.8050126E-03  -9.0076904E+00   1.7850912E+00
   9.4906539E-01  -3.6841021E-03  -8.8999348E+00   1.7843431E+00
   9.5182163E-01  -1.6334157E-02  -8.8419485E+00   1.7832503E+00
   9.5530319E-01  -4.6431199E-03  -8.7768173E+00   1.7818151E+00
   9.5880115E-01   2.8785657E-02  -8.7192965E+00   1.7812867E+00
   9.6228081E-01   8.8355970E-03  -8.6339874E+00   1.7808721E+00
   9.6576667E-01  -7.6037780E-03  -8.6073322E+00   1.7800477E+00
   9.6857417E-01  -1.0610016E-02  -8.5303984E+00   1.7791667E+00
   9.7207016E-01  -5.0687110E-03  -8.4735336E+00   1.7782453E+00
   9.7557360E-01  -1.6688809E-02  -8.3638887E+00   1.7773039E+00
   9.7913009E-01   4.1807778E-02  -8.3763819E+00   1.7765572E+00
   9.8203576E-01   1.6020684E-03  -8.2915325E+00   1.7760378E+00
   9.8576188E-01  -7.6921480E-03  -8.1993933E+00   1.7756165E+00
   9.8882776E-01  -1.9039759E-04  -8.1309605E+00   1.7748291E+00
   9.9196434E-01   1.5086299E-03  -8.0695305E+00   1.7731024E+00
   9.9580270E-01   1.6023091E-03  -8.0368443E+00   1.7728140E+00
   9.9886692E-01   1.0749518E-03  -7.9918590E+00   1.7727568E+00
   1.0019196E+00   7.5964956E-03  -7.8906469E+00   1.7720581E+00
   1.0052888E+00  -1.5203252E-03  -7.8541856E+00   1.7709262E+00
   1.0089587E+00   2.7435136E-03  -7.8054514E+00   1.7700747E+00
   1.0126263E+00   1.6500484E-02  -7.7506261E+00   1.7694622E+00
   1.0153611E+00  -6.2019834E-03  -7.6938672E+00   1.7691182E+00
   1.0190356E+00  -3.0197529E-03  -7.6380873E+00   1.7685385E+00
   1.0217762E+00  -1.0198172E-03  -7.5899148E+00   1.7679554E+00
   1.0254087E+00   8.9784916E-03  -7.5598140E+00   1.7667041E+00
   1.0290377E+00  -2.4703280E-03  -7.4545517E+00   1.7662463E+00
   1.0317919E+00   2.3832864E-03  -7.4158244E+00   1.7660459E+00
   1.0355510E+00   7.5436449E-03  -7.3637772E+00   1.7647648E+00
   1.0393299E+00   1.0102773E-03  -7.2972064E+00   1.7641981E+00
   1.0421919E+00   3.4785429E-03  -7.2964239E+00   1.7640184E+00
   1.0452000E+00  -2.5789002E-03  -7.2056756E+00   1.7636319E+00
   1.0491463E+00   7.9806149E-03  -7.1288228E+00   1.7615157E+00
   1.0519756E+00  -6.0290686E-04  -7.1336293E+00   1.7607954E+00
   1.0557569E+00   3.5281564E-04  -7.0287261E+00   1.7597494E+00
   1.0586234E+00   9.5492671E-04  -6.9813108E+00   1.7597493E+00
   1.0626204E+00   6.2724468E-03  -6.9656157E+00   1.7594268E+00
   1.0655504E+00   5.1393001E-03  -6.9250159E+00   1.7586373E+00
   1.0693314E+00   5.5374466E-03  -6.8574362E+00   1.7571548E+00
   1.0721194E+00   6.9353371E-03  -6.8218355E+00   1.7563791E+00
   1.0757804E+00   9.4231172E-03  -6.7795715E+00   1.7560548E+00
   1.0792116E+00   1.9590460E-02  -6.7300296E+00   1.7555352E+00
   1.0824535E+00   5.0257752E-03  -6.6805830E+00   1.7549706E+00
   1.0852685E+00   1.3296118E-02  -6.6210356E+00   1.7546365E+00
   1.0889527E+00   3.3623993E-02  -6.5455003E+00   1.7533454E+00
   1.0926106E+00   4.5611612E-03  -6.5077786E+00   1.7525399E+00
   1.0953350E+00   1.7862871E-02  -6.4742584E+00   1.7521807E+00
   1.0989430E+00   1.4067752E-02  -6.4271598E+00   1.7515209E+00
   1.1027756E+00   1.4104886E-02  -6.3009744E+00   1.7502517E+00
   1.1057078E+00   1.4777440E-02  -6.2547860E+00   1.7496161E+00
   1.1094127E+00   1.8576628E-02  -6.2011075E+00   1.7487007E+00
   1.1121483E+00   4.9352948E-02  -6.1876173E+00   1.7484027E+00
   1.1158193E+00   2.3008259E-02  -6.1145530E+00   1.7479609E+00
   1.1194817E+00   1.6463524E-02  -6.0212088E+00   1.7473692E+00
   1.1222163E+00   1.6192446E-02  -5.9672961E+00   1.7467436E+00
   1.1258414E+00   2.2176679E-02  -5.9175243E+00   1.7465112E+00
   1.1294304E+00   2.4675908E-02  -5.8911800E+00   1.7464280E+00
   1.1322857E+00   1.9710718E-02  -5.7660680E+00   1.7463471E+00
   1.1361077E+00   2.6458796E-02  -5.6977777E+00   1.7462790E+00
   1.1389945E+00   2.6432185E-02  -5.6553259E+00   1.7462840E+00
   1.1428084E+00   2.8571496E-02  -5.5529733E+00   1.7462060E+00
   1.1456943E+00   2.5267044E-02  -5.4631910E+00   1.7460601E+00
   1.1494787E+00   2.3751590E-02  -5.4378095E+00   1.7460895E+00
   1.1522874E+00   2.1531055E-02  -5.4320173E+00   1.7463726E+00
   1.1559656E+00   2.5185807E-02  -5.3531270E+00   1.7464802E+00
   1.1595830E+00   2.7291464E-02  -5.2427645E+00   1.7459444E+00
   1.1623132E+00   3.1712372E-02  -5.1375837E+00   1.7452029E+00
   1.1660233E+00   2.7859550E-02  -5.0943522E+00   1.7450818E+00
   1.1696519E+00   3.1469718E-02  -5.1022367E+00   1.7452900E+00
   1.1725804E+00   3.5824928E-02  -4.9139409E+00   1.7453195E+00
   1.1756040E+00   3.3601347E-02  -4.8577237E+00   1.7450249E+00
   1.1795877E+00   2.4437767E-02  -4.8459477E+00   1.7445682E+00
   1.1825043E+00   2.4644060E-02  -4.7404737E+00   1.7445072E+00
   1.1863016E+00   2.7263219E-02  -4.6546550E+00   1.7447581E+00
   1.1890868E+00   2.8797453E-02  -4.5548620E+00   1.7448651E+00
   1.1927258E+00   2.8279165E-02  -4.4889154E+00   1.7448865E+00
   1.1962848E+00   3.3023432E-02  -4.3839769E+00   1.7451066E+00
   1.1989044E+00   3.0115314E-02  -4.3376875E+00   1.7451810E+00
   1.2023382E+00   2.8297883E-02  -4.2807159E+00   1.7452377E+00
   1.2057093E+00   3.6251165E-02  -4.1927757E+00   1.7452629E+00
   1.2090217E+00   3.0354491E-02  -4.0502772E+00   1.7450992E+00
   1.2122790E+00   3.4631029E-02  -4.0599518E+00   1.7449499E+00
   1.2163212E+00   3.1280164E-02  -3.9262884E+00   1.7446387E+00
   1.2197696E+00   2.7020704E-02  -3.8655684E+00   1.7444636E+00
   1.2227038E+00   2.6529891E-02  -3.7918446E+00   1.7442855E+00
   1.2255615E+00   2.6248323E-02  -3.7415020E+00   1.7440057E+00
   1.2296549E+00   2.9697018E-02  -3.6313484E+00   1.7436820E+00
   1.2324606E+00   2.8422281E-02  -3.5582211E+00   1.7434479E+00
   1.2360669E+00   2.7884157E-02  -3.4969718E+00   1.7433609E+00
   1.2390364E+00   2.7163524E-02  -3.3752286E+00   1.7432064E+00
   1.2429384E+00   3.5323847E-02  -3.3166914E+00   1.7430093E+00
   1.2458618E+00   2.7881345E-02  -3.2616842E+00   1.7429947E+00
   1.2489109E+00   3.2373648E-02  -3.1778951E+00   1.7430625E+00
   1.2530053E+00   2.7731508E-02  -3.0887125E+00   1.7431225E+00
   1.2560127E+00   2.9803697E-02  -3.0492313E+00   1.7432039E+00
   1.2590368E+00   2.9271623E-02  -2.9718904E+00   1.7432722E+00
   1.2631646E+00   2.5852149E-02  -2.8676419E+00   1.7433435E+00
   1.2662477E+00   2.8252436E-02  -2.7445042E+00   1.7431390E+00
   1.2693067E+00   2.8788274E-02  -2.7902949E+00   1.7428977E+00
   1.2723410E+00   3.0302655E-02  -2.6323416E+00   1.7428416E+00
   1.2763541E+00   2.7538484E-02  -2.6125674E+00   1.7427387E+00
   1.2793437E+00   2.8751567E-02  -2.4893885E+00   1.7426057E+00
   1.2831427E+00   2.6332282E-02  -2.4669888E+00   1.7422774E+00
   1.2860914E+00   2.5091799E-02  -2.3637600E+00   1.7422276E+00
   1.2891003E+00   2.8969729E-02  -2.3309407E+00   1.7423549E+00
   1.2930722E+00   2.7645670E-02  -2.2123334E+00   1.7426902E+00
   1.2960169E+00   2.5081398E-02  -2.1703534E+00   1.7429125E+00
   1.2998997E+00   2.5780434E-02  -2.0996585E+00   1.7431988E+00
   1.3027805E+00   2.4701532E-02  -2.0794506E+00   1.7434007E+00
   1.3065821E+00   1.4136981E-02  -2.0245073E+00   1.7436814E+00
   1.3094047E+00   2.3176624E-02  -1.9006412E+00   1.7442505E+00
   1.3128513E+00   2.0656690E-02  -1.8935430E+00   1.7445215E+00
   1.3164817E+00   2.5193574E-02  -1.8517141E+00   1.7448912E+00
   1.3199655E+00   1.5534735E-02  -1.6926228E+00   1.7452902E+00
   1.3226825E+00   1.7265968E-02  -1.6537982E+00   1.7454586E+00
   1.3262744E+00   2.1045571E-02  -1.6357741E+00   1.7457190E+00
   1.3298327E+00   1.9449081E-02  -1.6085440E+00   1.7460585E+00
   1.3324801E+00   1.9827435E-02  -1.4849732E+00   1.7466656E+00
   1.3359828E+00   1.8778356E-02  -1.4286160E+00   1.7471981E+00
   1.3394555E+00   1.7219517E-02  -1.3986145E+00   1.7473167E+00
   1.3428993E+00   1.5239592E-02  -1.3648093E+00   1.7475600E+00
   1.3463155E+00   2.4988446E-02  -1.2515097E+00   1.7483872E+00
   1.3497051E+00   1.8232429E-02  -1.1861101E+00   1.7492666E+00
   1.3530691E+00   1.6872849E-02  -1.1348642E+00   1.7498561E+00
   1.3564084E+00   1.6589168E-02  -1.1101646E+00   1.7502592E+00
   1.3597239E+00   1.6949126E-02  -1.0503296E+00   1.7505785E+00
   1.3630166E+00   1.6444178E-02  -9.7969663E-01   1.7514138E+00
   1.3662871E+00   1.3796384E-02  -8.6285490E-01   1.7519214E+00
   1.3695318E+00   2.1721823E-02  -8.9756548E-01   1.7522262E+00
   1.3727603E+00   1.8601881E-02  -8.4921795E-01   1.7525311E+00
   1.3763279E+00   2.2648899E-02  -7.5848329E-01   1.7528371E+00
   1.3799977E+00   2.0705370E-02  -6.5309840E-01   1.7533242E+00
   1.3827512E+00   8.3511248E-03  -6.3780332E-01   1.7536305E+00
   1.3863894E+00   2.1003647E-02  -5.5061299E-01   1.7538136E+00
   1.3900673E+00   2.0220844E-02  -4.8440146E-01   1.7543274E+00
   1.3928865E+00   2.1764811E-02  -4.4399312E-01   1.7546169E+00
   1.3966615E+00   3.0578485E-02  -3.7029180E-01   1.7550893E+00
   1.3994726E+00   3.0422941E-02  -3.1726652E-01   1.7554296E+00
   1.4032248E+00   2.5495632E-02  -1.6667280E-01   1.7562958E+00
   1.4060212E+00   2.8110504E-02  -1.7435174E-01   1.7568887E+00
   1.4097368E+00   2.9312745E-02  -1.2472253E-01   1.7572322E+00
   1.4134169E+00   2.8412512E-02  -5.2493136E-02   1.7576841E+00
   1.4161524E+00   3.0005785E-02   1.2265216E-01   1.7583908E+00
   1.4197582E+00   2.6448876E-02   1.2794706E-01   1.7588146E+00
   1.4233257E+00   2.7023932E-02   1.6511194E-01   1.7590853E+00
   1.4268627E+00   2.0437581E-02   2.4949993E-01   1.7594978E+00
   1.4294994E+00   2.1523908E-02   3.4742248E-01   1.7601349E+00
   1.4329970E+00   3.5071280E-02   3.8949990E-01   1.7603003E+00
   1.4364774E+00   2.1806747E-02   4.6264237E-01   1.7602457E+00
   1.4399436E+00   3.9930444E-02   5.5857664E-01   1.7604430E+00
   1.4433978E+00   2.7553750E-02   5.9521812E-01   1.7607975E+00
   1.4468423E+00   3.0195246E-02   7.5336546E-01   1.7615383E+00
   1.4494206E+00   2.9031157E-02   7.9661697E-01   1.7618859E+00
   1.4532440E+00   2.6885685E-02   9.1559863E-01   1.7621353E+00
   1.4565579E+00   1.2352167E-02   9.1703892E-01   1.7606785E+00
   1.4597225E+00   2.9849395E-02   1.0542842E+00   1.7621742E+00
   1.4628729E+00   2.4034694E-02   1.2045701E+00   1.7647278E+00
   1.4663525E+00   2.8552873E-02   1.2651228E+00   1.7659897E+00
   1.4698462E+00   2.5756611E-02   1.3340212E+00   1.7668054E+00
   1.4733546E+00   3.4352731E-02   1.4012089E+00   1.7671652E+00
   1.4768783E+00   4.5875438E-02   1.5427119E+00   1.7676096E+00
   1.4795314E+00   1.5537862E-02   1.6591630E+00   1.7684355E+00
   1.4830835E+00   3.0193932E-02   1.7402459E+00   1.7691044E+00
   1.4866523E+00   3.1841066E-02   1.8468217E+00   1.7702446E+00
   1.4902368E+00   1.7084068E-02   1.9513867E+00   1.7707649E+00
   1.4929348E+00   2.8298149E-02   2.0363479E+00   1.7711653E+00
   1.4965440E+00   2.1930017E-02   2.1363242E+00   1.7716141E+00
   1.5001651E+00   2.5427565E-02   2.2991958E+00   1.7730721E+00
   1.5028876E+00   2.1417554E-02   2.3515728E+00   1.7737648E+00
   1.5065242E+00   2.6416782E-02   2.4678214E+00   1.7747097E+00
   1.5101358E+00   1.9630210E-02   2.5714674E+00   1.7758304E+00
   1.5136752E+00   2.1454718E-02   2.7143857E+00   1.7774235E+00
   1.5162822E+00   2.8870031E-02   2.7994282E+00   1.7783661E+00
   1.5197338E+00   1.5719371E-02   2.9121063E+00   1.7791767E+00
   1.5232126E+00   1.1222446E-02   3.0296838E+00   1.7802519E+00
   1.5266796E+00   1.1341437E-02   3.1716912E+00   1.7816060E+00
   1.5301743E+00   1.0221157E-02   3.2903678E+00   1.7829269E+00
   1.5336016E+00   1.1047961E-02   3.4423881E+00   1.7837695E+00
   1.5362787E+00   1.0168394E-02   3.5031631E+00   1.7839938E+00
   1.5398443E+00   1.0189585E-02   3.6074426E+00   1.7844834E+00
   1.5433728E+00   1.0419223E-02   3.7325749E+00   1.7852006E+00
   1.5468475E+00  -7.9197431E-04   3.8810182E+00   1.7862602E+00
   1.5501853E+00   2.0587293E-02   4.0554595E+00   1.7875645E+00
   1.5533711E+00   1.4441023E-02   4.1223512E+00   1.7882658E+00
   1.5565461E+00   7.7573583E-03   4.2084527E+00   1.7886498E+00
   1.5597349E+00   7.5183236E-03   4.3477221E+00   1.7895749E+00
   1.5638113E+00   1.2898738E-02   4.4995370E+00   1.7907315E+00
   1.5671376E+00   1.0912451E-02   4.6031365E+00   1.7916205E+00
   1.5704811E+00   1.1530817E-02   4.7302547E+00   1.7930979E+00
   1.5730354E+00   1.0653355E-02   4.8140936E+00   1.7938215E+00
   1.5764701E+00   5.9400261E-03   4.9493222E+00   1.7947863E+00
   1.5799122E+00   1.0983027E-02   5.0583334E+00   1.7959033E+00
   1.5833752E+00  -2.1956097E-03   5.2420239E+00   1.7969126E+00
   1.5868534E+00   2.6471946E-02   5.3080792E+00   1.7979732E+00
   1.5903132E+00  -6.6287569E-03   5.4490819E+00   1.7983257E+00
   1.5937408E+00   7.1733687E-03   5.5677409E+00   1.7992613E+00
   1.5971351E+00  -8.5842926E-03   5.7097664E+00   1.8002552E+00
   1.6005093E+00  -2.5648682E-03   5.7705679E+00   1.8003397E+00
   1.6038784E+00  -2.8071299E-03   5.8690963E+00   1.8007741E+00
   1.6064076E+00   5.1858072E-04   6.0301733E+00   1.8021815E+00
   1.6097885E+00  -6.3707507E-03   6.1408434E+00   1.8031063E+00
   1.6131822E+00   5.8239349E-03   6.2342672E+00   1.8037910E+00
   1.6171727E+00  -2.6301669E-03   6.3462105E+00   1.8048326E+00
   1.6205363E+00  -8.2514705E-03   6.4840293E+00   1.8058679E+00
   1.6238581E+00  -4.2264806E-03   6.6027017E+00   1.8069072E+00
   1.6272477E+00   1.2737388E-02   6.7143064E+00   1.8076483E+00
   1.6297908E+00  -1.2750561E-02   6.7592568E+00   1.8083826E+00
   1.6331601E+00   1.2590549E-02   6.8724408E+00   1.8093537E+00
   1.6365426E+00  -5.3789220E-03   6.9792647E+00   1.8100979E+00
   1.6399434E+00  -1.2222395E-02   7.0637212E+00   1.8111097E+00
   1.6434267E+00   1.9509239E-03   7.2310934E+00   1.8129605E+00
   1.6469368E+00  -1.5624038E-02   7.3152013E+00   1.8139638E+00
   1.6504527E+00  -1.0154992E-02   7.4311767E+00   1.8147269E+00
   1.6540103E+00  -1.4831771E-02   7.4832563E+00   1.8156774E+00
   1.6567026E+00  -7.4923271E-03   7.5365353E+00   1.8163825E+00
   1.6607504E+00  -2.7263546E-03   7.9195781E+00   1.8229688E+00
   1.6638868E+00   7.9219621E-03   8.1743250E+00   1.8252195E+00
   1.6672715E+00  -1.1134761E-02   7.7636423E+00   1.8214272E+00
   1.6697156E+00  -4.7312882E-03   7.6964355E+00   1.8201671E+00
   1.6734635E+00  -3.8962069E-03   7.9124036E+00   1.8201813E+00
   1.6771059E+00  -5.4790857E-03   8.1112356E+00   1.8236325E+00
   1.6805905E+00  -9.7035281E-03   8.2042933E+00   1.8264332E+00
   1.6831127E+00  -2.3610631E-03   8.2336063E+00   1.8266007E+00
   1.6870972E+00  -8.4218737E-03   8.2381449E+00   1.8272828E+00
   1.6902361E+00  -4.5231134E-02   8.4237099E+00   1.8300014E+00
   1.6934546E+00   1.8790247E-03   8.4548063E+00   1.8299732E+00
   1.6968009E+00   2.5037082E-02   8.4914284E+00   1.8307263E+00
   1.7001323E+00  -2.2049634E-02   8.5733547E+00   1.8325694E+00
   1.7041814E+00   1.0916660E-02   8.6611605E+00   1.8348203E+00
   1.7065225E+00  -3.0345430E-03   8.7401400E+00   1.8358160E+00
   1.7104914E+00   4.2943372E-03   8.7749081E+00   1.8368039E+00
   1.7133301E+00  -2.3864109E-02   8.8228178E+00   1.8374046E+00
   1.7175121E+00   4.6595886E-02   9.0149536E+00   1.8416588E+00
   1.7203456E+00   1.1271699E-02   8.8794060E+00   1.8403392E+00
   1.7243266E+00   3.0297223E-02   8.8740616E+00   1.8388953E+00
   1.7267544E+00  -8.9308210E-03   8.9847040E+00   1.8399878E+00
   1.7306968E+00   1.9499192E-02   9.3528814E+00   1.8504130E+00
   1.7333956E+00   1.0325827E-02   8.9479713E+00   1.8397700E+00
   1.7377604E+00  -8.3667953E-03   9.3591728E+00   1.8468496E+00
   1.7407485E+00   1.2750127E-02   9.2281466E+00   1.8464195E+00
   1.7440430E+00  -2.6186986E-03   9.1923876E+00   1.8460771E+00
   1.7476245E+00   6.3664238E-03   9.3354473E+00   1.8490474E+00
   1.7509736E+00   1.8203234E-03   9.3690042E+00   1.8492792E+00
   1.7542273E+00   8.0341902E-03   9.4796515E+00   1.8501447E+00
   1.7573144E+00   1.6144769E-02   9.4870739E+00   1.8513871E+00
   1.7607412E+00   9.0768393E-03   9.6183491E+00   1.8561418E+00
   1.7641267E+00   1.3764483E-02   9.5783195E+00   1.8529662E+00
   1.7666752E+00   5.2368483E-03   9.5687237E+00   1.8522853E+00
   1.7709960E+00  -7.0873811E-03   9.7381821E+00   1.8548688E+00
   1.7740291E+00   1.3076684E-02   9.7153616E+00   1.8561790E+00
   1.7771429E+00   5.8512711E-03   9.7430668E+00   1.8572677E+00
   1.7805758E+00   1.1265391E-02   9.8151836E+00   1.8587301E+00
   1.7838092E+00   9.1270860E-03   1.0089582E+01   1.8668628E+00
   1.7873403E+00   1.5264848E-02   1.0197206E+01   1.8658793E+00
   1.7904797E+00   1.2669732E-02   9.9966669E+00   1.8618683E+00
   1.7941138E+00  -1.5581150E-03   9.9691553E+00   1.8600643E+00
   1.7974099E+00  -7.1330019E-04   1.0064765E+01   1.8609962E+00
   1.8003403E+00   7.6068551E-03   1.0177697E+01   1.8654417E+00
   1.8037326E+00   1.2320990E-03   1.0224545E+01   1.8670371E+00
   1.8076597E+00   1.1201662E-02   1.0210954E+01   1.8675779E+00
   1.8104655E+00   6.2578567E-03   1.0255266E+01   1.8678170E+00
   1.8134036E+00   6.6967811E-03   1.0295120E+01   1.8683033E+00
   1.8175226E+00   7.0076645E-03   1.0369257E+01   1.8696951E+00
   1.8204305E+00   8.1045851E-03   1.0434366E+01   1.8707755E+00
   1.8236364E+00   6.2546702E-03   1.0474347E+01   1.8718380E+00
   1.8271708E+00   1.3405984E-02   1.0533185E+01   1.8721734E+00
   1.8307455E+00   1.0334777E-02   1.0595124E+01   1.8755814E+00
   1.8342648E+00   8.6036269E-03   1.0653798E+01   1.8752252E+00
   1.8378481E+00   9.6173538E-03   1.0614637E+01   1.8741208E+00
   1.8397752E+00   4.0295012E-03   1.0672865E+01   1.8741335E+00
   1.8435987E+00   3.6996664E-03   1.0763462E+01   1.8780841E+00
   1.8466827E+00   1.2955003E-02   1.0789921E+01   1.8783443E+00
   1.8510768E+00   6.9901217E-03   1.0851665E+01   1.8799582E+00
   1.8543721E+00   5.4228618E-03   1.0906926E+01   1.8816414E+00
   1.8579922E+00   4.1749701E-03   1.0966754E+01   1.8835044E+00
   1.8614898E+00   9.7245863E-03   1.1020270E+01   1.8879430E+00
   1.8632568E+00   7.2176829E-03   1.1056370E+01   1.8877701E+00
   1.8667775E+00   8.1498642E-03   1.1034908E+01   1.8862734E+00
   1.8709849E+00   1.6993664E-03   1.1118253E+01   1.8855201E+00
   1.8741442E+00   3.7313255E-03   1.1162393E+01   1.8872287E+00
   1.8771354E+00   6.6544823E-03   1.1187129E+01   1.8895996E+00
   1.8803313E+00   3.6667325E-03   1.1219350E+01   1.8905958E+00
   1.8837980E+00   6.7741596E-03   1.1270661E+01   1.8911319E+00
   1.8875481E+00   5.5609737E-03   1.1318252E+01   1.8942634E+00
   1.8911240E+00   5.4136170E-03   1.1345019E+01   1.8939916E+00
   1.8949867E+00   3.3784844E-03   1.1393220E+01   1.8930281E+00
   1.8970641E+00   1.8941405E-03   1.1389731E+01   1.8934999E+00
   1.9008281E+00   3.5882890E-03   1.1417975E+01   1.8943157E+00
   1.9043102E+00   5.2489769E-03   1.1465759E+01   1.8957140E+00
   1.9077826E+00   2.7526857E-03   1.1497238E+01   1.8980765E+00
   1.9116110E+00   3.1113364E-03   1.1510996E+01   1.9021261E+00
   1.9136494E+00   3.0710315E-03   1.1527750E+01   1.9009631E+00
   1.9173671E+00   1.6239539E-03   1.1592984E+01   1.8991175E+00
   1.9212112E+00  -1.0400380E-03   1.1548399E+01   1.8988367E+00
   1.9248823E+00   5.1010936E-03   1.1556407E+01   1.9048575E+00
   1.9267576E+00   3.5784219E-03   1.1576525E+01   1.9047171E+00
   1.9304587E+00   1.4335749E-03   1.1618239E+01   1.9030468E+00
   1.9340755E+00   1.2686991E-03   1.1664697E+01   1.9021138E+00
   1.9376816E+00  -3.0350452E-04   1.1637254E+01   1.9028236E+00
   1.9411573E+00   3.5394351E-03   1.1471882E+01   1.9084522E+00
   1.9444859E+00   2.8962672E-03   1.1714933E+01   1.9035559E+00
   1.9477199E+00  -8.0047855E-03   1.1536415E+01   1.9072075E+00
   1.9509332E+00  -3.4438944E-04   1.1580738E+01   1.9068215E+00
   1.9541576E+00   3.6067253E-03   1.1628347E+01   1.9063417E+00
   1.9573649E+00   2.6433978E-03   1.1630522E+01   1.9067130E+00
   1.9605132E+00  -8.1880053E-04   1.1435070E+01   1.9124098E+00
   1.9636033E+00   3.8249518E-03   1.1529124E+01   1.9108472E+00
   1.9680973E+00   1.4111006E-03   1.1588850E+01   1.9089499E+00
   1.9709965E+00  -1.4304809E-03   1.1580874E+01   1.9083263E+00
   1.9738646E+00   3.9934213E-04   1.1438141E+01   1.9093571E+00
   1.9781820E+00   2.5615958E-03   1.1367074E+01   1.9114437E+00
   1.9810269E+00   2.6873793E-03   1.1349133E+01   1.9120517E+00
   1.9838234E+00   1.5654834E-03   1.1350846E+01   1.9124217E+00
   1.9879032E+00   6.8474200E-04   1.1318386E+01   1.9130024E+00
   1.9905432E+00   1.5008773E-03   1.1205824E+01   1.9134345E+00
   1.9944330E+00   4.2703189E-03   1.1154307E+01   1.9139664E+00
   1.9970663E+00   3.0513781E-03   1.1109907E+01   1.9140133E+00
   2.0009379E+00   3.2377960E-03   1.1026813E+01   1.9139673E+00
   2.0046372E+00   3.9231544E-03   1.0963976E+01   1.9145007E+00
   2.0082197E+00   3.2126193E-03   1.0856592E+01   1.9153978E+00
   2.0105627E+00   3.3410548E-03   1.0802390E+01   1.9159056E+00
   2.0140269E+00   6.7036054E-03   1.0723778E+01   1.9168607E+00
   2.0174668E+00   6.4162831E-03   1.0629905E+01   1.9176720E+00
   2.0208104E+00   6.7246789E-03   1.0540888E+01   1.9182112E+00
   2.0240486E+00   4.6015880E-03   1.0461466E+01   1.9185379E+00
   2.0272217E+00   4.5682751E-03   1.0345814E+01   1.9189758E+00
   2.0313594E+00   4.1795135E-03   1.0196589E+01   1.9197851E+00
   2.0344307E+00   6.1539705E-03   1.0129402E+01   1.9201849E+00
   2.0374849E+00   4.3791491E-03   1.0017859E+01   1.9206147E+00
   2.0415452E+00   3.8316911E-03   9.8437300E+00   1.9212941E+00
   2.0445731E+00   6.0164579E-03   9.6971226E+00   1.9217188E+00
   2.0474873E+00   5.4148748E-03   9.6116438E+00   1.9218860E+00
   2.0512893E+00   5.9977025E-03   9.4968481E+00   1.9218694E+00
   2.0540829E+00   5.0412333E-03   9.4094267E+00   1.9218131E+00
   2.0577641E+00   5.0252434E-03   9.2268791E+00   1.9218818E+00
   2.0614295E+00   4.2236466E-03   8.6143074E+00   1.9230126E+00
   2.0641723E+00   8.6057642E-03   9.1347084E+00   1.9221514E+00
   2.0678163E+00   2.6994962E-03   8.9864101E+00   1.9214910E+00
   2.0714512E+00   3.4128628E-03   8.4821320E+00   1.9226683E+00
   2.0741663E+00   3.3849452E-03   8.4189396E+00   1.9232080E+00
   2.0777879E+00   4.8360061E-03   8.3781233E+00   1.9234201E+00
   2.0813928E+00   5.0907573E-03   8.1597929E+00   1.9235145E+00
   2.0849714E+00   6.1128032E-03   7.9933929E+00   1.9236181E+00
   2.0876002E+00   4.8534838E-03   7.8458791E+00   1.9237618E+00
   2.0909784E+00   7.5682648E-03   7.6370816E+00   1.9239149E+00
   2.0942996E+00   6.9196974E-03   7.4912829E+00   1.9239119E+00
   2.0975926E+00   4.5767240E-03   7.3193364E+00   1.9236313E+00
   2.1008673E+00   3.5443772E-03   7.2000332E+00   1.9234464E+00
   2.1049414E+00   4.6815504E-03   6.8401933E+00   1.9230411E+00
   2.1081820E+00   9.0011815E-03   6.7716851E+00   1.9229693E+00
   2.1113968E+00   8.4848972E-03   6.6680346E+00   1.9228106E+00
   2.1145809E+00   7.7556339E-03   6.4348545E+00   1.9224193E+00
   2.1177351E+00   8.8545438E-03   6.2399797E+00   1.9222897E+00
   2.1216412E+00   8.3211921E-03   6.0226927E+00   1.9221504E+00
   2.1247406E+00   5.2323989E-03   5.8626618E+00   1.9220304E+00
   2.1278207E+00   8.4122913E-03   5.6863008E+00   1.9219122E+00
   2.1316488E+00   9.6347425E-03   5.4685783E+00   1.9216796E+00
   2.1346986E+00   6.6396492E-03   5.3004532E+00   1.9215392E+00
   2.1379259E+00   8.1663793E-03   5.0457954E+00   1.9213890E+00
   2.1409655E+00   6.3215899E-03   4.9084067E+00   1.9210244E+00
   2.1448247E+00   4.2368257E-03   4.7645440E+00   1.9205793E+00
   2.1479757E+00   1.2832693E-03   4.5068331E+00   1.9198428E+00
   2.1511455E+00   9.2736604E-03   4.3237720E+00   1.9194944E+00
   2.1543262E+00   7.5476761E-03   4.1550612E+00   1.9192157E+00
   2.1582983E+00   5.8338488E-03   3.9439981E+00   1.9187069E+00
   2.1615067E+00   3.0048434E-03   3.7303777E+00   1.9180604E+00
   2.1647313E+00   5.4073199E-03   3.5671861E+00   1.9175148E+00
   2.1679029E+00   1.9851887E-04   3.4243507E+00   1.9172655E+00
   2.1710589E+00  -4.6660150E-03   3.1997998E+00   1.9167455E+00
   2.1750107E+00   2.1061450E-03   2.9381890E+00   1.9162858E+00
   2.1781933E+00  -5.3637609E-04   2.8256772E+00   1.9161296E+00
   2.1814039E+00   1.0469684E-03   2.6721385E+00   1.9160283E+00
   2.1845312E+00   6.5628816E-03   2.4503467E+00   1.9158146E+00
   2.1877613E+00  -1.2581009E-02   2.1616495E+00   1.9152374E+00
   2.1910713E+00  -8.1955856E-03   2.0246115E+00   1.9150144E+00
   2.1943815E+00  -1.0684527E-02   1.9454494E+00   1.9150693E+00
   2.1984587E+00   1.2494366E-03   1.7008207E+00   1.9147140E+00
   2.2017264E+00   6.4354278E-03   1.4156566E+00   1.9137996E+00
   2.2050118E+00  -5.6414390E-03   1.2548074E+00   1.9132173E+00
   2.2080851E+00  -9.2066331E-03   1.1799453E+00   1.9132521E+00
   2.2113388E+00  -6.7945598E-03   9.9209547E-01   1.9128667E+00
   2.2145391E+00  -2.3054036E-03   8.1344730E-01   1.9121071E+00
   2.2185168E+00   5.4191709E-03   4.2758715E-01   1.9104867E+00
   2.2217176E+00  -6.4304010E-03   3.4756592E-01   1.9099815E+00
   2.2250254E+00  -1.8041633E-02   2.6188335E-01   1.9099470E+00
   2.2282696E+00  -2.6402643E-02   6.8489023E-02   1.9092815E+00
   2.2314861E+00  -2.1362890E-02  -7.5497285E-02   1.9087069E+00
   2.2346985E+00   4.4555455E-03  -2.4015902E-01   1.9082006E+00
   2.2379088E+00  -5.2603087E-03  -4.2859146E-01   1.9078416E+00
   2.2411900E+00  -3.1647794E-02  -6.6533029E-01   1.9065217E+00
   2.2444806E+00  -1.0080934E-02  -8.2273257E-01   1.9056883E+00
   2.2485325E+00   1.4010507E-02  -9.3107909E-01   1.9053850E+00
   2.2517438E+00  -2.6351374E-02  -1.1431940E+00   1.9049646E+00
   2.2549434E+00   7.0198649E-03  -1.3025117E+00   1.9039927E+00
   2.2581272E+00  -2.1524208E-02  -1.5376765E+00   1.9026548E+00
   2.2614906E+00  -2.3042710E-02  -1.6280807E+00   1.9022897E+00
   2.2648892E+00  -1.0742136E-02  -1.6956050E+00   1.9018315E+00
   2.2682729E+00   1.8500403E-02  -1.9210882E+00   1.9006702E+00
   2.2716401E+00  -3.6356572E-02  -2.1116011E+00   1.8993112E+00
   2.2751966E+00  -9.8822648E-03  -2.3790896E+00   1.8979241E+00
   2.2785640E+00  -3.2646533E-02  -2.3476350E+00   1.8972943E+00
   2.2812080E+00  -5.5142168E-02  -2.5336633E+00   1.8963891E+00
   2.2849200E+00   3.6391124E-02  -2.8106964E+00   1.8951708E+00
   2.2883191E+00  -3.9190479E-02  -2.7456701E+00   1.8944314E+00
   2.2919652E+00  -8.5498556E-02  -3.1397893E+00   1.8928398E+00
   2.2947488E+00  -2.1504669E-02  -3.2581859E+00   1.8919612E+00
   2.2981319E+00  -3.1604648E-02  -3.4392896E+00   1.8912737E+00
   2.3020110E+00  -6.6207587E-03  -3.4345753E+00   1.8903230E+00
   2.3048651E+00  -1.5758844E-01  -3.7062652E+00   1.8889693E+00
   2.3085155E+00   7.2931573E-02  -3.9243138E+00   1.8875608E+00
   2.3113403E+00  -1.5190588E-02  -4.0329509E+00   1.8871976E+00
   2.3150711E+00   1.1873928E-01  -3.8431456E+00   1.8860180E+00
   2.3187344E+00  -2.2395054E-01  -4.4690685E+00   1.8838072E+00
   2.3216403E+00   7.1527295E-02  -4.5311661E+00   1.8825097E+00
   2.3251011E+00   7.5070933E-03  -4.4454880E+00   1.8819529E+00
   2.3281171E+00  -2.2646826E-02  -5.1014028E+00   1.8810517E+00
   2.3320251E+00   3.8497236E-02  -4.8158379E+00   1.8796288E+00
   2.3348303E+00  -5.4869954E-02  -5.1242771E+00   1.8786995E+00
   2.3381064E+00  -5.3761739E-02  -5.2309623E+00   1.8754748E+00
   2.3422017E+00   1.4564628E-02  -5.2947903E+00   1.8760529E+00
   2.3449876E+00  -9.2485510E-02  -5.4945540E+00   1.8758399E+00
   2.3485122E+00  -7.8095481E-02  -5.6653147E+00   1.8737694E+00
   2.3515868E+00  -1.8325014E-02  -5.7255797E+00   1.8721136E+00
   2.3553269E+00  -1.7518673E-02  -5.8330846E+00   1.8715106E+00
   2.3583746E+00   6.8458384E-03  -5.7446742E+00   1.8704854E+00
   2.3620234E+00  -2.5557311E-02  -6.1124501E+00   1.8680031E+00
   2.3651218E+00  -6.0799636E-02  -6.4151545E+00   1.8674635E+00
   2.3683779E+00  -1.5350535E-02  -6.4397197E+00   1.8669984E+00
   2.3722384E+00  -6.9022410E-02  -6.5580406E+00   1.8650461E+00
   2.3755820E+00   3.6366250E-02  -6.8191624E+00   1.8630852E+00
   2.3788781E+00  -3.4286123E-02  -6.8489323E+00   1.8624268E+00
   2.3821635E+00   1.3249783E-02  -7.0000238E+00   1.8621910E+00
   2.3854296E+00  -3.1036558E-02  -7.1001635E+00   1.8610241E+00
   2.3884983E+00   2.6751112E-02  -7.3378134E+00   1.8576012E+00
   2.3921080E+00  -9.2826420E-03  -7.4748402E+00   1.8555821E+00
   2.3953207E+00   8.9777783E-02  -7.5142589E+00   1.8573705E+00
   2.3985116E+00  -1.2659260E-02  -7.4775491E+00   1.8580126E+00
   2.4016566E+00  -4.0599659E-02  -7.7706738E+00   1.8537741E+00
   2.4055548E+00   1.6639322E-02  -7.8894973E+00   1.8515868E+00
   2.4086301E+00  -7.0144981E-02  -7.8992691E+00   1.8510573E+00
   2.4116874E+00   3.9172854E-02  -7.8861957E+00   1.8504242E+00
   2.4155176E+00  -1.5335353E-01  -8.2603273E+00   1.8486077E+00
   2.4185870E+00  -5.8583137E-02  -8.3977261E+00   1.8471433E+00
   2.4216392E+00  -4.3751565E-03  -8.3414507E+00   1.8466401E+00
   2.4254344E+00  -6.9105953E-02  -8.3743467E+00   1.8436639E+00
   2.4285426E+00   3.4689289E-02  -8.5802765E+00   1.8425491E+00
   2.4316537E+00  -2.9964838E-02  -8.6527939E+00   1.8422261E+00
   2.4356315E+00   4.5599829E-02  -8.7206764E+00   1.8404094E+00
   2.4388313E+00   5.5847792E-03  -8.7284746E+00   1.8393952E+00
   2.4420433E+00  -1.5972553E-01  -9.0879297E+00   1.8370925E+00
   2.4452901E+00  -3.2621980E-02  -9.0451040E+00   1.8356260E+00
   2.4485061E+00  -1.7979881E-02  -9.0502224E+00   1.8349770E+00
   2.4517536E+00  -4.8728511E-02  -9.2418823E+00   1.8338734E+00
   2.4549558E+00  -6.1709370E-02  -9.2248764E+00   1.8308673E+00
   2.4589336E+00  -1.0854154E-01  -9.2906227E+00   1.8300529E+00
   2.4621246E+00   8.8180840E-02  -9.4511604E+00   1.8291779E+00
   2.4652667E+00  -4.8666913E-02  -9.3701859E+00   1.8273320E+00
   2.4684007E+00  -2.6739001E-02  -9.5488472E+00   1.8260518E+00
   2.4723060E+00  -7.5510400E-03  -9.5635567E+00   1.8237196E+00
   2.4753962E+00  -3.4984924E-02  -9.6160097E+00   1.8227390E+00
   2.4784784E+00  -2.3702260E-02  -9.6929026E+00   1.8215845E+00
   2.4822881E+00  -4.7692638E-02  -9.7818661E+00   1.8199149E+00
   2.4853332E+00  -3.0513113E-02  -9.7325306E+00   1.8180870E+00
   2.4883983E+00  -1.9888094E-02  -9.8365316E+00   1.8170999E+00
   2.4921985E+00  -5.0232008E-02  -9.9049435E+00   1.8145378E+00
   2.4952233E+00  -2.8443502E-02  -9.7791290E+00   1.8135853E+00
   2.4991004E+00  -3.5079617E-02  -9.8754950E+00   1.8128784E+00
   2.5022101E+00  -1.1908327E-02  -9.9181910E+00   1.8105443E+00
   2.5052497E+00  -5.5957548E-02  -9.8387470E+00   1.8089976E+00
   2.5090938E+00  -1.7289672E-02  -9.8891582E+00   1.8080987E+00
   2.5122020E+00  -2.5075693E-02  -9.9374342E+00   1.8062209E+00
   2.5152562E+00  -2.4663940E-02  -9.9159002E+00   1.8048964E+00
   2.5189595E+00  -2.4104105E-02  -9.8980694E+00   1.8037659E+00
   2.5219693E+00  -3.7288271E-02  -1.0035892E+01   1.8029228E+00
   2.5258517E+00  -3.6242414E-02  -9.9223747E+00   1.8008019E+00
   2.5289042E+00   7.1126963E-03  -9.8983355E+00   1.7987002E+00
   2.5319624E+00  -8.1686927E-03  -9.8953981E+00   1.7983568E+00
   2.5358150E+00  -5.8469683E-02  -9.8844023E+00   1.7969342E+00
   2.5388975E+00  -8.8945590E-03  -9.8180046E+00   1.7950439E+00
   2.5419471E+00  -2.0014040E-02  -9.8093243E+00   1.7944783E+00
   2.5457597E+00  -2.2886472E-02  -9.7141533E+00   1.7934848E+00
   2.5488310E+00  -2.9590853E-02  -9.7426243E+00   1.7925901E+00
   2.5518982E+00  -3.4760658E-02  -9.7461891E+00   1.7922610E+00
   2.5556884E+00  -1.0396515E-02  -9.5849056E+00   1.7900747E+00
   2.5587184E+00  -1.9033484E-02  -9.5095100E+00   1.7882630E+00
   2.5624094E+00  -2.5266264E-02  -9.6029139E+00   1.7871615E+00
   2.5652726E+00  -6.8049752E-03  -9.5302658E+00   1.7864145E+00
   2.5687926E+00  -1.4371132E-02  -9.4316998E+00   1.7849975E+00
   2.5724666E+00  -7.4120509E-03  -9.4356976E+00   1.7837832E+00
   2.5753357E+00  -1.4691498E-02  -9.3217049E+00   1.7825688E+00
   2.5788999E+00  -9.0477578E-03  -9.2901602E+00   1.7808940E+00
   2.5825489E+00  -3.7241785E-03  -9.2671986E+00   1.7797461E+00
   2.5854099E+00   5.5666529E-02  -9.1293983E+00   1.7784431E+00
   2.5889266E+00  -3.1162714E-04  -9.0660543E+00   1.7772479E+00
   2.5924501E+00  -1.7967379E-02  -9.0635872E+00   1.7767308E+00
   2.5953169E+00  -1.5750080E-02  -8.9319353E+00   1.7760500E+00
   2.5988925E+00   1.1226583E-02  -8.8345251E+00   1.7744884E+00
   2.6023712E+00   2.6702594E-03  -8.7454910E+00   1.7728159E+00
   2.6058547E+00  -7.9784393E-03  -8.6511974E+00   1.7717538E+00
   2.6086621E+00  -3.8290268E-03  -8.5549202E+00   1.7711411E+00
   2.6121502E+00  -1.0558411E-03  -8.5219278E+00   1.7703490E+00
   2.6156490E+00  -3.7035390E-03  -8.3850965E+00   1.7692720E+00
   2.6192014E+00  -7.2514005E-03  -8.3416147E+00   1.7674836E+00
   2.6226883E+00   5.9793419E-03  -8.2479048E+00   1.7658235E+00
   2.6254327E+00   4.8860558E-03  -8.2043161E+00   1.7650212E+00
   2.6288795E+00   5.9734948E-02  -8.0264206E+00   1.7642040E+00
   2.6323619E+00   2.8422514E-03  -7.9737010E+00   1.7628925E+00
   2.6358099E+00   4.8684482E-03  -7.9256353E+00   1.7616208E+00
   2.6392293E+00   4.3470517E-02  -7.8257799E+00   1.7607002E+00
   2.6426480E+00   1.6579906E-03  -7.6396780E+00   1.7595831E+00
   2.6460512E+00  -2.6668515E-03  -7.5820470E+00   1.7581552E+00
   2.6494012E+00   1.5211762E-03  -7.5308642E+00   1.7569941E+00
   2.6527734E+00   4.1086562E-03  -7.3781805E+00   1.7563443E+00
   2.6554866E+00   2.9752031E-03  -7.2765017E+00   1.7556568E+00
   2.6588936E+00   3.5728228E-03  -7.2336478E+00   1.7547441E+00
   2.6623094E+00   1.3591619E-02  -7.1508613E+00   1.7539146E+00
   2.6657352E+00   9.0062721E-03  -6.9858227E+00   1.7526869E+00
   2.6691699E+00   5.4593636E-03  -6.8889337E+00   1.7514499E+00
   2.6726050E+00   9.4393482E-03  -6.8397307E+00   1.7507378E+00
   2.6760321E+00   1.0859695E-02  -6.7590504E+00   1.7501793E+00
   2.6794484E+00   1.9740695E-02  -6.6097484E+00   1.7491125E+00
   2.6821747E+00   1.1664221E-02  -6.5382323E+00   1.7480413E+00
   2.6855812E+00   6.4426293E-03  -6.4410610E+00   1.7466410E+00
   2.6890028E+00   1.1369976E-02  -6.3907480E+00   1.7461240E+00
   2.6924593E+00   1.0049790E-02  -6.2313375E+00   1.7458760E+00
   2.6959665E+00   1.3191302E-02  -6.1855679E+00   1.7449232E+00
   2.6994386E+00   3.0864511E-02  -6.0426488E+00   1.7437385E+00
   2.7022288E+00   1.9117691E-02  -5.9658337E+00   1.7428684E+00
   2.7058065E+00   6.0229013E-03  -5.8833232E+00   1.7424154E+00
   2.7094085E+00   1.0084134E-02  -5.8079367E+00   1.7420571E+00
   2.7122591E+00   4.1108172E-02  -5.7470379E+00   1.7415144E+00
   2.7157607E+00   1.8301604E-02  -5.6403847E+00   1.7405763E+00
   2.7191978E+00   6.1604455E-03  -5.5839634E+00   1.7397097E+00
   2.7225871E+00   3.7671507E-03  -5.4991450E+00   1.7392756E+00
   2.7259507E+00   7.0905760E-03  -5.4162045E+00   1.7389401E+00
   2.7293060E+00   8.1203012E-03  -5.3401346E+00   1.7382401E+00
   2.7326629E+00   9.9463826E-03  -5.2896600E+00   1.7375696E+00
   2.7360227E+00   6.2859203E-03  -5.2171011E+00   1.7370361E+00
   2.7393854E+00   9.4649401E-03  -5.1480904E+00   1.7364922E+00
   2.7427201E+00   1.1076050E-02  -5.0583215E+00   1.7357105E+00
   2.7460985E+00   1.1818969E-02  -4.9759026E+00   1.7347090E+00
   2.7494380E+00   1.0806026E-02  -4.9180384E+00   1.7340194E+00
   2.7528019E+00   5.1282886E-03  -4.8520560E+00   1.7337677E+00
   2.7561722E+00   9.0787830E-03  -4.8217554E+00   1.7334409E+00
   2.7595174E+00   9.3352096E-03  -4.7489886E+00   1.7327052E+00
   2.7628381E+00   6.4953966E-03  -4.6620884E+00   1.7318199E+00
   2.7661185E+00   4.6731597E-03  -4.6059289E+00   1.7313972E+00
   2.7694657E+00   1.4195112E-02  -4.5822644E+00   1.7313859E+00
   2.7727613E+00   1.2948472E-02  -4.5285568E+00   1.7312174E+00
   2.7760453E+00   9.0322096E-04  -4.4570885E+00   1.7306247E+00
   2.7793746E+00   5.6131249E-03  -4.4553566E+00   1.7299756E+00
   2.7827437E+00   7.9710903E-03  -4.3292069E+00   1.7294471E+00
   2.7861249E+00   9.4567230E-03  -4.3268824E+00   1.7290350E+00
   2.7894812E+00   1.1196041E-02  -4.2388673E+00   1.7283187E+00
   2.7928088E+00   1.5557935E-02  -4.1935620E+00   1.7276970E+00
   2.7961073E+00   7.4863383E-03  -4.1688490E+00   1.7273362E+00
   2.7993801E+00   6.4374711E-03  -4.1481948E+00   1.7269555E+00
   2.8026323E+00   1.0168070E-02  -4.0354786E+00   1.7263865E+00
   2.8058689E+00   7.5538945E-03  -3.9952171E+00   1.7257272E+00
   2.8097308E+00   8.0688046E-03  -3.9682720E+00   1.7253792E+00
   2.8129334E+00   1.0735544E-02  -3.9309142E+00   1.7252959E+00
   2.8161240E+00   1.3428523E-02  -3.7841175E+00   1.7243800E+00
   2.8193047E+00   8.6603230E-03  -3.8012071E+00   1.7237920E+00
   2.8231115E+00   9.1897557E-03  -3.7774041E+00   1.7241796E+00
   2.8262780E+00   1.0613086E-02  -3.6759539E+00   1.7239618E+00
   2.8294404E+00   1.1748766E-02  -3.6191077E+00   1.7234429E+00
   2.8325958E+00   1.0354398E-02  -3.6041417E+00   1.7226255E+00
   2.8363528E+00   1.3046215E-02  -3.5152125E+00   1.7222897E+00
   2.8395329E+00   1.3347588E-02  -3.5273561E+00   1.7222714E+00
   2.8428009E+00   6.3656024E-03  -3.4250331E+00   1.7219944E+00
   2.8460548E+00   7.7464692E-03  -3.3586495E+00   1.7216634E+00
   2.8492987E+00   2.4276001E-03  -3.3340309E+00   1.7211829E+00
   2.8531246E+00  -3.1888254E-03  -3.2050798E+00   1.7205765E+00
   2.8564029E+00   1.4353042E-02  -3.1938004E+00   1.7204504E+00
   2.8596659E+00  -5.9556821E-03  -3.2051821E+00   1.7205440E+00
   2.8629284E+00   2.6962908E-03  -3.1011074E+00   1.7203556E+00
   2.8662162E+00   6.8369322E-03  -3.0477571E+00   1.7199880E+00
   2.8695035E+00   4.3757530E-03  -2.9845650E+00   1.7196290E+00
   2.8727877E+00   9.3720052E-03  -2.9453561E+00   1.7196475E+00
   2.8760843E+00   1.0553640E-02  -2.8850861E+00   1.7196734E+00
   2.8793867E+00   1.6856013E-02  -2.8257136E+00   1.7196174E+00
   2.8826885E+00   1.3979799E-02  -2.7320039E+00   1.7195305E+00
   2.8859766E+00   1.1563024E-02  -2.7009678E+00   1.7193505E+00
   2.8899119E+00   1.3364900E-02  -2.6397047E+00   1.7195351E+00
   2.8931952E+00   1.4956042E-02  -2.5843134E+00   1.7197996E+00
   2.8964789E+00   1.3686479E-02  -2.5063512E+00   1.7197077E+00
   2.8997645E+00   1.5199669E-02  -2.4486079E+00   1.7195201E+00
   2.9030416E+00   1.6947798E-02  -2.3806610E+00   1.7194568E+00
   2.9063003E+00   1.6208775E-02  -2.3203163E+00   1.7196085E+00
   2.9095407E+00   1.8379591E-02  -2.2505977E+00   1.7195565E+00
   2.9127736E+00   1.5123812E-02  -2.2203643E+00   1.7194860E+00
   2.9166400E+00   1.7208084E-02  -2.1072192E+00   1.7193813E+00
   2.9199190E+00   1.7921027E-02  -2.0548015E+00   1.7193522E+00
   2.9232655E+00   1.6916068E-02  -1.9910498E+00   1.7194704E+00
   2.9266424E+00   1.3313957E-02  -1.8952291E+00   1.7195355E+00
   2.9299910E+00   2.1644549E-02  -1.8870077E+00   1.7195235E+00
   2.9333327E+00   6.7675146E-03  -1.7598773E+00   1.7196250E+00
   2.9360619E+00   9.5384037E-03  -1.7503700E+00   1.7196640E+00
   2.9400344E+00   1.3366313E-02  -1.6425672E+00   1.7199759E+00
   2.9427762E+00   1.2814323E-02  -1.5819842E+00   1.7201159E+00
   2.9462512E+00   1.3030085E-02  -1.5507019E+00   1.7201668E+00
   2.9497359E+00   1.3184723E-02  -1.4625207E+00   1.7202197E+00
   2.9532180E+00   1.2513029E-02  -1.4009379E+00   1.7203250E+00
   2.9567025E+00   1.0681730E-02  -1.3371171E+00   1.7203377E+00
   2.9595068E+00   1.3219480E-02  -1.2926382E+00   1.7203290E+00
   2.9630206E+00   8.2491236E-03  -1.2004852E+00   1.7204068E+00
   2.9665401E+00   9.1695944E-03  -1.1110783E+00   1.7204511E+00
   2.9700699E+00   1.0961218E-02  -1.0691410E+00   1.7204018E+00
   2.9728973E+00   9.9202488E-03  -9.8777848E-01   1.7203914E+00
   2.9764414E+00   1.7056974E-02  -9.2150253E-01   1.7205248E+00
   2.9799943E+00   7.9332376E-03  -8.8087744E-01   1.7205278E+00
   2.9828393E+00   9.0076709E-03  -7.7553868E-01   1.7206602E+00
   2.9863975E+00   1.8869897E-02  -6.5371633E-01   1.7209861E+00
   2.9900353E+00   1.8526865E-02  -6.1031091E-01   1.7210134E+00
   2.9929647E+00   1.0700189E-02  -6.2228715E-01   1.7210506E+00
   2.9966140E+00   2.5347620E-03  -5.3532386E-01   1.7211761E+00
   2.9995215E+00   1.3099452E-02  -4.3873790E-01   1.7213415E+00
   3.0031414E+00   1.3059506E-02  -3.3595878E-01   1.7219408E+00
   3.0067527E+00   1.2390230E-02  -2.7961794E-01   1.7220025E+00
   3.0096552E+00   1.2793657E-02  -2.6196381E-01   1.7219564E+00
   3.0132966E+00   1.5133634E-02  -2.2980428E-01   1.7220787E+00
   3.0169227E+00   1.9089935E-02  -1.0835331E-01   1.7223896E+00
   3.0198634E+00   1.9575857E-02  -5.9988205E-03   1.7226756E+00
   3.0236089E+00   2.1268981E-02   6.8187714E-02   1.7230703E+00
   3.0266056E+00   1.8424312E-02   1.1042963E-01   1.7232720E+00
   3.0302546E+00   1.9192433E-02   1.4667627E-01   1.7233468E+00
   3.0331678E+00   1.9920448E-02   1.8873757E-01   1.7233829E+00
   3.0369589E+00   2.3860708E-02   2.9352161E-01   1.7237017E+00
   3.0399914E+00   1.6611798E-02   3.6287674E-01   1.7240740E+00
   3.0429933E+00   1.8345479E-02   4.1391566E-01   1.7245132E+00
   3.0466673E+00   2.1110436E-02   4.6789920E-01   1.7249712E+00
   3.0496855E+00   2.0693174E-02   5.3127974E-01   1.7252357E+00
   3.0535161E+00   1.9667378E-02   5.7982010E-01   1.7257551E+00
   3.0565546E+00   1.9228222E-02   5.5346006E-01   1.7261448E+00
   3.0603282E+00   2.3658151E-02   7.3295683E-01   1.7267946E+00
   3.0633163E+00   1.9325048E-02   8.0968684E-01   1.7276521E+00
   3.0663221E+00   2.0943481E-02   8.3639491E-01   1.7284093E+00
   3.0700734E+00   2.2124769E-02   9.0706003E-01   1.7287258E+00
   3.0730982E+00   2.4740513E-02   9.5689183E-01   1.7289897E+00
   3.0768991E+00   2.2408182E-02   1.0116487E+00   1.7297702E+00
   3.0798779E+00   2.3521779E-02   1.0638880E+00   1.7302263E+00
   3.0836453E+00   2.5747519E-02   1.1574544E+00   1.7308137E+00
   3.0867307E+00   1.9211253E-02   1.1942909E+00   1.7311451E+00
   3.0904093E+00   2.4537906E-02   1.2791381E+00   1.7316817E+00
   3.0934193E+00   2.1167265E-02   1.3697476E+00   1.7321049E+00
   3.0965066E+00   2.2650594E-02   1.3928958E+00   1.7324116E+00
   3.1002278E+00   2.2226950E-02   1.4904361E+00   1.7331873E+00
   3.1033542E+00   2.5578180E-02   1.5496821E+00   1.7338855E+00
   3.1065092E+00   2.1991525E-02   1.6038241E+00   1.7344779E+00
   3.1104667E+00   2.4271922E-02   1.6497897E+00   1.7351431E+00
   3.1134391E+00   2.0803858E-02   1.7103233E+00   1.7356240E+00
   3.1166146E+00   2.1487959E-02   1.7957588E+00   1.7363548E+00
   3.1198339E+00   2.3186212E-02   1.8422601E+00   1.7371844E+00
   3.1238172E+00   2.6410444E-02   1.9276747E+00   1.7383267E+00
   3.1270175E+00   2.4974899E-02   1.9638667E+00   1.7385650E+00
   3.1302423E+00   3.0981457E-02   2.0073905E+00   1.7389547E+00
   3.1334796E+00   2.3952663E-02   2.1275134E+00   1.7399580E+00
   3.1366446E+00   2.8722158E-02   2.1845069E+00   1.7405051E+00
   3.1398759E+00   2.1315575E-02   2.1976516E+00   1.7409242E+00
   3.1431098E+00   2.7777817E-02   2.2749724E+00   1.7411860E+00
   3.1471384E+00   2.6525412E-02   2.3664896E+00   1.7418801E+00
   3.1503408E+00   2.7893716E-02   2.4336572E+00   1.7427845E+00
   3.1534896E+00   2.8011998E-02   2.4384921E+00   1.7431216E+00
   3.1565619E+00   2.7033268E-02   2.5348296E+00   1.7435483E+00
   3.1605167E+00   3.1415302E-02   2.6188180E+00   1.7445638E+00
   3.1637633E+00   3.3920482E-02   2.7325122E+00   1.7457666E+00
   3.1670225E+00   2.6245665E-02   2.7901042E+00   1.7464635E+00
   3.1702867E+00   2.5697019E-02   2.8445139E+00   1.7470640E+00
   3.1734812E+00   2.6225574E-02   2.8535066E+00   1.7477475E+00
   3.1773212E+00   2.4376519E-02   3.0196979E+00   1.7484301E+00
   3.1806333E+00   2.1760914E-02   3.0618804E+00   1.7491367E+00
   3.1839259E+00   2.9179912E-02   3.1093276E+00   1.7499828E+00
   3.1871676E+00   2.5956281E-02   3.2501881E+00   1.7511585E+00
   3.1905155E+00   2.3853347E-02   3.2680273E+00   1.7516340E+00
   3.1938179E+00   2.2027748E-02   3.3160186E+00   1.7523310E+00
   3.1970115E+00   1.6209308E-02   3.4383852E+00   1.7526834E+00
   3.2003973E+00   2.5651433E-02   3.5181327E+00   1.7533445E+00
   3.2037904E+00   1.5121972E-02   3.5605493E+00   1.7546812E+00
   3.2071695E+00   2.8185852E-02   3.6541746E+00   1.7553909E+00
   3.2103021E+00   2.6766121E-02   3.7244968E+00   1.7556952E+00
   3.2136889E+00   3.0428195E-02   3.8323345E+00   1.7568543E+00
   3.2171860E+00   2.4693850E-02   3.9143181E+00   1.7579879E+00
   3.2206595E+00   2.4209155E-02   4.0178800E+00   1.7589201E+00
   3.2232761E+00   2.0318467E-02   4.0470109E+00   1.7601454E+00
   3.2267559E+00   2.0936452E-02   4.2157631E+00   1.7613182E+00
   3.2302909E+00   1.6591555E-02   4.2236724E+00   1.7618508E+00
   3.2337775E+00   2.0389000E-02   4.2862525E+00   1.7625083E+00
   3.2373998E+00   1.6584046E-02   4.4592028E+00   1.7639565E+00
   3.2401216E+00   2.4341505E-02   4.4717741E+00   1.7645706E+00
   3.2437298E+00   1.7980749E-02   4.5835004E+00   1.7654520E+00
   3.2473083E+00   2.9388899E-02   4.7085810E+00   1.7676505E+00
   3.2499697E+00   1.5908126E-02   4.8062758E+00   1.7685908E+00
   3.2534552E+00   1.9296855E-02   4.8313594E+00   1.7687482E+00
   3.2568254E+00   1.2366717E-02   4.9323568E+00   1.7692068E+00
   3.2603555E+00   1.6598823E-02   5.0412025E+00   1.7700410E+00
   3.2640092E+00   1.4932265E-02   5.1599593E+00   1.7715591E+00
   3.2667434E+00   1.4869450E-02   5.2597213E+00   1.7737745E+00
   3.2703426E+00   1.7799335E-02   5.3843403E+00   1.7750697E+00
   3.2738900E+00   1.3457727E-02   5.4306698E+00   1.7751570E+00
   3.2773888E+00   1.2750481E-02   5.5169239E+00   1.7752976E+00
   3.2808421E+00   1.5013156E-02   5.7021780E+00   1.7772689E+00
   3.2834163E+00   1.8044678E-02   5.7937884E+00   1.7793322E+00
   3.2868505E+00   1.8749962E-02   5.8082533E+00   1.7799474E+00
   3.2902503E+00   1.1836131E-02   5.8899360E+00   1.7802017E+00
   3.2936940E+00   1.3469377E-02   6.0335402E+00   1.7811105E+00
   3.2971699E+00   1.1540769E-02   6.1264453E+00   1.7834384E+00
   3.3005381E+00   1.9922610E-02   6.2943978E+00   1.7845322E+00
   3.3042862E+00   1.6377056E-02   6.3573370E+00   1.7851130E+00
   3.3072214E+00  -1.8037164E-03   6.4201078E+00   1.7858733E+00
   3.3101335E+00  -3.2133935E-03   6.5190163E+00   1.7868934E+00
   3.3140564E+00   1.4885630E-02   6.6864042E+00   1.7886599E+00
   3.3170433E+00   1.0874268E-02   6.7596602E+00   1.7903301E+00
   3.3210440E+00   4.6052663E-03   6.8623071E+00   1.7901455E+00
   3.3237703E+00  -1.0924859E-03   6.8320575E+00   1.7906145E+00
   3.3277664E+00   1.0767262E-02   7.0486040E+00   1.7922188E+00
   3.3309815E+00   4.0493230E-03   7.1631513E+00   1.7936568E+00
   3.3336568E+00   6.2841764E-03   7.2173448E+00   1.7953341E+00
   3.3373685E+00   1.3531497E-02   7.3655663E+00   1.7961992E+00
   3.3415349E+00   6.4784579E-04   7.4283247E+00   1.7967390E+00
