  flscon:  version 22.2.0.05  win64 2022 
 FLOW-3D   14:54:30  08/23/2023 upci     
   hydr3d   version  22.2.0.16 win64     09/12/2022 HYDRO    
 Simulation Template: Free Surface - TruVOF (Default)                            

Mesh Block   1
 printing p       
       1     1002      0.000E+00      2.280E+01
   time              p_1
   0.0000000E+00   1.9945834E+03
   6.6755139E-03   6.3793750E+02
   2.6064413E-02   2.1740352E+03
   4.8286699E-02   2.0475718E+03
   7.0213675E-02   2.0012986E+03
   9.3554251E-02   1.9716984E+03
   1.1667276E-01   1.9542198E+03
   1.3271156E-01   1.9438027E+03
   1.5725538E-01   1.9306675E+03
   1.8432656E-01   1.9179390E+03
   2.0242384E-01   1.9079821E+03
   2.2618525E-01   1.8931575E+03
   2.5010294E-01   1.8827322E+03
   2.7573359E-01   1.8710615E+03
   2.9525000E-01   1.8499215E+03
   3.1949055E-01   1.8460931E+03
   3.4008795E-01   1.8346866E+03
   3.6393198E-01   1.8278446E+03
   3.8838208E-01   1.8113250E+03
   4.1236973E-01   1.8007668E+03
   4.3687865E-01   1.7884548E+03
   4.5377269E-01   1.7819169E+03
   4.7975549E-01   1.7701616E+03
   4.9752849E-01   1.7629214E+03
   5.2413434E-01   1.7515381E+03
   5.4961157E-01   1.7307019E+03
   5.6835049E-01   1.7418042E+03
   5.9282869E-01   1.7312581E+03
   6.1430293E-01   1.7261875E+03
   6.3644916E-01   1.7167975E+03
   6.6211897E-01   1.7089983E+03
   6.8579543E-01   1.7043751E+03
   7.0545119E-01   1.7030557E+03
   7.2784293E-01   1.6966648E+03
   7.5038445E-01   1.6899064E+03
   7.7850634E-01   1.6855444E+03
   7.9721755E-01   1.6803971E+03
   8.2281303E-01   1.6792498E+03
   8.4314144E-01   1.6768285E+03
   8.6737716E-01   1.6749602E+03
   8.8919371E-01   1.6690891E+03
   9.1533315E-01   1.6701063E+03
   9.3543255E-01   1.6681156E+03
   9.5686173E-01   1.6699344E+03
   9.8013288E-01   1.6689332E+03
   1.0042402E+00   1.6693105E+03
   1.0258991E+00   1.6705565E+03
   1.0467807E+00   1.6714697E+03
   1.0735755E+00   1.6738169E+03
   1.0937784E+00   1.6763047E+03
   1.1139449E+00   1.6794392E+03
   1.1417742E+00   1.6844728E+03
   1.1633008E+00   1.6884081E+03
   1.1844615E+00   1.6930380E+03
   1.2105663E+00   1.6986582E+03
   1.2334341E+00   1.7034286E+03
   1.2503877E+00   1.7074446E+03
   1.2742167E+00   1.7164816E+03
   1.2997603E+00   1.7235876E+03
   1.3218203E+00   1.7338472E+03
   1.3452280E+00   1.7405361E+03
   1.3720409E+00   1.7509573E+03
   1.3905054E+00   1.7591270E+03
   1.4125676E+00   1.7754707E+03
   1.4341012E+00   1.7812092E+03
   1.4581679E+00   1.7896263E+03
   1.4829026E+00   1.8080029E+03
   1.5034094E+00   1.8191509E+03
   1.5275799E+00   1.8331461E+03
   1.5488394E+00   1.8382218E+03
   1.5713975E+00   1.8507926E+03
   1.5944269E+00   1.8772833E+03
   1.6167991E+00   1.8765776E+03
   1.6390712E+00   1.8848707E+03
   1.6623601E+00   1.9031816E+03
   1.6877137E+00   1.9174526E+03
   1.7119197E+00   1.9263792E+03
   1.7352531E+00   1.9360040E+03
   1.7557895E+00   1.9472108E+03
   1.7760990E+00   1.9597648E+03
   1.7994642E+00   1.9698564E+03
   1.8264490E+00   1.9763878E+03
   1.8442917E+00   1.9884919E+03
   1.8707640E+00   1.9971960E+03
   1.8907472E+00   2.0016107E+03
   1.9151067E+00   2.0098451E+03
   1.9380991E+00   2.0134524E+03
   1.9604235E+00   2.0151000E+03
   1.9816908E+00   2.0151913E+03
   2.0081141E+00   2.0148210E+03
   2.0308831E+00   2.0151147E+03
   2.0542059E+00   2.0144348E+03
   2.0775492E+00   2.0121464E+03
   2.1001217E+00   2.0091283E+03
   2.1220031E+00   2.0042220E+03
   2.1431353E+00   1.9990862E+03
   2.1683676E+00   1.9915342E+03
   2.1899743E+00   1.9833263E+03
   2.2126546E+00   1.9759254E+03
   2.2360320E+00   1.9666106E+03
   2.2604907E+00   1.9562583E+03
   2.2796364E+00   1.9485415E+03
   2.3035395E+00   1.9371169E+03
   2.3271816E+00   1.9241292E+03
   2.3468530E+00   1.9144849E+03
   2.3686185E+00   1.9035056E+03
   2.3943913E+00   1.8872844E+03
   2.4203100E+00   1.8740964E+03
   2.4422429E+00   1.8577867E+03
   2.4654887E+00   1.8475083E+03
   2.4821386E+00   1.8352393E+03
   2.5083313E+00   1.8188639E+03
   2.5326335E+00   1.8003195E+03
   2.5548148E+00   1.7883888E+03
   2.5774221E+00   1.7745222E+03
   2.6004364E+00   1.7598074E+03
   2.6245081E+00   1.7452274E+03
   2.6474967E+00   1.7280225E+03
   2.6707892E+00   1.7145764E+03
   2.6883235E+00   1.7039717E+03
   2.7111630E+00   1.6866240E+03
   2.7353172E+00   1.6698256E+03
   2.7584643E+00   1.6597628E+03
   2.7819581E+00   1.6472792E+03
   2.8036313E+00   1.6320647E+03
   2.8282580E+00   1.6208499E+03
   2.8500450E+00   1.6117423E+03
   2.8737366E+00   1.5988218E+03
   2.8950438E+00   1.5872557E+03
   2.9175642E+00   1.5708351E+03
   2.9408095E+00   1.5630007E+03
   2.9637036E+00   1.5547323E+03
   2.9868684E+00   1.5421782E+03
   3.0093071E+00   1.5351440E+03
   3.0325873E+00   1.5228878E+03
   3.0550034E+00   1.5168221E+03
   3.0803106E+00   1.5065184E+03
   3.1004908E+00   1.4988146E+03
   3.1246424E+00   1.4919114E+03
   3.1457295E+00   1.4861361E+03
   3.1679354E+00   1.4810734E+03
   3.1888947E+00   1.4759169E+03
   3.2131577E+00   1.4691477E+03
   3.2370830E+00   1.4658596E+03
   3.2633932E+00   1.4580500E+03
   3.2846098E+00   1.4555574E+03
   3.3060453E+00   1.4506437E+03
   3.3266122E+00   1.4478068E+03
   3.3516116E+00   1.4451616E+03
   3.3738370E+00   1.4465876E+03
   3.3957953E+00   1.4535970E+03
   3.4204957E+00   1.4534960E+03
   3.4410782E+00   1.4602285E+03
   3.4662621E+00   1.4618972E+03
   3.4886217E+00   1.4628270E+03
   3.5093460E+00   1.4685604E+03
   3.5339727E+00   1.4724241E+03
   3.5546749E+00   1.4781951E+03
   3.5789759E+00   1.4878380E+03
   3.6030235E+00   1.4914045E+03
   3.6267555E+00   1.4983777E+03
   3.6467285E+00   1.5028445E+03
   3.6686199E+00   1.5123182E+03
   3.6910489E+00   1.5193865E+03
   3.7165926E+00   1.5370106E+03
   3.7375019E+00   1.5454313E+03
   3.7632291E+00   1.5497900E+03
   3.7817583E+00   1.5553885E+03
   3.8095810E+00   1.5694272E+03
   3.8292296E+00   1.5848159E+03
   3.8526118E+00   1.5955807E+03
   3.8762002E+00   1.6062684E+03
   3.8996747E+00   1.6194325E+03
   3.9225934E+00   1.6318187E+03
   3.9443042E+00   1.6424487E+03
   3.9653966E+00   1.6531437E+03
   3.9913428E+00   1.6644171E+03
   4.0112734E+00   1.6770703E+03
   4.0344372E+00   1.6841891E+03
   4.0567937E+00   1.6979319E+03
   4.0792403E+00   1.6998448E+03
   4.1051950E+00   1.7089518E+03
   4.1266026E+00   1.7153939E+03
   4.1514659E+00   1.7230505E+03
   4.1713333E+00   1.7271628E+03
   4.1940570E+00   1.7291630E+03
   4.2162142E+00   1.7318970E+03
   4.2417369E+00   1.7360167E+03
   4.2625804E+00   1.7360891E+03
   4.2864857E+00   1.7352786E+03
   4.3100734E+00   1.7338823E+03
   4.3324184E+00   1.7347158E+03
   4.3547115E+00   1.7260790E+03
   4.3787203E+00   1.7227306E+03
   4.3994832E+00   1.7189744E+03
   4.4243445E+00   1.7121497E+03
   4.4458585E+00   1.7064780E+03
   4.4676242E+00   1.6983655E+03
   4.4904704E+00   1.6893215E+03
   4.5146179E+00   1.6807457E+03
   4.5353484E+00   1.6737675E+03
   4.5604281E+00   1.6626810E+03
   4.5820270E+00   1.6530754E+03
   4.6041741E+00   1.6441587E+03
   4.6266594E+00   1.6343010E+03
   4.6496682E+00   1.6248579E+03
   4.6750302E+00   1.6138680E+03
   4.6963959E+00   1.6047164E+03
   4.7197709E+00   1.5948962E+03
   4.7440915E+00   1.5854014E+03
   4.7632523E+00   1.5781509E+03
   4.7861428E+00   1.5697511E+03
   4.8109441E+00   1.5626711E+03
   4.8323579E+00   1.5558477E+03
   4.8539963E+00   1.5491130E+03
   4.8815231E+00   1.5413604E+03
   4.9035106E+00   1.5366522E+03
   4.9217005E+00   1.5337085E+03
   4.9457388E+00   1.5262205E+03
   4.9696808E+00   1.5231356E+03
   4.9964533E+00   1.5191797E+03
   5.0165057E+00   1.5158002E+03
   5.0384569E+00   1.5141761E+03
   5.0638041E+00   1.5135118E+03
   5.0821767E+00   1.5102986E+03
   5.1097007E+00   1.5064774E+03
   5.1273069E+00   1.5033920E+03
   5.1521387E+00   1.5017117E+03
   5.1766977E+00   1.5020273E+03
   5.2006564E+00   1.5001659E+03
   5.2224278E+00   1.4992811E+03
   5.2449422E+00   1.5021888E+03
   5.2685990E+00   1.5021324E+03
   5.2919393E+00   1.5021344E+03
   5.3150744E+00   1.5015135E+03
   5.3375888E+00   1.5018075E+03
   5.3600750E+00   1.5020895E+03
   5.3834596E+00   1.5025835E+03
   5.4068689E+00   1.5022201E+03
   5.4301467E+00   1.5022374E+03
   5.4455934E+00   1.5018890E+03
   5.4685102E+00   1.5011158E+03
   5.4973660E+00   1.5009368E+03
   5.5204363E+00   1.5003229E+03
   5.5435877E+00   1.4992347E+03
   5.5666938E+00   1.4984259E+03
   5.5822139E+00   1.4975328E+03
   5.6056972E+00   1.4962479E+03
   5.6286731E+00   1.4947720E+03
   5.6527834E+00   1.4932903E+03
   5.6774077E+00   1.4917319E+03
   5.7021813E+00   1.4911353E+03
   5.7188969E+00   1.4905535E+03
   5.7437501E+00   1.4916500E+03
   5.7694049E+00   1.4891714E+03
   5.7870088E+00   1.4897535E+03
   5.8132563E+00   1.4910421E+03
   5.8400316E+00   1.4916710E+03
   5.8583021E+00   1.4927400E+03
   5.8857245E+00   1.4950963E+03
   5.9033327E+00   1.4997875E+03
   5.9295335E+00   1.5028058E+03
   5.9471593E+00   1.5031686E+03
   5.9726176E+00   1.5106967E+03
   5.9953904E+00   1.5151854E+03
   6.0177169E+00   1.5206766E+03
   6.0398164E+00   1.5218820E+03
   6.0663700E+00   1.5284801E+03
   6.0883255E+00   1.5342499E+03
   6.1103649E+00   1.5396116E+03
   6.1313915E+00   1.5483514E+03
   6.1580048E+00   1.5566514E+03
   6.1771507E+00   1.5619752E+03
   6.2018471E+00   1.5702911E+03
   6.2249475E+00   1.5781036E+03
   6.2469950E+00   1.5845669E+03
   6.2684884E+00   1.5903435E+03
   6.2945910E+00   1.5985018E+03
   6.3147645E+00   1.6030623E+03
   6.3395205E+00   1.6104558E+03
   6.3630519E+00   1.6160566E+03
   6.3859382E+00   1.6207621E+03
   6.4051895E+00   1.6223728E+03
   6.4291635E+00   1.6270551E+03
   6.4524150E+00   1.6300891E+03
   6.4748735E+00   1.6315355E+03
   6.4968829E+00   1.6318130E+03
   6.5188236E+00   1.6317451E+03
   6.5449619E+00   1.6309911E+03
   6.5664864E+00   1.6296310E+03
   6.5879121E+00   1.6276035E+03
   6.6139278E+00   1.6237794E+03
   6.6362686E+00   1.6201359E+03
   6.6589398E+00   1.6162643E+03
   6.6814156E+00   1.6114436E+03
   6.7042465E+00   1.6054390E+03
   6.7244687E+00   1.5986860E+03
   6.7496133E+00   1.5931504E+03
   6.7701230E+00   1.5866525E+03
   6.7947841E+00   1.5777656E+03
   6.8189521E+00   1.5702059E+03
   6.8383474E+00   1.5613704E+03
   6.8645458E+00   1.5521304E+03
   6.8849797E+00   1.5435142E+03
   6.9065585E+00   1.5352649E+03
   6.9289379E+00   1.5252888E+03
   6.9514008E+00   1.5165039E+03
   6.9760509E+00   1.5066722E+03
   7.0018635E+00   1.4976183E+03
   7.0218415E+00   1.4873857E+03
   7.0431085E+00   1.4797573E+03
   7.0697484E+00   1.4651031E+03
   7.0899425E+00   1.4599567E+03
   7.1110501E+00   1.4511788E+03
   7.1384411E+00   1.4379211E+03
   7.1572828E+00   1.4298401E+03
   7.1801987E+00   1.4218621E+03
   7.2064190E+00   1.4134149E+03
   7.2260900E+00   1.4090013E+03
   7.2493415E+00   1.4025713E+03
   7.2713041E+00   1.3971489E+03
   7.2961984E+00   1.3912180E+03
   7.3196125E+00   1.3870018E+03
   7.3416958E+00   1.3808469E+03
   7.3660989E+00   1.3764333E+03
   7.3860359E+00   1.3761687E+03
   7.4113307E+00   1.3679004E+03
   7.4297490E+00   1.3628251E+03
   7.4562893E+00   1.3486097E+03
   7.4771042E+00   1.3498060E+03
   7.4990821E+00   1.3461121E+03
   7.5229440E+00   1.3402589E+03
   7.5468483E+00   1.3373752E+03
   7.5680261E+00   1.3356726E+03
   7.5919027E+00   1.3326852E+03
   7.6139178E+00   1.3292634E+03
   7.6382627E+00   1.3233707E+03
   7.6630416E+00   1.3173231E+03
   7.6832781E+00   1.3115367E+03
   7.7064152E+00   1.3049548E+03
   7.7292871E+00   1.2993481E+03
   7.7528043E+00   1.2948138E+03
   7.7742190E+00   1.2838849E+03
   7.7993917E+00   1.2728071E+03
   7.8218622E+00   1.2655765E+03
   7.8440986E+00   1.2577385E+03
   7.8641019E+00   1.2493485E+03
   7.8901792E+00   1.2420809E+03
   7.9109087E+00   1.2370359E+03
   7.9346495E+00   1.2305438E+03
   7.9588132E+00   1.2227085E+03
   7.9785480E+00   1.2180319E+03
   8.0036621E+00   1.2126355E+03
   8.0238705E+00   1.2088688E+03
   8.0486612E+00   1.2046013E+03
   8.0688591E+00   1.2013090E+03
   8.0961523E+00   1.1966720E+03
   8.1140985E+00   1.1951300E+03
   8.1377163E+00   1.1935059E+03
   8.1619883E+00   1.1919843E+03
   8.1863880E+00   1.1918025E+03
   8.2108431E+00   1.1918678E+03
   8.2291098E+00   1.1927570E+03
   8.2537508E+00   1.1950090E+03
   8.2785616E+00   1.1977389E+03
   8.2978611E+00   1.2001705E+03
   8.3250656E+00   1.2049720E+03
   8.3456059E+00   1.2107385E+03
   8.3663778E+00   1.2158126E+03
   8.3882656E+00   1.2225847E+03
   8.4116488E+00   1.2290297E+03
   8.4371119E+00   1.2387677E+03
   8.4629326E+00   1.2517428E+03
   8.4798174E+00   1.2610831E+03
   8.5052490E+00   1.2723922E+03
   8.5300474E+00   1.2860574E+03
   8.5464201E+00   1.2941814E+03
   8.5712023E+00   1.3075646E+03
   8.5945997E+00   1.3279159E+03
   8.6167297E+00   1.3367876E+03
   8.6402531E+00   1.3502484E+03
   8.6617746E+00   1.3725461E+03
   8.6892414E+00   1.3846621E+03
   8.7087135E+00   1.3988250E+03
   8.7354832E+00   1.4183157E+03
   8.7566166E+00   1.4346716E+03
   8.7770443E+00   1.4476477E+03
   8.8031616E+00   1.4698588E+03
   8.8258467E+00   1.4830353E+03
   8.8468704E+00   1.5013280E+03
   8.8689966E+00   1.5115117E+03
   8.8936834E+00   1.5114065E+03
   8.9137411E+00   1.5215533E+03
   8.9358492E+00   1.5311528E+03
   8.9610815E+00   1.5374154E+03
   8.9836235E+00   1.5440763E+03
   9.0069799E+00   1.5481066E+03
   9.0269794E+00   1.5513256E+03
   9.0517464E+00   1.5546270E+03
   9.0737295E+00   1.5525271E+03
   9.0968800E+00   1.5537583E+03
   9.1219740E+00   1.5500966E+03
   9.1426907E+00   1.5483907E+03
   9.1637897E+00   1.5436021E+03
   9.1907816E+00   1.5373325E+03
   9.2126751E+00   1.5317119E+03
   9.2349854E+00   1.5249373E+03
   9.2568054E+00   1.5184548E+03
   9.2792425E+00   1.5114739E+03
   9.3027658E+00   1.5043151E+03
   9.3277864E+00   1.4967499E+03
   9.3489103E+00   1.4911191E+03
   9.3703499E+00   1.4778046E+03
   9.3928413E+00   1.4743943E+03
   9.4163771E+00   1.4630178E+03
   9.4400826E+00   1.4551552E+03
   9.4639921E+00   1.4434572E+03
   9.4859896E+00   1.4343342E+03
   9.5061722E+00   1.4240116E+03
   9.5307646E+00   1.4168080E+03
   9.5527487E+00   1.4100499E+03
   9.5776501E+00   1.4018212E+03
   9.6005373E+00   1.3964569E+03
   9.6218605E+00   1.3907189E+03
   9.6457758E+00   1.3847830E+03
   9.6652145E+00   1.3813187E+03
   9.6891947E+00   1.3756537E+03
   9.7130680E+00   1.3695167E+03
   9.7382946E+00   1.3605608E+03
   9.7576599E+00   1.3522949E+03
   9.7818995E+00   1.3403499E+03
   9.8049793E+00   1.3366956E+03
   9.8278160E+00   1.3307677E+03
   9.8475027E+00   1.3252319E+03
   9.8719454E+00   1.3211556E+03
   9.8968620E+00   1.3174310E+03
   9.9175158E+00   1.3127363E+03
   9.9413719E+00   1.3068007E+03
   9.9652309E+00   1.2999176E+03
   9.9871635E+00   1.2932466E+03
   1.0008639E+01   1.2867587E+03
   1.0032938E+01   1.2805531E+03
   1.0054468E+01   1.2662802E+03
   1.0078397E+01   1.2688464E+03
   1.0101308E+01   1.2579000E+03
   1.0122033E+01   1.2527876E+03
   1.0147553E+01   1.2435892E+03
   1.0167263E+01   1.2358260E+03
   1.0191965E+01   1.2297235E+03
   1.0215555E+01   1.2228517E+03
   1.0237366E+01   1.2188247E+03
   1.0260318E+01   1.2127981E+03
   1.0283509E+01   1.2113693E+03
   1.0306077E+01   1.2083649E+03
   1.0328868E+01   1.2057739E+03
   1.0351552E+01   1.2046461E+03
   1.0374885E+01   1.2037659E+03
   1.0399743E+01   1.2029955E+03
   1.0420424E+01   1.2033082E+03
   1.0442099E+01   1.2050348E+03
   1.0464256E+01   1.2076572E+03
   1.0487384E+01   1.2101219E+03
   1.0511084E+01   1.2164390E+03
   1.0534678E+01   1.2179752E+03
   1.0555655E+01   1.2230902E+03
   1.0577473E+01   1.2335663E+03
   1.0601306E+01   1.2408253E+03
   1.0626144E+01   1.2457213E+03
   1.0647539E+01   1.2528845E+03
   1.0669545E+01   1.2618450E+03
   1.0691841E+01   1.2706373E+03
   1.0716910E+01   1.2912981E+03
   1.0739790E+01   1.2948528E+03
   1.0762567E+01   1.3042623E+03
   1.0786306E+01   1.3218531E+03
   1.0804231E+01   1.3279424E+03
   1.0831263E+01   1.3423401E+03
   1.0854216E+01   1.3534436E+03
   1.0875678E+01   1.3808870E+03
   1.0897880E+01   1.3810170E+03
   1.0924648E+01   1.3930226E+03
   1.0946853E+01   1.4041967E+03
   1.0967960E+01   1.4216251E+03
   1.0986402E+01   1.4261781E+03
   1.1015589E+01   1.4404954E+03
   1.1036774E+01   1.4555243E+03
   1.1057811E+01   1.4655013E+03
   1.1081033E+01   1.4740912E+03
   1.1105725E+01   1.4787103E+03
   1.1124889E+01   1.4815171E+03
   1.1149070E+01   1.4932732E+03
   1.1170831E+01   1.4985233E+03
   1.1194231E+01   1.5024534E+03
   1.1220007E+01   1.5079591E+03
   1.1240703E+01   1.5119679E+03
   1.1261366E+01   1.5125979E+03
   1.1283720E+01   1.5132048E+03
   1.1310802E+01   1.5154016E+03
   1.1332764E+01   1.5148749E+03
   1.1353806E+01   1.5150432E+03
   1.1378679E+01   1.5143936E+03
   1.1400048E+01   1.5140914E+03
   1.1423756E+01   1.5129698E+03
   1.1446422E+01   1.5132303E+03
   1.1471118E+01   1.5124736E+03
   1.1491126E+01   1.5117383E+03
   1.1512612E+01   1.5106755E+03
   1.1539276E+01   1.5092646E+03
   1.1559179E+01   1.5078770E+03
   1.1579685E+01   1.5067910E+03
   1.1606926E+01   1.5028641E+03
   1.1628604E+01   1.5007612E+03
   1.1651258E+01   1.4971582E+03
   1.1673152E+01   1.4924128E+03
   1.1693622E+01   1.4874548E+03
   1.1719525E+01   1.4795225E+03
   1.1744250E+01   1.4708276E+03
   1.1761941E+01   1.4632849E+03
   1.1788740E+01   1.4511300E+03
   1.1808589E+01   1.4407411E+03
   1.1831908E+01   1.4273867E+03
   1.1858080E+01   1.4114587E+03
   1.1878533E+01   1.3977847E+03
   1.1901884E+01   1.3830999E+03
   1.1923996E+01   1.3670950E+03
   1.1945982E+01   1.3509159E+03
   1.1969602E+01   1.3299348E+03
   1.1992719E+01   1.3080730E+03
   1.2014501E+01   1.2934969E+03
   1.2038656E+01   1.2709020E+03
   1.2059211E+01   1.2510128E+03
   1.2083689E+01   1.2291653E+03
   1.2107255E+01   1.2098726E+03
   1.2129339E+01   1.1935814E+03
   1.2150339E+01   1.1754193E+03
   1.2175911E+01   1.1542810E+03
   1.2196218E+01   1.1418032E+03
   1.2220125E+01   1.1265282E+03
   1.2242483E+01   1.1112524E+03
   1.2266374E+01   1.0962928E+03
   1.2289378E+01   1.0863131E+03
   1.2312622E+01   1.0775354E+03
   1.2335044E+01   1.0712346E+03
   1.2356867E+01   1.0641721E+03
   1.2381177E+01   1.0539248E+03
   1.2403070E+01   1.0503046E+03
   1.2425810E+01   1.0422098E+03
   1.2448993E+01   1.0436901E+03
   1.2471429E+01   1.0354922E+03
   1.2494621E+01   1.0368422E+03
   1.2517184E+01   1.0403260E+03
   1.2540378E+01   1.0474304E+03
   1.2562591E+01   1.0421699E+03
   1.2586348E+01   1.0401467E+03
   1.2609885E+01   1.0409698E+03
   1.2631012E+01   1.0420236E+03
   1.2656525E+01   1.0452003E+03
   1.2675267E+01   1.0547970E+03
   1.2699832E+01   1.0527517E+03
   1.2721972E+01   1.0525897E+03
   1.2746854E+01   1.0571185E+03
   1.2770613E+01   1.0586635E+03
   1.2793137E+01   1.0639728E+03
   1.2815735E+01   1.0671876E+03
   1.2838082E+01   1.0712933E+03
   1.2860725E+01   1.0737458E+03
   1.2883359E+01   1.0755814E+03
   1.2902288E+01   1.0776381E+03
   1.2927987E+01   1.0815356E+03
   1.2950288E+01   1.0881910E+03
   1.2974088E+01   1.0940763E+03
   1.2995819E+01   1.0976211E+03
   1.3020912E+01   1.1037549E+03
   1.3040240E+01   1.1115442E+03
   1.3066551E+01   1.1189065E+03
   1.3086740E+01   1.1285831E+03
   1.3111137E+01   1.1424860E+03
   1.3132554E+01   1.1540179E+03
   1.3158291E+01   1.1689489E+03
   1.3178146E+01   1.1848521E+03
   1.3200670E+01   1.1966984E+03
   1.3224904E+01   1.2196405E+03
   1.3249214E+01   1.2394633E+03
   1.3271093E+01   1.2555536E+03
   1.3291935E+01   1.2772174E+03
   1.3314889E+01   1.2974332E+03
   1.3339784E+01   1.3165236E+03
   1.3360405E+01   1.3321730E+03
   1.3384721E+01   1.3352338E+03
   1.3407279E+01   1.3422471E+03
   1.3430367E+01   1.3534341E+03
   1.3452725E+01   1.3633182E+03
   1.3474478E+01   1.3645077E+03
   1.3498755E+01   1.3695256E+03
   1.3519465E+01   1.3655057E+03
   1.3543636E+01   1.3642659E+03
   1.3565745E+01   1.3593112E+03
   1.3588263E+01   1.3571882E+03
   1.3612548E+01   1.3536293E+03
   1.3633894E+01   1.3594755E+03
   1.3655734E+01   1.3385342E+03
   1.3678451E+01   1.3351752E+03
   1.3702790E+01   1.3308942E+03
   1.3726096E+01   1.3254930E+03
   1.3746634E+01   1.3202496E+03
   1.3771821E+01   1.3117791E+03
   1.3794162E+01   1.3170516E+03
   1.3816439E+01   1.3253354E+03
   1.3839593E+01   1.2916377E+03
   1.3863603E+01   1.2849722E+03
   1.3884360E+01   1.2785197E+03
   1.3906992E+01   1.2689578E+03
   1.3929764E+01   1.2565463E+03
   1.3953023E+01   1.2409012E+03
   1.3977818E+01   1.2236179E+03
   1.4001054E+01   1.2064144E+03
   1.4020244E+01   1.1905258E+03
   1.4046094E+01   1.1671534E+03
   1.4067354E+01   1.1467100E+03
   1.4091203E+01   1.1239032E+03
   1.4113288E+01   1.1068093E+03
   1.4137516E+01   1.0825286E+03
   1.4160793E+01   1.0649604E+03
   1.4183011E+01   1.0481565E+03
   1.4205711E+01   1.0326705E+03
   1.4226464E+01   1.0168053E+03
   1.4250245E+01   1.0015042E+03
   1.4272603E+01   9.9343506E+02
   1.4295951E+01   9.8765948E+02
   1.4319091E+01   9.8455115E+02
   1.4340634E+01   9.8305322E+02
   1.4365396E+01   9.8217761E+02
   1.4386428E+01   9.8508990E+02
   1.4409864E+01   9.9324261E+02
   1.4433167E+01   9.9321307E+02
   1.4455791E+01   9.9261517E+02
   1.4478957E+01   1.0016694E+03
   1.4500421E+01   1.0114220E+03
   1.4524021E+01   1.0209064E+03
   1.4546302E+01   1.0300966E+03
   1.4568974E+01   1.0405284E+03
   1.4592474E+01   1.0511896E+03
   1.4615174E+01   1.0597699E+03
   1.4638571E+01   1.0684799E+03
   1.4659286E+01   1.0738411E+03
   1.4683312E+01   1.0789395E+03
   1.4704475E+01   1.0814724E+03
   1.4728767E+01   1.0850820E+03
   1.4753044E+01   1.0888259E+03
   1.4774436E+01   1.0905284E+03
   1.4796028E+01   1.0901138E+03
   1.4820954E+01   1.0894093E+03
   1.4843102E+01   1.0883928E+03
   1.4865553E+01   1.0884901E+03
   1.4888096E+01   1.0878468E+03
   1.4911257E+01   1.0871982E+03
   1.4934910E+01   1.0831265E+03
   1.4958346E+01   1.0792705E+03
   1.4979346E+01   1.0807921E+03
   1.5000785E+01   1.0818832E+03
   1.5026516E+01   1.0860269E+03
   1.5047596E+01   1.0924271E+03
   1.5071177E+01   1.1014462E+03
   1.5093196E+01   1.1093386E+03
   1.5116241E+01   1.1175044E+03
   1.5139756E+01   1.1275873E+03
   1.5162958E+01   1.1387719E+03
   1.5185231E+01   1.1489728E+03
   1.5206966E+01   1.1605079E+03
   1.5229565E+01   1.1685416E+03
   1.5253600E+01   1.1831130E+03
   1.5276326E+01   1.1979617E+03
   1.5300000E+01   1.2083125E+03
   1.5320809E+01   1.2193706E+03
   1.5345728E+01   1.2328676E+03
   1.5366915E+01   1.2461176E+03
   1.5389793E+01   1.2560532E+03
   1.5412560E+01   1.2604017E+03
   1.5435531E+01   1.2666953E+03
   1.5458508E+01   1.2699186E+03
   1.5480222E+01   1.2721379E+03
   1.5503671E+01   1.2719597E+03
   1.5526539E+01   1.2747234E+03
   1.5548866E+01   1.2754938E+03
   1.5572625E+01   1.2724298E+03
   1.5595727E+01   1.2688600E+03
   1.5618431E+01   1.2867909E+03
   1.5641387E+01   1.2636744E+03
   1.5663131E+01   1.2651907E+03
   1.5685355E+01   1.2675758E+03
   1.5708904E+01   1.2694298E+03
   1.5730536E+01   1.2698142E+03
   1.5756211E+01   1.2757180E+03
   1.5776652E+01   1.2799824E+03
   1.5800152E+01   1.2883378E+03
   1.5822933E+01   1.2925092E+03
   1.5845730E+01   1.3005916E+03
   1.5870443E+01   1.3068661E+03
   1.5890129E+01   1.3113025E+03
   1.5914470E+01   1.3120881E+03
   1.5937027E+01   1.3252642E+03
   1.5961025E+01   1.2993221E+03
   1.5983603E+01   1.2985834E+03
   1.6006699E+01   1.2891559E+03
   1.6027662E+01   1.2782504E+03
   1.6052635E+01   1.2612382E+03
   1.6072334E+01   1.2487872E+03
   1.6096127E+01   1.2330690E+03
   1.6118416E+01   1.2104154E+03
   1.6141628E+01   1.1894927E+03
   1.6164164E+01   1.1686956E+03
   1.6188143E+01   1.1432821E+03
   1.6210032E+01   1.1217538E+03
   1.6232365E+01   1.0985939E+03
   1.6255733E+01   1.0734557E+03
   1.6278408E+01   1.0528633E+03
   1.6301075E+01   1.0370994E+03
   1.6325323E+01   1.0207076E+03
   1.6347845E+01   1.0062179E+03
   1.6369802E+01   9.9435559E+02
   1.6393068E+01   9.8457562E+02
   1.6415215E+01   9.7309937E+02
   1.6438299E+01   9.6257983E+02
   1.6461905E+01   9.5287305E+02
   1.6484236E+01   9.4826770E+02
   1.6507719E+01   9.4109344E+02
   1.6529655E+01   9.3418561E+02
   1.6551840E+01   9.2638269E+02
   1.6576267E+01   9.2726227E+02
   1.6598036E+01   9.4945581E+02
   1.6620157E+01   9.0592255E+02
   1.6643778E+01   9.0378607E+02
   1.6666729E+01   9.0047125E+02
   1.6689249E+01   9.0183496E+02
   1.6712236E+01   9.0308881E+02
   1.6736223E+01   9.0507092E+02
   1.6758490E+01   9.0739642E+02
   1.6781094E+01   9.0943005E+02
   1.6804136E+01   9.1111176E+02
   1.6825253E+01   9.1214954E+02
   1.6848932E+01   9.1342639E+02
   1.6873081E+01   9.1539734E+02
   1.6895102E+01   9.1729980E+02
   1.6917307E+01   9.1960309E+02
   1.6939674E+01   9.2118024E+02
   1.6962248E+01   9.2218683E+02
   1.6985058E+01   9.2245654E+02
   1.7008242E+01   9.2172333E+02
   1.7031801E+01   9.1979633E+02
   1.7053072E+01   9.1743182E+02
   1.7077349E+01   9.1421564E+02
   1.7099230E+01   9.1113818E+02
   1.7123438E+01   9.0750800E+02
   1.7144773E+01   9.0438037E+02
   1.7169659E+01   9.0076648E+02
   1.7190151E+01   8.9772253E+02
   1.7215040E+01   8.9431207E+02
   1.7237598E+01   8.9115356E+02
   1.7261076E+01   8.8884741E+02
   1.7281992E+01   8.8705469E+02
   1.7303886E+01   8.8616376E+02
   1.7326546E+01   8.8619952E+02
   1.7349409E+01   8.8727222E+02
   1.7375427E+01   8.8914349E+02
   1.7398346E+01   8.9113513E+02
   1.7418200E+01   8.9304919E+02
   1.7442604E+01   8.9631750E+02
   1.7462959E+01   8.9928485E+02
   1.7487440E+01   9.0337592E+02
   1.7512190E+01   9.0791443E+02
   1.7532719E+01   9.1186377E+02
   1.7553934E+01   9.1539307E+02
   1.7580954E+01   9.2230298E+02
   1.7603907E+01   9.2867285E+02
   1.7622526E+01   9.3368274E+02
   1.7645992E+01   9.4105402E+02
   1.7669580E+01   9.4929626E+02
   1.7690779E+01   9.5883032E+02
   1.7713421E+01   9.6160120E+02
   1.7739100E+01   9.7802783E+02
   1.7761700E+01   9.8186230E+02
   1.7785175E+01   9.8678711E+02
   1.7806229E+01   9.9705475E+02
   1.7830011E+01   1.0029011E+03
   1.7854336E+01   1.0067877E+03
   1.7875299E+01   1.0110422E+03
   1.7899834E+01   1.0178081E+03
   1.7919792E+01   1.0200513E+03
   1.7943014E+01   1.0237296E+03
   1.7965260E+01   1.0262517E+03
   1.7989763E+01   1.0290237E+03
   1.8010658E+01   1.0313025E+03
   1.8034285E+01   1.0344508E+03
   1.8058327E+01   1.0380284E+03
   1.8081921E+01   1.0421232E+03
   1.8103027E+01   1.0456010E+03
   1.8125591E+01   1.0496370E+03
   1.8148872E+01   1.0549886E+03
   1.8171600E+01   1.0615500E+03
   1.8195782E+01   1.0676189E+03
   1.8218813E+01   1.0736282E+03
   1.8240978E+01   1.0779647E+03
   1.8263653E+01   1.0823468E+03
   1.8286760E+01   1.0865135E+03
   1.8309340E+01   1.0902241E+03
   1.8331718E+01   1.0937311E+03
   1.8352774E+01   1.0941107E+03
   1.8375229E+01   1.0945696E+03
   1.8397949E+01   1.0925980E+03
   1.8421307E+01   1.0902437E+03
   1.8444275E+01   1.0860212E+03
   1.8466509E+01   1.0793658E+03
   1.8491821E+01   1.0699614E+03
   1.8515018E+01   1.0584147E+03
   1.8535465E+01   1.0467567E+03
   1.8558933E+01   1.0320867E+03
   1.8582062E+01   1.0171000E+03
   1.8605179E+01   1.0002137E+03
   1.8628445E+01   9.8488263E+02
   1.8650206E+01   9.6617944E+02
   1.8672459E+01   9.4836237E+02
   1.8695982E+01   9.2550708E+02
   1.8718512E+01   9.0755835E+02
   1.8741180E+01   8.8958423E+02
   1.8764980E+01   8.7286298E+02
   1.8787100E+01   8.6092078E+02
   1.8810318E+01   8.4914679E+02
   1.8832390E+01   8.4436682E+02
   1.8856169E+01   8.3613086E+02
   1.8879251E+01   8.3045880E+02
   1.8900528E+01   8.2460071E+02
   1.8924492E+01   8.2181134E+02
   1.8946913E+01   8.1938379E+02
   1.8969648E+01   8.1661395E+02
   1.8992487E+01   8.1543707E+02
   1.9015646E+01   8.1305774E+02
   1.9038725E+01   8.1289471E+02
   1.9060858E+01   8.1255121E+02
   1.9083040E+01   8.1180017E+02
   1.9105547E+01   8.1150238E+02
   1.9130173E+01   8.1233868E+02
   1.9151209E+01   8.1356427E+02
   1.9174498E+01   8.1477753E+02
   1.9197664E+01   8.1598218E+02
   1.9219912E+01   8.1556049E+02
   1.9243097E+01   8.1502087E+02
   1.9265213E+01   8.1465930E+02
   1.9288183E+01   8.1414752E+02
   1.9311954E+01   8.1354620E+02
   1.9333885E+01   8.1256183E+02
   1.9356348E+01   8.1087549E+02
   1.9379395E+01   8.0834119E+02
   1.9403044E+01   8.0518964E+02
   1.9424507E+01   8.0171692E+02
   1.9448641E+01   7.9672083E+02
   1.9470142E+01   7.9189691E+02
   1.9494421E+01   7.8629285E+02
   1.9516117E+01   7.8104315E+02
   1.9540712E+01   7.7533600E+02
   1.9562792E+01   7.7053436E+02
   1.9585127E+01   7.6618481E+02
   1.9607767E+01   7.6243439E+02
   1.9630772E+01   7.5962262E+02
   1.9654188E+01   7.5793158E+02
   1.9677876E+01   7.5737537E+02
   1.9698624E+01   7.5790454E+02
   1.9722359E+01   7.5976447E+02
   1.9746155E+01   7.6276459E+02
   1.9767056E+01   7.6652972E+02
   1.9790966E+01   7.7205334E+02
   1.9811842E+01   7.7809717E+02
   1.9835482E+01   7.8610962E+02
   1.9858862E+01   7.9532635E+02
   1.9882153E+01   8.0557812E+02
   1.9905506E+01   8.1754272E+02
   1.9925848E+01   8.2884882E+02
   1.9948786E+01   8.4203778E+02
   1.9971581E+01   8.5687628E+02
   1.9996923E+01   8.7485297E+02
   2.0017302E+01   8.8882831E+02
   2.0040867E+01   9.0530023E+02
   2.0065275E+01   9.2203906E+02
   2.0086349E+01   9.3876398E+02
   2.0109661E+01   9.5095691E+02
   2.0133343E+01   9.6590344E+02
   2.0154209E+01   9.7292920E+02
   2.0179417E+01   9.8630920E+02
   2.0202492E+01   9.9925763E+02
   2.0223530E+01   1.0053971E+03
   2.0244734E+01   1.0115916E+03
   2.0268816E+01   1.0169912E+03
   2.0292017E+01   1.0186657E+03
   2.0313656E+01   1.0192993E+03
   2.0336588E+01   1.0180833E+03
   2.0361763E+01   1.0145762E+03
   2.0383265E+01   1.0127665E+03
   2.0407122E+01   1.0062874E+03
   2.0427845E+01   1.0030754E+03
   2.0451147E+01   9.9512195E+02
   2.0473282E+01   9.7392163E+02
   2.0496992E+01   9.6720294E+02
   2.0520199E+01   9.6063428E+02
   2.0542368E+01   9.5325293E+02
   2.0564981E+01   9.4559290E+02
   2.0588911E+01   9.3639233E+02
   2.0612156E+01   9.2875330E+02
   2.0633604E+01   9.2328925E+02
   2.0657339E+01   9.1869574E+02
   2.0680006E+01   9.1385107E+02
   2.0703180E+01   9.0917932E+02
   2.0725121E+01   9.0733563E+02
   2.0747532E+01   9.0518713E+02
   2.0771225E+01   9.0320776E+02
   2.0793774E+01   9.0149261E+02
   2.0815580E+01   8.9930768E+02
   2.0839527E+01   8.9694940E+02
   2.0861341E+01   8.9384174E+02
   2.0884365E+01   8.9038190E+02
   2.0907181E+01   8.8647845E+02
   2.0929754E+01   8.8288074E+02
   2.0953812E+01   8.7931189E+02
   2.0976366E+01   8.7603021E+02
   2.0998936E+01   8.7235474E+02
   2.1021523E+01   8.6800159E+02
   2.1044121E+01   8.6354596E+02
   2.1066748E+01   8.5879639E+02
   2.1089434E+01   8.5374872E+02
   2.1112186E+01   8.4829004E+02
   2.1135025E+01   8.4319037E+02
   2.1157942E+01   8.3838226E+02
   2.1180910E+01   8.3402045E+02
   2.1204010E+01   8.2967957E+02
   2.1227261E+01   8.2532513E+02
   2.1249104E+01   8.2114508E+02
   2.1272596E+01   8.1669733E+02
   2.1294580E+01   8.1273035E+02
   2.1318159E+01   8.0824805E+02
   2.1340267E+01   8.0406696E+02
   2.1364075E+01   7.9969226E+02
   2.1386438E+01   7.9554938E+02
   2.1408876E+01   7.9151758E+02
   2.1431396E+01   7.8791638E+02
   2.1454027E+01   7.8296356E+02
   2.1476902E+01   7.7810590E+02
   2.1499855E+01   7.7348108E+02
   2.1522898E+01   7.6906024E+02
   2.1546082E+01   7.6475262E+02
   2.1569487E+01   7.6049658E+02
   2.1591431E+01   7.5774286E+02
   2.1613588E+01   7.5474060E+02
   2.1637619E+01   7.5022278E+02
   2.1659914E+01   7.4850220E+02
   2.1682158E+01   7.4656042E+02
   2.1706076E+01   7.4377307E+02
   2.1728218E+01   7.4175073E+02
   2.1750362E+01   7.3991095E+02
   2.1774305E+01   7.3810144E+02
   2.1796600E+01   7.3684027E+02
   2.1818979E+01   7.3563715E+02
   2.1843176E+01   7.3559943E+02
   2.1865793E+01   7.3476477E+02
   2.1888565E+01   7.3453381E+02
   2.1910152E+01   7.3506207E+02
   2.1934500E+01   7.3606384E+02
   2.1956947E+01   7.3714276E+02
   2.1978485E+01   7.3738953E+02
   2.2001337E+01   7.3947180E+02
   2.2024445E+01   7.4131018E+02
   2.2046618E+01   7.4375610E+02
   2.2070066E+01   7.4589240E+02
   2.2093487E+01   7.4904456E+02
   2.2116425E+01   7.5106989E+02
   2.2139608E+01   7.5507410E+02
   2.2162426E+01   7.5863080E+02
   2.2185432E+01   7.6244006E+02
   2.2206291E+01   7.6548419E+02
   2.2229574E+01   7.7357458E+02
   2.2252737E+01   7.7225989E+02
   2.2274151E+01   7.8193451E+02
   2.2298367E+01   7.8910083E+02
   2.2322462E+01   7.9618738E+02
   2.2343367E+01   8.0286670E+02
   2.2366798E+01   8.1053278E+02
   2.2389723E+01   8.1808643E+02
   2.2412203E+01   8.2483765E+02
   2.2435078E+01   8.3217535E+02
   2.2458616E+01   8.3855060E+02
   2.2479731E+01   8.4547504E+02
   2.2504128E+01   8.5212195E+02
   2.2527468E+01   8.5628326E+02
   2.2550138E+01   8.6430273E+02
   2.2573074E+01   8.6690759E+02
   2.2593838E+01   8.6842542E+02
   2.2618464E+01   8.6890558E+02
   2.2640154E+01   8.7287030E+02
   2.2661972E+01   8.7212268E+02
   2.2686872E+01   8.7128204E+02
   2.2708052E+01   8.6902795E+02
   2.2731346E+01   8.6509863E+02
   2.2753668E+01   8.6058398E+02
   2.2778215E+01   8.5436707E+02
   2.2800045E+01   8.4851917E+02
