  flscon:  version 22.2.0.05  win64 2022 
 FLOW-3D   14:11:36  08/23/2023 lwbb     
   hydr3d   version  22.2.0.16 win64     09/12/2022 HYDRO    
 Simulation Template: Free Surface - TruVOF (Default)                            

Mesh Block   1
 printing p       
       1     1002      0.000E+00      2.280E+01
   time              p_1
   0.0000000E+00   2.0070280E+03
   6.5343245E-03   1.9977222E+03
   2.5560321E-02   1.9890737E+03
   4.5983452E-02   1.9812201E+03
   6.9625780E-02   1.9717039E+03
   8.7423190E-02   1.9641752E+03
   1.1511709E-01   1.9499655E+03
   1.3478421E-01   1.9407500E+03
   1.5623792E-01   1.9304485E+03
   1.8188493E-01   1.9157421E+03
   2.0378911E-01   1.9050358E+03
   2.2548093E-01   1.8943121E+03
   2.5400245E-01   1.8797413E+03
   2.7229303E-01   1.8699512E+03
   2.9531458E-01   1.8583696E+03
   3.2045582E-01   1.8450322E+03
   3.4301135E-01   1.8343325E+03
   3.6301246E-01   1.8248533E+03
   3.8713577E-01   1.8124385E+03
   4.1097802E-01   1.8016934E+03
   4.3108830E-01   1.7927029E+03
   4.5338863E-01   1.7823076E+03
   4.8142073E-01   1.7703324E+03
   5.0457788E-01   1.7611102E+03
   5.2307504E-01   1.7540060E+03
   5.4963320E-01   1.7442108E+03
   5.7010138E-01   1.7370146E+03
   5.9569973E-01   1.7281598E+03
   6.1588711E-01   1.7221667E+03
   6.4096791E-01   1.7145648E+03
   6.6045088E-01   1.7092848E+03
   6.8088323E-01   1.7041143E+03
   7.1035129E-01   1.6974343E+03
   7.2613126E-01   1.6940931E+03
   7.4956483E-01   1.6895510E+03
   7.7234954E-01   1.6855133E+03
   8.0149126E-01   1.6811365E+03
   8.2383204E-01   1.6783845E+03
   8.4714895E-01   1.6760101E+03
   8.6362261E-01   1.6746471E+03
   8.8881236E-01   1.6730051E+03
   9.1288149E-01   1.6719766E+03
   9.3609852E-01   1.6715167E+03
   9.5959568E-01   1.6715708E+03
   9.8284543E-01   1.6721361E+03
   1.0057169E+00   1.6731920E+03
   1.0285679E+00   1.6747201E+03
   1.0513498E+00   1.6767584E+03
   1.0736811E+00   1.6792104E+03
   1.0968862E+00   1.6822120E+03
   1.1204722E+00   1.6857947E+03
   1.1365389E+00   1.6885068E+03
   1.1608746E+00   1.6931112E+03
   1.1846416E+00   1.6981576E+03
   1.2107092E+00   1.7040452E+03
   1.2281584E+00   1.7085431E+03
   1.2542676E+00   1.7156851E+03
   1.2800140E+00   1.7233134E+03
   1.2973688E+00   1.7287522E+03
   1.3236750E+00   1.7374817E+03
   1.3416209E+00   1.7437241E+03
   1.3685436E+00   1.7537089E+03
   1.3864440E+00   1.7606572E+03
   1.4135780E+00   1.7715935E+03
   1.4408964E+00   1.7831670E+03
   1.4591906E+00   1.7911964E+03
   1.4774883E+00   1.7994685E+03
   1.5049461E+00   1.8122045E+03
   1.5232562E+00   1.8209402E+03
   1.5509846E+00   1.8344221E+03
   1.5694749E+00   1.8435894E+03
   1.5971353E+00   1.8574597E+03
   1.6155050E+00   1.8667979E+03
   1.6433814E+00   1.8808888E+03
   1.6617821E+00   1.8902755E+03
   1.6894094E+00   1.9042028E+03
   1.7077945E+00   1.9134269E+03
   1.7357379E+00   1.9270537E+03
   1.7542307E+00   1.9359080E+03
   1.7820073E+00   1.9487245E+03
   1.8003702E+00   1.9569392E+03
   1.8282316E+00   1.9685994E+03
   1.8467585E+00   1.9759108E+03
   1.8652928E+00   1.9827882E+03
   1.8933678E+00   1.9922354E+03
   1.9120351E+00   1.9978925E+03
   1.9399456E+00   2.0052228E+03
   1.9585423E+00   2.0093147E+03
   1.9865705E+00   2.0142133E+03
   2.0050216E+00   2.0166145E+03
   2.0333490E+00   2.0188546E+03
   2.0515175E+00   2.0193989E+03
   2.0774488E+00   2.0188683E+03
   2.1003685E+00   2.0170630E+03
   2.1209438E+00   2.0144277E+03
   2.1407194E+00   2.0110319E+03
   2.1659737E+00   2.0054016E+03
   2.1896889E+00   1.9988682E+03
   2.2136750E+00   1.9913354E+03
   2.2333105E+00   1.9841055E+03
   2.2571404E+00   1.9743715E+03
   2.2798259E+00   1.9641366E+03
   2.3017349E+00   1.9535150E+03
   2.3234611E+00   1.9424010E+03
   2.3469064E+00   1.9298188E+03
   2.3697391E+00   1.9166683E+03
   2.3927586E+00   1.9028875E+03
   2.4154806E+00   1.8889056E+03
   2.4393911E+00   1.8735957E+03
   2.4628389E+00   1.8578735E+03
   2.4872382E+00   1.8416083E+03
   2.5102382E+00   1.8264076E+03
   2.5327775E+00   1.8099561E+03
   2.5514953E+00   1.7978414E+03
   2.5767109E+00   1.7802076E+03
   2.6004803E+00   1.7637627E+03
   2.6242583E+00   1.7484235E+03
   2.6428180E+00   1.7352307E+03
   2.6680751E+00   1.7187439E+03
   2.6892250E+00   1.7054398E+03
   2.7113962E+00   1.6900251E+03
   2.7344968E+00   1.6761625E+03
   2.7572880E+00   1.6626019E+03
   2.7813156E+00   1.6472019E+03
   2.8072102E+00   1.6328663E+03
   2.8260653E+00   1.6205402E+03
   2.8534796E+00   1.6011774E+03
   2.8717422E+00   1.5900875E+03
   2.8957610E+00   1.5768378E+03
   2.9189026E+00   1.5645116E+03
   2.9424384E+00   1.5539113E+03
   2.9618750E+00   1.5453975E+03
   2.9865799E+00   1.5349524E+03
   3.0090253E+00   1.5254813E+03
   3.0305860E+00   1.5173075E+03
   3.0565603E+00   1.5081377E+03
   3.0791590E+00   1.5009723E+03
   3.1012454E+00   1.4943680E+03
   3.1237278E+00   1.4882965E+03
   3.1460247E+00   1.4830920E+03
   3.1682026E+00   1.4783870E+03
   3.1924472E+00   1.4740063E+03
   3.2151334E+00   1.4705858E+03
   3.2368598E+00   1.4679626E+03
   3.2603331E+00   1.4658204E+03
   3.2833254E+00   1.4644215E+03
   3.3065045E+00   1.4637469E+03
   3.3294904E+00   1.4638143E+03
   3.3527491E+00   1.4645585E+03
   3.3732371E+00   1.4657960E+03
   3.3951404E+00   1.4677230E+03
   3.4230947E+00   1.4711160E+03
   3.4434500E+00   1.4742169E+03
   3.4635439E+00   1.4781456E+03
   3.4847608E+00   1.4825450E+03
   3.5126033E+00   1.4896196E+03
   3.5336211E+00   1.4968226E+03
   3.5557401E+00   1.5035382E+03
   3.5798199E+00   1.5115199E+03
   3.6037920E+00   1.5202064E+03
   3.6242235E+00   1.5284114E+03
   3.6469295E+00   1.5400026E+03
   3.6699581E+00   1.5503920E+03
   3.6939142E+00   1.5619807E+03
   3.7150221E+00   1.5723418E+03
   3.7398069E+00   1.5860592E+03
   3.7623196E+00   1.5989049E+03
   3.7848043E+00   1.6124889E+03
   3.8059926E+00   1.6241187E+03
   3.8287122E+00   1.6367767E+03
   3.8512979E+00   1.6487144E+03
   3.8780770E+00   1.6633422E+03
   3.9001479E+00   1.6761227E+03
   3.9233119E+00   1.6883926E+03
   3.9430668E+00   1.6995697E+03
   3.9675746E+00   1.7116758E+03
   3.9887102E+00   1.7231166E+03
   4.0144324E+00   1.7353198E+03
   4.0365162E+00   1.7461528E+03
   4.0594440E+00   1.7564258E+03
   4.0802269E+00   1.7652961E+03
   4.1050124E+00   1.7752821E+03
   4.1257839E+00   1.7830310E+03
   4.1496720E+00   1.7913096E+03
   4.1713848E+00   1.7983409E+03
   4.1946316E+00   1.8050232E+03
   4.2177334E+00   1.8105404E+03
   4.2417765E+00   1.8154634E+03
   4.2629681E+00   1.8188927E+03
   4.2870564E+00   1.8217085E+03
   4.3087020E+00   1.8234006E+03
   4.3325047E+00   1.8241646E+03
   4.3543320E+00   1.8238086E+03
   4.3777947E+00   1.8225145E+03
   4.4012876E+00   1.8199703E+03
   4.4227815E+00   1.8165852E+03
   4.4466672E+00   1.8118719E+03
   4.4687324E+00   1.8065187E+03
   4.4920754E+00   1.7998873E+03
   4.5140495E+00   1.7929115E+03
   4.5370421E+00   1.7847587E+03
   4.5596571E+00   1.7760521E+03
   4.5820885E+00   1.7669253E+03
   4.6047235E+00   1.7571859E+03
   4.6288576E+00   1.7462878E+03
   4.6514277E+00   1.7358140E+03
   4.6747727E+00   1.7245638E+03
   4.6957331E+00   1.7144867E+03
   4.7205734E+00   1.7023981E+03
   4.7437143E+00   1.6912089E+03
   4.7666874E+00   1.6796895E+03
   4.7869234E+00   1.6695485E+03
   4.8096418E+00   1.6585403E+03
   4.8344889E+00   1.6463922E+03
   4.8580613E+00   1.6343735E+03
   4.8793807E+00   1.6255897E+03
   4.9015889E+00   1.6143732E+03
   4.9251814E+00   1.6057023E+03
   4.9498382E+00   1.5974323E+03
   4.9724951E+00   1.5889506E+03
   4.9928050E+00   1.5829966E+03
   5.0177236E+00   1.5757032E+03
   5.0408182E+00   1.5703033E+03
   5.0625844E+00   1.5653606E+03
   5.0828805E+00   1.5612151E+03
   5.1072989E+00   1.5561642E+03
   5.1279702E+00   1.5524628E+03
   5.1535425E+00   1.5482029E+03
   5.1742473E+00   1.5451366E+03
   5.1994400E+00   1.5416995E+03
   5.2214890E+00   1.5388386E+03
   5.2421861E+00   1.5363165E+03
   5.2662244E+00   1.5335956E+03
   5.2905250E+00   1.5311979E+03
   5.3120708E+00   1.5289835E+03
   5.3352318E+00   1.5269149E+03
   5.3568039E+00   1.5251809E+03
   5.3829951E+00   1.5231034E+03
   5.4010234E+00   1.5216788E+03
   5.4263368E+00   1.5196525E+03
   5.4521036E+00   1.5178069E+03
   5.4705782E+00   1.5165608E+03
   5.4962282E+00   1.5148103E+03
   5.5190167E+00   1.5133446E+03
   5.5426269E+00   1.5119828E+03
   5.5614457E+00   1.5110295E+03
   5.5872850E+00   1.5098458E+03
   5.6067796E+00   1.5092208E+03
   5.6304750E+00   1.5087520E+03
   5.6560655E+00   1.5086066E+03
   5.6791930E+00   1.5089160E+03
   5.7032905E+00   1.5097273E+03
   5.7226605E+00   1.5107971E+03
   5.7463870E+00   1.5127572E+03
   5.7656946E+00   1.5147817E+03
   5.7911372E+00   1.5182047E+03
   5.8166676E+00   1.5225625E+03
   5.8353896E+00   1.5263793E+03
   5.8600979E+00   1.5321869E+03
   5.8848481E+00   1.5386302E+03
   5.9058533E+00   1.5452524E+03
   5.9263849E+00   1.5527450E+03
   5.9501224E+00   1.5612281E+03
   5.9742236E+00   1.5710496E+03
   5.9953599E+00   1.5800139E+03
   6.0183702E+00   1.5896530E+03
   6.0421038E+00   1.6021406E+03
   6.0656767E+00   1.6148831E+03
   6.0867758E+00   1.6249302E+03
   6.1111183E+00   1.6372225E+03
   6.1344686E+00   1.6488859E+03
   6.1577539E+00   1.6611292E+03
   6.1775775E+00   1.6705646E+03
   6.2010102E+00   1.6812920E+03
   6.2245231E+00   1.6917917E+03
   6.2468476E+00   1.7021862E+03
   6.2693443E+00   1.7111624E+03
   6.2924786E+00   1.7197047E+03
   6.3152685E+00   1.7277847E+03
   6.3377695E+00   1.7353185E+03
   6.3615737E+00   1.7421367E+03
   6.3844204E+00   1.7478990E+03
   6.4077148E+00   1.7529681E+03
   6.4301496E+00   1.7570925E+03
   6.4515324E+00   1.7602670E+03
   6.4745722E+00   1.7628154E+03
   6.4987655E+00   1.7647463E+03
   6.5200286E+00   1.7655583E+03
   6.5427394E+00   1.7657056E+03
   6.5656800E+00   1.7649755E+03
   6.5886168E+00   1.7634485E+03
   6.6110263E+00   1.7611880E+03
   6.6344342E+00   1.7579858E+03
   6.6580248E+00   1.7539730E+03
   6.6814914E+00   1.7490762E+03
   6.7038479E+00   1.7438090E+03
   6.7268815E+00   1.7376188E+03
   6.7487144E+00   1.7312965E+03
   6.7723002E+00   1.7239125E+03
   6.7941084E+00   1.7164373E+03
   6.8162050E+00   1.7086052E+03
   6.8386636E+00   1.6997712E+03
   6.8635173E+00   1.6897706E+03
   6.8863015E+00   1.6806079E+03
   6.9074097E+00   1.6714493E+03
   6.9321237E+00   1.6601523E+03
   6.9532256E+00   1.6502571E+03
   6.9755430E+00   1.6397094E+03
   6.9998341E+00   1.6279021E+03
   7.0212684E+00   1.6172073E+03
   7.0438299E+00   1.6057941E+03
   7.0674872E+00   1.5939158E+03
   7.0924034E+00   1.5806926E+03
   7.1150603E+00   1.5680856E+03
   7.1357365E+00   1.5569607E+03
   7.1580672E+00   1.5443121E+03
   7.1808071E+00   1.5317233E+03
   7.2035027E+00   1.5193234E+03
   7.2261271E+00   1.5065864E+03
   7.2519031E+00   1.4925051E+03
   7.2714257E+00   1.4819578E+03
   7.2947354E+00   1.4688104E+03
   7.3207312E+00   1.4550505E+03
   7.3432317E+00   1.4432445E+03
   7.3639627E+00   1.4319506E+03
   7.3881178E+00   1.4191812E+03
   7.4096518E+00   1.4083251E+03
   7.4322820E+00   1.3971064E+03
   7.4560118E+00   1.3855009E+03
   7.4780645E+00   1.3750802E+03
   7.5015383E+00   1.3642449E+03
   7.5241356E+00   1.3540345E+03
   7.5469513E+00   1.3441349E+03
   7.5693264E+00   1.3346245E+03
   7.5930357E+00   1.3247788E+03
   7.6156569E+00   1.3157871E+03
   7.6373725E+00   1.3074081E+03
   7.6605477E+00   1.2990768E+03
   7.6826816E+00   1.2917023E+03
   7.7048020E+00   1.2843625E+03
   7.7304940E+00   1.2764369E+03
   7.7537999E+00   1.2699209E+03
   7.7735271E+00   1.2648711E+03
   7.7972422E+00   1.2592157E+03
   7.8222790E+00   1.2536870E+03
   7.8430681E+00   1.2496235E+03
   7.8652263E+00   1.2457965E+03
   7.8855181E+00   1.2425493E+03
   7.9107995E+00   1.2391766E+03
   7.9370995E+00   1.2364794E+03
   7.9575534E+00   1.2348998E+03
   7.9776187E+00   1.2337583E+03
   8.0032740E+00   1.2329717E+03
   8.0290012E+00   1.2329247E+03
   8.0469952E+00   1.2333651E+03
   8.0699062E+00   1.2344229E+03
   8.0920057E+00   1.2360510E+03
   8.1159391E+00   1.2384099E+03
   8.1361103E+00   1.2407853E+03
   8.1661873E+00   1.2453732E+03
   8.1885395E+00   1.2495885E+03
   8.2123032E+00   1.2545316E+03
   8.2348804E+00   1.2601481E+03
   8.2518759E+00   1.2644951E+03
   8.2793055E+00   1.2725662E+03
   8.2976360E+00   1.2785535E+03
   8.3246384E+00   1.2883912E+03
   8.3426828E+00   1.2952360E+03
   8.3700838E+00   1.3066766E+03
   8.3881187E+00   1.3149310E+03
   8.4146118E+00   1.3279880E+03
   8.4321823E+00   1.3365044E+03
   8.4594355E+00   1.3509552E+03
   8.4809446E+00   1.3661553E+03
   8.5058212E+00   1.3803759E+03
   8.5297565E+00   1.3951422E+03
   8.5497589E+00   1.4075767E+03
   8.5726919E+00   1.4244351E+03
   8.5979004E+00   1.4420416E+03
   8.6185198E+00   1.4576184E+03
   8.6417732E+00   1.4737021E+03
   8.6636047E+00   1.4908104E+03
   8.6889582E+00   1.5091936E+03
   8.7078304E+00   1.5224771E+03
   8.7315359E+00   1.5406304E+03
   8.7564840E+00   1.5569586E+03
   8.7803526E+00   1.5718345E+03
   8.8004246E+00   1.5842584E+03
   8.8240185E+00   1.5973752E+03
   8.8462925E+00   1.6079269E+03
   8.8684607E+00   1.6176416E+03
   8.8928852E+00   1.6268623E+03
   8.9150906E+00   1.6335802E+03
   8.9373569E+00   1.6393035E+03
   8.9594345E+00   1.6426088E+03
   8.9834356E+00   1.6448987E+03
   9.0061913E+00   1.6447261E+03
   9.0280552E+00   1.6434946E+03
   9.0511370E+00   1.6395004E+03
   9.0737925E+00   1.6347196E+03
   9.0977879E+00   1.6270302E+03
   9.1202497E+00   1.6193657E+03
   9.1430235E+00   1.6093856E+03
   9.1648426E+00   1.5997426E+03
   9.1885128E+00   1.5886642E+03
   9.2104340E+00   1.5777999E+03
   9.2349367E+00   1.5652263E+03
   9.2559080E+00   1.5542102E+03
   9.2800083E+00   1.5415177E+03
   9.3024578E+00   1.5296254E+03
   9.3246880E+00   1.5180359E+03
   9.3475180E+00   1.5062139E+03
   9.3707952E+00   1.4944644E+03
   9.3928385E+00   1.4842676E+03
   9.4160366E+00   1.4738462E+03
   9.4383945E+00   1.4632391E+03
   9.4610634E+00   1.4533142E+03
   9.4846754E+00   1.4435242E+03
   9.5084381E+00   1.4343931E+03
   9.5307093E+00   1.4261327E+03
   9.5537815E+00   1.4181096E+03
   9.5750246E+00   1.4113253E+03
   9.6001520E+00   1.4038083E+03
   9.6215124E+00   1.3975739E+03
   9.6428194E+00   1.3914696E+03
   9.6677217E+00   1.3848694E+03
   9.6897364E+00   1.3794821E+03
   9.7108374E+00   1.3744500E+03
   9.7356653E+00   1.3688445E+03
   9.7577381E+00   1.3640508E+03
   9.7815304E+00   1.3589117E+03
   9.8055954E+00   1.3538662E+03
   9.8266687E+00   1.3494193E+03
   9.8502035E+00   1.3450348E+03
   9.8715315E+00   1.3406731E+03
   9.8918571E+00   1.3370131E+03
   9.9193468E+00   1.3315972E+03
   9.9399719E+00   1.3282623E+03
   9.9662962E+00   1.3241573E+03
   9.9854631E+00   1.3212771E+03
   1.0007652E+01   1.3180609E+03
   1.0030200E+01   1.3144684E+03
   1.0057137E+01   1.3107053E+03
   1.0078777E+01   1.3079116E+03
   1.0101033E+01   1.3052863E+03
   1.0125386E+01   1.3026090E+03
   1.0145934E+01   1.3006097E+03
   1.0166706E+01   1.2986941E+03
   1.0189445E+01   1.2968501E+03
   1.0212483E+01   1.2951882E+03
   1.0239033E+01   1.2937725E+03
   1.0259117E+01   1.2930382E+03
   1.0286003E+01   1.2924423E+03
   1.0307967E+01   1.2923699E+03
   1.0332518E+01   1.2927291E+03
   1.0349230E+01   1.2932642E+03
   1.0374398E+01   1.2945463E+03
   1.0399711E+01   1.2964421E+03
   1.0416929E+01   1.2980798E+03
   1.0442842E+01   1.3011838E+03
   1.0468891E+01   1.3049489E+03
   1.0486137E+01   1.3080610E+03
   1.0512438E+01   1.3130428E+03
   1.0531034E+01   1.3172070E+03
   1.0558780E+01   1.3242816E+03
   1.0577450E+01   1.3295999E+03
   1.0604428E+01   1.3394017E+03
   1.0622378E+01   1.3453636E+03
   1.0648872E+01   1.3556455E+03
   1.0667786E+01   1.3630032E+03
   1.0692286E+01   1.3740808E+03
   1.0717984E+01   1.3865549E+03
   1.0738611E+01   1.3968118E+03
   1.0759529E+01   1.4078872E+03
   1.0786108E+01   1.4223995E+03
   1.0807072E+01   1.4347733E+03
   1.0830219E+01   1.4483674E+03
   1.0853813E+01   1.4638247E+03
   1.0876330E+01   1.4780551E+03
   1.0901019E+01   1.4930682E+03
   1.0922415E+01   1.5075758E+03
   1.0941934E+01   1.5194910E+03
   1.0967244E+01   1.5355594E+03
   1.0989572E+01   1.5502289E+03
   1.1010979E+01   1.5636064E+03
   1.1033396E+01   1.5757935E+03
   1.1059855E+01   1.5897738E+03
   1.1082575E+01   1.5994246E+03
   1.1102013E+01   1.6091429E+03
   1.1125140E+01   1.6187653E+03
   1.1148870E+01   1.6276263E+03
   1.1170537E+01   1.6350737E+03
   1.1194936E+01   1.6420513E+03
   1.1217871E+01   1.6473035E+03
   1.1240300E+01   1.6513486E+03
   1.1262113E+01   1.6536870E+03
   1.1285262E+01   1.6548804E+03
   1.1308455E+01   1.6545164E+03
   1.1331092E+01   1.6528867E+03
   1.1354070E+01   1.6495205E+03
   1.1376448E+01   1.6449309E+03
   1.1399267E+01   1.6385764E+03
   1.1422307E+01   1.6310673E+03
   1.1445524E+01   1.6215494E+03
   1.1468821E+01   1.6111359E+03
   1.1490852E+01   1.6003202E+03
   1.1514119E+01   1.5872487E+03
   1.1536553E+01   1.5756021E+03
   1.1559099E+01   1.5611379E+03
   1.1583330E+01   1.5459857E+03
   1.1604927E+01   1.5315679E+03
   1.1628461E+01   1.5144949E+03
   1.1650137E+01   1.4990255E+03
   1.1674272E+01   1.4815250E+03
   1.1697048E+01   1.4647397E+03
   1.1719514E+01   1.4482700E+03
   1.1741878E+01   1.4323082E+03
   1.1766652E+01   1.4146311E+03
   1.1786692E+01   1.4000928E+03
   1.1810706E+01   1.3823375E+03
   1.1833576E+01   1.3660867E+03
   1.1856534E+01   1.3504325E+03
   1.1879439E+01   1.3352662E+03
   1.1902442E+01   1.3201567E+03
   1.1923594E+01   1.3067158E+03
   1.1946630E+01   1.2924896E+03
   1.1970530E+01   1.2782341E+03
   1.1993574E+01   1.2649528E+03
   1.2016316E+01   1.2522212E+03
   1.2038631E+01   1.2401707E+03
   1.2061314E+01   1.2282330E+03
   1.2084174E+01   1.2167601E+03
   1.2107071E+01   1.2054945E+03
   1.2129576E+01   1.1947249E+03
   1.2152591E+01   1.1841714E+03
   1.2173935E+01   1.1750563E+03
   1.2198731E+01   1.1644810E+03
   1.2220249E+01   1.1554221E+03
   1.2243068E+01   1.1460082E+03
   1.2266957E+01   1.1366021E+03
   1.2289276E+01   1.1283665E+03
   1.2311167E+01   1.1204867E+03
   1.2334861E+01   1.1122458E+03
   1.2357740E+01   1.1045065E+03
   1.2379995E+01   1.0974470E+03
   1.2403146E+01   1.0903434E+03
   1.2426316E+01   1.0837147E+03
   1.2448068E+01   1.0778403E+03
   1.2471387E+01   1.0720682E+03
   1.2495035E+01   1.0666512E+03
   1.2516928E+01   1.0620785E+03
   1.2540121E+01   1.0577174E+03
   1.2563455E+01   1.0539128E+03
   1.2584962E+01   1.0509080E+03
   1.2607684E+01   1.0483002E+03
   1.2630452E+01   1.0463463E+03
   1.2653244E+01   1.0450289E+03
   1.2677308E+01   1.0444441E+03
   1.2698931E+01   1.0445615E+03
   1.2724170E+01   1.0454745E+03
   1.2744431E+01   1.0469863E+03
   1.2766316E+01   1.0492538E+03
   1.2789710E+01   1.0525013E+03
   1.2814706E+01   1.0569271E+03
   1.2835902E+01   1.0614891E+03
   1.2857793E+01   1.0669823E+03
   1.2880235E+01   1.0734464E+03
   1.2903023E+01   1.0808735E+03
   1.2925571E+01   1.0891112E+03
   1.2948207E+01   1.0981355E+03
   1.2971159E+01   1.1080729E+03
   1.2994673E+01   1.1190419E+03
   1.3018360E+01   1.1309189E+03
   1.3042242E+01   1.1435918E+03
   1.3066096E+01   1.1569697E+03
   1.3089479E+01   1.1708030E+03
   1.3107197E+01   1.1813931E+03
   1.3131094E+01   1.1961558E+03
   1.3154600E+01   1.2110651E+03
   1.3178526E+01   1.2261953E+03
   1.3202238E+01   1.2416711E+03
   1.3223604E+01   1.2555093E+03
   1.3249137E+01   1.2715057E+03
   1.3269319E+01   1.2840339E+03
   1.3293431E+01   1.2982141E+03
   1.3315394E+01   1.3107002E+03
   1.3338661E+01   1.3229213E+03
   1.3360418E+01   1.3332321E+03
   1.3384912E+01   1.3436140E+03
   1.3406353E+01   1.3515513E+03
   1.3428020E+01   1.3583293E+03
   1.3452999E+01   1.3645432E+03
   1.3475412E+01   1.3685176E+03
   1.3498230E+01   1.3710605E+03
   1.3520139E+01   1.3720624E+03
   1.3543212E+01   1.3716240E+03
   1.3565560E+01   1.3697313E+03
   1.3588718E+01   1.3663678E+03
   1.3611520E+01   1.3617046E+03
   1.3635115E+01   1.3555392E+03
   1.3656622E+01   1.3487744E+03
   1.3679393E+01   1.3406255E+03
   1.3702661E+01   1.3311648E+03
   1.3725703E+01   1.3209385E+03
   1.3748832E+01   1.3096915E+03
   1.3771094E+01   1.2983827E+03
   1.3793836E+01   1.2861333E+03
   1.3816741E+01   1.2732440E+03
   1.3840405E+01   1.2596742E+03
   1.3863123E+01   1.2462499E+03
   1.3885340E+01   1.2331913E+03
   1.3908708E+01   1.2191023E+03
   1.3931008E+01   1.2057654E+03
   1.3954081E+01   1.1918093E+03
   1.3976205E+01   1.1787217E+03
   1.3998427E+01   1.1655804E+03
   1.4020910E+01   1.1527499E+03
   1.4043902E+01   1.1400591E+03
   1.4068447E+01   1.1266409E+03
   1.4090483E+01   1.1151572E+03
   1.4113276E+01   1.1035347E+03
   1.4135111E+01   1.0926324E+03
   1.4160169E+01   1.0810637E+03
   1.4180038E+01   1.0720583E+03
   1.4203454E+01   1.0618967E+03
   1.4228094E+01   1.0521460E+03
   1.4250580E+01   1.0434219E+03
   1.4271760E+01   1.0361266E+03
   1.4294653E+01   1.0288226E+03
   1.4319075E+01   1.0214778E+03
   1.4340063E+01   1.0156669E+03
   1.4363597E+01   1.0097032E+03
   1.4386278E+01   1.0045952E+03
   1.4411285E+01   9.9937762E+02
   1.4433679E+01   9.9519971E+02
   1.4455333E+01   9.9162360E+02
   1.4477942E+01   9.8830896E+02
   1.4500583E+01   9.8530530E+02
   1.4522381E+01   9.8284784E+02
   1.4547409E+01   9.8044733E+02
   1.4568472E+01   9.7872644E+02
   1.4593334E+01   9.7707629E+02
   1.4615952E+01   9.7585419E+02
   1.4637988E+01   9.7485278E+02
   1.4661165E+01   9.7418073E+02
   1.4682325E+01   9.7375574E+02
   1.4706909E+01   9.7345227E+02
   1.4728432E+01   9.7338977E+02
   1.4753449E+01   9.7352899E+02
   1.4776717E+01   9.7385779E+02
   1.4796631E+01   9.7429657E+02
   1.4817742E+01   9.7492340E+02
   1.4845585E+01   9.7601837E+02
   1.4863108E+01   9.7687177E+02
   1.4887400E+01   9.7827240E+02
   1.4912325E+01   9.8005042E+02
   1.4931302E+01   9.8162085E+02
   1.4957445E+01   9.8412531E+02
   1.4978109E+01   9.8642297E+02
   1.4998963E+01   9.8910376E+02
   1.5026232E+01   9.9316522E+02
   1.5046362E+01   9.9661407E+02
   1.5072761E+01   1.0017296E+03
   1.5092463E+01   1.0060536E+03
   1.5117965E+01   1.0123636E+03
   1.5136340E+01   1.0174268E+03
   1.5160076E+01   1.0246173E+03
   1.5182921E+01   1.0322802E+03
   1.5210164E+01   1.0423970E+03
   1.5231133E+01   1.0509062E+03
   1.5251229E+01   1.0596753E+03
   1.5275519E+01   1.0709575E+03
   1.5296351E+01   1.0808574E+03
   1.5323638E+01   1.0953247E+03
   1.5343289E+01   1.1063529E+03
   1.5365771E+01   1.1193615E+03
   1.5390615E+01   1.1340734E+03
   1.5413633E+01   1.1479219E+03
   1.5435765E+01   1.1610997E+03
   1.5458282E+01   1.1744200E+03
   1.5481688E+01   1.1880592E+03
   1.5503132E+01   1.1999816E+03
   1.5527643E+01   1.2127338E+03
   1.5549849E+01   1.2233486E+03
   1.5572770E+01   1.2331523E+03
   1.5595997E+01   1.2418364E+03
   1.5617345E+01   1.2486348E+03
   1.5640567E+01   1.2547690E+03
   1.5663650E+01   1.2595009E+03
   1.5686798E+01   1.2629691E+03
   1.5708723E+01   1.2650958E+03
   1.5732673E+01   1.2662168E+03
   1.5754685E+01   1.2661587E+03
   1.5776978E+01   1.2651195E+03
   1.5799683E+01   1.2630648E+03
   1.5822878E+01   1.2599495E+03
   1.5846262E+01   1.2558043E+03
   1.5869253E+01   1.2506749E+03
   1.5891289E+01   1.2449147E+03
   1.5914186E+01   1.2379532E+03
   1.5936736E+01   1.2302592E+03
   1.5959835E+01   1.2213263E+03
   1.5982302E+01   1.2118533E+03
   1.6006172E+01   1.2010176E+03
   1.6027885E+01   1.1904453E+03
   1.6051386E+01   1.1783663E+03
   1.6073116E+01   1.1667079E+03
   1.6096521E+01   1.1536636E+03
   1.6118561E+01   1.1410369E+03
   1.6141983E+01   1.1271680E+03
   1.6164560E+01   1.1138223E+03
   1.6188421E+01   1.0999111E+03
   1.6210054E+01   1.0870618E+03
   1.6233202E+01   1.0735990E+03
   1.6257397E+01   1.0595846E+03
   1.6279694E+01   1.0469861E+03
   1.6302927E+01   1.0341300E+03
   1.6323631E+01   1.0229991E+03
   1.6348759E+01   1.0098923E+03
   1.6371300E+01   9.9824365E+02
   1.6394131E+01   9.8708752E+02
   1.6416096E+01   9.7685132E+02
   1.6438599E+01   9.6699573E+02
   1.6460674E+01   9.5822522E+02
   1.6483829E+01   9.4881677E+02
   1.6507744E+01   9.4028625E+02
   1.6530678E+01   9.3198877E+02
   1.6553593E+01   9.2457288E+02
   1.6575510E+01   9.1790192E+02
   1.6598080E+01   9.1151312E+02
   1.6622122E+01   9.0522241E+02
   1.6644567E+01   8.9972070E+02
   1.6667349E+01   8.9436066E+02
   1.6689770E+01   8.8958258E+02
   1.6712307E+01   8.8492065E+02
   1.6735582E+01   8.8040991E+02
   1.6757454E+01   8.7634552E+02
   1.6780313E+01   8.7231891E+02
   1.6803488E+01   8.6830524E+02
   1.6826450E+01   8.6454144E+02
   1.6849222E+01   8.6084760E+02
   1.6872038E+01   8.5721912E+02
   1.6894821E+01   8.5363269E+02
   1.6917633E+01   8.5003778E+02
   1.6940294E+01   8.4649249E+02
   1.6963139E+01   8.4300116E+02
   1.6986128E+01   8.3955182E+02
   1.7008892E+01   8.3590491E+02
   1.7031549E+01   8.3242255E+02
   1.7054115E+01   8.2916919E+02
   1.7077181E+01   8.2606262E+02
   1.7100260E+01   8.2326111E+02
   1.7122602E+01   8.2099084E+02
   1.7145538E+01   8.1911353E+02
   1.7168530E+01   8.1427887E+02
   1.7191404E+01   8.1332642E+02
   1.7214033E+01   8.1292926E+02
   1.7236969E+01   8.1834186E+02
   1.7259865E+01   8.1892743E+02
   1.7282469E+01   8.2016870E+02
   1.7304914E+01   8.2216956E+02
   1.7327635E+01   8.2506451E+02
   1.7350323E+01   8.2886670E+02
   1.7373676E+01   8.3387524E+02
   1.7396421E+01   8.3995227E+02
   1.7419378E+01   8.4709888E+02
   1.7442381E+01   8.5545978E+02
   1.7465267E+01   8.6502319E+02
   1.7487879E+01   8.7408893E+02
   1.7510057E+01   8.8480927E+02
   1.7533110E+01   8.9721545E+02
   1.7555487E+01   9.1045343E+02
   1.7578602E+01   9.2456946E+02
   1.7600847E+01   9.3889923E+02
   1.7623762E+01   9.5438965E+02
   1.7647318E+01   9.7040204E+02
   1.7669718E+01   9.8567145E+02
   1.7692617E+01   1.0013144E+03
   1.7716015E+01   1.0166932E+03
   1.7738075E+01   1.0308488E+03
   1.7760603E+01   1.0444601E+03
   1.7783670E+01   1.0577405E+03
   1.7807367E+01   1.0705767E+03
   1.7829752E+01   1.0815736E+03
   1.7852901E+01   1.0923000E+03
   1.7874744E+01   1.1016396E+03
   1.7897482E+01   1.1104751E+03
   1.7921257E+01   1.1188932E+03
   1.7943016E+01   1.1257358E+03
   1.7966698E+01   1.1322399E+03
   1.7988316E+01   1.1372761E+03
   1.8012222E+01   1.1417856E+03
   1.8033731E+01   1.1448684E+03
   1.8057867E+01   1.1472847E+03
   1.8079544E+01   1.1484968E+03
   1.8103058E+01   1.1487601E+03
   1.8125769E+01   1.1480071E+03
   1.8149004E+01   1.1462029E+03
   1.8171694E+01   1.1434236E+03
   1.8194881E+01   1.1395859E+03
   1.8216225E+01   1.1351445E+03
   1.8240326E+01   1.1290690E+03
   1.8263227E+01   1.1221752E+03
   1.8284618E+01   1.1148712E+03
   1.8308220E+01   1.1058396E+03
   1.8331583E+01   1.0959601E+03
   1.8353668E+01   1.0857211E+03
   1.8377264E+01   1.0741151E+03
   1.8400381E+01   1.0619823E+03
   1.8421650E+01   1.0502938E+03
   1.8445183E+01   1.0369508E+03
   1.8467165E+01   1.0238758E+03
   1.8489700E+01   1.0101443E+03
   1.8514828E+01   9.9497449E+02
   1.8535807E+01   9.8167627E+02
   1.8557854E+01   9.6776868E+02
   1.8581411E+01   9.5287915E+02
   1.8605913E+01   9.3759686E+02
   1.8629416E+01   9.2334900E+02
   1.8648821E+01   9.1102484E+02
   1.8673952E+01   8.9619354E+02
   1.8694670E+01   8.8400153E+02
   1.8716936E+01   8.7080725E+02
   1.8740332E+01   8.5743286E+02
   1.8764729E+01   8.4293408E+02
   1.8787283E+01   8.3163055E+02
   1.8809296E+01   8.1734454E+02
   1.8833223E+01   8.0528589E+02
   1.8855404E+01   7.8929431E+02
   1.8877588E+01   7.7761688E+02
   1.8899870E+01   7.6704089E+02
   1.8924255E+01   7.5716223E+02
   1.8945360E+01   7.4955005E+02
   1.8967892E+01   7.4168964E+02
   1.8990730E+01   7.3456335E+02
   1.9013445E+01   7.2773199E+02
   1.9036037E+01   7.2146210E+02
   1.9060066E+01   7.1524036E+02
   1.9082628E+01   7.0936414E+02
   1.9106457E+01   7.0315625E+02
   1.9130873E+01   6.9691211E+02
   1.9154205E+01   6.9070538E+02
   1.9172869E+01   6.8573718E+02
   1.9197779E+01   6.7895245E+02
   1.9219194E+01   6.7304993E+02
   1.9242214E+01   6.6672638E+02
   1.9265335E+01   6.6052637E+02
   1.9288097E+01   6.5445514E+02
   1.9312096E+01   6.4817029E+02
   1.9334539E+01   6.4242017E+02
   1.9357658E+01   6.3664807E+02
   1.9380123E+01   6.3127332E+02
   1.9402977E+01   6.2600977E+02
   1.9425768E+01   6.2121954E+02
   1.9448519E+01   6.1693890E+02
   1.9471203E+01   6.1319104E+02
   1.9494045E+01   6.1017096E+02
   1.9516397E+01   6.0785321E+02
   1.9539505E+01   6.0642340E+02
   1.9562294E+01   6.0592371E+02
   1.9585728E+01   6.0629144E+02
   1.9607416E+01   6.0793488E+02
   1.9630766E+01   6.1066095E+02
   1.9652868E+01   6.1513586E+02
   1.9675640E+01   6.2164874E+02
   1.9699701E+01   6.3021893E+02
   1.9722446E+01   6.4189069E+02
   1.9743298E+01   6.5420648E+02
   1.9768366E+01   6.7457227E+02
   1.9791542E+01   6.9909454E+02
   1.9812489E+01   7.2372021E+02
   1.9835665E+01   7.6486627E+02
   1.9859041E+01   8.1177087E+02
   1.9881750E+01   9.0222589E+02
   1.9905394E+01   9.6182892E+02
   1.9927380E+01   1.0400583E+03
   1.9950079E+01   1.1018641E+03
   1.9972059E+01   1.1395531E+03
   1.9995872E+01   1.1808955E+03
   2.0018238E+01   1.2056144E+03
   2.0041645E+01   1.2172701E+03
   2.0063757E+01   1.2247328E+03
   2.0087303E+01   1.2209242E+03
   2.0109293E+01   1.2124943E+03
   2.0132927E+01   1.1972996E+03
   2.0155582E+01   1.1769727E+03
   2.0177736E+01   1.1572466E+03
   2.0201271E+01   1.1350972E+03
   2.0223206E+01   1.1140667E+03
   2.0246187E+01   1.0934851E+03
   2.0269320E+01   1.0748759E+03
   2.0292267E+01   1.0576885E+03
   2.0314558E+01   1.0443129E+03
   2.0337862E+01   1.0319443E+03
   2.0360825E+01   1.0230107E+03
   2.0383076E+01   1.0165430E+03
   2.0405306E+01   1.0125504E+03
   2.0428658E+01   1.0113065E+03
   2.0451221E+01   1.0115449E+03
   2.0474291E+01   1.0138372E+03
   2.0496649E+01   1.0175756E+03
   2.0519484E+01   1.0227167E+03
   2.0542925E+01   1.0291804E+03
   2.0566166E+01   1.0361357E+03
   2.0588215E+01   1.0428632E+03
   2.0611792E+01   1.0500121E+03
   2.0634039E+01   1.0557742E+03
   2.0656439E+01   1.0606110E+03
   2.0679676E+01   1.0638660E+03
   2.0702314E+01   1.0651729E+03
   2.0725698E+01   1.0641587E+03
   2.0748121E+01   1.0611483E+03
   2.0770475E+01   1.0549297E+03
   2.0794144E+01   1.0457717E+03
   2.0816294E+01   1.0348578E+03
   2.0839781E+01   1.0209267E+03
   2.0862087E+01   1.0063345E+03
   2.0885019E+01   9.8967358E+02
   2.0907215E+01   9.7277698E+02
   2.0929649E+01   9.5455280E+02
   2.0952883E+01   9.3563788E+02
   2.0976648E+01   9.1566357E+02
   2.0998865E+01   8.9752924E+02
   2.1021816E+01   8.7751605E+02
   2.1044621E+01   8.5937225E+02
   2.1067173E+01   8.3930609E+02
   2.1090431E+01   8.1670972E+02
   2.1112757E+01   7.9785974E+02
   2.1136164E+01   7.7621411E+02
   2.1159212E+01   7.5459558E+02
   2.1180998E+01   7.3538623E+02
   2.1203850E+01   7.1607684E+02
   2.1226740E+01   6.9802454E+02
   2.1250151E+01   6.8075018E+02
   2.1272530E+01   6.6523718E+02
   2.1294706E+01   6.5079956E+02
   2.1317822E+01   6.3661768E+02
   2.1341066E+01   6.2321997E+02
   2.1364132E+01   6.1072388E+02
   2.1386639E+01   5.9920551E+02
   2.1408953E+01   5.8845410E+02
   2.1431610E+01   5.7803986E+02
   2.1454597E+01   5.6795483E+02
   2.1478016E+01   5.5832971E+02
   2.1500172E+01   5.4959888E+02
   2.1522551E+01   5.4129193E+02
   2.1545479E+01   5.3315741E+02
   2.1569107E+01   5.2528522E+02
   2.1591715E+01   5.1822662E+02
   2.1614538E+01   5.1157483E+02
   2.1637083E+01   5.0557907E+02
   2.1660301E+01   4.9986829E+02
   2.1682981E+01   4.9491153E+02
   2.1705505E+01   4.9051837E+02
   2.1728546E+01   4.8675415E+02
   2.1750799E+01   4.8368903E+02
   2.1774134E+01   4.8139288E+02
   2.1797003E+01   4.7985776E+02
   2.1819662E+01   4.7948376E+02
   2.1841997E+01   4.7992627E+02
   2.1864811E+01   4.8181409E+02
   2.1887676E+01   4.8469257E+02
   2.1910685E+01   4.8956387E+02
   2.1934061E+01   4.9649585E+02
   2.1956743E+01   5.0449347E+02
   2.1978977E+01   5.1562592E+02
   2.2001091E+01   5.2818805E+02
   2.2024874E+01   5.4663550E+02
   2.2048395E+01   5.6732593E+02
   2.2070789E+01   5.9451819E+02
   2.2094110E+01   6.3084473E+02
   2.2116089E+01   6.6843555E+02
   2.2139658E+01   7.3194849E+02
   2.2161474E+01   7.9846936E+02
   2.2184563E+01   9.4287476E+02
   2.2207348E+01   1.0190870E+03
   2.2229872E+01   1.1023135E+03
   2.2253231E+01   1.1508882E+03
   2.2275484E+01   1.1593883E+03
   2.2298595E+01   1.1710713E+03
   2.2321304E+01   1.1570222E+03
   2.2344294E+01   1.1419674E+03
   2.2366375E+01   1.1200557E+03
   2.2389400E+01   1.0875258E+03
   2.2412058E+01   1.0596940E+03
   2.2435150E+01   1.0277556E+03
   2.2458014E+01   1.0012473E+03
   2.2481001E+01   9.7596863E+02
   2.2504070E+01   9.5102094E+02
   2.2526621E+01   9.3021576E+02
   2.2549129E+01   9.1052271E+02
   2.2571762E+01   8.9529846E+02
   2.2594831E+01   8.8215955E+02
   2.2617987E+01   8.7040546E+02
   2.2640116E+01   8.6245044E+02
   2.2663151E+01   8.5587732E+02
   2.2686188E+01   8.5217554E+02
   2.2709044E+01   8.5055286E+02
   2.2731190E+01   8.5016229E+02
   2.2754707E+01   8.5122296E+02
   2.2777355E+01   8.5294684E+02
   2.2800169E+01   8.5570233E+02
