  flscon:  version 22.2.0.05  win64 2022 
 FLOW-3D   13:42:43  08/25/2023 jcer     
   hydr3d   version  22.2.0.16 win64     09/12/2022 HYDRO    
 Simulation Template: Free Surface - TruVOF (Default)                            

Mesh Block   1
 printing p       
       1     1002      0.000E+00      2.280E+01
   time              p_1
   0.0000000E+00   1.9788499E+03
   6.7640292E-03   2.4607280E+03
   2.5093703E-02   1.9763916E+03
   4.4290140E-02   1.9657605E+03
   7.1559951E-02   1.9554569E+03
   9.4967961E-02   1.9425953E+03
   1.1258898E-01   1.9357426E+03
   1.3916838E-01   1.9210498E+03
   1.5715776E-01   1.9121831E+03
   1.8181461E-01   1.8983969E+03
   2.0300701E-01   1.8866549E+03
   2.2753988E-01   1.8735554E+03
   2.5381941E-01   1.8580138E+03
   2.7177256E-01   1.8461123E+03
   2.9408607E-01   1.8345970E+03
   3.2120827E-01   1.8201794E+03
   3.4014100E-01   1.8110811E+03
   3.6629733E-01   1.7975325E+03
   3.8651657E-01   1.7842799E+03
   4.1130751E-01   1.7724540E+03
   4.3178296E-01   1.7638816E+03
   4.5661297E-01   1.7547100E+03
   4.8114344E-01   1.7442368E+03
   5.0295204E-01   1.7371881E+03
   5.2730578E-01   1.7277202E+03
   5.4778433E-01   1.7208466E+03
   5.7148105E-01   1.7140496E+03
   5.8931941E-01   1.7091025E+03
   6.1610895E-01   1.7016517E+03
   6.4090282E-01   1.6947640E+03
   6.5818626E-01   1.6927283E+03
   6.8554109E-01   1.6867576E+03
   7.0986062E-01   1.6822889E+03
   7.2797036E-01   1.6795364E+03
   7.5554264E-01   1.6755345E+03
   7.7177131E-01   1.6733336E+03
   8.0098498E-01   1.6706689E+03
   8.2074481E-01   1.6688857E+03
   8.4361935E-01   1.6676364E+03
   8.6927742E-01   1.6667098E+03
   8.8628030E-01   1.6664811E+03
   9.1156936E-01   1.6666554E+03
   9.3720216E-01   1.6675663E+03
   9.5479876E-01   1.6681829E+03
   9.8251992E-01   1.6715479E+03
   1.0028405E+00   1.6721411E+03
   1.0263641E+00   1.6758143E+03
   1.0528915E+00   1.6794573E+03
   1.0700713E+00   1.6824872E+03
   1.0938318E+00   1.6869473E+03
   1.1166341E+00   1.6906986E+03
   1.1372855E+00   1.6953257E+03
   1.1655205E+00   1.7046862E+03
   1.1894301E+00   1.7094211E+03
   1.2056816E+00   1.7141301E+03
   1.2286499E+00   1.7212874E+03
   1.2537833E+00   1.7289546E+03
   1.2809922E+00   1.7383688E+03
   1.2993031E+00   1.7451190E+03
   1.3244261E+00   1.7555947E+03
   1.3470616E+00   1.7646492E+03
   1.3725820E+00   1.7749705E+03
   1.3909142E+00   1.7830657E+03
   1.4146242E+00   1.7947778E+03
   1.4391462E+00   1.8056677E+03
   1.4616375E+00   1.8170221E+03
   1.4847780E+00   1.8287319E+03
   1.5014243E+00   1.8365613E+03
   1.5267794E+00   1.8497656E+03
   1.5501468E+00   1.8624124E+03
   1.5711939E+00   1.8734866E+03
   1.5933666E+00   1.8847539E+03
   1.6190342E+00   1.8975006E+03
   1.6374747E+00   1.9078234E+03
   1.6645648E+00   1.9205648E+03
   1.6894008E+00   1.9336632E+03
   1.7135491E+00   1.9450253E+03
   1.7310563E+00   1.9530728E+03
   1.7574600E+00   1.9649786E+03
   1.7746123E+00   1.9724170E+03
   1.7989377E+00   1.9827336E+03
   1.8215296E+00   1.9908842E+03
   1.8448361E+00   1.9985050E+03
   1.8685666E+00   2.0055321E+03
   1.8923627E+00   2.0117400E+03
   1.9141085E+00   2.0164535E+03
   1.9355817E+00   2.0208617E+03
   1.9633849E+00   2.0239061E+03
   1.9834660E+00   2.0256353E+03
   2.0095294E+00   2.0255699E+03
   2.0279379E+00   2.0255580E+03
   2.0523059E+00   2.0240959E+03
   2.0760531E+00   2.0214059E+03
   2.1002073E+00   2.0158948E+03
   2.1184764E+00   2.0111270E+03
   2.1424537E+00   2.0062495E+03
   2.1664257E+00   1.9993226E+03
   2.1908426E+00   1.9905354E+03
   2.2109237E+00   1.9797476E+03
   2.2309730E+00   1.9732040E+03
   2.2579491E+00   1.9550200E+03
   2.2788513E+00   1.9461664E+03
   2.3011649E+00   1.9350853E+03
   2.3292329E+00   1.9186926E+03
   2.3517866E+00   1.9045471E+03
   2.3674896E+00   1.8947336E+03
   2.3964896E+00   1.8747422E+03
   2.4196754E+00   1.8593264E+03
   2.4366686E+00   1.8467916E+03
   2.4601238E+00   1.8297255E+03
   2.4871435E+00   1.8122020E+03
   2.5094540E+00   1.7943558E+03
   2.5335267E+00   1.7778582E+03
   2.5514634E+00   1.7660341E+03
   2.5775361E+00   1.7458923E+03
   2.6005449E+00   1.7293262E+03
   2.6256335E+00   1.7129136E+03
   2.6437650E+00   1.6997772E+03
   2.6711338E+00   1.6813506E+03
   2.6885941E+00   1.6691157E+03
   2.7119322E+00   1.6539141E+03
   2.7381039E+00   1.6380573E+03
   2.7630403E+00   1.6227802E+03
   2.7811875E+00   1.6126599E+03
   2.8087485E+00   1.5968920E+03
   2.8270617E+00   1.5868682E+03
   2.8521233E+00   1.5721639E+03
   2.8760102E+00   1.5609888E+03
   2.8937960E+00   1.5528634E+03
   2.9202659E+00   1.5403525E+03
   2.9444563E+00   1.5296647E+03
   2.9601657E+00   1.5233984E+03
   2.9849560E+00   1.5141321E+03
   3.0121925E+00   1.5044108E+03
   3.0295684E+00   1.4984935E+03
   3.0538678E+00   1.4907443E+03
   3.0800445E+00   1.4834100E+03
   3.0970011E+00   1.4784060E+03
   3.1226628E+00   1.4724716E+03
   3.1496074E+00   1.4669844E+03
   3.1678839E+00   1.4637751E+03
   3.1938202E+00   1.4597267E+03
   3.2174456E+00   1.4571038E+03
   3.2349138E+00   1.4556178E+03
   3.2620640E+00   1.4539707E+03
   3.2791038E+00   1.4534237E+03
   3.3029294E+00   1.4533209E+03
   3.3282967E+00   1.4540024E+03
   3.3557143E+00   1.4557172E+03
   3.3736222E+00   1.4574324E+03
   3.3986995E+00   1.4605526E+03
   3.4161720E+00   1.4630894E+03
   3.4427595E+00   1.4680115E+03
   3.4686470E+00   1.4734657E+03
   3.4864707E+00   1.4777760E+03
   3.5139122E+00   1.4852415E+03
   3.5321982E+00   1.4907351E+03
   3.5548215E+00   1.4984177E+03
   3.5808213E+00   1.5070764E+03
   3.5991280E+00   1.5139265E+03
   3.6247675E+00   1.5245006E+03
   3.6492326E+00   1.5348839E+03
   3.6732430E+00   1.5454489E+03
   3.6909754E+00   1.5531702E+03
   3.7176917E+00   1.5665352E+03
   3.7415500E+00   1.5786376E+03
   3.7647202E+00   1.5906964E+03
   3.7871177E+00   1.6023917E+03
   3.8098698E+00   1.6145853E+03
   3.8300157E+00   1.6261487E+03
   3.8553886E+00   1.6379108E+03
   3.8743200E+00   1.6508237E+03
   3.8996074E+00   1.6648469E+03
   3.9220972E+00   1.6738446E+03
   3.9438856E+00   1.6848684E+03
   3.9663587E+00   1.6959808E+03
   3.9923143E+00   1.7131418E+03
   4.0120072E+00   1.7227379E+03
   4.0363050E+00   1.7342218E+03
   4.0604453E+00   1.7420881E+03
   4.0830240E+00   1.7478419E+03
   4.1051369E+00   1.7542122E+03
   4.1265483E+00   1.7628763E+03
   4.1516428E+00   1.7685424E+03
   4.1722765E+00   1.7732866E+03
   4.1962738E+00   1.7779043E+03
   4.2190990E+00   1.7799722E+03
   4.2389784E+00   1.7817295E+03
   4.2623186E+00   1.7824652E+03
   4.2849646E+00   1.7819363E+03
   4.3109398E+00   1.7800983E+03
   4.3328896E+00   1.7770946E+03
   4.3548951E+00   1.7733552E+03
   4.3775363E+00   1.7684006E+03
   4.4006238E+00   1.7625148E+03
   4.4237213E+00   1.7545897E+03
   4.4469113E+00   1.7471680E+03
   4.4704075E+00   1.7384266E+03
   4.4912434E+00   1.7284891E+03
   4.5123425E+00   1.7185878E+03
   4.5381851E+00   1.7068838E+03
   4.5591416E+00   1.6958108E+03
   4.5812478E+00   1.6859601E+03
   4.6075644E+00   1.6703662E+03
   4.6294436E+00   1.6509462E+03
   4.6495676E+00   1.6518251E+03
   4.6722665E+00   1.6370846E+03
   4.6960793E+00   1.6224374E+03
   4.7197204E+00   1.6088955E+03
   4.7442803E+00   1.5965348E+03
   4.7629642E+00   1.5895017E+03
   4.7880630E+00   1.5777778E+03
   4.8084025E+00   1.5657557E+03
   4.8337884E+00   1.5542114E+03
   4.8548865E+00   1.5466971E+03
   4.8793259E+00   1.5361102E+03
   4.8989096E+00   1.5290477E+03
   4.9230223E+00   1.5230439E+03
   4.9499135E+00   1.5142476E+03
   4.9693499E+00   1.5108879E+03
   4.9942851E+00   1.5034038E+03
   5.0181441E+00   1.5003971E+03
   5.0384107E+00   1.4972335E+03
   5.0609469E+00   1.4929977E+03
   5.0862212E+00   1.4907791E+03
   5.1061945E+00   1.4897629E+03
   5.1300926E+00   1.4873442E+03
   5.1544666E+00   1.4883882E+03
   5.1736302E+00   1.4865579E+03
   5.1975980E+00   1.4873140E+03
   5.2212057E+00   1.4869760E+03
   5.2452822E+00   1.4878403E+03
   5.2673974E+00   1.4883618E+03
   5.2900224E+00   1.4889565E+03
   5.3121204E+00   1.4894764E+03
   5.3328209E+00   1.4905035E+03
   5.3573499E+00   1.4913413E+03
   5.3809719E+00   1.4920038E+03
   5.4037318E+00   1.4944507E+03
   5.4261723E+00   1.4941776E+03
   5.4490614E+00   1.4956390E+03
   5.4699106E+00   1.4962084E+03
   5.4924259E+00   1.4966266E+03
   5.5205388E+00   1.4976381E+03
   5.5428085E+00   1.4982051E+03
   5.5654244E+00   1.4989998E+03
   5.5876145E+00   1.5004164E+03
   5.6103415E+00   1.5000358E+03
   5.6338186E+00   1.5017435E+03
   5.6521149E+00   1.5017992E+03
   5.6779222E+00   1.5034169E+03
   5.6987472E+00   1.5042065E+03
   5.7212343E+00   1.5058862E+03
   5.7459631E+00   1.5076740E+03
   5.7639580E+00   1.5092622E+03
   5.7914195E+00   1.5122103E+03
   5.8096056E+00   1.5144553E+03
   5.8370705E+00   1.5182672E+03
   5.8553791E+00   1.5211583E+03
   5.8828454E+00   1.5259797E+03
   5.9011431E+00   1.5295581E+03
   5.9285846E+00   1.5354591E+03
   5.9469032E+00   1.5397295E+03
   5.9743819E+00   1.5466016E+03
   5.9926753E+00   1.5514532E+03
   6.0200677E+00   1.5591370E+03
   6.0379386E+00   1.5645177E+03
   6.0630879E+00   1.5723810E+03
   6.0862193E+00   1.5799657E+03
   6.1073103E+00   1.5857513E+03
   6.1337800E+00   1.5973728E+03
   6.1531529E+00   1.6026061E+03
   6.1793084E+00   1.6109154E+03
   6.2032027E+00   1.6171541E+03
   6.2258272E+00   1.6260308E+03
   6.2473469E+00   1.6317906E+03
   6.2682500E+00   1.6399717E+03
   6.2944374E+00   1.6460449E+03
   6.3147120E+00   1.6483499E+03
   6.3392167E+00   1.6533851E+03
   6.3630228E+00   1.6577843E+03
   6.3860459E+00   1.6612573E+03
   6.4086585E+00   1.6642662E+03
   6.4310427E+00   1.6661902E+03
   6.4530015E+00   1.6671790E+03
   6.4745388E+00   1.6673409E+03
   6.4958782E+00   1.6668262E+03
   6.5216560E+00   1.6651526E+03
   6.5431495E+00   1.6631185E+03
   6.5647612E+00   1.6600439E+03
   6.5905423E+00   1.6542501E+03
   6.6120992E+00   1.6515376E+03
   6.6336999E+00   1.6446627E+03
   6.6595778E+00   1.6376034E+03
   6.6811347E+00   1.6301727E+03
   6.7049246E+00   1.6221808E+03
   6.7245526E+00   1.6154165E+03
   6.7489400E+00   1.6040159E+03
   6.7726178E+00   1.5940614E+03
   6.7961726E+00   1.5824916E+03
   6.8157845E+00   1.5741526E+03
   6.8408241E+00   1.5615354E+03
   6.8615017E+00   1.5513182E+03
   6.8878326E+00   1.5383792E+03
   6.9088326E+00   1.5230315E+03
   6.9319248E+00   1.5167028E+03
   6.9556317E+00   1.4997650E+03
   6.9759660E+00   1.4925144E+03
   7.0012693E+00   1.4771019E+03
   7.0213795E+00   1.4680948E+03
   7.0450616E+00   1.4559686E+03
   7.0692372E+00   1.4455575E+03
   7.0921187E+00   1.4340593E+03
   7.1130872E+00   1.4249210E+03
   7.1366401E+00   1.4168778E+03
   7.1577415E+00   1.4066376E+03
   7.1819305E+00   1.3968373E+03
   7.2032247E+00   1.3899564E+03
   7.2288885E+00   1.3800901E+03
   7.2511702E+00   1.3735961E+03
   7.2726078E+00   1.3669948E+03
   7.2941227E+00   1.3612848E+03
   7.3195333E+00   1.3536708E+03
   7.3414164E+00   1.3476464E+03
   7.3632898E+00   1.3411689E+03
   7.3884902E+00   1.3370328E+03
   7.4090571E+00   1.3316429E+03
   7.4345293E+00   1.3261245E+03
   7.4551411E+00   1.3208701E+03
   7.4797831E+00   1.3158800E+03
   7.4988918E+00   1.3121029E+03
   7.5227685E+00   1.3053381E+03
   7.5457458E+00   1.3006543E+03
   7.5678792E+00   1.2978326E+03
   7.5902987E+00   1.2929724E+03
   7.6156411E+00   1.2872571E+03
   7.6400037E+00   1.2817717E+03
   7.6588225E+00   1.2740066E+03
   7.6823936E+00   1.2724510E+03
   7.7061477E+00   1.2661941E+03
   7.7308645E+00   1.2604500E+03
   7.7542048E+00   1.2548280E+03
   7.7768893E+00   1.2494694E+03
   7.7955885E+00   1.2452073E+03
   7.8205757E+00   1.2397948E+03
   7.8451905E+00   1.2343345E+03
   7.8638625E+00   1.2298765E+03
   7.8903823E+00   1.2250029E+03
   7.9123287E+00   1.2212809E+03
   7.9361405E+00   1.2177540E+03
   7.9559469E+00   1.2150742E+03
   7.9819183E+00   1.2119358E+03
   8.0016623E+00   1.2100480E+03
   8.0260649E+00   1.2084344E+03
   8.0503645E+00   1.2065789E+03
   8.0697660E+00   1.2055507E+03
   8.0939789E+00   1.2058152E+03
   8.1180010E+00   1.2060518E+03
   8.1373978E+00   1.2069181E+03
   8.1621599E+00   1.2083981E+03
   8.1875658E+00   1.2107849E+03
   8.2085676E+00   1.2136497E+03
   8.2302885E+00   1.2164463E+03
   8.2528954E+00   1.2210585E+03
   8.2766237E+00   1.2255667E+03
   8.3017130E+00   1.2314814E+03
   8.3214045E+00   1.2365189E+03
   8.3419285E+00   1.2432568E+03
   8.3709249E+00   1.2533833E+03
   8.3943138E+00   1.2610856E+03
   8.4117098E+00   1.2672084E+03
   8.4393616E+00   1.2787428E+03
   8.4577055E+00   1.2869083E+03
   8.4851885E+00   1.2997695E+03
   8.5035286E+00   1.3087021E+03
   8.5310345E+00   1.3226282E+03
   8.5494871E+00   1.3323118E+03
   8.5769854E+00   1.3471265E+03
   8.5955410E+00   1.3571124E+03
   8.6211452E+00   1.3721877E+03
   8.6451206E+00   1.3853274E+03
   8.6614933E+00   1.3944752E+03
   8.6852818E+00   1.4081849E+03
   8.7103281E+00   1.4222450E+03
   8.7329960E+00   1.4340134E+03
   8.7540665E+00   1.4442494E+03
   8.7796230E+00   1.4573795E+03
   8.8001471E+00   1.4661425E+03
   8.8209314E+00   1.4757023E+03
   8.8442326E+00   1.4852843E+03
   8.8697615E+00   1.4943545E+03
   8.8929968E+00   1.5013759E+03
   8.9158525E+00   1.5095808E+03
   8.9392414E+00   1.5141993E+03
   8.9574585E+00   1.5164840E+03
   8.9818459E+00   1.5208395E+03
   9.0047455E+00   1.5225245E+03
   9.0267534E+00   1.5227404E+03
   9.0534964E+00   1.5221986E+03
   9.0744724E+00   1.5194225E+03
   9.0988150E+00   1.5173646E+03
   9.1188745E+00   1.5137511E+03
   9.1405973E+00   1.5089572E+03
   9.1654797E+00   1.5015542E+03
   9.1872635E+00   1.4969843E+03
   9.2119579E+00   1.4874690E+03
   9.2322178E+00   1.4797090E+03
   9.2575588E+00   1.4701942E+03
   9.2786942E+00   1.4629736E+03
   9.3018961E+00   1.4532375E+03
   9.3237181E+00   1.4434275E+03
   9.3462715E+00   1.4345769E+03
   9.3724442E+00   1.4228673E+03
   9.3944082E+00   1.4149393E+03
   9.4170227E+00   1.4037365E+03
   9.4372129E+00   1.3975897E+03
   9.4616003E+00   1.3875673E+03
   9.4867964E+00   1.3779109E+03
   9.5063381E+00   1.3726996E+03
   9.5304127E+00   1.3633333E+03
   9.5540619E+00   1.3572236E+03
   9.5773621E+00   1.3500175E+03
   9.6009283E+00   1.3438617E+03
   9.6200085E+00   1.3388656E+03
   9.6464157E+00   1.3321981E+03
   9.6660271E+00   1.3276115E+03
   9.6888371E+00   1.3222272E+03
   9.7123947E+00   1.3178546E+03
   9.7361221E+00   1.3128513E+03
   9.7565050E+00   1.3081929E+03
   9.7810373E+00   1.3050952E+03
   9.8060741E+00   1.3000679E+03
   9.8251534E+00   1.2952753E+03
   9.8495092E+00   1.2914324E+03
   9.8737955E+00   1.2854532E+03
   9.8972530E+00   1.2817340E+03
   9.9210043E+00   1.2775616E+03
   9.9394379E+00   1.2740156E+03
   9.9632101E+00   1.2695486E+03
   9.9869442E+00   1.2649208E+03
   1.0009854E+01   1.2595431E+03
   1.0032617E+01   1.2568954E+03
   1.0057136E+01   1.2529895E+03
   1.0074876E+01   1.2502572E+03
   1.0099505E+01   1.2456716E+03
   1.0123304E+01   1.2432505E+03
   1.0146871E+01   1.2401517E+03
   1.0169647E+01   1.2372544E+03
   1.0192560E+01   1.2362126E+03
   1.0215644E+01   1.2345599E+03
   1.0238964E+01   1.2330636E+03
   1.0257044E+01   1.2323413E+03
   1.0281740E+01   1.2319048E+03
   1.0307291E+01   1.2320304E+03
   1.0327297E+01   1.2322396E+03
   1.0348064E+01   1.2336923E+03
   1.0376712E+01   1.2352668E+03
   1.0398964E+01   1.2370963E+03
   1.0422007E+01   1.2394523E+03
   1.0445908E+01   1.2423529E+03
   1.0462105E+01   1.2440735E+03
   1.0487004E+01   1.2471605E+03
   1.0512884E+01   1.2516843E+03
   1.0530763E+01   1.2548784E+03
   1.0558258E+01   1.2601461E+03
   1.0576604E+01   1.2639169E+03
   1.0604078E+01   1.2699141E+03
   1.0622377E+01   1.2740959E+03
   1.0649913E+01   1.2807183E+03
   1.0668361E+01   1.2853060E+03
   1.0695913E+01   1.2924806E+03
   1.0714290E+01   1.2974235E+03
   1.0741813E+01   1.3050590E+03
   1.0760152E+01   1.3102911E+03
   1.0787578E+01   1.3183611E+03
   1.0806019E+01   1.3238979E+03
   1.0833622E+01   1.3325195E+03
   1.0852098E+01   1.3383895E+03
   1.0879826E+01   1.3475195E+03
   1.0898312E+01   1.3537986E+03
   1.0916774E+01   1.3602004E+03
   1.0944454E+01   1.3700725E+03
   1.0966436E+01   1.3791707E+03
   1.0990474E+01   1.3872378E+03
   1.1012579E+01   1.3955608E+03
   1.1033526E+01   1.4038745E+03
   1.1059011E+01   1.4140731E+03
   1.1079304E+01   1.4229923E+03
   1.1104114E+01   1.4348960E+03
   1.1127625E+01   1.4455509E+03
   1.1150284E+01   1.4525201E+03
   1.1169188E+01   1.4577003E+03
   1.1197497E+01   1.4700193E+03
   1.1216989E+01   1.4771741E+03
   1.1238000E+01   1.4841322E+03
   1.1266223E+01   1.4935408E+03
   1.1287585E+01   1.4997986E+03
   1.1309105E+01   1.5048408E+03
   1.1330453E+01   1.5115609E+03
   1.1351785E+01   1.5151523E+03
   1.1374246E+01   1.5196434E+03
   1.1396564E+01   1.5217238E+03
   1.1423512E+01   1.5237366E+03
   1.1442826E+01   1.5242296E+03
   1.1469634E+01   1.5231245E+03
   1.1492039E+01   1.5210328E+03
   1.1514818E+01   1.5172598E+03
   1.1536964E+01   1.5126755E+03
   1.1557950E+01   1.5074677E+03
   1.1582618E+01   1.4997933E+03
   1.1606066E+01   1.4918126E+03
   1.1625984E+01   1.4826932E+03
   1.1649910E+01   1.4733363E+03
   1.1672577E+01   1.4618716E+03
   1.1695634E+01   1.4505674E+03
   1.1716765E+01   1.4386523E+03
   1.1740393E+01   1.4241631E+03
   1.1764770E+01   1.4095682E+03
   1.1789477E+01   1.3951984E+03
   1.1811202E+01   1.3774003E+03
   1.1832097E+01   1.3644169E+03
   1.1857798E+01   1.3475807E+03
   1.1879331E+01   1.3303348E+03
   1.1901914E+01   1.3153348E+03
   1.1924159E+01   1.2993627E+03
   1.1947573E+01   1.2820272E+03
   1.1968280E+01   1.2679635E+03
   1.1994693E+01   1.2484475E+03
   1.2013789E+01   1.2363857E+03
   1.2035773E+01   1.2222098E+03
   1.2062494E+01   1.2041733E+03
   1.2086251E+01   1.1894143E+03
   1.2104135E+01   1.1784114E+03
   1.2131574E+01   1.1611608E+03
   1.2149959E+01   1.1502953E+03
   1.2174442E+01   1.1356909E+03
   1.2200733E+01   1.1225439E+03
   1.2218907E+01   1.1133431E+03
   1.2246076E+01   1.1006807E+03
   1.2264718E+01   1.0922031E+03
   1.2292224E+01   1.0807400E+03
   1.2310547E+01   1.0740502E+03
   1.2338141E+01   1.0651882E+03
   1.2356740E+01   1.0599602E+03
   1.2384373E+01   1.0531852E+03
   1.2402650E+01   1.0494484E+03
   1.2430074E+01   1.0448740E+03
   1.2448364E+01   1.0425431E+03
   1.2475801E+01   1.0400095E+03
   1.2494092E+01   1.0388898E+03
   1.2521528E+01   1.0382793E+03
   1.2539810E+01   1.0384895E+03
   1.2567225E+01   1.0396570E+03
   1.2585500E+01   1.0409723E+03
   1.2612902E+01   1.0436016E+03
   1.2631158E+01   1.0457418E+03
   1.2649638E+01   1.0481472E+03
   1.2677613E+01   1.0522820E+03
   1.2696025E+01   1.0552338E+03
   1.2723507E+01   1.0598606E+03
   1.2741798E+01   1.0630420E+03
   1.2769300E+01   1.0679025E+03
   1.2787704E+01   1.0711719E+03
   1.2815406E+01   1.0760901E+03
   1.2834002E+01   1.0794287E+03
   1.2861739E+01   1.0845712E+03
   1.2880252E+01   1.0880927E+03
   1.2908031E+01   1.0935852E+03
   1.2926520E+01   1.0974485E+03
   1.2954134E+01   1.1036047E+03
   1.2972506E+01   1.1079822E+03
   1.3000117E+01   1.1151600E+03
   1.3018487E+01   1.1203792E+03
   1.3045998E+01   1.1289353E+03
   1.3064316E+01   1.1351760E+03
   1.3091767E+01   1.1453976E+03
   1.3110058E+01   1.1528258E+03
   1.3128376E+01   1.1607225E+03
   1.3155828E+01   1.1734290E+03
   1.3173993E+01   1.1824260E+03
   1.3199822E+01   1.1962499E+03
   1.3225241E+01   1.2102588E+03
   1.3248684E+01   1.2239716E+03
   1.3268311E+01   1.2341927E+03
   1.3291721E+01   1.2514384E+03
   1.3313284E+01   1.2610978E+03
   1.3339587E+01   1.2783616E+03
   1.3360307E+01   1.2866316E+03
   1.3381119E+01   1.2985940E+03
   1.3408025E+01   1.3114517E+03
   1.3429214E+01   1.3226774E+03
   1.3449547E+01   1.3271406E+03
   1.3474895E+01   1.3381021E+03
   1.3499379E+01   1.3438964E+03
   1.3522128E+01   1.3492877E+03
   1.3544099E+01   1.3540599E+03
   1.3565237E+01   1.3564629E+03
   1.3589879E+01   1.3581224E+03
   1.3609745E+01   1.3581277E+03
   1.3632995E+01   1.3568909E+03
   1.3656148E+01   1.3541278E+03
   1.3679857E+01   1.3497046E+03
   1.3704270E+01   1.3439020E+03
   1.3724639E+01   1.3375426E+03
   1.3750190E+01   1.3284957E+03
   1.3771567E+01   1.3195466E+03
   1.3792674E+01   1.3096440E+03
   1.3816580E+01   1.2984291E+03
   1.3839027E+01   1.2856643E+03
   1.3863814E+01   1.2714585E+03
   1.3883677E+01   1.2612535E+03
   1.3907381E+01   1.2444028E+03
   1.3930501E+01   1.2299561E+03
   1.3952565E+01   1.2147411E+03
   1.3976686E+01   1.1973646E+03
   1.3997977E+01   1.1818101E+03
   1.4022418E+01   1.1647539E+03
   1.4045144E+01   1.1455913E+03
   1.4068645E+01   1.1316348E+03
   1.4089673E+01   1.1169786E+03
   1.4112782E+01   1.0974076E+03
   1.4134887E+01   1.0811053E+03
   1.4158155E+01   1.0659233E+03
   1.4180550E+01   1.0517153E+03
   1.4203207E+01   1.0377257E+03
   1.4228422E+01   1.0227634E+03
   1.4249531E+01   1.0134355E+03
   1.4271613E+01   1.0030912E+03
   1.4294264E+01   9.9668927E+02
   1.4320479E+01   9.8935620E+02
   1.4340143E+01   9.8641492E+02
   1.4365149E+01   9.8330261E+02
   1.4388559E+01   9.8412555E+02
   1.4410249E+01   9.8455280E+02
   1.4430710E+01   9.8765808E+02
   1.4452783E+01   9.8954669E+02
   1.4475601E+01   9.9418665E+02
   1.4502905E+01   1.0000223E+03
   1.4522649E+01   1.0055908E+03
   1.4546635E+01   1.0112180E+03
   1.4570478E+01   1.0176171E+03
   1.4593631E+01   1.0237133E+03
   1.4616004E+01   1.0295497E+03
   1.4639235E+01   1.0355701E+03
   1.4658249E+01   1.0402010E+03
   1.4682606E+01   1.0460638E+03
   1.4708142E+01   1.0517751E+03
   1.4731357E+01   1.0571469E+03
   1.4749727E+01   1.0618221E+03
   1.4773254E+01   1.0650426E+03
   1.4796423E+01   1.0699526E+03
   1.4820065E+01   1.0733730E+03
   1.4844689E+01   1.0772577E+03
   1.4863946E+01   1.0805118E+03
   1.4890633E+01   1.0860256E+03
   1.4911328E+01   1.0892126E+03
   1.4932544E+01   1.0914214E+03
   1.4954254E+01   1.0953940E+03
   1.4976469E+01   1.0981750E+03
   1.4999253E+01   1.1020841E+03
   1.5022660E+01   1.1048982E+03
   1.5046805E+01   1.1089043E+03
   1.5071896E+01   1.1118860E+03
   1.5089439E+01   1.1148856E+03
   1.5115851E+01   1.1183877E+03
   1.5142786E+01   1.1221611E+03
   1.5160789E+01   1.1247061E+03
   1.5187902E+01   1.1285922E+03
   1.5206052E+01   1.1312617E+03
   1.5233354E+01   1.1354250E+03
   1.5251472E+01   1.1383652E+03
   1.5277572E+01   1.1430359E+03
   1.5303053E+01   1.1480853E+03
   1.5319904E+01   1.1518123E+03
   1.5345297E+01   1.1579884E+03
   1.5371150E+01   1.1638926E+03
   1.5388449E+01   1.1700770E+03
   1.5412885E+01   1.1803313E+03
   1.5436485E+01   1.1890197E+03
   1.5459805E+01   1.1990657E+03
   1.5482052E+01   1.2099324E+03
   1.5503191E+01   1.2208862E+03
   1.5526717E+01   1.2343054E+03
   1.5548477E+01   1.2462394E+03
   1.5570557E+01   1.2578208E+03
   1.5594476E+01   1.2709723E+03
   1.5617855E+01   1.2817214E+03
   1.5642191E+01   1.2923824E+03
   1.5662943E+01   1.3012360E+03
   1.5685361E+01   1.3098619E+03
   1.5707815E+01   1.3167396E+03
   1.5729939E+01   1.3223118E+03
   1.5754414E+01   1.3270007E+03
   1.5778701E+01   1.3299708E+03
   1.5798512E+01   1.3309967E+03
   1.5821684E+01   1.3308914E+03
   1.5844612E+01   1.3287971E+03
   1.5868917E+01   1.3253999E+03
   1.5893399E+01   1.3199724E+03
   1.5913185E+01   1.3142452E+03
   1.5936123E+01   1.3071058E+03
   1.5959630E+01   1.2974855E+03
   1.5984016E+01   1.2860851E+03
   1.6005085E+01   1.2767323E+03
   1.6026533E+01   1.2641946E+03
   1.6051683E+01   1.2493042E+03
   1.6075691E+01   1.2335665E+03
   1.6097820E+01   1.2187300E+03
   1.6121183E+01   1.2010466E+03
   1.6141087E+01   1.1873715E+03
   1.6163721E+01   1.1712534E+03
   1.6189224E+01   1.1504298E+03
   1.6211407E+01   1.1304171E+03
   1.6234699E+01   1.1143781E+03
   1.6255877E+01   1.0936831E+03
   1.6279209E+01   1.0754188E+03
   1.6300833E+01   1.0574771E+03
   1.6324316E+01   1.0384539E+03
   1.6347874E+01   1.0215010E+03
   1.6370506E+01   1.0052811E+03
   1.6393936E+01   9.8714880E+02
   1.6415932E+01   9.7535760E+02
   1.6438587E+01   9.6110834E+02
   1.6460480E+01   9.4967914E+02
   1.6485273E+01   9.3792432E+02
   1.6506773E+01   9.2914886E+02
   1.6531393E+01   9.2058917E+02
   1.6552313E+01   9.1440204E+02
   1.6574093E+01   9.0889227E+02
   1.6599827E+01   9.0399664E+02
   1.6620707E+01   9.0008093E+02
   1.6643305E+01   8.9811145E+02
   1.6665573E+01   8.9524115E+02
   1.6689108E+01   8.9377020E+02
   1.6713747E+01   8.9244690E+02
   1.6733086E+01   8.9143372E+02
   1.6756544E+01   8.9084821E+02
   1.6779348E+01   8.9054926E+02
   1.6801729E+01   8.9020911E+02
   1.6828108E+01   8.9019049E+02
   1.6850071E+01   8.9016840E+02
   1.6872086E+01   8.9016571E+02
   1.6894026E+01   8.9011011E+02
   1.6915863E+01   8.9010950E+02
   1.6941980E+01   8.8982220E+02
   1.6963623E+01   8.8957019E+02
   1.6985298E+01   8.8920166E+02
   1.7006954E+01   8.8849603E+02
   1.7033157E+01   8.8763153E+02
   1.7056507E+01   8.8671698E+02
   1.7077765E+01   8.8625433E+02
   1.7098019E+01   8.8487244E+02
   1.7124332E+01   8.8483221E+02
   1.7144777E+01   8.8409827E+02
   1.7170116E+01   8.8246118E+02
   1.7190430E+01   8.8213330E+02
   1.7215750E+01   8.8247223E+02
   1.7236095E+01   8.8205847E+02
   1.7262054E+01   8.8160870E+02
   1.7282879E+01   8.8130603E+02
   1.7303263E+01   8.8085974E+02
   1.7328493E+01   8.8002252E+02
   1.7348768E+01   8.7927783E+02
   1.7374535E+01   8.7837280E+02
   1.7395916E+01   8.7752118E+02
   1.7420334E+01   8.7707379E+02
   1.7444242E+01   8.7622009E+02
   1.7463043E+01   8.7613031E+02
   1.7488060E+01   8.7561334E+02
   1.7507812E+01   8.7629932E+02
   1.7534391E+01   8.7756372E+02
   1.7555235E+01   8.7959558E+02
   1.7576643E+01   8.8240369E+02
   1.7599321E+01   8.8645038E+02
   1.7622614E+01   8.9304321E+02
   1.7645678E+01   8.9869714E+02
   1.7670294E+01   9.0819141E+02
   1.7694992E+01   9.1750757E+02
   1.7719545E+01   9.2815295E+02
   1.7735891E+01   9.3572815E+02
   1.7760464E+01   9.4767017E+02
   1.7785137E+01   9.6008801E+02
   1.7806599E+01   9.7220740E+02
   1.7829048E+01   9.8350110E+02
   1.7852139E+01   9.9510071E+02
   1.7877094E+01   1.0088264E+03
   1.7897026E+01   1.0183441E+03
   1.7920391E+01   1.0295710E+03
   1.7944981E+01   1.0392551E+03
   1.7966810E+01   1.0474722E+03
   1.7989180E+01   1.0546549E+03
   1.8012411E+01   1.0618755E+03
   1.8036896E+01   1.0686246E+03
   1.8057133E+01   1.0736156E+03
   1.8078138E+01   1.0781025E+03
   1.8102760E+01   1.0844869E+03
   1.8127337E+01   1.0874078E+03
   1.8146898E+01   1.0893987E+03
   1.8171619E+01   1.0920741E+03
   1.8196161E+01   1.0935785E+03
   1.8216261E+01   1.0940778E+03
   1.8240829E+01   1.0937881E+03
   1.8264210E+01   1.0922644E+03
   1.8284836E+01   1.0896035E+03
   1.8306890E+01   1.0859808E+03
   1.8330839E+01   1.0806747E+03
   1.8354757E+01   1.0739841E+03
   1.8375879E+01   1.0617305E+03
   1.8399570E+01   1.0571172E+03
   1.8423138E+01   1.0469065E+03
   1.8445148E+01   1.0346630E+03
   1.8468601E+01   1.0230595E+03
   1.8491228E+01   1.0093154E+03
   1.8513659E+01   9.9511487E+02
   1.8537081E+01   9.8165417E+02
   1.8559080E+01   9.6380762E+02
   1.8581413E+01   9.4960638E+02
   1.8605610E+01   9.3294409E+02
   1.8626562E+01   9.1866504E+02
   1.8652004E+01   8.9811713E+02
   1.8672525E+01   8.8650067E+02
   1.8696409E+01   8.7005676E+02
   1.8719294E+01   8.5393158E+02
   1.8740992E+01   8.4176984E+02
   1.8765947E+01   8.2814069E+02
   1.8787432E+01   8.1778546E+02
   1.8808622E+01   8.0877881E+02
   1.8831415E+01   7.9952625E+02
   1.8856438E+01   7.9207837E+02
   1.8877819E+01   7.8734460E+02
   1.8902372E+01   7.8201428E+02
   1.8925026E+01   7.7889404E+02
   1.8945837E+01   7.7679327E+02
   1.8971344E+01   7.7504242E+02
   1.8990343E+01   7.7407837E+02
   1.9017229E+01   7.7334918E+02
   1.9040716E+01   7.7296594E+02
   1.9063215E+01   7.7274030E+02
   1.9084705E+01   7.7336243E+02
   1.9105217E+01   7.7334338E+02
   1.9130125E+01   7.7431189E+02
   1.9154306E+01   7.7554877E+02
   1.9173685E+01   7.7668817E+02
   1.9198484E+01   7.7918707E+02
   1.9219419E+01   7.8207452E+02
   1.9240776E+01   7.8426093E+02
   1.9266674E+01   7.8816187E+02
   1.9287148E+01   7.9140015E+02
   1.9312340E+01   7.9782434E+02
   1.9332336E+01   8.0324207E+02
   1.9357393E+01   8.0877313E+02
   1.9382307E+01   8.1604523E+02
   1.9402256E+01   8.2188403E+02
   1.9427338E+01   8.2921411E+02
   1.9447491E+01   8.3524738E+02
   1.9472132E+01   8.4256708E+02
   1.9492823E+01   8.4874963E+02
   1.9517683E+01   8.5605835E+02
   1.9537315E+01   8.6160193E+02
   1.9561960E+01   8.6840857E+02
   1.9587076E+01   8.7511530E+02
   1.9607769E+01   8.8048792E+02
   1.9629276E+01   8.8592786E+02
   1.9651857E+01   8.9320630E+02
   1.9676004E+01   8.9642963E+02
   1.9702419E+01   9.0278625E+02
   1.9724064E+01   9.0911859E+02
   1.9748215E+01   9.1375073E+02
   1.9764963E+01   9.1756287E+02
   1.9789732E+01   9.2465839E+02
   1.9815397E+01   9.3035706E+02
   1.9832926E+01   9.3461713E+02
   1.9860193E+01   9.4157635E+02
   1.9878075E+01   9.4649255E+02
   1.9904404E+01   9.5394141E+02
   1.9930733E+01   9.6188177E+02
   1.9948313E+01   9.6748138E+02
   1.9974678E+01   9.7631512E+02
   1.9991798E+01   9.8243195E+02
   2.0016787E+01   9.9159802E+02
   2.0041288E+01   1.0007641E+03
   2.0064585E+01   1.0096970E+03
   2.0085526E+01   1.0182962E+03
   2.0108150E+01   1.0252783E+03
   2.0131052E+01   1.0326876E+03
   2.0155031E+01   1.0390454E+03
   2.0178024E+01   1.0438274E+03
   2.0200678E+01   1.0474697E+03
   2.0224579E+01   1.0497729E+03
   2.0246260E+01   1.0507877E+03
   2.0268318E+01   1.0505559E+03
   2.0290951E+01   1.0491029E+03
   2.0314659E+01   1.0466466E+03
   2.0339560E+01   1.0426833E+03
   2.0360201E+01   1.0384962E+03
   2.0382521E+01   1.0327283E+03
   2.0407864E+01   1.0263807E+03
   2.0429794E+01   1.0200655E+03
   2.0450855E+01   1.0134415E+03
   2.0474844E+01   1.0066300E+03
   2.0496588E+01   9.9981836E+02
   2.0519514E+01   9.9369421E+02
   2.0542778E+01   9.8710834E+02
   2.0565010E+01   9.8248798E+02
   2.0589342E+01   9.7803992E+02
   2.0612221E+01   9.7450684E+02
   2.0633492E+01   9.7189514E+02
   2.0658249E+01   9.7016284E+02
   2.0680939E+01   9.6846027E+02
   2.0703123E+01   9.6756970E+02
   2.0726387E+01   9.6645148E+02
   2.0748495E+01   9.6673975E+02
   2.0770267E+01   9.6481873E+02
   2.0793020E+01   9.6309808E+02
   2.0816303E+01   9.6094263E+02
   2.0838589E+01   9.5884784E+02
   2.0861773E+01   9.5407886E+02
   2.0885353E+01   9.4953882E+02
   2.0906590E+01   9.4446100E+02
   2.0931570E+01   9.3735553E+02
   2.0952822E+01   9.3001392E+02
   2.0975294E+01   9.2254102E+02
   2.0999250E+01   9.1280176E+02
   2.1022419E+01   9.0416431E+02
   2.1043287E+01   8.9350726E+02
   2.1066576E+01   8.8330554E+02
   2.1089323E+01   8.7323816E+02
   2.1111763E+01   8.6242249E+02
   2.1136702E+01   8.5105615E+02
   2.1158747E+01   8.4174585E+02
   2.1179369E+01   8.3340002E+02
   2.1205700E+01   8.2361700E+02
   2.1224873E+01   8.1657532E+02
   2.1251030E+01   8.0693970E+02
   2.1274788E+01   7.9802863E+02
   2.1295273E+01   7.9314490E+02
   2.1317005E+01   7.8707349E+02
   2.1337608E+01   7.8125330E+02
   2.1364229E+01   7.7440851E+02
   2.1383610E+01   7.6857568E+02
   2.1408371E+01   7.6308435E+02
   2.1433506E+01   7.5737982E+02
   2.1452425E+01   7.5277405E+02
   2.1477720E+01   7.4722681E+02
   2.1501976E+01   7.4175665E+02
   2.1520773E+01   7.3758716E+02
   2.1545956E+01   7.3358899E+02
   2.1571253E+01   7.2903448E+02
   2.1589273E+01   7.2654266E+02
   2.1614355E+01   7.2405920E+02
   2.1634623E+01   7.2226514E+02
   2.1661711E+01   7.2050677E+02
   2.1682781E+01   7.1954541E+02
   2.1702744E+01   7.1924902E+02
   2.1730108E+01   7.1945013E+02
   2.1751141E+01   7.2015100E+02
   2.1772717E+01   7.2114148E+02
   2.1794868E+01   7.2278876E+02
   2.1817759E+01   7.2449426E+02
   2.1841686E+01   7.2716370E+02
   2.1866655E+01   7.2961810E+02
   2.1891977E+01   7.3338037E+02
   2.1908825E+01   7.3579291E+02
   2.1933725E+01   7.3902771E+02
   2.1958307E+01   7.4376154E+02
   2.1982908E+01   7.4751813E+02
   2.1999411E+01   7.5065845E+02
   2.2024416E+01   7.5648138E+02
   2.2049343E+01   7.6119232E+02
   2.2073954E+01   7.6784332E+02
   2.2090109E+01   7.7209930E+02
   2.2113770E+01   7.7740057E+02
   2.2137381E+01   7.8514911E+02
   2.2160721E+01   7.9162866E+02
   2.2184095E+01   8.0027942E+02
   2.2207384E+01   8.0769458E+02
   2.2230667E+01   8.1607288E+02
   2.2253746E+01   8.2477338E+02
   2.2276609E+01   8.3370953E+02
   2.2299162E+01   8.4288232E+02
   2.2320816E+01   8.5276190E+02
   2.2342232E+01   8.6072827E+02
   2.2369225E+01   8.7126233E+02
   2.2390532E+01   8.8073499E+02
   2.2412722E+01   8.9024823E+02
   2.2436026E+01   8.9940918E+02
   2.2458900E+01   9.0759344E+02
   2.2481489E+01   9.1431659E+02
   2.2504936E+01   9.2098511E+02
   2.2526112E+01   9.2604602E+02
   2.2547972E+01   9.3093524E+02
   2.2570766E+01   9.3439392E+02
   2.2594709E+01   9.3718457E+02
   2.2619732E+01   9.3911395E+02
   2.2640409E+01   9.3959106E+02
   2.2664469E+01   9.3949377E+02
   2.2686619E+01   9.3807294E+02
   2.2707657E+01   9.3634308E+02
   2.2729771E+01   9.3388031E+02
   2.2754951E+01   9.3062903E+02
   2.2777313E+01   9.2711603E+02
   2.2800591E+01   9.2326215E+02
