  flscon:  version 22.2.0.05  win64 2022 
 FLOW-3D   15:38:58  08/23/2023 xhtx     
   hydr3d   version  22.2.0.16 win64     09/12/2022 HYDRO    
 Simulation Template: Free Surface - TruVOF (Default)                            

Mesh Block   1
 printing p       
       1     1002      0.000E+00      2.280E+01
   time              p_1
   0.0000000E+00   1.9704568E+03
   6.7338296E-03   2.4662307E+03
   2.4981666E-02   1.9770371E+03
   4.4092398E-02   1.9694059E+03
   6.5478608E-02   1.9589392E+03
   9.2713162E-02   1.9468818E+03
   1.1203293E-01   1.9351132E+03
   1.3343099E-01   1.9234557E+03
   1.5666869E-01   1.9147559E+03
   1.8154618E-01   1.8988796E+03
   2.0570470E-01   1.8879700E+03
   2.2982945E-01   1.8729403E+03
   2.5119984E-01   1.8613837E+03
   2.7064830E-01   1.8479611E+03
   2.9316232E-01   1.8365386E+03
   3.1882802E-01   1.8230148E+03
   3.4624073E-01   1.8081064E+03
   3.6421871E-01   1.7984651E+03
   3.9020109E-01   1.7853517E+03
   4.0814784E-01   1.7767738E+03
   4.3308818E-01   1.7648783E+03
   4.5542410E-01   1.7554573E+03
   4.8049712E-01   1.7456550E+03
   5.0348717E-01   1.7367664E+03
   5.2832121E-01   1.7286774E+03
   5.4543942E-01   1.7229303E+03
   5.7098645E-01   1.7154124E+03
   5.8868754E-01   1.7103566E+03
   6.1575925E-01   1.7033174E+03
   6.4287394E-01   1.6966545E+03
   6.6124964E-01   1.6930940E+03
   6.7954946E-01   1.6893649E+03
   7.0703685E-01   1.6841188E+03
   7.2538501E-01   1.6811213E+03
   7.5311756E-01   1.6771542E+03
   7.7116460E-01   1.6749476E+03
   7.9693365E-01   1.6722239E+03
   8.2347763E-01   1.6699817E+03
   8.4151036E-01   1.6690790E+03
   8.6800754E-01   1.6680337E+03
   8.8633120E-01   1.6676998E+03
   9.1345662E-01   1.6677180E+03
   9.3846017E-01   1.6684647E+03
   9.5603859E-01   1.6692732E+03
   9.8212641E-01   1.6710287E+03
   9.9959481E-01   1.6725900E+03
   1.0261314E+00   1.6753724E+03
   1.0522697E+00   1.6788044E+03
   1.0691228E+00   1.6813735E+03
   1.0946826E+00   1.6858535E+03
   1.1201196E+00   1.6906018E+03
   1.1371979E+00   1.6941884E+03
   1.1632264E+00   1.7002385E+03
   1.1895064E+00   1.7067867E+03
   1.2075201E+00   1.7119453E+03
   1.2348523E+00   1.7201096E+03
   1.2532020E+00   1.7260110E+03
   1.2807007E+00   1.7355172E+03
   1.2990510E+00   1.7421932E+03
   1.3265657E+00   1.7528777E+03
   1.3448722E+00   1.7606078E+03
   1.3723416E+00   1.7720900E+03
   1.3906484E+00   1.7802749E+03
   1.4092155E+00   1.7888568E+03
   1.4367948E+00   1.8020438E+03
   1.4551976E+00   1.8111511E+03
   1.4828256E+00   1.8252023E+03
   1.5010761E+00   1.8346608E+03
   1.5288957E+00   1.8491874E+03
   1.5473410E+00   1.8590320E+03
   1.5751545E+00   1.8738402E+03
   1.5937198E+00   1.8839073E+03
   1.6215917E+00   1.8987136E+03
   1.6399524E+00   1.9088016E+03
   1.6675349E+00   1.9229130E+03
   1.6858016E+00   1.9323094E+03
   1.7125375E+00   1.9459930E+03
   1.7291216E+00   1.9536044E+03
   1.7563134E+00   1.9659440E+03
   1.7749016E+00   1.9738668E+03
   1.7992666E+00   1.9844702E+03
   1.8228421E+00   1.9931292E+03
   1.8457603E+00   2.0009553E+03
   1.8700700E+00   2.0083269E+03
   1.8915139E+00   2.0135295E+03
   1.9128751E+00   2.0193687E+03
   1.9406307E+00   2.0240637E+03
   1.9600679E+00   2.0261528E+03
   1.9865154E+00   2.0280629E+03
   2.0058510E+00   2.0289462E+03
   2.0314195E+00   2.0282729E+03
   2.0510333E+00   2.0268755E+03
   2.0759773E+00   2.0239109E+03
   2.0948091E+00   2.0205281E+03
   2.1202648E+00   2.0149691E+03
   2.1461036E+00   2.0080385E+03
   2.1648800E+00   2.0020193E+03
   2.1893008E+00   1.9933108E+03
   2.2088366E+00   1.9844943E+03
   2.2337587E+00   1.9743365E+03
   2.2605879E+00   1.9628168E+03
   2.2811720E+00   1.9520800E+03
   2.3038290E+00   1.9369971E+03
   2.3263049E+00   1.9241847E+03
   2.3501644E+00   1.9114363E+03
   2.3735850E+00   1.8926541E+03
   2.3906770E+00   1.8833048E+03
   2.4134386E+00   1.8674198E+03
   2.4386024E+00   1.8501681E+03
   2.4650652E+00   1.8311396E+03
   2.4832699E+00   1.8184863E+03
   2.5110769E+00   1.7983463E+03
   2.5291030E+00   1.7852360E+03
   2.5567729E+00   1.7652311E+03
   2.5752771E+00   1.7518301E+03
   2.6028333E+00   1.7322051E+03
   2.6215303E+00   1.7191451E+03
   2.6493301E+00   1.6998373E+03
   2.6678205E+00   1.6873466E+03
   2.6862068E+00   1.6750618E+03
   2.7136285E+00   1.6573615E+03
   2.7319105E+00   1.6452773E+03
   2.7594726E+00   1.6280601E+03
   2.7857120E+00   1.6121527E+03
   2.8039179E+00   1.6021185E+03
   2.8313274E+00   1.5871572E+03
   2.8496397E+00   1.5776440E+03
   2.8681805E+00   1.5684607E+03
   2.8958507E+00   1.5553750E+03
   2.9143872E+00   1.5470959E+03
   2.9422035E+00   1.5352981E+03
   2.9606140E+00   1.5279244E+03
   2.9880188E+00   1.5177135E+03
   3.0062940E+00   1.5113535E+03
   3.0337338E+00   1.5022878E+03
   3.0520558E+00   1.4973947E+03
   3.0796967E+00   1.4896846E+03
   3.0979736E+00   1.4850150E+03
   3.1255512E+00   1.4792932E+03
   3.1438358E+00   1.4758168E+03
   3.1712406E+00   1.4713174E+03
   3.1895130E+00   1.4688053E+03
   3.2169991E+00   1.4658312E+03
   3.2353749E+00   1.4642178E+03
   3.2628520E+00   1.4625652E+03
   3.2811615E+00   1.4620542E+03
   3.3086622E+00   1.4621210E+03
   3.3269908E+00   1.4626981E+03
   3.3544652E+00   1.4643511E+03
   3.3728194E+00   1.4660164E+03
   3.4002876E+00   1.4694354E+03
   3.4185898E+00   1.4722137E+03
   3.4460323E+00   1.4774004E+03
   3.4643211E+00   1.4811932E+03
   3.4917471E+00   1.4878573E+03
   3.5100267E+00   1.4928484E+03
   3.5375824E+00   1.5010945E+03
   3.5558915E+00   1.5069153E+03
   3.5834172E+00   1.5168165E+03
   3.6017368E+00   1.5238188E+03
   3.6291571E+00   1.5350186E+03
   3.6476357E+00   1.5429076E+03
   3.6754861E+00   1.5555974E+03
   3.6941264E+00   1.5645492E+03
   3.7126086E+00   1.5737037E+03
   3.7401667E+00   1.5877949E+03
   3.7583611E+00   1.5977732E+03
   3.7842579E+00   1.6120809E+03
   3.8066244E+00   1.6253079E+03
   3.8287425E+00   1.6376772E+03
   3.8509300E+00   1.6502574E+03
   3.8786421E+00   1.6669790E+03
   3.8978150E+00   1.6787185E+03
   3.9235005E+00   1.6916991E+03
   3.9425545E+00   1.7023328E+03
   3.9670537E+00   1.7145656E+03
   3.9905868E+00   1.7280564E+03
   4.0130849E+00   1.7395341E+03
   4.0343428E+00   1.7490811E+03
   4.0590787E+00   1.7599916E+03
   4.0835075E+00   1.7689670E+03
   4.1029992E+00   1.7758263E+03
   4.1268625E+00   1.7830463E+03
   4.1494823E+00   1.7889011E+03
   4.1705680E+00   1.7937679E+03
   4.1952252E+00   1.7982290E+03
   4.2191901E+00   1.8013932E+03
   4.2426672E+00   1.8032230E+03
   4.2621632E+00   1.8038751E+03
   4.2859244E+00   1.8035283E+03
   4.3098664E+00   1.8022954E+03
   4.3337011E+00   1.7998628E+03
   4.3534508E+00   1.7967820E+03
   4.3770032E+00   1.7919039E+03
   4.3999023E+00   1.7867581E+03
   4.4221029E+00   1.7793735E+03
   4.4447956E+00   1.7714229E+03
   4.4693179E+00   1.7620327E+03
   4.4902916E+00   1.7532354E+03
   4.5140138E+00   1.7422964E+03
   4.5374107E+00   1.7306846E+03
   4.5619516E+00   1.7185859E+03
   4.5837383E+00   1.7067894E+03
   4.6046462E+00   1.6956750E+03
   4.6288872E+00   1.6826169E+03
   4.6514158E+00   1.6700856E+03
   4.6741843E+00   1.6578070E+03
   4.6980882E+00   1.6436072E+03
   4.7187033E+00   1.6351873E+03
   4.7440653E+00   1.6192786E+03
   4.7637315E+00   1.6104541E+03
   4.7907381E+00   1.5989155E+03
   4.8090229E+00   1.5906090E+03
   4.8343349E+00   1.5785435E+03
   4.8537445E+00   1.5737644E+03
   4.8802624E+00   1.5634242E+03
   4.9028521E+00   1.5562930E+03
   4.9262505E+00   1.5508264E+03
   4.9465089E+00   1.5436146E+03
   4.9694953E+00   1.5384829E+03
   4.9936175E+00   1.5329559E+03
   5.0143218E+00   1.5283817E+03
   5.0403867E+00   1.5245758E+03
   5.0625200E+00   1.5213295E+03
   5.0813265E+00   1.5188463E+03
   5.1066256E+00   1.5163063E+03
   5.1273208E+00   1.5145789E+03
   5.1535807E+00   1.5125176E+03
   5.1724906E+00   1.5112401E+03
   5.1972942E+00   1.5099233E+03
   5.2203794E+00   1.5090833E+03
   5.2425237E+00   1.5081509E+03
   5.2685103E+00   1.5074281E+03
   5.2881131E+00   1.5070312E+03
   5.3148260E+00   1.5066123E+03
   5.3326697E+00   1.5062905E+03
   5.3608923E+00   1.5058802E+03
   5.3780355E+00   1.5057063E+03
   5.4054708E+00   1.5054417E+03
   5.4272246E+00   1.5052784E+03
   5.4486341E+00   1.5051844E+03
   5.4704790E+00   1.5051333E+03
   5.4935699E+00   1.5051371E+03
   5.5190282E+00   1.5052324E+03
   5.5397382E+00   1.5053685E+03
   5.5664110E+00   1.5057321E+03
   5.5874333E+00   1.5061770E+03
   5.6096368E+00   1.5066776E+03
   5.6327357E+00   1.5073936E+03
   5.6569004E+00   1.5083713E+03
   5.6734428E+00   1.5091541E+03
   5.6993542E+00   1.5108446E+03
   5.7267475E+00   1.5131652E+03
   5.7450442E+00   1.5147556E+03
   5.7725205E+00   1.5179856E+03
   5.7908616E+00   1.5203740E+03
   5.8184175E+00   1.5245046E+03
   5.8367562E+00   1.5276106E+03
   5.8550735E+00   1.5310104E+03
   5.8825116E+00   1.5366508E+03
   5.9007931E+00   1.5407554E+03
   5.9284210E+00   1.5475040E+03
   5.9471226E+00   1.5523932E+03
   5.9749432E+00   1.5603809E+03
   5.9933863E+00   1.5660225E+03
   6.0209904E+00   1.5749762E+03
   6.0393295E+00   1.5812222E+03
   6.0657482E+00   1.5908760E+03
   6.0893936E+00   1.5997467E+03
   6.1127872E+00   1.6074417E+03
   6.1326118E+00   1.6170566E+03
   6.1567607E+00   1.6253958E+03
   6.1806455E+00   1.6341517E+03
   6.2001348E+00   1.6409600E+03
   6.2231107E+00   1.6494414E+03
   6.2447715E+00   1.6568558E+03
   6.2718606E+00   1.6650559E+03
   6.2931013E+00   1.6711876E+03
   6.3140602E+00   1.6766504E+03
   6.3398447E+00   1.6828962E+03
   6.3613138E+00   1.6877816E+03
   6.3822756E+00   1.6920316E+03
   6.4073415E+00   1.6957059E+03
   6.4313607E+00   1.6987625E+03
   6.4502511E+00   1.7002662E+03
   6.4735112E+00   1.7015249E+03
   6.4962535E+00   1.7017499E+03
   6.5228300E+00   1.7006353E+03
   6.5445800E+00   1.6992368E+03
   6.5662689E+00   1.6967079E+03
   6.5881667E+00   1.6933994E+03
   6.6102533E+00   1.6889866E+03
   6.6327095E+00   1.6839017E+03
   6.6596332E+00   1.6768221E+03
   6.6828861E+00   1.6696100E+03
   6.7034640E+00   1.6630521E+03
   6.7242389E+00   1.6550653E+03
   6.7492833E+00   1.6455687E+03
   6.7736444E+00   1.6363068E+03
   6.7936044E+00   1.6264659E+03
   6.8157859E+00   1.6170704E+03
   6.8375211E+00   1.6066373E+03
   6.8638892E+00   1.5943663E+03
   6.8857532E+00   1.5836215E+03
   6.9103642E+00   1.5712028E+03
   6.9288449E+00   1.5612821E+03
   6.9558363E+00   1.5476545E+03
   6.9758425E+00   1.5385703E+03
   6.9973078E+00   1.5284293E+03
   7.0214434E+00   1.5173113E+03
   7.0464988E+00   1.5060756E+03
   7.0648022E+00   1.4979742E+03
   7.0916643E+00   1.4863665E+03
   7.1100583E+00   1.4790061E+03
   7.1345816E+00   1.4685680E+03
   7.1580553E+00   1.4597423E+03
   7.1851845E+00   1.4507402E+03
   7.2045388E+00   1.4429194E+03
   7.2306342E+00   1.4348363E+03
   7.2500434E+00   1.4296530E+03
   7.2753716E+00   1.4224910E+03
   7.2930846E+00   1.4165107E+03
   7.3213534E+00   1.4083451E+03
   7.3422537E+00   1.4039421E+03
   7.3642001E+00   1.3988279E+03
   7.3856463E+00   1.3931631E+03
   7.4075332E+00   1.3867311E+03
   7.4333634E+00   1.3801576E+03
   7.4537086E+00   1.3747056E+03
   7.4796758E+00   1.3680540E+03
   7.5003510E+00   1.3620330E+03
   7.5258760E+00   1.3559620E+03
   7.5457964E+00   1.3495770E+03
   7.5713334E+00   1.3414260E+03
   7.5909314E+00   1.3353993E+03
   7.6160898E+00   1.3272874E+03
   7.6358285E+00   1.3212563E+03
   7.6604762E+00   1.3144437E+03
   7.6817689E+00   1.3077625E+03
   7.7076230E+00   1.2983916E+03
   7.7280588E+00   1.2919460E+03
   7.7540083E+00   1.2844904E+03
   7.7747598E+00   1.2775759E+03
   7.7951136E+00   1.2713658E+03
   7.8193893E+00   1.2645350E+03
   7.8421569E+00   1.2581801E+03
   7.8661222E+00   1.2514928E+03
   7.8871775E+00   1.2463456E+03
   7.9138780E+00   1.2397383E+03
   7.9351506E+00   1.2357346E+03
   7.9553833E+00   1.2322321E+03
   7.9798794E+00   1.2283596E+03
   8.0043268E+00   1.2256256E+03
   8.0242329E+00   1.2241195E+03
   8.0462446E+00   1.2230378E+03
   8.0694714E+00   1.2226753E+03
   8.0916586E+00   1.2231632E+03
   8.1190968E+00   1.2245073E+03
   8.1404905E+00   1.2265828E+03
   8.1616316E+00   1.2293120E+03
   8.1873941E+00   1.2335509E+03
   8.2085209E+00   1.2385450E+03
   8.2302341E+00   1.2438696E+03
   8.2525625E+00   1.2502667E+03
   8.2753458E+00   1.2564490E+03
   8.2988443E+00   1.2660476E+03
   8.3256435E+00   1.2753733E+03
   8.3411360E+00   1.2808466E+03
   8.3656006E+00   1.2917802E+03
   8.3913498E+00   1.3036920E+03
   8.4096384E+00   1.3127035E+03
   8.4369974E+00   1.3270699E+03
   8.4553280E+00   1.3371221E+03
   8.4827652E+00   1.3530085E+03
   8.5010204E+00   1.3638899E+03
   8.5279903E+00   1.3808159E+03
   8.5462790E+00   1.3917926E+03
   8.5742760E+00   1.4096862E+03
   8.5928154E+00   1.4218082E+03
   8.6199083E+00   1.4398865E+03
   8.6376381E+00   1.4517167E+03
   8.6656122E+00   1.4706354E+03
   8.6885061E+00   1.4844305E+03
   8.7126408E+00   1.4992391E+03
   8.7345304E+00   1.5120416E+03
   8.7569389E+00   1.5239531E+03
   8.7796860E+00   1.5355428E+03
   8.7995329E+00   1.5455126E+03
   8.8247814E+00   1.5568590E+03
   8.8453741E+00   1.5638896E+03
   8.8714972E+00   1.5718196E+03
   8.8906136E+00   1.5773774E+03
   8.9161186E+00   1.5829781E+03
   8.9398041E+00   1.5866422E+03
   8.9584188E+00   1.5885549E+03
   8.9836197E+00   1.5898757E+03
   9.0082312E+00   1.5897955E+03
   9.0268555E+00   1.5887897E+03
   9.0524511E+00   1.5862719E+03
   9.0726089E+00   1.5834764E+03
   9.0985327E+00   1.5782047E+03
   9.1187716E+00   1.5739193E+03
   9.1394415E+00   1.5675006E+03
   9.1669073E+00   1.5591311E+03
   9.1871262E+00   1.5532908E+03
   9.2082214E+00   1.5462909E+03
   9.2346134E+00   1.5346409E+03
   9.2553988E+00   1.5284844E+03
   9.2793207E+00   1.5182178E+03
   9.3064003E+00   1.5086447E+03
   9.3247042E+00   1.5016256E+03
   9.3507843E+00   1.4911785E+03
   9.3736038E+00   1.4832111E+03
   9.3950424E+00   1.4733356E+03
   9.4154692E+00   1.4659181E+03
   9.4406595E+00   1.4569283E+03
   9.4649382E+00   1.4494950E+03
   9.4830990E+00   1.4434435E+03
   9.5058336E+00   1.4361598E+03
   9.5320644E+00   1.4282400E+03
   9.5544739E+00   1.4224966E+03
   9.5793381E+00   1.4157460E+03
   9.5951281E+00   1.4113766E+03
   9.6235800E+00   1.4042046E+03
   9.6453705E+00   1.3975364E+03
   9.6660719E+00   1.3909708E+03
   9.6875057E+00   1.3861940E+03
   9.7127914E+00   1.3796149E+03
   9.7388573E+00   1.3724153E+03
   9.7603798E+00   1.3663596E+03
   9.7818432E+00   1.3607578E+03
   9.8064013E+00   1.3532856E+03
   9.8245344E+00   1.3477638E+03
   9.8491669E+00   1.3426649E+03
   9.8735533E+00   1.3350604E+03
   9.8978720E+00   1.3280822E+03
   9.9202242E+00   1.3220880E+03
   9.9431858E+00   1.3159148E+03
   9.9663391E+00   1.3100317E+03
   9.9840889E+00   1.3051697E+03
   1.0006621E+01   1.2997219E+03
   1.0030355E+01   1.2939420E+03
   1.0054180E+01   1.2889797E+03
   1.0077080E+01   1.2842347E+03
   1.0099555E+01   1.2800970E+03
   1.0122165E+01   1.2762596E+03
   1.0146516E+01   1.2725321E+03
   1.0171020E+01   1.2695051E+03
   1.0189692E+01   1.2673470E+03
   1.0214815E+01   1.2655126E+03
   1.0239979E+01   1.2642476E+03
   1.0259118E+01   1.2637377E+03
   1.0284443E+01   1.2636182E+03
   1.0303609E+01   1.2640112E+03
   1.0330036E+01   1.2648635E+03
   1.0350210E+01   1.2660145E+03
   1.0370831E+01   1.2675868E+03
   1.0399861E+01   1.2703723E+03
   1.0422693E+01   1.2731420E+03
   1.0445901E+01   1.2762399E+03
   1.0462440E+01   1.2786978E+03
   1.0489942E+01   1.2830298E+03
   1.0508463E+01   1.2864012E+03
   1.0536283E+01   1.2917811E+03
   1.0554938E+01   1.2956542E+03
   1.0582883E+01   1.3018652E+03
   1.0601363E+01   1.3062544E+03
   1.0628819E+01   1.3131235E+03
   1.0647123E+01   1.3179725E+03
   1.0672080E+01   1.3253629E+03
   1.0695734E+01   1.3320642E+03
   1.0713540E+01   1.3372490E+03
   1.0741480E+01   1.3461864E+03
   1.0759946E+01   1.3524460E+03
   1.0787530E+01   1.3622167E+03
   1.0805987E+01   1.3690743E+03
   1.0833602E+01   1.3796362E+03
   1.0852033E+01   1.3876044E+03
   1.0879620E+01   1.3992614E+03
   1.0898032E+01   1.4074962E+03
   1.0925526E+01   1.4205360E+03
   1.0943855E+01   1.4297639E+03
   1.0962260E+01   1.4392216E+03
   1.0989896E+01   1.4538297E+03
   1.1008232E+01   1.4637832E+03
   1.1035865E+01   1.4789795E+03
   1.1054217E+01   1.4888275E+03
   1.1081792E+01   1.5046165E+03
   1.1099454E+01   1.5148549E+03
   1.1123120E+01   1.5278621E+03
   1.1147981E+01   1.5408032E+03
   1.1171035E+01   1.5525017E+03
   1.1195713E+01   1.5635923E+03
   1.1216044E+01   1.5709821E+03
   1.1237079E+01   1.5782837E+03
   1.1262608E+01   1.5858596E+03
   1.1286027E+01   1.5905638E+03
   1.1308087E+01   1.5940331E+03
   1.1334163E+01   1.5959834E+03
   1.1354916E+01   1.5960604E+03
   1.1375915E+01   1.5949961E+03
   1.1397605E+01   1.5926613E+03
   1.1425254E+01   1.5871166E+03
   1.1442904E+01   1.5834753E+03
   1.1467376E+01   1.5764329E+03
   1.1489961E+01   1.5672355E+03
   1.1511976E+01   1.5595305E+03
   1.1535896E+01   1.5492745E+03
   1.1562003E+01   1.5377402E+03
   1.1583507E+01   1.5258301E+03
   1.1606297E+01   1.5150408E+03
   1.1629812E+01   1.5027783E+03
   1.1651376E+01   1.4885670E+03
   1.1675171E+01   1.4772581E+03
   1.1696156E+01   1.4645690E+03
   1.1719499E+01   1.4527502E+03
   1.1741163E+01   1.4408331E+03
   1.1767324E+01   1.4259575E+03
   1.1785798E+01   1.4142369E+03
   1.1813815E+01   1.3995135E+03
   1.1835894E+01   1.3863242E+03
   1.1859593E+01   1.3718398E+03
   1.1882534E+01   1.3574792E+03
   1.1898572E+01   1.3472791E+03
   1.1923859E+01   1.3307471E+03
   1.1948506E+01   1.3141060E+03
   1.1974368E+01   1.2964862E+03
   1.1991982E+01   1.2842793E+03
   1.2018647E+01   1.2658250E+03
   1.2037174E+01   1.2528312E+03
   1.2064233E+01   1.2345719E+03
   1.2082873E+01   1.2215669E+03
   1.2107010E+01   1.2042378E+03
   1.2125097E+01   1.1926230E+03
   1.2152523E+01   1.1749741E+03
   1.2178950E+01   1.1587805E+03
   1.2196752E+01   1.1491378E+03
   1.2221184E+01   1.1358264E+03
   1.2244146E+01   1.1250969E+03
   1.2267833E+01   1.1152662E+03
   1.2287595E+01   1.1081777E+03
   1.2310472E+01   1.1009504E+03
   1.2335551E+01   1.0942794E+03
   1.2358308E+01   1.0891567E+03
   1.2383613E+01   1.0840051E+03
   1.2401956E+01   1.0813127E+03
   1.2429448E+01   1.0786837E+03
   1.2447756E+01   1.0774792E+03
   1.2475229E+01   1.0764115E+03
   1.2493554E+01   1.0761567E+03
   1.2521017E+01   1.0762939E+03
   1.2539300E+01   1.0766935E+03
   1.2563919E+01   1.0775887E+03
   1.2585594E+01   1.0784646E+03
   1.2609542E+01   1.0793555E+03
   1.2630832E+01   1.0800270E+03
   1.2655478E+01   1.0810157E+03
   1.2673531E+01   1.0817557E+03
   1.2697537E+01   1.0828184E+03
   1.2722430E+01   1.0838276E+03
   1.2740895E+01   1.0847650E+03
   1.2768886E+01   1.0866239E+03
   1.2787552E+01   1.0881487E+03
   1.2815411E+01   1.0910602E+03
   1.2833674E+01   1.0929626E+03
   1.2861098E+01   1.0978440E+03
   1.2878407E+01   1.1023799E+03
   1.2901615E+01   1.1067024E+03
   1.2931562E+01   1.1149733E+03
   1.2948876E+01   1.1211886E+03
   1.2976604E+01   1.1305215E+03
   1.2994967E+01   1.1381757E+03
   1.3022441E+01   1.1508727E+03
   1.3040733E+01   1.1601971E+03
   1.3068166E+01   1.1752380E+03
   1.3086464E+01   1.1859553E+03
   1.3111417E+01   1.2020826E+03
   1.3134981E+01   1.2177716E+03
   1.3157256E+01   1.2330280E+03
   1.3176380E+01   1.2469119E+03
   1.3203216E+01   1.2644430E+03
   1.3221313E+01   1.2789408E+03
   1.3244536E+01   1.2938757E+03
   1.3269591E+01   1.3112350E+03
   1.3292580E+01   1.3264476E+03
   1.3315141E+01   1.3415414E+03
   1.3336946E+01   1.3564207E+03
   1.3362637E+01   1.3709532E+03
   1.3381512E+01   1.3813799E+03
   1.3405751E+01   1.3934133E+03
   1.3427910E+01   1.4018063E+03
   1.3453404E+01   1.4111149E+03
   1.3473986E+01   1.4175431E+03
   1.3496663E+01   1.4229934E+03
   1.3519669E+01   1.4264644E+03
   1.3541978E+01   1.4286045E+03
   1.3567188E+01   1.4290001E+03
   1.3588342E+01   1.4279552E+03
   1.3612840E+01   1.4241826E+03
   1.3633902E+01   1.4205951E+03
   1.3655913E+01   1.4153960E+03
   1.3679396E+01   1.4079880E+03
   1.3702948E+01   1.3988517E+03
   1.3726379E+01   1.3887506E+03
   1.3750095E+01   1.3766855E+03
   1.3769933E+01   1.3655214E+03
   1.3793760E+01   1.3503218E+03
   1.3817804E+01   1.3339235E+03
   1.3838017E+01   1.3203762E+03
   1.3862545E+01   1.3033657E+03
   1.3887082E+01   1.2810588E+03
   1.3907421E+01   1.2649678E+03
   1.3928924E+01   1.2478977E+03
   1.3955240E+01   1.2267200E+03
   1.3977125E+01   1.2075403E+03
   1.3998617E+01   1.1901597E+03
   1.4019815E+01   1.1711769E+03
   1.4042681E+01   1.1570515E+03
   1.4066187E+01   1.1394895E+03
   1.4091993E+01   1.1238199E+03
   1.4115002E+01   1.1099343E+03
   1.4137733E+01   1.0974689E+03
   1.4158442E+01   1.0864172E+03
   1.4180820E+01   1.0763165E+03
   1.4203097E+01   1.0689849E+03
   1.4228197E+01   1.0607572E+03
   1.4248218E+01   1.0567401E+03
   1.4273104E+01   1.0522477E+03
   1.4298194E+01   1.0488911E+03
   1.4316526E+01   1.0467568E+03
   1.4339769E+01   1.0452225E+03
   1.4362166E+01   1.0448884E+03
   1.4388584E+01   1.0444656E+03
   1.4408970E+01   1.0452463E+03
   1.4434221E+01   1.0463387E+03
   1.4454533E+01   1.0478975E+03
   1.4480421E+01   1.0505593E+03
   1.4501422E+01   1.0530818E+03
   1.4521983E+01   1.0559456E+03
   1.4545740E+01   1.0599469E+03
   1.4567924E+01   1.0638065E+03
   1.4590509E+01   1.0679125E+03
   1.4613028E+01   1.0725537E+03
   1.4635198E+01   1.0773438E+03
   1.4662502E+01   1.0839646E+03
   1.4684305E+01   1.0893945E+03
   1.4703991E+01   1.0944956E+03
   1.4731123E+01   1.1012045E+03
   1.4750042E+01   1.1057814E+03
   1.4773748E+01   1.1113776E+03
   1.4795712E+01   1.1161149E+03
   1.4819814E+01   1.1203835E+03
   1.4841278E+01   1.1240305E+03
   1.4866226E+01   1.1276198E+03
   1.4887041E+01   1.1296698E+03
   1.4913164E+01   1.1318784E+03
   1.4935906E+01   1.1329808E+03
   1.4954589E+01   1.1335267E+03
   1.4977947E+01   1.1338087E+03
   1.5001453E+01   1.1336593E+03
   1.5025520E+01   1.1334380E+03
   1.5049760E+01   1.1328907E+03
   1.5069270E+01   1.1327358E+03
   1.5093701E+01   1.1328712E+03
   1.5117730E+01   1.1338424E+03
   1.5137312E+01   1.1351560E+03
   1.5162275E+01   1.1377959E+03
   1.5186128E+01   1.1416572E+03
   1.5208858E+01   1.1463469E+03
   1.5232296E+01   1.1522993E+03
   1.5255055E+01   1.1596155E+03
   1.5275300E+01   1.1668263E+03
   1.5301355E+01   1.1773705E+03
   1.5323885E+01   1.1874650E+03
   1.5346798E+01   1.1994056E+03
   1.5364956E+01   1.2092551E+03
   1.5387611E+01   1.2220018E+03
   1.5414294E+01   1.2375258E+03
   1.5436743E+01   1.2504159E+03
   1.5459210E+01   1.2628057E+03
   1.5483288E+01   1.2776073E+03
   1.5502869E+01   1.2884407E+03
   1.5528353E+01   1.3020841E+03
   1.5552338E+01   1.3138566E+03
   1.5574522E+01   1.3248612E+03
   1.5594066E+01   1.3334828E+03
   1.5616670E+01   1.3425580E+03
   1.5641672E+01   1.3512227E+03
   1.5661679E+01   1.3567690E+03
   1.5685414E+01   1.3620865E+03
   1.5709097E+01   1.3663143E+03
   1.5732092E+01   1.3691204E+03
   1.5754825E+01   1.3703243E+03
   1.5777221E+01   1.3702563E+03
   1.5799418E+01   1.3689580E+03
   1.5821738E+01   1.3663136E+03
   1.5847622E+01   1.3619554E+03
   1.5870128E+01   1.3567937E+03
   1.5891917E+01   1.3507837E+03
   1.5913878E+01   1.3433767E+03
   1.5936891E+01   1.3347184E+03
   1.5960902E+01   1.3244702E+03
   1.5984666E+01   1.3132467E+03
   1.6003876E+01   1.3032993E+03
   1.6027271E+01   1.2906362E+03
   1.6049175E+01   1.2779651E+03
   1.6075565E+01   1.2615505E+03
   1.6098196E+01   1.2475154E+03
   1.6120073E+01   1.2321691E+03
   1.6142595E+01   1.2160867E+03
   1.6165369E+01   1.1999598E+03
   1.6188719E+01   1.1830992E+03
   1.6212858E+01   1.1640889E+03
   1.6231934E+01   1.1509508E+03
   1.6255156E+01   1.1349777E+03
   1.6281195E+01   1.1155518E+03
   1.6302301E+01   1.1011293E+03
   1.6323341E+01   1.0866824E+03
   1.6347954E+01   1.0710969E+03
   1.6370564E+01   1.0549075E+03
   1.6394753E+01   1.0416021E+03
   1.6417524E+01   1.0298602E+03
   1.6439930E+01   1.0183912E+03
   1.6462698E+01   1.0089427E+03
   1.6482746E+01   1.0015514E+03
   1.6506208E+01   9.9246136E+02
   1.6530167E+01   9.8575549E+02
   1.6551792E+01   9.7926227E+02
   1.6575106E+01   9.7402783E+02
   1.6599447E+01   9.6913525E+02
   1.6620096E+01   9.6643658E+02
   1.6645567E+01   9.6232642E+02
   1.6667440E+01   9.6029779E+02
   1.6689280E+01   9.5816962E+02
   1.6710541E+01   9.5669879E+02
   1.6735870E+01   9.5520844E+02
   1.6759716E+01   9.5419617E+02
   1.6780645E+01   9.5324335E+02
   1.6805641E+01   9.5259741E+02
   1.6824444E+01   9.5219501E+02
   1.6847122E+01   9.5172168E+02
   1.6873051E+01   9.5112708E+02
   1.6893747E+01   9.5056421E+02
   1.6917862E+01   9.4973560E+02
   1.6941772E+01   9.4865552E+02
   1.6961946E+01   9.4751520E+02
   1.6986916E+01   9.4576825E+02
   1.7008091E+01   9.4387341E+02
   1.7033663E+01   9.4115320E+02
   1.7055271E+01   9.3845557E+02
   1.7077213E+01   9.3542859E+02
   1.7099630E+01   9.3183063E+02
   1.7123487E+01   9.2759497E+02
   1.7145718E+01   9.2368225E+02
   1.7167923E+01   9.1921783E+02
   1.7190128E+01   9.1447101E+02
   1.7211807E+01   9.0942548E+02
   1.7238323E+01   9.0337909E+02
   1.7261066E+01   8.9833777E+02
   1.7283964E+01   8.9317004E+02
   1.7307993E+01   8.8807507E+02
   1.7330378E+01   8.8351300E+02
   1.7353607E+01   8.7926910E+02
   1.7371658E+01   8.7622253E+02
   1.7396692E+01   8.7238074E+02
   1.7421383E+01   8.6980750E+02
   1.7439573E+01   8.6854034E+02
   1.7463753E+01   8.6794556E+02
   1.7489286E+01   8.6826685E+02
   1.7509195E+01   8.6934216E+02
   1.7536118E+01   8.7198895E+02
   1.7556532E+01   8.7489435E+02
   1.7577002E+01   8.7848608E+02
   1.7604065E+01   8.8453894E+02
   1.7624178E+01   8.9053021E+02
   1.7644138E+01   8.9620758E+02
   1.7670517E+01   9.0499316E+02
   1.7690151E+01   9.1275146E+02
   1.7716108E+01   9.2325592E+02
   1.7735373E+01   9.3171790E+02
   1.7760693E+01   9.4385760E+02
   1.7785603E+01   9.5589624E+02
   1.7804073E+01   9.6617365E+02
   1.7828535E+01   9.8035870E+02
   1.7853838E+01   9.9399670E+02
   1.7873705E+01   1.0056314E+03
   1.7899387E+01   1.0214102E+03
   1.7923450E+01   1.0359062E+03
   1.7941677E+01   1.0470865E+03
   1.7965950E+01   1.0611626E+03
   1.7990763E+01   1.0751727E+03
   1.8014957E+01   1.0878044E+03
   1.8034203E+01   1.0960676E+03
   1.8057907E+01   1.1061500E+03
   1.8079859E+01   1.1140050E+03
   1.8103527E+01   1.1204960E+03
   1.8126965E+01   1.1253003E+03
   1.8149866E+01   1.1283839E+03
   1.8172421E+01   1.1297725E+03
   1.8195070E+01   1.1294406E+03
   1.8217754E+01   1.1278031E+03
   1.8240133E+01   1.1247167E+03
   1.8262783E+01   1.1202969E+03
   1.8283491E+01   1.1152454E+03
   1.8307255E+01   1.1082479E+03
   1.8330967E+01   1.1000243E+03
   1.8355188E+01   1.0909395E+03
   1.8375898E+01   1.0825360E+03
   1.8397608E+01   1.0732091E+03
   1.8423422E+01   1.0615547E+03
   1.8444130E+01   1.0523271E+03
   1.8466095E+01   1.0415164E+03
   1.8489090E+01   1.0299854E+03
   1.8516092E+01   1.0159683E+03
   1.8538246E+01   1.0051863E+03
   1.8560858E+01   9.9355212E+02
   1.8583967E+01   9.8144989E+02
   1.8605568E+01   9.7074213E+02
   1.8625931E+01   9.6112268E+02
   1.8651289E+01   9.4788678E+02
   1.8671583E+01   9.3838385E+02
   1.8695070E+01   9.2702826E+02
   1.8717291E+01   9.1549902E+02
   1.8743235E+01   9.0388257E+02
   1.8763979E+01   8.9467596E+02
   1.8787363E+01   8.8440356E+02
   1.8811493E+01   8.7495679E+02
   1.8831778E+01   8.6682001E+02
   1.8855650E+01   8.5906915E+02
   1.8877905E+01   8.5254034E+02
   1.8902399E+01   8.4650970E+02
   1.8924313E+01   8.4168854E+02
   1.8947866E+01   8.3718701E+02
   1.8970778E+01   8.3426331E+02
   1.8991632E+01   8.3264105E+02
   1.9016056E+01   8.3201794E+02
   1.9037104E+01   8.3258600E+02
   1.9061855E+01   8.3472485E+02
   1.9085913E+01   8.3778217E+02
   1.9107439E+01   8.4098419E+02
   1.9128145E+01   8.4476947E+02
   1.9152666E+01   8.4980511E+02
   1.9176254E+01   8.5474133E+02
   1.9198767E+01   8.5958154E+02
   1.9220381E+01   8.6395453E+02
   1.9241404E+01   8.6850037E+02
   1.9264769E+01   8.7277893E+02
   1.9286703E+01   8.7648523E+02
   1.9312271E+01   8.8032562E+02
   1.9332624E+01   8.8272443E+02
   1.9357218E+01   8.8654779E+02
   1.9378183E+01   8.8858331E+02
   1.9404066E+01   8.9236975E+02
   1.9426451E+01   8.9505896E+02
   1.9449194E+01   8.9728632E+02
   1.9471750E+01   9.0071283E+02
   1.9493919E+01   9.0378931E+02
   1.9517597E+01   9.0660895E+02
   1.9537821E+01   9.0945142E+02
   1.9563696E+01   9.1335065E+02
   1.9584394E+01   9.1669214E+02
   1.9609013E+01   9.2096149E+02
   1.9628523E+01   9.2445532E+02
   1.9653469E+01   9.2920575E+02
   1.9678265E+01   9.3429626E+02
   1.9697670E+01   9.3842035E+02
   1.9722027E+01   9.4387653E+02
   1.9746279E+01   9.4960956E+02
   1.9765532E+01   9.5433197E+02
   1.9789444E+01   9.6040112E+02
   1.9813238E+01   9.6666461E+02
   1.9836897E+01   9.7296851E+02
   1.9856447E+01   9.7819220E+02
   1.9884043E+01   9.8565912E+02
   1.9906132E+01   9.9215918E+02
   1.9928415E+01   9.9800018E+02
   1.9951897E+01   1.0050070E+03
   1.9970142E+01   1.0098602E+03
   1.9995926E+01   1.0170523E+03
   2.0016249E+01   1.0229402E+03
   2.0041986E+01   1.0303707E+03
   2.0060972E+01   1.0358037E+03
   2.0088970E+01   1.0439982E+03
   2.0109552E+01   1.0492242E+03
   2.0133257E+01   1.0548762E+03
   2.0157913E+01   1.0610549E+03
   2.0175520E+01   1.0651571E+03
   2.0198946E+01   1.0698583E+03
   2.0223034E+01   1.0738441E+03
   2.0247192E+01   1.0775249E+03
   2.0269392E+01   1.0800922E+03
   2.0291868E+01   1.0821943E+03
   2.0315289E+01   1.0835414E+03
   2.0337460E+01   1.0843785E+03
   2.0359917E+01   1.0843438E+03
   2.0384138E+01   1.0839679E+03
   2.0409004E+01   1.0827854E+03
   2.0427876E+01   1.0816062E+03
   2.0452465E+01   1.0795198E+03
   2.0476425E+01   1.0769136E+03
   2.0500120E+01   1.0738848E+03
   2.0517754E+01   1.0713848E+03
   2.0541166E+01   1.0677765E+03
   2.0564116E+01   1.0639412E+03
   2.0586704E+01   1.0599293E+03
   2.0609062E+01   1.0558268E+03
   2.0631720E+01   1.0515256E+03
   2.0655056E+01   1.0470553E+03
   2.0677633E+01   1.0428341E+03
   2.0700117E+01   1.0390358E+03
   2.0724888E+01   1.0346456E+03
   2.0750113E+01   1.0305873E+03
   2.0768656E+01   1.0276310E+03
   2.0794901E+01   1.0243193E+03
   2.0815397E+01   1.0218112E+03
   2.0840620E+01   1.0179317E+03
   2.0860563E+01   1.0153340E+03
   2.0885298E+01   1.0108962E+03
   2.0908941E+01   1.0052665E+03
   2.0930840E+01   9.9973322E+02
   2.0954958E+01   9.9367645E+02
   2.0974590E+01   9.8679797E+02
   2.0999268E+01   9.7774872E+02
   2.1022949E+01   9.6832794E+02
   2.1043116E+01   9.5857642E+02
   2.1066189E+01   9.4746765E+02
   2.1089203E+01   9.3532916E+02
   2.1111900E+01   9.2318011E+02
   2.1135912E+01   9.0969360E+02
   2.1159208E+01   8.9628168E+02
   2.1180798E+01   8.8378339E+02
   2.1203133E+01   8.7115503E+02
   2.1226330E+01   8.5827704E+02
   2.1250856E+01   8.4544714E+02
   2.1272581E+01   8.3540240E+02
   2.1293997E+01   8.2619012E+02
   2.1316534E+01   8.1874384E+02
   2.1341877E+01   8.1099860E+02
   2.1365265E+01   8.0646057E+02
   2.1384251E+01   8.0268433E+02
   2.1409157E+01   7.9929468E+02
   2.1431141E+01   7.9680829E+02
   2.1453279E+01   7.9533032E+02
   2.1479406E+01   7.9410034E+02
   2.1503086E+01   7.9351727E+02
   2.1524521E+01   7.9333295E+02
   2.1544323E+01   7.9354688E+02
   2.1567545E+01   7.9333752E+02
   2.1590853E+01   7.9338232E+02
   2.1613052E+01   7.9336743E+02
   2.1637817E+01   7.9308319E+02
   2.1658106E+01   7.9267181E+02
   2.1682421E+01   7.9179315E+02
   2.1706562E+01   7.9054797E+02
   2.1730280E+01   7.8897284E+02
   2.1749975E+01   7.8740393E+02
   2.1773495E+01   7.8512610E+02
   2.1796848E+01   7.8280786E+02
   2.1819914E+01   7.8030359E+02
   2.1842991E+01   7.7741412E+02
   2.1864599E+01   7.7473389E+02
   2.1886473E+01   7.7240454E+02
   2.1912262E+01   7.7002441E+02
   2.1933001E+01   7.6865955E+02
   2.1957994E+01   7.6773987E+02
   2.1979395E+01   7.6739465E+02
   2.2000702E+01   7.6806824E+02
   2.2026503E+01   7.7010248E+02
   2.2046349E+01   7.7266364E+02
   2.2072067E+01   7.7658118E+02
   2.2095022E+01   7.8142596E+02
   2.2114094E+01   7.8602618E+02
   2.2138895E+01   7.9331146E+02
   2.2163494E+01   8.0179449E+02
   2.2182409E+01   8.0830060E+02
   2.2206593E+01   8.1753448E+02
   2.2230034E+01   8.2719446E+02
   2.2251493E+01   8.3627710E+02
   2.2275091E+01   8.4578046E+02
   2.2297728E+01   8.5542981E+02
   2.2322115E+01   8.6496838E+02
   2.2341877E+01   8.7291077E+02
   2.2366228E+01   8.8261462E+02
   2.2388723E+01   8.9065771E+02
   2.2412016E+01   8.9874792E+02
   2.2436655E+01   9.0655493E+02
   2.2460350E+01   9.1449786E+02
   2.2479809E+01   9.2029736E+02
   2.2505751E+01   9.2742108E+02
   2.2527658E+01   9.3317114E+02
   2.2551487E+01   9.3892047E+02
   2.2570198E+01   9.4311639E+02
   2.2594851E+01   9.4854578E+02
   2.2617640E+01   9.5322949E+02
   2.2639202E+01   9.5691803E+02
   2.2661520E+01   9.6033533E+02
   2.2684477E+01   9.6346625E+02
   2.2706791E+01   9.6562134E+02
   2.2733290E+01   9.6727100E+02
   2.2753782E+01   9.6772388E+02
   2.2778790E+01   9.6723114E+02
   2.2803629E+01   9.6551105E+02
