  flscon:  version 23.2.0.01  win64 2022 
 FLOW-3D   13:08:43  02/29/2024 cgix     
   hydr3d   version  23.2.0.20 win64     12/04/2023 HYDRO    
 Simulation Template: Free Surface - TruVOF (Default)                            

Mesh Block   1
 printing pfxob, pfyob, pfzob       
       1     1002      0.000E+00      4.931E+00
   time              pfxob_1         pfyob_1         pfzob_1
   0.0000000E+00   1.0033731E-03  -2.4819453E+00   1.1989825E+00
   1.6107733E-03  -1.3020121E-02   2.2751544E+02   1.1341665E+00
   4.5947307E-03  -1.0245800E-03  -2.1898026E+00   1.1843332E+00
   1.0547171E-02  -1.0123136E-03  -2.0595613E+00   1.1872169E+00
   1.3988421E-02  -1.0515654E-03  -2.0492389E+00   1.1888355E+00
   1.9822821E-02  -6.9384323E-04  -2.0834298E+00   1.1927420E+00
   2.4214825E-02  -7.9925463E-04  -2.0935743E+00   1.1934152E+00
   2.9036136E-02  -2.7365261E-04  -2.0989115E+00   1.1945071E+00
   3.4090787E-02   1.8871947E-03  -2.1117945E+00   1.1928598E+00
   3.9337896E-02  -2.1148196E-03  -2.1250646E+00   1.1919733E+00
   4.4787798E-02  -1.8705670E-03  -2.1269658E+00   1.1933783E+00
   5.0262850E-02   3.4250205E-03  -2.1190140E+00   1.1923751E+00
   5.4808740E-02  -2.0154401E-04  -2.1454616E+00   1.1866326E+00
   5.8637813E-02  -1.1659494E-04  -2.1486468E+00   1.1867417E+00
   6.3487090E-02   1.7135675E-03  -2.1478860E+00   1.1886073E+00
   6.8908088E-02   1.5415202E-03  -2.1550930E+00   1.1905402E+00
   7.3973104E-02   4.5975990E-05  -2.1690438E+00   1.1932291E+00
   7.9042777E-02  -3.3883229E-04  -2.2069776E+00   1.2005427E+00
   8.4015131E-02   2.1359809E-03  -2.1561730E+00   1.2000204E+00
   8.9039311E-02  -7.5816200E-03  -2.2491868E+00   1.1893395E+00
   9.3465611E-02   1.7794177E-02  -2.2916753E+00   1.1905077E+00
   9.8216847E-02   4.7100754E-03  -2.1395862E+00   1.2028195E+00
   1.0399200E-01  -5.5967630E-03  -2.2792878E+00   1.2015078E+00
   1.0896209E-01   4.3256776E-03  -2.2636824E+00   1.1990768E+00
   1.1347280E-01  -5.5292742E-03  -2.2939684E+00   1.2013153E+00
   1.1774856E-01  -1.0953783E-03  -2.3021386E+00   1.2029281E+00
   1.2280818E-01   2.0462933E-03  -2.3165874E+00   1.2039946E+00
   1.2842228E-01  -5.6312099E-04  -2.3303442E+00   1.2070115E+00
   1.3350365E-01  -2.4402628E-03  -2.3421364E+00   1.2080460E+00
   1.3802122E-01   2.9884075E-04  -2.3603101E+00   1.2108389E+00
   1.4322051E-01  -1.3796367E-04  -2.3777671E+00   1.2112031E+00
   1.4801209E-01  -1.5213915E-04  -2.3913493E+00   1.2128710E+00
   1.5336235E-01   6.6024408E-04  -2.4046588E+00   1.2136117E+00
   1.5715681E-01  -1.6477306E-03  -2.4081311E+00   1.2132065E+00
   1.6316240E-01   1.1855140E-03  -2.4316590E+00   1.2151380E+00
   1.6850160E-01   1.2228172E-03  -2.4431856E+00   1.2168788E+00
   1.7252083E-01  -3.2938938E-04  -2.4481990E+00   1.2178352E+00
   1.7695203E-01  -1.6056126E-03  -2.4570146E+00   1.2193084E+00
   1.8183745E-01  -1.5612619E-03  -2.4631832E+00   1.2210808E+00
   1.8696097E-01   7.9773505E-05  -2.4724422E+00   1.2225722E+00
   1.9174173E-01  -4.2071057E-04  -2.4880536E+00   1.2244564E+00
   1.9629164E-01   8.6243893E-04  -2.4984968E+00   1.2261591E+00
   2.0239301E-01  -1.2973465E-04  -2.5039234E+00   1.2282689E+00
   2.0798174E-01   1.6334845E-03  -2.5067952E+00   1.2295698E+00
   2.1208100E-01  -1.7293479E-03  -2.5070844E+00   1.2305949E+00
   2.1660045E-01  -8.6886366E-04  -2.5170312E+00   1.2314444E+00
   2.2158314E-01   3.2427351E-04  -2.4975061E+00   1.2291950E+00
   2.2665143E-01  -2.1264553E-03  -2.5182805E+00   1.2303720E+00
   2.3136754E-01  -1.2060165E-04  -2.5378432E+00   1.2323176E+00
   2.3578440E-01   3.4095364E-04  -2.5484343E+00   1.2339892E+00
   2.4183446E-01   1.1048784E-03  -2.5326173E+00   1.2357723E+00
   2.4560308E-01  -1.8329701E-03  -2.4741738E+00   1.2349011E+00
   2.5129220E-01   2.6529175E-05  -2.5531352E+00   1.2372342E+00
   2.5557485E-01  -4.8225545E-04  -2.5630012E+00   1.2386793E+00
   2.6183411E-01  -3.4842375E-03  -2.5305057E+00   1.2389247E+00
   2.6555815E-01  -1.4749301E-03  -2.5161297E+00   1.2388241E+00
   2.7150422E-01  -8.1370625E-04  -2.5169818E+00   1.2387789E+00
   2.7556738E-01  -7.4590737E-04  -2.5299947E+00   1.2391961E+00
   2.8104976E-01  -1.4011329E-03  -2.5312083E+00   1.2392637E+00
   2.8662148E-01   2.0178133E-03  -2.5152700E+00   1.2395855E+00
   2.9046085E-01  -2.9318908E-03  -2.4995306E+00   1.2397074E+00
   2.9632911E-01  -7.3326824E-05  -2.4998963E+00   1.2396263E+00
   3.0012494E-01   9.2663795E-05  -2.4995611E+00   1.2400323E+00
   3.0564705E-01  -4.6224476E-04  -2.4971600E+00   1.2408860E+00
   3.1086743E-01   2.2477987E-03  -2.4458201E+00   1.2390957E+00
   3.1576324E-01  -3.0847115E-03  -2.4772105E+00   1.2390627E+00
   3.2034835E-01   1.2260345E-03  -2.4899282E+00   1.2406422E+00
   3.2550770E-01   9.3425578E-03  -2.4491208E+00   1.2432323E+00
   3.3000243E-01  -2.4593179E-03  -2.4160516E+00   1.2441936E+00
   3.3486092E-01  -1.4675537E-03  -2.4446256E+00   1.2442049E+00
   3.4061849E-01  -5.4735516E-04  -2.4330790E+00   1.2462317E+00
   3.4508365E-01  -2.4870858E-03  -2.4136908E+00   1.2467206E+00
   3.5005328E-01   9.5299742E-04  -2.3953185E+00   1.2455201E+00
   3.5508823E-01   9.5005613E-04  -2.4012501E+00   1.2443914E+00
   3.5981914E-01   3.1070863E-03  -2.3887832E+00   1.2445099E+00
   3.6495483E-01   1.1759873E-02  -2.3927622E+00   1.2451154E+00
   3.6993691E-01  -1.5607320E-03  -2.3929055E+00   1.2457638E+00
   3.7482074E-01   4.8675849E-03  -2.3388212E+00   1.2472868E+00
   3.7963191E-01  -2.4198499E-03  -2.3217249E+00   1.2480137E+00
   3.8467562E-01  -1.8002355E-03  -2.3366899E+00   1.2482076E+00
   3.8947946E-01  -8.6032217E-03  -2.3330028E+00   1.2474638E+00
   3.9461228E-01   4.4187512E-03  -2.2843738E+00   1.2470200E+00
   3.9961380E-01  -1.3006481E-03  -2.3093760E+00   1.2463757E+00
   4.0434170E-01  -9.6639888E-03  -2.2692165E+00   1.2433970E+00
   4.0942994E-01   1.1202770E-02  -2.2519178E+00   1.2429096E+00
   4.1411042E-01   7.1465103E-03  -2.2709644E+00   1.2437415E+00
   4.1924232E-01   9.0469280E-03  -2.2649937E+00   1.2435076E+00
   4.2380384E-01   3.3144516E-04  -2.2223091E+00   1.2440401E+00
   4.2860439E-01   1.2045330E-02  -2.2364032E+00   1.2440598E+00
   4.3383050E-01   1.8243320E-02  -2.2557302E+00   1.2441360E+00
   4.3903327E-01  -8.9626294E-03  -2.2156737E+00   1.2440212E+00
   4.4365874E-01   8.5083423E-03  -2.2225549E+00   1.2432410E+00
   4.4882923E-01  -8.7794941E-03  -2.1861279E+00   1.2423741E+00
   4.5407650E-01   6.2422771E-03  -2.1898460E+00   1.2416362E+00
   4.5914406E-01   6.0208961E-03  -2.1861310E+00   1.2407644E+00
   4.6372128E-01   4.8208693E-03  -2.1257713E+00   1.2390605E+00
   4.6845591E-01   4.8947772E-03  -2.1517801E+00   1.2372561E+00
   4.7334731E-01   5.1800301E-03  -2.1962216E+00   1.2374033E+00
   4.7867230E-01   2.5570539E-03  -2.1670575E+00   1.2376255E+00
   4.8331773E-01  -4.5003684E-04  -2.1352544E+00   1.2378472E+00
   4.8824131E-01   4.5564636E-03  -2.1241038E+00   1.2379417E+00
   4.9297628E-01   4.7303392E-03  -2.1003199E+00   1.2379441E+00
   4.9831262E-01   4.3919664E-03  -2.0827429E+00   1.2385181E+00
   5.0362509E-01   4.5100586E-03  -2.1017525E+00   1.2369567E+00
   5.0834817E-01   5.6307446E-03  -2.0683596E+00   1.2347035E+00
   5.1190352E-01   4.4047330E-03  -2.0737221E+00   1.2345939E+00
   5.1792669E-01   3.9290665E-03  -2.0710204E+00   1.2343724E+00
   5.2245414E-01   4.7656521E-03  -2.0548074E+00   1.2342237E+00
   5.2736664E-01   5.3847968E-03  -2.0278003E+00   1.2338728E+00
   5.3208846E-01   4.2494782E-03  -2.0018365E+00   1.2333390E+00
   5.3687817E-01   3.4925092E-03  -1.9870954E+00   1.2329383E+00
   5.4235554E-01   5.8802357E-03  -1.9696988E+00   1.2319907E+00
   5.4723448E-01   4.7790622E-03  -1.9618609E+00   1.2316827E+00
   5.5157202E-01   3.1263244E-03  -1.9459944E+00   1.2314510E+00
   5.5659330E-01   3.5237730E-03  -1.9368643E+00   1.2308708E+00
   5.6240606E-01   3.8795446E-03  -1.9119787E+00   1.2298001E+00
   5.6678182E-01   3.4807057E-03  -1.8909754E+00   1.2292293E+00
   5.7156903E-01   3.6425977E-03  -1.8749377E+00   1.2282493E+00
   5.7743990E-01   3.5373739E-03  -1.8490173E+00   1.2276102E+00
   5.8171475E-01   2.7258557E-03  -1.8331207E+00   1.2278490E+00
   5.8666348E-01   2.8637636E-03  -1.8201436E+00   1.2278061E+00
   5.9239221E-01   2.6372229E-03  -1.7952694E+00   1.2275704E+00
   5.9645593E-01   2.6313786E-03  -1.7683079E+00   1.2272983E+00
   6.0222685E-01   2.6494397E-03  -1.7308224E+00   1.2269602E+00
   6.0589951E-01   2.6985302E-03  -1.7183391E+00   1.2268609E+00
   6.1116922E-01   2.2518956E-03  -1.7088356E+00   1.2267243E+00
   6.1621338E-01   3.2551846E-04  -1.6882679E+00   1.2265249E+00
   6.2119758E-01   2.1881578E-03  -1.6707774E+00   1.2262754E+00
   6.2682354E-01   2.2467347E-03  -1.6307365E+00   1.2259613E+00
   6.3105857E-01   2.0490380E-03  -1.6036336E+00   1.2256910E+00
   6.3572776E-01   8.7492372E-04  -1.5882869E+00   1.2254903E+00
   6.4087552E-01   1.6527461E-03  -1.5732380E+00   1.2253182E+00
   6.4655089E-01   5.4383199E-03  -1.5389878E+00   1.2252028E+00
   6.4960313E-01   2.6603485E-03  -1.5239511E+00   1.2251446E+00
   6.5583628E-01   1.8684209E-03  -1.4639553E+00   1.2246799E+00
   6.6210991E-01   1.2268641E-03  -1.4779630E+00   1.2246897E+00
   6.6526204E-01   1.8406168E-03  -1.4740351E+00   1.2248658E+00
   6.7156529E-01   2.0812235E-03  -1.3917571E+00   1.2257470E+00
   6.7470741E-01   1.7198703E-03  -1.3889291E+00   1.2257286E+00
   6.8097389E-01   1.6607513E-03  -1.3822101E+00   1.2257950E+00
   6.8409890E-01   1.3210495E-03  -1.3587558E+00   1.2259468E+00
   6.9033414E-01   1.3208069E-03  -1.3389224E+00   1.2260513E+00
   6.9655132E-01   1.7041679E-03  -1.2591306E+00   1.2260145E+00
   6.9965410E-01   2.0682078E-03  -1.2587136E+00   1.2260044E+00
   7.0584911E-01   1.8090488E-03  -1.2635922E+00   1.2259098E+00
   7.0894176E-01   1.5655743E-03  -1.2614698E+00   1.2259469E+00
   7.1511871E-01   1.9521461E-03  -1.2094009E+00   1.2258618E+00
   7.2128618E-01   1.3020276E-03  -1.1951342E+00   1.2259049E+00
   7.2436690E-01   1.0877691E-03  -1.1804829E+00   1.2260264E+00
   7.3030668E-01   1.6405463E-03  -1.1061040E+00   1.2263638E+00
   7.3510760E-01  -1.4119349E-04  -1.1358213E+00   1.2261759E+00
   7.3995268E-01   4.0252688E-03  -1.1316694E+00   1.2263871E+00
   7.4533027E-01  -8.3526329E-04  -1.0610579E+00   1.2269890E+00
   7.4937844E-01   1.3673935E-03  -1.0419039E+00   1.2270861E+00
   7.5384152E-01   6.6440640E-04  -1.0218272E+00   1.2270601E+00
   7.5876206E-01   2.9547032E-04  -1.0031807E+00   1.2269690E+00
   7.6418692E-01   3.3217986E-04  -9.7364038E-01   1.2268442E+00
   7.6923937E-01   5.6284640E-05  -8.8762617E-01   1.2262751E+00
   7.7446353E-01   1.5108277E-03  -9.0138525E-01   1.2262310E+00
   7.8022325E-01   3.0892997E-04  -9.2552584E-01   1.2262603E+00
   7.8328496E-01   8.5441658E-04  -9.2313737E-01   1.2263366E+00
   7.8940552E-01  -6.6843996E-04  -8.0911916E-01   1.2271153E+00
   7.9246497E-01   6.0795085E-04  -8.0948186E-01   1.2271442E+00
   7.9858273E-01   3.8032733E-05  -8.2768965E-01   1.2271295E+00
   8.0469984E-01   3.6017114E-05  -7.7247053E-01   1.2274940E+00
   8.0775857E-01   3.3838232E-04  -7.7163261E-01   1.2274295E+00
   8.1387711E-01  -6.0364424E-04  -7.5448906E-01   1.2273178E+00
   8.1999820E-01   6.9557549E-04  -6.8691754E-01   1.2272283E+00
   8.2306015E-01   1.0949319E-03  -6.9093150E-01   1.2271317E+00
   8.2918763E-01   7.1031664E-04  -6.8604487E-01   1.2270499E+00
   8.3225334E-01   6.9653237E-04  -6.6773814E-01   1.2270643E+00
   8.3838987E-01   9.1102254E-04  -5.7528931E-01   1.2272689E+00
   8.4453464E-01   9.2435465E-04  -6.1036736E-01   1.2270144E+00
   8.4761029E-01  -5.8700546E-04  -5.3574169E-01   1.2274520E+00
   8.5376954E-01   1.8399621E-03  -5.3224373E-01   1.2273639E+00
   8.5685343E-01   6.9811422E-04  -5.2785426E-01   1.2273266E+00
   8.6303067E-01  -7.5823860E-04  -4.2396533E-01   1.2278470E+00
   8.6909115E-01   4.0433477E-04  -4.3149859E-01   1.2277725E+00
   8.7376189E-01  -5.9641391E-04  -4.3811905E-01   1.2275984E+00
   8.7891144E-01   6.1123275E-05  -4.0399271E-01   1.2276548E+00
   8.8168085E-01  -1.1347749E-03  -3.0015770E-01   1.2281519E+00
   8.8819212E-01   1.4175694E-03  -3.2370940E-01   1.2278719E+00
   8.9294720E-01   8.2513498E-04  -3.1536874E-01   1.2277892E+00
   8.9755386E-01  -1.5893996E-02  -2.6751250E-01   1.2279356E+00
   9.0198910E-01   9.2690159E-03  -2.1237025E-01   1.2281197E+00
   9.0738022E-01  -2.6347600E-02  -1.8923955E-01   1.2282915E+00
   9.1240662E-01  -6.4685068E-04  -1.7078161E-01   1.2284214E+00
   9.1646934E-01  -2.1506732E-03  -1.4222567E-01   1.2284201E+00
   9.2190403E-01   2.5008334E-02  -1.2885334E-01   1.2283710E+00
   9.2697513E-01  -3.8986336E-04  -3.0317485E-02   1.2289128E+00
   9.3180668E-01  -1.9592899E-03  -6.3858502E-02   1.2290714E+00
   9.3704367E-01   1.9393703E-03   2.5583343E-03   1.2289716E+00
   9.4173914E-01  -3.4983500E-03   4.4557590E-02   1.2294434E+00
   9.4622302E-01  -3.9862827E-03   7.3699877E-02   1.2296568E+00
   9.5194578E-01  -4.2325864E-03   8.1805699E-02   1.2295921E+00
   9.5611274E-01  -4.3159719E-03   1.3296920E-01   1.2297390E+00
   9.6093661E-01  -5.0713085E-03   1.6055208E-01   1.2299923E+00
   9.6652073E-01  -4.8511503E-03   2.1566358E-01   1.2304801E+00
   9.7061247E-01  -5.2224258E-03   2.2640638E-01   1.2307637E+00
   9.7661740E-01  -5.4754247E-03   2.6254851E-01   1.2312412E+00
   9.8053753E-01  -8.1532617E-04   2.9034281E-01   1.2316619E+00
   9.8635143E-01  -3.3584426E-03   3.1538612E-01   1.2322320E+00
   9.9029326E-01  -7.0201210E-03   3.6365888E-01   1.2326635E+00
   9.9631321E-01  -5.5992599E-03   3.9732751E-01   1.2332182E+00
   1.0005388E+00  -4.9484991E-03   4.3051797E-01   1.2336409E+00
   1.0069058E+00  -8.1689721E-03   4.7495708E-01   1.2341670E+00
   1.0113169E+00   2.0706713E-04   5.3515434E-01   1.2348433E+00
   1.0160241E+00  -7.7242837E-03   5.4937917E-01   1.2351930E+00
   1.0212138E+00  -4.4020806E-03   5.3481388E-01   1.2353324E+00
   1.0263273E+00  -6.0300012E-03   5.7582027E-01   1.2356014E+00
   1.0311373E+00  -5.6727445E-03   6.6192609E-01   1.2365255E+00
   1.0357345E+00  -4.6671587E-03   6.5263700E-01   1.2369508E+00
   1.0401696E+00  -4.9907798E-03   6.5637743E-01   1.2371777E+00
   1.0444793E+00  -6.0266126E-03   6.9716543E-01   1.2376798E+00
   1.0507152E+00  -5.6894845E-03   8.2466924E-01   1.2394024E+00
   1.0548129E+00  -7.0718839E-03   7.2259164E-01   1.2393415E+00
   1.0600935E+00  -4.8678648E-03   8.2827371E-01   1.2397504E+00
   1.0643890E+00  -5.9916306E-04   8.5185426E-01   1.2402425E+00
   1.0693614E+00  -5.1431810E-03   8.8156456E-01   1.2406745E+00
   1.0750740E+00  -6.7640664E-03   8.9277726E-01   1.2408619E+00
   1.0797435E+00  -4.7921315E-03   9.3618381E-01   1.2411792E+00
   1.0851492E+00  -5.6790914E-03   9.6863842E-01   1.2417170E+00
   1.0890416E+00  -5.6760041E-03   9.9255568E-01   1.2422686E+00
   1.0948688E+00  -6.1660581E-03   1.0214714E+00   1.2429904E+00
   1.0987543E+00  -6.2017972E-03   1.0356026E+00   1.2433426E+00
   1.1036553E+00  -5.5931844E-03   1.0653137E+00   1.2440017E+00
   1.1090577E+00  -5.4255393E-03   1.1179278E+00   1.2451216E+00
   1.1142799E+00  -2.0104409E-03   1.1455308E+00   1.2464973E+00
   1.1188201E+00  -8.7611582E-03   1.1702654E+00   1.2468089E+00
   1.1243387E+00  -4.7809798E-03   1.1755491E+00   1.2470733E+00
   1.1292452E+00  -5.7206727E-03   1.2002116E+00   1.2472346E+00
   1.1349248E+00  -8.1417160E-03   1.2515883E+00   1.2476530E+00
   1.1392003E+00  -5.7466370E-03   1.2872912E+00   1.2480619E+00
   1.1437654E+00  -4.9326848E-03   1.3025800E+00   1.2483766E+00
   1.1484350E+00  -4.9643484E-03   1.3230807E+00   1.2487364E+00
   1.1545752E+00  -4.9923044E-03   1.3417804E+00   1.2494380E+00
   1.1587194E+00  -1.4178364E-03   1.3684064E+00   1.2500054E+00
   1.1629018E+00  -9.6890349E-03   1.3952365E+00   1.2506536E+00
   1.1693361E+00   2.5426236E-03   1.4359549E+00   1.2517617E+00
   1.1729679E+00  -1.1628225E-02   1.4584531E+00   1.2525188E+00
   1.1788875E+00   4.3113935E-03   1.4835094E+00   1.2536917E+00
   1.1833436E+00  -8.7009016E-03   1.5094665E+00   1.2542359E+00
   1.1875061E+00  -3.8838803E-03   1.5279081E+00   1.2549013E+00
   1.1933517E+00  -7.0571681E-03   1.5607145E+00   1.2557108E+00
   1.1977522E+00  -6.2639951E-03   1.5861398E+00   1.2562480E+00
   1.2026037E+00  -4.7166510E-03   1.6213167E+00   1.2568135E+00
   1.2079525E+00  -6.3050981E-03   1.6397887E+00   1.2572757E+00
   1.2138495E+00  -4.6873013E-03   1.6736082E+00   1.2579050E+00
   1.2168906E+00  -9.1504455E-03   1.7390441E+00   1.2588754E+00
   1.2234364E+00  -5.4051853E-03   1.7397711E+00   1.2596921E+00
   1.2269568E+00  -5.4017804E-03   1.7326125E+00   1.2598461E+00
   1.2345344E+00  -7.6470561E-03   1.7802478E+00   1.2607771E+00
   1.2383821E+00  -6.0887504E-03   1.7965032E+00   1.2616030E+00
   1.2422758E+00  -4.6681045E-03   1.8155807E+00   1.2622397E+00
   1.2461276E+00  -5.9413663E-03   1.8873311E+00   1.2640551E+00
   1.2537272E+00  -5.3944867E-03   1.8956515E+00   1.2649086E+00
   1.2574859E+00  -5.9558684E-03   1.9085958E+00   1.2654469E+00
   1.2612269E+00  -5.7870317E-03   1.9214451E+00   1.2659788E+00
   1.2686682E+00  -6.4495211E-03   1.9891011E+00   1.2677577E+00
   1.2723737E+00  -6.2747314E-03   1.9985477E+00   1.2681075E+00
   1.2760729E+00  -9.7392686E-03   2.0404942E+00   1.2688079E+00
   1.2834643E+00  -4.0639443E-03   2.0767858E+00   1.2700970E+00
   1.2871593E+00  -6.5940651E-03   2.0907204E+00   1.2706814E+00
   1.2908567E+00  -5.0787423E-03   2.1308970E+00   1.2715913E+00
   1.2982466E+00  -8.1805717E-03   2.1572664E+00   1.2726004E+00
   1.3018872E+00  -6.7543676E-03   2.1727519E+00   1.2730583E+00
   1.3054837E+00  -6.6813859E-03   2.1938293E+00   1.2734231E+00
   1.3125565E+00  -6.2816772E-03   2.2912090E+00   1.2763988E+00
   1.3160378E+00  -6.3397586E-03   2.2891550E+00   1.2767519E+00
   1.3228623E+00  -5.5433661E-03   2.2957611E+00   1.2772831E+00
   1.3262455E+00  -6.6301906E-03   2.3390577E+00   1.2783554E+00
   1.3296019E+00  -6.8920148E-03   2.3522356E+00   1.2790455E+00
   1.3359340E+00  -6.2802341E-03   2.4396460E+00   1.2811092E+00
   1.3405559E+00  -5.5101719E-03   2.4433267E+00   1.2815850E+00
   1.3456516E+00  -4.1460539E-03   2.4522285E+00   1.2814808E+00
   1.3506356E+00  -9.5272455E-03   2.4823267E+00   1.2817241E+00
   1.3553109E+00  -6.2036067E-03   2.5277114E+00   1.2826309E+00
   1.3597749E+00  -5.6530279E-03   2.5629208E+00   1.2834871E+00
   1.3662126E+00  -5.7469523E-03   2.5954065E+00   1.2843609E+00
   1.3704007E+00  -5.9296084E-03   2.6084976E+00   1.2847123E+00
   1.3762736E+00  -6.3118408E-03   2.6585836E+00   1.2862544E+00
   1.3814949E+00  -5.4579577E-03   2.7086613E+00   1.2893040E+00
   1.3854254E+00  -5.2054203E-03   2.6962399E+00   1.2888384E+00
   1.3895979E+00  -5.5182176E-03   2.6991324E+00   1.2882155E+00
   1.3957959E+00  -5.6482609E-03   2.8239439E+00   1.2875007E+00
   1.4004617E+00  -3.9636390E-03   2.8128619E+00   1.2871376E+00
   1.4056058E+00  -4.0597674E-03   2.8040006E+00   1.2868040E+00
   1.4111185E+00  -4.9134912E-03   2.8049040E+00   1.2864119E+00
   1.4138482E+00  -4.9429401E-03   2.8214216E+00   1.2864902E+00
   1.4192637E+00  -5.0591109E-03   2.9126050E+00   1.2903442E+00
   1.4246305E+00  -3.9181649E-03   2.9080975E+00   1.2903476E+00
   1.4299506E+00  -3.7681151E-03   2.9169755E+00   1.2899873E+00
   1.4352248E+00  -5.0540357E-03   3.0044353E+00   1.2898062E+00
   1.4404577E+00  -3.4692220E-03   3.0048804E+00   1.2897712E+00
   1.4456487E+00  -2.2488530E-03   3.0077047E+00   1.2886509E+00
   1.4508007E+00  -4.2009465E-03   3.0235870E+00   1.2862697E+00
   1.4533632E+00  -4.0327832E-03   3.0908036E+00   1.2874035E+00
   1.4594277E+00  -1.7315422E-03   3.0925446E+00   1.2867996E+00
   1.4639930E+00  -2.2384736E-03   3.1004434E+00   1.2860378E+00
   1.4686847E+00  -2.4460943E-03   3.1158390E+00   1.2853762E+00
   1.4737016E+00  -3.2794415E-03   3.1571567E+00   1.2856607E+00
   1.4786941E+00  -1.8881354E-03   3.1917877E+00   1.2844160E+00
   1.4836650E+00  -1.2575571E-03   3.2105079E+00   1.2841876E+00
   1.4886171E+00  -9.7528117E-04   3.2251031E+00   1.2832143E+00
   1.4935532E+00  -1.0859133E-03   3.2423708E+00   1.2828063E+00
   1.4984747E+00  -8.5847278E-04   3.2708650E+00   1.2823802E+00
   1.5033814E+00  -1.2163454E-03   3.3209364E+00   1.2841395E+00
   1.5082842E+00   6.2838139E-04   3.3189197E+00   1.2830938E+00
   1.5131768E+00   1.4886021E-04   3.3193147E+00   1.2814604E+00
   1.5180615E+00  -1.4227299E-03   3.3375070E+00   1.2800111E+00
   1.5229394E+00  -1.0251092E-03   3.3800180E+00   1.2787659E+00
   1.5278096E+00   8.2465104E-04   3.4427149E+00   1.2798169E+00
   1.5325192E+00   6.7884702E-04   3.4231153E+00   1.2781171E+00
   1.5393040E+00  -4.9664499E-04   3.4327440E+00   1.2765194E+00
   1.5436606E+00  -1.0520529E-03   3.4679451E+00   1.2758989E+00
   1.5474255E+00   1.5699993E-03   3.5293305E+00   1.2805459E+00
   1.5528045E+00  -1.5546748E-04   3.4981246E+00   1.2783808E+00
   1.5581942E+00  -4.1391497E-04   3.5149283E+00   1.2763747E+00
   1.5637968E+00   2.4933796E-04   3.6176486E+00   1.2741840E+00
   1.5677272E+00   2.2695588E-03   3.5310631E+00   1.2712390E+00
   1.5718462E+00  -2.2981868E-03   3.6430769E+00   1.2733850E+00
   1.5783051E+00   2.5879808E-03   3.6181426E+00   1.2712431E+00
   1.5827847E+00   2.6218886E-03   3.6188631E+00   1.2702563E+00
   1.5873929E+00   1.4322464E-03   3.6297648E+00   1.2694072E+00
   1.5920043E+00   3.5372023E-03   3.6552472E+00   1.2693403E+00
   1.5965976E+00   2.4077599E-03   3.7145405E+00   1.2737081E+00
   1.6021904E+00   4.2483229E-03   3.6948931E+00   1.2712572E+00
   1.6083460E+00   1.1695384E-03   3.7142334E+00   1.2684761E+00
   1.6127219E+00   2.0565235E-03   3.7529910E+00   1.2654296E+00
   1.6172382E+00   4.9869562E-03   3.7589571E+00   1.2636588E+00
   1.6217357E+00   5.5508632E-03   3.7652256E+00   1.2620187E+00
   1.6262159E+00   4.6672169E-03   3.7809229E+00   1.2605709E+00
   1.6326379E+00   9.1747437E-03   3.8130004E+00   1.2660216E+00
   1.6367927E+00   5.8580050E-03   3.8186438E+00   1.2648742E+00
   1.6408993E+00   6.0166749E-03   3.8295720E+00   1.2635132E+00
   1.6471227E+00   2.0635452E-03   3.8461125E+00   1.2608407E+00
   1.6510308E+00   9.1446619E-03   3.8501961E+00   1.2573773E+00
   1.6569483E+00   8.5407477E-03   3.8678386E+00   1.2562536E+00
   1.6609167E+00   5.9636999E-03   3.8817313E+00   1.2550377E+00
   1.6671064E+00   6.6868369E-03   3.8937461E+00   1.2539302E+00
   1.6712909E+00   7.1213474E-03   3.8945675E+00   1.2541628E+00
   1.6754777E+00   8.5655991E-03   3.8947096E+00   1.2560012E+00
   1.6818647E+00   9.5088864E-03   3.9047666E+00   1.2600471E+00
   1.6859152E+00   9.3206968E-03   3.9198966E+00   1.2580956E+00
   1.6913981E+00   8.4270872E-03   3.9329052E+00   1.2532362E+00
   1.6968613E+00   1.0126112E-02   3.9259465E+00   1.2512087E+00
   1.7018416E+00   1.0998831E-02   3.8797140E+00   1.2442024E+00
   1.7067027E+00   1.0065130E-02   3.9441516E+00   1.2440193E+00
   1.7115166E+00   8.9385090E-03   3.9593439E+00   1.2462623E+00
   1.7163011E+00   1.0914791E-02   3.9174962E+00   1.2769380E+00
   1.7210476E+00   1.1347384E-02   3.9369271E+00   1.2628727E+00
   1.7257129E+00   1.2558992E-02   3.9656982E+00   1.2392657E+00
   1.7302957E+00   1.1905798E-02   3.9230762E+00   1.2479038E+00
   1.7362871E+00   1.2186872E-02   3.8193517E+00   1.2571899E+00
   1.7407130E+00   1.1974159E-02   3.9387159E+00   1.2612827E+00
   1.7450844E+00   1.0977779E-02   4.0671411E+00   1.2458735E+00
   1.7508544E+00   1.4280269E-02   3.9186628E+00   1.2406788E+00
   1.7551355E+00   6.5327371E-03   3.9022372E+00   1.2446346E+00
   1.7607676E+00   9.5626153E-03   3.8741598E+00   1.2546760E+00
   1.7649378E+00   1.3380396E-02   3.9078522E+00   1.2422940E+00
   1.7704399E+00   1.2288670E-02   3.7835042E+00   1.2530525E+00
   1.7745209E+00   1.4097771E-02   3.8313541E+00   1.2539369E+00
   1.7799075E+00   1.1801565E-02   3.9088326E+00   1.2538226E+00
   1.7852409E+00   1.2663305E-02   3.8688469E+00   1.2531847E+00
   1.7892070E+00   1.2741530E-02   3.7750967E+00   1.2523340E+00
   1.7944528E+00   2.5026875E-02   3.7698634E+00   1.2520573E+00
   1.7996297E+00   1.3703022E-02   3.8006172E+00   1.2510461E+00
   1.8047770E+00   1.3460000E-02   3.7964997E+00   1.2508347E+00
   1.8099017E+00   1.4309429E-02   3.7626643E+00   1.2507372E+00
   1.8151078E+00   1.3990906E-02   3.6886923E+00   1.2517602E+00
   1.8190277E+00   1.4849068E-02   3.6761823E+00   1.2524054E+00
   1.8243202E+00   1.5656071E-02   3.6765149E+00   1.2563742E+00
   1.8296319E+00   1.2216191E-02   3.6732390E+00   1.2563890E+00
   1.8335868E+00   1.2669377E-02   3.6448517E+00   1.2549477E+00
   1.8388516E+00   1.3713260E-02   3.6074109E+00   1.2540438E+00
   1.8441401E+00   1.6380390E-02   3.6966057E+00   1.2497516E+00
   1.8495177E+00   2.0692268E-02   3.6644976E+00   1.2587844E+00
   1.8536372E+00   8.5090529E-03   3.5442214E+00   1.2574718E+00
   1.8593638E+00   1.7043199E-02   3.4312735E+00   1.2565047E+00
   1.8637320E+00   1.4649225E-02   3.4128015E+00   1.2568752E+00
   1.8681153E+00   1.9266672E-02   3.4061582E+00   1.2558756E+00
   1.8739791E+00   7.2630686E-03   3.3933594E+00   1.2545905E+00
   1.8780024E+00   1.5970338E-02   3.3583753E+00   1.2547916E+00
   1.8840781E+00   1.2066494E-02   3.2589138E+00   1.2557185E+00
   1.8889745E+00   1.0916106E-02   3.2408497E+00   1.2550710E+00
   1.8940046E+00   1.2118097E-02   3.1980939E+00   1.2572422E+00
   1.8975042E+00   1.2514594E-02   3.1684668E+00   1.2576687E+00
   1.9027808E+00   1.2561075E-02   3.1395600E+00   1.2586581E+00
   1.9080936E+00   1.2299561E-02   3.0950031E+00   1.2592568E+00
   1.9134469E+00   1.3191875E-02   3.0168636E+00   1.2605125E+00
   1.9188370E+00   1.1180714E-02   2.8319702E+00   1.2641190E+00
   1.9224387E+00   1.2328804E-02   2.8516951E+00   1.2644659E+00
   1.9278531E+00   5.9744562E-03   2.6959777E+00   1.2596031E+00
   1.9332831E+00   1.7263761E-02   2.8059802E+00   1.2595032E+00
   1.9369128E+00   1.6310494E-02   2.9149644E+00   1.2586660E+00
   1.9423848E+00   8.4350929E-03   2.8468072E+00   1.2576680E+00
   1.9479051E+00   1.2039069E-02   2.6107225E+00   1.2571992E+00
   1.9516156E+00   1.1901388E-02   2.5937934E+00   1.2571684E+00
   1.9572289E+00   1.1343711E-02   2.5886226E+00   1.2573066E+00
   1.9629002E+00   9.9235643E-03   2.5143082E+00   1.2612486E+00
   1.9667137E+00   1.0462428E-02   2.5008295E+00   1.2611213E+00
   1.9724785E+00   1.0841634E-02   2.4275789E+00   1.2594345E+00
   1.9763340E+00   1.0180581E-02   2.2780771E+00   1.2554057E+00
   1.9821285E+00   1.0084176E-02   2.3806016E+00   1.2541863E+00
   1.9879371E+00   1.2863236E-02   2.3652151E+00   1.2575107E+00
   1.9918181E+00   3.5998446E-03   2.0736260E+00   1.2560766E+00
   1.9976535E+00   9.3332082E-03   2.1107187E+00   1.2567117E+00
   2.0015538E+00   9.6684536E-03   2.1249075E+00   1.2563201E+00
   2.0073736E+00   5.9581501E-03   2.0496492E+00   1.2548290E+00
   2.0112216E+00   5.1465104E-03   1.7939183E+00   1.2523201E+00
   2.0169601E+00   6.5252171E-03   1.9377491E+00   1.2526857E+00
   2.0207655E+00   4.9665035E-03   1.9159315E+00   1.2522640E+00
   2.0264699E+00   3.7097353E-03   1.6362922E+00   1.2521559E+00
   2.0321858E+00   3.3650047E-03   1.7106776E+00   1.2522954E+00
   2.0360067E+00   1.1068087E-03   1.7101675E+00   1.2519622E+00
   2.0417416E+00   1.0771147E-03   1.6134392E+00   1.2509146E+00
   2.0455484E+00  -4.2566608E-04   1.4988750E+00   1.2500615E+00
   2.0512462E+00   8.1927347E-04   1.3832459E+00   1.2490337E+00
   2.0569351E+00  -1.1331621E-03   1.3470258E+00   1.2482615E+00
   2.0607216E+00  -1.9976415E-03   1.3264658E+00   1.2477891E+00
   2.0663905E+00  -3.3763538E-03   1.2620982E+00   1.2469219E+00
   2.0702040E+00  -3.5705492E-03   1.1558263E+00   1.2461141E+00
   2.0760021E+00  -4.5168549E-03   1.0949686E+00   1.2453669E+00
   2.0798993E+00  -4.9008578E-03   1.0632232E+00   1.2449261E+00
   2.0857258E+00  -5.6895819E-03   9.8623967E-01   1.2441286E+00
   2.0915184E+00  -6.2997057E-03   9.1795838E-01   1.2433463E+00
   2.0953615E+00  -6.5754615E-03   8.4256870E-01   1.2427566E+00
   2.1010437E+00  -6.9812774E-03   7.7867991E-01   1.2418982E+00
   2.1048121E+00  -7.1578803E-03   7.4864370E-01   1.2413995E+00
   2.1104646E+00  -8.4833307E-03   6.9096261E-01   1.2405204E+00
   2.1161296E+00  -9.0742903E-03   5.6696963E-01   1.2393384E+00
   2.1199181E+00  -9.5437393E-03   5.2425212E-01   1.2386205E+00
   2.1256249E+00  -1.0279664E-02   4.6928370E-01   1.2376444E+00
   2.1294496E+00  -1.0267457E-02   4.1694650E-01   1.2369728E+00
   2.1351383E+00  -1.0791737E-02   3.2109529E-01   1.2357517E+00
   2.1402421E+00  -1.0514958E-02   2.5827771E-01   1.2347064E+00
   2.1456487E+00  -1.1776762E-02   1.9819275E-01   1.2338606E+00
   2.1495647E+00  -1.3215478E-02   1.4442776E-01   1.2333609E+00
   2.1554613E+00  -1.3024929E-02   7.6076090E-02   1.2323554E+00
   2.1594119E+00  -1.3005648E-02   2.7527405E-02   1.2316828E+00
   2.1653759E+00  -1.3180505E-02  -7.4176267E-02   1.2304952E+00
   2.1693859E+00  -1.3142108E-02  -1.1761004E-01   1.2298034E+00
   2.1734326E+00  -1.3584518E-02  -1.5508322E-01   1.2293165E+00
   2.1795790E+00  -1.4388273E-02  -2.3077404E-01   1.2283328E+00
   2.1836915E+00  -1.4424541E-02  -2.9762733E-01   1.2274191E+00
   2.1898849E+00  -1.5323493E-02  -3.9381799E-01   1.2260323E+00
   2.1938570E+00  -1.5059422E-02  -4.2949572E-01   1.2253556E+00
   2.2000303E+00  -1.5842216E-02  -4.9837977E-01   1.2242469E+00
   2.2041926E+00  -1.4453516E-02  -6.6956407E-01   1.2220092E+00
   2.2083621E+00  -1.6440092E-02  -6.6570383E-01   1.2211775E+00
   2.2146196E+00  -1.6640589E-02  -6.3559002E-01   1.2209494E+00
   2.2187560E+00  -1.5799960E-02  -6.5666145E-01   1.2207637E+00
   2.2229130E+00  -1.5365688E-02  -7.3494476E-01   1.2203742E+00
   2.2292407E+00  -1.5482510E-02  -1.0610365E+00   1.2178111E+00
   2.2335067E+00  -2.3387711E-02  -7.5872594E-01   1.2182393E+00
   2.2377880E+00  -1.2943882E-02  -8.7986332E-01   1.2175124E+00
   2.2442353E+00  -1.6733147E-02  -1.0887877E+00   1.2156351E+00
   2.2485383E+00  -1.7967829E-02  -1.1277620E+00   1.2149823E+00
   2.2528419E+00  -1.8032255E-02  -1.1584536E+00   1.2142149E+00
   2.2571678E+00  -1.7736500E-02  -1.1852461E+00   1.2131926E+00
   2.2637522E+00  -1.6631594E-02  -1.3079422E+00   1.2106290E+00
   2.2682142E+00  -1.7881244E-02  -1.3179939E+00   1.2094504E+00
   2.2727115E+00  -1.8471487E-02  -1.3268974E+00   1.2089245E+00
   2.2772717E+00  -1.7359016E-02  -1.3505334E+00   1.2086430E+00
   2.2818303E+00  -1.3469519E-02  -1.5687302E+00   1.2070178E+00
   2.2887819E+00  -1.9804245E-02  -1.5297254E+00   1.2053715E+00
   2.2934737E+00  -1.9798584E-02  -1.4965591E+00   1.2053429E+00
   2.2981775E+00  -1.8152695E-02  -1.5059652E+00   1.2053992E+00
   2.3028455E+00  -1.3121641E-02  -1.7818794E+00   1.2032009E+00
   2.3074379E+00  -1.9911248E-02  -1.7321188E+00   1.2009791E+00
   2.3120041E+00  -2.3600088E-02  -1.6821531E+00   1.2009020E+00
   2.3165860E+00  -1.6194385E-02  -1.6819514E+00   1.2009487E+00
   2.3212488E+00  -1.5355834E-02  -1.7551105E+00   1.2002069E+00
   2.3282907E+00  -1.7826861E-02  -1.8835467E+00   1.1979383E+00
   2.3329895E+00  -1.7851636E-02  -1.9216434E+00   1.1966207E+00
   2.3376119E+00  -1.7588744E-02  -1.9345009E+00   1.1964679E+00
   2.3423200E+00  -1.7433353E-02  -1.9496295E+00   1.1957963E+00
   2.3470359E+00  -1.6626345E-02  -1.9797524E+00   1.1945781E+00
   2.3517630E+00  -1.7281434E-02  -2.1304951E+00   1.1893731E+00
   2.3565047E+00  -1.7734183E-02  -2.0908864E+00   1.1889007E+00
   2.3612602E+00  -1.6555239E-02  -2.0728085E+00   1.1888398E+00
   2.3658676E+00  -1.5760232E-02  -2.0750484E+00   1.1888069E+00
   2.3722024E+00  -1.4435536E-02  -2.1648469E+00   1.1896164E+00
   2.3760877E+00  -2.1842955E-02  -2.1971059E+00   1.1912411E+00
   2.3824224E+00  -1.5366878E-02  -2.2141001E+00   1.1896985E+00
   2.3871789E+00  -1.5716230E-02  -2.2624812E+00   1.1899018E+00
   2.3920596E+00  -1.7830400E-02  -2.3600228E+00   1.1840361E+00
   2.3969283E+00  -1.8125910E-02  -2.3249238E+00   1.1845725E+00
   2.4015501E+00  -1.7191526E-02  -2.3089170E+00   1.1851671E+00
   2.4060845E+00  -1.6127253E-02  -2.3347211E+00   1.1858995E+00
   2.4105523E+00  -1.6035784E-02  -2.3815711E+00   1.1854597E+00
   2.4151340E+00  -1.6843677E-02  -2.4439986E+00   1.1860749E+00
   2.4200530E+00  -1.7578805E-02  -2.4755373E+00   1.1878928E+00
   2.4248695E+00  -1.7704656E-02  -2.4894185E+00   1.1886972E+00
   2.4319196E+00  -1.6131787E-02  -2.5133338E+00   1.1915843E+00
   2.4362926E+00  -1.6507691E-02  -2.5321550E+00   1.1915228E+00
   2.4413042E+00  -1.8671721E-02  -2.5614243E+00   1.1910486E+00
   2.4452238E+00  -1.5367679E-02  -2.6971474E+00   1.1802925E+00
   2.4501784E+00  -1.8204896E-02  -2.4605134E+00   1.1861514E+00
   2.4559605E+00  -3.1885754E-02  -2.6759160E+00   1.1917000E+00
   2.4597967E+00  -1.6896937E-02  -2.5751379E+00   1.1958281E+00
   2.4657824E+00  -9.0496596E-03  -2.6592345E+00   1.1997778E+00
   2.4700179E+00  -1.9099290E-02  -2.7578888E+00   1.2008889E+00
   2.4749210E+00  -1.5760375E-02  -2.7753105E+00   1.2028390E+00
   2.4805968E+00  -1.2361623E-02  -2.7633562E+00   1.2047155E+00
   2.4845738E+00  -1.4636673E-02  -2.7563131E+00   1.2059916E+00
   2.4893491E+00  -1.4257756E-02  -2.7594478E+00   1.2048907E+00
   2.4942470E+00  -1.1835372E-02  -2.8053393E+00   1.2053090E+00
   2.5002818E+00  -1.1275775E-02  -2.8500447E+00   1.2061211E+00
   2.5049925E+00  -7.9086740E-03  -2.8666449E+00   1.2068752E+00
   2.5093148E+00  -1.3518218E-02  -2.8774428E+00   1.2109207E+00
   2.5144439E+00  -1.1383175E-02  -2.8899610E+00   1.2116824E+00
   2.5196719E+00  -7.5759040E-03  -2.9035561E+00   1.2162870E+00
   2.5241070E+00  -1.1166393E-02  -2.9220805E+00   1.2179627E+00
   2.5298657E+00  -1.0487093E-02  -2.9543242E+00   1.2219423E+00
   2.5338795E+00  -1.0323343E-02  -2.9691377E+00   1.2243123E+00
   2.5385261E+00  -7.2984635E-03  -2.9772725E+00   1.2264667E+00
   2.5439048E+00  -9.4779478E-03  -2.9854000E+00   1.2282579E+00
   2.5500398E+00  -9.1786152E-03  -3.0061715E+00   1.2287351E+00
   2.5536568E+00  -7.3227976E-03  -3.0182199E+00   1.2284207E+00
   2.5588026E+00  -8.2290946E-03  -3.0279386E+00   1.2285982E+00
   2.5645032E+00  -8.4903697E-03  -3.0426269E+00   1.2305140E+00
   2.5685716E+00  -4.5481436E-03  -3.0554171E+00   1.2318541E+00
   2.5745482E+00  -5.6370744E-03  -3.0594237E+00   1.2334169E+00
   2.5785058E+00  -4.1177617E-03  -3.0707440E+00   1.2338771E+00
   2.5844193E+00  -5.8780136E-03  -3.0863330E+00   1.2344280E+00
   2.5883234E+00  -4.0791417E-03  -3.0944111E+00   1.2350650E+00
   2.5939605E+00  -5.2501685E-03  -3.0963292E+00   1.2366649E+00
   2.5975983E+00  -5.9546004E-03  -3.0969188E+00   1.2371846E+00
   2.6029706E+00  -3.6871401E-03  -3.1038024E+00   1.2375358E+00
   2.6087859E+00  -3.3714592E-03  -3.1193404E+00   1.2387314E+00
   2.6124542E+00  -4.4642799E-03  -3.1164453E+00   1.2385213E+00
   2.6177645E+00  -1.0224466E-03  -3.1134262E+00   1.2379578E+00
   2.6235011E+00  -6.5995981E-03  -3.1247847E+00   1.2383914E+00
   2.6272495E+00  -5.8440398E-03  -3.1234772E+00   1.2384785E+00
   2.6327214E+00  -2.4596814E-03  -3.1059105E+00   1.2372309E+00
   2.6383762E+00  -4.1085142E-03  -3.1117048E+00   1.2375522E+00
   2.6420529E+00  -2.5813272E-03  -3.1141732E+00   1.2373183E+00
   2.6477044E+00  -4.4014128E-03  -3.1083825E+00   1.2371541E+00
   2.6534085E+00   1.6257025E-05  -3.1052866E+00   1.2375708E+00
   2.6569436E+00  -1.0642891E-03  -3.0910318E+00   1.2375970E+00
   2.6626048E+00  -1.2253853E-03  -3.0931334E+00   1.2377867E+00
   2.6664984E+00  -1.4082657E-03  -3.0817130E+00   1.2379767E+00
   2.6721497E+00  -2.0240500E-04  -3.0797789E+00   1.2381325E+00
   2.6771364E+00  -3.7896521E-03  -3.0575767E+00   1.2378411E+00
   2.6824315E+00   2.8008083E-03  -3.0525990E+00   1.2376368E+00
   2.6878886E+00   2.3741380E-03  -3.0543804E+00   1.2369263E+00
   2.6925950E+00  -6.2565529E-04  -3.0293043E+00   1.2357136E+00
   2.6970899E+00   2.4955999E-03  -3.0252154E+00   1.2359079E+00
   2.7013814E+00   1.5243444E-03  -3.0067401E+00   1.2354128E+00
   2.7071688E+00   1.8131457E-03  -2.9824331E+00   1.2346027E+00
   2.7120376E+00   1.4273380E-02  -2.9682755E+00   1.2351996E+00
   2.7166748E+00  -2.2228621E-03  -2.9722130E+00   1.2358770E+00
   2.7220895E+00   7.7367928E-03  -2.9777367E+00   1.2361249E+00
   2.7261746E+00   8.3225034E-03  -2.9324968E+00   1.2361807E+00
   2.7311976E+00   5.7927468E-03  -2.9251337E+00   1.2364044E+00
   2.7360849E+00   4.6822948E-05  -2.8943274E+00   1.2363856E+00
   2.7414320E+00  -9.9131558E-03  -2.8220491E+00   1.2358670E+00
   2.7467093E+00   5.2061537E-03  -2.8560586E+00   1.2363315E+00
   2.7508497E+00   8.3537251E-03  -2.8597174E+00   1.2362403E+00
   2.7558074E+00   1.0631519E-02  -2.8192437E+00   1.2354459E+00
   2.7608707E+00   6.7203632E-03  -2.7947609E+00   1.2346300E+00
   2.7661083E+00   2.6699100E-03  -2.7728553E+00   1.2344539E+00
   2.7711928E+00  -1.1394672E-02  -2.7478445E+00   1.2341135E+00
   2.7760835E+00   7.5267260E-03  -2.7440312E+00   1.2339901E+00
   2.7808287E+00   1.8264797E-02  -2.7059045E+00   1.2338257E+00
   2.7854905E+00   8.7893670E-03  -2.6856792E+00   1.2334896E+00
   2.7909372E+00  -2.5831955E-03  -2.6724741E+00   1.2329236E+00
   2.7956810E+00   1.4332301E-02  -2.6152122E+00   1.2320945E+00
   2.8001366E+00   8.1199119E-03  -2.6424294E+00   1.2312685E+00
   2.8055456E+00   3.7530705E-03  -2.5860572E+00   1.2301158E+00
   2.8108361E+00   3.3277222E-03  -2.5949206E+00   1.2291999E+00
   2.8152061E+00  -3.4430071E-03  -2.5403922E+00   1.2285483E+00
   2.8204324E+00   1.2401980E-02  -2.5405967E+00   1.2275907E+00
   2.8248746E+00   2.5977765E-03  -2.5438783E+00   1.2270823E+00
   2.8302205E+00   4.9022911E-03  -2.4787011E+00   1.2268586E+00
   2.8354905E+00   1.7949356E-03  -2.4936132E+00   1.2262932E+00
   2.8398428E+00   5.0025363E-03  -2.4281952E+00   1.2263254E+00
   2.8451331E+00   7.3523456E-03  -2.4523611E+00   1.2260052E+00
   2.8498363E+00   3.4466591E-03  -2.4066777E+00   1.2254254E+00
   2.8552394E+00   5.8892383E-03  -2.3989286E+00   1.2246674E+00
   2.8588963E+00   7.3016337E-03  -2.3520343E+00   1.2243578E+00
   2.8649683E+00   6.8259551E-03  -2.3713672E+00   1.2235842E+00
   2.8704739E+00   6.2532588E-03  -2.3089745E+00   1.2229128E+00
   2.8745923E+00   7.1659288E-03  -2.3236818E+00   1.2222283E+00
   2.8791330E+00   6.3580307E-03  -2.2787855E+00   1.2217884E+00
   2.8838525E+00   6.0075130E-03  -2.2755396E+00   1.2212689E+00
   2.8885999E+00   6.8091117E-03  -2.2350259E+00   1.2205852E+00
   2.8932283E+00   4.5831581E-03  -2.2148235E+00   1.2198629E+00
   2.8995550E+00   6.8192095E-03  -2.1973932E+00   1.2190237E+00
   2.9040003E+00   6.6539417E-03  -2.1784382E+00   1.2185832E+00
   2.9097900E+00   5.8999374E-03  -2.1261652E+00   1.2181891E+00
   2.9137707E+00   6.3379328E-03  -2.1273453E+00   1.2178464E+00
   2.9181595E+00   7.7435011E-03  -2.1260524E+00   1.2177050E+00
   2.9228070E+00   5.9695379E-03  -2.0896084E+00   1.2174941E+00
   2.9292767E+00   6.7197857E-03  -2.0481207E+00   1.2167253E+00
   2.9337502E+00   5.1898020E-03  -2.0380161E+00   1.2163082E+00
   2.9386818E+00   5.4443488E-03  -2.0327017E+00   1.2160506E+00
   2.9435039E+00   5.7704602E-03  -1.9923885E+00   1.2155763E+00
   2.9482553E+00   6.6869119E-03  -1.9785535E+00   1.2149354E+00
   2.9534521E+00   5.8682030E-03  -1.9507729E+00   1.2141407E+00
   2.9585607E+00   5.9976596E-03  -1.9298978E+00   1.2135237E+00
   2.9634511E+00   6.0989163E-03  -1.9126073E+00   1.2130162E+00
   2.9681833E+00   6.2296353E-03  -1.8795828E+00   1.2123352E+00
   2.9727705E+00   5.8925273E-03  -1.8471978E+00   1.2114620E+00
   2.9772336E+00   6.0410127E-03  -1.8313723E+00   1.2108450E+00
   2.9835727E+00   6.4644180E-03  -1.8051025E+00   1.2100618E+00
   2.9877985E+00   6.4994772E-03  -1.7925537E+00   1.2096195E+00
   2.9919276E+00   6.6532386E-03  -1.7660028E+00   1.2091730E+00
   2.9977894E+00   6.2015955E-03  -1.7309852E+00   1.2084024E+00
   3.0032771E+00   6.2883524E-03  -1.7087939E+00   1.2076957E+00
   3.0084665E+00   6.1665000E-03  -1.6886730E+00   1.2073864E+00
   3.0117953E+00   5.9978855E-03  -1.6683568E+00   1.2071668E+00
   3.0182083E+00   6.0131946E-03  -1.6301100E+00   1.2064878E+00
   3.0228481E+00   5.9334291E-03  -1.6093776E+00   1.2060671E+00
   3.0273566E+00   5.4201842E-03  -1.5227281E+00   1.2039081E+00
   3.0317049E+00   5.9914137E-03  -1.6857626E+00   1.2042708E+00
   3.0374262E+00   2.7668250E-03  -1.5088797E+00   1.2036760E+00
   3.0421352E+00   3.4076930E-03  -1.5609386E+00   1.2036811E+00
   3.0475867E+00   7.8532351E-03  -1.5326478E+00   1.2042583E+00
   3.0516031E+00   7.7178152E-03  -1.4516406E+00   1.2041360E+00
   3.0560312E+00   4.2819278E-03  -1.3422800E+00   1.2020431E+00
   3.0609133E+00   6.3631241E-03  -1.3850156E+00   1.2018888E+00
   3.0662956E+00   6.8757269E-03  -1.4163021E+00   1.2019178E+00
   3.0719762E+00   6.6072536E-03  -1.4079791E+00   1.2016280E+00
   3.0769019E+00   7.5608878E-03  -1.3489345E+00   1.2011421E+00
   3.0818901E+00   6.3202991E-03  -1.2825302E+00   1.2004313E+00
   3.0865104E+00   5.8410238E-03  -1.2645932E+00   1.1999447E+00
   3.0913136E+00   6.7186765E-03  -1.2507839E+00   1.1996617E+00
   3.0966089E+00   3.6980845E-03  -1.2395394E+00   1.1995549E+00
   3.1019773E+00   8.1749549E-03  -1.2109779E+00   1.1993541E+00
   3.1070535E+00   5.5447486E-03  -1.1751872E+00   1.1989431E+00
   3.1118200E+00   5.8350521E-03  -1.1383049E+00   1.1984110E+00
   3.1163929E+00   4.5770151E-03  -1.1108428E+00   1.1981224E+00
   3.1207011E+00   5.3253281E-03  -1.0931221E+00   1.1979288E+00
   3.1268191E+00   6.1961245E-03  -1.0645040E+00   1.1976770E+00
   3.1306443E+00   6.2945234E-03  -1.0461191E+00   1.1975224E+00
   3.1362810E+00   5.9009525E-03  -1.0177082E+00   1.1972915E+00
   3.1401587E+00   5.9146797E-03  -9.9708772E-01   1.1972085E+00
   3.1462772E+00   6.0088714E-03  -9.7025061E-01   1.1971501E+00
   3.1505611E+00   5.8561284E-03  -9.4253719E-01   1.1971380E+00
   3.1549206E+00   5.9514232E-03  -9.1842932E-01   1.1970608E+00
   3.1594036E+00   5.8015892E-03  -9.0234715E-01   1.1969585E+00
   3.1667457E+00   5.7580601E-03  -8.5410041E-01   1.1968220E+00
   3.1714602E+00   5.6086318E-03  -8.3694625E-01   1.1966319E+00
   3.1761153E+00   5.6057004E-03  -8.1076711E-01   1.1964478E+00
   3.1801045E+00   5.2858195E-03  -8.0633229E-01   1.1962427E+00
   3.1843629E+00   5.8622281E-03  -7.7253932E-01   1.1961026E+00
   3.1890581E+00   5.5864668E-03  -7.6019800E-01   1.1960537E+00
   3.1942344E+00   5.7262108E-03  -7.3453546E-01   1.1959991E+00
   3.1997464E+00   5.7002781E-03  -6.9866371E-01   1.1958008E+00
   3.2052400E+00   5.7949917E-03  -6.7567831E-01   1.1955464E+00
   3.2107167E+00   5.8789095E-03  -6.4967340E-01   1.1953131E+00
   3.2134495E+00   6.0135308E-03  -6.3718021E-01   1.1952401E+00
   3.2189050E+00   6.4320890E-03  -5.4857463E-01   1.1950825E+00
   3.2243505E+00   5.6133363E-03  -6.1906511E-01   1.1941090E+00
   3.2297862E+00   6.0077151E-03  -6.0121453E-01   1.1943954E+00
   3.2352145E+00   6.5453253E-03  -5.3295040E-01   1.1948429E+00
   3.2406375E+00   6.0886196E-03  -4.8986861E-01   1.1948551E+00
   3.2433481E+00   6.5119304E-03  -4.8025715E-01   1.1948202E+00
   3.2487679E+00   4.6278997E-03  -4.5958000E-01   1.1948835E+00
   3.2541873E+00   8.3556911E-03  -4.4890180E-01   1.1949661E+00
   3.2596083E+00   6.2132436E-03  -4.2479727E-01   1.1950188E+00
   3.2650328E+00   6.7076227E-03  -4.0469220E-01   1.1951122E+00
   3.2677467E+00   6.6153109E-03  -3.8096398E-01   1.1951721E+00
   3.2731793E+00   5.2324585E-03  -3.4095219E-01   1.1942309E+00
   3.2785647E+00   6.6133761E-03  -3.4885928E-01   1.1943977E+00
   3.2836180E+00   8.3085587E-03  -2.7377173E-01   1.1951387E+00
   3.2883883E+00   5.9507168E-03  -2.7262586E-01   1.1950966E+00
   3.2929711E+00   7.5889118E-03  -2.7830866E-01   1.1951522E+00
   3.2975433E+00   5.6234105E-03  -2.5422964E-01   1.1955572E+00
   3.3042746E+00   7.1355794E-03  -1.8467642E-01   1.1954955E+00
   3.3090701E+00   5.7966900E-03  -1.9569845E-01   1.1955075E+00
   3.3137884E+00   6.2989253E-03  -1.5749662E-01   1.1951505E+00
   3.3187582E+00   6.2813885E-03  -1.4351410E-01   1.1950775E+00
   3.3241727E+00   5.5866335E-03  -9.9274412E-02   1.1949940E+00
   3.3269184E+00   5.6158211E-03  -9.6302025E-02   1.1949885E+00
   3.3324218E+00   5.4502785E-03  -8.2734905E-02   1.1950470E+00
   3.3379085E+00   7.3778075E-03  -6.7299664E-02   1.1950489E+00
   3.3429050E+00   4.0427442E-03   5.1788930E-03   1.1954734E+00
   3.3474689E+00   4.9967598E-03  -3.4289880E-04   1.1954402E+00
   3.3517668E+00   3.7859939E-03  -3.3625979E-03   1.1954488E+00
   3.3582869E+00   2.7327118E-03   1.6455280E-02   1.1955329E+00
   3.3623209E+00   2.9442019E-03   7.0736617E-02   1.1956791E+00
   3.3680623E+00   3.1906979E-03   1.9481380E-01   1.1959174E+00
   3.3717976E+00   2.7177997E-03   7.4139781E-02   1.1954579E+00
   3.3774850E+00   1.4405564E-03   2.0890369E-01   1.1956038E+00
   3.3832753E+00  -3.2518106E-04   1.6048557E-01   1.1956065E+00
   3.3872640E+00   1.7633813E-03   1.9891739E-01   1.1960449E+00
   3.3912923E+00  -1.4213407E-03   2.7672502E-01   1.1968681E+00
   3.3974071E+00   7.3157350E-04   2.0912132E-01   1.1960934E+00
   3.4013624E+00   3.1810827E-03   2.8048551E-01   1.1966629E+00
   3.4071500E+00   1.3492925E-03   3.1918901E-01   1.1969258E+00
   3.4127946E+00   1.3846740E-03   3.4220466E-01   1.1970723E+00
   3.4164917E+00   1.3340168E-03   3.5087863E-01   1.1971875E+00
   3.4220560E+00   1.3637897E-03   3.7929067E-01   1.1974355E+00
   3.4260669E+00  -5.1054556E-04   4.1197705E-01   1.1977427E+00
   3.4317701E+00   1.6838982E-03   4.4452900E-01   1.1981049E+00
   3.4371891E+00   1.4541695E-03   4.6484882E-01   1.1983643E+00
   3.4407394E+00   1.7773733E-03   4.8141602E-01   1.1985832E+00
   3.4460905E+00   1.8246465E-03   5.1557076E-01   1.1989927E+00
   3.4514856E+00   1.6872978E-03   5.3902519E-01   1.1993506E+00
   3.4569876E+00   2.2261697E-03   5.7058418E-01   1.1997086E+00
   3.4610655E+00  -2.8832690E-04   5.9779513E-01   1.2000420E+00
   3.4655614E+00   1.6103269E-03   6.2450522E-01   1.2003881E+00
   3.4714060E+00  -8.8109373E-04   6.5048110E-01   1.2008320E+00
   3.4754248E+00   2.3812451E-03   6.6869777E-01   1.2011533E+00
   3.4822381E+00   1.6428104E-03   6.9016027E-01   1.2016038E+00
   3.4868660E+00   1.2186954E-03   7.9002786E-01   1.2024707E+00
   3.4908228E+00   1.7797317E-03   7.8159338E-01   1.2028781E+00
   3.4960186E+00   1.9269119E-03   7.3568904E-01   1.2028995E+00
   3.5008302E+00   1.0202823E-03   7.6018894E-01   1.2030888E+00
   3.5056243E+00   1.6883981E-03   8.3857417E-01   1.2037191E+00
   3.5103869E+00   1.6870224E-03   8.6924624E-01   1.2042158E+00
   3.5151536E+00   1.4192109E-03   8.7577820E-01   1.2044808E+00
   3.5203218E+00   4.8544207E-03   8.8615894E-01   1.2047430E+00
   3.5262206E+00   1.0564865E-03   9.2375368E-01   1.2052423E+00
   3.5302606E+00   1.4881234E-03   9.4533622E-01   1.2056662E+00
   3.5360987E+00   1.4928596E-03   9.7750247E-01   1.2062178E+00
   3.5398648E+00   8.9142279E-04   1.0095054E+00   1.2066871E+00
   3.5450249E+00   2.1842478E-03   1.0361494E+00   1.2074121E+00
   3.5502229E+00   1.2833399E-03   1.0522218E+00   1.2079535E+00
   3.5552466E+00   1.3055821E-03   1.0628885E+00   1.2083508E+00
   3.5602145E+00   1.4232729E-03   1.1005330E+00   1.2089521E+00
   3.5647771E+00   8.9302874E-04   1.1392517E+00   1.2096930E+00
   3.5703812E+00   1.6640801E-03   1.1572455E+00   1.2102865E+00
   3.5752070E+00   2.1024600E-03   1.1823009E+00   1.2106934E+00
   3.5788400E+00   4.9549009E-04   1.1920792E+00   1.2109828E+00
   3.5844686E+00   1.2098785E-03   1.2235167E+00   1.2116100E+00
   3.5902061E+00   1.0354618E-03   1.2503762E+00   1.2121742E+00
   3.5939839E+00   6.8556212E-05   1.3766028E+00   1.2140398E+00
   3.5990052E+00   2.9678948E-03   1.2734962E+00   1.2141577E+00
   3.6036458E+00   1.2880039E-03   1.2709830E+00   1.2141467E+00
   3.6089828E+00   5.3573691E-04   1.3582793E+00   1.2144861E+00
   3.6137593E+00   5.7390978E-04   1.4017376E+00   1.2157001E+00
   3.6190569E+00   1.2706601E-03   1.4373751E+00   1.2162509E+00
   3.6247072E+00   9.3222142E-04   1.4184868E+00   1.2166992E+00
   3.6285944E+00   1.9472634E-03   1.4338342E+00   1.2170337E+00
   3.6346104E+00  -8.4137934E-04   1.4868417E+00   1.2179452E+00
   3.6382434E+00   1.8015037E-03   1.5256232E+00   1.2189339E+00
   3.6431468E+00   3.0036536E-03   1.5693032E+00   1.2201630E+00
   3.6479678E+00  -1.1731010E-03   1.5773587E+00   1.2208682E+00
   3.6533887E+00   2.1016828E-03   1.5982152E+00   1.2216238E+00
   3.6574695E+00   4.2570829E-03   1.6122358E+00   1.2222825E+00
   3.6643882E+00   2.6897204E-03   1.6632183E+00   1.2234718E+00
   3.6675847E+00   4.9518486E-03   1.7020823E+00   1.2244402E+00
   3.6729562E+00  -5.6491774E-03   1.7174481E+00   1.2252103E+00
   3.6784701E+00   4.6808648E-04   1.7378105E+00   1.2257799E+00
   3.6824772E+00   6.8889726E-03   1.7691185E+00   1.2264414E+00
   3.6890395E+00   1.6141657E-03   1.8013078E+00   1.2274418E+00
   3.6939793E+00   1.6697259E-03   1.8329384E+00   1.2281823E+00
   3.6966360E+00   1.6437423E-03   1.8433087E+00   1.2285784E+00
   3.7038114E+00   1.5510152E-03   1.8933017E+00   1.2297179E+00
   3.7080476E+00   1.3016824E-03   1.9766778E+00   1.2323344E+00
   3.7119586E+00   5.6586699E-03   1.8507774E+00   1.2320585E+00
   3.7174859E+00  -5.8586989E-04   1.9562757E+00   1.2331986E+00
   3.7228997E+00   2.0538112E-03   2.0394924E+00   1.2345825E+00
   3.7282660E+00   2.3795820E-03   2.0523570E+00   1.2350911E+00
   3.7318366E+00   2.8685920E-03   2.0568740E+00   1.2354770E+00
   3.7368274E+00   2.0604077E-04   2.0855250E+00   1.2360334E+00
   3.7416396E+00   8.2513894E-04   2.1090684E+00   1.2369808E+00
   3.7471988E+00   1.1785714E-03   2.1695912E+00   1.2387707E+00
   3.7512469E+00   1.0459420E-03   2.1910498E+00   1.2399766E+00
   3.7579610E+00   1.4469399E-04   2.2106829E+00   1.2411163E+00
   3.7630055E+00   3.4343492E-04   2.2391758E+00   1.2421324E+00
   3.7656713E+00  -1.4050411E-03   2.2583437E+00   1.2428980E+00
   3.7706852E+00   4.9848771E-03   2.2972436E+00   1.2443169E+00
   3.7778182E+00  -6.0404805E-03   2.3480153E+00   1.2462623E+00
   3.7821066E+00   3.2183409E-04   2.3675480E+00   1.2470894E+00
   3.7863729E+00   6.8752705E-03   2.4008837E+00   1.2479472E+00
   3.7910767E+00  -8.5493699E-03   2.4164388E+00   1.2490574E+00
   3.7956722E+00   1.4848622E-03   2.4530511E+00   1.2499717E+00
   3.8007388E+00   1.9715081E-03   2.4728889E+00   1.2508744E+00
   3.8053372E+00   7.9573394E-04   2.5102549E+00   1.2519331E+00
   3.8104069E+00   1.1976536E-03   2.5353334E+00   1.2530549E+00
   3.8159962E+00   1.1340030E-03   2.5653515E+00   1.2540672E+00
   3.8215599E+00   2.7422979E-04   2.5938470E+00   1.2552652E+00
   3.8263545E+00   1.5585723E-04   2.6376243E+00   1.2566131E+00
   3.8309128E+00   1.6276440E-02   2.7036762E+00   1.2588198E+00
   3.8356273E+00  -9.6858684E-03   2.7183077E+00   1.2613651E+00
   3.8413115E+00   1.7139309E-03   2.7146924E+00   1.2626328E+00
   3.8460231E+00  -1.0234911E-03   2.7455778E+00   1.2630367E+00
   3.8512011E+00   3.4046046E-05   2.7746029E+00   1.2632436E+00
   3.8557591E+00  -3.0128358E-04   2.8297853E+00   1.2643386E+00
   3.8610356E+00   6.0265372E-04   2.8452256E+00   1.2650645E+00
   3.8648250E+00   5.8210216E-04   2.8559206E+00   1.2654400E+00
   3.8702741E+00  -4.9567490E-04   2.8821301E+00   1.2662308E+00
   3.8754203E+00  -1.2328785E-03   2.9248247E+00   1.2678410E+00
   3.8802819E+00   7.8105443E-04   2.9520130E+00   1.2696699E+00
   3.8850033E+00   2.9082962E-03   2.9762239E+00   1.2712959E+00
   3.8898494E+00   4.1530048E-03   3.0019712E+00   1.2727554E+00
   3.8959107E+00   7.9053687E-03   3.0482359E+00   1.2751538E+00
   3.9009836E+00   2.4053333E-03   3.0659850E+00   1.2764194E+00
   3.9048021E+00   1.1521741E-03   3.0782316E+00   1.2774427E+00
   3.9090123E+00  -1.1170137E-03   3.0985625E+00   1.2780765E+00
   3.9154298E+00  -1.1290332E-03   3.1377630E+00   1.2791997E+00
   3.9201412E+00  -6.8929599E-04   3.1615188E+00   1.2801287E+00
   3.9248083E+00   5.4717186E-04   3.1832621E+00   1.2808961E+00
   3.9288785E+00  -1.9605814E-03   3.2108107E+00   1.2818167E+00
   3.9356127E+00  -1.2543714E-03   3.2351606E+00   1.2829418E+00
   3.9401107E+00  -2.6171831E-03   3.2613349E+00   1.2840823E+00
   3.9440036E+00  -4.7971108E-03   3.2852414E+00   1.2857915E+00
   3.9490802E+00  -8.1318300E-03   3.3033545E+00   1.2868392E+00
   3.9540501E+00  -8.2456795E-03   3.3394253E+00   1.2885053E+00
   3.9598031E+00  -2.3274655E-03   3.3586085E+00   1.2902584E+00
   3.9640565E+00  -4.6974667E-03   3.3757353E+00   1.2911929E+00
   3.9683151E+00  -3.0731512E-03   3.4009883E+00   1.2922333E+00
   3.9746509E+00  -1.0520525E-03   3.4358118E+00   1.2936422E+00
   3.9788420E+00  -4.0490576E-03   3.4532137E+00   1.2943563E+00
   3.9830089E+00  -2.9314526E-03   3.4667785E+00   1.2945435E+00
   3.9892175E+00  -2.5752287E-03   3.4934826E+00   1.2955582E+00
   3.9933307E+00  -2.1888607E-03   3.5114992E+00   1.2964606E+00
   3.9991071E+00  -2.0776466E-03   3.5341663E+00   1.2973824E+00
   4.0046101E+00  -3.7608356E-03   3.5656462E+00   1.2982594E+00
   4.0086532E+00  -3.2904479E-03   3.5584552E+00   1.2987748E+00
   4.0126863E+00  -3.1844333E-03   3.5760427E+00   1.2989935E+00
   4.0187106E+00  -1.2736676E-03   3.6013181E+00   1.2993929E+00
   4.0227103E+00  -3.8855395E-03   3.6191299E+00   1.3004708E+00
   4.0286884E+00  -2.1201228E-03   3.6371334E+00   1.3014454E+00
   4.0326600E+00  -2.8864123E-04   3.6486137E+00   1.3014776E+00
   4.0386004E+00  -2.0395410E-03   3.6628661E+00   1.3020304E+00
   4.0425501E+00  -1.8582541E-03   3.6720605E+00   1.3024545E+00
   4.0484619E+00  -2.1116163E-03   3.6835718E+00   1.3009660E+00
   4.0523953E+00  -1.8502936E-03   3.6944840E+00   1.3009602E+00
   4.0581756E+00  -1.6098421E-03   3.7019501E+00   1.3011976E+00
   4.0620799E+00  -1.1489665E-03   3.7118211E+00   1.3009858E+00
   4.0679507E+00  -1.5597045E-03   3.7175941E+00   1.2999542E+00
   4.0718594E+00  -9.4087480E-04   3.7237232E+00   1.2998115E+00
   4.0770545E+00  -2.6409500E-04   3.7292886E+00   1.2984824E+00
   4.0825524E+00  -3.1405305E-03   3.7327850E+00   1.2973155E+00
   4.0870643E+00   2.9428021E-04   3.7348509E+00   1.2952152E+00
   4.0922875E+00  -1.6336214E-03   3.7337382E+00   1.2955375E+00
   4.0981016E+00  -1.9560058E-03   3.7315354E+00   1.2942424E+00
   4.1023102E+00  -4.2777602E-03   3.7306972E+00   1.2964531E+00
   4.1068916E+00  -2.9218879E-03   3.7347891E+00   1.2959356E+00
   4.1127391E+00  -2.4808738E-03   3.7320898E+00   1.2928857E+00
   4.1169968E+00  -2.0681792E-03   3.6932712E+00   1.2859893E+00
   4.1219254E+00  -9.7272301E-04   3.7138460E+00   1.2863147E+00
   4.1275859E+00  -1.7246079E-03   3.7289233E+00   1.2844911E+00
   4.1313248E+00  -3.1901523E-03   3.7269697E+00   1.2870623E+00
   4.1373506E+00   1.8567337E-03   3.7232602E+00   1.2870547E+00
   4.1419687E+00   7.3344063E-04   3.7007704E+00   1.2864662E+00
   4.1471071E+00  -1.3522868E-03   3.6981289E+00   1.2834420E+00
   4.1509490E+00   6.0994760E-04   3.6965289E+00   1.2812394E+00
   4.1563320E+00   5.3290272E-04   3.6921329E+00   1.2783781E+00
   4.1613088E+00   1.5563349E-03   3.6096749E+00   1.2753227E+00
   4.1657710E+00   1.2458999E-03   3.7272885E+00   1.2744117E+00
   4.1705728E+00   1.8004171E-03   3.6257863E+00   1.2744464E+00
   4.1761312E+00   4.3117483E-03   3.6687763E+00   1.2733119E+00
   4.1819301E+00   2.6861764E-04   3.6675925E+00   1.2690966E+00
   4.1857553E+00   1.9235859E-03   3.5820210E+00   1.2699842E+00
   4.1912284E+00   1.3245753E-03   3.6350224E+00   1.2687477E+00
   4.1965971E+00   3.2209596E-03   3.6382596E+00   1.2656963E+00
   4.2005320E+00   3.7575066E-03   3.5040138E+00   1.2635661E+00
   4.2064366E+00   2.4117520E-03   3.5633836E+00   1.2607914E+00
   4.2103662E+00   3.6940742E-03   3.5939369E+00   1.2608311E+00
   4.2162471E+00   5.7271048E-03   3.5889757E+00   1.2588042E+00
   4.2200055E+00  -7.6096308E-05   3.5215271E+00   1.2549700E+00
   4.2255049E+00   4.8893299E-03   3.4830613E+00   1.2564847E+00
   4.2307887E+00   4.1357991E-03   3.4890685E+00   1.2553359E+00
   4.2360625E+00   4.5861639E-03   3.4883997E+00   1.2537819E+00
   4.2395506E+00   5.0513046E-03   3.4768224E+00   1.2527504E+00
   4.2446666E+00   2.8379189E-03   3.4268215E+00   1.2507987E+00
   4.2499170E+00   5.5057136E-03   3.3980873E+00   1.2509788E+00
   4.2548676E+00   7.0222695E-03   3.3923137E+00   1.2504663E+00
   4.2592993E+00   9.7134430E-03   3.3898661E+00   1.2510713E+00
   4.2655034E+00   4.4831987E-03   3.3261402E+00   1.2531146E+00
   4.2701745E+00   5.7414589E-03   3.3048916E+00   1.2389425E+00
   4.2750945E+00   6.5408759E-03   3.2840221E+00   1.2486529E+00
   4.2798214E+00   1.5013088E-02   3.2563703E+00   1.2476292E+00
   4.2845058E+00   8.8342689E-03   3.2403905E+00   1.2485815E+00
   4.2891297E+00   6.0494952E-03   3.1256700E+00   1.2481358E+00
   4.2952523E+00   7.9804026E-03   3.1978607E+00   1.2485794E+00
   4.2999554E+00   6.1578425E-03   3.2383959E+00   1.2476922E+00
   4.3046937E+00   4.9410872E-03   3.1456282E+00   1.2463553E+00
   4.3094049E+00   8.4668901E-03   2.9258971E+00   1.2443264E+00
   4.3140564E+00   6.8630711E-03   3.1218071E+00   1.2445871E+00
   4.3186498E+00   4.5793601E-03   3.1163857E+00   1.2441748E+00
   4.3247442E+00   4.4144373E-03   2.7266955E+00   1.2493019E+00
   4.3293052E+00   4.4786385E-03   2.9659171E+00   1.2495441E+00
   4.3338523E+00   2.2262482E-03   3.0230925E+00   1.2483333E+00
   4.3383975E+00   1.6903218E-03   2.9124465E+00   1.2452214E+00
   4.3444700E+00   5.9023411E-03   2.8278260E+00   1.2391803E+00
   4.3490000E+00   2.8920877E-03   2.8834746E+00   1.2398517E+00
   4.3535466E+00   4.9522608E-03   2.7666321E+00   1.2471265E+00
   4.3581462E+00   1.7733123E-03   2.7449427E+00   1.2468585E+00
   4.3628621E+00   8.3033461E-04   2.5460699E+00   1.2416002E+00
   4.3677125E+00   2.1150534E-03   2.5864706E+00   1.2412853E+00
   4.3726559E+00   9.8845107E-04   2.6720121E+00   1.2403436E+00
   4.3776798E+00  -1.5795421E-03   2.5790584E+00   1.2392796E+00
   4.3827429E+00  -8.6005760E-04   2.4380777E+00   1.2394286E+00
   4.3879633E+00  -2.0549227E-03   2.4109666E+00   1.2402724E+00
   4.3932447E+00  -9.4650901E-04   2.3926687E+00   1.2406064E+00
   4.3985553E+00  -1.2890741E-03   2.3448074E+00   1.2406451E+00
   4.4035282E+00  -1.5040929E-03   2.2929661E+00   1.2419142E+00
   4.4082270E+00  -1.4885388E-03   2.1784065E+00   1.2410376E+00
   4.4135480E+00  -3.2957459E-03   2.1321313E+00   1.2411659E+00
   4.4171600E+00  -5.4268460E-03   2.1197829E+00   1.2409875E+00
   4.4225955E+00  -3.5265526E-03   2.0889308E+00   1.2405967E+00
   4.4280663E+00  -3.8834733E-03   2.0000641E+00   1.2394098E+00
   4.4317207E+00  -3.5443457E-03   1.9104421E+00   1.2388846E+00
   4.4372144E+00  -4.1248430E-03   1.8374524E+00   1.2383795E+00
   4.4427295E+00  -5.2850987E-03   1.7846864E+00   1.2380626E+00
   4.4482727E+00  -6.1021140E-03   1.7187618E+00   1.2379427E+00
   4.4519868E+00  -7.0221960E-03   1.6819978E+00   1.2379670E+00
   4.4575896E+00  -8.2705710E-03   1.5184919E+00   1.2393044E+00
   4.4613371E+00  -8.3461711E-03   1.5519248E+00   1.2401333E+00
   4.4669752E+00  -9.1195563E-03   1.5598475E+00   1.2399018E+00
   4.4726338E+00  -1.0416460E-02   1.4534087E+00   1.2388613E+00
   4.4764185E+00  -9.9759866E-03   1.3449692E+00   1.2380990E+00
   4.4821143E+00  -1.0591574E-02   1.2559932E+00   1.2374107E+00
   4.4859242E+00  -1.1447052E-02   1.2275850E+00   1.2370991E+00
   4.4916549E+00  -1.2905304E-02   1.1791676E+00   1.2366090E+00
   4.4974041E+00  -1.4242975E-02   1.0866673E+00   1.2361208E+00
   4.5012474E+00  -1.4375672E-02   1.0259556E+00   1.2360038E+00
   4.5070286E+00  -1.6240956E-02   9.4942248E-01   1.2359359E+00
   4.5108933E+00  -1.6000021E-02   8.8116300E-01   1.2360233E+00
   4.5167074E+00  -1.6785024E-02   8.2856011E-01   1.2358373E+00
   4.5205951E+00  -1.7495889E-02   7.7755284E-01   1.2357029E+00
   4.5264444E+00  -1.8094109E-02   6.8948436E-01   1.2353539E+00
   4.5303569E+00  -1.8674828E-02   6.1704940E-01   1.2350260E+00
   4.5362468E+00  -1.9331148E-02   5.6115967E-01   1.2344373E+00
   4.5401874E+00  -1.9714639E-02   4.9632880E-01   1.2338164E+00
   4.5461221E+00  -2.0909164E-02   4.1051719E-01   1.2328823E+00
   4.5500946E+00  -2.1490060E-02   3.7842965E-01   1.2324502E+00
   4.5560789E+00  -2.2721507E-02   2.8259802E-01   1.2314658E+00
   4.5600867E+00  -2.2662198E-02   2.2639935E-01   1.2309030E+00
   4.5661273E+00  -2.3246462E-02   1.5872982E-01   1.2303227E+00
   4.5701742E+00  -2.3660539E-02   9.8299220E-02   1.2298928E+00
   4.5762758E+00  -2.4790848E-02   4.4556344E-03   1.2293975E+00
   4.5803661E+00  -2.5272628E-02  -3.3803601E-02   1.2290896E+00
   4.5844731E+00  -2.5338419E-02  -7.4906707E-02   1.2287655E+00
   4.5906601E+00  -2.6566964E-02  -1.8082176E-01   1.2280722E+00
   4.5948033E+00  -2.7266035E-02  -2.3469988E-01   1.2274959E+00
   4.6010489E+00  -2.7058331E-02  -3.0529708E-01   1.2267946E+00
   4.6052351E+00  -2.7168430E-02  -3.5875598E-01   1.2261661E+00
   4.6094403E+00  -2.7254378E-02  -4.0327409E-01   1.2255567E+00
   4.6157875E+00  -2.7158372E-02  -4.8192605E-01   1.2245702E+00
   4.6200461E+00  -2.6876722E-02  -5.3544801E-01   1.2239168E+00
   4.6243114E+00  -2.7209746E-02  -5.9207952E-01   1.2232121E+00
   4.6307254E+00  -2.6991852E-02  -6.8223977E-01   1.2220957E+00
   4.6350231E+00  -2.7023323E-02  -7.3036808E-01   1.2214363E+00
   4.6393433E+00  -2.6855230E-02  -7.7860808E-01   1.2208233E+00
   4.6436872E+00  -2.7095199E-02  -8.4569055E-01   1.2199897E+00
   4.6502457E+00  -2.6704634E-02  -8.9338487E-01   1.2191747E+00
   4.6546526E+00  -2.7230697E-02  -9.3470365E-01   1.2186909E+00
   4.6590919E+00  -2.7042983E-02  -9.9522305E-01   1.2180500E+00
   4.6635709E+00  -2.7488837E-02  -1.0685389E+00   1.2172614E+00
   4.6703811E+00  -2.7985428E-02  -1.1359223E+00   1.2163117E+00
   4.6750059E+00  -2.7770124E-02  -1.1811489E+00   1.2156507E+00
   4.6796880E+00  -2.7645983E-02  -1.2458950E+00   1.2147727E+00
   4.6844153E+00  -2.7898334E-02  -1.2885642E+00   1.2139673E+00
   4.6891785E+00  -2.7798839E-02  -1.3329440E+00   1.2132561E+00
   4.6939754E+00  -2.8090503E-02  -1.4094955E+00   1.2121197E+00
   4.6988077E+00  -2.8460726E-02  -1.4509293E+00   1.2111753E+00
   4.7036810E+00  -2.8881295E-02  -1.4883199E+00   1.2104268E+00
   4.7085981E+00  -2.9852977E-02  -1.6488943E+00   1.2082528E+00
   4.7135639E+00  -2.8622117E-02  -1.6499761E+00   1.2070462E+00
   4.7185750E+00  -2.8660530E-02  -1.6302503E+00   1.2067755E+00
   4.7235827E+00  -2.9745435E-02  -1.6278206E+00   1.2067691E+00
   4.7285790E+00  -2.8142255E-02  -1.6954387E+00   1.2063483E+00
   4.7335687E+00  -2.7842456E-02  -1.7869810E+00   1.2054011E+00
   4.7385521E+00  -2.8836384E-02  -1.8680109E+00   1.2044528E+00
   4.7435293E+00  -2.9103195E-02  -1.8994396E+00   1.2037699E+00
   4.7485023E+00  -2.8405124E-02  -1.9298248E+00   1.2032335E+00
   4.7534738E+00  -2.8409671E-02  -1.9655212E+00   1.2024436E+00
   4.7584462E+00  -2.8260918E-02  -2.0212753E+00   1.2012150E+00
   4.7634215E+00  -2.8156748E-02  -2.0610430E+00   1.2001165E+00
   4.7684011E+00  -2.8014332E-02  -2.0975311E+00   1.1991477E+00
   4.7733860E+00  -2.8050793E-02  -2.1512327E+00   1.1980121E+00
   4.7783403E+00  -2.7949005E-02  -2.1825087E+00   1.1972357E+00
   4.7830281E+00  -2.8393075E-02  -2.2286901E+00   1.1959255E+00
   4.7878923E+00  -2.8538814E-02  -2.2711058E+00   1.1943675E+00
   4.7925992E+00  -2.7889358E-02  -2.2969646E+00   1.1935780E+00
   4.7972198E+00  -2.8170301E-02  -2.3248205E+00   1.1929510E+00
   4.8015165E+00  -2.8716773E-02  -2.3551614E+00   1.1922622E+00
   4.8076253E+00  -2.7739219E-02  -2.4108379E+00   1.1909733E+00
   4.8115411E+00  -2.7752122E-02  -2.4458542E+00   1.1913537E+00
   4.8181796E+00  -2.8171627E-02  -2.4927518E+00   1.1890788E+00
   4.8231769E+00  -2.8175907E-02  -2.5182371E+00   1.1886071E+00
   4.8257699E+00  -2.8235093E-02  -2.5278594E+00   1.1883360E+00
   4.8309789E+00  -2.8573902E-02  -2.5533838E+00   1.1875563E+00
   4.8362217E+00  -2.8081253E-02  -2.5968063E+00   1.1866658E+00
   4.8414397E+00  -2.8017605E-02  -2.6338940E+00   1.1864586E+00
   4.8461294E+00  -2.9966254E-02  -2.6528738E+00   1.1870074E+00
   4.8527613E+00  -2.8664609E-02  -2.6911461E+00   1.1855764E+00
   4.8569264E+00  -2.7752848E-02  -2.7189620E+00   1.1851703E+00
   4.8610778E+00  -2.8101861E-02  -2.7439084E+00   1.1848077E+00
   4.8674073E+00  -2.7772628E-02  -2.7795608E+00   1.1842630E+00
   4.8721724E+00  -2.7095113E-02  -2.8048589E+00   1.1847348E+00
   4.8774166E+00  -2.6743561E-02  -2.8283789E+00   1.1846825E+00
   4.8800855E+00  -2.6782932E-02  -2.8383062E+00   1.1857952E+00
   4.8851895E+00  -2.6462464E-02  -2.8678992E+00   1.1866592E+00
   4.8917370E+00  -2.7850274E-02  -2.8996701E+00   1.1900042E+00
   4.8958526E+00  -2.5611985E-02  -2.9228830E+00   1.1906134E+00
   4.9001918E+00  -2.5670096E-02  -2.9440722E+00   1.1920521E+00
   4.9058490E+00  -2.4355339E-02  -2.9588799E+00   1.1909840E+00
   4.9107380E+00  -2.4604246E-02  -2.9784088E+00   1.1928579E+00
   4.9162226E+00  -2.4918286E-02  -3.0498357E+00   1.1873667E+00
   4.9212594E+00  -2.3324177E-02  -2.9961593E+00   1.1917561E+00
   4.9255466E+00  -1.8246479E-02  -3.0353549E+00   1.1975522E+00
   4.9310112E+00  -2.1514099E-02  -3.1034470E+00   1.2008387E+00
