  flscon:  version 23.2.0.01  win64 2022 
 FLOW-3D   20:03:08  03/05/2024 rjju     
   hydr3d   version  23.2.0.20 win64     12/04/2023 HYDRO    
 Simulation Template: Free Surface - TruVOF (Default)                            

Mesh Block   1
 Block 1: printing hyel         i=31   j=391  k=48 
       1      101      0.000E+00      3.341E+00       31       31      391      391       48       48
   time              hyel_-1
   0.0000000E+00   4.3430752E-01
   3.2675710E-02   4.4044730E-01
   6.6448227E-02   4.4723868E-01
   1.0026108E-01   4.5435125E-01
   1.3360502E-01   4.6152756E-01
   1.6742791E-01   4.6891487E-01
   2.0031491E-01   4.7591966E-01
   2.3380518E-01   4.8257735E-01
   2.6732937E-01   4.8850256E-01
   3.0046278E-01   4.9333647E-01
   3.3397835E-01   4.9689922E-01
   3.6758623E-01   4.9888462E-01
   4.0110779E-01   4.9918097E-01
   4.3415377E-01   4.9781239E-01
   4.6762571E-01   4.9483964E-01
   5.0143361E-01   4.9048132E-01
   5.3428793E-01   4.8509830E-01
   5.6750900E-01   4.7883353E-01
   6.0151714E-01   4.7179526E-01
   6.3478774E-01   4.6449250E-01
   6.6856837E-01   4.5690548E-01
   7.0187342E-01   4.4936600E-01
   7.3496783E-01   4.4190216E-01
   7.6797479E-01   4.3458593E-01
   8.0205190E-01   4.2722005E-01
   8.3495575E-01   4.2036694E-01
   8.6827743E-01   4.1379508E-01
   9.0216190E-01   4.0763426E-01
   9.3531710E-01   4.0233269E-01
   9.6875167E-01   3.9788216E-01
   1.0020586E+00   3.9456499E-01
   1.0354050E+00   3.9237598E-01
   1.0688422E+00   3.9125523E-01
   1.1027746E+00   3.9098522E-01
   1.1359431E+00   3.9127788E-01
   1.1688802E+00   3.9185941E-01
   1.2030723E+00   3.9278620E-01
   1.2356356E+00   3.9421493E-01
   1.2688913E+00   3.9596415E-01
   1.3028860E+00   3.9699146E-01
   1.3361245E+00   3.9780071E-01
   1.3695061E+00   3.9947772E-01
   1.4035285E+00   4.0220314E-01
   1.4366176E+00   4.0569380E-01
   1.4696543E+00   4.1006383E-01
   1.5034406E+00   4.1503066E-01
   1.5367550E+00   4.1995749E-01
   1.5701162E+00   4.2481220E-01
   1.6034416E+00   4.2976841E-01
   1.6367340E+00   4.3514755E-01
   1.6705360E+00   4.4081613E-01
   1.7037952E+00   4.4669327E-01
   1.7372891E+00   4.5295644E-01
   1.7705929E+00   4.5986387E-01
   1.8038042E+00   4.6693483E-01
   1.8376868E+00   4.7400561E-01
   1.8703085E+00   4.8124868E-01
   1.9040611E+00   4.8852497E-01
   1.9378722E+00   4.9474835E-01
   1.9710025E+00   4.9919870E-01
   2.0042751E+00   5.0225168E-01
   2.0373375E+00   5.0371236E-01
   2.0715184E+00   5.0318027E-01
   2.1049554E+00   5.0077528E-01
   2.1377184E+00   4.9634504E-01
   2.1717024E+00   4.9039769E-01
   2.2052217E+00   4.8310801E-01
   2.2384975E+00   4.7502071E-01
   2.2717133E+00   4.6640447E-01
   2.3053811E+00   4.5729956E-01
   2.3383560E+00   4.4836682E-01
   2.3722491E+00   4.3941826E-01
   2.4047363E+00   4.3129647E-01
   2.4382548E+00   4.2357570E-01
   2.4721608E+00   4.1654113E-01
   2.5053337E+00   4.1042319E-01
   2.5386133E+00   4.0495056E-01
   2.5721557E+00   4.0000093E-01
   2.6059458E+00   3.9532635E-01
   2.6392913E+00   3.9104187E-01
   2.6725552E+00   3.8713527E-01
   2.7057848E+00   3.8382578E-01
   2.7393124E+00   3.8134435E-01
   2.7723300E+00   3.8000029E-01
   2.8063228E+00   3.7978470E-01
   2.8399982E+00   3.8071042E-01
   2.8728647E+00   3.8183674E-01
   2.9062409E+00   3.8358587E-01
   2.9399509E+00   3.8569313E-01
   2.9727421E+00   3.8700184E-01
   3.0062904E+00   3.8765636E-01
   3.0397708E+00   3.8815492E-01
   3.0732756E+00   3.8903734E-01
   3.1066287E+00   3.9100945E-01
   3.1405244E+00   3.9416298E-01
   3.1737201E+00   3.9845389E-01
   3.2072093E+00   4.0431079E-01
   3.2403960E+00   4.1087043E-01
   3.2738256E+00   4.1697249E-01
   3.3070133E+00   4.2287046E-01
   3.3407984E+00   4.2851877E-01
