  flscon:  version 23.2.0.01  win64 2022 
 FLOW-3D   22:52:41  03/05/2024 nhtt     
   hydr3d   version  23.2.0.20 win64     12/04/2023 HYDRO    
 Simulation Template: Free Surface - TruVOF (Default)                            

Mesh Block   1
 Block 1: printing hyel         i=31   j=391  k=48 
       1      101      0.000E+00      3.342E+00       31       31      391      391       48       48
   time              hyel_-1
   0.0000000E+00   4.3430752E-01
   3.2569505E-02   4.4043410E-01
   6.6371180E-02   4.4723588E-01
   9.9851765E-02   4.5427930E-01
   1.3426206E-01   4.6168932E-01
   1.6657598E-01   4.6872383E-01
   1.9995764E-01   4.7580239E-01
   2.3431836E-01   4.8259023E-01
   2.6766717E-01   4.8839721E-01
   3.0071697E-01   4.9312496E-01
   3.3396813E-01   4.9658480E-01
   3.6724192E-01   4.9847186E-01
   4.0065160E-01   4.9870825E-01
   4.3475580E-01   4.9721727E-01
   4.6739250E-01   4.9425527E-01
   5.0127262E-01   4.8982972E-01
   5.3501850E-01   4.8428497E-01
   5.6788200E-01   4.7806948E-01
   6.0115927E-01   4.7125638E-01
   6.3464206E-01   4.6392941E-01
   6.6785377E-01   4.5657244E-01
   7.0144975E-01   4.4911960E-01
   7.3493290E-01   4.4177991E-01
   7.6815158E-01   4.3469498E-01
   8.0147970E-01   4.2782682E-01
   8.3500189E-01   4.2121229E-01
   8.6828279E-01   4.1498232E-01
   9.0149820E-01   4.0920162E-01
   9.3542165E-01   4.0388840E-01
   9.6826571E-01   3.9944667E-01
   1.0020280E+00   3.9584056E-01
   1.0352091E+00   3.9334854E-01
   1.0695266E+00   3.9187768E-01
   1.1023855E+00   3.9141101E-01
   1.1354846E+00   3.9156935E-01
   1.1692145E+00   3.9198551E-01
   1.2023839E+00   3.9246690E-01
   1.2359987E+00   3.9322147E-01
   1.2692453E+00   3.9441353E-01
   1.3029391E+00   3.9583829E-01
   1.3358773E+00   3.9725071E-01
   1.3691884E+00   3.9910209E-01
   1.4035519E+00   4.0198269E-01
   1.4360335E+00   4.0561527E-01
   1.4698956E+00   4.1009602E-01
   1.5033543E+00   4.1474745E-01
   1.5369233E+00   4.1935927E-01
   1.5701520E+00   4.2411444E-01
   1.6038910E+00   4.2936158E-01
   1.6367658E+00   4.3482548E-01
   1.6706215E+00   4.4072324E-01
   1.7037599E+00   4.4693491E-01
   1.7372757E+00   4.5348561E-01
   1.7707024E+00   4.6023673E-01
   1.8037715E+00   4.6733832E-01
   1.8377916E+00   4.7457993E-01
   1.8706698E+00   4.8150587E-01
   1.9043688E+00   4.8817998E-01
   1.9374754E+00   4.9383926E-01
   1.9711518E+00   4.9821973E-01
   2.0045114E+00   5.0101316E-01
   2.0375326E+00   5.0223505E-01
   2.0715325E+00   5.0156569E-01
   2.1048205E+00   4.9905980E-01
   2.1378760E+00   4.9482876E-01
   2.1712673E+00   4.8916724E-01
   2.2047641E+00   4.8224163E-01
   2.2384505E+00   4.7450069E-01
   2.2711794E+00   4.6638602E-01
   2.3050950E+00   4.5766145E-01
   2.3384340E+00   4.4899157E-01
   2.3716295E+00   4.4057515E-01
   2.4054949E+00   4.3238190E-01
   2.4383352E+00   4.2497239E-01
   2.4717338E+00   4.1806379E-01
   2.5052090E+00   4.1182929E-01
   2.5388153E+00   4.0615553E-01
   2.5722201E+00   4.0107307E-01
   2.6053634E+00   3.9642772E-01
   2.6387434E+00   3.9213493E-01
   2.6724279E+00   3.8827226E-01
   2.7056236E+00   3.8511470E-01
   2.7393656E+00   3.8276702E-01
   2.7726138E+00   3.8142300E-01
   2.8065093E+00   3.8104042E-01
   2.8391714E+00   3.8147748E-01
   2.8730719E+00   3.8244790E-01
   2.9062929E+00   3.8353667E-01
   2.9398549E+00   3.8463560E-01
   2.9733567E+00   3.8584596E-01
   3.0062642E+00   3.8722652E-01
   3.0398264E+00   3.8876233E-01
   3.0731509E+00   3.9031124E-01
   3.1066582E+00   3.9224163E-01
   3.1400161E+00   3.9506632E-01
   3.1737282E+00   3.9921904E-01
   3.2067068E+00   4.0443850E-01
   3.2403901E+00   4.1005605E-01
   3.2736084E+00   4.1591215E-01
   3.3073518E+00   4.2224014E-01
   3.3416901E+00   4.2881063E-01
