  flscon:  version 23.2.0.01  win64 2022 
 FLOW-3D   22:52:41  03/05/2024 nhtt     
   hydr3d   version  23.2.0.20 win64     12/04/2023 HYDRO    
 Simulation Template: Free Surface - TruVOF (Default)                            

Mesh Block   1
 printing pfxob, pfyob, pfzob       
       1     1002      0.000E+00      3.342E+00
   time              pfxob_1         pfyob_1         pfzob_1
   0.0000000E+00  -2.0743762E-04   4.3776455E+00   7.0387125E-01
   8.4528676E-04   3.4639370E-02  -5.7275098E+02   1.2662501E+00
   3.1359084E-03   5.3263106E-03   4.1497149E+00   9.0298009E-01
   6.3318624E-03   4.6834215E-03   3.7966497E+00   8.1383151E-01
   9.9388575E-03   8.5195731E-03   3.8329928E+00   8.4281242E-01
   1.3145629E-02   7.5457869E-03   3.8783813E+00   8.3667666E-01
   1.6857868E-02   7.8204656E-03   3.9505024E+00   8.2689095E-01
   1.9652357E-02   7.3479512E-03   4.0018530E+00   8.1626707E-01
   2.2698363E-02   7.6287617E-03   4.0491023E+00   8.0820215E-01
   2.7483307E-02   7.3934225E-03   4.1171627E+00   8.1119972E-01
   3.0842371E-02   8.2439017E-03   4.1668530E+00   7.9043472E-01
   3.2569505E-02   6.5148016E-03   4.1729932E+00   7.8999734E-01
   3.6126915E-02   5.8435961E-03   4.1977262E+00   7.8959119E-01
   3.9842345E-02   5.4419204E-03   4.2805328E+00   7.9072642E-01
   4.3401919E-02   1.2728808E-02   4.2685432E+00   7.9317063E-01
   4.6542656E-02   7.5624892E-03   4.3879871E+00   7.9215997E-01
   5.0318543E-02   5.5909846E-03   4.4219751E+00   7.8668326E-01
   5.3524915E-02   2.1221910E-03   4.4678979E+00   7.9234260E-01
   5.6375511E-02   7.5908410E-03   4.4967985E+00   7.8445780E-01
   5.9675436E-02   1.2794333E-02   4.5440545E+00   7.8050184E-01
   6.3495509E-02   8.6264871E-03   4.6250763E+00   7.7111059E-01
   6.6371180E-02   9.2189405E-03   4.6617217E+00   7.6439768E-01
   6.9541603E-02   9.1109863E-03   4.7000866E+00   7.6474917E-01
   7.3036991E-02   5.9156851E-03   4.8137808E+00   7.6977223E-01
   7.6809086E-02   9.5636090E-03   4.8230023E+00   7.7227759E-01
   8.0529779E-02   8.3372295E-03   4.8516884E+00   7.7195954E-01
   8.4168017E-02   5.5142618E-03   4.9255199E+00   7.7060175E-01
   8.7727778E-02   7.8884484E-03   5.0568905E+00   7.6786888E-01
   9.0447985E-02   1.7486101E-02   5.0525141E+00   7.6588315E-01
   9.3447015E-02   8.3412994E-03   5.0669727E+00   7.6611042E-01
   9.6722491E-02  -1.8989036E-03   5.1318707E+00   7.6521629E-01
   9.9851765E-02   5.7525346E-03   5.3018184E+00   7.5424784E-01
   1.0301220E-01   4.6375790E-03   5.2785711E+00   7.5817227E-01
   1.0755650E-01   1.4811322E-03   5.3020296E+00   7.5829357E-01
   1.1049656E-01   8.4063821E-03   5.3765316E+00   7.5624347E-01
   1.1337725E-01   7.2329179E-03   5.4511094E+00   7.5590074E-01
   1.1760148E-01   8.5438201E-03   5.5343027E+00   7.5383478E-01
   1.2034783E-01   9.1975396E-03   5.5675797E+00   7.5455004E-01
   1.2302711E-01   7.6593282E-03   5.6108212E+00   7.5392705E-01
   1.2714039E-01   6.9929031E-03   5.6760798E+00   7.5389212E-01
   1.3002762E-01   5.3460137E-03   5.7404699E+00   7.5066471E-01
   1.3426206E-01   7.1239513E-03   5.8094883E+00   7.5017643E-01
   1.3707513E-01   7.6908884E-03   5.8556404E+00   7.4760205E-01
   1.3987055E-01   5.5196104E-03   5.9040637E+00   7.4456948E-01
   1.4371353E-01   6.7536058E-03   5.9952888E+00   7.4326795E-01
   1.4739588E-01   1.3139424E-02   6.0400472E+00   7.4085504E-01
   1.5016787E-01   9.6515529E-03   6.0910964E+00   7.3967946E-01
   1.5313633E-01   8.0695469E-03   6.1352987E+00   7.3830491E-01
   1.5747826E-01   5.6254645E-03   6.2476649E+00   7.3699021E-01
   1.5990196E-01   1.6920993E-02   6.2965159E+00   7.3631740E-01
   1.6375980E-01   1.0572922E-02   6.3577428E+00   7.3481631E-01
   1.6657598E-01   1.2620613E-02   6.4095969E+00   7.3360413E-01
   1.6968082E-01   8.6901104E-03   6.4560714E+00   7.3205787E-01
   1.7310391E-01   1.2848994E-02   6.5225067E+00   7.3042011E-01
   1.7664504E-01   1.3662768E-02   6.5890660E+00   7.2858071E-01
   1.8017161E-01   7.5511942E-03   6.6590157E+00   7.2542524E-01
   1.8368530E-01   1.2822686E-02   6.7249546E+00   7.2350287E-01
   1.8718821E-01   1.1049466E-02   6.7834129E+00   7.2204143E-01
   1.9068129E-01   1.3541744E-02   6.8503451E+00   7.1918398E-01
   1.9395152E-01   1.4385185E-02   6.9117265E+00   7.1796852E-01
   1.9737814E-01   2.0151047E-02   6.9976745E+00   7.1919477E-01
   1.9995764E-01   1.2193755E-02   7.0286889E+00   7.2001576E-01
   2.0433100E-01   1.9191874E-02   7.0892463E+00   7.1510780E-01
   2.0758776E-01   1.1961813E-02   7.1395712E+00   7.1073401E-01
   2.1025431E-01   1.6648736E-02   7.2019005E+00   7.1110988E-01
   2.1339162E-01   2.1260714E-02   7.2672124E+00   7.1201473E-01
   2.1662737E-01   1.3196710E-02   7.3245378E+00   7.1333665E-01
   2.2000934E-01   1.2859633E-02   7.3632030E+00   7.0968580E-01
   2.2362942E-01   2.2815606E-02   7.3963099E+00   7.0975769E-01
   2.2733049E-01   1.8586224E-02   7.4529448E+00   7.0421636E-01
   2.3063165E-01   1.9035218E-02   7.5332808E+00   7.0052958E-01
   2.3431836E-01   1.8454621E-02   7.5765843E+00   7.0056558E-01
   2.3678002E-01   1.6167471E-02   7.6215386E+00   6.9991630E-01
   2.4043149E-01   2.0467134E-02   7.6644025E+00   6.9901282E-01
   2.4396597E-01   2.3043703E-02   7.7097282E+00   6.9925845E-01
   2.4746698E-01   1.9380357E-02   7.7454557E+00   7.0415038E-01
   2.5088114E-01   2.4701172E-02   7.8088856E+00   7.0438647E-01
   2.5420609E-01   2.3481756E-02   7.8196921E+00   6.9408619E-01
   2.5744361E-01   2.3844365E-02   7.8855982E+00   7.0209533E-01
   2.6059821E-01   2.7213845E-02   7.9083362E+00   7.1145326E-01
   2.6367545E-01   1.9816967E-02   7.9354634E+00   6.8927503E-01
   2.6766717E-01   2.6780190E-02   7.9832015E+00   6.7787868E-01
   2.7058524E-01   2.3866700E-02   8.0037985E+00   6.8672335E-01
   2.7345541E-01   2.1691864E-02   8.0132618E+00   6.7840034E-01
   2.7719823E-01   2.2719372E-02   8.0552769E+00   6.7464495E-01
   2.8085074E-01   2.5470501E-02   8.0978403E+00   6.7079848E-01
   2.8353608E-01   2.1371897E-02   7.9886165E+00   6.6849124E-01
   2.8705043E-01   2.5616353E-02   8.1762114E+00   6.6856247E-01
   2.9049966E-01   1.3175975E-02   8.2320776E+00   6.6437978E-01
   2.9389322E-01   2.7743699E-02   8.0809641E+00   6.7350614E-01
   2.9723495E-01   4.1766576E-02   8.1182117E+00   6.2591523E-01
   3.0071697E-01   7.0019476E-03   8.2059946E+00   6.3796288E-01
   3.0360827E-01   2.8564690E-02   8.2279158E+00   6.4562064E-01
   3.0762255E-01   2.9596968E-02   8.1677094E+00   6.4365876E-01
   3.1080899E-01   2.4512334E-02   8.1864452E+00   6.3972294E-01
   3.1397355E-01   2.0774623E-02   8.2174320E+00   6.3231456E-01
   3.1712553E-01   1.8315136E-02   8.2038450E+00   6.2967974E-01
   3.2102990E-01   2.6943838E-02   8.1937714E+00   6.2747669E-01
   3.2412896E-01   1.7457779E-02   8.2068310E+00   6.2547064E-01
   3.2726353E-01   1.8521721E-02   8.2425556E+00   6.1857367E-01
   3.3038107E-01   2.2090340E-02   8.2541113E+00   6.1718792E-01
   3.3396813E-01   5.1053729E-02   8.1843443E+00   6.0809994E-01
   3.3715391E-01   1.8593080E-02   8.0809393E+00   5.9686965E-01
   3.4113315E-01   3.5246093E-02   8.1090631E+00   6.0979503E-01
   3.4372854E-01   2.1131447E-02   8.1854916E+00   6.0759646E-01
   3.4757635E-01   1.8245410E-02   8.1432819E+00   6.0389292E-01
   3.5054466E-01   2.3054890E-02   8.1190128E+00   6.0068649E-01
   3.5458267E-01   2.5525147E-02   7.9529428E+00   5.9316939E-01
   3.5762164E-01   1.9938633E-02   7.9518070E+00   5.9367591E-01
   3.6075646E-01   2.8253039E-02   7.9721231E+00   5.9209335E-01
   3.6397025E-01   2.6922641E-02   7.9707985E+00   5.8669299E-01
   3.6724192E-01   2.1477440E-02   7.9260182E+00   5.8574933E-01
   3.7086296E-01   4.9202815E-02   7.6448460E+00   5.8197868E-01
   3.7399194E-01   1.2572154E-03   7.9813833E+00   5.8762115E-01
   3.7757617E-01   1.2725864E-02   7.7022786E+00   5.7678705E-01
   3.8099891E-01   2.5687721E-02   7.6234426E+00   5.6955290E-01
   3.8421452E-01   2.7465984E-02   7.6313739E+00   5.6193358E-01
   3.8791162E-01   2.8423948E-02   7.6077709E+00   5.5985540E-01
   3.9104116E-01   2.6837086E-02   7.5883451E+00   5.5746484E-01
   3.9415821E-01   3.2285988E-02   7.4886885E+00   5.5422151E-01
   3.9725864E-01   2.6007794E-02   7.3936620E+00   5.5251890E-01
   4.0065160E-01   1.5095915E-02   7.2486982E+00   5.5389422E-01
   4.0436375E-01   2.8268697E-02   7.3250346E+00   5.6571251E-01
   4.0751600E-01   2.6198849E-03   7.2404099E+00   5.5885351E-01
   4.1132623E-01   2.6865315E-02   7.0588508E+00   5.4727185E-01
   4.1434869E-01   2.3985876E-02   6.9991741E+00   5.4175752E-01
   4.1736695E-01   2.9674374E-02   6.9191704E+00   5.3465825E-01
   4.2083639E-01   3.6771934E-02   6.8290710E+00   5.2807951E-01
   4.2381120E-01   1.8894387E-02   6.7930770E+00   5.2721179E-01
   4.2779896E-01   5.3526193E-02   6.7281175E+00   5.2716166E-01
   4.3077484E-01   3.9058905E-02   6.5517569E+00   5.2635795E-01
   4.3475580E-01   2.5873715E-02   6.4064264E+00   5.2481949E-01
   4.3773782E-01   3.4627222E-04   6.3523493E+00   5.2716464E-01
   4.4094497E-01  -1.2489965E-02   6.2332525E+00   6.1381739E-01
   4.4429114E-01   6.8137324E-03   6.0148568E+00   5.2394313E-01
   4.4769272E-01  -1.8244030E-02   6.0122662E+00   5.0891644E-01
   4.5127255E-01   7.5939842E-02   5.9601068E+00   4.9444121E-01
   4.5431244E-01   3.9237756E-03   5.8410826E+00   4.9299887E-01
   4.5800743E-01   2.8363170E-02   5.7060518E+00   4.9616578E-01
   4.6103689E-01   1.7592067E-02   5.5690050E+00   4.9828976E-01
   4.6419713E-01   6.4645601E-03   5.1444268E+00   5.5344641E-01
   4.6739250E-01   3.8009375E-02   5.3371630E+00   4.9087161E-01
   4.7058019E-01   1.6804906E-02   5.3352523E+00   4.9177992E-01
   4.7483706E-01   2.0431293E-02   5.2250495E+00   4.8468381E-01
   4.7778484E-01   4.2742375E-02   4.9141722E+00   4.7559413E-01
   4.8076046E-01   3.6025844E-03   4.7736659E+00   4.7394577E-01
   4.8437732E-01   1.8229421E-02   4.7691736E+00   4.7494972E-01
   4.8759288E-01   2.4317807E-02   4.7464509E+00   4.7880810E-01
   4.9105147E-01   3.1849470E-02   4.5586882E+00   4.7376913E-01
   4.9436843E-01   1.2208101E-02   4.3217945E+00   4.6965849E-01
   4.9778476E-01   1.2430968E-02   4.2087483E+00   4.6733263E-01
   5.0127262E-01   7.7276370E-03   4.1230240E+00   4.6661779E-01
   5.0481623E-01   1.5009917E-02   4.0235219E+00   4.6316430E-01
   5.0836885E-01   2.9352875E-03   3.8965917E+00   4.5777854E-01
   5.1075131E-01   1.4007306E-02   3.4890897E+00   4.4717172E-01
   5.1413089E-01   1.4513507E-02   3.6972821E+00   4.4642684E-01
   5.1777947E-01  -1.4676872E-02   3.6542649E+00   4.4336617E-01
   5.2143937E-01   1.2060102E-02   3.4722791E+00   4.4082695E-01
   5.2388090E-01   1.7008601E-02   2.6283073E+00   4.3884221E-01
   5.2759552E-01  -2.2638913E-03   3.3321786E+00   4.4314691E-01
   5.3132087E-01   5.3989552E-03   3.1871397E+00   4.3927240E-01
   5.3501850E-01   4.6090493E-03   2.0741680E+00   4.2904356E-01
   5.3736436E-01  -1.6988687E-02   3.2334611E+00   4.2903408E-01
   5.4172081E-01   4.6740030E-03   2.1224248E+00   4.2239565E-01
   5.4492366E-01   4.3693502E-02   1.9357711E+00   4.2262828E-01
   5.4782254E-01  -6.0559958E-02   2.4085305E+00   4.2851380E-01
   5.5132270E-01   1.1418848E-03   2.0363631E+00   4.2126232E-01
   5.5449396E-01  -1.0950041E-02   1.9184520E+00   4.1865185E-01
   5.5762422E-01   9.2536481E-03   1.7929256E+00   4.1560084E-01
   5.6134003E-01   1.1241557E-03   1.4676675E+00   4.1233665E-01
   5.6464744E-01  -1.4779081E-02   1.4748024E+00   4.1129285E-01
   5.6788200E-01  -1.8575519E-02   1.3498822E+00   4.0793678E-01
   5.7127529E-01  -2.3920488E-02   1.0196012E+00   4.0832144E-01
   5.7469243E-01  -1.4229617E-02   1.0316226E+00   4.0864506E-01
   5.7800716E-01  -2.5044719E-02   8.7725252E-01   4.0831581E-01
   5.8112931E-01  -2.8920889E-02   7.3732996E-01   4.0809146E-01
   5.8457696E-01  -2.6509091E-02   5.9879071E-01   4.0724948E-01
   5.8799058E-01  -2.4867339E-02   5.0470024E-01   4.0496492E-01
   5.9117067E-01  -2.4049819E-02   3.7851131E-01   4.0343973E-01
   5.9460521E-01  -1.7683977E-02   1.7246781E-01   4.0244049E-01
   5.9764034E-01  -2.3233784E-02   5.4707635E-02   4.0226394E-01
   6.0115927E-01  -2.7043397E-02   2.5425117E-02   4.0068832E-01
   6.0473585E-01  -1.4384493E-02  -1.9810763E-01   4.0114275E-01
   6.0833544E-01  -3.4283269E-02  -4.5243719E-01   3.9996132E-01
   6.1176294E-01  -3.6029391E-02  -5.5423152E-01   4.0001091E-01
   6.1468488E-01  -1.9661602E-02  -6.5913719E-01   4.0160888E-01
   6.1785436E-01  -4.0306941E-02  -7.6788950E-01   4.0154752E-01
   6.2126672E-01  -2.5682986E-02  -8.7650263E-01   4.0177345E-01
   6.2466806E-01  -2.3203224E-03  -1.0815834E+00   4.0095994E-01
   6.2839735E-01  -3.0998176E-02  -1.1792130E+00   4.0113765E-01
   6.3090789E-01  -2.5036991E-02  -1.1675751E+00   4.0622067E-01
   6.3464206E-01  -2.6053069E-02  -1.5349336E+00   3.9935556E-01
   6.3851774E-01  -1.5799223E-02  -1.4869609E+00   3.9793432E-01
   6.4106250E-01  -2.7323669E-02  -1.5829507E+00   4.0092272E-01
   6.4478612E-01  -3.1498384E-02  -1.9832786E+00   4.0755996E-01
   6.4814216E-01  -9.0497851E-02  -1.8551298E+00   4.0447867E-01
   6.5117425E-01  -5.1712032E-02  -1.8681591E+00   4.0628862E-01
   6.5462255E-01  -2.4249598E-02  -2.1707964E+00   4.0999287E-01
   6.5831554E-01  -2.7065467E-02  -2.2531619E+00   4.0493092E-01
   6.6132849E-01  -2.6669284E-02  -2.3824842E+00   4.0415457E-01
   6.6482300E-01  -5.1514868E-02  -2.5040660E+00   4.1313598E-01
   6.6785377E-01  -3.5133447E-02  -2.6901278E+00   4.1535616E-01
   6.7115557E-01  -5.2951690E-02  -2.8231905E+00   4.2108169E-01
   6.7523474E-01  -2.4480371E-02  -2.9074314E+00   4.2770472E-01
   6.7856520E-01  -4.4445120E-02  -3.0052917E+00   4.2843145E-01
   6.8194842E-01  -3.7949111E-02  -3.1720774E+00   4.3087468E-01
   6.8427342E-01  -1.1289122E-02  -3.2253730E+00   4.3074816E-01
   6.8775535E-01   8.4087746E-03  -3.3370299E+00   4.3092847E-01
   6.9120628E-01  -3.4737840E-02  -3.4655790E+00   4.3188342E-01
   6.9462729E-01  -2.4534307E-02  -3.5406370E+00   4.3173531E-01
   6.9804347E-01  -1.1849764E-02  -3.6389308E+00   4.3302304E-01
   7.0144975E-01  -2.2087676E-02  -3.7443664E+00   4.4048661E-01
   7.0477265E-01  -1.0268281E-03  -3.9056988E+00   4.3916234E-01
   7.0801765E-01  -1.4660321E-02  -3.9398899E+00   4.4716370E-01
   7.1118641E-01  -2.1173539E-02  -4.0286837E+00   4.4824064E-01
   7.1531171E-01   2.0315102E-04  -4.1166725E+00   4.5785704E-01
   7.1833467E-01  -1.3236563E-02  -4.2468915E+00   4.5102236E-01
   7.2130650E-01  -1.6874455E-02  -4.3598442E+00   4.5300087E-01
   7.2524530E-01  -1.6479161E-02  -4.4132209E+00   4.5623034E-01
   7.2815514E-01   6.7697507E-03  -4.4778299E+00   4.5198855E-01
   7.3205155E-01  -2.8324138E-02  -4.5755930E+00   4.5925993E-01
   7.3493290E-01  -1.5592193E-02  -4.6500664E+00   4.5974052E-01
   7.3868752E-01  -1.4146745E-02  -4.7314749E+00   4.5714208E-01
   7.4152565E-01  -2.4005786E-02  -4.7818336E+00   4.6209964E-01
   7.4526089E-01  -1.4037019E-02  -4.8904438E+00   4.6658534E-01
   7.4814683E-01   1.8301358E-02  -4.9781590E+00   4.6643871E-01
   7.5189346E-01  -7.3529594E-03  -5.0433989E+00   4.7104180E-01
   7.5474840E-01  -1.0385934E-03  -5.1063147E+00   4.7574788E-01
   7.5858635E-01   3.9646914E-03  -5.2143159E+00   4.8659948E-01
   7.6147306E-01  -1.3745666E-02  -5.2731524E+00   4.9501520E-01
   7.6535881E-01  -7.3047196E-03  -5.3262072E+00   4.9675310E-01
   7.6815158E-01  -1.2806161E-02  -5.3889880E+00   4.9918786E-01
   7.7149165E-01   7.8236097E-03  -5.4603996E+00   5.1027095E-01
   7.7530658E-01   2.9143961E-02  -5.5286894E+00   5.0794667E-01
   7.7839071E-01   5.8150291E-03  -5.5986848E+00   5.2285904E-01
   7.8172362E-01   5.4094288E-04  -5.6111379E+00   5.1853096E-01
   7.8538364E-01   1.9245392E-02  -5.7097516E+00   5.2508765E-01
   7.8838652E-01  -9.6711144E-03  -5.7484593E+00   5.3114986E-01
   7.9199952E-01   9.2389816E-03  -5.8431849E+00   5.3834766E-01
   7.9521161E-01   1.8414022E-02  -5.8923426E+00   5.4553193E-01
   7.9810953E-01   2.0678543E-02  -5.9219203E+00   5.4657781E-01
   8.0147970E-01  -1.5221365E-02  -5.9626765E+00   5.5916947E-01
   8.0496037E-01   2.5035366E-03  -6.0324607E+00   5.6359273E-01
   8.0818921E-01  -8.5831573E-03  -6.0786848E+00   5.6232655E-01
   8.1169605E-01  -4.0275615E-02  -6.1427951E+00   5.6253415E-01
   8.1546170E-01   9.5350118E-03  -6.1684699E+00   5.7472461E-01
   8.1879699E-01  -1.7774945E-02  -6.2242193E+00   5.7223785E-01
   8.2178396E-01   5.4548781E-02  -6.2818708E+00   5.7639939E-01
   8.2496774E-01   1.3750700E-02  -6.3145480E+00   5.8237779E-01
   8.2872182E-01   1.2154602E-02  -6.4182048E+00   5.8680320E-01
   8.3189464E-01   3.7952282E-02  -6.4369731E+00   5.9186155E-01
   8.3500189E-01   1.1328016E-02  -6.4802375E+00   5.9782583E-01
   8.3890915E-01  -1.7821731E-02  -6.5280833E+00   6.0124546E-01
   8.4154075E-01   3.0657398E-02  -6.5333791E+00   6.0514921E-01
   8.4561813E-01   1.2135008E-02  -6.6104312E+00   6.1210084E-01
   8.4894550E-01   5.3020795E-03  -6.6303287E+00   6.1539882E-01
   8.5225528E-01  -1.4982123E-02  -6.6572270E+00   6.1599702E-01
   8.5539669E-01   5.1676366E-02  -6.7447023E+00   6.1877853E-01
   8.5820311E-01   2.0915017E-02  -6.7501450E+00   6.1950302E-01
   8.6169350E-01  -7.1930080E-03  -6.8112931E+00   6.1804324E-01
   8.6501873E-01   1.5034137E-02  -6.8294144E+00   6.2504023E-01
   8.6828279E-01   1.9316917E-02  -6.8728132E+00   6.2891263E-01
   8.7209278E-01   1.6500032E-02  -6.9259710E+00   6.2871379E-01
   8.7532681E-01   1.0170619E-02  -6.9446836E+00   6.3240820E-01
   8.7857056E-01   2.7231432E-02  -6.9627957E+00   6.3204956E-01
   8.8157701E-01  -2.1017915E-02  -6.9987297E+00   6.3760322E-01
   8.8475347E-01   9.6200882E-03  -7.0037622E+00   6.3784486E-01
   8.8841027E-01   2.3874823E-02  -7.0421524E+00   6.3837558E-01
   8.9165735E-01  -2.2994995E-03  -7.1104155E+00   6.4206022E-01
   8.9545524E-01   1.6320077E-03  -7.1143680E+00   6.4010859E-01
   8.9865416E-01   8.6517157E-03  -7.1429844E+00   6.4662534E-01
   9.0149820E-01   1.0789928E-02  -7.1532593E+00   6.4541781E-01
   9.0574044E-01   1.0992486E-02  -7.1686368E+00   6.4558947E-01
   9.0895218E-01   1.3144981E-02  -7.2025619E+00   6.4683717E-01
   9.1218430E-01  -1.0671083E-02  -7.2364039E+00   6.4993197E-01
   9.1538173E-01   3.2763039E-03  -7.2310152E+00   6.4891535E-01
   9.1902477E-01  -8.6368117E-03  -7.2588911E+00   6.5051746E-01
   9.2215335E-01   1.5119877E-02  -7.2728353E+00   6.5025747E-01
   9.2506963E-01   1.5188931E-02  -7.3000455E+00   6.4758182E-01
   9.2831063E-01  -1.0896478E-05  -7.3118992E+00   6.5389264E-01
   9.3225014E-01   1.1244172E-02  -7.3178139E+00   6.5755320E-01
   9.3542165E-01   2.4996417E-02  -7.3250875E+00   6.5816158E-01
   9.3862075E-01   3.6002547E-03  -7.3267717E+00   6.5950811E-01
   9.4200832E-01  -1.6391863E-03  -7.3303800E+00   6.6008967E-01
   9.4520241E-01  -7.0016999E-03  -7.3306980E+00   6.5554619E-01
   9.4883490E-01  -5.6459312E-04  -7.3213348E+00   6.5337086E-01
   9.5199388E-01   1.3484837E-02  -7.3443599E+00   6.6342640E-01
   9.5569354E-01  -1.1616698E-02  -7.3438635E+00   6.5944129E-01
   9.5897496E-01   2.5954157E-02  -7.2685528E+00   6.5724915E-01
   9.6189225E-01   2.3946131E-02  -7.3197885E+00   6.5635860E-01
   9.6508938E-01   2.6005763E-03  -7.3350201E+00   6.5721983E-01
   9.6826571E-01   1.2491323E-02  -7.3267150E+00   6.5886176E-01
   9.7167456E-01   1.0459422E-03  -7.3538737E+00   6.6252774E-01
   9.7515625E-01   9.3348613E-03  -7.3151507E+00   6.6429508E-01
   9.7894418E-01   6.2875628E-02  -7.3269176E+00   6.6749775E-01
   9.8220289E-01   2.8698459E-02  -7.3046761E+00   6.7147613E-01
   9.8520643E-01  -1.2119952E-02  -7.3074784E+00   6.6800529E-01
   9.8889130E-01   5.4019401E-03  -7.2706165E+00   6.7430443E-01
   9.9201083E-01   1.9482922E-02  -7.2663412E+00   6.8605721E-01
   9.9583548E-01   7.4400310E-03  -7.2309523E+00   6.7774141E-01
   9.9896622E-01   6.4319172E-03  -7.2602553E+00   6.7816722E-01
   1.0020280E+00   5.5142441E-03  -7.2449732E+00   6.7985821E-01
   1.0056854E+00   1.5004603E-02  -7.1968627E+00   6.8203282E-01
   1.0086840E+00   2.5469076E-03  -7.1821280E+00   6.8554872E-01
   1.0118037E+00  -4.8184986E-03  -7.1552515E+00   6.8930262E-01
   1.0155543E+00  -5.0486700E-04  -7.1413255E+00   6.9173461E-01
   1.0188684E+00   1.5563885E-02  -7.1319728E+00   6.9820398E-01
   1.0221573E+00   8.1897285E-03  -7.0953064E+00   6.9828892E-01
   1.0260487E+00   5.1256502E-03  -7.0521870E+00   7.0065671E-01
   1.0290987E+00   7.2957808E-03  -7.0412216E+00   7.0140636E-01
   1.0321172E+00  -7.8617400E-03  -7.0224838E+00   7.0251679E-01
   1.0352091E+00   8.5827140E-03  -7.0080719E+00   7.0571011E-01
   1.0385002E+00  -9.6136527E-03  -6.9653959E+00   7.0794702E-01
   1.0418839E+00   6.0490821E-03  -6.9356670E+00   7.0952296E-01
   1.0452685E+00   1.4724302E-02  -6.9126763E+00   7.1090722E-01
   1.0486553E+00  -1.1678458E-02  -6.8751607E+00   7.1297598E-01
   1.0520450E+00   2.3123072E-02  -6.8469977E+00   7.1457994E-01
   1.0553406E+00   9.4860271E-03  -6.8226900E+00   7.1598512E-01
   1.0585133E+00   5.3848298E-03  -6.8037424E+00   7.1701002E-01
   1.0627488E+00   8.1443209E-03  -6.7254348E+00   7.1930051E-01
   1.0661163E+00   1.4887209E-02  -6.7020650E+00   7.2008711E-01
   1.0695266E+00   1.1042097E-02  -6.6776595E+00   7.2198367E-01
   1.0718021E+00   8.6523232E-04  -6.6592236E+00   7.2104394E-01
   1.0751705E+00   1.1287708E-03  -6.6359692E+00   7.2225142E-01
   1.0785285E+00   2.8143977E-04  -6.5651302E+00   7.2640276E-01
   1.0819434E+00   2.0984724E-02  -6.5510554E+00   7.2297013E-01
   1.0853688E+00   6.7103747E-03  -6.5116553E+00   7.2414082E-01
   1.0887965E+00  -1.9266051E-03  -6.4935756E+00   7.2434163E-01
   1.0922264E+00   8.8928570E-04  -6.4367952E+00   7.2572225E-01
   1.0956579E+00   2.4719926E-02  -6.4128642E+00   7.2535509E-01
   1.0990912E+00   4.9104686E-03  -6.3620219E+00   7.2587597E-01
   1.1023855E+00   3.8045861E-03  -6.3290954E+00   7.2644794E-01
   1.1056983E+00   1.4257510E-02  -6.2999563E+00   7.2728038E-01
   1.1091702E+00   9.6629011E-03  -6.2717633E+00   7.2718221E-01
   1.1126736E+00   2.9207045E-02  -6.2084627E+00   7.2741038E-01
   1.1161953E+00   1.9256901E-02  -6.1646557E+00   7.2740495E-01
   1.1196468E+00   1.3274979E-02  -6.1692553E+00   7.2738349E-01
   1.1227640E+00   1.3729944E-02  -6.1115689E+00   7.2796816E-01
   1.1260530E+00   9.9702002E-03  -6.0468092E+00   7.2831708E-01
   1.1292661E+00   1.3133898E-02  -5.9802046E+00   7.2884148E-01
   1.1324085E+00   7.8093163E-03  -5.9925199E+00   7.2891259E-01
   1.1354846E+00   1.5835447E-02  -5.9774156E+00   7.2908586E-01
   1.1394899E+00   2.3686368E-02  -5.8938112E+00   7.2966307E-01
   1.1424264E+00   2.9758627E-02  -5.8419209E+00   7.3071498E-01
   1.1462578E+00   6.5554213E-03  -5.8344135E+00   7.3101908E-01
   1.1490721E+00   1.8450882E-02  -5.7972412E+00   7.3078662E-01
   1.1527504E+00   1.2813179E-02  -5.7193327E+00   7.3206002E-01
   1.1554565E+00   1.2410367E-02  -5.6870499E+00   7.3254061E-01
   1.1589988E+00   4.8466171E-03  -5.6204338E+00   7.3298556E-01
   1.1624699E+00   1.2221226E-02  -5.5852160E+00   7.3413724E-01
   1.1658739E+00   8.5730180E-03  -5.5273066E+00   7.3564726E-01
   1.1692145E+00   2.0123780E-02  -5.4920125E+00   7.3493689E-01
   1.1724951E+00   2.5981311E-02  -5.4512749E+00   7.3590606E-01
   1.1758368E+00   9.8815765E-03  -5.3801847E+00   7.3726612E-01
   1.1791362E+00   2.1598812E-03  -5.3452787E+00   7.3790765E-01
   1.1823839E+00   9.1346167E-03  -5.3073611E+00   7.3850352E-01
   1.1855825E+00   2.3903916E-02  -5.2614889E+00   7.4023092E-01
   1.1895146E+00   1.3617151E-02  -5.2123518E+00   7.4062347E-01
   1.1926101E+00   1.3649685E-02  -5.1687202E+00   7.4282485E-01
   1.1956629E+00   1.1867701E-02  -5.1153722E+00   7.4343193E-01
   1.1994212E+00   1.1968468E-02  -5.0554695E+00   7.4449998E-01
   1.2023839E+00   1.4652225E-02  -5.0269556E+00   7.4499542E-01
   1.2060347E+00   1.1227235E-02  -4.9468956E+00   7.4659699E-01
   1.2096295E+00   1.4840561E-02  -4.8889360E+00   7.4733305E-01
   1.2124668E+00   1.4397956E-02  -4.8555403E+00   7.4780166E-01
   1.2159672E+00   1.3091008E-02  -4.8219495E+00   7.4851668E-01
   1.2194182E+00   1.9317152E-02  -4.7636132E+00   7.4965060E-01
   1.2228217E+00   1.2764285E-02  -4.6839185E+00   7.5098097E-01
   1.2261798E+00   1.3821324E-02  -4.6278763E+00   7.5249159E-01
   1.2294943E+00   1.1047257E-02  -4.5791879E+00   7.5274646E-01
   1.2327667E+00   1.1928899E-02  -4.5532575E+00   7.5355333E-01
   1.2359987E+00   1.3186661E-02  -4.4929132E+00   7.5337636E-01
   1.2391917E+00   1.5868217E-02  -4.4601698E+00   7.5493103E-01
   1.2429737E+00   5.4506245E-03  -4.3534293E+00   7.5639510E-01
   1.2460856E+00   1.1580344E-02  -4.3360214E+00   7.5599378E-01
   1.2491627E+00   7.3234513E-03  -4.2933807E+00   7.5541735E-01
   1.2528108E+00   1.4537746E-02  -4.1950846E+00   7.5765073E-01
   1.2558151E+00   1.6561413E-02  -4.1551828E+00   7.5845623E-01
   1.2593790E+00   1.5543885E-02  -4.1053391E+00   7.5924122E-01
   1.2628994E+00   1.5227441E-02  -4.0604749E+00   7.5973248E-01
   1.2658008E+00   1.9455165E-02  -3.9998331E+00   7.6064110E-01
   1.2692453E+00   1.6497653E-02  -3.9104252E+00   7.6109707E-01
   1.2726504E+00   1.4524463E-02  -3.8615808E+00   7.6217330E-01
   1.2760174E+00   1.4306790E-02  -3.8516078E+00   7.6243436E-01
   1.2793477E+00   1.3783802E-02  -3.7803657E+00   7.6357734E-01
   1.2826422E+00   1.6312031E-02  -3.7161236E+00   7.6380134E-01
   1.2859024E+00   5.4166564E-03  -3.6408794E+00   7.6421624E-01
   1.2896637E+00   2.0108614E-02  -3.5628741E+00   7.6499128E-01
   1.2928526E+00   2.5735820E-02  -3.5565152E+00   7.6809090E-01
   1.2960104E+00   1.2414422E-02  -3.4883163E+00   7.6502043E-01
   1.2996559E+00   8.5540889E-03  -3.3668652E+00   7.6555246E-01
   1.3029391E+00   9.6869580E-03  -3.3556657E+00   7.6844031E-01
   1.3063524E+00   1.5301619E-02  -3.2927885E+00   7.6838219E-01
   1.3093731E+00   1.1159872E-02  -3.2040815E+00   7.6501751E-01
   1.3131939E+00   8.3243586E-03  -3.1533871E+00   7.6882923E-01
   1.3159761E+00   8.4011517E-03  -3.1290867E+00   7.7019370E-01
   1.3191049E+00   8.1988340E-03  -3.0634551E+00   7.7065438E-01
   1.3228809E+00   8.9836046E-03  -3.0219324E+00   7.6937354E-01
   1.3257767E+00   8.9144176E-03  -2.9335284E+00   7.7111477E-01
   1.3297626E+00   6.9422317E-03  -2.8697448E+00   7.7230293E-01
   1.3327719E+00   8.8059641E-03  -2.8096855E+00   7.7229911E-01
   1.3358773E+00   6.9757388E-03  -2.7366297E+00   7.7278519E-01
   1.3390810E+00   6.7170095E-03  -2.6789775E+00   7.7366024E-01
   1.3434370E+00   4.6487312E-05  -2.6079450E+00   7.7364194E-01
   1.3462952E+00   6.7957211E-03  -2.5583730E+00   7.7545273E-01
   1.3493657E+00   1.0100356E-02  -2.4200628E+00   7.7371806E-01
   1.3532846E+00   7.2144037E-03  -2.4261389E+00   7.7656507E-01
   1.3561380E+00   7.0047280E-04  -2.4150856E+00   7.7761102E-01
   1.3598199E+00   8.2525834E-03  -2.2644224E+00   7.7612752E-01
   1.3625009E+00   7.6211020E-03  -2.1807933E+00   7.7622545E-01
   1.3662628E+00   3.8371794E-03  -2.1201296E+00   7.7722961E-01
   1.3691884E+00   2.7700986E-03  -2.1026020E+00   7.7761364E-01
   1.3734356E+00   3.1326301E-03  -2.0308836E+00   7.7847677E-01
   1.3766389E+00   6.1056954E-03  -1.9335506E+00   7.7659351E-01
   1.3797402E+00   2.8388340E-03  -1.8288088E+00   7.7974218E-01
   1.3829892E+00  -3.5899584E-03  -1.7719847E+00   7.7984911E-01
   1.3862375E+00  -4.6703455E-04  -1.7348531E+00   7.8066623E-01
   1.3894850E+00  -2.3960799E-03  -1.6876777E+00   7.8047526E-01
   1.3927320E+00  -3.6564879E-03  -1.6065736E+00   7.8083342E-01
   1.3959785E+00  -5.8130169E-04  -1.4784861E+00   7.8124422E-01
   1.3992245E+00  -1.8893363E-03  -1.4348158E+00   7.8198189E-01
   1.4035519E+00   1.2125602E-03  -1.3823801E+00   7.7982837E-01
   1.4067971E+00  -6.6519028E-04  -1.3036140E+00   7.8210193E-01
   1.4100418E+00   7.2117769E-03  -1.2031531E+00   7.8222430E-01
   1.4132863E+00   3.6724536E-03  -1.1021060E+00   7.8247464E-01
   1.4165306E+00   8.5892080E-04  -1.0523772E+00   7.8236747E-01
   1.4197762E+00   4.5075300E-04  -1.0119215E+00   7.8270251E-01
   1.4230226E+00  -4.8603797E-03  -9.3538648E-01   7.8388208E-01
   1.4267277E+00  -1.3768710E-03  -8.2934988E-01   7.8215855E-01
   1.4295765E+00   6.1564497E-03  -7.1756238E-01   7.8345466E-01
   1.4327869E+00  -2.4587994E-03  -6.9388974E-01   7.8437799E-01
   1.4360335E+00  -3.9948309E-03  -6.5164548E-01   7.8387004E-01
   1.4392799E+00  -2.3836328E-03  -5.2359450E-01   7.8435415E-01
   1.4436085E+00   8.2022161E-05  -4.4129583E-01   7.8402084E-01
   1.4468551E+00  -2.3350203E-03  -3.6146405E-01   7.8446037E-01
   1.4501017E+00  -2.7676560E-03  -2.8328609E-01   7.8258359E-01
   1.4533485E+00   6.2637223E-04  -2.0656125E-01   7.8450519E-01
   1.4565953E+00  -1.4987363E-03  -1.2936693E-01   7.8529185E-01
   1.4598423E+00   2.5763051E-03  -5.3759139E-02   7.8518051E-01
   1.4630896E+00  -8.3146617E-03   4.3506874E-03   7.8618038E-01
   1.4665935E+00   4.0976461E-03   1.0683569E-01   7.8481865E-01
   1.4698956E+00  -9.6092309E-04   2.2769441E-01   7.8626949E-01
   1.4734701E+00   1.0519051E-02   2.6823631E-01   7.8851950E-01
   1.4765449E+00  -5.9482455E-03   3.1843236E-01   7.8642046E-01
   1.4796412E+00  -1.1173953E-02   3.9755681E-01   7.8837997E-01
   1.4837117E+00  -3.2852304E-03   5.0014716E-01   7.8737515E-01
   1.4867241E+00   3.6110678E-03   5.6826836E-01   7.8664654E-01
   1.4897052E+00   2.8167346E-03   7.0141160E-01   7.8666300E-01
   1.4936477E+00   6.9902762E-04   7.5851518E-01   7.8827393E-01
   1.4965819E+00  -5.0790020E-04   8.0014884E-01   7.8704327E-01
   1.4994967E+00   1.2202399E-03   8.5931379E-01   7.8766954E-01
   1.5033543E+00   1.2544536E-02   9.9130595E-01   7.8941208E-01
   1.5062269E+00  -2.6388824E-02   1.1019993E+00   7.8876084E-01
   1.5100304E+00  -2.8117029E-03   1.2113360E+00   7.8908002E-01
   1.5128638E+00   1.9390731E-03   1.2362906E+00   7.8990972E-01
   1.5166166E+00  -5.6087822E-03   1.2743694E+00   7.8877670E-01
   1.5203416E+00  -1.0169516E-02   1.4520704E+00   7.8933764E-01
   1.5231175E+00   8.7515861E-03   1.5095626E+00   7.9190797E-01
   1.5267954E+00  -1.2558471E-02   1.6052014E+00   7.8935349E-01
   1.5304470E+00   1.8025324E-03   1.7026107E+00   7.9076910E-01
   1.5330899E+00  -9.2466976E-03   1.7360379E+00   7.8948522E-01
   1.5369233E+00   5.7019866E-03   1.8848544E+00   7.9004705E-01
   1.5397147E+00  -1.0465171E-02   1.9273866E+00   7.9060405E-01
   1.5429001E+00   2.5399780E-02   1.9908609E+00   7.8962690E-01
   1.5472231E+00   6.3220356E-03   2.1612363E+00   7.8853309E-01
   1.5504766E+00  -9.9051662E-04   2.2337856E+00   7.8944105E-01
   1.5537306E+00   2.1308847E-03   2.2782526E+00   7.8966469E-01
   1.5569314E+00  -6.2948503E-03   2.3146586E+00   7.8818983E-01
   1.5598043E+00  -1.5690118E-02   2.4446399E+00   7.8861392E-01
   1.5633878E+00  -4.4388280E-04   2.5644197E+00   7.9142207E-01
   1.5670033E+00  -1.2301828E-02   2.6224267E+00   7.9021460E-01
   1.5701520E+00  -2.2310447E-02   2.7040558E+00   7.8967452E-01
   1.5734092E+00   6.6455486E-03   2.7881327E+00   7.8918749E-01
   1.5766569E+00  -1.7543236E-02   2.9202375E+00   7.8860861E-01
   1.5797824E+00   2.8133269E-03   2.9493845E+00   7.8959668E-01
   1.5834819E+00  -3.7328142E-03   3.0339973E+00   7.8911257E-01
   1.5863051E+00   4.5156904E-04   3.1118541E+00   7.8878850E-01
   1.5901697E+00  -4.7399588E-03   3.2312987E+00   7.8763938E-01
   1.5930073E+00  -8.0377012E-03   3.2954824E+00   7.8823853E-01
   1.5967150E+00  -1.2123075E-02   3.3782849E+00   7.8855789E-01
   1.6003412E+00   2.0165772E-03   3.5153320E+00   7.8771615E-01
   1.6038910E+00  -1.2486894E-02   3.5983734E+00   7.8791988E-01
   1.6065061E+00  -1.2538679E-03   3.6428261E+00   7.8792715E-01
   1.6099333E+00  -9.0947170E-03   3.7435853E+00   7.8968656E-01
   1.6132958E+00  -3.6697821E-03   3.8445401E+00   7.8739959E-01
   1.6165973E+00   1.2024701E-04   3.9107163E+00   7.8864712E-01
   1.6198407E+00  -8.4464503E-03   3.9892094E+00   7.8720498E-01
   1.6238183E+00  -1.7795968E-03   4.0865016E+00   7.8752208E-01
   1.6269419E+00   5.2576847E-03   4.1527061E+00   7.8706950E-01
   1.6300164E+00  -8.8983849E-03   4.2950220E+00   7.8201330E-01
   1.6337940E+00   1.3151972E-02   4.4188418E+00   7.8781575E-01
   1.6367658E+00  -1.9139332E-04   4.4611363E+00   7.8729028E-01
   1.6404213E+00  -6.7192814E-03   4.5188608E+00   7.8512299E-01
   1.6433002E+00  -2.5358293E-04   4.5676365E+00   7.9156268E-01
   1.6468447E+00  -1.9570142E-03   4.7303972E+00   7.8798246E-01
   1.6498703E+00  -4.5073600E-03   4.7868328E+00   8.0081385E-01
   1.6535476E+00  -6.3553872E-03   4.8541560E+00   8.0137497E-01
   1.6566627E+00  -6.5786839E-03   4.9300346E+00   7.9060704E-01
   1.6607114E+00  -7.0270179E-03   5.0525990E+00   7.9035991E-01
   1.6636844E+00   1.1320082E-02   5.1169906E+00   7.8944635E-01
   1.6666574E+00  -3.5935906E-03   5.2248712E+00   7.9385620E-01
   1.6706215E+00  -1.6169637E-03   5.2551212E+00   7.9356408E-01
   1.6735947E+00   2.9792362E-03   5.3316288E+00   7.9526013E-01
   1.6765678E+00  -1.1563769E-02   5.4372678E+00   7.9604203E-01
   1.6804481E+00  -9.9001324E-04   5.5471392E+00   7.9590875E-01
   1.6834220E+00  -1.3683471E-02   5.5719428E+00   7.9948127E-01
   1.6873864E+00  -7.7495081E-03   5.6542397E+00   8.0101538E-01
   1.6903476E+00   2.1395983E-02   5.7995930E+00   8.1133074E-01
   1.6932765E+00  -3.7995283E-03   5.8530588E+00   8.0423480E-01
   1.6967558E+00   6.4183059E-03   5.9367390E+00   8.1166679E-01
   1.7001036E+00  -1.3400238E-03   6.0060616E+00   7.9383630E-01
   1.7037599E+00  -8.4139574E-03   6.1175160E+00   8.0700320E-01
   1.7072884E+00  -9.0771634E-03   6.1574898E+00   8.0622476E-01
   1.7106580E+00  -2.6632568E-02   6.2151809E+00   7.9952031E-01
   1.7140124E+00   1.3333364E-04   6.3522553E+00   8.0106419E-01
   1.7169946E+00   9.3667221E-04   6.4284477E+00   8.0051410E-01
   1.7204837E+00   1.1863460E-02   6.5244384E+00   8.0268151E-01
   1.7235818E+00  -9.9271545E-03   6.5523162E+00   7.9458952E-01
   1.7273477E+00  -1.9056535E-03   6.6392932E+00   8.1171650E-01
   1.7306485E+00  -5.6365258E-03   6.7599516E+00   8.1707954E-01
   1.7339182E+00  -6.7576785E-03   6.8047042E+00   8.1135333E-01
   1.7372757E+00  -2.0008197E-03   6.8734231E+00   8.0924594E-01
   1.7403673E+00  -1.6135244E-02   6.9779329E+00   8.0550694E-01
   1.7433779E+00   1.4054286E-02   7.0427423E+00   8.1108797E-01
   1.7467192E+00  -1.0420323E-02   7.1014757E+00   8.0863661E-01
   1.7505003E+00   2.7596423E-02   7.2346177E+00   8.0687326E-01
   1.7541153E+00  -2.2240169E-03   7.2676539E+00   8.0599493E-01
   1.7567474E+00  -1.0864385E-02   7.3501639E+00   8.1204695E-01
   1.7601641E+00   7.8021870E-03   7.4366298E+00   8.0795646E-01
   1.7634913E+00   1.1923073E-02   7.5206442E+00   8.0307955E-01
   1.7675395E+00   7.2926716E-03   7.6168737E+00   7.9526061E-01
   1.7707024E+00   2.0665083E-02   7.6764059E+00   8.1021065E-01
   1.7738030E+00   3.0008040E-04   7.7232351E+00   7.9089504E-01
   1.7775626E+00   3.0972799E-03   7.8615384E+00   7.9729569E-01
   1.7807448E+00   1.6943797E-02   7.8990197E+00   7.9474723E-01
   1.7838186E+00  -1.1272876E-02   7.9906349E+00   7.9177254E-01
   1.7874300E+00  -3.9434144E-03   8.0282812E+00   7.9276019E-01
   1.7904975E+00   1.5822016E-02   8.0789232E+00   7.9133660E-01
   1.7941066E+00   4.6406934E-04   8.2062855E+00   7.9009521E-01
   1.7968856E+00   2.2296857E-02   8.2295418E+00   7.8886527E-01
   1.8006985E+00  -6.1766086E-03   8.3171415E+00   7.8718227E-01
   1.8037715E+00   4.4473032E-03   8.3624086E+00   7.8492463E-01
   1.8068367E+00   5.9052341E-02   8.4439411E+00   7.7644145E-01
   1.8101404E+00  -4.5045577E-02   8.4718418E+00   7.8917515E-01
   1.8142550E+00   9.3979659E-03   8.5795488E+00   7.8147089E-01
   1.8177018E+00   3.0349670E-02   8.6401911E+00   7.8275740E-01
   1.8211508E+00   4.2309151E-03   8.7192650E+00   7.8206909E-01
   1.8242276E+00   3.3136252E-02   8.7625322E+00   7.8086007E-01
   1.8273064E+00   3.2509863E-02   8.8981037E+00   7.7597225E-01
   1.8308899E+00   2.0708192E-02   8.8932028E+00   7.7977061E-01
   1.8337177E+00   6.5020053E-03   8.9496202E+00   7.7753842E-01
   1.8377916E+00   4.2249607E-03   9.0368862E+00   7.7457100E-01
   1.8405863E+00   2.1040913E-02   9.0644274E+00   7.7278310E-01
   1.8442161E+00   1.7553171E-02   9.1240702E+00   7.6696157E-01
   1.8471501E+00   2.3101638E-03   9.2215595E+00   7.7502626E-01
   1.8505692E+00   2.5189910E-02   9.2609081E+00   7.7465034E-01
   1.8539675E+00   1.6548330E-02   9.3154440E+00   7.6893836E-01
   1.8569889E+00   1.7553467E-02   9.3467855E+00   7.7104503E-01
   1.8608679E+00   3.1968106E-02   9.4112968E+00   7.6939285E-01
   1.8638541E+00   2.8481426E-02   9.4674196E+00   7.6518101E-01
   1.8672374E+00   1.9571304E-02   9.5131187E+00   7.6566821E-01
   1.8706698E+00   2.2468677E-02   9.5665779E+00   7.6286185E-01
   1.8741062E+00   2.7938271E-02   9.6297445E+00   7.6086622E-01
   1.8774847E+00   3.6639020E-02   9.6740618E+00   7.6013440E-01
   1.8807338E+00   3.1332821E-02   9.7208748E+00   7.5748128E-01
   1.8839161E+00   3.0553628E-02   9.7499437E+00   7.5182271E-01
   1.8870320E+00   2.8097749E-02   9.7919359E+00   7.5000823E-01
   1.8910600E+00   3.6586121E-02   9.8606091E+00   7.4814838E-01
   1.8939921E+00   2.8330062E-02   9.9044352E+00   7.4565095E-01
   1.8978183E+00   2.7161334E-02   9.9268932E+00   7.4612558E-01
   1.9006435E+00   3.4931600E-02   9.9747610E+00   7.4399710E-01
   1.9043688E+00   2.9372713E-02   9.9903498E+00   7.4497473E-01
   1.9071232E+00   2.4987601E-02   1.0037918E+01   7.4549437E-01
   1.9107202E+00   2.0541875E-02   1.0071340E+01   7.6221323E-01
   1.9142377E+00   2.6574060E-02   1.0120441E+01   7.4415672E-01
   1.9176962E+00   1.4285376E-02   1.0118619E+01   7.3988390E-01
   1.9211051E+00   6.8395324E-03   1.0142302E+01   7.3955029E-01
   1.9244463E+00   1.6310195E-02   1.0196342E+01   7.3808926E-01
   1.9277649E+00   2.0664377E-02   1.0215144E+01   7.3326230E-01
   1.9310386E+00   3.5230801E-02   1.0206413E+01   7.3668975E-01
   1.9342701E+00   3.1247254E-02   1.0234139E+01   7.2861624E-01
   1.9374754E+00   4.6476152E-02   1.0271367E+01   7.1344554E-01
   1.9407083E+00   6.9906162E-03   1.0261391E+01   7.3408890E-01
   1.9446008E+00   3.6706880E-02   1.0327765E+01   7.3434013E-01
   1.9476639E+00   1.4325292E-02   1.0311686E+01   7.1978796E-01
   1.9507035E+00   2.1332370E-02   1.0290179E+01   7.3570728E-01
   1.9544867E+00   2.6532909E-02   1.0322378E+01   7.2032946E-01
   1.9575033E+00   2.3503551E-02   1.0330575E+01   7.0836288E-01
   1.9612633E+00   2.6560945E-02   1.0335594E+01   7.1619320E-01
   1.9642960E+00   2.1847507E-02   1.0339944E+01   7.1002901E-01
   1.9673395E+00   3.6675189E-02   1.0322124E+01   7.0987970E-01
   1.9711518E+00   3.3686463E-02   1.0342107E+01   7.3440355E-01
   1.9742074E+00   1.8493887E-02   1.0342647E+01   6.9460016E-01
   1.9772652E+00   2.0514602E-02   1.0334432E+01   6.9002891E-01
   1.9810890E+00   3.4188114E-02   1.0323278E+01   6.9296777E-01
   1.9841501E+00   9.4144205E-03   1.0293110E+01   6.9259566E-01
   1.9879862E+00   2.3970211E-02   1.0281034E+01   6.8378758E-01
   1.9910883E+00   3.2011349E-02   1.0252998E+01   6.8221343E-01
   1.9941843E+00   5.1138718E-02   1.0247335E+01   6.8121290E-01
   1.9979603E+00   4.7765137E-03   1.0191635E+01   6.7303902E-01
   2.0011353E+00   2.4169279E-02   1.0206974E+01   6.7412418E-01
   2.0045114E+00  -6.1104771E-02   1.0149609E+01   6.7973512E-01
   2.0081539E+00   2.7184647E-02   1.0131280E+01   6.7108047E-01
   2.0113893E+00   2.0174518E-02   1.0116888E+01   6.5479630E-01
   2.0146103E+00   1.6374175E-02   1.0020052E+01   6.5901107E-01
   2.0173004E+00   6.2149442E-03   1.0004040E+01   6.6056424E-01
   2.0208702E+00   3.1628028E-02   9.9616327E+00   6.4819312E-01
   2.0244167E+00   2.5720283E-02   9.8919096E+00   6.4279753E-01
   2.0279429E+00   2.7391439E-02   9.8569422E+00   6.3689303E-01
   2.0314469E+00   1.9572888E-02   9.8171158E+00   6.3168275E-01
   2.0340614E+00   1.2614538E-02   9.7951851E+00   6.3413578E-01
   2.0375326E+00   2.0416951E-02   9.7152481E+00   6.2945563E-01
   2.0409884E+00   2.9997102E-03   9.5588408E+00   6.1999148E-01
   2.0444312E+00   1.8662479E-02   9.5670309E+00   6.1471462E-01
   2.0478568E+00   2.0112548E-02   9.4884357E+00   6.1411321E-01
   2.0512693E+00   1.7303962E-02   9.4307680E+00   6.0712880E-01
   2.0546694E+00   3.1121818E-02   9.3067169E+00   6.0483390E-01
   2.0580592E+00   3.1991415E-02   9.2603827E+00   6.0188591E-01
   2.0614395E+00   3.1413399E-02   9.2179651E+00   5.9756410E-01
   2.0648112E+00   2.0692730E-02   9.0703640E+00   5.9282392E-01
   2.0681751E+00   3.7372310E-02   8.9855080E+00   5.8821011E-01
   2.0715325E+00   3.0786360E-02   8.8840055E+00   5.8509290E-01
   2.0748844E+00   6.6539906E-03   8.8019266E+00   5.8179349E-01
   2.0782325E+00   2.8950823E-02   8.7347507E+00   5.7789838E-01
   2.0815785E+00   3.5301946E-02   8.6524715E+00   5.7537198E-01
   2.0849211E+00   3.0409787E-02   8.4921465E+00   5.7004100E-01
   2.0882623E+00  -3.1925829E-03   8.4112148E+00   5.6749362E-01
   2.0916052E+00   4.9843818E-02   8.3160877E+00   5.6289238E-01
   2.0949535E+00   2.4822537E-02   8.2294989E+00   5.5825853E-01
   2.0983076E+00   1.6092017E-02   8.0742388E+00   5.5293208E-01
   2.1008284E+00   2.8751291E-02   7.9594054E+00   5.5073881E-01
   2.1048205E+00   2.8600777E-02   7.8490167E+00   5.4408348E-01
   2.1081986E+00   2.2089351E-02   7.7905059E+00   5.4367077E-01
   2.1115863E+00   2.8163208E-02   7.6216540E+00   5.4228467E-01
   2.1149838E+00   2.0853326E-02   7.3812575E+00   5.3369683E-01
   2.1175387E+00   6.9595082E-03   7.3931475E+00   5.3510529E-01
   2.1209559E+00   4.5422662E-02   7.3436346E+00   5.2954853E-01
   2.1243861E+00   3.3403255E-02   7.1624103E+00   5.2935642E-01
   2.1277165E+00  -1.4761828E-03   7.0040355E+00   5.2841496E-01
   2.1313329E+00   3.1760152E-02   6.7782874E+00   5.1321554E-01
   2.1346281E+00   1.9647952E-02   6.6724482E+00   5.1880199E-01
   2.1378760E+00   5.6495108E-03   6.6912236E+00   5.1583308E-01
   2.1414807E+00   4.6940832E-03   6.4351106E+00   5.0983429E-01
   2.1449096E+00   5.1317606E-03   6.2561402E+00   5.0615954E-01
   2.1483071E+00   3.2004766E-02   6.1205297E+00   5.0011498E-01
   2.1510456E+00   8.0771996E-03   6.0163808E+00   4.9659148E-01
   2.1549625E+00   3.3236966E-02   5.8336391E+00   4.9333078E-01
   2.1582539E+00   9.4183004E-03   5.7103353E+00   4.9281222E-01
   2.1616194E+00   1.9188089E-02   5.5845819E+00   4.9028796E-01
   2.1650221E+00   1.4498005E-02   5.4436460E+00   4.8813179E-01
   2.1677799E+00   1.6205899E-02   5.2184258E+00   4.8519593E-01
   2.1712673E+00   1.4086059E-02   5.1216788E+00   4.8518628E-01
   2.1748085E+00  -1.3439552E-03   5.0592394E+00   4.7700152E-01
   2.1784105E+00   4.7502518E-03   4.8791952E+00   4.7444370E-01
   2.1813331E+00   5.4605706E-03   4.5248480E+00   4.7288850E-01
   2.1850164E+00   2.0518597E-02   4.4231701E+00   4.6659559E-01
   2.1881340E+00  -8.2076527E-03   4.4423680E+00   4.6802074E-01
   2.1913252E+00   7.1019675E-03   4.2895732E+00   4.6018335E-01
   2.1948397E+00   1.6995113E-02   4.0214458E+00   4.6400678E-01
   2.1979434E+00  -3.7778781E-03   3.9098778E+00   4.5531735E-01
   2.2013650E+00  -4.3062228E-03   3.7417114E+00   4.5414889E-01
   2.2047641E+00  -1.6846417E-02   3.5831850E+00   4.4927797E-01
   2.2082047E+00  -1.1186924E-02   3.4481115E+00   4.4499642E-01
   2.2117062E+00  -6.2175454E-03   3.2986114E+00   4.4348419E-01
   2.2151551E+00  -1.6724102E-02   3.1116140E+00   4.4133407E-01
   2.2184875E+00   9.4103543E-03   2.8863437E+00   4.3630016E-01
   2.2218413E+00  -8.2737114E-03   2.7829721E+00   4.3389279E-01
   2.2251182E+00  -2.7741976E-03   2.6166148E+00   4.2988929E-01
   2.2283838E+00  -3.1463396E-02   2.4381914E+00   4.2969733E-01
   2.2314856E+00  -1.4107726E-02   2.2752957E+00   4.2590576E-01
   2.2350242E+00  -2.7888948E-02   2.1687634E+00   4.2481893E-01
   2.2384505E+00   4.3885135E-03   2.0174937E+00   4.2199826E-01
   2.2417617E+00  -1.5870020E-02   1.8858855E+00   4.1982540E-01
   2.2449210E+00  -7.1293996E-03   1.6600378E+00   4.1640356E-01
   2.2478104E+00  -1.2849378E-02   1.4981074E+00   4.1456944E-01
   2.2520261E+00  -1.6943468E-02   1.3428658E+00   4.1247854E-01
   2.2554715E+00  -1.9416858E-02   1.2259049E+00   4.1199681E-01
   2.2577584E+00  -2.2006925E-02   1.1206238E+00   4.1036505E-01
   2.2611773E+00  -4.2085275E-02   8.8692284E-01   4.0785795E-01
   2.2645366E+00  -2.1707980E-02   4.7869551E-01   4.0512562E-01
   2.2679145E+00  -2.3464834E-02   8.9046514E-01   4.0242088E-01
   2.2711794E+00  -6.0913442E-03   2.8942725E-01   4.0205219E-01
   2.2745297E+00  -4.2925335E-02   2.2230276E-01   4.0227029E-01
   2.2778716E+00  -2.2225747E-02   2.3849140E-01   4.0237501E-01
   2.2812381E+00  -4.8957532E-03   1.1266333E-01   4.0087456E-01
   2.2846074E+00  -2.4508383E-02  -1.4103015E-01   3.9890710E-01
   2.2886381E+00  -3.1567182E-02  -3.6415324E-01   3.9446294E-01
   2.2916677E+00  -1.1836130E-02  -4.4991785E-01   3.9642400E-01
   2.2950451E+00  -2.0991901E-02  -5.5106366E-01   3.9713183E-01
   2.2984602E+00  -2.3172665E-02  -6.6112286E-01   3.9653224E-01
   2.3017962E+00  -5.0688200E-03  -8.7022889E-01   3.9645076E-01
   2.3050950E+00   1.8973259E-02  -1.0451262E+00   3.9304176E-01
   2.3084521E+00  -3.7292828E-04  -1.1727506E+00   3.9717647E-01
   2.3117144E+00  -1.3037026E-02  -1.2919915E+00   3.9371350E-01
   2.3148873E+00  -1.1061816E-02  -1.4155011E+00   3.9841524E-01
   2.3179810E+00  -4.5644934E-03  -1.5384508E+00   3.9819911E-01
   2.3220253E+00  -2.3785081E-02  -1.6938246E+00   3.9627272E-01
   2.3249755E+00   1.5669025E-02  -1.8411456E+00   4.0034586E-01
   2.3280423E+00   7.3873601E-03  -1.9441739E+00   4.0130579E-01
   2.3322132E+00  -1.4619506E-02  -2.0545163E+00   4.0424323E-01
   2.3353493E+00  -2.6554821E-02  -2.1706562E+00   4.0884057E-01
   2.3384340E+00  -2.2032030E-02  -2.3152950E+00   4.0526241E-01
   2.3420637E+00  -2.4615120E-02  -2.5284550E+00   4.0850753E-01
   2.3455551E+00  -1.4652221E-02  -2.6361022E+00   4.1082463E-01
   2.3484609E+00  -1.1976770E-04  -2.6729834E+00   4.1513041E-01
   2.3515322E+00   1.4158994E-03  -2.7769265E+00   4.1714081E-01
   2.3554170E+00   1.0250711E-02  -2.9341300E+00   4.2113280E-01
   2.3583400E+00   6.4512831E-04  -3.0602760E+00   4.2150918E-01
   2.3621953E+00   9.7225634E-03  -3.1191108E+00   4.2365819E-01
   2.3650222E+00  -1.8210832E-02  -3.2390239E+00   4.2116615E-01
   2.3688221E+00  -1.1264564E-02  -3.3551548E+00   4.4194949E-01
   2.3716295E+00   4.9555185E-03  -3.4812188E+00   4.2683595E-01
   2.3754656E+00  -3.5026304E-03  -3.5205004E+00   4.3549892E-01
   2.3783574E+00   2.3525732E-02  -3.6328361E+00   4.3187433E-01
   2.3814085E+00  -3.8126487E-02  -3.7187297E+00   4.3212879E-01
   2.3856957E+00  -3.8540538E-02  -3.8757849E+00   4.4149578E-01
   2.3884935E+00  -8.4292581E-03  -3.9562702E+00   4.3902856E-01
   2.3924153E+00  -5.6297984E-03  -4.0256534E+00   4.4415063E-01
   2.3956547E+00   1.0719658E-02  -4.0786858E+00   4.4841701E-01
   2.3989179E+00  -1.6322039E-02  -4.1454172E+00   4.5522547E-01
   2.4022741E+00   6.0992143E-03  -4.2615290E+00   4.6031955E-01
   2.4054949E+00  -1.9027375E-02  -4.3478889E+00   4.6011800E-01
   2.4083085E+00  -3.7028305E-02  -4.4145746E+00   4.8046404E-01
   2.4117925E+00   2.4506455E-02  -4.4774041E+00   4.7403818E-01
   2.4151571E+00   4.3029096E-03  -4.5404978E+00   4.7981012E-01
   2.4184177E+00   8.8935355E-03  -4.6558867E+00   4.9433056E-01
   2.4217443E+00  -8.4327068E-03  -4.6778731E+00   4.9158657E-01
   2.4252141E+00  -6.7331796E-03  -4.7619596E+00   5.0216484E-01
   2.4285443E+00  -1.4954397E-02  -4.8499413E+00   5.0894892E-01
   2.4319491E+00  -1.0513276E-03  -4.9210906E+00   5.0285572E-01
   2.4355509E+00  -2.6788747E-02  -4.9388137E+00   5.1127309E-01
   2.4383352E+00  -3.2608809E-03  -5.0064101E+00   5.2211285E-01
   2.4414792E+00   1.1812704E-02  -5.0638928E+00   5.1772022E-01
   2.4456651E+00  -3.5640217E-02  -5.1629133E+00   5.2452660E-01
   2.4485135E+00   2.0902291E-02  -5.1901240E+00   5.3203547E-01
   2.4517167E+00  -1.1000019E-02  -5.2197165E+00   5.3411669E-01
   2.4551299E+00   2.3957092E-02  -5.2744179E+00   5.3700012E-01
   2.4587350E+00  -1.1838224E-02  -5.3674965E+00   5.4171258E-01
   2.4624019E+00  -1.1826734E-03  -5.4399242E+00   5.4793644E-01
   2.4650717E+00  -4.9596291E-02  -5.4415674E+00   5.5051827E-01
   2.4685223E+00  -5.1810440E-02  -5.4912291E+00   5.5279273E-01
   2.4717338E+00  -4.0094607E-02  -5.5918288E+00   5.5994195E-01
   2.4754593E+00   5.1315267E-02  -5.5995517E+00   5.6416607E-01
   2.4789662E+00  -1.4083447E-02  -5.6299138E+00   5.6716537E-01
   2.4818177E+00  -1.7716495E-02  -5.6810365E+00   5.7068819E-01
   2.4855986E+00   4.4350352E-02  -5.7550831E+00   5.7521254E-01
   2.4889450E+00   1.8890614E-02  -5.7817130E+00   5.7150757E-01
   2.4918070E+00   1.3399522E-02  -5.8142939E+00   5.8393604E-01
   2.4952860E+00  -3.2444119E-03  -5.8061848E+00   5.8241808E-01
   2.4987717E+00   2.1625709E-02  -5.8562026E+00   5.8096755E-01
   2.5021954E+00   1.1974351E-02  -5.9185700E+00   5.9018630E-01
   2.5052090E+00   1.8696215E-02  -5.9560947E+00   5.9153074E-01
   2.5083160E+00   4.3804320E-03  -5.9853697E+00   5.9285545E-01
   2.5124698E+00  -1.7627725E-02  -6.0334682E+00   6.0105455E-01
   2.5155997E+00   8.6205006E-03  -6.0015202E+00   5.9635502E-01
   2.5185461E+00  -1.5046850E-02  -6.0413504E+00   5.9717727E-01
   2.5224187E+00  -5.0522736E-03  -6.0728617E+00   6.0151023E-01
   2.5254400E+00  -3.4845669E-03  -6.1134596E+00   6.0432208E-01
   2.5284998E+00  -3.0446383E-03  -6.1113391E+00   6.0466087E-01
   2.5321403E+00   7.6271114E-03  -6.1327996E+00   6.1566204E-01
   2.5359271E+00  -7.6696025E-03  -6.1714606E+00   6.1431491E-01
   2.5388153E+00  -1.8228590E-02  -6.2006435E+00   6.2261802E-01
   2.5417404E+00   1.9656507E-02  -6.2749834E+00   6.2655354E-01
   2.5457962E+00   6.7013227E-03  -6.2468958E+00   6.3113159E-01
   2.5486999E+00   1.8142819E-02  -6.2961512E+00   6.3481289E-01
   2.5519197E+00  -1.0252167E-02  -6.2936721E+00   6.4061630E-01
   2.5554316E+00   6.0823709E-03  -6.3122282E+00   6.3297963E-01
   2.5592251E+00   2.0998931E-02  -6.3099399E+00   6.3885969E-01
   2.5618346E+00   2.6377363E-02  -6.3264565E+00   6.4148074E-01
   2.5652626E+00  -2.1737362E-03  -6.3382812E+00   6.4910358E-01
   2.5690720E+00   6.3315192E-03  -6.3685117E+00   6.5073216E-01
   2.5722201E+00  -5.2221222E-03  -6.3779755E+00   6.5138638E-01
   2.5760291E+00   2.5912540E-03  -6.3530884E+00   6.5130913E-01
   2.5787685E+00  -2.2217877E-02  -6.3889894E+00   6.5846223E-01
   2.5822413E+00   4.6329126E-02  -6.3692098E+00   6.5498507E-01
   2.5857911E+00  -2.5390852E-02  -6.3467250E+00   6.5959918E-01
   2.5889561E+00  -2.4034402E-03  -6.3697705E+00   6.6198051E-01
   2.5921977E+00  -3.8506210E-02  -6.3719664E+00   6.5905386E-01
   2.5959525E+00  -3.7724636E-02  -6.3513579E+00   6.6556108E-01
   2.5990729E+00   2.6885092E-03  -6.3710699E+00   6.6625321E-01
   2.6018474E+00  -1.6592700E-02  -6.3851862E+00   6.7267460E-01
   2.6053634E+00   6.8262229E-03  -6.3813066E+00   6.7860812E-01
   2.6087370E+00  -2.4350096E-02  -6.3573923E+00   6.7395067E-01
   2.6120248E+00  -2.3646249E-02  -6.3681450E+00   6.8150377E-01
   2.6153753E+00  -4.1069268E-04  -6.4029183E+00   6.7584103E-01
   2.6189520E+00  -1.5497603E-02  -6.3607535E+00   6.9041663E-01
   2.6225264E+00  -2.0166937E-02  -6.3497496E+00   6.9241953E-01
   2.6254804E+00  -1.5500563E-02  -6.3678441E+00   6.9505703E-01
   2.6286800E+00  -5.7190009E-03  -6.3227830E+00   6.9567627E-01
   2.6320858E+00  -8.0548767E-03  -6.3093762E+00   7.0025665E-01
   2.6357238E+00  -1.5635615E-02  -6.3296165E+00   7.0363438E-01
   2.6387434E+00  -3.1020645E-02  -6.3184690E+00   7.0425177E-01
   2.6424096E+00  -2.1279711E-02  -6.2473249E+00   7.0372772E-01
   2.6461256E+00  -2.8752103E-02  -6.2247109E+00   7.0518821E-01
   2.6493781E+00   4.5669586E-03  -6.2655759E+00   7.0732945E-01
   2.6527069E+00  -2.2166241E-02  -6.2340956E+00   7.1036059E-01
   2.6559927E+00  -1.0790418E-02  -6.1542964E+00   7.1403056E-01
   2.6590035E+00  -1.5004474E-02  -6.1575866E+00   7.1337777E-01
   2.6623135E+00  -3.0975065E-03  -6.1541815E+00   7.1579188E-01
   2.6657097E+00  -7.6661012E-03  -6.1410384E+00   7.2055155E-01
   2.6690593E+00  -2.5803426E-02  -6.1219392E+00   7.1900678E-01
   2.6724279E+00  -1.1917438E-02  -6.0477362E+00   7.2357953E-01
   2.6757746E+00  -7.6361382E-03  -6.0522194E+00   7.2423929E-01
   2.6791365E+00  -1.7626707E-02  -6.0402012E+00   7.2626048E-01
   2.6825490E+00  -2.4506966E-02  -6.0027370E+00   7.2939497E-01
   2.6859672E+00  -4.6189092E-03  -5.9823999E+00   7.2993129E-01
   2.6893060E+00  -1.5896589E-02  -5.9127584E+00   7.3283535E-01
   2.6925859E+00  -6.3562919E-03  -5.8952279E+00   7.3411894E-01
   2.6959527E+00  -2.6830865E-02  -5.8582954E+00   7.3249561E-01
   2.6988535E+00  -1.0927486E-02  -5.8111024E+00   7.3826915E-01
   2.7022038E+00   3.7437878E-03  -5.7936234E+00   7.3808557E-01
   2.7056236E+00  -1.5106178E-02  -5.7696280E+00   7.4145824E-01
   2.7096229E+00  -7.4146045E-03  -5.7001338E+00   7.4247670E-01
   2.7123139E+00  -1.0667515E-02  -5.6669855E+00   7.4419332E-01
   2.7158489E+00   5.7893428E-03  -5.6435766E+00   7.4501890E-01
   2.7195578E+00   1.3827170E-02  -5.6242228E+00   7.4579120E-01
   2.7228005E+00  -6.7045093E-03  -5.5442219E+00   7.5122488E-01
   2.7261534E+00  -7.7701393E-03  -5.5109167E+00   7.5381458E-01
   2.7294576E+00  -8.8973129E-03  -5.4233751E+00   7.5660729E-01
   2.7326987E+00  -7.6317475E-03  -5.4276214E+00   7.4620169E-01
   2.7358990E+00  -1.2897375E-03  -5.3693461E+00   7.5164092E-01
   2.7393656E+00   1.2932842E-02  -5.3446631E+00   7.5267792E-01
   2.7429962E+00   5.2754874E-03  -5.2667255E+00   7.5438952E-01
   2.7454424E+00   7.4702944E-03  -5.2184339E+00   7.5391871E-01
   2.7490973E+00   4.8473529E-03  -5.1884050E+00   7.5361669E-01
   2.7526567E+00   5.1975646E-03  -5.1716890E+00   7.5659835E-01
   2.7562385E+00   5.6210202E-03  -5.0973392E+00   7.5575596E-01
   2.7598381E+00   1.8799435E-02  -5.0230460E+00   7.5575441E-01
   2.7621961E+00  -1.0025842E-03  -4.9778867E+00   7.5403184E-01
   2.7657034E+00   1.4964018E-02  -4.9345431E+00   7.5849915E-01
   2.7691867E+00   1.3570096E-02  -4.8684998E+00   7.6462245E-01
   2.7726138E+00   9.1696018E-03  -4.8346863E+00   7.5858885E-01
   2.7759638E+00   1.6074816E-02  -4.8099985E+00   7.5902730E-01
   2.7792287E+00   8.4541040E-03  -4.7227073E+00   7.6090914E-01
   2.7824078E+00   1.3595646E-02  -4.7024651E+00   7.5926334E-01
   2.7864826E+00   8.7280245E-03  -4.6626530E+00   7.6412123E-01
   2.7897642E+00   1.5975807E-02  -4.6117153E+00   7.6207519E-01
   2.7930040E+00   1.3270790E-02  -4.5572810E+00   7.6416641E-01
   2.7958391E+00   1.6046964E-02  -4.5053091E+00   7.6265067E-01
   2.7998664E+00   1.8041816E-02  -4.4555402E+00   7.6575017E-01
   2.8027701E+00   9.9477861E-03  -4.3855700E+00   7.6641345E-01
   2.8065093E+00   1.6768683E-02  -4.3475757E+00   7.6653892E-01
   2.8093448E+00   1.4289687E-02  -4.3461633E+00   7.6713973E-01
   2.8125305E+00   2.4272237E-02  -4.2983508E+00   7.7054733E-01
   2.8157022E+00   2.9989453E-02  -4.2121897E+00   7.7282828E-01
   2.8190715E+00   8.6973738E-03  -4.1372962E+00   7.6840645E-01
   2.8223686E+00   1.4362550E-02  -4.0951238E+00   7.6900572E-01
   2.8266172E+00   1.5830755E-02  -4.0873017E+00   7.7081597E-01
   2.8297400E+00   2.5839716E-02  -4.0198259E+00   7.7430946E-01
   2.8328278E+00   2.6063183E-02  -4.0118728E+00   7.7226847E-01
   2.8359296E+00   1.9323464E-02  -3.9226344E+00   7.7042055E-01
   2.8391714E+00   2.5208514E-02  -3.8894205E+00   7.7436000E-01
   2.8425021E+00   1.8990563E-02  -3.8335226E+00   7.7301395E-01
   2.8458879E+00   3.0773908E-02  -3.7640030E+00   7.7525359E-01
   2.8493061E+00   2.1576963E-02  -3.7121332E+00   7.7468175E-01
   2.8527105E+00   2.4695624E-02  -3.6501641E+00   7.7890611E-01
   2.8560271E+00   2.1626543E-02  -3.6204445E+00   7.7450562E-01
   2.8594096E+00   1.2702161E-02  -3.5822506E+00   7.8034514E-01
   2.8627830E+00   2.0865090E-02  -3.5444250E+00   7.7771908E-01
   2.8661487E+00   2.3839975E-02  -3.5040922E+00   7.7718484E-01
   2.8700626E+00   3.0590827E-02  -3.3944941E+00   7.7918541E-01
   2.8730719E+00   1.8658033E-02  -3.3464239E+00   7.7753413E-01
   2.8761785E+00   1.0969555E-02  -3.3199391E+00   7.7944529E-01
   2.8796942E+00   3.5725221E-02  -3.3351910E+00   7.7936924E-01
   2.8827069E+00   1.2674592E-02  -3.1872027E+00   7.8124213E-01
   2.8862822E+00   1.1771130E-02  -3.1675153E+00   7.7617121E-01
   2.8897643E+00   2.2097517E-02  -3.0965195E+00   7.8431892E-01
   2.8927212E+00   2.0900754E-02  -3.0722320E+00   7.8289974E-01
   2.8962486E+00   1.6481563E-02  -3.0276518E+00   7.8280711E-01
   2.8998845E+00   1.1254291E-02  -2.9344788E+00   7.8276235E-01
   2.9026115E+00   1.5684154E-02  -2.8983991E+00   7.8288680E-01
   2.9062929E+00   1.8723426E-02  -2.8638816E+00   7.8262210E-01
   2.9092035E+00   1.3804660E-02  -2.8336704E+00   7.8476667E-01
   2.9130259E+00   1.8885391E-02  -2.7524698E+00   7.8401363E-01
   2.9168611E+00   1.3532009E-02  -2.7400534E+00   7.8451282E-01
   2.9200833E+00   7.7410657E-03  -2.6076210E+00   7.8630227E-01
   2.9232991E+00   1.5804090E-02  -2.6047711E+00   7.8759503E-01
   2.9264312E+00   2.0038176E-02  -2.5728998E+00   7.8486907E-01
   2.9294569E+00   1.9219508E-02  -2.5385032E+00   7.8672695E-01
   2.9331954E+00   2.4847310E-02  -2.4396019E+00   7.8645390E-01
   2.9361508E+00   1.3664000E-02  -2.3677375E+00   7.8781694E-01
   2.9398549E+00   1.6322181E-02  -2.3576906E+00   7.8720158E-01
   2.9427588E+00   3.9158136E-02  -2.3480771E+00   7.8850067E-01
   2.9459591E+00   3.2433607E-02  -2.2603734E+00   7.8951287E-01
   2.9502168E+00   6.3760015E-03  -2.2207413E+00   7.9054952E-01
   2.9533134E+00   2.2891482E-02  -2.1422327E+00   7.9187989E-01
   2.9563451E+00   2.0930756E-02  -2.1422338E+00   7.8598684E-01
   2.9595358E+00   1.1537234E-02  -2.0284748E+00   7.9288769E-01
   2.9632790E+00   2.0452091E-02  -2.0092547E+00   7.9350007E-01
   2.9668958E+00  -8.5182786E-03  -1.9546982E+00   7.9439467E-01
   2.9696133E+00   1.6361864E-02  -1.8997920E+00   7.9410386E-01
   2.9733567E+00   2.4207657E-02  -1.8033903E+00   7.9654694E-01
   2.9765198E+00   2.3324152E-02  -1.7708347E+00   7.9684263E-01
   2.9793322E+00   2.2635920E-02  -1.7418514E+00   7.9887694E-01
   2.9834948E+00   7.1309614E-03  -1.7182709E+00   7.9911238E-01
   2.9866099E+00   1.5216913E-02  -1.6513954E+00   7.9964995E-01
   2.9897254E+00   2.4988459E-02  -1.5625907E+00   7.9557043E-01
   2.9928374E+00   1.8043227E-02  -1.5468448E+00   8.0248100E-01
   2.9969721E+00   6.4837234E-03  -1.4916451E+00   8.0036670E-01
   3.0001853E+00   1.8300164E-02  -1.4493760E+00   8.0342567E-01
   3.0032809E+00   3.7776306E-02  -1.3885701E+00   8.0529165E-01
   3.0062642E+00   6.6841423E-04  -1.2844080E+00   8.0344522E-01
   3.0102935E+00   6.0799420E-03  -1.2961981E+00   8.0539042E-01
   3.0134113E+00   2.8128284E-03  -1.2753257E+00   8.0636787E-01
   3.0166528E+00   2.1852332E-03  -1.1837453E+00   8.0740815E-01
   3.0198748E+00   8.9818873E-03  -1.1193722E+00   8.0872029E-01
   3.0232763E+00   1.2079000E-02  -1.0416329E+00   8.0840629E-01
   3.0266221E+00   5.6561837E-03  -1.0106508E+00   8.0999631E-01
   3.0299029E+00   5.3507159E-03  -9.4562715E-01   8.1054288E-01
   3.0331089E+00   2.0338070E-02  -8.9910942E-01   8.1157523E-01
   3.0363593E+00   1.0396847E-02  -8.7680000E-01   8.1248766E-01
   3.0398264E+00   1.7611092E-02  -8.3182436E-01   8.0896878E-01
   3.0435257E+00   1.4214339E-02  -7.3533380E-01   8.1539261E-01
   3.0461936E+00  -2.5132703E-02  -6.8421072E-01   8.1837648E-01
   3.0504160E+00   1.1094818E-02  -5.9779757E-01   8.1519777E-01
   3.0527391E+00  -8.0140214E-03  -5.6236237E-01   8.1603873E-01
   3.0567021E+00   6.8050236E-03  -5.6271935E-01   8.1460416E-01
   3.0600297E+00   5.7191597E-03  -4.5691752E-01   8.1773299E-01
   3.0633426E+00  -1.3650231E-03  -4.2817307E-01   8.2355404E-01
   3.0662878E+00  -5.5791350E-04  -3.6235383E-01   8.2115543E-01
   3.0696664E+00   2.3008997E-03  -3.0865732E-01   8.2071054E-01
   3.0731509E+00   4.5331335E-03  -2.1416600E-01   8.2189846E-01
   3.0766356E+00  -6.5225265E-03  -1.6997939E-01   8.2738930E-01
   3.0801201E+00  -1.1604472E-02  -1.5782110E-01   8.2284749E-01
   3.0834632E+00  -5.8217114E-04  -1.0246389E-01   8.2265306E-01
   3.0867846E+00  -3.0438483E-03   4.9857665E-03   8.2797837E-01
   3.0900078E+00   2.3023456E-03   9.3178511E-02   8.2954139E-01
   3.0931337E+00   1.7562637E-02   1.1653616E-01   8.2591498E-01
   3.0962265E+00  -3.4402832E-03   1.6022117E-01   8.2566106E-01
   3.1003575E+00   9.9570649E-03   2.4563530E-01   8.2822907E-01
   3.1034973E+00   1.9170628E-03   3.1065789E-01   8.2767296E-01
   3.1066582E+00   6.0077757E-03   3.7777728E-01   8.3057582E-01
   3.1098192E+00   6.2798397E-03   4.3025672E-01   8.3324587E-01
   3.1133068E+00   3.5428361E-03   4.7767001E-01   8.2966870E-01
   3.1167994E+00   1.2695494E-02   5.4538256E-01   8.2589722E-01
   3.1197536E+00   1.5671097E-03   6.3104707E-01   8.3047932E-01
   3.1231556E+00   5.0103170E-04   6.9215345E-01   8.3289397E-01
   3.1266048E+00   1.0195133E-02   7.6974338E-01   8.3364880E-01
   3.1299663E+00  -7.3466506E-03   7.7573353E-01   8.3043557E-01
   3.1333163E+00   1.1664544E-02   8.7538987E-01   8.3237290E-01
   3.1366661E+00  -2.0273039E-02   9.0057522E-01   8.3211523E-01
   3.1400161E+00   1.1581530E-02   1.0475349E+00   8.3625299E-01
   3.1438375E+00  -9.2060555E-04   1.1049509E+00   8.3632791E-01
   3.1468635E+00   4.6040737E-03   1.0921525E+00   8.3749890E-01
   3.1500616E+00   1.5414095E-02   1.2055767E+00   8.3866411E-01
   3.1534121E+00  -3.4983370E-03   1.2708040E+00   8.3537787E-01
   3.1569467E+00   1.2139316E-02   1.3436921E+00   8.3707774E-01
   3.1604927E+00   5.3042015E-03   1.4199442E+00   8.3792013E-01
   3.1639218E+00   7.9423543E-03   1.4656457E+00   8.3643860E-01
   3.1672504E+00  -1.3326448E-03   1.5335222E+00   8.4035081E-01
   3.1704946E+00  -1.8740250E-03   1.6147510E+00   8.4061027E-01
   3.1737282E+00  -1.5184050E-03   1.6858519E+00   8.4067845E-01
   3.1769631E+00   3.5159474E-03   1.7508768E+00   8.4149683E-01
   3.1800854E+00   7.5181904E-03   1.7923104E+00   8.4077138E-01
   3.1833198E+00  -6.6179456E-03   1.8655787E+00   8.4015572E-01
   3.1865554E+00   1.6671108E-02   1.9306349E+00   8.4341604E-01
   3.1897883E+00  -1.9979529E-02   2.0431249E+00   8.4147805E-01
   3.1937335E+00   2.7307214E-02   2.0915043E+00   8.4564775E-01
   3.1972163E+00  -2.8904160E-03   2.1504936E+00   8.4207058E-01
   3.2005966E+00  -6.8398530E-04   2.2210155E+00   8.4432024E-01
   3.2039251E+00   1.9901535E-03   2.3579962E+00   8.4353018E-01
   3.2067068E+00  -5.9099812E-03   2.4297643E+00   8.4845054E-01
   3.2098889E+00  -8.8013901E-04   2.4421346E+00   8.4598213E-01
   3.2131550E+00   3.5687510E-03   2.4936600E+00   8.4581715E-01
   3.2175088E+00   7.3563051E-03   2.6128297E+00   8.4629399E-01
   3.2207723E+00  -1.0580940E-02   2.7034767E+00   8.4658158E-01
   3.2240386E+00   8.1955884E-03   2.7878463E+00   8.4763306E-01
   3.2273018E+00   1.0929910E-02   2.8252831E+00   8.4706837E-01
   3.2305675E+00   1.0842785E-02   2.8824296E+00   8.4559494E-01
   3.2338319E+00  -1.0637368E-02   3.1120963E+00   8.4719080E-01
   3.2371585E+00  -3.7770513E-03   3.0064561E+00   8.4714007E-01
   3.2403901E+00   3.0381933E-03   3.0202847E+00   8.4494865E-01
   3.2440686E+00   5.1095630E-03   3.1907597E+00   8.4483498E-01
   3.2474067E+00  -1.6942577E-02   3.3481753E+00   8.4562510E-01
   3.2503746E+00   1.7172465E-02   3.3460050E+00   8.4365493E-01
   3.2536607E+00  -1.1698688E-02   3.4018643E+00   8.4403342E-01
   3.2568817E+00  -5.7683419E-03   3.4603832E+00   8.4406257E-01
   3.2600248E+00   8.7823579E-03   3.5256784E+00   8.4394920E-01
   3.2642045E+00  -7.2157872E-03   3.6731424E+00   8.4265542E-01
   3.2673390E+00  -7.3282840E-03   3.7438540E+00   8.4499598E-01
   3.2704737E+00   1.3069826E-02   3.8026693E+00   8.4558058E-01
   3.2736084E+00   2.5422075E-03   3.8646932E+00   8.4453714E-01
   3.2767432E+00  -1.0519724E-02   3.9173634E+00   8.4476602E-01
   3.2809727E+00   4.5488537E-03   4.0277376E+00   8.4390152E-01
   3.2833297E+00   5.9060617E-03   4.0769310E+00   8.4439552E-01
   3.2868786E+00  -6.7395465E-03   4.1559119E+00   8.4128672E-01
   3.2903187E+00  -4.3932279E-03   4.2479959E+00   8.3996207E-01
   3.2936521E+00   3.2521687E-03   4.3739524E+00   8.4071463E-01
   3.2968884E+00   1.4178235E-03   4.4197264E+00   8.3951610E-01
   3.3000460E+00  -1.0429558E-02   4.4375267E+00   8.3778447E-01
   3.3042037E+00   5.8886618E-03   4.5219483E+00   8.3834082E-01
   3.3073518E+00  -9.8309098E-03   4.6408963E+00   8.3678848E-01
   3.3104999E+00  -8.5218335E-03   4.7239394E+00   8.3616197E-01
   3.3136480E+00  -6.3547934E-03   4.7480311E+00   8.3521658E-01
   3.3167961E+00   2.4639776E-02   4.8435225E+00   8.3375692E-01
   3.3210673E+00   7.6040789E-03   4.9446349E+00   8.3404559E-01
   3.3234286E+00   8.7666800E-03   4.9715867E+00   8.3364737E-01
   3.3270066E+00   8.5305348E-03   5.0151711E+00   8.3163577E-01
   3.3306785E+00  -7.1326564E-03   5.1832161E+00   8.3042401E-01
   3.3343070E+00   5.6484179E-04   5.2313251E+00   8.3086407E-01
   3.3372509E+00   6.3780360E-03   5.2760873E+00   8.2893634E-01
   3.3416901E+00  -5.2066366E-03   5.3792667E+00   8.2834405E-01
