  flscon:  version 23.2.0.01  win64 2022 
 FLOW-3D   01:32:43  03/06/2024 iqiq     
   hydr3d   version  23.2.0.20 win64     12/04/2023 HYDRO    
 Simulation Template: Free Surface - TruVOF (Default)                            

Mesh Block   2
 Block 2: printing hyel         i=42   j=17  k=185 
       1      101      0.000E+00      3.341E+00       42       42       17       17      185      185
   time              hyel_-1
   0.0000000E+00   4.2106521E-01
   3.3500388E-02   4.2586023E-01
   6.6755250E-02   4.3119982E-01
   9.9980511E-02   4.3709117E-01
   1.3304368E-01   4.4370699E-01
   1.6746181E-01   4.5159969E-01
   2.0037118E-01   4.6002290E-01
   2.3361866E-01   4.6823561E-01
   2.6758695E-01   4.7608393E-01
   3.0023777E-01   4.8338026E-01
   3.3391315E-01   4.9023673E-01
   3.6742866E-01   4.9623173E-01
   4.0100676E-01   5.0081193E-01
   4.3388671E-01   5.0361079E-01
   4.6796092E-01   5.0445265E-01
   5.0115770E-01   5.0346410E-01
   5.3460765E-01   5.0087708E-01
   5.6785941E-01   4.9643213E-01
   6.0138983E-01   4.9070838E-01
   6.3504612E-01   4.8394185E-01
   6.6794044E-01   4.7657236E-01
   7.0165855E-01   4.6826974E-01
   7.3518854E-01   4.5939317E-01
   7.6872188E-01   4.5040438E-01
   8.0181384E-01   4.4221863E-01
   8.3495754E-01   4.3552959E-01
   8.6877167E-01   4.3045554E-01
   9.0167439E-01   4.2521864E-01
   9.3556333E-01   4.1886899E-01
   9.6863073E-01   4.1412741E-01
   1.0021117E+00   4.1013297E-01
   1.0353364E+00   4.0694407E-01
   1.0689235E+00   4.0430540E-01
   1.1025704E+00   4.0137237E-01
   1.1360571E+00   3.9810351E-01
   1.1692173E+00   3.9488471E-01
   1.2022182E+00   3.9236248E-01
   1.2361950E+00   3.9168090E-01
   1.2691674E+00   3.9181808E-01
   1.3032817E+00   3.9171550E-01
   1.3360361E+00   3.9188120E-01
   1.3696697E+00   3.9309725E-01
   1.4030867E+00   3.9526907E-01
   1.4367522E+00   3.9812174E-01
   1.4693192E+00   4.0118450E-01
   1.5028462E+00   4.0434864E-01
   1.5364224E+00   4.0724483E-01
   1.5699908E+00   4.1029936E-01
   1.6033612E+00   4.1388127E-01
   1.6363975E+00   4.1782588E-01
   1.6702679E+00   4.2245758E-01
   1.7036335E+00   4.2766583E-01
   1.7369483E+00   4.3384156E-01
   1.7707757E+00   4.4047832E-01
   1.8041080E+00   4.4721305E-01
   1.8369000E+00   4.5446113E-01
   1.8702877E+00   4.6250275E-01
   1.9039302E+00   4.7059789E-01
   1.9374847E+00   4.7869197E-01
   1.9707102E+00   4.8553038E-01
   2.0046597E+00   4.9192262E-01
   2.0377910E+00   4.9670702E-01
   2.0714002E+00   4.9966609E-01
   2.1047635E+00   5.0065273E-01
   2.1375113E+00   5.0015062E-01
   2.1712716E+00   4.9773687E-01
   2.2052419E+00   4.9298978E-01
   2.2378964E+00   4.8722050E-01
   2.2718992E+00   4.8015335E-01
   2.3047760E+00   4.7253597E-01
   2.3383455E+00   4.6366197E-01
   2.3719463E+00   4.5405129E-01
   2.4054661E+00   4.4414124E-01
   2.4389007E+00   4.3449125E-01
   2.4722657E+00   4.2568055E-01
   2.5053785E+00   4.1790617E-01
   2.5386770E+00   4.1107604E-01
   2.5721562E+00   4.0481696E-01
   2.6057250E+00   4.0000328E-01
   2.6394193E+00   3.9394882E-01
   2.6721439E+00   3.8864997E-01
   2.7056911E+00   3.8425821E-01
   2.7391562E+00   3.8149491E-01
   2.7726960E+00   3.8051841E-01
   2.8056731E+00   3.8000157E-01
   2.8400934E+00   3.7717772E-01
   2.8731353E+00   3.7725124E-01
   2.9063139E+00   3.7676513E-01
   2.9394908E+00   3.7566477E-01
   2.9734914E+00   3.7492976E-01
   3.0062759E+00   3.7516189E-01
   3.0402417E+00   3.7629762E-01
   3.0733266E+00   3.7841398E-01
   3.1067898E+00   3.8060501E-01
   3.1400821E+00   3.8297400E-01
   3.1736503E+00   3.8582814E-01
   3.2070587E+00   3.8875103E-01
   3.2403438E+00   3.9200279E-01
   3.2738485E+00   3.9611822E-01
   3.3072336E+00   4.0096945E-01
   3.3408046E+00   4.0594476E-01
