  flscon:  version 23.2.0.01  win64 2022 
 FLOW-3D   19:04:20  02/29/2024 tjbn     
   hydr3d   version  23.2.0.20 win64     12/04/2023 HYDRO    
 Simulation Template: Free Surface - TruVOF (Default)                            

Mesh Block   1
 printing pfxob, pfyob, pfzob       
       1     1002      0.000E+00      4.931E+00
   time              pfxob_1         pfyob_1         pfzob_1
   0.0000000E+00   1.1757520E-04  -1.9276305E+00  -6.7509884E-01
   2.2301166E-03  -7.7704032E-04   1.3061905E+02  -1.6896329E+00
   4.3487274E-03  -5.2591064E-03  -1.6772819E+00  -6.9106764E-01
   1.0281103E-02   7.5293612E-04  -1.6822280E+00  -6.9447827E-01
   1.4602566E-02  -1.1186998E-03  -1.6891252E+00  -6.8927628E-01
   1.9366980E-02  -1.8175268E-03  -1.7237906E+00  -6.8649846E-01
   2.4619745E-02  -1.3261006E-03  -1.7430768E+00  -6.8202347E-01
   3.0152112E-02  -9.3781989E-04  -1.7544620E+00  -6.7805350E-01
   3.4468263E-02  -6.5548567E-04  -1.7618121E+00  -6.7392653E-01
   3.9454248E-02  -2.1267647E-04  -1.7757983E+00  -6.6762722E-01
   4.4775408E-02  -6.5875443E-04  -1.7886964E+00  -6.6492468E-01
   4.9870539E-02  -3.9493400E-04  -1.7939441E+00  -6.6200978E-01
   5.4146502E-02   1.3495213E-04  -1.8003945E+00  -6.6136581E-01
   5.9894785E-02  -1.7751240E-03  -1.8148062E+00  -6.5484774E-01
   6.4368330E-02  -3.3938151E-04  -1.8202323E+00  -6.4996493E-01
   6.8916433E-02  -3.1950625E-04  -1.8244498E+00  -6.4547616E-01
   7.4099228E-02  -1.3087710E-03  -1.8372178E+00  -6.4869153E-01
   7.9584576E-02   4.4847927E-03  -1.8303823E+00  -6.3907617E-01
   8.4302098E-02  -1.6150296E-03  -1.8424195E+00  -6.3484955E-01
   8.9390390E-02  -2.2667802E-03  -1.8552058E+00  -6.3136822E-01
   9.3220741E-02  -4.0634972E-04  -1.8597738E+00  -6.2841141E-01
   9.9714831E-02   8.8006316E-04  -1.8562558E+00  -6.2292337E-01
   1.0460344E-01  -4.8352373E-05  -1.8578598E+00  -6.2035477E-01
   1.0723256E-01  -1.0980940E-03  -1.8558472E+00  -6.1459905E-01
   1.1416648E-01   6.3013424E-05  -1.8686606E+00  -6.1251843E-01
   1.1880984E-01  -2.2880985E-04  -1.8733716E+00  -6.0977131E-01
   1.2360369E-01   7.3777488E-04  -1.8731406E+00  -6.0599887E-01
   1.2828659E-01  -3.1424809E-04  -1.8561449E+00  -5.9759384E-01
   1.3289614E-01  -9.8030933E-04  -1.8690653E+00  -5.9688795E-01
   1.3797818E-01  -6.6539287E-05  -1.8807589E+00  -5.9381104E-01
   1.4321521E-01   8.1327738E-04  -1.8809360E+00  -5.8938408E-01
   1.4770737E-01   3.1162871E-04  -1.8491477E+00  -5.8070081E-01
   1.5246020E-01  -7.6152902E-04  -1.8701013E+00  -5.8045787E-01
   1.5770020E-01  -1.0783615E-04  -1.8786681E+00  -5.7790881E-01
   1.6347729E-01   8.2742661E-04  -1.8732096E+00  -5.7236773E-01
   1.6658424E-01   1.2993953E-03  -1.8340164E+00  -5.6429231E-01
   1.7291790E-01  -5.8903696E-04  -1.8523470E+00  -5.6321621E-01
   1.7842616E-01  -5.2614476E-05  -1.8647794E+00  -5.6032884E-01
   1.8329594E-01   7.7022711E-04  -1.8637228E+00  -5.5633414E-01
   1.8791012E-01   1.0405246E-03  -1.8490363E+00  -5.4989183E-01
   1.9299728E-01   8.6556294E-04  -1.7943397E+00  -5.4076242E-01
   1.9860585E-01  -2.2988955E-03  -1.8733478E+00  -5.4688799E-01
   2.0162217E-01   1.2393459E-02  -1.7863884E+00  -5.3816265E-01
   2.0781766E-01  -2.7107482E-03  -1.8124311E+00  -5.3632057E-01
   2.1086876E-01  -5.7980884E-03  -1.8260503E+00  -5.3416675E-01
   2.1677427E-01  -1.8083792E-03  -1.8340896E+00  -5.2805549E-01
   2.2231431E-01   1.7220430E-03  -1.8171487E+00  -5.2189249E-01
   2.2769678E-01  -5.4008595E-04  -1.7324282E+00  -5.1240665E-01
   2.3313884E-01  -1.7564502E-03  -1.7718722E+00  -5.1323128E-01
   2.3606563E-01  -1.0796321E-03  -1.7983991E+00  -5.1280218E-01
   2.4236549E-01  -2.8916627E-06  -1.8092756E+00  -5.1007557E-01
   2.4575360E-01   9.0877851E-04  -1.8054307E+00  -5.0784945E-01
   2.5264791E-01   6.2702247E-04  -1.7475271E+00  -5.0073868E-01
   2.5573808E-01  -3.2114930E-04  -1.7554051E+00  -4.9971080E-01
   2.6161230E-01  -1.1936695E-03  -1.7657185E+00  -4.9058878E-01
   2.6477149E-01  -8.9008361E-04  -1.7618880E+00  -4.9010053E-01
   2.7096498E-01  -2.4034748E-04  -1.7355511E+00  -4.8812318E-01
   2.7741870E-01  -6.0066843E-04  -1.7338897E+00  -4.8283103E-01
   2.8088954E-01  -9.1654959E-04  -1.7235054E+00  -4.7906393E-01
   2.8439188E-01  -3.8246511E-04  -1.7245233E+00  -4.7770831E-01
   2.9171544E-01  -1.0225257E-03  -1.7114782E+00  -4.7275034E-01
   2.9565409E-01  -1.3953663E-03  -1.6992472E+00  -4.6893504E-01
   2.9909202E-01  -1.6663371E-03  -1.7008657E+00  -4.6774077E-01
   3.0648896E-01  -1.5690806E-04  -1.6720461E+00  -4.6067524E-01
   3.0999577E-01  -8.6411374E-04  -1.6745962E+00  -4.5994237E-01
   3.1632063E-01  -6.5766514E-04  -1.6666126E+00  -4.5518315E-01
   3.1972218E-01  -7.8759546E-04  -1.6670156E+00  -4.5428687E-01
   3.2639369E-01  -8.7285647E-04  -1.6636536E+00  -4.5069021E-01
   3.2998165E-01  -1.0625866E-04  -1.6254237E+00  -4.4530880E-01
   3.3374903E-01  -7.7405758E-04  -1.6291268E+00  -4.4465768E-01
   3.4137663E-01  -6.4158015E-04  -1.6398797E+00  -4.4163653E-01
   3.4513626E-01   1.2580187E-04  -1.6212887E+00  -4.3695897E-01
   3.4878090E-01  -2.3144358E-04  -1.6206805E+00  -4.3627384E-01
   3.5538262E-01  -5.9967180E-04  -1.6124763E+00  -4.3292513E-01
   3.6129436E-01   1.5405366E-03  -1.5516746E+00  -4.2396066E-01
   3.6437318E-01   3.6209801E-04  -1.5525267E+00  -4.2428887E-01
   3.7100032E-01  -1.5125149E-03  -1.5762764E+00  -4.2524502E-01
   3.7456444E-01  -1.0474726E-03  -1.5871603E+00  -4.2405242E-01
   3.7830675E-01  -5.3336308E-04  -1.5916532E+00  -4.2241067E-01
   3.8599235E-01   4.0144238E-04  -1.5523105E+00  -4.1753843E-01
   3.8981053E-01  -5.0519727E-04  -1.5506873E+00  -4.1667947E-01
   3.9360988E-01  -1.0833357E-03  -1.5230488E+00  -4.1198865E-01
   4.0084091E-01  -7.3762691E-05  -1.5306432E+00  -4.1067892E-01
   4.0393281E-01  -9.8078817E-05  -1.5307695E+00  -4.0930676E-01
   4.0986258E-01   6.7358051E-04  -1.4964737E+00  -4.0573975E-01
   4.1472250E-01  -1.0989867E-03  -1.4955996E+00  -4.0566429E-01
   4.1899693E-01   3.3543506E-04  -1.4823174E+00  -3.9815491E-01
   4.2487317E-01  -1.0464680E-03  -1.4783256E+00  -4.0084872E-01
   4.2916420E-01  -7.4635603E-04  -1.4802804E+00  -4.0019050E-01
   4.3389097E-01   3.1865347E-04  -1.4754391E+00  -3.9864579E-01
   4.3840402E-01   5.7693396E-04  -1.4455496E+00  -3.9591366E-01
   4.4283670E-01  -3.7579413E-04  -1.4252920E+00  -3.9366966E-01
   4.4772378E-01  -8.7781664E-04  -1.4058621E+00  -3.8982299E-01
   4.5267344E-01  -1.9714397E-03  -1.4564146E+00  -3.9406639E-01
   4.5923445E-01   5.5817612E-03  -1.3790284E+00  -3.8862148E-01
   4.6320456E-01  -3.5809798E-03  -1.4003749E+00  -3.8741657E-01
   4.6870533E-01  -3.7922182E-03  -1.4131119E+00  -3.8693997E-01
   4.7389278E-01   4.3870751E-03  -1.3890666E+00  -3.8600573E-01
   4.7770387E-01   1.4315059E-03  -1.3582630E+00  -3.8363567E-01
   4.8416531E-01  -8.7887648E-04  -1.3468865E+00  -3.8154075E-01
   4.8902935E-01  -6.8504561E-04  -1.3467046E+00  -3.7993380E-01
   4.9413046E-01  -4.9125265E-05  -1.3413776E+00  -3.7833589E-01
   4.9873197E-01   5.1056559E-04  -1.3181579E+00  -3.7731427E-01
   5.0283045E-01   3.2571197E-04  -1.3097862E+00  -3.7712801E-01
   5.0860471E-01   2.7289809E-04  -1.2944434E+00  -3.7584588E-01
   5.1229298E-01   4.9163139E-04  -1.2883496E+00  -3.7513217E-01
   5.1735032E-01  -5.9250160E-04  -1.2808306E+00  -3.7428921E-01
   5.2281076E-01  -1.0744396E-03  -1.2721680E+00  -3.7340555E-01
   5.2838343E-01   9.1045303E-04  -1.2461548E+00  -3.7131780E-01
   5.3197610E-01   7.7493361E-04  -1.2339162E+00  -3.7092215E-01
   5.3729528E-01  -1.4220084E-04  -1.2268221E+00  -3.7029222E-01
   5.4269743E-01   4.4580072E-04  -1.2194076E+00  -3.6957943E-01
   5.4642451E-01   9.8345301E-04  -1.2134504E+00  -3.6972240E-01
   5.5211830E-01   5.1950075E-04  -1.1927681E+00  -3.6868122E-01
   5.5782336E-01   8.7548431E-04  -1.1758198E+00  -3.6785075E-01
   5.6141222E-01   8.0889382E-04  -1.1673319E+00  -3.6733091E-01
   5.6638336E-01   8.3322625E-04  -1.1479434E+00  -3.6677310E-01
   5.7245541E-01   2.8829020E-04  -1.1329432E+00  -3.6532131E-01
   5.7670242E-01   1.6279006E-03  -1.1289759E+00  -3.6521137E-01
   5.8205831E-01   8.9390215E-04  -1.1160668E+00  -3.6447293E-01
   5.8713931E-01   1.6570896E-04  -1.0974957E+00  -3.6311036E-01
   5.9200352E-01   4.2325785E-04  -1.0827204E+00  -3.6206821E-01
   5.9669244E-01   6.8446732E-04  -1.0715101E+00  -3.6177298E-01
   6.0124677E-01   2.8703921E-04  -1.0604101E+00  -3.6078021E-01
   6.0683328E-01  -2.6769210E-03  -1.0463470E+00  -3.6003083E-01
   6.1185247E-01  -5.8722973E-04  -1.0348570E+00  -3.5915640E-01
   6.1620647E-01  -5.8950151E-05  -1.0250279E+00  -3.5864431E-01
   6.2054390E-01   6.2684697E-04  -1.0109105E+00  -3.5783997E-01
   6.2620819E-01  -1.9726501E-04  -9.9178189E-01  -3.5662699E-01
   6.3124722E-01  -4.3366489E-04  -9.7356737E-01  -3.5583973E-01
   6.3581717E-01   1.8398087E-04  -9.7664636E-01  -3.5566649E-01
   6.4090985E-01   1.5751790E-04  -9.4881856E-01  -3.5393226E-01
   6.4552379E-01   6.7099655E-04  -9.4469827E-01  -3.5365960E-01
   6.5109718E-01   4.0221820E-04  -9.2664361E-01  -3.5227230E-01
   6.5634727E-01   3.1965578E-03  -8.9396471E-01  -3.5092968E-01
   6.6049564E-01  -4.0480500E-04  -8.9207548E-01  -3.5142410E-01
   6.6608399E-01  -4.0848140E-04  -8.9181727E-01  -3.5079351E-01
   6.7046422E-01   1.8083227E-04  -8.6234981E-01  -3.5005987E-01
   6.7563272E-01   3.5627815E-03  -8.5912293E-01  -3.4978822E-01
   6.7990470E-01   3.1683461E-03  -8.5250151E-01  -3.4955591E-01
   6.8460000E-01   6.7230273E-04  -8.3889735E-01  -3.4898436E-01
   6.9087839E-01   1.7134933E-03  -8.1648135E-01  -3.4876969E-01
   6.9553518E-01  -1.5420746E-03  -7.9695851E-01  -3.4747046E-01
   7.0014071E-01   1.8741651E-03  -7.7805954E-01  -3.4676552E-01
   7.0474231E-01  -5.5343093E-04  -7.7819115E-01  -3.4642470E-01
   7.0936072E-01  -4.6069516E-04  -7.6364899E-01  -3.4684497E-01
   7.1560180E-01   1.3307643E-03  -7.5165063E-01  -3.4560040E-01
   7.2036612E-01   2.9428236E-03  -7.3502570E-01  -3.4420586E-01
   7.2527993E-01  -2.2676000E-03  -7.1500182E-01  -3.4378186E-01
   7.2891563E-01   2.3929225E-03  -7.1030688E-01  -3.4342244E-01
   7.3448646E-01   1.3877857E-04  -6.9313204E-01  -3.4317380E-01
   7.4004453E-01   2.2803731E-03  -6.7337316E-01  -3.4295169E-01
   7.4373496E-01   1.7702192E-03  -6.5769815E-01  -3.4296554E-01
   7.4925143E-01   1.2802588E-03  -6.4855486E-01  -3.4286472E-01
   7.5416714E-01   1.3828663E-03  -6.3583249E-01  -3.4312990E-01
   7.5880653E-01   1.6871846E-04  -6.2907898E-01  -3.4321406E-01
   7.6362526E-01  -1.1727541E-03  -6.0503763E-01  -3.4290227E-01
   7.6894075E-01   1.3126906E-05  -5.8408177E-01  -3.4333560E-01
   7.7404767E-01   1.7611261E-03  -5.7237351E-01  -3.4359631E-01
   7.7954167E-01   5.5704010E-04  -5.6724495E-01  -3.4294266E-01
   7.8442609E-01   5.5854232E-04  -5.5095309E-01  -3.4258565E-01
   7.8810298E-01   3.2675962E-04  -5.2865005E-01  -3.4212384E-01
   7.9433686E-01   2.6492038E-04  -4.9929979E-01  -3.4215173E-01
   7.9876399E-01  -2.0461685E-04  -4.9694830E-01  -3.4235185E-01
   8.0320716E-01   1.9493540E-04  -4.8933154E-01  -3.4248719E-01
   8.0767107E-01   1.3086152E-03  -4.3477732E-01  -3.4208214E-01
   8.1432295E-01   3.5685004E-04  -4.4434917E-01  -3.4245354E-01
   8.1836152E-01   4.7046263E-04  -4.5463377E-01  -3.4259599E-01
   8.2392597E-01   6.0739915E-04  -4.4937518E-01  -3.4261644E-01
   8.2909811E-01   8.2381669E-04  -4.0803126E-01  -3.4213528E-01
   8.3398002E-01   5.8888062E-04  -3.7174505E-01  -3.4189841E-01
   8.3864069E-01   1.1413817E-03  -3.5879919E-01  -3.4165719E-01
   8.4312809E-01   3.5706966E-04  -3.5452014E-01  -3.4194234E-01
   8.4747624E-01   7.0714543E-04  -3.4817833E-01  -3.4165707E-01
   8.5309941E-01   6.2887615E-04  -3.3329496E-01  -3.4176168E-01
   8.5856253E-01   7.6130457E-04  -3.0519229E-01  -3.4178877E-01
   8.6257434E-01   1.0786661E-03  -2.8591689E-01  -3.4151384E-01
   8.6782920E-01   4.9510557E-04  -2.7172932E-01  -3.4164217E-01
   8.7299407E-01   7.5576347E-05  -2.5862181E-01  -3.4153691E-01
   8.7808424E-01  -1.5128106E-04  -2.4690531E-01  -3.4164906E-01
   8.8227558E-01  -1.2194893E-04  -2.3353000E-01  -3.4149578E-01
   8.8712764E-01  -5.7153712E-04  -2.1623656E-01  -3.4118927E-01
   8.9257538E-01  -8.3826762E-04  -1.9392523E-01  -3.4132028E-01
   8.9802575E-01  -9.3100412E-04  -1.7269021E-01  -3.4155881E-01
   9.0194547E-01  -9.5655833E-04  -1.5900680E-01  -3.4162092E-01
   9.0626693E-01  -1.0937620E-03  -1.4795095E-01  -3.4152237E-01
   9.1103131E-01  -1.4505147E-03  -1.3500549E-01  -3.4150806E-01
   9.1595191E-01  -1.6901660E-03  -1.2057275E-01  -3.4171510E-01
   9.2175043E-01  -1.5184842E-03  -1.0365446E-01  -3.4251252E-01
   9.2649209E-01  -1.5138804E-03  -7.7895895E-02  -3.4301317E-01
   9.3192166E-01  -1.7113456E-03  -5.6093484E-02  -3.4261274E-01
   9.3699837E-01  -1.6705525E-03  -4.4145167E-02  -3.4225991E-01
   9.4142979E-01  -1.7937589E-03  -2.7801814E-02  -3.4191048E-01
   9.4655967E-01  -1.9634676E-03  -1.8866319E-02  -3.4184027E-01
   9.5183343E-01  -2.1730845E-03  -1.0665323E-03  -3.4240109E-01
   9.5693469E-01  -2.2355050E-03   2.9566709E-02  -3.4280723E-01
   9.6190244E-01  -1.4523002E-03   5.5015165E-02  -3.4304145E-01
   9.6676171E-01  -1.3930344E-03   6.0881648E-02  -3.4301001E-01
   9.7152972E-01  -1.3258710E-03   6.5944545E-02  -3.4312907E-01
   9.7621977E-01  -1.4064637E-03   8.0450073E-02  -3.4320542E-01
   9.8084408E-01  -1.5488409E-03   1.0826401E-01  -3.4334496E-01
   9.8541546E-01  -1.2458387E-03   1.8167520E-01  -3.4369430E-01
   9.9141884E-01  -7.1956529E-03   2.0602925E-01  -3.4377468E-01
   9.9580604E-01   2.4646050E-03   1.5773231E-01  -3.4392983E-01
   1.0015213E+00  -3.4301307E-03   1.3309745E-01  -3.4415209E-01
   1.0057226E+00  -2.3329977E-03   1.9646144E-01  -3.4409025E-01
   1.0112293E+00  -3.1879845E-03   2.2722094E-01  -3.4580258E-01
   1.0156329E+00  -3.4423657E-03   2.3891701E-01  -3.4688109E-01
   1.0210778E+00  -2.4710991E-03   2.5988355E-01  -3.4323627E-01
   1.0254282E+00  -1.1321714E-03   2.5700027E-01  -3.4711570E-01
   1.0305102E+00  -2.4689410E-03   2.7680546E-01  -3.4552604E-01
   1.0356865E+00  -9.9550257E-04   3.1467292E-01  -3.4677595E-01
   1.0408438E+00  -1.0661889E-03   3.3714637E-01  -3.4709972E-01
   1.0447109E+00  -1.8666955E-03   3.4600788E-01  -3.4750929E-01
   1.0498579E+00  -7.2758892E-05   3.5727340E-01  -3.4755376E-01
   1.0550054E+00   5.1556472E-05   3.7157342E-01  -3.4779555E-01
   1.0601521E+00  -1.8590172E-03   3.9295009E-01  -3.4768054E-01
   1.0652565E+00  -2.1536208E-03   4.1633311E-01  -3.4770933E-01
   1.0703809E+00  -4.7849759E-04   4.3459746E-01  -3.4761024E-01
   1.0746387E+00  -3.1789076E-03   4.5562765E-01  -3.4784910E-01
   1.0795678E+00  -7.2674393E-03   4.7477713E-01  -3.4794399E-01
   1.0852737E+00   5.1656729E-03   4.8316330E-01  -3.4762356E-01
   1.0895691E+00  -9.6439448E-04   5.0318885E-01  -3.4866673E-01
   1.0939022E+00  -2.3550352E-03   5.1474333E-01  -3.4867314E-01
   1.0987840E+00  -2.2175398E-03   5.4028124E-01  -3.4898749E-01
   1.1044352E+00  -1.7319530E-03   5.6870955E-01  -3.4806442E-01
   1.1103426E+00  -1.7447147E-03   5.8410412E-01  -3.4746510E-01
   1.1142656E+00  -1.6042477E-03   5.9933138E-01  -3.4897926E-01
   1.1201231E+00  -2.2336461E-03   6.1690271E-01  -3.4793201E-01
   1.1240146E+00  -1.3462887E-03   6.3991070E-01  -3.4831375E-01
   1.1295598E+00  -2.0558920E-03   6.6112971E-01  -3.4779245E-01
   1.1334497E+00  -1.9938049E-03   6.7623842E-01  -3.4848216E-01
   1.1391709E+00  -1.6301316E-03   6.9534475E-01  -3.5128057E-01
   1.1430320E+00  -2.5446683E-03   7.1395063E-01  -3.4691870E-01
   1.1488701E+00  -2.1921773E-03   7.3232466E-01  -3.5133067E-01
   1.1545501E+00  -1.8046396E-03   7.5048852E-01  -3.5180616E-01
   1.1586618E+00  -2.2449240E-03   8.1308758E-01  -3.5291034E-01
   1.1631951E+00  -4.0839086E-04   7.3971480E-01  -3.4045431E-01
   1.1693861E+00  -3.0955251E-03   8.7885278E-01  -3.4997696E-01
   1.1740466E+00  -1.7524151E-03   8.4947217E-01  -3.5136396E-01
   1.1791848E+00  -1.8564316E-03   8.3363545E-01  -3.5127011E-01
   1.1848496E+00  -2.5494627E-03   8.3645517E-01  -3.5181841E-01
   1.1878963E+00  -3.2985266E-03   9.0502703E-01  -3.5387686E-01
   1.1944540E+00  -2.6676052E-03   9.0686715E-01  -3.5298994E-01
   1.1979808E+00  -1.9501117E-03   9.0787154E-01  -3.5354280E-01
   1.2016466E+00  -2.2510693E-03   9.1374856E-01  -3.5487810E-01
   1.2085330E+00  -3.5481900E-03   1.0093426E+00  -3.5907677E-01
   1.2116240E+00  -2.2963306E-03   1.0058318E+00  -3.5803476E-01
   1.2173288E+00  -3.0564568E-03   9.6574205E-01  -3.5524577E-01
   1.2228539E+00  -4.9737240E-03   1.0500098E+00  -3.5954127E-01
   1.2280141E+00  -2.2511131E-03   1.0490234E+00  -3.5855553E-01
   1.2333608E+00  -1.5982331E-03   1.0416095E+00  -3.5934153E-01
   1.2386645E+00  -2.9428280E-03   1.0489793E+00  -3.6125705E-01
   1.2413089E+00  -3.3996801E-03   1.0643526E+00  -3.6209962E-01
   1.2465912E+00  -3.5971808E-03   1.1492925E+00  -3.6468610E-01
   1.2518674E+00  -2.6435666E-03   1.1206903E+00  -3.6380291E-01
   1.2571493E+00  -2.2387519E-03   1.1140162E+00  -3.6420000E-01
   1.2625749E+00  -3.7355043E-03   1.1428394E+00  -3.6603817E-01
   1.2678914E+00  -3.1171017E-03   1.2354542E+00  -3.6931598E-01
   1.2719730E+00  -6.5672357E-04   1.2022340E+00  -3.6945781E-01
   1.2764728E+00  -1.9406565E-03   1.1884190E+00  -3.7067828E-01
   1.2814339E+00  -3.6554583E-03   1.2124103E+00  -3.7130988E-01
   1.2868189E+00  -3.7123391E-03   1.2999675E+00  -3.7434778E-01
   1.2919470E+00  -1.2703389E-03   1.2802579E+00  -3.7444216E-01
   1.2967907E+00  -8.9405483E-04   1.2695757E+00  -3.7598336E-01
   1.3014166E+00  -2.6284540E-03   1.2787616E+00  -3.7762907E-01
   1.3063320E+00  -2.8539011E-03   1.3331568E+00  -3.8017634E-01
   1.3117512E+00  -1.6341349E-03   1.3623215E+00  -3.8090464E-01
   1.3177259E+00  -1.6573770E-03   1.3851664E+00  -3.8334653E-01
   1.3209391E+00  -1.3596832E-03   1.3904011E+00  -3.8392112E-01
   1.3278555E+00  -1.8012550E-03   1.4191951E+00  -3.8683838E-01
   1.3315752E+00  -5.8198092E-04   1.4236203E+00  -3.8678464E-01
   1.3354808E+00  -1.0191386E-03   1.4383003E+00  -3.8933793E-01
   1.3428212E+00  -1.5892921E-03   1.4834702E+00  -3.9280033E-01
   1.3463192E+00  -9.6482859E-04   1.4866267E+00  -3.9287952E-01
   1.3497562E+00  -9.0859679E-04   1.4905061E+00  -3.9390472E-01
   1.3565367E+00  -1.7290256E-03   1.5407279E+00  -3.9914298E-01
   1.3599190E+00  -1.5270557E-03   1.5426328E+00  -3.9906290E-01
   1.3669261E+00  -7.5987156E-04   1.5491714E+00  -4.0062761E-01
   1.3706945E+00  -1.5462986E-03   1.5827825E+00  -4.0399328E-01
   1.3743529E+00  -2.0634995E-03   1.5891836E+00  -4.0439078E-01
   1.3822278E+00  -1.2773910E-03   1.6118691E+00  -4.0718633E-01
   1.3859216E+00  -1.4961557E-03   1.6382977E+00  -4.1013870E-01
   1.3897150E+00  -1.2552915E-03   1.6509414E+00  -4.1165212E-01
   1.3936980E+00  -1.5371530E-03   1.6547205E+00  -4.1222462E-01
   1.4016122E+00  -1.6811091E-03   1.6834575E+00  -4.1615504E-01
   1.4055333E+00  -2.2256291E-03   1.7100451E+00  -4.1963103E-01
   1.4094301E+00  -1.5571042E-03   1.7146200E+00  -4.2033532E-01
   1.4133034E+00  -1.4378761E-03   1.7360792E+00  -4.2340446E-01
   1.4209830E+00  -6.6012121E-04   1.7623699E+00  -4.2739698E-01
   1.4242146E+00  -2.1851191E-03   1.7717117E+00  -4.2813116E-01
   1.4311706E+00  -1.2679220E-03   1.7935085E+00  -4.3169186E-01
   1.4349116E+00  -1.4493756E-03   1.8109084E+00  -4.3423775E-01
   1.4411577E+00  -2.1950218E-03   1.8375393E+00  -4.3831465E-01
   1.4445169E+00  -1.4554417E-03   1.8410614E+00  -4.3884468E-01
   1.4480439E+00  -9.5017481E-04   1.8459352E+00  -4.4006121E-01
   1.4551017E+00  -9.4568543E-04   1.8672087E+00  -4.4406918E-01
   1.4587553E+00  -1.8757159E-03   1.9192171E+00  -4.5027933E-01
   1.4647849E+00   1.5140604E-04   1.9197005E+00  -4.5055389E-01
   1.4699368E+00  -1.1373365E-03   1.9153522E+00  -4.5225114E-01
   1.4753182E+00  -9.2504098E-04   1.9269829E+00  -4.5466524E-01
   1.4780592E+00  -1.3462673E-03   1.9416009E+00  -4.5738155E-01
   1.4839593E+00  -2.5191284E-03   2.0192904E+00  -4.6572343E-01
   1.4904641E+00   4.9185501E-03   1.9586796E+00  -4.6206638E-01
   1.4939624E+00  -5.3935004E-03   1.9965768E+00  -4.6431294E-01
   1.4974854E+00   5.2367523E-03   2.0229261E+00  -4.6827444E-01
   1.5045054E+00  -1.7887389E-03   2.0286646E+00  -4.7109801E-01
   1.5080024E+00  -1.5644683E-03   2.0403430E+00  -4.7348252E-01
   1.5149672E+00   2.2421071E-04   2.0807841E+00  -4.8060408E-01
   1.5184317E+00   2.0421064E-03   2.0782170E+00  -4.8139316E-01
   1.5218850E+00   1.7885306E-03   2.0831928E+00  -4.8222935E-01
   1.5287647E+00   5.7551020E-04   2.1082687E+00  -4.8648474E-01
   1.5321949E+00   1.2101933E-03   2.1268084E+00  -4.8984525E-01
   1.5390373E+00   9.5451897E-04   2.1455956E+00  -4.9409160E-01
   1.5424516E+00   1.4697475E-03   2.1505570E+00  -4.9485451E-01
   1.5492675E+00   1.3564271E-03   2.1701167E+00  -4.9909225E-01
   1.5526689E+00   1.3787848E-03   2.1833556E+00  -5.0291127E-01
   1.5594574E+00   1.2854546E-03   2.2022600E+00  -5.0734705E-01
   1.5628439E+00   2.0721843E-03   2.2076552E+00  -5.0818187E-01
   1.5696008E+00   2.3899912E-03   2.2241492E+00  -5.1224738E-01
   1.5729717E+00   1.5534788E-03   2.2369478E+00  -5.1606792E-01
   1.5763385E+00   1.5901404E-03   2.2421358E+00  -5.1682556E-01
   1.5830604E+00   2.7274720E-03   2.2579849E+00  -5.2069592E-01
   1.5864162E+00   2.5692377E-03   2.2691803E+00  -5.2451926E-01
   1.5931196E+00   2.5744808E-03   2.2843707E+00  -5.2844357E-01
   1.5964674E+00   3.0132236E-03   2.2911630E+00  -5.3041518E-01
   1.6031556E+00   2.5918758E-03   2.3027749E+00  -5.3305387E-01
   1.6064961E+00   1.6394560E-03   2.3163822E+00  -5.3866857E-01
   1.6131651E+00   2.2707363E-03   2.3252501E+00  -5.4040271E-01
   1.6164728E+00   1.6196133E-03   2.3354602E+00  -5.4388493E-01
   1.6230192E+00   2.9794925E-03   2.3469057E+00  -5.4581034E-01
   1.6262615E+00   2.5338666E-03   2.3543925E+00  -5.5266458E-01
   1.6326882E+00   3.3725421E-03   2.3654692E+00  -5.5361152E-01
   1.6358365E+00   3.1177814E-03   2.3720202E+00  -5.5524856E-01
   1.6420348E+00   1.1270052E-03   2.3840978E+00  -5.6397718E-01
   1.6482712E+00   3.2552101E-03   2.3940003E+00  -5.6336623E-01
   1.6513749E+00   3.8180666E-03   2.3990805E+00  -5.6511074E-01
   1.6575400E+00   3.0724856E-03   2.4114995E+00  -5.7016778E-01
   1.6606020E+00   1.5260699E-03   2.4109132E+00  -5.7723933E-01
   1.6666780E+00   3.6324547E-03   2.4218423E+00  -5.7728034E-01
   1.6726998E+00   3.2837351E-03   2.4363532E+00  -5.7968897E-01
   1.6756926E+00   2.3114104E-03   2.4419429E+00  -5.8173996E-01
   1.6816448E+00   1.4786976E-03   2.4326127E+00  -5.9220034E-01
   1.6875592E+00   4.4182809E-03   2.4545548E+00  -5.9022212E-01
   1.6905026E+00   4.1318294E-03   2.4615901E+00  -5.9093976E-01
   1.6963612E+00   1.9208193E-03   2.4671926E+00  -5.9642845E-01
   1.7021867E+00   4.8542754E-03   2.4588304E+00  -6.0358828E-01
   1.7050902E+00   4.5861695E-03   2.4655344E+00  -6.0371286E-01
   1.7107568E+00   2.9825915E-03   2.4833558E+00  -6.0547721E-01
   1.7163022E+00   1.7046871E-03   2.4710822E+00  -6.1324239E-01
   1.7210146E+00   6.7055933E-03   2.4976821E+00  -6.1429965E-01
   1.7261697E+00   3.9806673E-03   2.4943333E+00  -6.1524713E-01
   1.7300502E+00   2.3916853E-03   2.4924200E+00  -6.1729199E-01
   1.7353786E+00   3.4891716E-03   2.4928944E+00  -6.2119144E-01
   1.7402554E+00   5.5807256E-03   2.4852550E+00  -6.2430567E-01
   1.7450240E+00   3.9802077E-03   2.5042539E+00  -6.2763822E-01
   1.7496952E+00   1.9394177E-03   2.4987097E+00  -6.3128144E-01
   1.7557589E+00   4.4393688E-03   2.4900219E+00  -6.3067788E-01
   1.7601933E+00   3.8307346E-03   2.4739630E+00  -6.3786185E-01
   1.7645409E+00   3.5866494E-03   2.4739647E+00  -6.3912690E-01
   1.7702414E+00   2.8564672E-03   2.4894590E+00  -6.3762563E-01
   1.7744880E+00   2.9188746E-03   2.4933145E+00  -6.3911456E-01
   1.7801389E+00   4.4671106E-03   2.4878421E+00  -6.4082426E-01
   1.7843918E+00   4.1427491E-03   2.4648809E+00  -6.4424264E-01
   1.7901540E+00   3.1804610E-03   2.4587238E+00  -6.4296132E-01
   1.7945106E+00   3.8072937E-03   2.4595900E+00  -6.4937484E-01
   1.8003663E+00   3.2923294E-03   2.4517126E+00  -6.4696252E-01
   1.8048645E+00   3.5943207E-03   2.4483464E+00  -6.4864612E-01
   1.8093717E+00   4.1937162E-03   2.4418855E+00  -6.5037811E-01
   1.8139366E+00   4.5174533E-03   2.4368241E+00  -6.5370274E-01
   1.8200856E+00   4.4062412E-03   2.3961809E+00  -6.5581322E-01
   1.8247436E+00   4.7856355E-03   2.3848662E+00  -6.6047561E-01
   1.8294414E+00   4.0342915E-03   2.3913109E+00  -6.5269697E-01
   1.8336753E+00   7.2627156E-03   2.3964019E+00  -6.5937263E-01
   1.8391159E+00   4.8003639E-03   2.3949473E+00  -6.6027844E-01
   1.8437977E+00   2.6453685E-03   2.1926787E+00  -6.6914308E-01
   1.8492104E+00   4.6526319E-03   2.3440216E+00  -6.6428298E-01
   1.8530675E+00   3.1091119E-03   2.3924901E+00  -6.6253030E-01
   1.8592004E+00   2.1873824E-03   2.2382114E+00  -6.7428952E-01
   1.8636600E+00   3.9572739E-03   2.2651143E+00  -6.7446244E-01
   1.8685486E+00   2.5115497E-03   2.3022354E+00  -6.7487538E-01
   1.8733176E+00   3.1433983E-03   2.3155017E+00  -6.7833662E-01
   1.8792918E+00   4.4601746E-03   2.1799693E+00  -6.8630672E-01
   1.8831261E+00   3.0592966E-03   2.2354131E+00  -6.8512833E-01
   1.8890755E+00   4.9594529E-03   2.2601857E+00  -6.9092089E-01
   1.8928646E+00   2.9892721E-03   2.1501207E+00  -6.9959062E-01
   1.8983033E+00   1.9826314E-03   2.2321379E+00  -6.8597198E-01
   1.9036478E+00   6.3378313E-03   2.1178679E+00  -7.0029861E-01
   1.9089277E+00   1.6315826E-03   2.1808023E+00  -6.9417024E-01
   1.9122967E+00   4.2457441E-03   2.1370711E+00  -7.0242333E-01
   1.9173051E+00   7.5736144E-03   1.9713206E+00  -7.1920991E-01
   1.9222635E+00   1.2767768E-03   2.1506143E+00  -6.8933135E-01
   1.9276099E+00   7.6667508E-03   1.9306722E+00  -7.2598940E-01
   1.9328388E+00   3.4306322E-03   2.1216254E+00  -6.9664967E-01
   1.9375834E+00  -2.4961990E-03   1.7246182E+00  -7.4752009E-01
   1.9426411E+00  -2.3542021E-03   2.0743766E+00  -7.0875221E-01
   1.9476736E+00   3.8679153E-02   2.1426466E+00  -7.2176462E-01
   1.9519039E+00  -3.7511416E-02   1.6112913E+00  -7.2308415E-01
   1.9567370E+00  -1.3608521E-01   1.8814296E+00  -7.0363253E-01
   1.9623102E+00   3.9741952E-02   1.7964549E+00  -7.3652571E-01
   1.9679525E+00  -2.1201631E-02   1.8207587E+00  -7.2846955E-01
   1.9716760E+00  -3.6081087E-03   1.8045940E+00  -7.3044360E-01
   1.9776434E+00   1.3947181E-02   1.7297662E+00  -7.3852563E-01
   1.9817256E+00   6.3295695E-03   1.7012476E+00  -7.4176943E-01
   1.9874041E+00   3.8586662E-03   1.6475698E+00  -7.4503434E-01
   1.9915390E+00   5.6538042E-03   1.6264977E+00  -7.4356502E-01
   1.9963256E+00   6.6771405E-03   1.6136305E+00  -7.4455011E-01
   2.0018330E+00   4.1486486E-03   1.5671669E+00  -7.4872339E-01
   2.0074186E+00   5.7009449E-03   1.4876078E+00  -7.5320482E-01
   2.0110710E+00   6.9197342E-03   1.4739709E+00  -7.5500381E-01
   2.0164032E+00   4.6723718E-03   1.4648274E+00  -7.5726408E-01
   2.0222685E+00   6.7751566E-03   1.4263260E+00  -7.5883490E-01
   2.0266838E+00   6.0861385E-03   1.3888569E+00  -7.6036519E-01
   2.0311007E+00   5.7580299E-03   1.3381888E+00  -7.6266921E-01
   2.0361006E+00   7.9881335E-03   1.2829174E+00  -7.6598090E-01
   2.0415704E+00   1.0925225E-02   1.2530812E+00  -7.7011633E-01
   2.0459325E+00   4.4733505E-03   1.1908685E+00  -7.6675785E-01
   2.0510819E+00   1.5684171E-02   1.1922296E+00  -7.7115899E-01
   2.0560126E+00   6.1886916E-03   1.1512707E+00  -7.7101868E-01
   2.0608649E+00   4.2829928E-03   1.0677583E+00  -7.7300304E-01
   2.0660646E+00   5.1173586E-03   1.0235755E+00  -7.7482301E-01
   2.0709455E+00   4.4518700E-03   1.0169331E+00  -7.7798706E-01
   2.0756233E+00   1.3766878E-03   9.7590077E-01  -7.7841282E-01
   2.0808320E+00   4.5379438E-03   9.0311551E-01  -7.7987665E-01
   2.0856576E+00   4.6685883E-03   8.7517864E-01  -7.8088468E-01
   2.0904689E+00   4.3424731E-03   8.5564679E-01  -7.8240258E-01
   2.0953376E+00   1.1631799E-02   8.1544852E-01  -7.8419161E-01
   2.1006293E+00   1.0642234E-03   7.5148487E-01  -7.8464574E-01
   2.1049626E+00   3.5045291E-03   7.3530936E-01  -7.8631532E-01
   2.1107697E+00   3.3907543E-03   6.6041213E-01  -7.8806108E-01
   2.1157010E+00   3.1324453E-03   5.8784217E-01  -7.8954500E-01
   2.1200850E+00   3.3680154E-03   5.8677119E-01  -7.9078734E-01
   2.1251256E+00   3.5820270E-03   5.7552135E-01  -7.9190755E-01
   2.1302559E+00   3.2453390E-03   5.4366970E-01  -7.9349500E-01
   2.1351845E+00   4.1797734E-03   4.6838546E-01  -7.9496223E-01
   2.1396976E+00   4.1203657E-03   4.0381631E-01  -7.9538500E-01
   2.1452417E+00  -1.3229018E-04   3.7168327E-01  -7.9590684E-01
   2.1491749E+00   4.1466211E-03   3.5324493E-01  -7.9672891E-01
   2.1541879E+00   3.2412505E-03   3.1184787E-01  -7.9690635E-01
   2.1594365E+00   5.2784057E-03   2.6429749E-01  -7.9761243E-01
   2.1641028E+00   1.2655476E-03   2.2297172E-01  -7.9771537E-01
   2.1688988E+00   3.1734733E-03   1.7861901E-01  -7.9832947E-01
   2.1742787E+00   2.5773246E-03   1.2353560E-01  -7.9955101E-01
   2.1787310E+00   2.3157559E-03   8.1315897E-02  -7.9996824E-01
   2.1838849E+00   2.1921210E-03   4.4065237E-02  -7.9930872E-01
   2.1898258E+00   1.3711705E-03   2.5591548E-03  -7.9853272E-01
   2.1937287E+00   2.2147940E-03  -2.6140522E-02  -7.9905707E-01
   2.1989727E+00   1.6270002E-03  -6.8141721E-02  -7.9981101E-01
   2.2045627E+00   4.3317014E-03  -1.1906572E-01  -7.9951960E-01
   2.2086298E+00   2.5509025E-03  -1.5630561E-01  -7.9940343E-01
   2.2141209E+00  -1.0359414E-05  -2.1336371E-01  -7.9648858E-01
   2.2183051E+00  -2.1115069E-03  -2.4053934E-01  -7.9753268E-01
   2.2239897E+00   1.2898045E-03  -2.7551448E-01  -7.9717797E-01
   2.2281184E+00  -1.7095675E-03  -3.0345881E-01  -7.9654819E-01
   2.2333379E+00   5.5427349E-04  -3.5618439E-01  -7.9658478E-01
   2.2383580E+00   2.1705008E-03  -4.2014518E-01  -7.9390723E-01
   2.2432625E+00  -1.4515214E-03  -4.4206837E-01  -7.9706472E-01
   2.2481749E+00  -7.1809031E-03  -4.7278175E-01  -7.9364759E-01
   2.2532725E+00   2.2419353E-04  -4.8667401E-01  -7.9588401E-01
   2.2578044E+00  -8.8259170E-04  -5.4494685E-01  -7.9304892E-01
   2.2630506E+00   1.8734727E-03  -5.8522457E-01  -7.9238194E-01
   2.2684610E+00  -1.9626427E-04  -6.3172919E-01  -7.9123664E-01
   2.2734811E+00  -3.9986251E-03  -6.6384262E-01  -7.9045999E-01
   2.2785435E+00   3.8571770E-03  -6.9199103E-01  -7.8819638E-01
   2.2825844E+00  -5.0450307E-03  -7.3293734E-01  -7.8772253E-01
   2.2882023E+00  -1.2475695E-03  -7.5787491E-01  -7.8866845E-01
   2.2924662E+00   6.2705379E-04  -7.7957380E-01  -7.8742123E-01
   2.2979922E+00  -1.1494794E-04  -8.1887847E-01  -7.8536403E-01
   2.3029776E+00   4.2630192E-03  -8.6330795E-01  -7.8401512E-01
   2.3071229E+00  -6.2402064E-04  -8.9953947E-01  -7.8351402E-01
   2.3128779E+00  -3.4087824E-03  -9.3335259E-01  -7.7734703E-01
   2.3172457E+00  -9.6787780E-04  -9.5701903E-01  -7.7534539E-01
   2.3217127E+00  -1.1525905E-03  -9.8573923E-01  -7.7297992E-01
   2.3274968E+00   3.8142113E-03  -1.0232913E+00  -7.7050036E-01
   2.3316905E+00  -2.5761402E-03  -1.0418205E+00  -7.6889300E-01
   2.3369534E+00  -6.3239466E-03  -1.0801469E+00  -7.6730686E-01
   2.3423545E+00   1.7403940E-03  -1.1130092E+00  -7.6566374E-01
   2.3463480E+00  -2.9620635E-03  -1.1376771E+00  -7.6323819E-01
   2.3516204E+00   2.0923850E-04  -1.1557177E+00  -7.5843018E-01
   2.3568368E+00  -4.4313404E-03  -1.1832793E+00  -7.5405645E-01
   2.3615367E+00  -5.1805256E-03  -1.2147269E+00  -7.5074369E-01
   2.3665345E+00   1.0342589E-02  -1.2437257E+00  -7.4749976E-01
   2.3710606E+00  -6.4139888E-03  -1.2671851E+00  -7.4590677E-01
   2.3760328E+00   3.3307909E-03  -1.2826539E+00  -7.4402016E-01
   2.3816750E+00   2.5395923E-03  -1.2913574E+00  -7.3958969E-01
   2.3862674E+00   9.7191166E-03  -1.3277763E+00  -7.3858714E-01
   2.3910041E+00  -1.1216108E-02  -1.3469251E+00  -7.3496866E-01
   2.3967607E+00   8.3913775E-03  -1.3736249E+00  -7.2878152E-01
   2.4007750E+00   1.3414238E-03  -1.3997856E+00  -7.2628748E-01
   2.4064631E+00  -4.5453259E-03  -1.4256561E+00  -7.2395641E-01
   2.4106545E+00   2.7777066E-03  -1.4180601E+00  -7.2193849E-01
   2.4155512E+00  -1.2453449E-03  -1.4405197E+00  -7.1791822E-01
   2.4214377E+00  -6.3988413E-03  -1.4833301E+00  -7.1173775E-01
   2.4262352E+00   6.8378408E-04  -1.4891994E+00  -7.0854300E-01
   2.4308121E+00  -4.7048675E-03  -1.5065843E+00  -7.0515263E-01
   2.4359059E+00  -3.8626881E-03  -1.5231380E+00  -6.9953007E-01
   2.4403188E+00   1.0684282E-03  -1.5422560E+00  -6.9647110E-01
   2.4454920E+00   1.0493238E-03  -1.5468273E+00  -6.9297230E-01
   2.4507837E+00  -1.8300372E-03  -1.5555546E+00  -6.8584174E-01
   2.4558022E+00  -1.1272788E-03  -1.5821228E+00  -6.8150800E-01
   2.4605291E+00  -4.0046829E-03  -1.5926408E+00  -6.7808378E-01
   2.4646273E+00  -5.4191384E-03  -1.5962363E+00  -6.7417628E-01
   2.4701574E+00   2.4575712E-03  -1.6008382E+00  -6.6901219E-01
   2.4749033E+00  -8.4599741E-03  -1.6138016E+00  -6.6296703E-01
   2.4795344E+00  -9.9451386E-04  -1.6220372E+00  -6.5892357E-01
   2.4855952E+00   4.7737898E-04  -1.6417445E+00  -6.5302736E-01
   2.4906106E+00   1.4038747E-03  -1.6480275E+00  -6.4694935E-01
   2.4943862E+00  -8.4233433E-03  -1.6545140E+00  -6.4378905E-01
   2.5001440E+00  -3.5487595E-03  -1.6551589E+00  -6.3846886E-01
   2.5049047E+00  -2.5508742E-04  -1.6603903E+00  -6.3203031E-01
   2.5098746E+00  -3.1751636E-03  -1.6709523E+00  -6.2903565E-01
   2.5153353E+00  -1.2404892E-03  -1.6798112E+00  -6.2337309E-01
   2.5194404E+00   3.8268030E-04  -1.6833755E+00  -6.1810476E-01
   2.5237134E+00  -1.8377850E-03  -1.6864433E+00  -6.1289746E-01
   2.5302603E+00  -8.6252717E-03  -1.6916356E+00  -6.0772836E-01
   2.5341985E+00   2.3538598E-03  -1.6943332E+00  -6.0164225E-01
   2.5394678E+00  -1.2625974E-03  -1.6949914E+00  -5.9514534E-01
   2.5444155E+00  -4.8467779E-04  -1.7015634E+00  -5.9053123E-01
   2.5494225E+00  -3.7046790E-03  -1.7057711E+00  -5.8694834E-01
   2.5531762E+00   7.1623351E-04  -1.7068162E+00  -5.8174098E-01
   2.5589957E+00  -1.8202242E-03  -1.7086890E+00  -5.7549769E-01
   2.5646508E+00  -4.8960960E-03  -1.7106284E+00  -5.7055700E-01
   2.5686772E+00  -3.2765770E-03  -1.7154135E+00  -5.6623650E-01
   2.5727570E+00   4.2132370E-04  -1.7143778E+00  -5.6097072E-01
   2.5779250E+00  -5.4722824E-03  -1.7113519E+00  -5.5567497E-01
   2.5835598E+00   1.2822311E-03  -1.7137460E+00  -5.5020183E-01
   2.5878015E+00  -9.2435436E-04  -1.7147034E+00  -5.4585147E-01
   2.5936735E+00  -2.3424446E-03  -1.7093042E+00  -5.3770465E-01
   2.5978577E+00  -5.2368781E-04  -1.7164016E+00  -5.3654981E-01
   2.6024711E+00  -1.4088500E-03  -1.7206861E+00  -5.3264552E-01
   2.6075230E+00  -9.0866542E-04  -1.7206082E+00  -5.2770036E-01
   2.6126649E+00  -1.2393637E-03  -1.7098060E+00  -5.2079624E-01
   2.6178069E+00  -1.8085259E-03  -1.7034062E+00  -5.1461238E-01
   2.6229489E+00  -2.9875282E-03  -1.7027115E+00  -5.0811225E-01
   2.6280909E+00  -1.5465396E-03  -1.7069731E+00  -5.0327510E-01
   2.6332328E+00  -2.3879253E-03  -1.7065510E+00  -4.9794662E-01
   2.6382670E+00  -1.4400134E-03  -1.6975415E+00  -4.9239641E-01
   2.6434088E+00  -3.5838905E-04  -1.6873158E+00  -4.8785400E-01
   2.6484222E+00   1.8985737E-04  -1.6671559E+00  -4.8324531E-01
   2.6535578E+00  -1.3580134E-03  -1.7053272E+00  -4.8450616E-01
   2.6586998E+00  -2.7961137E-03  -1.6677179E+00  -4.7286904E-01
   2.6612706E+00  -2.3991163E-03  -1.6770040E+00  -4.7144601E-01
   2.6663575E+00  -1.0291734E-03  -1.6869320E+00  -4.6800771E-01
   2.6717730E+00  -2.0235318E-03  -1.6569457E+00  -4.6009091E-01
   2.6769822E+00   1.2582127E-04  -1.6631542E+00  -4.5849830E-01
   2.6817818E+00  -2.3247234E-03  -1.6665571E+00  -4.5441166E-01
   2.6862755E+00  -1.6496829E-03  -1.6465290E+00  -4.4933355E-01
   2.6925611E+00  -1.2819915E-03  -1.6547081E+00  -4.4738188E-01
   2.6965075E+00  -1.2630835E-03  -1.6517650E+00  -4.4450536E-01
   2.7021315E+00  -6.1351788E-04  -1.6224573E+00  -4.3701580E-01
   2.7074599E+00  -2.5585981E-03  -1.6204591E+00  -4.3322021E-01
   2.7124655E+00  -1.9364605E-03  -1.6232202E+00  -4.2989853E-01
   2.7172470E+00  -1.7643529E-03  -1.6174129E+00  -4.2520785E-01
   2.7223606E+00  -4.0867325E-04  -1.6094621E+00  -4.2256966E-01
   2.7273066E+00  -1.0990293E-04  -1.5805058E+00  -4.1779661E-01
   2.7319593E+00  -9.4934605E-04  -1.5441663E+00  -4.1336173E-01
   2.7365162E+00  -2.0098747E-03  -1.5875137E+00  -4.1645199E-01
   2.7410738E+00   2.9481084E-03  -1.6104947E+00  -4.1358638E-01
   2.7458632E+00  -4.5410576E-04  -1.5694021E+00  -4.0671679E-01
   2.7513933E+00  -8.3641261E-03  -1.5648276E+00  -4.0577054E-01
   2.7570970E+00   8.2737040E-03  -1.5514100E+00  -4.0321693E-01
   2.7613266E+00  -5.5774776E-03  -1.4913405E+00  -3.9406270E-01
   2.7657983E+00  -4.7501724E-04  -1.5058008E+00  -3.9534622E-01
   2.7701807E+00   3.4751422E-03  -1.5381930E+00  -3.9500746E-01
   2.7758121E+00   1.4918053E-04  -1.5390449E+00  -3.9167011E-01
   2.7813683E+00   2.9352815E-03  -1.3761958E+00  -3.7886235E-01
   2.7852223E+00  -8.8092722E-03  -1.6637031E+00  -3.9557496E-01
   2.7912679E+00  -8.4555894E-03  -1.4836682E+00  -3.8294762E-01
   2.7953846E+00   3.9819274E-03  -1.4773343E+00  -3.9333153E-01
   2.8003116E+00  -2.1549324E-04  -1.4673527E+00  -3.7507874E-01
   2.8057404E+00  -6.2149707E-03  -1.4776163E+00  -3.5564384E-01
   2.8110275E+00   3.9261705E-03  -1.3908173E+00  -3.9134961E-01
   2.8156362E+00  -4.1476483E-03  -1.4572666E+00  -3.6604133E-01
   2.8209715E+00   5.9483447E-03  -1.4352486E+00  -3.7226558E-01
   2.8247552E+00  -5.5762478E-03  -1.4288598E+00  -3.7044260E-01
   2.8305261E+00  -1.3272001E-03  -1.3468275E+00  -3.6473563E-01
   2.8346009E+00  -2.6514365E-03  -1.4070125E+00  -3.6770672E-01
   2.8399470E+00   3.6163402E-03  -1.4177375E+00  -3.6586931E-01
   2.8448272E+00   1.7419420E-04  -1.3558366E+00  -3.6417642E-01
   2.8498237E+00   2.9227068E-04  -1.3310515E+00  -3.5926941E-01
   2.8549883E+00   2.8433240E-04  -1.3502384E+00  -3.5898760E-01
   2.8593936E+00  -3.0533755E-03  -1.3580391E+00  -3.5810816E-01
   2.8646939E+00  -3.4005861E-04  -1.3458067E+00  -3.5746378E-01
   2.8694062E+00  -4.0172334E-04  -1.3155682E+00  -3.5599622E-01
   2.8746173E+00   4.0182308E-04  -1.2762661E+00  -3.5199940E-01
   2.8795872E+00  -3.6281531E-04  -1.2806357E+00  -3.5075477E-01
   2.8842461E+00   3.4970746E-04  -1.2868632E+00  -3.4912512E-01
   2.8898702E+00   1.4770802E-03  -1.2799721E+00  -3.4625843E-01
   2.8947580E+00   3.5536449E-04  -1.2461616E+00  -3.4614530E-01
   2.8992617E+00   6.6411769E-04  -1.2323726E+00  -3.4509617E-01
   2.9036469E+00  -8.0912194E-04  -1.2292749E+00  -3.4305450E-01
   2.9090838E+00   2.7030245E-03  -1.2156206E+00  -3.4005994E-01
   2.9144495E+00   7.8341155E-04  -1.2035501E+00  -3.3911407E-01
   2.9186056E+00  -1.0713837E-03  -1.1842885E+00  -3.3729804E-01
   2.9235823E+00   1.3035423E-03  -1.1733336E+00  -3.3538893E-01
   2.9287760E+00  -1.4756074E-04  -1.1741035E+00  -3.3362249E-01
   2.9334955E+00  -6.3472665E-03  -1.1735389E+00  -3.3199120E-01
   2.9390113E+00   1.2356628E-02  -1.1427481E+00  -3.3155927E-01
   2.9432726E+00  -5.0281109E-03  -1.1164107E+00  -3.2953987E-01
   2.9482186E+00   1.8672571E-03  -1.1090627E+00  -3.3005306E-01
   2.9540529E+00   1.3878961E-03  -1.1170269E+00  -3.2682875E-01
   2.9586866E+00  -9.6704345E-03  -1.0533072E+00  -3.2561287E-01
   2.9629803E+00   7.3722000E-03  -1.1047804E+00  -3.2527536E-01
   2.9686067E+00  -1.9898084E-03  -1.0798352E+00  -3.2291678E-01
   2.9733782E+00   3.6152592E-03  -1.0519891E+00  -3.2243323E-01
   2.9777749E+00   1.6082553E-03  -1.0192446E+00  -3.1897730E-01
   2.9833326E+00   1.3249523E-03  -1.0258843E+00  -3.1831720E-01
   2.9880345E+00   3.7489159E-03  -1.0271946E+00  -3.1679845E-01
   2.9928939E+00   3.0195217E-03  -1.0105383E+00  -3.1596598E-01
   2.9983349E+00  -1.1155653E-03  -1.0040284E+00  -3.1379780E-01
   3.0027606E+00   2.7283363E-03  -9.6812558E-01  -3.1308934E-01
   3.0083520E+00   2.0214773E-03  -9.6052116E-01  -3.1167817E-01
   3.0132163E+00   1.7489135E-03  -9.5927978E-01  -3.1048253E-01
   3.0178797E+00   2.2225957E-03  -9.4622517E-01  -3.0920964E-01
   3.0218585E+00   2.4783891E-03  -9.3446141E-01  -3.0836192E-01
   3.0278332E+00   4.1855880E-04  -9.0781409E-01  -3.0706763E-01
   3.0321801E+00   2.2489859E-03  -8.9267582E-01  -3.0604607E-01
   3.0367417E+00   2.6926619E-03  -8.8667434E-01  -3.0356473E-01
   3.0422239E+00   6.9592590E-03  -8.8070381E-01  -3.0260593E-01
   3.0470979E+00   3.5536310E-03  -8.6517525E-01  -3.0124211E-01
   3.0520403E+00   1.6749671E-03  -8.5082501E-01  -2.9899862E-01
   3.0575545E+00   2.8500748E-03  -8.3369762E-01  -2.9763815E-01
   3.0617054E+00   2.7329526E-03  -8.3023345E-01  -2.9779989E-01
   3.0661540E+00   2.3948397E-03  -8.1594408E-01  -2.9437298E-01
   3.0717571E+00   1.3056945E-03  -8.0037099E-01  -2.9413134E-01
   3.0767624E+00   1.5158134E-03  -7.8246844E-01  -2.9318404E-01
   3.0811205E+00   1.5146994E-03  -7.7026713E-01  -2.9212880E-01
   3.0873501E+00   1.6692522E-03  -7.5803161E-01  -2.9078299E-01
   3.0908580E+00   1.7543300E-03  -7.0639741E-01  -2.8743133E-01
   3.0961306E+00   7.9517189E-04  -7.3221225E-01  -2.8923014E-01
   3.1019530E+00   1.1823892E-03  -7.5342304E-01  -2.8914720E-01
   3.1063361E+00   1.9713507E-03  -7.4721050E-01  -2.8752375E-01
   3.1109684E+00   9.3067274E-04  -6.2751889E-01  -2.8182274E-01
   3.1155717E+00   6.8320980E-04  -6.5964907E-01  -2.8261685E-01
   3.1219223E+00   3.0857262E-03  -6.0448140E-01  -2.8159431E-01
   3.1261120E+00   1.5849379E-03  -6.2709492E-01  -2.8120199E-01
   3.1307309E+00   1.4757231E-03  -6.6320628E-01  -2.8111187E-01
   3.1358235E+00   2.2274815E-03  -6.6777819E-01  -2.7999538E-01
   3.1412041E+00   1.9506142E-03  -6.1896652E-01  -2.7855057E-01
   3.1455743E+00   1.5123358E-03  -6.0969192E-01  -2.7861562E-01
   3.1500301E+00   1.5694083E-03  -6.0403818E-01  -2.7666289E-01
   3.1546690E+00   1.6210700E-03  -5.3611284E-01  -2.7242583E-01
   3.1605678E+00   1.5053308E-03  -5.6476873E-01  -2.7458853E-01
   3.1656272E+00   1.3139542E-03  -5.7616884E-01  -2.7435157E-01
   3.1701369E+00   1.8200963E-03  -5.6343043E-01  -2.7266130E-01
   3.1758716E+00   1.7897317E-03  -5.0392723E-01  -2.7057996E-01
   3.1808767E+00   2.1523037E-03  -4.9301922E-01  -2.6909018E-01
   3.1857831E+00   2.8147886E-03  -4.9185964E-01  -2.6856726E-01
   3.1901982E+00   2.3779066E-03  -4.8420951E-01  -2.6808509E-01
   3.1956263E+00   2.6973051E-03  -4.6220434E-01  -2.6776713E-01
   3.2001927E+00   2.9565094E-03  -4.4077855E-01  -2.6682219E-01
   3.2048128E+00   2.7878964E-03  -4.2763737E-01  -2.6599824E-01
   3.2105663E+00   3.1336583E-03  -4.1307750E-01  -2.6534340E-01
   3.2155805E+00   3.1062481E-03  -3.9556769E-01  -2.6455542E-01
   3.2193267E+00   3.1314294E-03  -3.8693300E-01  -2.6429287E-01
   3.2247305E+00   2.8195989E-03  -3.7012920E-01  -2.6372936E-01
   3.2299297E+00   3.3972380E-03  -3.2673702E-01  -2.6255670E-01
   3.2346303E+00   3.5383354E-03  -3.4542015E-01  -2.6240426E-01
   3.2389746E+00   3.7014692E-03  -3.5322690E-01  -2.6209322E-01
   3.2436554E+00   4.1135158E-03  -3.4036359E-01  -2.6127318E-01
   3.2499893E+00   2.8165446E-03  -1.9824117E-01  -2.5836417E-01
   3.2548985E+00   3.8864729E-03  -3.8194743E-01  -2.6125681E-01
   3.2585926E+00   3.9777369E-03  -2.8365397E-01  -2.6007682E-01
   3.2648268E+00   3.1729271E-03  -2.4553025E-01  -2.5846782E-01
   3.2694795E+00   3.6073874E-03  -1.9626679E-01  -2.5717035E-01
   3.2746093E+00   3.1540317E-03  -2.0106433E-01  -2.5759113E-01
   3.2802649E+00   3.4605076E-03  -2.2936127E-01  -2.5807366E-01
   3.2832761E+00   4.1747503E-03  -1.6901752E-01  -2.5678149E-01
   3.2892005E+00   3.1516051E-03  -1.6712636E-01  -2.5608563E-01
   3.2950134E+00   3.0561464E-03  -1.6616316E-01  -2.5592291E-01
   3.2975414E+00   2.9434799E-03  -1.5896884E-01  -2.5585827E-01
   3.3036108E+00   2.9006389E-03  -1.0397731E-01  -2.5584233E-01
   3.3089116E+00   3.1617591E-03  -1.2099162E-01  -2.5564104E-01
   3.3126040E+00   3.5644551E-03  -1.1679473E-01  -2.5519779E-01
   3.3181348E+00   2.9528406E-03  -5.9411176E-02  -2.5423500E-01
   3.3235757E+00   2.9239906E-03  -4.7354072E-02  -2.5438130E-01
   3.3289917E+00   3.1658113E-03  -3.7249401E-02  -2.5411811E-01
   3.3326128E+00   2.6471873E-03  -2.5964634E-02  -2.5394475E-01
   3.3383496E+00   2.6738173E-03  -1.9157502E-03  -2.5357300E-01
   3.3420429E+00   1.9368079E-03   1.5471071E-03  -2.5356895E-01
   3.3475683E+00   2.0170992E-03   2.9856760E-02  -2.5347337E-01
   3.3531389E+00   1.9891297E-03   4.6810612E-02  -2.5330850E-01
   3.3570611E+00   2.1051795E-03   5.9030503E-02  -2.5342712E-01
   3.3630009E+00   2.2218723E-03   7.6935746E-02  -2.5276372E-01
   3.3684378E+00   1.4731741E-03   9.8063894E-02  -2.5285169E-01
   3.3718379E+00   1.3340631E-03   1.0957748E-01  -2.5286421E-01
   3.3766706E+00   9.9144189E-04   1.2647545E-01  -2.5261131E-01
   3.3827899E+00   2.4967050E-04   1.5016733E-01  -2.5269678E-01
   3.3871014E+00   1.4788773E-03   1.6382009E-01  -2.5252223E-01
   3.3925250E+00   3.0404469E-04   1.7776628E-01  -2.5257069E-01
   3.3977549E+00   2.5485142E-04   2.0167732E-01  -2.5264919E-01
   3.4015167E+00   8.8869361E-04   2.1310568E-01  -2.5248477E-01
   3.4076233E+00  -3.9424523E-04   2.3979606E-01  -2.5344104E-01
   3.4124162E+00  -2.9738978E-04   2.5170362E-01  -2.5281468E-01
   3.4170539E+00  -3.9352005E-04   2.6629490E-01  -2.5314292E-01
   3.4215350E+00  -3.9501134E-05   2.8458115E-01  -2.5328577E-01
   3.4269381E+00   1.5924082E-03   3.0798969E-01  -2.5279239E-01
   3.4321439E+00  -1.7528486E-03   3.2453573E-01  -2.5296772E-01
   3.4361801E+00  -2.7197397E-03   3.4120286E-01  -2.5266269E-01
   3.4410791E+00  -2.3487259E-03   3.5489717E-01  -2.5312594E-01
   3.4467630E+00  -3.7634070E-03   3.7174237E-01  -2.5430933E-01
   3.4513521E+00  -2.8652474E-03   3.9596966E-01  -2.5307778E-01
   3.4559677E+00  -4.6880646E-03   4.1486007E-01  -2.5221401E-01
   3.4616795E+00  -1.7265930E-03   4.2463201E-01  -2.5505707E-01
   3.4658384E+00  -2.5566774E-03   4.3692356E-01  -2.5500977E-01
   3.4706531E+00  -3.8175406E-03   4.6417838E-01  -2.5560853E-01
   3.4761579E+00  -3.6556716E-03   4.8897466E-01  -2.5657591E-01
   3.4815843E+00  -4.7823163E-03   5.0551295E-01  -2.5590441E-01
   3.4852035E+00  -3.1728621E-03   5.1301295E-01  -2.5763789E-01
   3.4907074E+00  -1.5192938E-03   5.2761775E-01  -2.5723931E-01
   3.4962044E+00  -3.6770834E-03   5.5604917E-01  -2.5806943E-01
   3.4998953E+00  -3.1985452E-03   6.0939646E-01  -2.5886697E-01
   3.5054698E+00  -3.5082833E-03   5.7318163E-01  -2.5990000E-01
   3.5110674E+00  -4.4212756E-03   5.7361454E-01  -2.5937849E-01
   3.5147600E+00  -3.9563924E-03   6.0596043E-01  -2.6069584E-01
   3.5202444E+00  -1.7121671E-03   6.6576135E-01  -2.6209900E-01
   3.5256271E+00  -2.1905468E-03   6.7163026E-01  -2.6173282E-01
   3.5310280E+00  -1.8145612E-03   6.7460209E-01  -2.6222312E-01
   3.5346222E+00  -2.0120956E-03   6.8351400E-01  -2.6264083E-01
   3.5400226E+00  -1.5507065E-03   7.1793979E-01  -2.6371041E-01
   3.5454772E+00  -1.7320613E-03   7.3715341E-01  -2.6474217E-01
   3.5492301E+00  -2.6520332E-03   7.6627797E-01  -2.6616687E-01
   3.5547206E+00  -3.0067749E-03   7.7593410E-01  -2.6675943E-01
   3.5603027E+00   4.1394946E-03   7.8235871E-01  -2.6605758E-01
   3.5640500E+00  -2.2865273E-03   8.0612701E-01  -2.7028534E-01
   3.5696211E+00  -4.6289223E-03   8.4563923E-01  -2.6975122E-01
   3.5751295E+00   2.9911501E-03   8.3003992E-01  -2.6925981E-01
   3.5787830E+00  -1.3500834E-03   8.3513266E-01  -2.7085117E-01
   3.5842106E+00  -2.7814058E-03   9.4684142E-01  -2.7250525E-01
   3.5895827E+00   4.7368663E-05   7.9784459E-01  -2.7292603E-01
   3.5948789E+00  -9.3403496E-03   9.8434430E-01  -2.7503380E-01
   3.6000535E+00  -1.3953483E-02   9.6050024E-01  -2.7269441E-01
   3.6034892E+00  -5.2543823E-03   9.4886577E-01  -2.6644582E-01
   3.6085830E+00  -1.2225214E-02   9.6232831E-01  -2.7832472E-01
   3.6137602E+00  -3.8278638E-03   9.8377812E-01  -2.7293843E-01
   3.6187553E+00   5.7841656E-03   9.7130007E-01  -2.7994558E-01
   3.6235049E+00  -5.0908211E-03   1.0341092E+00  -2.8137541E-01
   3.6290002E+00  -4.7305529E-03   1.0486797E+00  -2.8146479E-01
   3.6344688E+00  -1.2088021E-03   1.0492969E+00  -2.8113061E-01
   3.6394556E+00  -4.1719005E-03   1.0797924E+00  -2.8304213E-01
   3.6437137E+00  -9.3962364E-03   1.1022785E+00  -2.8363493E-01
   3.6479890E+00  -8.3688730E-03   1.1163183E+00  -2.8452525E-01
   3.6530137E+00  -8.4549747E-04   1.1255537E+00  -2.8713378E-01
   3.6588144E+00  -4.6021533E-03   1.1435366E+00  -2.8785530E-01
   3.6641428E+00  -1.2550083E-02   1.1636369E+00  -2.8911975E-01
   3.6688800E+00  -1.1672554E-02   1.1755381E+00  -2.8677452E-01
   3.6724460E+00  -1.7217774E-03   1.1955731E+00  -2.8901562E-01
   3.6776206E+00   4.9676122E-03   1.2220994E+00  -2.9381442E-01
   3.6831427E+00  -3.4247024E-03   1.2162133E+00  -2.9341641E-01
   3.6871529E+00  -1.0241368E-02   1.2224956E+00  -2.9412800E-01
   3.6930072E+00  -7.5492739E-05   1.2639513E+00  -2.9629686E-01
   3.6981890E+00   8.0277743E-03   1.2858644E+00  -2.9680029E-01
   3.7027185E+00  -2.9808644E-03   1.2929035E+00  -2.9833978E-01
   3.7079504E+00  -3.4831821E-03   1.3001182E+00  -3.0066165E-01
   3.7133591E+00  -2.2092308E-03   1.3216968E+00  -3.0008045E-01
   3.7169223E+00  -5.4273042E-03   1.3324790E+00  -3.0092666E-01
   3.7221117E+00  -1.4488297E-03   1.3551769E+00  -3.0183405E-01
   3.7278380E+00  -2.3378818E-03   1.3738244E+00  -3.0368704E-01
   3.7321486E+00  -1.5543371E-03   1.3935364E+00  -3.0414063E-01
   3.7369010E+00  -5.4623401E-03   1.3970237E+00  -3.0540538E-01
   3.7419209E+00  -2.3494568E-03   1.4137653E+00  -3.0747119E-01
   3.7483807E+00  -3.9703916E-03   1.4263188E+00  -3.0694827E-01
   3.7529681E+00  -1.1695602E-03   1.4533634E+00  -3.0919021E-01
   3.7577581E+00   9.5754722E-04   1.4636642E+00  -3.0932519E-01
   3.7624090E+00  -1.2025899E-03   1.4740542E+00  -3.1061688E-01
   3.7668750E+00  -1.0232958E-03   1.4907299E+00  -3.0984101E-01
   3.7713771E+00  -1.2393231E-03   1.5165755E+00  -3.1331462E-01
   3.7767413E+00  -8.2505529E-04   1.5245230E+00  -3.1270978E-01
   3.7811923E+00  -3.5043969E-03   1.5378098E+00  -3.1445903E-01
   3.7864079E+00  -1.8658857E-03   1.5493267E+00  -3.1424859E-01
   3.7916434E+00  -4.0091109E-04   1.5623736E+00  -3.1459558E-01
   3.7962976E+00  -2.7061990E-03   1.5828047E+00  -3.1601647E-01
   3.8014910E+00  -8.3906716E-04   1.6028397E+00  -3.1616664E-01
   3.8064592E+00  -4.7341874E-03   1.6124974E+00  -3.1587318E-01
   3.8114324E+00  -5.4350239E-03   1.6299894E+00  -3.1712466E-01
   3.8156283E+00  -7.1942923E-04   1.6392126E+00  -3.1447026E-01
   3.8220193E+00  -2.1168643E-03   1.6596372E+00  -3.1686595E-01
   3.8253193E+00  -4.3799840E-03   1.6740739E+00  -3.1790167E-01
   3.8308215E+00  -2.1205032E-03   1.6943280E+00  -3.1804094E-01
   3.8362083E+00  -2.3776093E-03   1.7013088E+00  -3.1748065E-01
   3.8418708E+00  -6.1591594E-03   1.7049468E+00  -3.2228720E-01
   3.8459330E+00  -1.0028196E-03   1.7303076E+00  -3.0737802E-01
   3.8504114E+00  -3.0024832E-03   1.7388819E+00  -3.1702068E-01
   3.8553488E+00  -2.4785458E-03   1.7777220E+00  -3.1280044E-01
   3.8607924E+00  -2.7838273E-03   1.7746940E+00  -3.1304184E-01
   3.8667254E+00  -1.4005604E-03   1.7755541E+00  -3.1029695E-01
   3.8697922E+00  -1.2472448E-03   1.7783797E+00  -3.1312284E-01
   3.8759084E+00  -1.2405832E-04   1.8105088E+00  -3.1477186E-01
   3.8808548E+00  -6.6757627E-04   1.8325274E+00  -3.1404418E-01
   3.8860183E+00   1.8255271E-03   1.8370553E+00  -3.0871987E-01
   3.8916323E+00   2.3781550E-04   1.8482730E+00  -3.1177065E-01
   3.8946109E+00  -5.9828446E-05   1.8707528E+00  -3.1133595E-01
   3.9007814E+00   1.8939358E-03   1.8733406E+00  -3.1253117E-01
   3.9040997E+00   1.8441062E-03   1.8790414E+00  -3.1064993E-01
   3.9101520E+00   1.9436902E-03   1.9034009E+00  -3.1274569E-01
   3.9134068E+00   1.6534069E-03   1.9072871E+00  -3.1203637E-01
   3.9197185E+00   2.5580972E-03   1.9242352E+00  -3.1627727E-01
   3.9258964E+00   2.3037626E-03   1.9463325E+00  -3.1605232E-01
   3.9291456E+00   4.0378431E-03   1.9485103E+00  -3.1676096E-01
   3.9338763E+00   2.8808767E-03   1.9652463E+00  -3.1661481E-01
   3.9388037E+00   3.7677288E-03   1.9719306E+00  -3.2013962E-01
   3.9441342E+00   3.2860220E-03   1.9861423E+00  -3.2221860E-01
   3.9489086E+00   4.7501428E-03   2.0002024E+00  -3.2558623E-01
   3.9542606E+00   5.4890336E-03   2.0280519E+00  -3.3055115E-01
   3.9593365E+00   2.5534495E-03   2.0121348E+00  -3.3006874E-01
   3.9643898E+00   3.1065564E-03   2.0223277E+00  -3.3080709E-01
   3.9688823E+00   2.8104668E-03   2.0300462E+00  -3.3359808E-01
   3.9747353E+00   3.6198318E-03   2.0492549E+00  -3.3972687E-01
   3.9799390E+00   4.6334136E-03   2.0545843E+00  -3.4189999E-01
   3.9838560E+00   9.7654166E-04   2.0612688E+00  -3.4400553E-01
   3.9881747E+00   3.7700634E-03   2.0674024E+00  -3.4428862E-01
   3.9929359E+00   2.9429973E-03   2.0773020E+00  -3.4635186E-01
   3.9981854E+00   3.0454735E-03   2.0879138E+00  -3.5110870E-01
   4.0027466E+00   4.3622609E-03   2.0989861E+00  -3.5143206E-01
   4.0081697E+00   6.1097662E-03   2.1162724E+00  -3.5600397E-01
   4.0132790E+00   4.0506199E-03   2.1117480E+00  -3.5821420E-01
   4.0191903E+00   8.4481563E-04   2.1145496E+00  -3.6660877E-01
   4.0236359E+00   1.6230058E-03   2.1234348E+00  -3.6549631E-01
   4.0285373E+00   1.3344140E-04   2.1331983E+00  -3.6680597E-01
   4.0329967E+00  -2.9580211E-03   2.1461139E+00  -3.6916402E-01
   4.0389748E+00   3.3513468E-04   2.1394286E+00  -3.7922251E-01
   4.0434289E+00  -3.3284398E-03   2.1456645E+00  -3.7757206E-01
   4.0477934E+00  -3.4537171E-03   2.1578610E+00  -3.7893450E-01
   4.0538363E+00  -4.5222240E-03   2.1526392E+00  -3.9253333E-01
   4.0578432E+00  -1.6305128E-03   2.1572862E+00  -3.9097002E-01
   4.0637159E+00  -5.5200467E-03   2.1755853E+00  -3.9196137E-01
   4.0678372E+00   8.4215711E-04   2.1649873E+00  -3.9888957E-01
   4.0719905E+00  -6.0238820E-03   2.1792393E+00  -4.0120980E-01
   4.0765700E+00  -8.3547141E-03   2.1848557E+00  -4.0412718E-01
   4.0830245E+00  -4.7516660E-03   2.1887319E+00  -4.1048253E-01
   4.0870829E+00  -2.4493162E-03   2.1900797E+00  -4.1541031E-01
   4.0930810E+00  -3.4514908E-03   2.1712368E+00  -4.2259753E-01
   4.0974016E+00  -8.6984020E-03   2.1864460E+00  -4.2455125E-01
   4.1020603E+00  -6.0247141E-03   2.1894712E+00  -4.2740595E-01
   4.1071968E+00  -1.0036972E-02   2.1948299E+00  -4.3106151E-01
   4.1112089E+00  -4.2130216E-03   2.1994720E+00  -4.3712962E-01
   4.1177273E+00  -6.5430333E-03   2.1824839E+00  -4.4419420E-01
   4.1214495E+00  -6.2878756E-03   2.1881819E+00  -4.4964856E-01
   4.1277595E+00  -2.2422180E-03   2.1762991E+00  -4.5477989E-01
   4.1320376E+00  -1.0996145E-02   2.1894872E+00  -4.5852479E-01
   4.1366210E+00  -3.2579084E-03   2.1838527E+00  -4.6618801E-01
   4.1414413E+00  -4.8027658E-03   2.1692395E+00  -4.7145388E-01
   4.1473012E+00  -8.4409397E-03   2.1633985E+00  -4.7385749E-01
   4.1525102E+00  -5.6528170E-03   2.1674757E+00  -4.7942877E-01
   4.1572447E+00  -2.2898701E-03   2.1583126E+00  -4.8638782E-01
   4.1607041E+00  -3.5285053E-03   2.1506793E+00  -4.8909709E-01
   4.1665692E+00  -3.1008073E-03   2.1472661E+00  -4.9531630E-01
   4.1709547E+00   3.4117763E-04   2.1355841E+00  -4.9884549E-01
   4.1767197E+00   1.1795235E-03   2.1421177E+00  -5.0579947E-01
   4.1805382E+00  -6.5199942E-03   2.1186771E+00  -5.0995749E-01
   4.1863422E+00   4.7134850E-04   2.1098952E+00  -5.1545835E-01
   4.1907110E+00  -1.8418349E-03   2.1013250E+00  -5.1862955E-01
   4.1969695E+00   1.0524757E-03   2.1022029E+00  -5.2566803E-01
   4.2008181E+00  -1.8707097E-03   2.0913544E+00  -5.2992654E-01
   4.2050610E+00   1.6348199E-03   2.0828362E+00  -5.3360015E-01
   4.2113304E+00   2.9770408E-03   2.0482893E+00  -5.4321444E-01
   4.2151675E+00  -2.2929304E-03   2.0288081E+00  -5.4662305E-01
   4.2212844E+00  -1.8909215E-03   2.0333905E+00  -5.4937166E-01
   4.2250366E+00   1.9165565E-04   2.0406075E+00  -5.5303007E-01
   4.2308097E+00   2.3539669E-03   2.0170066E+00  -5.5783790E-01
   4.2346935E+00   2.6693207E-03   1.9947339E+00  -5.6322110E-01
   4.2406669E+00  -9.2844706E-04   1.8916868E+00  -5.7526219E-01
   4.2451220E+00   2.5115660E-03   1.9344565E+00  -5.7352662E-01
   4.2491965E+00  -6.6112615E-03   1.9492176E+00  -5.7124138E-01
   4.2556605E+00   1.8515795E-03   1.9406269E+00  -5.8056331E-01
   4.2601733E+00   2.7316080E-03   1.9050574E+00  -5.8703047E-01
   4.2645192E+00  -2.3802617E-03   1.8834915E+00  -5.9103882E-01
   4.2710452E+00   2.3325663E-03   1.8564554E+00  -5.9637654E-01
   4.2754602E+00  -7.9000667E-03   1.8420411E+00  -5.9932053E-01
   4.2798829E+00  -1.6862804E-03   1.8365033E+00  -6.0174364E-01
   4.2841344E+00  -1.6419742E-03   1.7640110E+00  -6.0745358E-01
   4.2885103E+00  -3.3935518E-03   1.7840841E+00  -6.0662282E-01
   4.2954178E+00  -3.8827853E-03   1.7983314E+00  -6.1085391E-01
   4.2988682E+00  -7.7752565E-04   1.7826357E+00  -6.1688006E-01
   4.3041601E+00  -3.5635394E-04   1.6018778E+00  -6.2848604E-01
   4.3092794E+00   4.5507448E-03   1.7482550E+00  -6.2183332E-01
   4.3148484E+00  -6.9871028E-03   1.7276762E+00  -6.2377685E-01
   4.3184218E+00  -7.3262565E-03   1.6378087E+00  -6.2962019E-01
   4.3240719E+00  -6.3504754E-03   1.5856545E+00  -6.3481975E-01
   4.3291564E+00  -2.3634268E-03   1.5800161E+00  -6.3775784E-01
   4.3337135E+00   2.8991464E-03   1.5831630E+00  -6.3938987E-01
   4.3393631E+00  -3.2277289E-03   1.5667430E+00  -6.4537066E-01
   4.3437123E+00  -8.1323925E-03   1.5322238E+00  -6.4075756E-01
   4.3480549E+00  -6.8677180E-03   1.4746531E+00  -6.4880943E-01
   4.3545156E+00  -1.1614472E-02   1.4070994E+00  -6.4691925E-01
   4.3579664E+00  -8.2364473E-03   1.4112931E+00  -6.5176368E-01
   4.3628540E+00  -6.6101616E-03   1.4162561E+00  -6.5461206E-01
   4.3689499E+00  -8.9806495E-03   1.3870054E+00  -6.6074878E-01
   4.3735261E+00  -8.5312938E-03   1.3378890E+00  -6.5887034E-01
   4.3781409E+00  -1.2137131E-02   1.2894468E+00  -6.5170622E-01
   4.3828812E+00  -8.2095005E-03   1.2511423E+00  -6.6760182E-01
   4.3876696E+00  -1.3454581E-02   1.2304788E+00  -6.6389948E-01
   4.3924704E+00  -1.0013137E-02   1.2134805E+00  -6.6817969E-01
   4.3973022E+00  -9.6239578E-03   1.1790229E+00  -6.7078620E-01
   4.4038086E+00  -1.0167627E-02   1.1357963E+00  -6.7457646E-01
   4.4071460E+00  -9.6486360E-03   1.1082559E+00  -6.7396575E-01
   4.4122863E+00  -7.9140374E-03   1.0614946E+00  -6.8007886E-01
   4.4176173E+00  -1.0012882E-02   1.0299475E+00  -6.8241984E-01
   4.4232888E+00  -1.0804556E-02   9.9642342E-01  -6.8556124E-01
   4.4275165E+00  -1.1436020E-02   9.4903713E-01  -6.8804169E-01
   4.4320583E+00  -1.1174157E-02   9.1662496E-01  -6.9117683E-01
   4.4366212E+00  -1.0913621E-02   8.9208800E-01  -6.9419801E-01
   4.4435062E+00  -1.1755783E-02   8.4193522E-01  -7.0059395E-01
   4.4478507E+00  -1.0196478E-02   8.0508786E-01  -7.0448685E-01
   4.4522419E+00  -1.1187082E-02   7.6146954E-01  -7.0693439E-01
   4.4567332E+00  -1.0325777E-02   7.2805196E-01  -7.0887351E-01
   4.4611878E+00  -1.1095997E-02   6.9459784E-01  -7.1182501E-01
   4.4678316E+00  -9.8659899E-03   6.4341080E-01  -7.1627170E-01
   4.4722481E+00  -9.6910652E-03   6.1120087E-01  -7.1860862E-01
   4.4766660E+00  -1.0081677E-02   5.7673419E-01  -7.2106469E-01
   4.4810753E+00  -1.0028905E-02   5.3351927E-01  -7.2429287E-01
   4.4877262E+00  -9.4202366E-03   4.8159915E-01  -7.2800297E-01
   4.4915934E+00  -8.2100639E-03   4.4467184E-01  -7.3003334E-01
   4.4957838E+00  -8.2351025E-03   4.0652207E-01  -7.3210961E-01
   4.5017514E+00  -7.6952698E-03   3.7528011E-01  -7.3265010E-01
   4.5058932E+00  -8.0382768E-03   3.4832615E-01  -7.3443913E-01
   4.5117035E+00  -8.7097930E-03   2.7145422E-01  -7.3642540E-01
   4.5159526E+00  -7.7166776E-03   2.2598884E-01  -7.3827368E-01
   4.5203366E+00  -8.7394631E-03   1.9796240E-01  -7.3906451E-01
   4.5265069E+00  -7.9084067E-03   1.5994875E-01  -7.4148929E-01
   4.5303984E+00  -8.2607493E-03   1.2491340E-01  -7.4274802E-01
   4.5354524E+00  -7.8111561E-03   8.5961163E-02  -7.4484766E-01
   4.5405135E+00  -8.7869074E-03   3.6503509E-02  -7.4599522E-01
   4.5455780E+00  -9.3670646E-03  -2.9812142E-02  -7.4706393E-01
   4.5508623E+00  -9.4760656E-03  -5.7369187E-02  -7.4862790E-01
   4.5569177E+00  -1.0230821E-02  -8.7185040E-02  -7.4981749E-01
   4.5612197E+00  -1.0325179E-02  -1.2309081E-01  -7.5203437E-01
   4.5656486E+00  -1.0131900E-02  -1.8105443E-01  -7.5147849E-01
   4.5702190E+00  -9.9430308E-03  -2.3315085E-01  -7.5431496E-01
   4.5748763E+00  -9.5955357E-03  -2.5756270E-01  -7.5586981E-01
   4.5816722E+00  -9.6691623E-03  -2.9356661E-01  -7.5761753E-01
   4.5864978E+00  -9.3211988E-03  -3.3278650E-01  -7.5873339E-01
   4.5913768E+00  -9.6792514E-03  -4.8666704E-01  -7.5959831E-01
   4.5958705E+00  -9.1869887E-03  -4.6226397E-01  -7.6088423E-01
   4.6007314E+00  -9.4255498E-03  -4.4443840E-01  -7.6166070E-01
   4.6055884E+00  -9.8786866E-03  -4.4409865E-01  -7.6229310E-01
   4.6104765E+00  -7.9743611E-03  -4.9328321E-01  -7.6280522E-01
   4.6145992E+00  -6.3908319E-03  -7.7228922E-01  -7.6459855E-01
   4.6200256E+00   5.4620445E-04  -7.5005645E-01  -7.6331854E-01
   4.6248498E+00  -9.6566146E-03  -7.1108884E-01  -7.6485139E-01
   4.6302428E+00  -9.5876036E-03  -6.6078973E-01  -7.6499140E-01
   4.6338835E+00  -7.4690096E-03  -6.6566050E-01  -7.6523238E-01
   4.6393132E+00  -6.0926257E-03  -7.7218544E-01  -7.6534033E-01
   4.6450334E+00  -6.8766912E-03  -8.7350947E-01  -7.6560587E-01
   4.6493235E+00  -8.2248338E-03  -8.7903780E-01  -7.6544279E-01
   4.6554341E+00  -5.2953488E-03  -8.8382578E-01  -7.6529974E-01
   4.6593227E+00  -3.5844485E-03  -9.0370274E-01  -7.6533186E-01
   4.6635985E+00  -6.1709504E-03  -9.5613301E-01  -7.6515049E-01
   4.6702733E+00  -7.5960625E-03  -1.0201972E+00  -7.6461869E-01
   4.6745405E+00  -7.0376131E-03  -1.0523477E+00  -7.6460350E-01
   4.6783891E+00  -6.7489361E-03  -1.0780220E+00  -7.6472151E-01
   4.6839914E+00  -6.3886424E-03  -1.1123518E+00  -7.6482964E-01
   4.6890287E+00  -5.7046441E-03  -1.1393539E+00  -7.6450729E-01
   4.6936512E+00  -8.0916975E-03  -1.1677760E+00  -7.6432461E-01
   4.6994276E+00  -4.5975591E-03  -1.2191746E+00  -7.6338625E-01
   4.7043471E+00  -7.7148825E-03  -1.2532057E+00  -7.6348680E-01
   4.7080507E+00  -7.7212709E-03  -1.2777003E+00  -7.6353240E-01
   4.7140818E+00  -7.7286582E-03  -1.3100970E+00  -7.6312327E-01
   4.7180071E+00  -7.1430006E-03  -1.3286057E+00  -7.6226157E-01
   4.7235894E+00  -9.9772578E-03  -1.3502725E+00  -7.6165086E-01
   4.7287893E+00  -5.6808619E-03  -1.3850453E+00  -7.6287842E-01
   4.7342248E+00  -8.4324693E-03  -1.4307569E+00  -7.6136184E-01
   4.7376246E+00  -7.6215826E-03  -1.4498526E+00  -7.6084191E-01
   4.7437754E+00  -1.1836649E-02  -1.4741822E+00  -7.6090878E-01
   4.7482700E+00  -6.3325218E-03  -1.4985536E+00  -7.5970209E-01
   4.7526340E+00  -7.4394415E-03  -1.5302266E+00  -7.5741225E-01
   4.7582607E+00  -2.8510469E-03  -1.5573422E+00  -7.5679439E-01
   4.7626829E+00  -8.1657376E-03  -1.5693235E+00  -7.5639331E-01
   4.7686229E+00  -6.8024495E-03  -1.5929134E+00  -7.5486279E-01
   4.7728858E+00  -5.3751580E-03  -1.6233425E+00  -7.5311232E-01
   4.7783246E+00  -5.8459248E-03  -1.6590203E+00  -7.5264710E-01
   4.7827282E+00  -5.4551424E-03  -1.6718267E+00  -7.5098389E-01
   4.7871642E+00  -2.9719851E-03  -1.6830313E+00  -7.4875116E-01
   4.7930012E+00  -4.2278399E-03  -1.7005367E+00  -7.4616051E-01
   4.7974062E+00  -3.7914729E-03  -1.7203217E+00  -7.4432439E-01
   4.8029809E+00  -3.7035565E-03  -1.7485026E+00  -7.4178267E-01
   4.8068452E+00  -3.3290652E-03  -1.7669625E+00  -7.4008948E-01
   4.8126841E+00  -3.0385801E-03  -1.7953453E+00  -7.3830360E-01
   4.8170838E+00  -7.4705142E-03  -1.8077846E+00  -7.3789418E-01
   4.8221784E+00  -5.1121488E-03  -1.8161893E+00  -7.3726034E-01
   4.8274727E+00  -2.4058016E-03  -1.8235033E+00  -7.3557645E-01
   4.8325386E+00   1.7620921E-03  -1.8353897E+00  -7.3350483E-01
   4.8366218E+00  -8.2171342E-04  -1.8550733E+00  -7.3004121E-01
   4.8416076E+00  -5.4690015E-04  -1.8768847E+00  -7.2492272E-01
   4.8469257E+00  -1.3469412E-02  -1.8908235E+00  -7.2319591E-01
   4.8515754E+00  -8.2024606E-03  -1.9015505E+00  -7.2006238E-01
   4.8565159E+00  -5.8667748E-03  -1.9125494E+00  -7.1917140E-01
   4.8610263E+00  -4.0760869E-03  -1.9136306E+00  -7.1707302E-01
   4.8660316E+00  -1.0535835E-02  -1.9215579E+00  -7.1427184E-01
   4.8716931E+00  -7.6117963E-03  -1.9421885E+00  -7.1161032E-01
   4.8761292E+00  -8.0085802E-04  -1.9608654E+00  -7.0863473E-01
   4.8815050E+00  -4.6108393E-03  -1.9730129E+00  -7.0442134E-01
   4.8866444E+00  -1.1619663E-02  -1.9790995E+00  -7.0243204E-01
   4.8916802E+00  -2.1353206E-03  -1.9694989E+00  -6.9973534E-01
   4.8961749E+00  -2.8581736E-03  -1.9786204E+00  -6.9575840E-01
   4.9011135E+00  -2.0420635E-03  -1.9898539E+00  -6.9211084E-01
   4.9060440E+00  -2.2630908E-03  -2.0043502E+00  -6.8917710E-01
   4.9106321E+00  -1.8142365E-02  -2.0186734E+00  -6.8617207E-01
   4.9164128E+00  -3.1834871E-03  -2.0144088E+00  -6.8260884E-01
   4.9203110E+00  -6.4280076E-04  -2.0073073E+00  -6.8019891E-01
   4.9264808E+00  -1.7331904E-03  -2.0088694E+00  -6.7407870E-01
   4.9312153E+00  -1.3582123E-03  -2.0146370E+00  -6.7179537E-01
