  flscon:  version 23.2.0.01  win64 2022 
 FLOW-3D   20:03:08  03/05/2024 rjju     
   hydr3d   version  23.2.0.20 win64     12/04/2023 HYDRO    
 Simulation Template: Free Surface - TruVOF (Default)                            

Mesh Block   1
 printing pfxob, pfyob, pfzob       
       1     1002      0.000E+00      3.341E+00
   time              pfxob_1         pfyob_1         pfzob_1
   0.0000000E+00  -1.3937197E-04   4.7825613E+00   1.2288833E+00
   8.1759767E-04   5.2814074E-02  -6.5426636E+02   8.8707137E-01
   3.0331851E-03   4.8036412E-03   4.3951497E+00   1.4814255E+00
   6.9339015E-03   1.1455282E-02   3.9021709E+00   1.3090477E+00
   1.0329246E-02   6.9281817E-03   4.0001645E+00   1.3844700E+00
   1.3275886E-02   7.6925866E-03   4.1139584E+00   1.3742123E+00
   1.6686991E-02   9.3192291E-03   4.1584015E+00   1.3505360E+00
   2.0635771E-02   1.0178435E-02   4.1911955E+00   1.3413404E+00
   2.3608323E-02   8.8697122E-03   4.2332721E+00   1.3367745E+00
   2.6691802E-02   8.9094443E-03   4.3343310E+00   1.3395665E+00
   2.9714420E-02   7.0667164E-03   4.3202615E+00   1.3387094E+00
   3.2675710E-02   8.6498605E-03   4.3328609E+00   1.3385366E+00
   3.7006456E-02   2.5073143E-03   4.4764628E+00   1.3446231E+00
   3.9821010E-02   9.0164915E-03   4.4803319E+00   1.3440640E+00
   4.3936774E-02   7.7367043E-03   4.4851995E+00   1.3414575E+00
   4.6614211E-02   5.5156345E-03   4.5325212E+00   1.3396021E+00
   5.0537769E-02   5.5420431E-03   4.6515794E+00   1.3379066E+00
   5.3095356E-02   7.6019075E-03   4.6991553E+00   1.3375773E+00
   5.6850683E-02   6.9625941E-03   4.7347922E+00   1.3381833E+00
   6.0512844E-02   5.8390344E-03   4.7922969E+00   1.3386468E+00
   6.2911361E-02   3.8188915E-03   4.8402910E+00   1.3400830E+00
   6.6448227E-02   6.5134908E-03   4.9349365E+00   1.3427942E+00
   6.9916517E-02   6.1943145E-03   5.0197325E+00   1.3473252E+00
   7.3324703E-02   3.8433981E-03   5.0883789E+00   1.3515377E+00
   7.6664343E-02   6.9330996E-03   5.1443911E+00   1.3557360E+00
   8.0003187E-02   2.4293414E-03   5.2271290E+00   1.3612378E+00
   8.3359316E-02   3.5558157E-03   5.3113194E+00   1.3642589E+00
   8.6809270E-02   3.7326084E-03   5.3669500E+00   1.3673055E+00
   9.0181313E-02   4.6355925E-03   5.4648342E+00   1.3697933E+00
   9.3583636E-02   2.8995536E-03   5.5562501E+00   1.3727092E+00
   9.6938118E-02   3.7241338E-03   5.6356158E+00   1.3759027E+00
   1.0026108E-01   4.2827465E-03   5.7165484E+00   1.3743395E+00
   1.0355297E-01   5.1837219E-03   5.7685747E+00   1.3827057E+00
   1.0681985E-01   3.0994646E-03   5.8616638E+00   1.3784859E+00
   1.1006749E-01  -7.5697964E-03   5.9255910E+00   1.3774126E+00
   1.1384109E-01  -1.8089956E-03   6.0988355E+00   1.3885796E+00
   1.1666690E-01   1.0435637E-02   6.1197701E+00   1.3880475E+00
   1.2072832E-01   2.4557615E-02   6.2904167E+00   1.3940537E+00
   1.2395571E-01  -2.2232760E-02   6.3227916E+00   1.4096004E+00
   1.2638523E-01   1.7895970E-02   6.4242477E+00   1.3904350E+00
   1.3050428E-01   1.7331413E-03   6.5244508E+00   1.3753949E+00
   1.3360502E-01   3.1580650E-03   6.6046529E+00   1.4023273E+00
   1.3667659E-01  -3.0682760E-03   6.7101793E+00   1.3983889E+00
   1.3971229E-01   1.1500557E-03   6.7725730E+00   1.3981886E+00
   1.4406466E-01   4.4616307E-03   6.9149938E+00   1.3987559E+00
   1.4713722E-01   6.3362881E-03   6.9795065E+00   1.3975781E+00
   1.5045933E-01  -1.0010655E-03   7.0907507E+00   1.3973937E+00
   1.5373813E-01   1.8761337E-03   7.1714430E+00   1.3985955E+00
   1.5661137E-01   9.7843027E-03   7.2742405E+00   1.3989058E+00
   1.6033882E-01   3.9165732E-03   7.3839288E+00   1.4000962E+00
   1.6442943E-01   1.7976176E-03   7.4969702E+00   1.4080447E+00
   1.6742791E-01  -1.3573820E-04   7.5627160E+00   1.4048682E+00
   1.7038532E-01   2.0062765E-03   7.6554842E+00   1.3952343E+00
   1.7326574E-01   4.5799739E-03   7.7438426E+00   1.3910977E+00
   1.7756677E-01   3.6459977E-03   7.8548079E+00   1.3910029E+00
   1.8039107E-01   5.6977631E-03   7.9259810E+00   1.4005362E+00
   1.8318440E-01   3.5231127E-03   8.0133715E+00   1.3841815E+00
   1.8732202E-01   5.2534109E-03   8.1034079E+00   1.3929292E+00
   1.9004871E-01   3.9340048E-03   8.1796474E+00   1.3910065E+00
   1.9366916E-01   1.0614883E-02   8.2698202E+00   1.3878706E+00
   1.9671798E-01  -8.2341503E-05   8.3628778E+00   1.3879194E+00
   2.0031491E-01   7.1032667E-03   8.4271240E+00   1.3874280E+00
   2.0343469E-01   5.9806439E-03   8.4751778E+00   1.3859773E+00
   2.0718616E-01   1.1204097E-02   8.5460825E+00   1.3870463E+00
   2.1088055E-01  -9.5380162E-04   8.6466532E+00   1.3896694E+00
   2.1386096E-01   9.0157920E-03   8.6783552E+00   1.3868985E+00
   2.1680422E-01   9.1373539E-03   8.7163086E+00   1.3909097E+00
   2.2062150E-01   8.4087215E-03   8.7987099E+00   1.3936697E+00
   2.2340614E-01   1.4610253E-03   8.8371611E+00   1.3919466E+00
   2.2685863E-01   1.1011595E-02   8.8847570E+00   1.3871071E+00
   2.3037858E-01   8.6994506E-03   8.9382391E+00   1.3894217E+00
   2.3380518E-01   8.4840888E-03   9.0161715E+00   1.3891304E+00
   2.3714733E-01   8.6679263E-03   9.0530977E+00   1.3889588E+00
   2.4041647E-01   7.2089285E-03   9.0753460E+00   1.3875208E+00
   2.4361780E-01   1.1132304E-02   9.1322708E+00   1.3867689E+00
   2.4752915E-01   3.4235842E-03   9.1639814E+00   1.3859895E+00
   2.5059351E-01   1.0800133E-02   9.1931591E+00   1.3855640E+00
   2.5360593E-01   1.2450677E-02   9.2243509E+00   1.3843982E+00
   2.5730586E-01   9.0013724E-03   9.2640181E+00   1.3833638E+00
   2.6021758E-01   1.5237037E-02   9.2781477E+00   1.3827292E+00
   2.6380178E-01   1.3101393E-02   9.2977858E+00   1.3824816E+00
   2.6732937E-01   1.6762519E-02   9.3146276E+00   1.3809990E+00
   2.7080581E-01   1.1509453E-02   9.3385897E+00   1.3799977E+00
   2.7423596E-01   1.3147680E-02   9.3559561E+00   1.3793753E+00
   2.7694914E-01   1.8878637E-02   9.3633528E+00   1.3785521E+00
   2.8030574E-01   1.9512653E-02   9.3721752E+00   1.3781734E+00
   2.8362677E-01   1.6530644E-02   9.3763227E+00   1.3764390E+00
   2.8756964E-01   3.5704661E-02   9.3737745E+00   1.3748026E+00
   2.9082713E-01   1.6895095E-02   9.3703403E+00   1.3732474E+00
   2.9406431E-01   2.2329634E-02   9.3585911E+00   1.3731064E+00
   2.9727536E-01   1.7680285E-02   9.3760653E+00   1.3704953E+00
   3.0046278E-01   3.5083806E-03   9.3827887E+00   1.3694916E+00
   3.0425933E-01   1.7520681E-02   9.3590488E+00   1.3675759E+00
   3.0740318E-01  -1.5676242E-03   9.3266983E+00   1.3668827E+00
   3.1053147E-01   1.3598896E-02   9.3357782E+00   1.3674489E+00
   3.1426519E-01   1.2513924E-02   9.3478842E+00   1.3759384E+00
   3.1735390E-01   3.0173220E-02   9.3387966E+00   1.3691216E+00
   3.2075649E-01   2.1131795E-03   9.3234491E+00   1.3616620E+00
   3.2380617E-01   7.2721519E-02   9.2641296E+00   1.3614385E+00
   3.2740200E-01   3.2470535E-02   9.2650776E+00   1.3621153E+00
   3.3040339E-01   9.1207465E-03   9.2274170E+00   1.3452578E+00
   3.3397835E-01  -3.2726310E-02   9.1018543E+00   1.3575407E+00
   3.3739096E-01   1.8623820E-02   9.1364002E+00   1.3580446E+00
   3.4069234E-01   1.2293700E-02   9.1155024E+00   1.3558812E+00
   3.4372139E-01  -7.0464965E-03   8.9940968E+00   1.3618220E+00
   3.4763208E-01   2.8240809E-02   8.9539461E+00   1.3601179E+00
   3.5069346E-01  -1.4664853E-02   8.9048176E+00   1.3580887E+00
   3.5373056E-01   4.6702716E-02   8.7764940E+00   1.3608265E+00
   3.5732096E-01  -7.6713584E-02   8.6104326E+00   1.3540723E+00
   3.6095679E-01   1.7831229E-02   8.6731958E+00   1.3645161E+00
   3.6457634E-01   2.8754443E-02   8.5492096E+00   1.3489560E+00
   3.6758623E-01   1.5641170E-02   8.4910202E+00   1.3528727E+00
   3.7125698E-01   6.1429325E-02   8.4161158E+00   1.3590628E+00
   3.7426871E-01   1.7002011E-02   8.3167782E+00   1.3385179E+00
   3.7733361E-01   8.2107782E-03   8.2626820E+00   1.3533781E+00
   3.8041320E-01   1.6784733E-02   8.2308722E+00   1.3432202E+00
   3.8417062E-01  -1.1729003E-03   8.1369791E+00   1.3556572E+00
   3.8756844E-01   3.3648476E-02   7.8934317E+00   1.3015985E+00
   3.9057031E-01   3.0161167E-02   8.0536699E+00   1.3367385E+00
   3.9443761E-01   4.1602574E-02   7.7541232E+00   1.3091371E+00
   3.9707816E-01  -1.5511164E-02   7.6939898E+00   1.3216339E+00
   4.0110779E-01   4.3177295E-02   7.5522895E+00   1.3035396E+00
   4.0422392E-01   4.1069806E-02   7.5295081E+00   1.3022077E+00
   4.0740225E-01   8.1077507E-03   7.3837976E+00   1.2812687E+00
   4.1059300E-01   3.2030948E-02   7.3079948E+00   1.2899504E+00
   4.1403791E-01  -1.9057404E-02   7.1783628E+00   1.2763903E+00
   4.1774577E-01   9.7791199E-03   7.0055938E+00   1.2804388E+00
   4.2044562E-01   4.7841907E-02   6.9853601E+00   1.2881227E+00
   4.2441618E-01  -7.0998897E-03   6.7882290E+00   1.2662965E+00
   4.2767966E-01   7.5325435E-03   6.6689405E+00   1.2619748E+00
   4.3080044E-01   2.7936410E-02   6.6045637E+00   1.2605593E+00
   4.3415377E-01   8.8349469E-02   6.7489319E+00   1.2719047E+00
   4.3784079E-01   6.5997015E-03   6.3873334E+00   1.2560829E+00
   4.4070706E-01  -3.6221270E-02   6.2645173E+00   1.2487115E+00
   4.4436523E-01  -2.7378148E-03   6.1164923E+00   1.2415954E+00
   4.4800708E-01   1.4280865E-02   5.8566298E+00   1.2304862E+00
   4.5118222E-01   4.2831805E-02   5.8044057E+00   1.2289375E+00
   4.5418781E-01  -3.7066158E-02   5.6945271E+00   1.2270043E+00
   4.5756745E-01  -1.0666070E-02   5.5743790E+00   1.2218802E+00
   4.6130097E-01  -6.5324861E-03   5.4319720E+00   1.2223318E+00
   4.6446928E-01  -7.3849075E-03   5.2562070E+00   1.2166345E+00
   4.6762571E-01   1.6313840E-03   5.2042341E+00   1.2181153E+00
   4.7114098E-01  -6.3831019E-03   5.0667806E+00   1.2064452E+00
   4.7441986E-01  -1.9367279E-03   4.9156852E+00   1.2053856E+00
   4.7733492E-01  -8.1326049E-03   4.7672329E+00   1.2142226E+00
   4.8146114E-01  -8.1572654E-03   4.6336846E+00   1.2138808E+00
   4.8452869E-01   2.5725113E-03   4.4799013E+00   1.1915755E+00
   4.8757261E-01  -9.4811171E-03   4.3431025E+00   1.1942146E+00
   4.9059162E-01  -2.9788080E-03   4.2606664E+00   1.1883531E+00
   4.9457657E-01  -1.8298939E-02   4.0841017E+00   1.1795832E+00
   4.9753192E-01  -1.1938531E-02   3.9710648E+00   1.1853154E+00
   5.0143361E-01  -1.7648252E-02   3.7658610E+00   1.1816639E+00
   5.0435364E-01  -2.5701795E-02   3.6119094E+00   1.1777401E+00
   5.0824946E-01  -2.0291904E-02   3.4790535E+00   1.1761476E+00
   5.1116103E-01  -3.2435074E-02   3.3613420E+00   1.1728271E+00
   5.1398927E-01  -1.6724916E-02   3.2706804E+00   1.1713173E+00
   5.1765418E-01  -3.7359864E-02   2.9473808E+00   1.1676811E+00
   5.2123541E-01  -4.3636974E-02   2.8256423E+00   1.1642941E+00
   5.2475548E-01  -5.3749382E-02   2.7233815E+00   1.1616189E+00
   5.2823615E-01  -4.9095787E-02   2.6029708E+00   1.1600351E+00
   5.3083277E-01  -4.8904642E-02   2.4467521E+00   1.1577452E+00
   5.3428793E-01  -5.1269673E-02   2.2744710E+00   1.1539309E+00
   5.3775591E-01  -6.3019723E-02   2.1533976E+00   1.1504967E+00
   5.4125696E-01  -7.5438581E-02   1.9801189E+00   1.1475654E+00
   5.4479474E-01  -6.5980271E-02   1.7822176E+00   1.1448869E+00
   5.4749054E-01  -5.3270228E-02   1.7196655E+00   1.1430956E+00
   5.5117238E-01  -6.8965964E-02   1.5452207E+00   1.1417314E+00
   5.5454499E-01  -1.0864546E-01   1.3933932E+00   1.1414331E+00
   5.5757797E-01  -9.3352742E-02   1.1901609E+00   1.1314002E+00
   5.6144893E-01  -7.9312131E-02   1.0484434E+00   1.1372019E+00
   5.6426758E-01  -8.0070712E-02   9.6405953E-01   1.1388835E+00
   5.6750900E-01  -7.5734288E-02   7.8630894E-01   1.1344284E+00
   5.7087690E-01  -7.5532131E-02   6.0575539E-01   1.1329194E+00
   5.7424122E-01  -7.3516153E-02   4.3369314E-01   1.1315106E+00
   5.7760197E-01  -9.0973780E-02   2.9523560E-01   1.1289742E+00
   5.8093739E-01  -9.2952557E-02   1.8202478E-01   1.1287454E+00
   5.8429635E-01  -1.0793013E-01   5.2955836E-02   1.1293284E+00
   5.8765441E-01  -9.2721365E-02  -7.4418224E-02   1.1275561E+00
   5.9101504E-01  -1.0128018E-01  -3.0215299E-01   1.1255003E+00
   5.9438169E-01  -8.9407489E-02  -4.6383020E-01   1.1259514E+00
   5.9844249E-01  -7.0510864E-02  -6.2931955E-01   1.1265471E+00
   6.0151714E-01  -9.7235873E-02  -7.8016067E-01   1.1229155E+00
   6.0491627E-01  -1.0092188E-01  -8.5975718E-01   1.1266742E+00
   6.0808986E-01  -8.9104190E-02  -1.0102751E+00   1.1263127E+00
   6.1136866E-01  -9.8324820E-02  -1.2582484E+00   1.1256726E+00
   6.1453491E-01  -7.9399012E-02  -1.3543060E+00   1.1278902E+00
   6.1757582E-01  -1.3173646E-01  -1.4777179E+00   1.1278305E+00
   6.2156528E-01  -9.1218196E-02  -1.6708952E+00   1.1268024E+00
   6.2477863E-01  -8.7126158E-02  -1.7186774E+00   1.1279421E+00
   6.2794566E-01  -1.1583096E-01  -1.9141051E+00   1.1295100E+00
   6.3104665E-01  -9.2249177E-02  -2.0465429E+00   1.1310369E+00
   6.3478774E-01  -1.1060610E-01  -2.2181442E+00   1.1303051E+00
   6.3780326E-01  -1.0025451E-01  -2.2685051E+00   1.1320133E+00
   6.4176130E-01  -1.1977823E-01  -2.5309107E+00   1.1343504E+00
   6.4468151E-01  -7.1789093E-02  -2.6736281E+00   1.1328927E+00
   6.4849430E-01  -8.8090710E-02  -2.8043518E+00   1.1327796E+00
   6.5129679E-01  -8.0217369E-02  -2.8105681E+00   1.1361320E+00
   6.5496945E-01  -1.1340754E-01  -3.0167513E+00   1.1432873E+00
   6.5769333E-01  -8.4722206E-02  -3.1783092E+00   1.1382324E+00
   6.6130823E-01  -7.9430781E-02  -3.2886455E+00   1.1455408E+00
   6.6496056E-01  -1.0404536E-01  -3.4331121E+00   1.1445861E+00
   6.6856837E-01  -9.2288770E-02  -3.5972555E+00   1.1460123E+00
   6.7133754E-01  -8.1691749E-02  -3.6987000E+00   1.1483604E+00
   6.7492926E-01  -9.7275570E-02  -3.8266532E+00   1.1503183E+00
   6.7847961E-01  -8.9268066E-02  -3.9859321E+00   1.1499963E+00
   6.8107045E-01  -9.2102781E-02  -4.0148101E+00   1.1534450E+00
   6.8522334E-01  -7.1617700E-02  -4.1911750E+00   1.1515920E+00
   6.8777311E-01  -1.1935160E-01  -4.3061934E+00   1.1556716E+00
   6.9126540E-01  -6.5632686E-02  -4.4905429E+00   1.1546692E+00
   6.9512117E-01  -1.1590795E-01  -4.5863466E+00   1.1559609E+00
   6.9812953E-01  -7.7706747E-02  -4.7358313E+00   1.1533123E+00
   7.0187342E-01  -4.4987947E-02  -4.8180742E+00   1.1558552E+00
   7.0482218E-01  -9.3943335E-02  -4.9453602E+00   1.1569594E+00
   7.0849681E-01  -8.9244008E-02  -5.0492783E+00   1.1522839E+00
   7.1146852E-01  -8.6253822E-02  -5.0989251E+00   1.1597368E+00
   7.1522588E-01  -5.9127547E-02  -5.3059444E+00   1.1556147E+00
   7.1830630E-01  -8.1657156E-02  -5.3498278E+00   1.1572267E+00
   7.2147018E-01  -7.7971317E-02  -5.4574904E+00   1.1609163E+00
   7.2472352E-01  -3.7994351E-02  -5.5254545E+00   1.1580747E+00
   7.2804999E-01  -7.0414335E-02  -5.6984882E+00   1.1608222E+00
   7.3146814E-01  -5.7206243E-02  -5.8162346E+00   1.1611267E+00
   7.3496783E-01  -4.8211999E-02  -5.8525200E+00   1.1632820E+00
   7.3859531E-01  -9.3906201E-02  -5.9185252E+00   1.1669503E+00
   7.4137825E-01  -8.1221573E-02  -6.1053419E+00   1.1629395E+00
   7.4519008E-01  -1.3280763E-01  -6.1285262E+00   1.1636314E+00
   7.4812847E-01  -3.3100914E-02  -6.2594466E+00   1.1657382E+00
   7.5204170E-01  -4.7880925E-02  -6.3725367E+00   1.1577343E+00
   7.5513440E-01   6.8689632E-04  -6.4603057E+00   1.1585748E+00
   7.5823891E-01  -4.2583190E-02  -6.5424118E+00   1.1603348E+00
   7.6136166E-01  -7.0651315E-02  -6.6452355E+00   1.1613573E+00
   7.6535445E-01   1.0192765E-02  -6.7484164E+00   1.1606945E+00
   7.6797479E-01  -8.5204519E-02  -6.7923293E+00   1.1595970E+00
   7.7209604E-01  -1.4462033E-03  -6.9029408E+00   1.1647207E+00
   7.7510613E-01  -2.7701711E-02  -7.0086999E+00   1.1637669E+00
   7.7846444E-01  -3.7136786E-02  -7.0376883E+00   1.1695131E+00
   7.8206968E-01  -2.1228999E-02  -7.1970167E+00   1.1676098E+00
   7.8540516E-01  -6.6500708E-02  -7.1944366E+00   1.1693666E+00
   7.8798640E-01  -6.3526087E-02  -7.2559886E+00   1.1716008E+00
   7.9150128E-01  -1.8675342E-02  -7.4129086E+00   1.1724807E+00
   7.9509073E-01  -2.6934275E-02  -7.4797163E+00   1.1718546E+00
   7.9834551E-01  -7.5710408E-02  -7.5340047E+00   1.1695155E+00
   8.0205190E-01  -7.0944213E-04  -7.6275392E+00   1.1702991E+00
   8.0509204E-01  -2.9928867E-02  -7.6186118E+00   1.1731813E+00
   8.0866915E-01  -4.6200406E-02  -7.6959291E+00   1.1715745E+00
   8.1158674E-01  -4.1618124E-02  -7.7598886E+00   1.1706903E+00
   8.1535113E-01  -1.7002504E-02  -7.9058070E+00   1.1709272E+00
   8.1849957E-01  -2.6657900E-02  -7.9051108E+00   1.1692493E+00
   8.2143050E-01  -3.9632838E-02  -7.9549618E+00   1.1666924E+00
   8.2511514E-01   6.3449100E-02  -7.9661479E+00   1.1604025E+00
   8.2818896E-01  -2.3341496E-02  -8.1009407E+00   1.1576810E+00
   8.3207852E-01  -1.8327283E-02  -8.1124945E+00   1.1519793E+00
   8.3495575E-01   4.0381465E-02  -8.1314640E+00   1.1462892E+00
   8.3854640E-01   2.1129889E-02  -8.2041292E+00   1.1429728E+00
   8.4160924E-01  -3.7325226E-02  -8.2362452E+00   1.1436082E+00
   8.4490198E-01   7.2825318E-03  -8.2452765E+00   1.1438086E+00
   8.4836721E-01  -1.1691401E-01  -8.3083677E+00   1.1445633E+00
   8.5172665E-01  -4.0022790E-02  -8.3173504E+00   1.1410619E+00
   8.5524529E-01  -8.3913682E-03  -8.3033247E+00   1.1421194E+00
   8.5864258E-01   2.3267597E-03  -8.3046675E+00   1.1426281E+00
   8.6203825E-01   8.5395025E-03  -8.3136883E+00   1.1415526E+00
   8.6547548E-01  -1.5124171E-02  -8.3759222E+00   1.1358480E+00
   8.6827743E-01  -9.3483413E-03  -8.3514214E+00   1.1369867E+00
   8.7188113E-01  -5.2433931E-03  -8.3493166E+00   1.1448468E+00
   8.7561786E-01  -2.6996728E-02  -8.3624220E+00   1.1398536E+00
   8.7859517E-01  -4.6594631E-02  -8.2983084E+00   1.1439419E+00
   8.8220441E-01  -3.0093258E-02  -8.3512278E+00   1.1422876E+00
   8.8527286E-01  -2.9994727E-03  -8.3746777E+00   1.1491300E+00
   8.8861340E-01  -1.8923145E-02  -8.3715124E+00   1.1542873E+00
   8.9168996E-01  -6.5657981E-03  -8.3902760E+00   1.1535481E+00
   8.9540112E-01   4.5447652E-03  -8.3626938E+00   1.1579069E+00
   8.9852387E-01   1.1740674E-02  -8.3081245E+00   1.1594913E+00
   9.0216190E-01  -2.7104182E-02  -8.3535872E+00   1.1606420E+00
   9.0503949E-01  -2.3121154E-02  -8.3677893E+00   1.1629232E+00
   9.0897447E-01   1.7607571E-03  -8.3046799E+00   1.1639255E+00
   9.1192871E-01  -2.9476039E-02  -8.3456011E+00   1.1621617E+00
   9.1487819E-01  -6.5863445E-02  -8.3084736E+00   1.1595238E+00
   9.1880286E-01   3.2016411E-02  -8.3039999E+00   1.1659442E+00
   9.2174596E-01  -1.9021699E-02  -8.2949200E+00   1.1670177E+00
   9.2528158E-01  -1.9758493E-02  -8.1834946E+00   1.1684279E+00
   9.2882836E-01   1.6479163E-03  -8.2561779E+00   1.1713177E+00
   9.3239719E-01  -8.6140640E-02  -8.1132631E+00   1.1703793E+00
   9.3531710E-01  -7.2129834E-03  -8.2276945E+00   1.1751171E+00
   9.3900955E-01  -3.7135806E-02  -8.0550270E+00   1.1730890E+00
   9.4195110E-01  -2.9224379E-02  -8.1547575E+00   1.1732945E+00
   9.4587421E-01  -8.3197225E-03  -8.1660423E+00   1.1786449E+00
   9.4882041E-01   9.4008017E-03  -8.1416206E+00   1.1783051E+00
   9.5177162E-01   1.4749098E-02  -8.1235514E+00   1.1764328E+00
   9.5536071E-01  -2.5736350E-03  -8.0651512E+00   1.1769543E+00
   9.5894271E-01  -2.2836132E-02  -8.0014334E+00   1.1791358E+00
   9.6207011E-01  -1.5294525E-02  -8.0997438E+00   1.1834396E+00
   9.6510994E-01   5.7631396E-02  -7.9696584E+00   1.1800951E+00
   9.6875167E-01   1.5352353E-02  -7.9026403E+00   1.1714523E+00
   9.7246128E-01  -1.8155769E-02  -7.9521751E+00   1.1779404E+00
   9.7514462E-01   5.5843238E-02  -7.8885145E+00   1.1831836E+00
   9.7845894E-01   1.7814659E-02  -7.8471651E+00   1.1765401E+00
   9.8232269E-01   4.0420216E-02  -7.8778830E+00   1.1860275E+00
   9.8529041E-01  -6.6533439E-02  -7.7998538E+00   1.1876172E+00
   9.8893255E-01   4.5349471E-02  -7.7504635E+00   1.1881928E+00
   9.9199164E-01  -2.0991644E-02  -7.7197485E+00   1.1877300E+00
   9.9589312E-01   4.3617021E-03  -7.7204552E+00   1.1905347E+00
   9.9922395E-01   3.6350343E-02  -7.6970234E+00   1.1867813E+00
   1.0020586E+00   2.8200859E-02  -7.6295691E+00   1.1862912E+00
   1.0058904E+00   8.5272798E-03  -7.5890965E+00   1.1831899E+00
   1.0084467E+00  -1.1500561E-03  -7.6053901E+00   1.1842086E+00
   1.0124111E+00   2.1873826E-02  -7.5637946E+00   1.1831381E+00
   1.0154710E+00   1.4830542E-02  -7.5064125E+00   1.1857055E+00
   1.0185325E+00   1.2067203E-02  -7.4075656E+00   1.1849965E+00
   1.0226164E+00   8.8855661E-03  -7.3907809E+00   1.1848704E+00
   1.0253459E+00  -1.2774775E-02  -7.3058395E+00   1.1851474E+00
   1.0286433E+00   2.2435465E-03  -7.3031769E+00   1.1822782E+00
   1.0320578E+00   1.1335887E-02  -7.3371091E+00   1.1768017E+00
   1.0354050E+00   3.9403643E-03  -7.1661448E+00   1.1832614E+00
   1.0390373E+00   1.1164303E-02  -7.1559615E+00   1.1822695E+00
   1.0419886E+00   5.2726146E-02  -7.1338520E+00   1.1813445E+00
   1.0460018E+00   2.0745166E-03  -6.9700441E+00   1.1845123E+00
   1.0490886E+00   3.0147102E-02  -7.0113697E+00   1.1719047E+00
   1.0521882E+00   1.8979261E-02  -6.9689341E+00   1.1766440E+00
   1.0560617E+00   1.9435724E-02  -6.9461064E+00   1.1644486E+00
   1.0589240E+00   1.0811672E-02  -6.8835225E+00   1.1691750E+00
   1.0627953E+00   2.2766707E-02  -6.8284125E+00   1.1788468E+00
   1.0657661E+00   3.1088606E-02  -6.7534423E+00   1.1728079E+00
   1.0688422E+00   2.3217607E-02  -6.7465396E+00   1.1740378E+00
   1.0719258E+00   2.2813471E-02  -6.7154860E+00   1.1668460E+00
   1.0760393E+00   1.7537896E-02  -6.6298165E+00   1.1750088E+00
   1.0791241E+00   8.2379291E-03  -6.5646515E+00   1.1749500E+00
   1.0822058E+00   1.8916793E-02  -6.5382924E+00   1.1730824E+00
   1.0852320E+00   2.4805151E-02  -6.5101476E+00   1.1801286E+00
   1.0892714E+00   2.5216548E-02  -6.4122539E+00   1.1755100E+00
   1.0925360E+00   2.6139338E-02  -6.3766980E+00   1.1753197E+00
   1.0954992E+00   1.7797716E-02  -6.2893248E+00   1.1811507E+00
   1.0989826E+00   8.2295522E-02  -6.4055882E+00   1.1848785E+00
   1.1027746E+00   2.5568489E-02  -6.1934848E+00   1.1823869E+00
   1.1055359E+00   4.7030181E-02  -6.1774616E+00   1.1833136E+00
   1.1092479E+00   2.9953124E-02  -6.1017814E+00   1.1833746E+00
   1.1121401E+00   1.3387543E-02  -5.9857960E+00   1.1827617E+00
   1.1156222E+00   1.6345078E-02  -5.9687328E+00   1.1874379E+00
   1.1190534E+00   3.2261401E-02  -6.0044007E+00   1.1905500E+00
   1.1224614E+00   2.9195193E-02  -5.9584851E+00   1.1922884E+00
   1.1258575E+00   2.2188533E-02  -5.8741994E+00   1.1928940E+00
   1.1294813E+00   1.4333090E-02  -5.7796712E+00   1.1904219E+00
   1.1322368E+00   2.9425951E-02  -5.6599975E+00   1.1875474E+00
   1.1359431E+00   2.5560321E-02  -5.6823230E+00   1.1891068E+00
   1.1394844E+00   3.7029423E-02  -5.6883698E+00   1.1933186E+00
   1.1422055E+00   3.0292487E-02  -5.6991568E+00   1.1933873E+00
   1.1457258E+00   2.3839284E-02  -5.5602593E+00   1.1953678E+00
   1.1494333E+00   3.0829299E-02  -5.4619622E+00   1.1951867E+00
   1.1522199E+00   3.7588172E-02  -5.4138479E+00   1.1960399E+00
   1.1559354E+00   5.6928340E-03  -5.3985691E+00   1.1980096E+00
   1.1596509E+00   3.0224148E-02  -5.3623228E+00   1.1999509E+00
   1.1624372E+00   2.7461857E-02  -5.3139815E+00   1.2032908E+00
   1.1661456E+00   1.9529659E-02  -5.2397776E+00   1.2020723E+00
   1.1688802E+00   2.2879461E-02  -5.1210804E+00   1.2014505E+00
   1.1725097E+00   2.2128217E-02  -5.1049652E+00   1.2046903E+00
   1.1761389E+00   2.8738223E-02  -5.0971055E+00   1.2059335E+00
   1.1788615E+00   2.3809556E-02  -5.0650043E+00   1.2064929E+00
   1.1825236E+00   2.1936329E-02  -4.9722681E+00   1.2087373E+00
   1.1856178E+00   1.0467524E-02  -4.9448586E+00   1.2050130E+00
   1.1888210E+00   2.0751519E-02  -4.8841205E+00   1.2063738E+00
   1.1930594E+00   1.9110071E-02  -4.8184638E+00   1.2079915E+00
   1.1958477E+00   3.2827917E-02  -4.8053999E+00   1.2088308E+00
   1.1990216E+00   1.8088942E-02  -4.6870327E+00   1.2109450E+00
   1.2030723E+00   1.9407677E-02  -4.6555805E+00   1.2117342E+00
   1.2060218E+00   2.7654946E-02  -4.6279840E+00   1.2139479E+00
   1.2091480E+00   3.1904377E-02  -4.5884762E+00   1.2163182E+00
   1.2123220E+00   3.0998856E-02  -4.4849343E+00   1.2134883E+00
   1.2157648E+00   2.7119288E-02  -4.4512115E+00   1.2173462E+00
   1.2192761E+00   3.0567519E-02  -4.4105797E+00   1.2168713E+00
   1.2227021E+00   2.4233060E-02  -4.3777452E+00   1.2168260E+00
   1.2260377E+00   3.1630773E-02  -4.3149686E+00   1.2161466E+00
   1.2289495E+00   1.9756719E-02  -4.2838326E+00   1.2185091E+00
   1.2321584E+00   1.8978130E-02  -4.2098365E+00   1.2192217E+00
   1.2356356E+00   1.5277226E-02  -4.1759586E+00   1.2201437E+00
   1.2393169E+00   2.0141238E-02  -4.1055412E+00   1.2215556E+00
   1.2429976E+00   1.8075762E-02  -4.0847778E+00   1.2231935E+00
   1.2454517E+00   2.1341350E-02  -4.0338597E+00   1.2239331E+00
   1.2496698E+00   2.4432195E-02  -4.0593648E+00   1.2318871E+00
   1.2524645E+00   2.4214869E-02  -3.8816152E+00   1.2230179E+00
   1.2558615E+00   2.0417802E-02  -3.8160651E+00   1.2285734E+00
   1.2588817E+00   2.3206772E-02  -3.8383188E+00   1.2255725E+00
   1.2622625E+00   2.3967704E-02  -3.7668393E+00   1.2278066E+00
   1.2656151E+00   2.6812335E-02  -3.7173591E+00   1.2280369E+00
   1.2688913E+00   2.7499167E-02  -3.6537659E+00   1.2281759E+00
   1.2731559E+00   1.6705001E-02  -3.6332035E+00   1.2290893E+00
   1.2762733E+00   2.9620945E-02  -3.5809622E+00   1.2292229E+00
   1.2793201E+00   2.5847780E-02  -3.4674494E+00   1.2293776E+00
   1.2823085E+00   2.8387796E-02  -3.4220107E+00   1.2306499E+00
   1.2858396E+00   3.4630451E-02  -3.4556105E+00   1.2328591E+00
   1.2893550E+00   2.7949966E-02  -3.2943707E+00   1.2323033E+00
   1.2924803E+00   2.9820276E-02  -3.2695782E+00   1.2330810E+00
   1.2960625E+00   3.1952761E-02  -3.2288258E+00   1.2335448E+00
   1.2996137E+00   2.8224919E-02  -3.1862533E+00   1.2337400E+00
   1.3028860E+00   3.9170206E-02  -3.0899701E+00   1.2331129E+00
   1.3058674E+00   3.7180331E-02  -3.0621083E+00   1.2334644E+00
   1.3095393E+00   3.0498784E-02  -2.9582572E+00   1.2344433E+00
   1.3128903E+00   2.8017957E-02  -2.9476266E+00   1.2350070E+00
   1.3160131E+00   3.6957845E-02  -2.8616416E+00   1.2350540E+00
   1.3196845E+00   1.4708850E-02  -2.7972980E+00   1.2356871E+00
   1.3231416E+00   2.7696578E-02  -2.7586360E+00   1.2357241E+00
   1.3264405E+00   3.3084624E-02  -2.6515036E+00   1.2381110E+00
   1.3295960E+00   2.3063179E-02  -2.5861614E+00   1.2366477E+00
   1.3326280E+00   2.9567879E-02  -2.5850389E+00   1.2372615E+00
   1.3361245E+00   2.1087633E-02  -2.5346358E+00   1.2388145E+00
   1.3394861E+00   2.6237827E-02  -2.3938274E+00   1.2428621E+00
   1.3432146E+00   2.1491161E-02  -2.2657411E+00   1.2458335E+00
   1.3463111E+00   2.6949406E-02  -2.2683382E+00   1.2458439E+00
   1.3493634E+00   2.7463758E-02  -2.3204770E+00   1.2393461E+00
   1.3530622E+00   4.2710107E-02  -2.1941879E+00   1.2440189E+00
   1.3565406E+00   2.7353983E-02  -2.0443501E+00   1.2405040E+00
   1.3597678E+00   2.1841064E-02  -1.9455895E+00   1.2447064E+00
   1.3626888E+00   1.9032821E-02  -1.9445882E+00   1.2404168E+00
   1.3661051E+00   3.2960508E-02  -1.8896911E+00   1.2442153E+00
   1.3695061E+00   2.8175123E-02  -1.8103743E+00   1.2420862E+00
   1.3725297E+00   3.0238474E-02  -1.7037818E+00   1.2463851E+00
   1.3760120E+00   1.4800888E-02  -1.6259437E+00   1.2458510E+00
   1.3796107E+00   3.6402281E-02  -1.5813987E+00   1.2445670E+00
   1.3830796E+00   2.4833847E-02  -1.5375782E+00   1.2457068E+00
   1.3865502E+00   3.1337798E-02  -1.4454488E+00   1.2478163E+00
   1.3898299E+00   2.0760091E-02  -1.3300391E+00   1.2478573E+00
   1.3930205E+00   2.2591533E-02  -1.2705895E+00   1.2440695E+00
   1.3965033E+00   2.2168858E-02  -1.1996374E+00   1.2497473E+00
   1.4000084E+00   1.8040359E-02  -1.1341256E+00   1.2492132E+00
   1.4035285E+00   3.2365732E-02  -1.0034823E+00   1.2494628E+00
   1.4058831E+00   2.3834605E-02  -9.2841846E-01   1.2494764E+00
   1.4094262E+00   2.3302022E-02  -8.6015409E-01   1.2509290E+00
   1.4129797E+00   2.3098070E-02  -8.2551360E-01   1.2526021E+00
   1.4165317E+00   1.1865672E-02  -6.8322432E-01   1.2513580E+00
   1.4200813E+00   2.1758810E-02  -6.2770689E-01   1.2504659E+00
   1.4236289E+00   1.8357122E-02  -5.3537315E-01   1.2513034E+00
   1.4259930E+00   1.8475059E-02  -4.8752895E-01   1.2515324E+00
   1.4295378E+00   1.3156331E-02  -3.7870255E-01   1.2524493E+00
   1.4330812E+00   5.5858598E-04  -2.9636252E-01   1.2531416E+00
   1.4366176E+00   2.0514721E-02  -2.0755999E-01   1.2540065E+00
   1.4400800E+00   1.4425918E-02  -1.1939225E-01   1.2548422E+00
   1.4434971E+00   1.6162122E-02  -5.0332937E-02   1.2549027E+00
   1.4469132E+00   1.3134185E-02   6.0960159E-02   1.2552322E+00
   1.4500437E+00   1.0673946E-02   1.3506529E-01   1.2562195E+00
   1.4532129E+00   1.6655993E-02   2.2826661E-01   1.2569084E+00
   1.4567847E+00   7.3348000E-03   2.5081316E-01   1.2623966E+00
   1.4598179E+00   5.7261577E-03   3.9566708E-01   1.2560856E+00
   1.4631420E+00   1.7429747E-02   4.9132714E-01   1.2564647E+00
   1.4667617E+00  -7.8261393E-04   6.5846282E-01   1.2570580E+00
   1.4696543E+00   1.9061731E-02   6.4810765E-01   1.2563941E+00
   1.4729463E+00   2.0254981E-02   6.6927701E-01   1.2574514E+00
   1.4763306E+00   1.1710241E-02   8.1511605E-01   1.2587847E+00
   1.4803154E+00   1.5300581E-04   9.2237324E-01   1.2588905E+00
   1.4832170E+00  -1.1378918E-03   1.0590353E+00   1.2616711E+00
   1.4865758E+00   1.1222120E-02   1.1122218E+00   1.2631004E+00
   1.4901513E+00   2.1299174E-02   1.1325573E+00   1.2618109E+00
   1.4937685E+00   1.0411930E-02   1.2436841E+00   1.2627102E+00
   1.4961489E+00   2.9576715E-02   1.3116213E+00   1.2638618E+00
   1.4997911E+00   2.2035483E-02   1.4162490E+00   1.2657934E+00
   1.5034406E+00   5.0344281E-03   1.5239789E+00   1.2644086E+00
   1.5070968E+00   6.2603904E-03   1.5729612E+00   1.2662457E+00
   1.5095376E+00   1.4868971E-02   1.6389296E+00   1.2659109E+00
   1.5132035E+00   1.1535169E-02   1.8134375E+00   1.2667781E+00
   1.5168748E+00   2.9846770E-03   1.8746939E+00   1.2656476E+00
   1.5202769E+00   4.1269162E-03   1.9636673E+00   1.2682573E+00
   1.5227302E+00   4.6420773E-03   2.0369229E+00   1.2694577E+00
   1.5260915E+00   4.2454619E-03   2.1245377E+00   1.2698348E+00
   1.5296955E+00   8.1147812E-03   2.2430696E+00   1.2729088E+00
   1.5332624E+00  -2.1316526E-03   2.3121974E+00   1.2775131E+00
   1.5367550E+00   5.9681013E-03   2.4010305E+00   1.2732364E+00
   1.5402912E+00   1.6438453E-02   2.6051669E+00   1.2739527E+00
   1.5432270E+00   9.5296707E-03   2.6577461E+00   1.2757828E+00
   1.5470711E+00   7.3963604E-03   2.6656940E+00   1.2759256E+00
   1.5502807E+00  -4.0184702E-03   2.8115008E+00   1.2769878E+00
   1.5535990E+00   9.8050283E-03   2.8816168E+00   1.2793239E+00
   1.5568455E+00   1.4044527E-02   3.0052843E+00   1.2785307E+00
   1.5600569E+00  -7.5589246E-03   3.0998793E+00   1.2782844E+00
   1.5631269E+00  -1.5684484E-03   3.1605532E+00   1.2815977E+00
   1.5663427E+00   1.4519644E-02   3.2788925E+00   1.2849705E+00
   1.5701162E+00   8.6312471E-03   3.4026988E+00   1.2826729E+00
   1.5733443E+00   1.6675523E-02   3.4223225E+00   1.2974753E+00
   1.5765997E+00   1.5222722E-02   3.5313525E+00   1.2785791E+00
   1.5798601E+00  -3.4665593E-03   3.6307912E+00   1.2981219E+00
   1.5834109E+00   9.7993407E-03   3.6940806E+00   1.2905467E+00
   1.5865821E+00   9.8203477E-03   3.8100848E+00   1.2929196E+00
   1.5903190E+00   2.8577548E-02   3.9933848E+00   1.2962216E+00
   1.5935689E+00  -9.7046737E-03   4.0661693E+00   1.2884942E+00
   1.5967970E+00   4.6739918E-03   4.1359019E+00   1.2972957E+00
   1.6001149E+00   1.6460413E-02   4.1872931E+00   1.2975011E+00
   1.6034416E+00   2.3254657E-02   4.3404016E+00   1.2962300E+00
   1.6067772E+00   1.4319219E-02   4.3981347E+00   1.2997651E+00
   1.6101220E+00  -1.4773018E-02   4.5231991E+00   1.3004948E+00
   1.6130903E+00  -2.4098253E-03   4.6192498E+00   1.3010201E+00
   1.6170666E+00  -8.3510894E-03   4.7177033E+00   1.3027612E+00
   1.6205866E+00  -5.2538137E-03   4.7669373E+00   1.3027892E+00
   1.6229949E+00   3.4623726E-03   4.9103069E+00   1.3032702E+00
   1.6264166E+00  -2.9134576E-03   5.0042796E+00   1.2996873E+00
   1.6305141E+00  -5.9750383E-03   5.1571879E+00   1.3054634E+00
   1.6338129E+00  -5.9625581E-03   5.2531691E+00   1.3059042E+00
   1.6367340E+00   1.1320446E-02   5.2716341E+00   1.3058482E+00
   1.6403326E+00   3.9761737E-03   5.3582349E+00   1.3035278E+00
   1.6439027E+00  -2.1352393E-03   5.5796428E+00   1.3101749E+00
   1.6469046E+00  -1.1266216E-02   5.6683936E+00   1.3194336E+00
   1.6499064E+00  -1.0911779E-03   5.7156668E+00   1.2840877E+00
   1.6536838E+00  -2.7773974E-02   5.8294592E+00   1.3695862E+00
   1.6573260E+00  -9.1551431E-03   5.9317617E+00   1.3264019E+00
   1.6603543E+00  -1.0561226E-02   5.9992270E+00   1.3073976E+00
   1.6633965E+00  -2.1118203E-03   6.1210895E+00   1.3465291E+00
   1.6674700E+00   7.7165077E-03   6.2216830E+00   1.3246528E+00
   1.6705360E+00  -1.9933935E-02   6.3137193E+00   1.3302567E+00
   1.6736021E+00  -5.6707147E-03   6.4686208E+00   1.3333477E+00
   1.6766231E+00  -7.9031130E-03   6.5343289E+00   1.3348011E+00
   1.6805526E+00  -2.4766417E-02   6.6346531E+00   1.3353523E+00
   1.6835258E+00   1.4869548E-02   6.7164335E+00   1.3402088E+00
   1.6865879E+00   3.9052768E-03   6.7761049E+00   1.3408847E+00
   1.6906624E+00  -2.9479593E-02   6.9034548E+00   1.3435905E+00
   1.6936148E+00  -1.0408679E-03   7.0522780E+00   1.3479344E+00
   1.6974169E+00  -3.6438103E-03   7.1096363E+00   1.3508466E+00
   1.7001898E+00  -1.7010951E-02   7.1755204E+00   1.3525368E+00
   1.7037952E+00  -2.9439066E-02   7.2467647E+00   1.3551052E+00
   1.7073132E+00  -8.4264344E-03   7.3629150E+00   1.3577256E+00
   1.7107453E+00  -1.6934201E-02   7.4803886E+00   1.3596005E+00
   1.7140937E+00  -4.9592769E-03   7.5536146E+00   1.3616153E+00
   1.7173743E+00  -2.3262372E-02   7.6487327E+00   1.3652314E+00
   1.7205921E+00   2.7242589E-03   7.7444916E+00   1.3666631E+00
   1.7237464E+00  -1.4015982E-02   7.8073807E+00   1.3704025E+00
   1.7268457E+00  -1.1838590E-02   7.9045973E+00   1.3724375E+00
   1.7306414E+00  -7.0954179E-03   8.0099869E+00   1.3759824E+00
   1.7336231E+00  -5.6133216E-04   8.0777922E+00   1.3792833E+00
   1.7372891E+00   9.7930916E-03   8.1588354E+00   1.3822346E+00
   1.7401743E+00  -3.0996537E-02   8.2525101E+00   1.3853576E+00
   1.7437208E+00  -1.7360959E-02   8.3398838E+00   1.3879087E+00
   1.7472054E+00  -3.7081815E-02   8.4286308E+00   1.3874793E+00
   1.7505354E+00   6.4880298E-03   8.4772968E+00   1.3934798E+00
   1.7537345E+00  -1.1153884E-02   8.6214476E+00   1.3908807E+00
   1.7573575E+00  -8.5346838E-03   8.6616192E+00   1.3987347E+00
   1.7602613E+00  -4.3075900E-03   8.7778530E+00   1.3996167E+00
   1.7638153E+00  -2.8178675E-02   8.8080883E+00   1.3998786E+00
   1.7672691E+00   3.5679509E-04   8.8815384E+00   1.4059764E+00
   1.7705929E+00  -4.5823075E-02   9.0155878E+00   1.4079804E+00
   1.7738719E+00  -8.4520122E-03   9.0814018E+00   1.4113020E+00
   1.7772168E+00   6.3391253E-02   9.1308212E+00   1.4134051E+00
   1.7804826E+00  -9.2600277E-03   9.1704273E+00   1.4189767E+00
   1.7838055E+00  -2.9495941E-02   9.3704872E+00   1.4160864E+00
   1.7870679E+00  -5.5552397E-02   9.2220125E+00   1.4230154E+00
   1.7902541E+00  -2.8661085E-02   9.4304476E+00   1.4215853E+00
   1.7941092E+00  -3.5798669E-02   9.4369144E+00   1.4254926E+00
   1.7970929E+00  -1.6554469E-02   9.5334530E+00   1.4328017E+00
   1.8007197E+00  -2.3128390E-02   9.6142750E+00   1.4320873E+00
   1.8038042E+00  -1.7411947E-02   9.5938473E+00   1.4361911E+00
   1.8068932E+00  -2.7780836E-02   9.6449871E+00   1.4339221E+00
   1.8110067E+00  -6.7860922E-03   9.7292252E+00   1.4371547E+00
   1.8140882E+00  -1.2962132E-02   9.8445387E+00   1.4491016E+00
   1.8171675E+00  -7.3037422E-03   9.8672581E+00   1.4580245E+00
   1.8206369E+00  -1.1119152E-02   9.8696012E+00   1.4741111E+00
   1.8244915E+00  -1.3406386E-02   9.8982811E+00   1.4401670E+00
   1.8275723E+00  -1.6055886E-02   1.0017369E+01   1.4591854E+00
   1.8306543E+00   1.5633132E-02   1.0049544E+01   1.4554764E+00
   1.8337386E+00  -3.0569645E-02   1.0100515E+01   1.4604347E+00
   1.8376868E+00  -8.9803338E-03   1.0196925E+01   1.4608436E+00
   1.8404713E+00  -3.0050881E-02   1.0167465E+01   1.4592471E+00
   1.8441652E+00  -1.9977413E-02   1.0251954E+01   1.4490554E+00
   1.8469739E+00  -2.8022278E-02   1.0298805E+01   1.4694034E+00
   1.8510745E+00  -2.6084235E-04   1.0351683E+01   1.4568794E+00
   1.8538511E+00  -2.3162499E-02   1.0390901E+01   1.4603733E+00
   1.8577813E+00  -9.8461844E-03   1.0459282E+01   1.4603825E+00
   1.8608880E+00  -8.2751494E-03   1.0483762E+01   1.4536731E+00
   1.8641574E+00  -5.7820994E-03   1.0544370E+01   1.4667122E+00
   1.8677168E+00  -1.7082967E-02   1.0540928E+01   1.4379920E+00
   1.8703085E+00  -1.0770306E-02   1.0562686E+01   1.4414546E+00
   1.8740202E+00  -9.4030201E-03   1.0614915E+01   1.4387257E+00
   1.8775910E+00  -5.2411631E-03   1.0687132E+01   1.4414467E+00
   1.8806742E+00  -8.2184020E-03   1.0724753E+01   1.4316050E+00
   1.8840936E+00   3.2152366E-02   1.0728415E+01   1.4343292E+00
   1.8873425E+00  -5.2045579E-03   1.0798402E+01   1.4320180E+00
   1.8906174E+00  -8.1942724E-03   1.0778642E+01   1.4343907E+00
   1.8937753E+00   2.4945065E-02   1.0830406E+01   1.4315521E+00
   1.8975056E+00   7.6663420E-03   1.0832095E+01   1.4241412E+00
   1.9011624E+00   2.9018897E-04   1.0878685E+01   1.4393628E+00
   1.9040611E+00   2.6816951E-02   1.0885459E+01   1.4365195E+00
   1.9076837E+00  -1.7770715E-02   1.0918818E+01   1.4635937E+00
   1.9105705E+00   9.8691592E-03   1.0914674E+01   1.4180104E+00
   1.9141275E+00   6.5045841E-03   1.0937193E+01   1.4186487E+00
   1.9176321E+00   8.6533260E-03   1.0927666E+01   1.4166617E+00
   1.9210916E+00  -1.9875668E-02   1.0964694E+01   1.3993973E+00
   1.9245173E+00   5.8224902E-02   1.1007250E+01   1.4098220E+00
   1.9272330E+00   8.0100009E-03   1.0996221E+01   1.4110467E+00
   1.9305937E+00   2.5252864E-02   1.0984348E+01   1.4131340E+00
   1.9339192E+00   1.6919740E-02   1.0983957E+01   1.4155893E+00
   1.9378722E+00   1.4140929E-02   1.0994302E+01   1.4191579E+00
   1.9411449E+00   1.9720959E-02   1.0996163E+01   1.4199580E+00
   1.9444064E+00   7.6094186E-03   1.1013373E+01   1.4154357E+00
   1.9476618E+00   1.3906832E-02   1.1029834E+01   1.4225762E+00
   1.9509131E+00   1.2862249E-02   1.1008064E+01   1.4203742E+00
   1.9541601E+00   2.0868311E-02   1.1014261E+01   1.4190511E+00
   1.9574060E+00   1.0488517E-02   1.1024933E+01   1.4175826E+00
   1.9606501E+00   1.3310394E-02   1.1031711E+01   1.4158136E+00
   1.9645408E+00   4.0784143E-02   1.1016468E+01   1.4137434E+00
   1.9677767E+00   3.6543883E-02   1.1019861E+01   1.4141129E+00
   1.9710025E+00   4.2106342E-02   1.1028354E+01   1.4146508E+00
   1.9742291E+00  -9.8393243E-03   1.0941092E+01   1.4182794E+00
   1.9776176E+00   3.7696298E-02   1.0989413E+01   1.4190978E+00
   1.9812069E+00   3.8239874E-02   1.0945010E+01   1.4192048E+00
   1.9844426E+00   1.1205442E-02   1.0903495E+01   1.4197733E+00
   1.9876816E+00   4.2164590E-02   1.0863400E+01   1.4098452E+00
   1.9909279E+00   4.9700126E-02   1.0738067E+01   1.4163667E+00
   1.9941158E+00   2.1407165E-02   1.0775239E+01   1.4074459E+00
   1.9978650E+00   6.4662313E-03   1.0747375E+01   1.4077635E+00
   2.0013692E+00   7.9273187E-02   1.0590526E+01   1.4069914E+00
   2.0042751E+00  -6.7131482E-02   1.0534493E+01   1.3985995E+00
   2.0078096E+00   6.1980113E-02   1.0524240E+01   1.4086955E+00
   2.0106940E+00   1.7595490E-02   1.0599220E+01   1.4055593E+00
   2.0143099E+00   5.3968843E-02   1.0516829E+01   1.4058297E+00
   2.0175760E+00   4.4344883E-02   1.0440708E+01   1.4022287E+00
   2.0212913E+00   1.7985886E-02   1.0319144E+01   1.4005833E+00
   2.0241003E+00   6.3002698E-02   1.0220323E+01   1.3943447E+00
   2.0278637E+00   2.8185731E-02   1.0180345E+01   1.3919868E+00
   2.0307002E+00   5.4599818E-02   1.0135988E+01   1.3912367E+00
   2.0344965E+00   6.8726107E-02   1.0094997E+01   1.3836786E+00
   2.0373375E+00   1.1072667E-02   9.9902277E+00   1.3844662E+00
   2.0410750E+00   6.9454134E-02   9.8860407E+00   1.3806770E+00
   2.0447378E+00  -1.9271757E-03   9.7938442E+00   1.3827333E+00
   2.0474522E+00   4.1964024E-02   9.7272673E+00   1.3623914E+00
   2.0510457E+00   5.8130547E-02   9.6494846E+00   1.3837457E+00
   2.0546210E+00   7.9943407E-03   9.4981661E+00   1.3456584E+00
   2.0580010E+00   2.9879278E-02   9.4523144E+00   1.3695581E+00
   2.0610931E+00   8.4897347E-02   9.3894472E+00   1.3543831E+00
   2.0642543E+00   1.4029867E-02   9.2924795E+00   1.3512331E+00
   2.0676427E+00   2.0141736E-02   9.0958700E+00   1.3368433E+00
   2.0715184E+00   2.7915474E-02   8.9677048E+00   1.3338146E+00
   2.0748124E+00   1.3655551E-02   8.8380842E+00   1.3164032E+00
   2.0780900E+00  -1.3024686E-02   8.7207747E+00   1.3272310E+00
   2.0813746E+00   2.2281485E-02   8.6451054E+00   1.2972864E+00
   2.0846646E+00  -3.2765709E-02   8.4907084E+00   1.2928414E+00
   2.0877755E+00  -3.0407428E-03   8.3755493E+00   1.2980304E+00
   2.0914721E+00  -1.5865483E-03   8.1825457E+00   1.2919921E+00
   2.0944288E+00   5.3117485E-03   8.0758905E+00   1.2797003E+00
   2.0976863E+00  -1.2303834E-02   7.9925294E+00   1.2772204E+00
   2.1009254E+00   4.2970497E-03   7.8984742E+00   1.2669604E+00
   2.1049554E+00  -2.8686880E-03   7.6444120E+00   1.2668610E+00
   2.1079214E+00  -5.8900401E-02   7.5654454E+00   1.2578872E+00
   2.1116195E+00   2.2377297E-02   7.3488808E+00   1.2564365E+00
   2.1147697E+00  -2.4332043E-02   7.2137675E+00   1.2463291E+00
   2.1176817E+00  -6.9544293E-02   7.2304239E+00   1.2373457E+00
   2.1214092E+00   1.0118162E-01   6.8470116E+00   1.2339849E+00
   2.1246703E+00  -1.8270403E-02   6.7401452E+00   1.2285691E+00
   2.1278169E+00  -8.4353397E-03   6.7253075E+00   1.2346742E+00
   2.1309352E+00  -2.1042690E-02   6.6188231E+00   1.2232136E+00
   2.1347170E+00  -7.5080499E-02   6.3710408E+00   1.2145935E+00
   2.1377184E+00   1.5217537E-01   5.9275222E+00   1.2211064E+00
   2.1414731E+00  -2.2998152E-02   6.1017008E+00   1.1957548E+00
   2.1444788E+00  -1.3091606E-02   5.9692993E+00   1.2140586E+00
   2.1478629E+00  -4.2233914E-02   5.7598791E+00   1.1987365E+00
   2.1516249E+00  -2.4291566E-02   5.5344605E+00   1.1861778E+00
   2.1546564E+00  -5.8878469E-03   5.3380790E+00   1.1854768E+00
   2.1576972E+00  -3.8967777E-02   5.2747574E+00   1.1819600E+00
   2.1615281E+00  -3.1732783E-02   5.0550613E+00   1.1757638E+00
   2.1646354E+00  -3.8462337E-02   4.9300547E+00   1.1726034E+00
   2.1677935E+00  -4.4559106E-02   4.8065925E+00   1.1724735E+00
   2.1717024E+00  -3.8936708E-02   4.5829144E+00   1.1659020E+00
   2.1749053E+00  -1.2112273E-01   4.3258200E+00   1.1641246E+00
   2.1781516E+00  -1.9711724E-02   4.2334328E+00   1.1593815E+00
   2.1814444E+00  -1.0283810E-01   4.0657411E+00   1.1526450E+00
   2.1848116E+00  -5.0014298E-02   3.9426289E+00   1.1532713E+00
   2.1882522E+00  -5.8854707E-02   3.7829280E+00   1.1516219E+00
   2.1917827E+00  -4.2328347E-02   3.5160251E+00   1.1465458E+00
   2.1944504E+00  -1.3383143E-01   3.3948956E+00   1.1495136E+00
   2.1980190E+00  -1.9703703E-02   3.2603071E+00   1.1420637E+00
   2.2016075E+00  -7.5515039E-02   3.0809255E+00   1.1365978E+00
   2.2052217E+00  -4.9029026E-02   2.8886650E+00   1.1377205E+00
   2.2079382E+00  -8.3555713E-02   2.7890751E+00   1.1373255E+00
   2.2115676E+00  -7.3693059E-02   2.5852475E+00   1.1318599E+00
   2.2152088E+00  -9.1828875E-02   2.3679726E+00   1.1315483E+00
   2.2179437E+00  -8.9281455E-02   2.2290165E+00   1.1324638E+00
   2.2216148E+00  -9.4272308E-02   2.0866725E+00   1.1303425E+00
   2.2243800E+00  -1.0305301E-01   1.8873297E+00   1.1313173E+00
   2.2280819E+00  -9.0583652E-02   1.7605774E+00   1.1270076E+00
   2.2318356E+00  -8.7981701E-02   1.5347917E+00   1.1261833E+00
   2.2346773E+00  -1.0360756E-01   1.3997730E+00   1.1257669E+00
   2.2384975E+00  -1.0822251E-01   1.2660582E+00   1.1260562E+00
   2.2413797E+00  -8.5034885E-02   1.1027696E+00   1.1237619E+00
   2.2452536E+00  -8.1957594E-02   9.0833783E-01   1.1236241E+00
   2.2481842E+00  -7.3612407E-02   7.3241597E-01   1.1206319E+00
   2.2511432E+00  -8.0370180E-02   5.8690286E-01   1.1224515E+00
   2.2551215E+00  -6.4701758E-02   3.7320080E-01   1.1205231E+00
   2.2581604E+00  -6.6248760E-02   2.7884132E-01   1.1250982E+00
   2.2612309E+00  -8.9551754E-02   1.4341736E-01   1.1186363E+00
   2.2653956E+00  -5.2938342E-02  -1.0806832E-01   1.1221844E+00
   2.2685647E+00  -7.9283193E-02  -2.2874679E-01   1.1207891E+00
   2.2717133E+00  -6.1517287E-02  -3.1067505E-01   1.1244997E+00
   2.2746665E+00  -6.5143690E-02  -4.7036850E-01   1.1226828E+00
   2.2777886E+00  -8.3963491E-02  -6.9655776E-01   1.1264901E+00
   2.2820110E+00  -4.1123871E-02  -8.0609548E-01   1.1243209E+00
   2.2851491E+00  -7.8819938E-02  -1.0099062E+00   1.1199503E+00
   2.2882566E+00  -5.5786204E-02  -1.0404257E+00   1.1271017E+00
   2.2913432E+00  -6.7034312E-02  -1.2340205E+00   1.1279079E+00
   2.2954173E+00  -6.2075011E-02  -1.3728591E+00   1.1289330E+00
   2.2984412E+00  -7.1742155E-02  -1.5885968E+00   1.1271449E+00
   2.3014529E+00  -5.2517500E-02  -1.7393876E+00   1.1315985E+00
   2.3053811E+00  -4.1118290E-02  -1.8862935E+00   1.1325628E+00
   2.3082602E+00  -3.6479916E-02  -2.0009120E+00   1.1350542E+00
   2.3121064E+00  -3.9076835E-02  -2.1144705E+00   1.1366930E+00
   2.3149884E+00  -5.0990731E-02  -2.2899015E+00   1.1341147E+00
   2.3187504E+00  -7.9861283E-02  -2.3584313E+00   1.1366822E+00
   2.3215723E+00  -5.4278966E-02  -2.5039165E+00   1.1349539E+00
   2.3252172E+00  -5.5208899E-02  -2.7249868E+00   1.1367207E+00
   2.3283849E+00  -5.1678922E-02  -2.7930930E+00   1.1367539E+00
   2.3315048E+00  -8.4665388E-02  -2.9541848E+00   1.1382971E+00
   2.3353515E+00  -2.3348290E-02  -3.1863396E+00   1.1384509E+00
   2.3383560E+00  -8.3129689E-02  -3.2918956E+00   1.1355156E+00
   2.3420868E+00  -8.0027461E-02  -3.3151166E+00   1.1367598E+00
   2.3450880E+00  -6.7823403E-02  -3.3903894E+00   1.1344427E+00
   2.3481569E+00  -5.2950457E-02  -3.5856977E+00   1.1350948E+00
   2.3520389E+00  -6.1374549E-02  -3.7671566E+00   1.1344779E+00
   2.3552151E+00  -5.8404591E-02  -3.8643835E+00   1.1350524E+00
   2.3584583E+00  -4.6759970E-02  -3.9308441E+00   1.1346407E+00
   2.3617704E+00  -6.4669676E-02  -4.0360126E+00   1.1375755E+00
   2.3651736E+00  -5.8619201E-02  -4.2154746E+00   1.1373773E+00
   2.3686607E+00  -6.9891021E-02  -4.3194575E+00   1.1359636E+00
   2.3722491E+00  -7.0610128E-02  -4.3784056E+00   1.1375693E+00
   2.3749969E+00  -5.4583777E-02  -4.5161538E+00   1.1338127E+00
   2.3788004E+00  -1.4803329E-01  -4.6308165E+00   1.1362454E+00
   2.3817379E+00  -8.6513147E-02  -4.7013254E+00   1.1391314E+00
   2.3847065E+00  -6.1404195E-02  -4.7840796E+00   1.1333240E+00
   2.3887441E+00  -6.7866050E-02  -4.8959513E+00   1.1360890E+00
   2.3917582E+00  -7.7793196E-02  -4.9784875E+00   1.1335000E+00
   2.3947611E+00  -3.6249112E-02  -5.0868545E+00   1.1265479E+00
   2.3987565E+00  -5.2899171E-02  -5.2092085E+00   1.1337572E+00
   2.4017475E+00  -6.0187150E-02  -5.2930636E+00   1.1350975E+00
   2.4047363E+00  -7.7518620E-02  -5.3996897E+00   1.1332961E+00
   2.4087217E+00  -8.2197651E-02  -5.4395847E+00   1.1343322E+00
   2.4116066E+00  -8.0006525E-02  -5.5509491E+00   1.1329727E+00
   2.4156044E+00  -1.1709982E-01  -5.6251121E+00   1.1392460E+00
   2.4186115E+00  -5.0949544E-02  -5.7336922E+00   1.1362205E+00
   2.4216557E+00  -7.6455429E-02  -5.8446941E+00   1.1355305E+00
   2.4257317E+00  -2.7888896E-02  -5.9332705E+00   1.1413271E+00
   2.4285769E+00  -9.8639973E-02  -6.0144048E+00   1.1412357E+00
   2.4315624E+00  -6.9602020E-02  -6.0764613E+00   1.1427791E+00
   2.4353850E+00  -7.1569294E-02  -6.1823606E+00   1.1418717E+00
   2.4382548E+00  -7.4761301E-02  -6.2669578E+00   1.1413473E+00
   2.4419732E+00  -4.0030118E-02  -6.3424096E+00   1.1431375E+00
   2.4455631E+00  -9.4130054E-02  -6.3999915E+00   1.1400702E+00
   2.4484136E+00  -6.6136330E-02  -6.4705439E+00   1.1402225E+00
   2.4522176E+00  -7.2087035E-02  -6.5769434E+00   1.1366155E+00
   2.4550326E+00  -9.0729073E-02  -6.6168938E+00   1.1333883E+00
   2.4587371E+00  -6.5033481E-02  -6.7242742E+00   1.1296860E+00
   2.4623923E+00  -6.0212497E-02  -6.7941914E+00   1.1264975E+00
   2.4649484E+00  -9.7047456E-02  -6.8503900E+00   1.1226195E+00
   2.4683673E+00  -7.5936548E-02  -6.8659573E+00   1.1209595E+00
   2.4721608E+00  -1.4939710E-02  -6.9068446E+00   1.1176506E+00
   2.4755530E+00  -4.3618146E-02  -7.0110965E+00   1.1190996E+00
   2.4790783E+00  -7.5757273E-02  -7.0741839E+00   1.1167817E+00
   2.4821961E+00  -7.2415806E-02  -7.1195493E+00   1.1174635E+00
   2.4852414E+00  -5.9049122E-02  -7.2181902E+00   1.1104461E+00
   2.4888585E+00  -2.3556460E-02  -7.2280726E+00   1.1117704E+00
   2.4921093E+00  -3.6822736E-02  -7.2940111E+00   1.1142905E+00
   2.4951978E+00  -2.1426421E-02  -7.2935562E+00   1.1089274E+00
   2.4984708E+00  -3.5418950E-02  -7.3597760E+00   1.1100661E+00
   2.5018954E+00  -7.2181270E-02  -7.3665032E+00   1.1143087E+00
   2.5053337E+00   1.0975706E-02  -7.4084926E+00   1.1146879E+00
   2.5089021E+00  -6.3006125E-02  -7.4264021E+00   1.1107891E+00
   2.5124025E+00   5.1945116E-02  -7.4455514E+00   1.1180402E+00
   2.5155673E+00   1.1347080E-02  -7.4633555E+00   1.1218336E+00
   2.5187488E+00  -4.1572955E-02  -7.5043845E+00   1.1215024E+00
   2.5221322E+00  -2.3426294E-02  -7.5048676E+00   1.1226242E+00
   2.5258183E+00  -1.7613700E-02  -7.5226355E+00   1.1275949E+00
   2.5285780E+00  -5.6589831E-02  -7.5275483E+00   1.1295242E+00
   2.5322411E+00  -4.9761232E-02  -7.5478768E+00   1.1241549E+00
   2.5358958E+00   8.1043374E-03  -7.4611225E+00   1.1305734E+00
   2.5386133E+00  -5.9766289E-02  -7.5398369E+00   1.1227682E+00
   2.5424263E+00   6.4971849E-02  -7.5707455E+00   1.1172860E+00
   2.5459220E+00  -5.8451839E-02  -7.5577898E+00   1.1297060E+00
   2.5492527E+00  -4.9856544E-02  -7.5698676E+00   1.1258125E+00
   2.5519567E+00  -6.5920770E-02  -7.5073786E+00   1.1358780E+00
   2.5552003E+00  -2.9260008E-02  -7.5404458E+00   1.1427280E+00
   2.5588610E+00  -7.2481453E-02  -7.5201302E+00   1.1392782E+00
   2.5621364E+00  -2.3753339E-02  -7.5231066E+00   1.1474068E+00
   2.5657539E+00  -2.6570503E-02  -7.4771543E+00   1.1401080E+00
   2.5684969E+00   2.3282820E-02  -7.4364276E+00   1.1443292E+00
   2.5721557E+00  -8.4018748E-04  -7.4334006E+00   1.1358677E+00
   2.5757594E+00  -1.1060665E-02  -7.3813396E+00   1.1444577E+00
   2.5791347E+00  -6.7807391E-02  -7.4073505E+00   1.1442565E+00
   2.5824752E+00   1.3219860E-02  -7.4306488E+00   1.1468275E+00
   2.5853181E+00  -4.8186440E-02  -7.3527460E+00   1.1462975E+00
   2.5889177E+00  -7.1889378E-02  -7.3534393E+00   1.1490716E+00
   2.5921545E+00  -2.3574779E-02  -7.3402596E+00   1.1484882E+00
   2.5955851E+00  -1.2699330E-02  -7.2665639E+00   1.1502603E+00
   2.5990121E+00  -3.1338438E-02  -7.2037106E+00   1.1510811E+00
   2.6024432E+00  -4.7358952E-02  -7.2740402E+00   1.1529261E+00
   2.6059458E+00  -2.5325486E-02  -7.2187376E+00   1.1537482E+00
   2.6086156E+00   2.1675460E-03  -7.1548119E+00   1.1535683E+00
   2.6121743E+00  -2.3441385E-03  -7.1341109E+00   1.1516885E+00
   2.6157594E+00  -2.2894075E-02  -7.1080761E+00   1.1534836E+00
   2.6193581E+00   1.2641651E-02  -7.0578289E+00   1.1491213E+00
   2.6227584E+00   1.5400919E-02  -7.0463805E+00   1.1466584E+00
   2.6254647E+00   5.0598839E-03  -6.9834070E+00   1.1444672E+00
   2.6291099E+00  -1.6029749E-02  -6.9412422E+00   1.1456686E+00
   2.6326528E+00  -1.8169383E-02  -6.8667574E+00   1.1510592E+00
   2.6354852E+00  -1.3764970E-02  -6.8502202E+00   1.1466277E+00
   2.6392913E+00   6.2236455E-03  -6.8032036E+00   1.1427536E+00
   2.6421437E+00  -2.3631034E-03  -6.7429681E+00   1.1423633E+00
   2.6459744E+00  -3.1045897E-02  -6.7084479E+00   1.1473128E+00
   2.6488714E+00  -1.7078357E-02  -6.7032142E+00   1.1503022E+00
   2.6526988E+00   3.2580350E-02  -6.6283445E+00   1.1512562E+00
   2.6562371E+00  -2.5612423E-02  -6.5249104E+00   1.1546944E+00
   2.6591239E+00  -1.4512933E-02  -6.5433049E+00   1.1547657E+00
   2.6627767E+00   3.4381609E-02  -6.4921069E+00   1.1593357E+00
   2.6655886E+00  -3.0557351E-02  -6.4228907E+00   1.1565334E+00
   2.6695738E+00  -4.1853394E-02  -6.3843131E+00   1.1605296E+00
   2.6725552E+00  -1.5466074E-02  -6.3666482E+00   1.1638834E+00
   2.6755204E+00  -1.4280097E-02  -6.2803555E+00   1.1653620E+00
   2.6791625E+00  -1.6424203E-02  -6.1881657E+00   1.1649350E+00
   2.6826715E+00  -4.6600248E-03  -6.1907592E+00   1.1721985E+00
   2.6856453E+00  -1.4551529E-02  -6.1654148E+00   1.1756297E+00
   2.6896229E+00  -6.3393161E-02  -6.0391283E+00   1.1732686E+00
   2.6925673E+00  -1.6629389E-02  -5.9309859E+00   1.1771033E+00
   2.6955297E+00   5.6869751E-03  -5.9147072E+00   1.1792153E+00
   2.6990805E+00  -3.3379450E-02  -5.9464140E+00   1.1773320E+00
   2.7027469E+00  -1.2850630E-02  -5.8686972E+00   1.1812558E+00
   2.7057848E+00  -6.8550645E-03  -5.7437587E+00   1.1833762E+00
   2.7088797E+00  -2.4368756E-02  -5.7142892E+00   1.1835426E+00
   2.7127850E+00  -2.2845406E-02  -5.6444316E+00   1.1840532E+00
   2.7160091E+00   2.2637486E-03  -5.5966554E+00   1.1867944E+00
   2.7192070E+00  -3.2011390E-02  -5.5084124E+00   1.1847917E+00
   2.7223639E+00  -1.2086616E-02  -5.4539609E+00   1.1886815E+00
   2.7255411E+00  -1.5415333E-02  -5.3852701E+00   1.1917042E+00
   2.7287486E+00  -2.1847382E-03  -5.3409986E+00   1.1936717E+00
   2.7330055E+00  -8.0200005E-03  -5.2798271E+00   1.1930166E+00
   2.7361898E+00  -1.2796868E-02  -5.2265048E+00   1.1959645E+00
   2.7393124E+00   4.7271065E-03  -5.1781826E+00   1.1981450E+00
   2.7424734E+00  -2.2719752E-03  -5.0951910E+00   1.1970458E+00
   2.7455659E+00   1.0339063E-02  -5.0248098E+00   1.1995112E+00
   2.7498422E+00   6.4343344E-03  -4.9665780E+00   1.1983023E+00
   2.7530494E+00  -4.1887527E-03  -4.9339061E+00   1.1947588E+00
   2.7562568E+00   1.1954721E-02  -4.9102983E+00   1.1911979E+00
   2.7592728E+00   1.2439797E-03  -4.7407708E+00   1.1966645E+00
   2.7624681E+00  -1.0005459E-02  -4.6448498E+00   1.1962984E+00
   2.7659469E+00   1.2755286E-02  -4.6374850E+00   1.1998403E+00
   2.7694099E+00   5.4654539E-02  -4.6327405E+00   1.2015209E+00
   2.7723300E+00  -7.0502348E-03  -4.6199641E+00   1.2044990E+00
   2.7761707E+00   1.5441458E-02  -4.5644588E+00   1.2051278E+00
   2.7790101E+00   7.4502202E-03  -4.4727025E+00   1.2068818E+00
   2.7824407E+00   1.2837878E-02  -4.4075832E+00   1.1981088E+00
   2.7860794E+00   2.0052992E-02  -4.3364549E+00   1.2065535E+00
   2.7896292E+00   2.0796673E-02  -4.3098297E+00   1.2058659E+00
   2.7923574E+00  -1.8957673E-03  -4.2948966E+00   1.2041099E+00
   2.7959745E+00   5.1645096E-03  -4.1631613E+00   1.2006456E+00
   2.7995648E+00   1.5716089E-02  -4.1680388E+00   1.1964961E+00
   2.8032267E+00   1.4127234E-02  -4.1036315E+00   1.2042707E+00
   2.8063228E+00   3.6235400E-02  -4.0630131E+00   1.2035295E+00
   2.8094866E+00   3.4194216E-02  -4.0124035E+00   1.2048179E+00
   2.8127797E+00   2.1274487E-02  -3.9556236E+00   1.2044200E+00
   2.8159883E+00   2.1856144E-02  -3.9057837E+00   1.2062476E+00
   2.8192406E+00   6.3031822E-02  -3.8247955E+00   1.2068219E+00
   2.8225420E+00   2.5455274E-02  -3.7836759E+00   1.2059406E+00
   2.8263576E+00   1.1492108E-03  -3.7099125E+00   1.2088246E+00
   2.8295882E+00   4.2696716E-03  -3.7379827E+00   1.2082618E+00
   2.8327708E+00   1.4701609E-02  -3.7003126E+00   1.2048030E+00
   2.8366394E+00   1.0878380E-02  -3.5892954E+00   1.2066134E+00
   2.8399982E+00   2.6877316E-02  -3.4752154E+00   1.2013985E+00
   2.8433444E+00   1.1021485E-02  -3.5637078E+00   1.2037627E+00
   2.8466628E+00   9.6865715E-03  -3.6009676E+00   1.2060959E+00
   2.8496139E+00   2.2809098E-03  -3.4890831E+00   1.2074251E+00
   2.8524797E+00   2.6681144E-02  -3.3544734E+00   1.2068442E+00
   2.8564439E+00   2.8191514E-02  -3.2752192E+00   1.2074480E+00
   2.8596582E+00   3.0418031E-02  -3.2609038E+00   1.2088434E+00
   2.8629055E+00   1.6619243E-02  -3.2626200E+00   1.2090037E+00
   2.8659928E+00   1.6776453E-04  -3.2010617E+00   1.2075832E+00
   2.8694365E+00   2.4166714E-02  -3.0601811E+00   1.2072345E+00
   2.8728647E+00   3.2884389E-02  -3.0446332E+00   1.2060206E+00
   2.8758740E+00   3.8321435E-02  -3.0334849E+00   1.2048222E+00
   2.8794904E+00   2.1962726E-02  -3.0662386E+00   1.2038202E+00
   2.8830674E+00   2.1905871E-02  -2.9749663E+00   1.2060075E+00
   2.8861303E+00   4.1486938E-02  -2.8903995E+00   1.2053419E+00
   2.8899205E+00   1.9368002E-02  -2.8406157E+00   1.2038901E+00
   2.8928919E+00   3.2302242E-02  -2.9346454E+00   1.2051651E+00
   2.8958218E+00   5.7290073E-02  -2.7707448E+00   1.2055846E+00
   2.8996646E+00  -2.4277529E-02  -2.5978782E+00   1.2054081E+00
   2.9034445E+00   3.7541196E-02  -2.6208684E+00   1.2071012E+00
   2.9062409E+00   3.4864459E-02  -2.5942302E+00   1.2075483E+00
   2.9100902E+00   3.1352088E-02  -2.5556166E+00   1.2082747E+00
   2.9130709E+00   2.6776649E-02  -2.4950404E+00   1.2078495E+00
   2.9160366E+00   4.7141720E-02  -2.4098504E+00   1.2078706E+00
   2.9194221E+00   2.3630219E-02  -2.3637135E+00   1.2063396E+00
   2.9231594E+00   3.8525969E-02  -2.3141713E+00   1.2066436E+00
   2.9268348E+00   3.5372548E-02  -2.2869530E+00   1.2063619E+00
   2.9297228E+00   3.2107830E-02  -2.2253695E+00   1.2068043E+00
   2.9325769E+00   4.6631217E-02  -2.1600237E+00   1.2070680E+00
   2.9363053E+00   2.6594382E-02  -2.1223307E+00   1.2082385E+00
   2.9399509E+00   4.4683505E-02  -2.0536220E+00   1.2088748E+00
   2.9426339E+00   4.7524773E-02  -2.0215733E+00   1.2095449E+00
   2.9462943E+00   4.0883444E-02  -1.9382430E+00   1.2109848E+00
   2.9499998E+00   3.4751486E-02  -1.8801422E+00   1.2137232E+00
   2.9527617E+00   3.8478907E-02  -1.8462007E+00   1.2116432E+00
   2.9561820E+00   5.3860608E-02  -1.8592062E+00   1.2116013E+00
   2.9600856E+00   3.7814584E-02  -1.7289470E+00   1.2125815E+00
   2.9627926E+00   4.1791979E-02  -1.6738110E+00   1.2128664E+00
   2.9664743E+00   3.9838850E-02  -1.6013691E+00   1.2131402E+00
   2.9700720E+00   3.3588327E-02  -1.5690958E+00   1.2129807E+00
   2.9727421E+00   4.1387238E-02  -1.5425502E+00   1.2133383E+00
   2.9762762E+00   3.8517728E-02  -1.4857019E+00   1.2139686E+00
   2.9797857E+00   4.0706839E-02  -1.3903738E+00   1.2148999E+00
   2.9832728E+00   5.4402154E-02  -1.3440930E+00   1.2152005E+00
   2.9867387E+00   4.6541169E-02  -1.2741535E+00   1.2156589E+00
   2.9901841E+00   2.9976234E-02  -1.2742045E+00   1.2161707E+00
   2.9927549E+00   5.0348788E-02  -1.2142830E+00   1.2171618E+00
   2.9961660E+00   7.9234816E-02  -1.1525865E+00   1.2184898E+00
   2.9995587E+00   3.3564027E-02  -1.0753934E+00   1.2189941E+00
   3.0029333E+00   5.5121250E-02  -1.0317852E+00   1.2199166E+00
   3.0062904E+00   5.1453523E-02  -9.9243903E-01   1.2202147E+00
   3.0096307E+00   7.1907334E-02  -9.1852087E-01   1.2207905E+00
   3.0129542E+00   4.7839332E-02  -8.1652057E-01   1.2219591E+00
   3.0162616E+00   4.9545795E-02  -8.0775851E-01   1.2213886E+00
   3.0195529E+00   5.4602176E-02  -7.4060732E-01   1.2229149E+00
   3.0236447E+00   4.8333909E-02  -6.9121134E-01   1.2237139E+00
   3.0269003E+00   6.5181158E-02  -6.0679817E-01   1.2250317E+00
   3.0301406E+00   5.9009869E-02  -5.6488347E-01   1.2262162E+00
   3.0333655E+00   6.1089475E-02  -5.3457099E-01   1.2271353E+00
   3.0365756E+00   6.0408436E-02  -4.3416962E-01   1.2285385E+00
   3.0397708E+00   6.0707629E-02  -3.9837131E-01   1.2293402E+00
   3.0429518E+00   5.5497501E-02  -3.6624679E-01   1.2300845E+00
   3.0469081E+00   3.5780229E-02  -3.0027759E-01   1.2317115E+00
   3.0500579E+00   6.7092806E-02  -2.4151291E-01   1.2320300E+00
   3.0531943E+00   5.0178792E-02  -1.7072202E-01   1.2333205E+00
   3.0563176E+00   5.3698793E-02  -1.1571356E-01   1.2343192E+00
   3.0602038E+00   6.6869639E-02  -7.7058360E-02   1.2352433E+00
   3.0632989E+00   5.0405949E-02  -2.2657387E-02   1.2320914E+00
   3.0663819E+00   6.3289434E-02  -3.2204404E-03   1.2364696E+00
   3.0702188E+00   4.3854740E-02   1.2696390E-01   1.2391444E+00
   3.0732756E+00   4.0726729E-02   1.8868516E-01   1.2402637E+00
   3.0763211E+00   4.4584490E-02   1.9413531E-01   1.2413758E+00
   3.0801129E+00   6.0977798E-02   2.8333771E-01   1.2422960E+00
   3.0831344E+00   2.7618464E-02   3.4463483E-01   1.2445135E+00
   3.0869060E+00   4.7456261E-02   3.8847399E-01   1.2454726E+00
   3.0899312E+00   5.0732311E-02   4.5253798E-01   1.2464147E+00
   3.0937231E+00   3.2836933E-02   5.6053507E-01   1.2484245E+00
   3.0967600E+00   2.8592564E-02   6.0439688E-01   1.2493384E+00
   3.0997975E+00   4.4641856E-02   6.5623808E-01   1.2504823E+00
   3.1035933E+00   3.9840441E-02   7.1473920E-01   1.2520629E+00
   3.1066287E+00   4.1241691E-02   7.6600289E-01   1.2530967E+00
   3.1104214E+00   3.6599543E-02   8.4326053E-01   1.2545611E+00
   3.1134548E+00   3.4069654E-02   9.0433890E-01   1.2557349E+00
   3.1164875E+00   3.6297616E-02   9.3033022E-01   1.2564176E+00
   3.1202781E+00   3.6565505E-02   1.0399376E+00   1.2587049E+00
   3.1233110E+00   5.1620878E-02   1.1059538E+00   1.2594972E+00
   3.1271033E+00   2.3091253E-02   1.1723865E+00   1.2608411E+00
   3.1301379E+00   2.8472109E-02   1.2470688E+00   1.2631027E+00
   3.1331542E+00   2.5789779E-02   1.2939610E+00   1.2643328E+00
   3.1368687E+00   3.3382013E-02   1.3711058E+00   1.2660897E+00
   3.1405244E+00   2.5666570E-02   1.4499630E+00   1.2677462E+00
   3.1434085E+00   4.8374094E-02   1.4961740E+00   1.2690119E+00
   3.1469650E+00   2.7864378E-02   1.5895137E+00   1.2705758E+00
   3.1504695E+00   1.0535798E-02   1.6531783E+00   1.2724773E+00
   3.1532376E+00   2.6403249E-03   1.7357723E+00   1.2731625E+00
   3.1566546E+00   2.0334128E-02   1.7894022E+00   1.2747273E+00
   3.1600256E+00   1.5879374E-02   1.8643552E+00   1.2765970E+00
   3.1633523E+00   1.1657679E-02   1.9221187E+00   1.2787310E+00
   3.1666365E+00   1.5357485E-02   2.0184240E+00   1.2803611E+00
   3.1705239E+00   1.9476086E-02   2.0768447E+00   1.2820381E+00
   3.1737201E+00   2.3397351E-02   2.1579540E+00   1.2836485E+00
   3.1768787E+00   3.5970602E-02   2.2564685E+00   1.2854190E+00
   3.1800008E+00   1.6337601E-02   2.2817495E+00   1.2874107E+00
   3.1837010E+00   1.8033996E-02   2.3871052E+00   1.2883992E+00
   3.1867473E+00   6.6157188E-03   2.4376459E+00   1.2902859E+00
   3.1903598E+00   1.7614083E-02   2.5666602E+00   1.2924374E+00
   3.1933353E+00   2.1982081E-02   2.6219683E+00   1.2937487E+00
   3.1968660E+00   1.9058293E-02   2.6651783E+00   1.2956156E+00
   3.2003541E+00   9.4762528E-03   2.7574930E+00   1.2978884E+00
   3.2038014E+00   1.6870450E-02   2.8887744E+00   1.2993823E+00
   3.2072093E+00   8.3183851E-03   2.9151196E+00   1.3020746E+00
   3.2105792E+00   1.1681350E-02   3.0115852E+00   1.3029311E+00
   3.2139120E+00   2.3448665E-02   3.1041074E+00   1.3047811E+00
   3.2172091E+00   5.2868584E-03   3.1716459E+00   1.3064518E+00
   3.2204716E+00   2.3120651E-03   3.2797163E+00   1.3074182E+00
   3.2237008E+00  -2.7193942E-03   3.3564444E+00   1.3088496E+00
   3.2268972E+00   1.7855478E-02   3.3841712E+00   1.3094203E+00
   3.2305868E+00   1.1693414E-02   3.5002995E+00   1.3108832E+00
   3.2337162E+00   1.9549115E-02   3.5848656E+00   1.3126279E+00
   3.2368159E+00   1.4086747E-02   3.6814480E+00   1.3155478E+00
   3.2403960E+00   2.9757948E-04   3.7740357E+00   1.3177267E+00
   3.2439382E+00   1.9476466E-02   3.8372202E+00   1.3186488E+00
   3.2469451E+00   9.3594631E-03   3.9285522E+00   1.3207036E+00
   3.2504199E+00   4.5570196E-03   4.0281911E+00   1.3232735E+00
   3.2538600E+00   1.3654223E-02   4.1292677E+00   1.3240631E+00
   3.2572665E+00   1.3590184E-02   4.1915383E+00   1.3266906E+00
   3.2606401E+00  -1.8535485E-04   4.2746468E+00   1.3285706E+00
   3.2639821E+00  -3.8091564E-03   4.3621793E+00   1.3299534E+00
   3.2672930E+00   1.4158105E-02   4.4599504E+00   1.3315324E+00
   3.2705739E+00   3.9729439E-03   4.5389743E+00   1.3355616E+00
   3.2738256E+00  -2.4610162E-03   4.6255288E+00   1.3345382E+00
   3.2770488E+00   7.2964020E-03   4.6920209E+00   1.3357881E+00
   3.2802441E+00  -1.9197969E-02   4.7280855E+00   1.3387144E+00
   3.2838628E+00   5.5225673E-03   4.8746033E+00   1.3411767E+00
   3.2870011E+00   9.1008740E-03   4.9581571E+00   1.3428000E+00
   3.2905564E+00  -1.4690564E-04   5.0237103E+00   1.3449523E+00
   3.2936404E+00  -3.5186205E-03   5.1089110E+00   1.3454061E+00
   3.2971354E+00  -8.0095967E-03   5.1894264E+00   1.3473861E+00
   3.3005991E+00  -5.5492163E-04   5.3048940E+00   1.3485353E+00
   3.3040330E+00   2.2367323E-03   5.4027872E+00   1.3519146E+00
   3.3070133E+00  -5.9548439E-03   5.4525771E+00   1.3498980E+00
   3.3103926E+00   4.5653097E-03   5.4693885E+00   1.3509095E+00
   3.3137441E+00  -5.3498731E-03   5.6286087E+00   1.3542541E+00
   3.3170679E+00  -1.0608343E-02   5.6959672E+00   1.3539433E+00
   3.3203652E+00  -3.0841483E-03   5.7618046E+00   1.3526558E+00
   3.3240438E+00  -7.4877683E-03   5.8696136E+00   1.3539057E+00
   3.3272865E+00  -1.3539778E-02   5.9465799E+00   1.3537592E+00
   3.3305044E+00  -9.3191760E-03   6.0106430E+00   1.3550818E+00
   3.3340957E+00  -1.6476018E-02   6.0885444E+00   1.3540181E+00
   3.3372629E+00  -1.4135572E-02   6.1450300E+00   1.3592786E+00
   3.3407984E+00  -1.4281530E-02   6.2391396E+00   1.3580357E+00
