  flscon:  version 23.2.0.01  win64 2022 
 FLOW-3D   22:52:41  03/05/2024 nhtt     
   hydr3d   version  23.2.0.20 win64     12/04/2023 HYDRO    
 Simulation Template: Free Surface - TruVOF (Default)                            

Mesh Block   2
 Block 2: printing hyel         i=42   j=17  k=185 
       1      101      0.000E+00      3.342E+00       42       42       17       17      185      185
   time              hyel_-1
   0.0000000E+00   4.2106521E-01
   3.2569505E-02   4.2536744E-01
   6.6371180E-02   4.3055084E-01
   9.9851765E-02   4.3665239E-01
   1.3426206E-01   4.4404572E-01
   1.6657598E-01   4.5207521E-01
   1.9995764E-01   4.6113688E-01
   2.3431836E-01   4.7008598E-01
   2.6766717E-01   4.7803903E-01
   3.0071697E-01   4.8563609E-01
   3.3396813E-01   4.9262965E-01
   3.6724192E-01   4.9888596E-01
   4.0065160E-01   5.0377095E-01
   4.3475580E-01   5.0668997E-01
   4.6739250E-01   5.0730014E-01
   5.0127262E-01   5.0585496E-01
   5.3501850E-01   5.0263190E-01
   5.6788200E-01   4.9783704E-01
   6.0115927E-01   4.9125513E-01
   6.3464206E-01   4.8324376E-01
   6.6785377E-01   4.7426781E-01
   7.0144975E-01   4.6439388E-01
   7.3493290E-01   4.5422390E-01
   7.6815158E-01   4.4457006E-01
   8.0147970E-01   4.3622601E-01
   8.3500189E-01   4.3000469E-01
   8.6828279E-01   4.2376751E-01
   9.0149820E-01   4.1674563E-01
   9.3542165E-01   4.1074565E-01
   9.6826571E-01   4.0665179E-01
   1.0020280E+00   4.0221569E-01
   1.0352091E+00   3.9720449E-01
   1.0695266E+00   3.9484105E-01
   1.1023855E+00   3.9344507E-01
   1.1354846E+00   3.9258373E-01
   1.1692145E+00   3.9198235E-01
   1.2023839E+00   3.9119792E-01
   1.2359987E+00   3.9123711E-01
   1.2692453E+00   3.9142433E-01
   1.3029391E+00   3.9202893E-01
   1.3358773E+00   3.9379975E-01
   1.3691884E+00   3.9619616E-01
   1.4035519E+00   3.9838201E-01
   1.4360335E+00   4.0098977E-01
   1.4698956E+00   4.0482244E-01
   1.5033543E+00   4.0816543E-01
   1.5369233E+00   4.0989497E-01
   1.5701520E+00   4.1259208E-01
   1.6038910E+00   4.1686741E-01
   1.6367658E+00   4.2058086E-01
   1.6706215E+00   4.2503518E-01
   1.7037599E+00   4.3031406E-01
   1.7372757E+00   4.3605217E-01
   1.7707024E+00   4.4248027E-01
   1.8037715E+00   4.4985673E-01
   1.8377916E+00   4.5810792E-01
   1.8706698E+00   4.6636590E-01
   1.9043688E+00   4.7644475E-01
   1.9374754E+00   4.8475596E-01
   1.9711518E+00   4.9269277E-01
   2.0045114E+00   4.9940288E-01
   2.0375326E+00   5.0425380E-01
   2.0715325E+00   5.0698000E-01
   2.1048205E+00   5.0765747E-01
   2.1378760E+00   5.0622034E-01
   2.1712673E+00   5.0310111E-01
   2.2047641E+00   4.9790132E-01
   2.2384505E+00   4.9257067E-01
   2.2711794E+00   4.8520219E-01
   2.3050950E+00   4.7656992E-01
   2.3384340E+00   4.6696752E-01
   2.3716295E+00   4.5650065E-01
   2.4054949E+00   4.4560149E-01
   2.4383352E+00   4.3576610E-01
   2.4717338E+00   4.2732045E-01
   2.5052090E+00   4.2134762E-01
   2.5388153E+00   4.1358393E-01
   2.5722201E+00   4.0672523E-01
   2.6053634E+00   4.0174088E-01
   2.6387434E+00   3.9550599E-01
   2.6724279E+00   3.9000031E-01
   2.7056236E+00   3.8719949E-01
   2.7393656E+00   3.8539666E-01
   2.7726138E+00   3.8420281E-01
   2.8065093E+00   3.8385540E-01
   2.8391714E+00   3.8361901E-01
   2.8730719E+00   3.8307872E-01
   2.9062929E+00   3.8244209E-01
   2.9398549E+00   3.8186222E-01
   2.9733567E+00   3.8159817E-01
   3.0062642E+00   3.8192171E-01
   3.0398264E+00   3.8298175E-01
   3.0731509E+00   3.8503161E-01
   3.1066582E+00   3.8813224E-01
   3.1400161E+00   3.9131340E-01
   3.1737282E+00   3.9424443E-01
   3.2067068E+00   3.9705941E-01
   3.2403901E+00   4.0045518E-01
   3.2736084E+00   4.0471533E-01
   3.3073518E+00   4.0876305E-01
   3.3416901E+00   4.1314888E-01
