  flscon:  version 23.2.0.01  win64 2022 
 FLOW-3D   15:14:29  02/29/2024 qiqb     
   hydr3d   version  23.2.0.20 win64     12/04/2023 HYDRO    
 Simulation Template: Free Surface - TruVOF (Default)                            

Mesh Block   1
 printing pfxob, pfyob, pfzob       
       1     1002      0.000E+00      4.932E+00
   time              pfxob_1         pfyob_1         pfzob_1
   0.0000000E+00   4.3044554E-04  -2.2186987E+00   5.7881993E-01
   1.9265447E-03   2.1409963E-03   1.7067088E+02   3.4933132E-01
   5.2599404E-03  -1.0078041E-03  -1.9840677E+00   5.7298470E-01
   1.0123503E-02   1.6395060E-03  -1.8614520E+00   5.7416350E-01
   1.5753685E-02   1.4489398E-03  -1.9091750E+00   5.7778168E-01
   1.9991960E-02   1.5410095E-03  -1.9269849E+00   5.7986832E-01
   2.4664657E-02   1.2972327E-03  -1.9434000E+00   5.8162504E-01
   2.9816307E-02   1.5944600E-03  -1.9550806E+00   5.8347511E-01
   3.5448313E-02   1.3934105E-03  -1.9679000E+00   5.8571208E-01
   3.8377989E-02   9.5600315E-04  -1.9741539E+00   5.8648515E-01
   4.4449974E-02   1.2541013E-03  -1.9922463E+00   5.8721948E-01
   5.0862528E-02   8.3457935E-04  -2.0007298E+00   5.8658630E-01
   5.4212611E-02   8.9299661E-04  -2.0038495E+00   5.8697826E-01
   5.7667226E-02   1.1566606E-03  -2.0073845E+00   5.8742625E-01
   6.4404041E-02   2.4185001E-03  -2.0150802E+00   5.8906651E-01
   7.0204660E-02   1.6271548E-03  -2.0282414E+00   5.9125060E-01
   7.3061012E-02  -3.4448455E-04  -2.0393715E+00   5.9077352E-01
   7.8798667E-02  -3.4073964E-04  -2.0544109E+00   5.9167874E-01
   8.4526129E-02   1.7052101E-03  -2.0621753E+00   5.9358191E-01
   8.9447491E-02   6.2668244E-03  -2.0441203E+00   6.0062790E-01
   9.4439298E-02  -9.6408613E-03  -2.1148362E+00   5.9399664E-01
   9.9355817E-02   1.5338596E-02  -2.0537260E+00   6.0200542E-01
   1.0477628E-01   2.2152823E-03  -2.0870564E+00   5.9962326E-01
   1.0769143E-01  -1.0211942E-02  -2.1371074E+00   5.9941965E-01
   1.1338285E-01   6.9967089E-03  -2.0930786E+00   6.0322607E-01
   1.1880376E-01   1.1169882E-03  -2.1165528E+00   6.0284692E-01
   1.2358481E-01  -1.8575345E-03  -2.1395116E+00   6.0405993E-01
   1.2793128E-01   1.1734975E-03  -2.1494544E+00   6.0622168E-01
   1.3252142E-01   1.5549624E-03  -2.1534426E+00   6.0837454E-01
   1.3758203E-01   7.1078475E-04  -2.1546485E+00   6.0997427E-01
   1.4300764E-01  -1.9138677E-04  -2.1610811E+00   6.1105424E-01
   1.4882794E-01   7.0038490E-04  -2.1615336E+00   6.1228412E-01
   1.5195812E-01   5.2427821E-04  -2.1692870E+00   6.1239618E-01
   1.5869586E-01   5.2108208E-04  -2.1850641E+00   6.1360562E-01
   1.6231945E-01   8.9018111E-04  -2.1840129E+00   6.1565298E-01
   1.6612421E-01  -2.6786901E-04  -2.1882365E+00   6.1612135E-01
   1.7202128E-01   1.6487575E-03  -2.1807871E+00   6.1955273E-01
   1.7753510E-01  -2.8653825E-05  -2.1944776E+00   6.2010962E-01
   1.8361410E-01   1.0552294E-04  -2.2064352E+00   6.2196404E-01
   1.8688342E-01   9.1271283E-04  -2.2084956E+00   6.2280768E-01
   1.9392061E-01   1.0540877E-03  -2.1809640E+00   6.2585407E-01
   1.9770524E-01   2.9158150E-04  -2.1869650E+00   6.2591255E-01
   2.0167911E-01   8.2043465E-05  -2.1976357E+00   6.2639034E-01
   2.0554793E-01   3.6784917E-05  -2.2061980E+00   6.2710673E-01
   2.1333097E-01   2.0366963E-03  -2.1879470E+00   6.2991714E-01
   2.1684940E-01   1.1660602E-03  -2.1925902E+00   6.2998521E-01
   2.2020957E-01   3.5647440E-04  -2.1963620E+00   6.3046288E-01
   2.2709481E-01   1.7200493E-04  -2.1978984E+00   6.3228101E-01
   2.3051196E-01   1.3266667E-03  -2.1699934E+00   6.3461930E-01
   2.3751713E-01  -9.8148012E-05  -2.1814609E+00   6.3490695E-01
   2.4128453E-01   1.1397069E-04  -2.1874933E+00   6.3558209E-01
   2.4500985E-01   5.4776826E-04  -2.1907434E+00   6.3658595E-01
   2.5029719E-01   1.3083146E-03  -2.1899152E+00   6.3864845E-01
   2.5602439E-01   1.0201352E-03  -2.1354759E+00   6.4122373E-01
   2.6181078E-01  -4.3338223E-04  -2.1890516E+00   6.4030260E-01
   2.6698667E-01   2.6415479E-03  -2.1495166E+00   6.4312756E-01
   2.7241778E-01  -5.9688772E-04  -2.1599700E+00   6.4457721E-01
   2.7533865E-01  -5.6157931E-04  -2.1613321E+00   6.4544839E-01
   2.8157988E-01   1.9214867E-03  -2.1266551E+00   6.4894933E-01
   2.8472275E-01   7.5972575E-04  -2.1299179E+00   6.4925033E-01
   2.9093271E-01   5.4284919E-04  -2.1420031E+00   6.5055418E-01
   2.9693544E-01   6.3402747E-04  -2.1352949E+00   6.5170026E-01
   2.9996532E-01   9.8874734E-04  -2.1184747E+00   6.5273166E-01
   3.0596420E-01   5.1185669E-04  -2.1220865E+00   6.5433818E-01
   3.1193078E-01   7.2810921E-04  -2.1225307E+00   6.5675879E-01
   3.1490844E-01   1.5959798E-03  -2.0810084E+00   6.5896899E-01
   3.2084775E-01   3.7704033E-04  -2.0954070E+00   6.5933108E-01
   3.2677162E-01   1.1156437E-03  -2.1115515E+00   6.6094351E-01
   3.2973188E-01   1.4809726E-03  -2.1141346E+00   6.6183662E-01
   3.3564445E-01   1.2129395E-03  -2.0839357E+00   6.6345137E-01
   3.4156784E-01   6.5989367E-04  -2.0901718E+00   6.6454822E-01
   3.4453836E-01   1.0956182E-03  -2.0900807E+00   6.6567856E-01
   3.5050696E-01   1.3161007E-03  -2.0810733E+00   6.6767728E-01
   3.5351276E-01   1.7836036E-03  -2.0800841E+00   6.6839296E-01
   3.5956207E-01   1.5974046E-03  -2.0329998E+00   6.7025429E-01
   3.6571789E-01   8.4312615E-04  -2.0601988E+00   6.7036992E-01
   3.6885124E-01   1.2114954E-03  -2.0701828E+00   6.7067808E-01
   3.7520799E-01   2.2333583E-03  -2.0831814E+00   6.7234069E-01
   3.7843186E-01   2.6603662E-03  -2.0748029E+00   6.7298400E-01
   3.8497257E-01   2.7031139E-03  -2.0140870E+00   6.7444336E-01
   3.8828740E-01   1.4440407E-03  -2.0287948E+00   6.7427129E-01
   3.9500237E-01   9.0829929E-04  -2.0542915E+00   6.7511272E-01
   3.9842057E-01   1.4132016E-03  -2.0643864E+00   6.7593712E-01
   4.0485686E-01   4.7700186E-03  -2.0032151E+00   6.7794561E-01
   4.1054660E-01   1.6429943E-03  -2.0136266E+00   6.7735296E-01
   4.1360658E-01   9.5407473E-04  -2.0218394E+00   6.7756951E-01
   4.2002565E-01   9.4295823E-04  -2.0433133E+00   6.7841673E-01
   4.2316493E-01   4.1409540E-03  -2.0237308E+00   6.7995238E-01
   4.2803940E-01   2.5707092E-03  -2.0242894E+00   6.7953163E-01
   4.3419403E-01   1.5084747E-03  -2.0185416E+00   6.7951727E-01
   4.3882713E-01   2.0147951E-03  -2.0115268E+00   6.8076557E-01
   4.4292691E-01   2.7263639E-03  -1.9991766E+00   6.8151903E-01
   4.4836566E-01   2.3096937E-03  -1.9926358E+00   6.8162924E-01
   4.5407546E-01   1.6411073E-03  -1.9945252E+00   6.8264121E-01
   4.5822161E-01   2.2401912E-03  -1.9948391E+00   6.8246877E-01
   4.6279278E-01   2.9926200E-03  -1.9518141E+00   6.8342137E-01
   4.6783248E-01   2.6456004E-03  -1.9593762E+00   6.8257844E-01
   4.7338873E-01   1.9480713E-03  -1.9796070E+00   6.8229455E-01
   4.7947788E-01   2.6397423E-03  -1.9922220E+00   6.8299097E-01
   4.8250613E-01   4.1246465E-03  -1.9425210E+00   6.8452686E-01
   4.8830989E-01   3.2605596E-03  -1.9428458E+00   6.8355137E-01
   4.9412555E-01   2.1120792E-03  -1.9521784E+00   6.8361545E-01
   4.9707964E-01   2.4946227E-03  -1.9547951E+00   6.8405432E-01
   5.0290823E-01   3.5992782E-03  -1.8863847E+00   6.8516761E-01
   5.0862235E-01   1.9937023E-03  -1.9009234E+00   6.8397313E-01
   5.1143956E-01   1.0210266E-03  -1.9148183E+00   6.8370485E-01
   5.1700413E-01   2.7518808E-03  -1.9267431E+00   6.8370926E-01
   5.2246451E-01   3.4452891E-03  -1.9059955E+00   6.8413311E-01
   5.2776778E-01   2.7715943E-03  -1.8710843E+00   6.8416691E-01
   5.3264689E-01   2.4631901E-03  -1.8565806E+00   6.8409234E-01
   5.3755355E-01   2.6893986E-03  -1.8506870E+00   6.8388021E-01
   5.4248708E-01   3.1937773E-03  -1.8078119E+00   6.8444169E-01
   5.4730368E-01   3.0162511E-03  -1.8126178E+00   6.8352020E-01
   5.5196363E-01   3.0641314E-03  -1.8290108E+00   6.8303668E-01
   5.5650657E-01   3.4956716E-03  -1.8321627E+00   6.8291008E-01
   5.6313998E-01   3.0767715E-03  -1.7298040E+00   6.8384498E-01
   5.6749475E-01   1.4740606E-03  -1.8079598E+00   6.8276691E-01
   5.7183552E-01   2.6645376E-03  -1.7940789E+00   6.8279272E-01
   5.7610250E-01   4.5638117E-03  -1.6910195E+00   6.8326926E-01
   5.8213693E-01   1.2355417E-03  -1.7442747E+00   6.8261105E-01
   5.8613002E-01   2.3752106E-03  -1.7553692E+00   6.8252569E-01
   5.9197176E-01   3.2334263E-03  -1.6312387E+00   6.8289167E-01
   5.9572911E-01   2.8038435E-03  -1.6597847E+00   6.8236864E-01
   6.0117298E-01   2.5582977E-03  -1.6949382E+00   6.8251014E-01
   6.0642380E-01   2.9876521E-03  -1.6754270E+00   6.8308860E-01
   6.1155635E-01   2.5129342E-03  -1.6206285E+00   6.8335170E-01
   6.1657780E-01   2.3257453E-03  -1.6066432E+00   6.8310106E-01
   6.2147045E-01   1.9935202E-03  -1.5887345E+00   6.8363929E-01
   6.2624478E-01   2.3466845E-03  -1.5800335E+00   6.8368936E-01
   6.3091892E-01   2.3389561E-03  -1.5715079E+00   6.8369669E-01
   6.3550389E-01   2.6856069E-03  -1.5392584E+00   6.8356180E-01
   6.4153206E-01   3.0443945E-03  -1.5069846E+00   6.8328094E-01
   6.4604610E-01   2.2380431E-03  -1.5299109E+00   6.8341702E-01
   6.5056545E-01   3.1691410E-03  -1.5245005E+00   6.8359452E-01
   6.5510398E-01   1.8681665E-03  -1.4546142E+00   6.8464863E-01
   6.6119277E-01   2.1303189E-03  -1.4398657E+00   6.8535280E-01
   6.6571844E-01   2.0395727E-03  -1.4326295E+00   6.8614495E-01
   6.7010504E-01   2.6375898E-03  -1.4285090E+00   6.8624061E-01
   6.7615807E-01   2.2207233E-03  -1.3760372E+00   6.8610603E-01
   6.8067098E-01   2.8892793E-03  -1.3618408E+00   6.8580347E-01
   6.8515891E-01   2.8351457E-03  -1.3526132E+00   6.8597960E-01
   6.8962616E-01   2.6089775E-03  -1.3591939E+00   6.8609661E-01
   6.9454640E-01   2.2875422E-03  -1.3172128E+00   6.8636328E-01
   7.0002222E-01   1.9558778E-03  -1.3091570E+00   6.8675953E-01
   7.0540977E-01   2.0350858E-03  -1.2651494E+00   6.8695974E-01
   7.0918119E-01   1.9564186E-03  -1.2678576E+00   6.8710005E-01
   7.1501654E-01   2.0859079E-03  -1.2218308E+00   6.8754810E-01
   7.1897215E-01   2.0581684E-03  -1.2237277E+00   6.8793601E-01
   7.2493404E-01   2.0068081E-03  -1.2009614E+00   6.8797565E-01
   7.2881007E-01   2.3365493E-03  -1.1823992E+00   6.8820602E-01
   7.3473740E-01   1.9755166E-03  -1.1760499E+00   6.8814492E-01
   7.3978204E-01   2.6035658E-03  -1.1291013E+00   6.8795097E-01
   7.4511915E-01   1.8913320E-03  -1.1359866E+00   6.8787378E-01
   7.4978501E-01   2.2036459E-03  -1.0985774E+00   6.8774796E-01
   7.5507677E-01   1.9258510E-03  -1.0797354E+00   6.8776083E-01
   7.5906026E-01   1.9255793E-03  -1.0625869E+00   6.8786693E-01
   7.6344162E-01   1.9805757E-03  -1.0218596E+00   6.8779892E-01
   7.6820642E-01   1.6350672E-03  -1.0249127E+00   6.8764806E-01
   7.7299994E-01   1.6796082E-03  -1.0072132E+00   6.8766546E-01
   7.8013563E-01   1.8114997E-03  -9.5245075E-01   6.8782389E-01
   7.8485847E-01   1.7029254E-03  -9.6301138E-01   6.8777347E-01
   7.8955644E-01   1.4966262E-03  -9.6136504E-01   6.8769962E-01
   7.9423237E-01   1.8032615E-03  -8.9853150E-01   6.8794030E-01
   7.9888934E-01   1.7181202E-03  -8.9360762E-01   6.8779564E-01
   8.0353034E-01   1.7258531E-03  -8.7839097E-01   6.8775785E-01
   8.0827630E-01   1.2348108E-03  -7.7735484E-01   6.8808168E-01
   8.1350875E-01   1.5411047E-03  -8.0204308E-01   6.8777740E-01
   8.1927752E-01   1.3281503E-03  -8.1119835E-01   6.8759876E-01
   8.2230747E-01   1.2359149E-03  -8.0617470E-01   6.8753320E-01
   8.2837218E-01   1.0060419E-03  -7.6116574E-01   6.8752939E-01
   8.3444524E-01   6.7856000E-04  -6.3475060E-01   6.8782562E-01
   8.3748680E-01   1.8317787E-03  -6.8508184E-01   6.8789822E-01
   8.4354001E-01   6.3939957E-04  -6.8450338E-01   6.8743998E-01
   8.4656972E-01   4.2186206E-04  -6.3741910E-01   6.8744516E-01
   8.5265923E-01   8.1782771E-04  -6.2766105E-01   6.8735594E-01
   8.5876966E-01   8.3378650E-04  -5.8106959E-01   6.8735492E-01
   8.6183870E-01   7.2692853E-04  -5.7527769E-01   6.8727094E-01
   8.6798888E-01   9.3062303E-04  -5.5195796E-01   6.8720800E-01
   8.7415618E-01   5.0879602E-04  -4.4555685E-01   6.8755567E-01
   8.7724751E-01   1.1822697E-03  -4.4779310E-01   6.8748474E-01
   8.8341540E-01   7.0216204E-04  -4.6175131E-01   6.8725735E-01
   8.8643855E-01   2.0849855E-04  -4.5877808E-01   6.8720227E-01
   8.9213163E-01  -3.3937985E-04  -3.6233068E-01   6.8726331E-01
   8.9743960E-01  -2.0128698E-03  -3.6744544E-01   6.8739927E-01
   9.0237093E-01   1.5692326E-03  -3.5422650E-01   6.8734759E-01
   9.0707964E-01  -6.5230980E-04  -3.3527368E-01   6.8752867E-01
   9.1153687E-01  -4.9324217E-04  -2.2078094E-01   6.8811345E-01
   9.1779304E-01  -1.2921076E-03  -2.7002764E-01   6.8828535E-01
   9.2173904E-01  -1.6590845E-04  -2.6202393E-01   6.8857396E-01
   9.2731774E-01  -2.4598453E-03  -1.9069281E-01   6.8850559E-01
   9.3258125E-01   9.5809664E-04  -1.3581756E-01   6.8866724E-01
   9.3751436E-01  -8.6243794E-04  -1.0782627E-01   6.8879461E-01
   9.4097018E-01  -1.8965670E-04  -1.0355306E-01   6.8890029E-01
   9.4677961E-01  -1.5237527E-03  -6.7112990E-02   6.8931973E-01
   9.5257068E-01  -1.0309144E-03  -1.9478695E-02   6.8962497E-01
   9.5651919E-01  -1.7593115E-03  -1.8392376E-03   6.8976450E-01
   9.6256512E-01  -2.0299619E-03   2.6777474E-02   6.9028682E-01
   9.6711642E-01  -5.2121212E-03   5.1737402E-02   6.9019306E-01
   9.7206992E-01   2.2779873E-03   9.6569903E-02   6.9100332E-01
   9.7698247E-01  -2.7801716E-03   1.2952457E-01   6.9108713E-01
   9.8181832E-01  -2.5049713E-03   1.5269083E-01   6.9126815E-01
   9.8639649E-01  -2.1007378E-03   1.7241672E-01   6.9130719E-01
   9.9089921E-01  -2.1546641E-03   1.9596232E-01   6.9158947E-01
   9.9586344E-01  -2.1145707E-03   2.2545305E-01   6.9176751E-01
   1.0013365E+00  -2.7973140E-03   3.2479376E-01   6.9244260E-01
   1.0073706E+00  -1.9765052E-03   2.9516351E-01   6.9270056E-01
   1.0106157E+00  -2.4486983E-03   3.0290493E-01   6.9274783E-01
   1.0140231E+00  -3.1700679E-03   3.5235450E-01   6.9282323E-01
   1.0209537E+00  -2.5188182E-03   3.6479950E-01   6.9301397E-01
   1.0244896E+00  -2.0473073E-03   4.1610363E-01   6.9247013E-01
   1.0314587E+00  -2.3127166E-03   4.2885506E-01   6.9359624E-01
   1.0350454E+00  -2.4974088E-03   4.4383973E-01   6.9355810E-01
   1.0386497E+00  -2.7167830E-03   4.6317410E-01   6.9379973E-01
   1.0458837E+00  -2.5216723E-03   5.3189558E-01   6.9494605E-01
   1.0513291E+00  -3.5073943E-03   5.4004055E-01   6.9511551E-01
   1.0542579E+00  -3.5466831E-03   5.5219811E-01   6.9528240E-01
   1.0605617E+00  -3.1758512E-03   6.3617921E-01   6.9546264E-01
   1.0639520E+00  -3.0952964E-03   6.3394892E-01   6.9542742E-01
   1.0712495E+00  -3.0005134E-03   6.4352202E-01   6.9528770E-01
   1.0750684E+00  -3.1977370E-03   6.6083401E-01   6.9517851E-01
   1.0789109E+00  -3.6980503E-03   7.5793254E-01   6.9546950E-01
   1.0866746E+00  -3.3434064E-03   7.5437945E-01   6.9599372E-01
   1.0905960E+00  -3.3802337E-03   7.5441784E-01   6.9617003E-01
   1.0953736E+00  -4.5192391E-03   7.5759590E-01   6.9622093E-01
   1.1006409E+00  -5.2155862E-03   9.0614551E-01   6.9733065E-01
   1.1034738E+00  -4.1801375E-03   9.0145469E-01   6.9758165E-01
   1.1095713E+00  -3.7119312E-03   8.7332082E-01   6.9769263E-01
   1.1128505E+00  -3.8923796E-03   8.6982369E-01   6.9766235E-01
   1.1193492E+00  -4.9276785E-03   8.8564199E-01   6.9731134E-01
   1.1255691E+00  -5.0529055E-03   9.8904723E-01   6.9691271E-01
   1.1286277E+00  -4.4237180E-03   9.8648190E-01   6.9720656E-01
   1.1347582E+00  -4.2633372E-03   9.8286986E-01   6.9699579E-01
   1.1379658E+00  -4.5096963E-03   9.9074477E-01   6.9696099E-01
   1.1447799E+00  -5.5852053E-03   1.0665365E+00   6.9742328E-01
   1.1483989E+00  -4.2422670E-03   1.0755510E+00   6.9804788E-01
   1.1521988E+00  -3.7720781E-03   1.0808948E+00   6.9822443E-01
   1.1601787E+00  -5.2880733E-03   1.1568626E+00   6.9825786E-01
   1.1644702E+00  -4.7078328E-03   1.1632482E+00   6.9869047E-01
   1.1689761E+00  -4.3682726E-03   1.1677210E+00   6.9888198E-01
   1.1735830E+00  -4.5827976E-03   1.1941353E+00   6.9881648E-01
   1.1781123E+00  -4.6368176E-03   1.2030787E+00   6.9902700E-01
   1.1825677E+00  -5.2828505E-03   1.2523216E+00   6.9878948E-01
   1.1869504E+00  -4.8788926E-03   1.2603991E+00   6.9908047E-01
   1.1912643E+00  -4.6364912E-03   1.2880665E+00   6.9900227E-01
   1.1996965E+00  -5.3791706E-03   1.3337214E+00   6.9903594E-01
   1.2030163E+00  -5.1146578E-03   1.3391314E+00   6.9934350E-01
   1.2065021E+00  -4.3970519E-03   1.3488774E+00   6.9936866E-01
   1.2140052E+00  -5.0043166E-03   1.4332436E+00   6.9938672E-01
   1.2179447E+00  -4.4936668E-03   1.4364249E+00   6.9974434E-01
   1.2218369E+00  -4.5278850E-03   1.4375421E+00   6.9987804E-01
   1.2294906E+00  -5.0087976E-03   1.4787577E+00   6.9952506E-01
   1.2332599E+00  -4.6691825E-03   1.4897894E+00   6.9992733E-01
   1.2369932E+00  -4.3620244E-03   1.5261652E+00   7.0012105E-01
   1.2406909E+00  -4.2784484E-03   1.5317334E+00   7.0017833E-01
   1.2479887E+00  -4.7507887E-03   1.5893295E+00   6.9956881E-01
   1.2515912E+00  -4.4111465E-03   1.5967640E+00   6.9990319E-01
   1.2587093E+00  -3.9634882E-03   1.6131650E+00   6.9997692E-01
   1.2622267E+00  -4.4336263E-03   1.6636872E+00   6.9956374E-01
   1.2657174E+00  -3.9460976E-03   1.6710659E+00   6.9987643E-01
   1.2726244E+00  -3.9127627E-03   1.6863673E+00   6.9980323E-01
   1.2760437E+00  -4.0473226E-03   1.7005781E+00   6.9961536E-01
   1.2828199E+00  -3.8105855E-03   1.7748924E+00   6.9968349E-01
   1.2861782E+00  -3.7480311E-03   1.7746360E+00   6.9976199E-01
   1.2928410E+00  -3.8902692E-03   1.7829841E+00   6.9928616E-01
   1.2961483E+00  -4.3937303E-03   1.8323665E+00   6.9875211E-01
   1.3027196E+00  -3.8386565E-03   1.8492785E+00   6.9895321E-01
   1.3059835E+00  -3.3929376E-03   1.8597611E+00   6.9879133E-01
   1.3124704E+00  -3.6853771E-03   1.8914175E+00   6.9807619E-01
   1.3156943E+00  -4.3189949E-03   1.9744051E+00   6.9760376E-01
   1.3220979E+00  -3.0630371E-03   1.9665997E+00   6.9795096E-01
   1.3252801E+00  -2.9731046E-03   1.9653462E+00   6.9784230E-01
   1.3316123E+00  -3.4555527E-03   1.9717335E+00   6.9725686E-01
   1.3347646E+00  -4.3509887E-03   2.0353010E+00   6.9654465E-01
   1.3410443E+00  -3.0912573E-03   2.0509081E+00   6.9701815E-01
   1.3472877E+00  -3.0831378E-03   2.0700502E+00   6.9650418E-01
   1.3503956E+00  -3.7015844E-03   2.1237781E+00   6.9575435E-01
   1.3565850E+00  -2.5677227E-03   2.1310542E+00   6.9616795E-01
   1.3596672E+00  -2.3351563E-03   2.1348524E+00   6.9594753E-01
   1.3658094E+00  -2.8275463E-03   2.1570749E+00   6.9523692E-01
   1.3719245E+00  -2.2529971E-03   2.2251537E+00   6.9487894E-01
   1.3761675E+00  -1.7234907E-03   2.2149737E+00   6.9458300E-01
   1.3799397E+00  -2.9943322E-03   2.2365315E+00   6.9427371E-01
   1.3859099E+00  -6.8838021E-04   2.2970140E+00   6.9478369E-01
   1.3912177E+00  -1.2106861E-03   2.2824025E+00   6.9380319E-01
   1.3952134E+00  -1.2816696E-03   2.2875578E+00   6.9306040E-01
   1.3996185E+00  -1.9081020E-03   2.3175986E+00   6.9222325E-01
   1.4044752E+00  -4.9021497E-04   2.4254522E+00   6.9105345E-01
   1.4098296E+00   7.1244012E-04   2.3317652E+00   6.9165623E-01
   1.4156857E+00  -2.2578386E-03   2.4462175E+00   6.9135767E-01
   1.4186561E+00  -8.1292899E-05   2.4430497E+00   6.9100034E-01
   1.4245808E+00   8.7072159E-04   2.4414027E+00   6.9013357E-01
   1.4304864E+00   6.5430453E-05   2.4657011E+00   6.8885237E-01
   1.4334326E+00  -5.4518634E-04   2.5431218E+00   6.8870610E-01
   1.4386222E+00   1.4534352E-03   2.5402296E+00   6.8893141E-01
   1.4443438E+00   1.0725196E-03   2.5450876E+00   6.8859786E-01
   1.4502013E+00   7.4684375E-04   2.5625291E+00   6.8759656E-01
   1.4531271E+00   2.3289790E-04   2.6375723E+00   6.8584394E-01
   1.4589648E+00   1.3729526E-03   2.6443186E+00   6.8597436E-01
   1.4647832E+00   2.4181108E-03   2.6508498E+00   6.8540794E-01
   1.4705808E+00   2.3992339E-03   2.6656427E+00   6.8405986E-01
   1.4734728E+00   1.9423169E-03   2.6870885E+00   6.8323809E-01
   1.4792436E+00   3.1321496E-03   2.7679319E+00   6.8291950E-01
   1.4850005E+00   3.9416016E-03   2.7377694E+00   6.8402714E-01
   1.4878799E+00  -3.8883791E-03   2.7874124E+00   6.8170488E-01
   1.4936386E+00   4.2854026E-03   2.8110452E+00   6.8168706E-01
   1.4993852E+00   5.8557000E-03   2.8322160E+00   6.7994797E-01
   1.5043486E+00   2.4026702E-03   2.8630950E+00   6.7756313E-01
   1.5088632E+00   3.4778232E-03   2.8901584E+00   6.7667240E-01
   1.5138406E+00   3.9672581E-03   2.9162898E+00   6.7605889E-01
   1.5193281E+00   5.7236920E-03   2.9493330E+00   6.7560136E-01
   1.5221505E+00   2.5753805E-03   2.9815407E+00   6.7514777E-01
   1.5277838E+00   5.0574676E-03   2.9928865E+00   6.7518795E-01
   1.5334028E+00   5.3371014E-03   3.0044360E+00   6.7430508E-01
   1.5390092E+00   4.6097408E-03   3.0334885E+00   6.7243397E-01
   1.5445737E+00   4.8590242E-03   3.0862660E+00   6.7090172E-01
   1.5473378E+00   5.9517594E-03   3.0919676E+00   6.7083549E-01
   1.5528293E+00   7.1833623E-03   3.1046755E+00   6.6981333E-01
   1.5582746E+00   6.1100400E-03   3.1286874E+00   6.6827852E-01
   1.5636765E+00   6.8726530E-03   3.1660361E+00   6.6628247E-01
   1.5690372E+00   7.6418384E-03   3.2172859E+00   6.6455793E-01
   1.5717032E+00   8.8309776E-03   3.2218013E+00   6.6454881E-01
   1.5770079E+00   8.3754379E-03   3.2108228E+00   6.6583735E-01
   1.5821265E+00   7.5771376E-03   3.2667391E+00   6.6283703E-01
   1.5872985E+00   1.0242490E-02   3.2759886E+00   6.6150886E-01
   1.5925021E+00   1.0790004E-02   3.2937334E+00   6.6004163E-01
   1.5976722E+00   9.6721174E-03   3.3158627E+00   6.5789151E-01
   1.6028126E+00   9.7293286E-03   3.3510830E+00   6.5618873E-01
   1.6079249E+00   1.2382668E-02   3.3639936E+00   6.5646213E-01
   1.6130087E+00   1.0304675E-02   3.3847516E+00   6.5533519E-01
   1.6180657E+00   9.7796172E-03   3.4131615E+00   6.5337640E-01
   1.6231005E+00   1.1614022E-02   3.4271553E+00   6.5323609E-01
   1.6275278E+00   1.2981486E-02   3.4446170E+00   6.5194952E-01
   1.6315391E+00   1.3894132E-02   3.4645090E+00   6.4990473E-01
   1.6380531E+00   1.0625020E-02   3.4860299E+00   6.4748776E-01
   1.6427356E+00   1.3068919E-02   3.5006657E+00   6.4733481E-01
   1.6476524E+00   1.3578570E-02   3.5192978E+00   6.4648128E-01
   1.6525580E+00   1.2119749E-02   3.5357239E+00   6.4549726E-01
   1.6574420E+00   1.2382021E-02   3.5500305E+00   6.4318305E-01
   1.6623073E+00   1.2918118E-02   3.5509977E+00   6.4068156E-01
   1.6671546E+00   1.6324701E-02   3.5759397E+00   6.4132094E-01
   1.6719781E+00   1.5854027E-02   3.5953906E+00   6.4060998E-01
   1.6765211E+00   1.3207036E-02   3.6100030E+00   6.3868403E-01
   1.6810896E+00   1.3924755E-02   3.5971496E+00   6.3712412E-01
   1.6856830E+00   1.6007734E-02   3.6205175E+00   6.3740194E-01
   1.6902974E+00   1.4331454E-02   3.6382382E+00   6.3668913E-01
   1.6970164E+00   1.5295758E-02   3.6512921E+00   6.3342059E-01
   1.7015179E+00   1.3688298E-02   3.6515756E+00   6.3197851E-01
   1.7060057E+00   1.5736826E-02   3.6501257E+00   6.3052458E-01
   1.7104598E+00   1.6164184E-02   3.6587617E+00   6.2943351E-01
   1.7148826E+00   1.5410922E-02   3.6685317E+00   6.2850052E-01
   1.7211833E+00   1.6924774E-02   3.6788995E+00   6.2722790E-01
   1.7252878E+00   1.3647164E-02   3.6811206E+00   6.2674510E-01
   1.7295865E+00   1.5018526E-02   3.6823952E+00   6.2626839E-01
   1.7360468E+00   1.5777079E-02   3.6826968E+00   6.2521124E-01
   1.7403290E+00   1.5748659E-02   3.6838090E+00   6.2410629E-01
   1.7445934E+00   1.5731076E-02   3.6869102E+00   6.2338775E-01
   1.7509590E+00   1.5344641E-02   3.6795681E+00   6.2158740E-01
   1.7551814E+00   1.6003782E-02   3.6788592E+00   6.2093151E-01
   1.7593728E+00   1.3621354E-02   3.6821043E+00   6.1989045E-01
   1.7655988E+00   1.5254771E-02   3.6801226E+00   6.1869270E-01
   1.7697115E+00   1.6281096E-02   3.6740150E+00   6.1800128E-01
   1.7758322E+00   1.6062213E-02   3.6612842E+00   6.1567831E-01
   1.7798914E+00   1.5979925E-02   3.6582317E+00   6.1514121E-01
   1.7839297E+00   1.5692052E-02   3.6515198E+00   6.1430472E-01
   1.7899454E+00   1.5035480E-02   3.6502125E+00   6.1312640E-01
   1.7939281E+00   1.4500509E-02   3.6345646E+00   6.1227232E-01
   1.7998629E+00   1.4120259E-02   3.6261919E+00   6.1098355E-01
   1.8037955E+00   1.4855838E-02   3.5995340E+00   6.0971659E-01
   1.8096633E+00   1.5604867E-02   3.5900581E+00   6.0983807E-01
   1.8148167E+00   1.5983595E-02   3.5851860E+00   6.0827577E-01
   1.8200369E+00   1.5156128E-02   3.5632300E+00   6.0677081E-01
   1.8251574E+00   1.5760325E-02   3.5489457E+00   6.0672647E-01
   1.8284837E+00   1.4022520E-02   3.5423279E+00   6.0578984E-01
   1.8347467E+00   1.5812078E-02   3.5156953E+00   6.0333806E-01
   1.8396329E+00   1.5844606E-02   3.4922261E+00   6.0174668E-01
   1.8444976E+00   1.4318503E-02   3.4699552E+00   6.0221189E-01
   1.8492624E+00   1.5016454E-02   3.4571962E+00   6.0090810E-01
   1.8539442E+00   9.8693538E-03   3.4308805E+00   5.9917021E-01
   1.8586013E+00   1.6121738E-02   3.3902502E+00   5.9838557E-01
   1.8632802E+00   1.9231010E-02   3.3749454E+00   5.9746802E-01
   1.8679553E+00   1.0749118E-02   3.3709815E+00   5.9915811E-01
   1.8741571E+00   1.3223108E-02   3.3504226E+00   5.9821022E-01
   1.8788193E+00   1.4123914E-02   3.3204665E+00   5.9512722E-01
   1.8835450E+00   1.8297337E-02   3.1430120E+00   5.9512907E-01
   1.8881292E+00   1.6320873E-02   3.3636305E+00   5.9976292E-01
   1.8935735E+00   1.7888132E-02   3.2873766E+00   5.9619808E-01
   1.8987422E+00   7.6900423E-03   2.8593082E+00   5.8975899E-01
   1.9037503E+00   9.3670338E-03   2.9129493E+00   5.9146833E-01
   1.9075218E+00   1.6759923E-02   3.1686075E+00   5.9154981E-01
   1.9127595E+00   1.2730748E-02   3.1990781E+00   5.9230149E-01
   1.9180046E+00   1.2213381E-02   3.0254865E+00   5.9121919E-01
   1.9232399E+00   1.8661821E-02   2.9577668E+00   5.8765143E-01
   1.9283690E+00   1.5059993E-02   2.9508255E+00   5.8715856E-01
   1.9334168E+00   1.0387287E-02   2.9420817E+00   5.8350646E-01
   1.9371451E+00   2.4417184E-02   2.9346938E+00   5.8527380E-01
   1.9420489E+00   6.4897053E-03   2.8137422E+00   5.8364683E-01
   1.9482155E+00   9.7285770E-03   2.7742000E+00   5.8225596E-01
   1.9521471E+00   1.1943089E-02   2.7705154E+00   5.8187956E-01
   1.9579831E+00   1.3949124E-02   2.7176056E+00   5.7991803E-01
   1.9626030E+00   8.3771311E-03   2.5811064E+00   5.7679868E-01
   1.9671003E+00   1.2273111E-02   2.5945830E+00   5.7917249E-01
   1.9726884E+00   1.2125558E-02   2.5843728E+00   5.7872808E-01
   1.9771366E+00   1.2543768E-02   2.5284338E+00   5.7801372E-01
   1.9816021E+00   8.8601252E-03   2.4564600E+00   5.7253855E-01
   1.9868299E+00   1.6613556E-02   2.3600771E+00   5.7527143E-01
   1.9914777E+00   3.3971472E-03   2.3425832E+00   5.7633018E-01
   1.9968581E+00   1.2360645E-02   2.2930501E+00   5.7507586E-01
   2.0025809E+00   1.2851723E-02   2.2339711E+00   5.7318044E-01
   2.0064054E+00   1.4530402E-02   2.1887515E+00   5.7430601E-01
   2.0121565E+00   1.3434465E-02   2.1199980E+00   5.7334936E-01
   2.0160012E+00   1.3244809E-02   2.0712440E+00   5.7321584E-01
   2.0217855E+00   1.3391658E-02   2.0158405E+00   5.7310879E-01
   2.0256531E+00   1.5161244E-02   1.9658986E+00   5.7291794E-01
   2.0314744E+00   1.3930522E-02   1.9161595E+00   5.7257360E-01
   2.0353689E+00   1.3999568E-02   1.8697194E+00   5.7249302E-01
   2.0412312E+00   1.0114728E-02   1.7852982E+00   5.7180476E-01
   2.0466993E+00   1.3161559E-02   1.7283741E+00   5.7122731E-01
   2.0518086E+00   1.3239654E-02   1.6638687E+00   5.6945050E-01
   2.0556550E+00   1.0247457E-02   1.6272258E+00   5.6969917E-01
   2.0616217E+00   7.7010398E-03   1.5423529E+00   5.6918985E-01
   2.0656183E+00   8.7222438E-03   1.5092392E+00   5.6834424E-01
   2.0716424E+00   7.8024454E-03   1.4025520E+00   5.6636477E-01
   2.0756793E+00   6.6403374E-03   1.3728697E+00   5.6515712E-01
   2.0797334E+00   6.5637482E-03   1.3324510E+00   5.6591260E-01
   2.0858479E+00   5.4976181E-03   1.2769494E+00   5.6389725E-01
   2.0897090E+00   4.6249423E-03   1.2176528E+00   5.6366265E-01
   2.0958841E+00   3.9471858E-03   1.1276071E+00   5.6253409E-01
   2.0999439E+00   4.3002367E-03   1.0533628E+00   5.6198919E-01
   2.1059127E+00   3.1083124E-03   9.9946618E-01   5.6082624E-01
   2.1096036E+00   5.6173652E-03   9.7009587E-01   5.6041574E-01
   2.1152918E+00   3.4128879E-03   8.7815922E-01   5.5912983E-01
   2.1203821E+00   2.8672072E-03   8.2972199E-01   5.5794263E-01
   2.1250045E+00   2.8149493E-03   7.7091146E-01   5.5684781E-01
   2.1306090E+00   1.1697642E-03   6.8301916E-01   5.5609947E-01
   2.1350460E+00   7.1177527E-04   6.3340378E-01   5.5557364E-01
   2.1393023E+00   5.2046502E-04   5.5860680E-01   5.5536574E-01
   2.1444840E+00  -2.5366282E-04   4.9576324E-01   5.5369306E-01
   2.1493635E+00   5.1402999E-03   4.4942388E-01   5.5339724E-01
   2.1542010E+00  -9.8424414E-03   4.2161793E-01   5.5273163E-01
   2.1600921E+00  -7.5892820E-03   3.1427145E-01   5.5205530E-01
   2.1648002E+00   1.7455358E-03   2.4365205E-01   5.5132598E-01
   2.1693063E+00   1.8827391E-03   1.8082127E-01   5.5105555E-01
   2.1748645E+00  -5.3473981E-04   1.2051551E-01   5.4987895E-01
   2.1791859E+00  -1.6580662E-03   7.5584844E-02   5.4947394E-01
   2.1846390E+00  -2.7957524E-03   8.9173736E-03   5.4910737E-01
   2.1898766E+00  -4.8973393E-03  -5.8143586E-02   5.4857111E-01
   2.1941590E+00  -1.4762430E-03  -9.8655775E-02   5.4766673E-01
   2.1996450E+00  -1.7766329E-03  -1.8539985E-01   5.4885548E-01
   2.2036138E+00  -2.6013725E-03  -2.3443578E-01   5.4704636E-01
   2.2092063E+00  -1.2868346E-03  -2.7578187E-01   5.4736084E-01
   2.2141783E+00  -5.8936193E-03  -3.3206689E-01   5.4756594E-01
   2.2179213E+00  -4.6157273E-03  -3.7816721E-01   5.4772884E-01
   2.2242246E+00  -5.3234370E-03  -4.6402079E-01   5.4752785E-01
   2.2284739E+00  -3.3193608E-03  -5.0888044E-01   5.4730326E-01
   2.2325985E+00  -4.3545007E-03  -5.4442614E-01   5.4674011E-01
   2.2385955E+00  -3.3460353E-03  -6.1010355E-01   5.4673684E-01
   2.2426629E+00  -3.3128236E-03  -6.6332126E-01   5.4756850E-01
   2.2489440E+00  -3.0334718E-03  -7.2530210E-01   5.4670495E-01
   2.2530489E+00  -4.9951803E-03  -7.6776433E-01   5.4854399E-01
   2.2584114E+00  -5.9955724E-05  -8.2247370E-01   5.4765004E-01
   2.2626390E+00  -3.3892989E-03  -8.5935462E-01   5.4764622E-01
   2.2688282E+00  -3.1284788E-03  -9.5576102E-01   5.4987085E-01
   2.2733467E+00  -1.1293412E-02  -9.9681109E-01   5.5121529E-01
   2.2778575E+00  -6.2461337E-03  -1.0224191E+00   5.5084622E-01
   2.2830796E+00  -5.9649064E-03  -1.0869784E+00   5.5129492E-01
   2.2876475E+00  -1.3413910E-03  -1.1304998E+00   5.5111587E-01
   2.2932401E+00   2.9714860E-03  -1.1733642E+00   5.5149931E-01
   2.2979634E+00  -2.9252982E-03  -1.2231264E+00   5.5170923E-01
   2.3030715E+00  -5.3419550E-03  -1.2785648E+00   5.5263984E-01
   2.3069885E+00  -1.6715059E-02  -1.3140312E+00   5.5351365E-01
   2.3130767E+00  -4.6823015E-03  -1.3627812E+00   5.5445021E-01
   2.3172853E+00   6.5099599E-04  -1.3967066E+00   5.5412585E-01
   2.3219748E+00   5.8373885E-04  -1.4426615E+00   5.5464160E-01
   2.3271453E+00   1.6901122E-03  -1.4858669E+00   5.5527264E-01
   2.3320057E+00  -9.4731385E-03  -1.6048086E+00   5.5557269E-01
   2.3376553E+00  -2.9895732E-03  -1.5267012E+00   5.5489385E-01
   2.3421757E+00  -3.7664482E-03  -1.5397718E+00   5.5613887E-01
   2.3466725E+00  -7.9833844E-04  -1.5914701E+00   5.5799258E-01
   2.3525321E+00  -7.5294883E-03  -1.7075590E+00   5.6055468E-01
   2.3568943E+00  -1.1278468E-02  -1.7579710E+00   5.6152350E-01
   2.3611774E+00  -4.3880255E-03  -1.7613844E+00   5.6249744E-01
   2.3670936E+00  -5.7889367E-03  -1.7455761E+00   5.6292480E-01
   2.3720195E+00  -5.7270564E-03  -1.7911302E+00   5.6359863E-01
   2.3765495E+00  -5.4346705E-03  -1.8499217E+00   5.6435317E-01
   2.3820555E+00  -8.9658629E-03  -1.9158822E+00   5.6543064E-01
   2.3864443E+00  -1.1533611E-02  -1.9328629E+00   5.6576914E-01
   2.3915689E+00  -4.5514195E-03  -1.9303323E+00   5.6722105E-01
   2.3958292E+00  -3.5487697E-03  -1.9467534E+00   5.6876117E-01
   2.4007611E+00  -5.1404350E-03  -1.9875267E+00   5.7051736E-01
   2.4062135E+00  -2.5209682E-03  -2.0223749E+00   5.7225001E-01
   2.4115269E+00  -5.1301406E-03  -2.0540135E+00   5.7406664E-01
   2.4167697E+00  -4.6422123E-03  -2.0718322E+00   5.7598883E-01
   2.4206016E+00  -3.6292500E-03  -2.0946035E+00   5.7779098E-01
   2.4248259E+00  -4.2700847E-03  -2.1164536E+00   5.7930154E-01
   2.4319007E+00  -2.8965115E-03  -2.1422429E+00   5.8117747E-01
   2.4368196E+00  -6.0289204E-03  -2.1575551E+00   5.8290273E-01
   2.4419479E+00  -3.3140604E-03  -2.1820922E+00   5.8482051E-01
   2.4447062E+00  -3.2337052E-03  -2.2011530E+00   5.8593756E-01
   2.4503663E+00  -2.1309080E-03  -2.2279718E+00   5.8751285E-01
   2.4553161E+00  -3.3694229E-03  -2.2394524E+00   5.8896995E-01
   2.4607067E+00  -5.0786673E-03  -2.2633457E+00   5.9095782E-01
   2.4643879E+00  -2.7825187E-03  -2.2855794E+00   5.9162116E-01
   2.4706295E+00  -3.5935510E-03  -2.2983861E+00   5.9315002E-01
   2.4753277E+00  -2.3203471E-03  -2.3089619E+00   5.9495735E-01
   2.4805079E+00  -8.0423156E-04  -2.3506036E+00   5.9977734E-01
   2.4862187E+00  -2.6607155E-03  -2.3544958E+00   6.0049319E-01
   2.4892900E+00  -3.0604927E-03  -2.3559864E+00   6.0150439E-01
   2.4953339E+00  -2.8858245E-03  -2.3623552E+00   6.0439140E-01
   2.5012305E+00  -1.6404287E-03  -2.3865879E+00   6.0864174E-01
   2.5041451E+00  -2.4773886E-03  -2.3954217E+00   6.0925907E-01
   2.5099530E+00  -1.8009238E-03  -2.4121974E+00   6.1198908E-01
   2.5139883E+00  -3.0465161E-03  -2.4186647E+00   6.1415917E-01
   2.5184369E+00  -2.8468661E-03  -2.4572282E+00   6.1527324E-01
   2.5253246E+00  -2.1342041E-03  -2.4559445E+00   6.1647552E-01
   2.5298345E+00  -1.5981530E-03  -2.4575019E+00   6.1858994E-01
   2.5344586E+00  -1.0210571E-03  -2.4652021E+00   6.2113422E-01
   2.5392675E+00  -1.2009770E-03  -2.4973028E+00   6.2708300E-01
   2.5441349E+00  -3.7938380E-03  -2.5053985E+00   6.2844479E-01
   2.5492768E+00  -1.7391943E-03  -2.5112295E+00   6.3049775E-01
   2.5541267E+00  -9.2438533E-04  -2.5131710E+00   6.3318062E-01
   2.5586517E+00  -2.2139137E-03  -2.5250821E+00   6.3105905E-01
   2.5631785E+00  -2.6393228E-03  -2.5400620E+00   6.3185239E-01
   2.5680506E+00  -2.2509384E-03  -2.5539913E+00   6.3428628E-01
   2.5734222E+00  -1.8238702E-03  -2.5632844E+00   6.3743001E-01
   2.5790455E+00  -1.7085371E-03  -2.5773337E+00   6.4795411E-01
   2.5839701E+00  -6.9999709E-03  -2.5895703E+00   6.4687639E-01
   2.5882425E+00  -7.1008755E-05  -2.5817206E+00   6.4823639E-01
   2.5929530E+00   2.2868796E-03  -2.5931604E+00   6.5047002E-01
   2.5975542E+00  -2.0436989E-03  -2.6256175E+00   6.4877021E-01
   2.6037972E+00   1.3450860E-03  -2.5921018E+00   6.4459676E-01
   2.6076167E+00   2.9637706E-03  -2.6316295E+00   6.4851213E-01
   2.6129231E+00  -1.8670060E-03  -2.6510530E+00   6.6010356E-01
   2.6178770E+00   2.2287385E-03  -2.6349223E+00   6.5872496E-01
   2.6234565E+00   4.2250892E-03  -2.6440082E+00   6.6033298E-01
   2.6276565E+00   1.9450455E-03  -2.6484411E+00   6.5627831E-01
   2.6322868E+00   8.5189298E-04  -2.6640644E+00   6.5638661E-01
   2.6372657E+00   2.3094499E-03  -2.6710875E+00   6.5832472E-01
   2.6422780E+00   1.0603568E-02  -2.6411166E+00   6.6673744E-01
   2.6468413E+00   2.4545104E-03  -2.6630342E+00   6.6735661E-01
   2.6535926E+00   1.9913619E-04  -2.6909242E+00   6.6776609E-01
   2.6585469E+00   1.8346099E-03  -2.6982532E+00   6.6907573E-01
   2.6633818E+00   2.4005990E-03  -2.6629341E+00   6.6002876E-01
   2.6682999E+00   2.7138053E-03  -2.7179952E+00   6.6866702E-01
   2.6730134E+00   5.7767057E-03  -2.7023802E+00   6.7150480E-01
   2.6779134E+00  -1.7514081E-04  -2.6695669E+00   6.7378956E-01
   2.6828020E+00   3.2936218E-03  -2.7206285E+00   6.6848999E-01
   2.6876628E+00   2.4270341E-03  -2.6753101E+00   6.6950840E-01
   2.6925001E+00   2.7766407E-03  -2.7232518E+00   6.6999710E-01
   2.6973131E+00   4.5207771E-03  -2.6873965E+00   6.7024386E-01
   2.7021053E+00   2.8767434E-03  -2.7056947E+00   6.7149949E-01
   2.7068810E+00   1.9026807E-03  -2.6886370E+00   6.7480278E-01
   2.7116373E+00   4.6267025E-03  -2.6940365E+00   6.7293060E-01
   2.7162988E+00   5.2130627E-03  -2.6957231E+00   6.7290390E-01
   2.7225919E+00   6.9423039E-03  -2.6823964E+00   6.7362273E-01
   2.7265687E+00   6.8618958E-03  -2.6708767E+00   6.7356229E-01
   2.7324932E+00   5.4591512E-03  -2.6729496E+00   6.7313522E-01
   2.7364504E+00   5.4425881E-03  -2.6768575E+00   6.7331958E-01
   2.7404280E+00   5.8875186E-03  -2.6773660E+00   6.7306942E-01
   2.7464292E+00   5.8660498E-03  -2.6589539E+00   6.7310834E-01
   2.7504816E+00   7.4764458E-03  -2.6463144E+00   6.7285895E-01
   2.7567327E+00   6.0726199E-03  -2.6386623E+00   6.7309052E-01
   2.7610223E+00   6.3464041E-03  -2.6357880E+00   6.7333090E-01
   2.7653794E+00   6.8868669E-03  -2.6340837E+00   6.7330575E-01
   2.7718978E+00   5.5999383E-03  -2.6197686E+00   6.7307210E-01
   2.7761719E+00   6.6718892E-03  -2.6076598E+00   6.7325979E-01
   2.7816041E+00   6.1929328E-03  -2.5860312E+00   6.7255574E-01
   2.7865884E+00   7.5863576E-03  -2.5807955E+00   6.7245930E-01
   2.7899837E+00   7.6996400E-03  -2.5770526E+00   6.7243195E-01
   2.7951877E+00   5.5410173E-03  -2.5886025E+00   6.6833347E-01
   2.8010025E+00   1.0075531E-02  -2.5709267E+00   6.7105985E-01
   2.8051579E+00   1.0367684E-02  -2.5331979E+00   6.7272127E-01
   2.8114214E+00   6.8591507E-03  -2.5109847E+00   6.7262405E-01
   2.8156192E+00   7.0189200E-03  -2.5080147E+00   6.7330468E-01
   2.8198214E+00   7.1777278E-03  -2.5048900E+00   6.7374510E-01
   2.8261244E+00   8.5335616E-03  -2.4864240E+00   6.7486078E-01
   2.8303416E+00   7.7897394E-03  -2.4746253E+00   6.7451996E-01
   2.8344741E+00   6.5997792E-03  -2.4493692E+00   6.7429149E-01
   2.8407569E+00   7.3754461E-03  -2.4362652E+00   6.7370063E-01
   2.8449430E+00   9.0771085E-03  -2.4258859E+00   6.7369163E-01
   2.8490145E+00   6.5294318E-03  -2.4156711E+00   6.7354059E-01
   2.8551035E+00   6.1610411E-03  -2.4008355E+00   6.7357481E-01
   2.8604608E+00   6.9277342E-03  -2.3758731E+00   6.7354167E-01
   2.8653071E+00   5.6410339E-03  -2.3094864E+00   6.7314124E-01
   2.8699884E+00   6.4216377E-03  -2.4307208E+00   6.7277575E-01
   2.8748674E+00  -1.6833816E-02  -2.4818330E+00   6.7595035E-01
   2.8798599E+00   2.0842517E-02  -2.2132549E+00   6.7572814E-01
   2.8835864E+00  -3.6743963E-03  -2.3016801E+00   6.7624980E-01
   2.8886199E+00   3.4360525E-03  -2.3263466E+00   6.7657131E-01
   2.8936481E+00   1.0611432E-02  -2.2901051E+00   6.7644203E-01
   2.8988016E+00   5.6983461E-03  -2.2407868E+00   6.7600125E-01
   2.9037085E+00   3.4634375E-03  -2.1993425E+00   6.7562449E-01
   2.9084022E+00   4.8607569E-03  -2.1956611E+00   6.7533791E-01
   2.9143724E+00   6.3108951E-03  -2.1965060E+00   6.7556614E-01
   2.9186602E+00   5.2782157E-03  -2.1893759E+00   6.7576766E-01
   2.9241555E+00   5.4059615E-03  -2.1509209E+00   6.7658150E-01
   2.9281280E+00   4.4527785E-03  -2.1196370E+00   6.7687935E-01
   2.9331415E+00   1.0888108E-02  -2.0875607E+00   6.7762327E-01
   2.9388855E+00  -2.6795904E-03  -2.0955758E+00   6.7753673E-01
   2.9434044E+00   7.2260043E-03  -2.0881031E+00   6.7843837E-01
   2.9487300E+00   5.1389006E-03  -2.0554547E+00   6.7816597E-01
   2.9537201E+00   5.5386974E-03  -2.0210395E+00   6.7871600E-01
   2.9585011E+00   4.0228646E-03  -1.9979194E+00   6.7843062E-01
   2.9631519E+00   3.1995659E-03  -1.9888008E+00   6.8000019E-01
   2.9685926E+00   4.3626400E-03  -1.9688531E+00   6.7922461E-01
   2.9730041E+00   5.5569564E-03  -1.9344194E+00   6.7947364E-01
   2.9780464E+00   7.2485339E-03  -1.9173698E+00   6.8053693E-01
   2.9828067E+00   6.8012299E-03  -1.9059443E+00   6.8028921E-01
   2.9882596E+00   7.0812041E-03  -1.8888618E+00   6.8165338E-01
   2.9928756E+00   4.4232309E-03  -1.8461624E+00   6.8194294E-01
   2.9974508E+00   1.9925894E-02  -1.8164920E+00   6.8226588E-01
   3.0026019E+00   6.0598515E-03  -1.8163029E+00   6.8281490E-01
   3.0075600E+00   5.9113111E-03  -1.8048488E+00   6.8360984E-01
   3.0123956E+00   7.9984879E-03  -1.7472963E+00   6.8367249E-01
   3.0172143E+00   6.3691274E-03  -1.7366682E+00   6.8357694E-01
   3.0226450E+00   8.2027130E-03  -1.7291092E+00   6.8394899E-01
   3.0273504E+00   2.2702523E-02  -1.7420039E+00   6.8464762E-01
   3.0320444E+00   8.5766157E-03  -1.6541508E+00   6.8476808E-01
   3.0374310E+00   1.0416849E-02  -1.6448179E+00   6.8627363E-01
   3.0422735E+00   1.5908070E-03  -1.6337910E+00   6.8640077E-01
   3.0471752E+00   1.2717444E-02  -1.6255648E+00   6.8647313E-01
   3.0519857E+00   1.0049607E-02  -1.5948919E+00   6.8656087E-01
   3.0567105E+00   9.3604801E-03  -1.5585355E+00   6.8781710E-01
   3.0620110E+00   8.7794941E-03  -1.4963939E+00   6.8739372E-01
   3.0665667E+00   7.7649108E-03  -1.5066911E+00   6.8771130E-01
   3.0716841E+00   1.0700709E-02  -1.4984115E+00   6.8778127E-01
   3.0767119E+00   9.0039028E-03  -1.3569545E+00   6.8577814E-01
   3.0816545E+00   1.1210917E-02  -1.5648056E+00   6.9588709E-01
   3.0864873E+00   4.3272194E-03  -1.0370910E+00   6.8288982E-01
   3.0912728E+00   5.8171041E-03  -1.3648504E+00   6.8346393E-01
   3.0965693E+00   1.0041308E-02  -1.2937241E+00   6.9327521E-01
   3.1012037E+00   5.2478523E-03  -1.3789449E+00   6.8839842E-01
   3.1063380E+00  -2.7897792E-02  -1.2569181E+00   6.9687164E-01
   3.1113930E+00   8.6831078E-02  -1.0559187E+00   6.9445968E-01
   3.1163716E+00  -3.1995632E-02  -1.2629818E+00   6.8791997E-01
   3.1212780E+00   2.5862306E-01  -1.0715573E+00   6.9430876E-01
   3.1261153E+00  -5.5687640E-02  -1.2804933E+00   6.8730003E-01
   3.1308861E+00   3.8439773E-02  -1.1324154E+00   6.8963206E-01
   3.1361129E+00   5.6317542E-02  -1.1865697E+00   6.9071454E-01
   3.1407528E+00   4.0707253E-02  -1.4319115E+00   6.8743396E-01
   3.1458402E+00   1.5135818E-02  -1.1476018E+00   6.8923795E-01
   3.1508591E+00   9.2180548E-03  -1.0762340E+00   6.9159174E-01
   3.1558118E+00   2.0702295E-03  -1.1061254E+00   6.9019854E-01
   3.1607015E+00   5.2942093E-03  -1.0614359E+00   6.9090706E-01
   3.1655307E+00   2.0501253E-03  -1.0650651E+00   6.9028270E-01
   3.1703012E+00   4.2346921E-03  -9.9608940E-01   6.9096792E-01
   3.1754842E+00   7.0337905E-03  -9.9994648E-01   6.9142014E-01
   3.1801395E+00   5.1547750E-03  -9.3278533E-01   6.9133461E-01
   3.1852002E+00   6.0314876E-03  -9.3547249E-01   6.9110972E-01
   3.1902006E+00   2.5233191E-03  -8.6820853E-01   6.9227660E-01
   3.1951427E+00   5.4576835E-03  -8.9337903E-01   6.9106138E-01
   3.2000289E+00   4.2357333E-03  -8.5252136E-01   6.9254249E-01
   3.2048612E+00  -1.1657855E-04  -7.7773696E-01   6.9270605E-01
   3.2096412E+00   1.4040034E-02  -6.2812036E-01   6.9430089E-01
   3.2147982E+00   3.8963836E-03  -7.5197250E-01   6.9287586E-01
   3.2194748E+00   8.4837470E-03  -6.6736495E-01   6.9189537E-01
   3.2245231E+00   4.7835466E-03  -7.4127793E-01   6.9124967E-01
   3.2295175E+00   5.1696356E-03  -7.1495277E-01   6.9384950E-01
   3.2344599E+00   4.4224625E-03  -5.7292032E-01   6.9046181E-01
   3.2393517E+00   4.5189271E-03  -6.7714095E-01   6.9438052E-01
   3.2441950E+00   2.1666153E-03  -2.0195800E-01   6.9569314E-01
   3.2493885E+00   8.3911873E-04  -6.1371160E-01   6.9285679E-01
   3.2541351E+00   1.2720003E-02  -5.9520429E-01   6.9451118E-01
   3.2592275E+00  -2.6231767E-03  -5.4138303E-01   6.9384563E-01
   3.2638838E+00   2.9922393E-03  -5.3031600E-01   6.9472826E-01
   3.2688811E+00   8.1583774E-03  -5.1078773E-01   6.9486892E-01
   3.2738314E+00   4.5401445E-03  -4.8540258E-01   6.9484365E-01
   3.2787361E+00   9.3225628E-04  -4.4974849E-01   6.9551796E-01
   3.2835963E+00  -2.5293225E-02  -3.3512938E-01   6.9397831E-01
   3.2887824E+00   7.2518406E-03  -3.5840857E-01   6.9453967E-01
   3.2935548E+00   5.1719896E-03  -4.1411480E-01   6.9683892E-01
   3.2986488E+00   5.8264197E-03  -4.5475775E-01   6.9551200E-01
   3.3033383E+00   5.0945617E-03  -3.7875512E-01   6.9585866E-01
   3.3083460E+00   4.5098774E-03  -3.3249921E-01   6.9528127E-01
   3.3133104E+00   4.8104203E-03  -3.1245384E-01   6.9619125E-01
   3.3182330E+00   4.6218731E-03  -3.1312916E-01   6.9538057E-01
   3.3231151E+00   3.5684654E-03  -2.2070409E-01   6.9449127E-01
   3.3283021E+00   4.5327372E-03  -2.3318037E-01   6.9713670E-01
   3.3331034E+00   4.4607045E-03  -2.2676457E-01   6.9494855E-01
   3.3378675E+00   3.6455384E-03  -1.7102747E-01   6.9648802E-01
   3.3429315E+00   3.4175180E-03  -1.3695857E-01   6.9682604E-01
   3.3479548E+00   3.6459384E-03  -1.4259602E-01   6.9781089E-01
   3.3529384E+00   4.0741418E-03  -7.8074180E-02   6.9747579E-01
   3.3578837E+00   3.4353493E-03  -6.5478668E-02   6.9744557E-01
   3.3627915E+00   3.0958853E-03  -4.9627636E-02   6.9749314E-01
   3.3676627E+00   2.6501298E-03  -1.2943711E-02   6.9773144E-01
   3.3724983E+00   2.3669833E-03  -1.9961210E-02   6.9751948E-01
   3.3776181E+00   2.3809269E-03   2.6657542E-02   6.9767988E-01
   3.3823829E+00   2.7133222E-03   4.1589286E-02   6.9766104E-01
   3.3874290E+00   2.8516650E-03   8.3633490E-02   6.9795305E-01
   3.3921263E+00   2.2015616E-03   9.9165663E-02   6.9797808E-01
   3.3971024E+00   2.2134562E-03   1.4426421E-01   6.9816291E-01
   3.4020436E+00   2.1193512E-03   1.3523541E-01   6.9799107E-01
   3.4069507E+00   5.3017093E-03   1.7619115E-01   6.9831979E-01
   3.4118245E+00   1.6434968E-03   1.7389740E-01   6.9844896E-01
   3.4169674E+00   1.7446718E-03   2.0106104E-01   6.9882470E-01
   3.4217753E+00   4.4348664E-03   2.6077521E-01   6.9852906E-01
   3.4268496E+00   2.0972670E-03   2.3630646E-01   6.9693190E-01
   3.4315944E+00   9.8729017E-04   3.0183235E-01   6.9970238E-01
   3.4366033E+00   1.2221202E-03   3.1097403E-01   6.9826877E-01
   3.4415798E+00   1.2463459E-03   3.3531767E-01   6.9976938E-01
   3.4465244E+00  -2.9249789E-04   3.5789952E-01   6.9963074E-01
   3.4514380E+00   2.9269289E-03   4.3482861E-01   6.9841748E-01
   3.4563210E+00   1.4164232E-03   4.2917401E-01   6.9889367E-01
   3.4611742E+00   1.7139420E-03   4.5408475E-01   6.9875652E-01
   3.4662814E+00  -5.1305228E-04   4.5824406E-01   6.9873947E-01
   3.4710755E+00  -3.2500847E-04   5.1299071E-01   6.9854873E-01
   3.4761214E+00  -1.5276411E-03   5.6751251E-01   7.0072901E-01
   3.4811368E+00  -1.1464863E-03   5.3599304E-01   6.9990301E-01
   3.4858460E+00  -5.3488684E-04   5.7348305E-01   6.9991583E-01
   3.4908037E+00  -1.3301201E-03   6.0770953E-01   6.9954318E-01
   3.4957330E+00   6.0630955E-05   5.4006916E-01   6.9877160E-01
   3.5006342E+00  -7.2682765E-03   8.6473042E-01   7.0091385E-01
   3.5057778E+00  -1.8638876E-03   6.6757953E-01   6.9974482E-01
   3.5106230E+00  -2.2140536E-03   7.0356965E-01   7.0040208E-01
   3.5154419E+00  -3.6740382E-03   7.0209444E-01   6.9830233E-01
   3.5205007E+00  -2.8046656E-03   7.2924954E-01   6.9984502E-01
   3.5252671E+00  -2.6605478E-03   7.9007113E-01   6.9965130E-01
   3.5302715E+00  -3.2329904E-03   7.6551133E-01   6.9950610E-01
   3.5352488E+00  -2.9125479E-03   8.3779132E-01   6.9960612E-01
   3.5401998E+00  -3.6646151E-03   8.5664749E-01   6.9964856E-01
   3.5451245E+00  -3.6214716E-03   8.5988152E-01   6.9966483E-01
   3.5500238E+00  -3.0785226E-03   8.2332176E-01   6.9917428E-01
   3.5548983E+00  -4.1564344E-03   9.0532476E-01   6.9978559E-01
   3.5600026E+00  -2.3603735E-03   9.4462633E-01   6.9966471E-01
   3.5648272E+00  -4.3175765E-03   9.4126344E-01   6.9963354E-01
   3.5698800E+00  -3.9290809E-03   9.9073815E-01   6.9974047E-01
   3.5746567E+00  -3.7382834E-03   1.0035883E+00   6.9966084E-01
   3.5796602E+00  -3.8910646E-03   9.8361862E-01   6.9921166E-01
   3.5846391E+00  -3.6251065E-03   1.0461738E+00   6.9991952E-01
   3.5895936E+00  -4.2549330E-03   1.0756172E+00   7.0001018E-01
   3.5945244E+00  -1.9253609E-03   1.1273047E+00   6.9992328E-01
   3.5994318E+00  -7.5552119E-03   1.1213304E+00   6.9997752E-01
   3.6043165E+00  -8.0023808E-03   1.1680671E+00   7.0036840E-01
   3.6091785E+00  -3.3415726E-03   1.1993213E+00   7.0073694E-01
   3.6140184E+00  -2.5509342E-03   1.1972499E+00   7.0032865E-01
   3.6190772E+00  -2.3990222E-03   1.2275460E+00   7.0092881E-01
   3.6238730E+00  -1.4220962E-03   1.2450801E+00   7.0020461E-01
   3.6288738E+00  -1.8279818E-03   1.2741132E+00   7.0107192E-01
   3.6338644E+00  -1.3345062E-03   1.3032593E+00   7.0034444E-01
   3.6388326E+00  -1.8837781E-03   1.3527322E+00   7.0032102E-01
   3.6437790E+00  -1.2597085E-03   1.2833149E+00   7.0001727E-01
   3.6487041E+00  -2.6291995E-03   1.2676357E+00   7.0132864E-01
   3.6536076E+00  -1.5110589E-03   1.4144557E+00   7.0105344E-01
   3.6584907E+00  -1.0329046E-03   1.4092460E+00   7.0125169E-01
   3.6633532E+00  -6.5272313E-04   1.4509320E+00   7.0139337E-01
   3.6684258E+00  -5.2887516E-04   1.4655689E+00   7.0144320E-01
   3.6732476E+00  -8.9544215E-04   1.4830092E+00   7.0197362E-01
   3.6782782E+00   1.7950354E-04   1.5072150E+00   7.0188898E-01
   3.6832640E+00  -1.6144438E-03   1.5475820E+00   7.0215857E-01
   3.6880033E+00   4.0737132E-04   1.5506289E+00   7.0085871E-01
   3.6929379E+00   6.6449895E-04   1.5913340E+00   7.0075464E-01
   3.6978762E+00   2.3206514E-04   1.6039281E+00   7.0222169E-01
   3.7028065E+00  -2.3564887E-06   1.6548277E+00   7.0340204E-01
   3.7077174E+00  -1.4265021E-04   1.6643161E+00   7.0538187E-01
   3.7128313E+00   4.6852132E-05   1.6906983E+00   7.0528740E-01
   3.7177038E+00  -4.0474709E-04   1.7594742E+00   7.0221442E-01
   3.7225578E+00  -3.0107324E-03   1.7503589E+00   7.0103043E-01
   3.7276130E+00  -2.2934147E-04   1.7679597E+00   7.0401442E-01
   3.7324302E+00  -2.5738110E-03   1.7822179E+00   6.9373322E-01
   3.7374477E+00   4.2414234E-04   1.8197136E+00   7.0679069E-01
   3.7422295E+00  -1.2190676E-04   1.8401561E+00   7.0680046E-01
   3.7472103E+00   1.1419666E-03   1.8737800E+00   7.0637864E-01
   3.7521615E+00  -1.7773943E-03   1.8775969E+00   7.0657355E-01
   3.7571061E+00   1.2330883E-03   1.9194890E+00   7.0704830E-01
   3.7620327E+00   2.5036174E-04   1.9462512E+00   7.0919991E-01
   3.7669420E+00   7.7347516E-04   1.9619261E+00   7.0901728E-01
   3.7718341E+00  -6.7576568E-04   1.9852051E+00   7.1054077E-01
   3.7769101E+00  -1.2382492E-03   2.0122366E+00   7.0776916E-01
   3.7817678E+00  -3.4108334E-03   2.0394011E+00   7.1266156E-01
   3.7866092E+00  -6.9642410E-04   2.0557413E+00   7.1134031E-01
   3.7916439E+00  -1.2587471E-03   2.1036665E+00   7.1396756E-01
   3.7966609E+00  -9.7511359E-04   2.0450139E+00   7.1346021E-01
   3.8014531E+00  -1.1712334E-03   2.1464491E+00   7.1248269E-01
   3.8064370E+00  -1.4859341E-03   2.1472425E+00   7.1323329E-01
   3.8114045E+00  -1.6566641E-03   2.1720471E+00   7.1607083E-01
   3.8163555E+00  -1.6609092E-03   2.1995833E+00   7.1587056E-01
   3.8212905E+00  -1.6623306E-03   2.2389510E+00   7.1466100E-01
   3.8262093E+00  -2.1295606E-03   2.2472415E+00   7.1360862E-01
   3.8311126E+00  -2.7301137E-03   2.2705193E+00   7.1424335E-01
   3.8360004E+00  -3.7485389E-03   2.2708592E+00   7.1690279E-01
   3.8408732E+00   1.4780101E-04   2.3238683E+00   7.1324694E-01
   3.8459225E+00  -2.2342596E-03   2.3559942E+00   7.1037859E-01
   3.8507540E+00   5.1491545E-03   2.3554597E+00   7.1303976E-01
   3.8557618E+00  -4.3472573E-03   2.3900733E+00   7.1588147E-01
   3.8605745E+00  -4.4411796E-04   2.4425581E+00   7.0982480E-01
   3.8655519E+00  -4.8551587E-03   2.4437437E+00   7.2446394E-01
   3.8704934E+00  -2.1953681E-03   2.4627025E+00   7.1613526E-01
   3.8754618E+00  -4.9657803E-03   2.4922307E+00   7.1322066E-01
   3.8804152E+00  -5.1001069E-04   2.5100362E+00   7.0958054E-01
   3.8853438E+00  -2.1886313E-03   2.5407887E+00   7.1309590E-01
   3.8902686E+00  -1.4131101E-03   2.5631092E+00   7.1322852E-01
   3.8951790E+00  -8.4911492E-03   2.5902245E+00   7.1375364E-01
   3.9000754E+00  -5.8088941E-03   2.6150138E+00   7.1283931E-01
   3.9049580E+00  -1.0635951E-03   2.6449516E+00   7.1231180E-01
   3.9100218E+00  -2.6686550E-03   2.6558182E+00   7.1198922E-01
   3.9148769E+00  -2.6447715E-03   2.6961772E+00   7.1145934E-01
   3.9199121E+00  -3.1859842E-03   2.7203615E+00   7.1142888E-01
   3.9247403E+00  -1.5911567E-03   2.7234147E+00   7.1080995E-01
   3.9297483E+00  -1.6046138E-03   2.7468531E+00   7.1032619E-01
   3.9345503E+00  -1.6028860E-03   2.7696238E+00   7.1073419E-01
   3.9395313E+00  -1.0042426E-03   2.7936778E+00   7.0827401E-01
   3.9444990E+00  -1.2951612E-03   2.8152640E+00   7.0671356E-01
   3.9494433E+00  -1.1167709E-03   2.8349359E+00   7.0817208E-01
   3.9543846E+00  -3.2943522E-04   2.8518107E+00   7.0303214E-01
   3.9593129E+00  -2.2241035E-03   2.8708310E+00   7.0490068E-01
   3.9642286E+00  -7.9015142E-04   2.9043875E+00   7.0557237E-01
   3.9691219E+00  -3.2195665E-03   2.9206822E+00   7.0396149E-01
   3.9740129E+00  -1.3073967E-03   2.9481535E+00   7.0306444E-01
   3.9790788E+00   1.0559352E-03   2.9667332E+00   7.0020038E-01
   3.9839447E+00  -7.4562081E-04   2.9824765E+00   7.0274228E-01
   3.9887986E+00  -1.7394664E-03   3.0002923E+00   7.0362878E-01
   3.9938076E+00   7.0778176E-04   3.0353551E+00   7.0117587E-01
   3.9987943E+00   1.7394088E-04   3.0396738E+00   6.9929552E-01
   4.0036125E+00   9.0331712E-04   3.0611060E+00   6.9707578E-01
   4.0086045E+00   1.3039308E-03   3.0829959E+00   6.9641650E-01
   4.0135837E+00   2.5658470E-03   3.0985508E+00   6.9465768E-01
   4.0183678E+00   2.6698987E-04   3.0993092E+00   6.9435847E-01
   4.0233240E+00   8.6868647E-04   3.1376762E+00   6.9263291E-01
   4.0282688E+00   6.9309981E-04   3.1535687E+00   6.9053507E-01
   4.0332017E+00   2.8620721E-03   3.1764021E+00   6.8877041E-01
   4.0382733E+00   1.8152810E-03   3.1932018E+00   6.8682420E-01
   4.0429850E+00   3.4126595E-03   3.2137411E+00   6.8092120E-01
   4.0481648E+00   2.7694516E-03   3.2277877E+00   6.9028527E-01
   4.0533080E+00   5.9271608E-03   3.2498982E+00   6.6716510E-01
   4.0578227E+00   3.7297290E-03   3.2609239E+00   6.7043769E-01
   4.0623169E+00  -1.9975433E-03   3.2565398E+00   7.4766117E-01
   4.0677800E+00   2.6673176E-03   3.2591305E+00   6.6635263E-01
   4.0726366E+00   1.1072380E-02   3.3120699E+00   6.7023587E-01
   4.0782590E+00  -3.4064613E-03   3.2840676E+00   6.9720435E-01
   4.0824137E+00   9.5103150E-03   3.3800113E+00   6.6337579E-01
   4.0864835E+00   5.8254395E-03   3.3432326E+00   6.6798961E-01
   4.0931802E+00   2.0679550E-03   3.3503942E+00   6.6817594E-01
   4.0982537E+00   9.3352664E-03   3.3636096E+00   6.7086256E-01
   4.1018867E+00   1.5739414E-03   3.3679509E+00   6.9931871E-01
   4.1073613E+00   4.2845691E-03   3.3901968E+00   6.7012239E-01
   4.1128726E+00   5.2288347E-03   3.3766694E+00   6.6315967E-01
   4.1163864E+00   8.0438145E-03   3.3676262E+00   6.5868574E-01
   4.1219573E+00   2.3622636E-03   3.4358664E+00   6.7179823E-01
   4.1279230E+00   6.7640962E-03   3.4046822E+00   6.6795039E-01
   4.1315207E+00   9.7360602E-03   3.4181828E+00   6.6515505E-01
   4.1362071E+00   6.5608583E-03   3.4262013E+00   6.6065264E-01
   4.1416321E+00   7.3634312E-03   3.4114211E+00   6.5918940E-01
   4.1457157E+00   2.1181146E-03   3.4129882E+00   6.5685105E-01
   4.1519933E+00   6.6127637E-03   3.3748250E+00   6.4988506E-01
   4.1558146E+00   9.6718799E-03   3.3972933E+00   6.5110821E-01
   4.1620669E+00   9.2223277E-03   3.4403865E+00   6.5320987E-01
   4.1666188E+00   1.0250254E-03   3.4422972E+00   6.5178877E-01
   4.1710100E+00   8.0153039E-03   3.3716447E+00   6.5483201E-01
   4.1766872E+00   4.2340988E-03   3.4172230E+00   6.5433067E-01
   4.1807961E+00   6.4438423E-03   3.4341645E+00   6.5253073E-01
   4.1864862E+00   1.1997881E-02   3.3570261E+00   6.2602770E-01
   4.1919751E+00   6.0371896E-03   3.3951476E+00   6.3062823E-01
   4.1959057E+00   3.9179004E-03   3.4504695E+00   6.6052186E-01
   4.2000270E+00   5.4319166E-03   3.2921646E+00   6.3538671E-01
   4.2065191E+00   8.2393037E-03   3.3880644E+00   6.3626248E-01
   4.2103820E+00   1.1675338E-03   3.4118161E+00   6.3548249E-01
   4.2165499E+00   6.3853441E-03   3.3725331E+00   6.3393450E-01
   4.2207804E+00   8.0833742E-03   3.3479867E+00   6.3397908E-01
   4.2250209E+00   8.9999102E-03   3.3221786E+00   6.3378388E-01
   4.2312708E+00   7.3173638E-03   3.3160932E+00   6.3323468E-01
   4.2354655E+00   8.8666743E-03   3.3122618E+00   6.3286668E-01
   4.2396445E+00   4.5957337E-03   3.3124220E+00   6.3228589E-01
   4.2453899E+00   5.9233303E-03   3.2905397E+00   6.3022608E-01
   4.2493825E+00   9.3700755E-03   3.2748401E+00   6.2881118E-01
   4.2555251E+00   8.5235843E-03   3.2431705E+00   6.2633371E-01
   4.2595696E+00   8.4572779E-03   3.2303252E+00   6.2435257E-01
   4.2655716E+00   8.3582802E-03   3.2187307E+00   6.2207633E-01
   4.2695360E+00   7.0755235E-03   3.1975312E+00   6.1986160E-01
   4.2749629E+00   3.0368059E-03   3.1621346E+00   6.1804104E-01
   4.2798882E+00   4.7622356E-03   3.1541080E+00   6.1660230E-01
   4.2855263E+00   5.8879498E-03   3.1279652E+00   6.1597282E-01
   4.2893834E+00   6.4622550E-03   3.1025543E+00   6.1618477E-01
   4.2951503E+00   6.6397344E-03   3.0651307E+00   6.1535829E-01
   4.2989783E+00   4.0258504E-03   3.0526576E+00   6.1338496E-01
   4.3046985E+00   6.3895257E-03   3.0319943E+00   6.1400878E-01
   4.3084960E+00   8.5908752E-03   3.0179262E+00   6.1364454E-01
   4.3141704E+00   7.5279889E-03   2.9625580E+00   6.1141717E-01
   4.3198204E+00   5.8307382E-03   2.9208333E+00   6.0957581E-01
   4.3247285E+00   4.8201596E-03   2.9050364E+00   6.0784376E-01
   4.3298659E+00   5.0078202E-03   2.8673718E+00   6.0623372E-01
   4.3335924E+00   8.0622602E-03   2.8412666E+00   6.0554188E-01
   4.3391685E+00   8.6962553E-03   2.8176801E+00   6.0488057E-01
   4.3446622E+00   1.7612545E-03   2.7704518E+00   6.0228878E-01
   4.3482866E+00   8.4513910E-03   2.7517364E+00   6.0138059E-01
   4.3538275E+00   4.0311585E-03   2.7058995E+00   6.0020536E-01
   4.3593612E+00   5.4069948E-03   2.6331964E+00   5.9934098E-01
   4.3630576E+00   6.8596676E-03   2.6201479E+00   5.9897071E-01
   4.3681145E+00   7.0234640E-03   2.6087074E+00   5.9834176E-01
   4.3734779E+00   3.5570797E-03   2.5610547E+00   5.9861642E-01
   4.3789082E+00   3.2561442E-03   2.4680452E+00   5.9586567E-01
   4.3825154E+00   4.3259822E-03   2.4514074E+00   5.9662509E-01
   4.3879256E+00   4.2265072E-03   2.4280846E+00   5.9547848E-01
   4.3932209E+00   5.9285294E-03   2.3806067E+00   5.9369832E-01
   4.3985839E+00   2.1210369E-03   2.3323598E+00   5.9252542E-01
   4.4037385E+00   3.4370294E-03   2.2438614E+00   5.9130698E-01
   4.4072447E+00   3.3332384E-03   2.2222102E+00   5.9000134E-01
   4.4126019E+00   4.0969704E-03   2.1892002E+00   5.8755225E-01
   4.4179897E+00   2.2664247E-03   2.1594629E+00   5.9014195E-01
   4.4228926E+00   1.6196127E-03   2.1111672E+00   5.8888048E-01
   4.4274850E+00   3.8862617E-03   2.0386989E+00   5.8816165E-01
   4.4320135E+00   3.3518716E-03   1.9782577E+00   5.8789462E-01
   4.4377341E+00  -2.0916210E-03   1.9279680E+00   5.8677405E-01
   4.4420652E+00   5.6809792E-03   1.9041455E+00   5.8800048E-01
   4.4475417E+00   3.7434874E-03   1.8252690E+00   5.8655351E-01
   4.4523602E+00   8.6507220E-03   1.7770764E+00   5.8539522E-01
   4.4577250E+00   4.5035136E-04   1.7305712E+00   5.8410954E-01
   4.4625559E+00   1.4682494E-03   1.6770363E+00   5.8307093E-01
   4.4669824E+00   3.7928303E-03   1.6057366E+00   5.8137476E-01
   4.4718232E+00  -2.7171921E-04   1.5398456E+00   5.7973051E-01
   4.4774046E+00  -8.2310019E-03   1.5036764E+00   5.7796359E-01
   4.4819832E+00   7.3910976E-04   1.4454373E+00   5.7795715E-01
   4.4869571E+00  -2.4701299E-03   1.3804889E+00   5.7635391E-01
   4.4913015E+00  -3.2936726E-03   1.3260248E+00   5.7587993E-01
   4.4968877E+00  -1.3863324E-03   1.2625763E+00   5.7479674E-01
   4.5014729E+00  -1.3501167E-03   1.1975180E+00   5.7408553E-01
   4.5062866E+00  -2.3922739E-03   1.1451647E+00   5.7368833E-01
   4.5113797E+00  -5.1633171E-03   1.0891150E+00   5.7281727E-01
   4.5166769E+00  -4.0566861E-03   1.0429726E+00   5.7294804E-01
   4.5219731E+00  -8.8694254E-03   9.6555978E-01   5.7094389E-01
   4.5258760E+00   1.9287328E-03   8.6992157E-01   5.7103151E-01
   4.5314374E+00  -3.3849657E-03   8.3786297E-01   5.7107407E-01
   4.5355506E+00  -6.7360904E-03   8.2208055E-01   5.6927997E-01
   4.5410919E+00  -2.3010146E-04   7.1503282E-01   5.6342363E-01
   4.5466070E+00  -8.8253757E-03   6.2114495E-01   5.6711704E-01
   4.5507412E+00  -5.4762089E-03   6.0454106E-01   5.6750906E-01
   4.5561123E+00  -5.7085636E-03   5.7099622E-01   5.6801218E-01
   4.5607786E+00  -4.3153493E-03   5.1167160E-01   5.6763619E-01
   4.5659628E+00  -4.1738525E-03   4.1784596E-01   5.6320792E-01
   4.5703216E+00  -4.6448139E-03   2.8901365E-01   5.6727636E-01
   4.5756192E+00  -7.6393713E-03   2.9961970E-01   5.6735510E-01
   4.5803289E+00  -1.2411743E-02   2.5764465E-01   5.6773388E-01
   4.5857816E+00  -4.3860851E-03   2.1301934E-01   5.6695712E-01
   4.5898685E+00  -1.0372744E-02   1.3253121E-01   5.6668383E-01
   4.5961633E+00  -6.4748605E-03   4.6492677E-02   5.6550586E-01
   4.6003885E+00  -5.4522413E-03   1.3576728E-02   5.6504631E-01
   4.6046381E+00  -1.2098705E-02  -3.3809394E-02   5.6473410E-01
   4.6110635E+00  -6.3093607E-03  -9.2182986E-02   5.6389326E-01
   4.6153779E+00  -1.0729917E-02  -1.4893359E-01   5.6338894E-01
   4.6197205E+00  -7.2834841E-03  -3.5027602E-01   5.6360257E-01
   4.6240349E+00  -1.0975496E-02  -3.0674654E-01   5.6253874E-01
   4.6300144E+00  -6.8089436E-03  -2.5265640E-01   5.6187105E-01
   4.6355162E+00  -1.0131997E-02  -3.2240251E-01   5.6076151E-01
   4.6389852E+00  -7.3983767E-03  -4.2131662E-01   5.6042498E-01
   4.6438713E+00  -7.6315105E-03  -5.1163507E-01   5.5969894E-01
   4.6497626E+00  -8.0744103E-03  -5.6081867E-01   5.5877215E-01
   4.6551032E+00  -7.7103195E-03  -6.0703617E-01   5.5775756E-01
   4.6599646E+00  -9.6636293E-03  -6.8814474E-01   5.5698341E-01
   4.6649213E+00  -8.5601415E-03  -7.4074227E-01   5.5623329E-01
   4.6693277E+00  -8.6318264E-03  -7.7482706E-01   5.5558938E-01
   4.6744285E+00  -1.0014039E-02  -8.2097423E-01   5.5518490E-01
   4.6782684E+00  -9.3850596E-03  -8.6920756E-01   5.5447936E-01
   4.6846061E+00  -1.2113515E-02  -9.4384241E-01   5.5387217E-01
   4.6885314E+00  -6.9491188E-03  -9.9015403E-01   5.5348110E-01
   4.6938729E+00  -1.1043155E-02  -1.0348995E+00   5.5315006E-01
   4.6987014E+00  -1.2611186E-02  -1.0844640E+00   5.5382729E-01
   4.7031107E+00  -6.3762660E-03  -1.1216024E+00   5.5283076E-01
   4.7084498E+00  -8.7049836E-03  -1.1832782E+00   5.5650431E-01
   4.7135239E+00  -9.3308529E-03  -1.2466787E+00   5.5438387E-01
   4.7179523E+00  -9.6733682E-03  -1.2946763E+00   5.5438066E-01
   4.7238760E+00  -1.1164048E-02  -1.3365448E+00   5.5519146E-01
   4.7278552E+00  -1.1136166E-02  -1.3705343E+00   5.5584550E-01
   4.7339272E+00  -1.2291074E-02  -1.4584650E+00   5.5548072E-01
   4.7386441E+00  -8.6066099E-03  -1.4875611E+00   5.5575657E-01
   4.7434964E+00  -1.9591218E-02  -1.5202777E+00   5.5563891E-01
   4.7483511E+00  -8.5772099E-03  -1.5471355E+00   5.5592966E-01
   4.7527113E+00  -1.4758501E-02  -1.5983419E+00   5.5712491E-01
   4.7576847E+00  -1.3208768E-02  -1.6480017E+00   5.5690295E-01
   4.7637296E+00  -7.1589975E-03  -1.6990733E+00   5.5773252E-01
   4.7671871E+00  -1.2870274E-02  -1.7260013E+00   5.5870843E-01
   4.7723880E+00  -1.2074558E-02  -1.7602949E+00   5.5930352E-01
   4.7780933E+00  -1.1578339E-02  -1.8096535E+00   5.5970687E-01
   4.7818875E+00  -1.1039456E-02  -1.8276051E+00   5.5975139E-01
   4.7872128E+00  -1.1967191E-02  -1.8772006E+00   5.6049502E-01
   4.7928710E+00  -1.4213838E-02  -1.9228675E+00   5.6097704E-01
   4.7978587E+00  -1.0764055E-02  -1.9642855E+00   5.6021935E-01
   4.8020506E+00  -1.1761382E-02  -1.9765850E+00   5.6087911E-01
   4.8076043E+00  -1.0523134E-02  -1.9851930E+00   5.6219769E-01
   4.8117285E+00  -7.7469377E-03  -2.0342505E+00   5.6326497E-01
   4.8169537E+00  -1.2481856E-02  -2.0736079E+00   5.6363988E-01
   4.8213964E+00  -1.2799731E-02  -2.1187186E+00   5.6436372E-01
   4.8272338E+00  -1.4896244E-02  -2.1323125E+00   5.6532097E-01
   4.8315043E+00  -1.4282518E-02  -2.1508791E+00   5.6627077E-01
   4.8373060E+00  -3.8785271E-03  -2.1862876E+00   5.6643260E-01
   4.8423014E+00  -1.5206521E-02  -2.2102573E+00   5.6767261E-01
   4.8467546E+00  -8.6986041E-03  -2.2406225E+00   5.6857878E-01
   4.8516212E+00  -9.1978284E-03  -2.2667496E+00   5.6965506E-01
   4.8571634E+00  -6.0385098E-03  -2.2920260E+00   5.7155663E-01
   4.8622236E+00  -7.0760767E-03  -2.3176928E+00   5.7213664E-01
   4.8667231E+00  -9.3347793E-03  -2.3376720E+00   5.7338476E-01
   4.8719311E+00  -9.1717150E-03  -2.3633952E+00   5.7522339E-01
   4.8769760E+00  -6.8783485E-03  -2.3821189E+00   5.7627469E-01
   4.8815508E+00  -7.5630248E-03  -2.4071727E+00   5.7737923E-01
   4.8866692E+00  -7.0505682E-03  -2.4294431E+00   5.7835358E-01
   4.8905225E+00  -7.2892169E-03  -2.4597697E+00   5.8076239E-01
   4.8964486E+00  -7.1385344E-03  -2.4610093E+00   5.8008641E-01
   4.9016962E+00  -8.3697066E-03  -2.4718699E+00   5.8176190E-01
   4.9055238E+00  -7.1455715E-03  -2.4834001E+00   5.8348703E-01
   4.9119163E+00  -8.3837481E-03  -2.5308456E+00   5.8706325E-01
   4.9162374E+00  -8.6348848E-03  -2.5438786E+00   5.8828121E-01
   4.9210014E+00  -7.1842098E-03  -2.5592735E+00   5.8974361E-01
   4.9258204E+00  -6.9972300E-03  -2.5719974E+00   5.9166741E-01
   4.9319720E+00  -7.6214210E-03  -2.5877173E+00   5.9436309E-01
