  flscon:  version 23.2.0.01  win64 2022 
 FLOW-3D   01:32:43  03/06/2024 iqiq     
   hydr3d   version  23.2.0.20 win64     12/04/2023 HYDRO    
 Simulation Template: Free Surface - TruVOF (Default)                            

Mesh Block   1
 printing pfxob, pfyob, pfzob       
       1     1002      0.000E+00      3.341E+00
   time              pfxob_1         pfyob_1         pfzob_1
   0.0000000E+00  -1.9138103E-04   3.9239907E+00  -3.4063032E-01
   7.8659592E-04   5.7991892E-03  -5.4844861E+02   4.3938828E+00
   3.6263005E-03  -8.9528020E-03   3.5031340E+00  -1.1754874E-01
   6.5966276E-03  -1.0457789E-03   3.6914616E+00  -1.6268979E-01
   1.0121006E-02  -5.7301647E-04   3.6273122E+00  -1.7009261E-01
   1.3254327E-02  -1.2220630E-03   3.6832552E+00  -1.7835720E-01
   1.6881537E-02   7.9715048E-04   3.7258670E+00  -1.8088956E-01
   1.9612020E-02   2.9592560E-05   3.7592993E+00  -1.8254654E-01
   2.2622377E-02  -2.2418609E-04   3.8129549E+00  -2.0249076E-01
   2.6873128E-02   2.1679194E-03   3.8386719E+00  -2.0615432E-01
   3.0654134E-02   2.8107108E-03   3.9052074E+00  -2.1911214E-01
   3.3500388E-02   1.1776165E-03   3.9195278E+00  -2.1955642E-01
   3.6638387E-02  -4.1476561E-04   4.0042992E+00  -2.2698440E-01
   4.0098026E-02   1.5523614E-03   4.0045214E+00  -2.1506061E-01
   4.3912284E-02   1.0636430E-03   4.0216575E+00  -2.3048085E-01
   4.5963608E-02   2.3397468E-03   4.0381646E+00  -2.3212758E-01
   5.0649140E-02   1.4324301E-03   4.1427259E+00  -2.2915122E-01
   5.3819615E-02   3.8990511E-03   4.1324301E+00  -2.4421644E-01
   5.6828983E-02   1.7341593E-03   4.1444635E+00  -2.3896188E-01
   6.0029671E-02   5.3606287E-04   4.2050662E+00  -2.5656140E-01
   6.4031854E-02   3.9636050E-03   4.2863612E+00  -2.4308471E-01
   6.6755250E-02   5.5066282E-03   4.3122606E+00  -2.7551922E-01
   7.0905358E-02   5.3324127E-03   4.3362031E+00  -2.6362926E-01
   7.4029468E-02   1.7948634E-03   4.3630843E+00  -2.7205119E-01
   7.7473804E-02   6.8484102E-03   4.4059992E+00  -2.7388397E-01
   7.9326183E-02   3.1840280E-03   4.4283457E+00  -2.7522960E-01
   8.3216302E-02   1.8096548E-03   4.5180869E+00  -2.8408250E-01
   8.6612940E-02   1.8926742E-03   4.4821992E+00  -2.8850031E-01
   9.0249144E-02  -1.3727294E-03   4.5132508E+00  -2.8879604E-01
   9.4080634E-02   2.2052370E-03   4.5940247E+00  -2.9665530E-01
   9.6102625E-02   2.5989134E-03   4.5951662E+00  -3.0074567E-01
   9.9980511E-02   2.2511682E-03   4.6048217E+00  -3.0432358E-01
   1.0334614E-01   1.6955427E-03   4.6699419E+00  -3.2112327E-01
   1.0689142E-01   3.7652559E-03   4.7199159E+00  -3.2520348E-01
   1.0956023E-01   4.8550298E-03   4.7351990E+00  -3.2366380E-01
   1.1408500E-01   2.3820542E-03   4.7634993E+00  -3.3161286E-01
   1.1749115E-01   1.9141620E-03   4.8022194E+00  -3.3846158E-01
   1.2122594E-01   2.5683534E-03   4.8473673E+00  -3.4526354E-01
   1.2322403E-01   1.6872864E-03   4.8448644E+00  -3.4655198E-01
   1.2644333E-01   3.7348880E-03   4.8624563E+00  -3.5090598E-01
   1.2974425E-01   4.4317573E-04   4.9006777E+00  -3.5854575E-01
   1.3304368E-01   1.6882296E-03   4.9472189E+00  -3.6688694E-01
   1.3758312E-01   1.1415592E-03   4.9904666E+00  -3.7988532E-01
   1.4071092E-01   2.5600968E-03   5.0119834E+00  -3.8179478E-01
   1.4374134E-01   2.4626986E-03   5.0423312E+00  -3.8759625E-01
   1.4681603E-01   2.9217915E-03   5.0758829E+00  -3.9122114E-01
   1.5016302E-01   3.4372299E-03   5.1041827E+00  -3.9540419E-01
   1.5327369E-01   2.6139116E-03   5.1308060E+00  -4.0122798E-01
   1.5764970E-01   5.7259821E-03   5.1771874E+00  -4.0709266E-01
   1.6060694E-01   5.5179512E-03   5.1974592E+00  -4.1117716E-01
   1.6386728E-01   1.0750431E-03   5.2242770E+00  -4.1606313E-01
   1.6746181E-01   2.6256533E-03   5.2559142E+00  -4.2293924E-01
   1.7077680E-01   2.8804438E-03   5.2973056E+00  -4.3324378E-01
   1.7353372E-01   5.6868941E-03   5.3183889E+00  -4.3231073E-01
   1.7651834E-01   3.7030682E-03   5.3402834E+00  -4.3447444E-01
   1.7980887E-01   3.1934713E-03   5.3714218E+00  -4.3800557E-01
   1.8337588E-01   6.5181181E-03   5.3866124E+00  -4.5801517E-01
   1.8650234E-01   5.1202951E-03   5.4275980E+00  -4.5231983E-01
   1.9046415E-01   4.3996163E-03   5.4710684E+00  -4.5241377E-01
   1.9394459E-01  -3.8493411E-03   5.5194492E+00  -4.5270517E-01
   1.9706930E-01   4.2971154E-03   5.5505743E+00  -4.4603822E-01
   2.0037118E-01   8.7996861E-03   5.5567169E+00  -4.5090303E-01
   2.0330669E-01   3.3353129E-03   5.5602427E+00  -4.5936036E-01
   2.0670490E-01   2.4034281E-03   5.6031904E+00  -4.6305352E-01
   2.1004906E-01   2.4333668E-03   5.6351843E+00  -4.6261686E-01
   2.1357259E-01   9.6933898E-03   5.6713657E+00  -4.5407653E-01
   2.1761250E-01   3.3569054E-03   5.6773252E+00  -4.6706370E-01
   2.2090603E-01   4.5961663E-03   5.7035675E+00  -4.5064503E-01
   2.2418384E-01   1.7410181E-04   5.7265191E+00  -4.6912584E-01
   2.2712706E-01   3.4178207E-03   5.7607937E+00  -4.7382984E-01
   2.3088345E-01   4.5764516E-03   5.7617230E+00  -4.7124553E-01
   2.3361866E-01   8.9805499E-03   5.7918181E+00  -4.7058627E-01
   2.3767820E-01   4.9849022E-03   5.8442082E+00  -4.7157782E-01
   2.4042724E-01   3.4072250E-03   5.7661276E+00  -4.8640344E-01
   2.4358247E-01   2.5262395E-03   5.8448606E+00  -4.6100527E-01
   2.4709490E-01  -4.0164068E-03   5.9657540E+00  -4.6443325E-01
   2.5095037E-01   1.1727916E-02   5.8914442E+00  -4.7688147E-01
   2.5381172E-01   6.3203680E-03   5.8625283E+00  -4.9118912E-01
   2.5759077E-01   9.6484562E-03   5.9154367E+00  -4.6408913E-01
   2.6039132E-01  -2.6498450E-04   5.9270806E+00  -4.9106565E-01
   2.6407558E-01   3.3693810E-03   5.9734087E+00  -4.8712996E-01
   2.6758695E-01   1.2274227E-02   5.9582620E+00  -4.8389885E-01
   2.7028894E-01  -2.5722329E-03   5.9752293E+00  -5.1172936E-01
   2.7384743E-01  -1.3419024E-02   5.9893246E+00  -5.0015467E-01
   2.7721179E-01   7.1772267E-03   6.0080495E+00  -5.2122003E-01
   2.8088212E-01   5.5020805E-03   5.9643354E+00  -5.2220857E-01
   2.8404811E-01   1.1918019E-02   6.0072732E+00  -5.3381932E-01
   2.8731799E-01   1.7166787E-03   6.0127525E+00  -5.4490107E-01
   2.9060173E-01   1.3551270E-02   6.0521402E+00  -5.5516875E-01
   2.9387429E-01  -4.9318369E-03   6.0252991E+00  -5.6318086E-01
   2.9711485E-01   4.1694555E-04   6.0248079E+00  -5.6328040E-01
   3.0023777E-01   5.3378851E-03   6.0444932E+00  -5.6984824E-01
   3.0398843E-01  -1.0846473E-04   6.0268769E+00  -5.8515626E-01
   3.0773124E-01  -1.0949296E-02   6.0077066E+00  -6.0766119E-01
   3.1070212E-01   4.2183525E-03   6.0317841E+00  -5.9719676E-01
   3.1362900E-01  -4.9140523E-03   6.0257354E+00  -5.9729791E-01
   3.1736112E-01   1.1394392E-02   6.0159783E+00  -6.2440389E-01
   3.2107380E-01   2.4510110E-02   5.9814086E+00  -6.3632417E-01
   3.2379538E-01   9.6660852E-03   5.9767852E+00  -6.5291244E-01
   3.2734320E-01  -7.4271350E-03   5.9484353E+00  -6.5312701E-01
   3.3068857E-01  -1.5357737E-02   5.9047432E+00  -6.5281558E-01
   3.3391315E-01  -1.2236186E-02   5.8986244E+00  -6.6479272E-01
   3.3721495E-01  -4.8221063E-04   5.9009929E+00  -6.8887478E-01
   3.4044516E-01   8.2035642E-03   5.9018621E+00  -6.8841952E-01
   3.4439364E-01  -1.2470845E-02   5.8378849E+00  -7.0067197E-01
   3.4748670E-01  -6.0642473E-03   5.7887244E+00  -7.1205127E-01
   3.5053074E-01  -9.4897274E-05   5.8122501E+00  -7.2079504E-01
   3.5428995E-01   5.0778827E-03   5.7748032E+00  -7.2953582E-01
   3.5725284E-01  -1.6267467E-02   5.7534456E+00  -7.3204106E-01
   3.6090565E-01  -5.0789407E-03   5.6842694E+00  -7.4101782E-01
   3.6380050E-01  -6.3503403E-03   5.6602578E+00  -7.4647701E-01
   3.6742866E-01  -8.8918898E-03   5.6491146E+00  -7.5351292E-01
   3.7116480E-01  -7.8203175E-03   5.6297379E+00  -7.6400304E-01
   3.7392229E-01  -1.7254538E-03   5.5687976E+00  -7.6845360E-01
   3.7788686E-01   3.7847580E-03   5.4103022E+00  -7.8044367E-01
   3.8102987E-01  -3.2595431E-03   5.4938121E+00  -7.7933174E-01
   3.8422468E-01  -6.9709639E-03   5.4979215E+00  -7.8646499E-01
   3.8771850E-01   1.4403687E-02   5.2137179E+00  -8.0643588E-01
   3.9062712E-01  -1.9090232E-02   5.3099203E+00  -7.8528053E-01
   3.9452493E-01   9.4430018E-03   5.3366585E+00  -8.0626673E-01
   3.9783487E-01   7.1036024E-03   5.2086596E+00  -8.1180596E-01
   4.0100676E-01   2.4668362E-02   5.1409178E+00  -8.1320280E-01
   4.0461591E-01  -3.2802250E-02   5.0839949E+00  -8.2714671E-01
   4.0720060E-01  -1.3677455E-02   5.1193233E+00  -8.2820821E-01
   4.1062784E-01   8.0378372E-03   5.0477262E+00  -8.4370905E-01
   4.1434988E-01  -4.8134839E-03   4.9810724E+00  -8.4931648E-01
   4.1797304E-01   1.6455074E-03   4.9063902E+00  -8.5578519E-01
   4.2063189E-01  -4.1573010E-03   4.8010540E+00  -8.6541158E-01
   4.2421195E-01  -9.7671049E-03   4.7446737E+00  -8.7005675E-01
   4.2717674E-01   2.5715737E-03   4.7079582E+00  -8.7453175E-01
   4.3060225E-01   5.2022948E-03   4.6662669E+00  -8.7920749E-01
   4.3388671E-01  -1.6430819E-04   4.6387639E+00  -8.8768280E-01
   4.3746105E-01  -2.6436104E-02   4.4623580E+00  -9.1094655E-01
   4.4108814E-01   1.2238800E-02   4.3941250E+00  -9.0538001E-01
   4.4479662E-01   1.3445466E-04   4.3600760E+00  -9.1310632E-01
   4.4756564E-01  -6.6244560E-03   4.3257093E+00  -9.1823387E-01
   4.5048723E-01  -2.8997360E-02   4.2389994E+00  -9.2456251E-01
   4.5405716E-01   1.4644520E-02   4.0637388E+00  -9.3032604E-01
   4.5812815E-01   1.5170058E-02   4.0106673E+00  -9.4136268E-01
   4.6043906E-01  -1.2487290E-02   3.9901676E+00  -9.4054204E-01
   4.6414098E-01   3.2287647E-04   3.9462233E+00  -9.5042849E-01
   4.6796092E-01   8.3311982E-03   3.7932026E+00  -9.5913130E-01
   4.7049451E-01   2.6553329E-02   3.7104836E+00  -9.6793348E-01
   4.7405872E-01   7.2954275E-04   3.6096048E+00  -9.8280066E-01
   4.7777605E-01   8.7654674E-03   3.5498760E+00  -9.9265736E-01
   4.8144743E-01   1.7048541E-02   3.5147665E+00  -9.8871970E-01
   4.8431224E-01   5.1370636E-03   3.4246979E+00  -9.9817425E-01
   4.8806471E-01   2.7933195E-02   3.2540352E+00  -1.0130351E+00
   4.9086553E-01  -5.0873384E-03   3.1801343E+00  -1.0185136E+00
   4.9464598E-01   1.2189131E-02   3.1223137E+00  -1.0281535E+00
   4.9752787E-01   4.7517098E-03   3.0751512E+00  -1.0354925E+00
   5.0115770E-01  -7.0942397E-04   2.8521841E+00  -1.0547893E+00
   5.0438380E-01   4.8499485E-03   2.8066015E+00  -1.0546080E+00
   5.0802737E-01   6.9508208E-03   2.7376342E+00  -1.0628631E+00
   5.1080757E-01  -1.3423934E-02   2.6903107E+00  -1.0673290E+00
   5.1462603E-01   2.4267267E-02   2.4944007E+00  -1.0787251E+00
   5.1782399E-01  -2.7996937E-02   2.3781133E+00  -1.0840328E+00
   5.2101171E-01   4.6355566E-03   2.3290756E+00  -1.0934985E+00
   5.2472246E-01  -1.9937356E-03   2.2046738E+00  -1.1051887E+00
   5.2778572E-01  -1.2669373E-02   2.1272976E+00  -1.1126841E+00
   5.3088206E-01  -1.3224720E-03   2.0468123E+00  -1.1173100E+00
   5.3460765E-01   8.6135501E-03   1.9237177E+00  -1.1276983E+00
   5.3769308E-01  -7.1008480E-04   1.8336140E+00  -1.1362746E+00
   5.4117447E-01  -1.0236305E-02   1.6691535E+00  -1.1417103E+00
   5.4464877E-01  -8.2594715E-03   1.5660123E+00  -1.1515533E+00
   5.4787910E-01  -2.1975458E-02   1.5076146E+00  -1.1593331E+00
   5.5096000E-01  -2.5230269E-03   1.4278042E+00  -1.1637249E+00
   5.5454701E-01  -5.8638114E-03   1.2471999E+00  -1.1722921E+00
   5.5805528E-01  -1.2110796E-02   1.1383102E+00  -1.1764967E+00
   5.6147408E-01  -4.6880210E-05   1.0324000E+00  -1.1843321E+00
   5.6482756E-01   1.2773464E-02   8.8328588E-01  -1.1883413E+00
   5.6785941E-01  -1.8990852E-02   7.8732002E-01  -1.1879719E+00
   5.7131249E-01  -1.3509398E-02   7.4215657E-01  -1.1976374E+00
   5.7474548E-01  -2.0701541E-03   6.4728355E-01  -1.2032278E+00
   5.7810146E-01  -3.0556018E-02   4.7835886E-01  -1.2065449E+00
   5.8166128E-01   4.0482711E-03   3.0578101E-01  -1.2093207E+00
   5.8439475E-01   7.1135131E-03   2.7716428E-01  -1.2070917E+00
   5.8775496E-01  -9.7142458E-03   1.8386051E-01  -1.2089828E+00
   5.9128886E-01  -3.3876918E-02   7.7004083E-02  -1.2141012E+00
   5.9491163E-01  -1.0402200E-02  -5.6936648E-02  -1.2055558E+00
   5.9820771E-01  -3.1158398E-03  -1.7087911E-01  -1.2116740E+00
   6.0138983E-01  -2.1443576E-02  -2.8931376E-01  -1.2108345E+00
   6.0455775E-01  -1.3300417E-02  -3.5337165E-01  -1.2095644E+00
   6.0773796E-01  -2.1814946E-03  -4.4545603E-01  -1.2034035E+00
   6.1108500E-01  -6.1858874E-03  -6.1398631E-01  -1.2072598E+00
   6.1481714E-01  -2.2736458E-02  -7.0799172E-01  -1.2057511E+00
   6.1757290E-01  -1.3916766E-02  -7.4032682E-01  -1.2029424E+00
   6.2147701E-01  -1.0666672E-02  -8.3244067E-01  -1.2061782E+00
   6.2430793E-01   1.5240619E-03  -9.0874600E-01  -1.1992178E+00
   6.2806594E-01  -1.3817158E-02  -1.1850985E+00  -1.1977553E+00
   6.3113242E-01  -1.8526293E-02  -1.2429281E+00  -1.1961195E+00
   6.3504612E-01   2.0820862E-02  -1.2114552E+00  -1.1852814E+00
   6.3789588E-01  -2.7901050E-02  -1.3197838E+00  -1.1866915E+00
   6.4112788E-01  -4.2909174E-03  -1.4514304E+00  -1.1843632E+00
   6.4497137E-01  -7.5021670E-03  -1.5883111E+00  -1.1677306E+00
   6.4848995E-01  -2.4665443E-02  -1.7381500E+00  -1.1864010E+00
   6.5108627E-01  -1.9346336E-02  -1.7284313E+00  -1.1709254E+00
   6.5490955E-01  -1.9099761E-02  -1.8079350E+00  -1.1709040E+00
   6.5770644E-01   3.2966607E-03  -1.8826646E+00  -1.1609485E+00
   6.6173440E-01  -1.2598017E-02  -2.0555677E+00  -1.1501005E+00
   6.6473687E-01  -2.4498343E-02  -2.1691070E+00  -1.1513382E+00
   6.6794044E-01   1.4138941E-02  -2.1191428E+00  -1.1464946E+00
   6.7147499E-01   4.1945856E-03  -2.2608421E+00  -1.1394659E+00
   6.7473704E-01  -2.6011644E-02  -2.3321800E+00  -1.1320561E+00
   6.7841405E-01  -1.7375529E-02  -2.4976890E+00  -1.1232497E+00
   6.8133879E-01  -7.0456914E-03  -2.5805752E+00  -1.1170105E+00
   6.8467206E-01  -7.4010626E-03  -2.6470432E+00  -1.1114025E+00
   6.8803596E-01  -1.9540301E-02  -2.7144885E+00  -1.1047466E+00
   6.9167221E-01   3.4889046E-03  -2.8134699E+00  -1.1000364E+00
   6.9491684E-01  -1.6620956E-02  -2.8617878E+00  -1.0838031E+00
   6.9824082E-01  -8.3468650E-03  -2.9353628E+00  -1.0801903E+00
   7.0165855E-01  -2.2349373E-02  -2.9937973E+00  -1.0684301E+00
   7.0474327E-01  -1.1140266E-02  -3.0877442E+00  -1.0633109E+00
   7.0800734E-01  -2.4993269E-02  -3.1757243E+00  -1.0530069E+00
   7.1143603E-01  -8.5913036E-03  -3.2602713E+00  -1.0431328E+00
   7.1506643E-01  -9.1267321E-03  -3.3343806E+00  -1.0368088E+00
   7.1829706E-01  -4.8995023E-03  -3.3915360E+00  -1.0301847E+00
   7.2167939E-01  -1.1094620E-02  -3.4861667E+00  -1.0150062E+00
   7.2455621E-01  -2.9969271E-02  -3.5708740E+00  -1.0032796E+00
   7.2841758E-01  -9.6073309E-03  -3.6188722E+00  -1.0078135E+00
   7.3171443E-01  -6.2716445E-03  -3.6638176E+00  -9.9665707E-01
   7.3518854E-01  -1.7741365E-02  -3.7157679E+00  -9.9306732E-01
   7.3793781E-01   1.6210655E-04  -3.7874010E+00  -9.6659899E-01
   7.4179792E-01  -9.9607296E-03  -3.8733356E+00  -9.7178632E-01
   7.4483943E-01  -1.6500322E-02  -3.9584169E+00  -9.6251208E-01
   7.4796218E-01  -6.4907945E-03  -3.9730327E+00  -9.5580846E-01
   7.5208169E-01  -1.5144220E-02  -4.0352945E+00  -9.4596809E-01
   7.5527447E-01  -1.3509493E-02  -4.0820746E+00  -9.3852842E-01
   7.5841147E-01  -1.3668807E-02  -4.2558250E+00  -9.1889721E-01
   7.6156926E-01  -1.2980088E-02  -3.9949150E+00  -9.3651736E-01
   7.6472956E-01  -1.5692143E-02  -4.5538917E+00  -8.9345491E-01
   7.6872188E-01  -5.5679833E-03  -4.3081155E+00  -9.0178704E-01
   7.7193177E-01   2.9418645E-03  -4.4152923E+00  -8.9365411E-01
   7.7524841E-01  -8.4975492E-03  -4.5074873E+00  -8.8234699E-01
   7.7858013E-01  -2.4757909E-02  -4.5311356E+00  -8.7825829E-01
   7.8163671E-01  -3.1440917E-03  -4.4711185E+00  -8.6672658E-01
   7.8488576E-01  -1.1041776E-02  -4.5389080E+00  -8.5755765E-01
   7.8828239E-01  -3.5020472E-03  -4.6630664E+00  -8.5024267E-01
   7.9161352E-01  -1.0964483E-02  -4.6803398E+00  -8.3843023E-01
   7.9546255E-01  -3.4336012E-03  -4.6753345E+00  -8.2831275E-01
   7.9810584E-01  -7.4968310E-03  -4.6984076E+00  -8.2064801E-01
   8.0181384E-01  -4.1162921E-03  -4.7847538E+00  -8.0997270E-01
   8.0498713E-01  -9.4351154E-03  -4.8229985E+00  -8.0255663E-01
   8.0815381E-01  -1.7918756E-02  -4.8667154E+00  -7.9349566E-01
   8.1148195E-01   1.3634035E-02  -4.8802834E+00  -7.8457260E-01
   8.1462163E-01  -2.1777740E-02  -4.9039841E+00  -7.7651370E-01
   8.1796122E-01  -1.0739819E-02  -4.9285727E+00  -7.7018201E-01
   8.2217652E-01  -4.3073487E-03  -5.0055909E+00  -7.5344515E-01
   8.2531649E-01  -1.5585905E-02  -5.0229015E+00  -7.4840003E-01
   8.2845354E-01   2.4348497E-03  -5.0288911E+00  -7.4416161E-01
   8.3172053E-01   1.5242067E-03  -5.0686288E+00  -7.3370111E-01
   8.3495754E-01  -6.9254185E-03  -5.0853682E+00  -7.2281820E-01
   8.3810663E-01   1.5215777E-02  -5.1487312E+00  -7.1364385E-01
   8.4227842E-01  -4.1412362E-03  -5.1641116E+00  -6.9909424E-01
   8.4527326E-01   2.0018034E-02  -5.2121878E+00  -6.7886376E-01
   8.4871680E-01  -4.3662759E-03  -5.2268224E+00  -6.9816118E-01
   8.5175365E-01  -1.8149219E-02  -5.2404284E+00  -6.7991030E-01
   8.5508692E-01  -5.9287199E-03  -5.2552691E+00  -6.6874957E-01
   8.5900962E-01  -1.0643514E-02  -5.2932467E+00  -6.5676916E-01
   8.6198717E-01   1.8173511E-03  -5.3013759E+00  -6.5264857E-01
   8.6491734E-01   1.0436233E-03  -5.3241653E+00  -6.4199531E-01
   8.6877167E-01  -6.1397315E-03  -5.3538394E+00  -6.3309246E-01
   8.7167037E-01  -1.6122770E-02  -5.3561220E+00  -6.2808001E-01
   8.7551016E-01   8.0408910E-03  -5.3892398E+00  -6.1561161E-01
   8.7836444E-01  -8.0469726E-03  -5.3701258E+00  -6.0411084E-01
   8.8206786E-01  -4.0313741E-03  -5.3880539E+00  -6.1324978E-01
   8.8481361E-01  -3.0137114E-03  -5.4215932E+00  -5.9056342E-01
   8.8844037E-01   8.7590041E-03  -5.4505477E+00  -5.8491474E-01
   8.9201200E-01   1.0862815E-02  -5.4510579E+00  -5.7446891E-01
   8.9555478E-01  -1.7479336E-02  -5.4596334E+00  -5.6407857E-01
   8.9820516E-01  -2.8251135E-03  -5.4821854E+00  -5.6353718E-01
   9.0167439E-01  -1.2877249E-02  -5.5241432E+00  -5.5229449E-01
   9.0513957E-01   9.3924329E-03  -5.5086651E+00  -5.4812950E-01
   9.0859425E-01  -1.3889495E-02  -5.5344439E+00  -5.4975969E-01
   9.1203314E-01   1.8291678E-02  -5.5321660E+00  -5.3216898E-01
   9.1542995E-01   3.0322396E-03  -5.5615306E+00  -5.2765566E-01
   9.1881204E-01  -2.5005955E-02  -5.5472283E+00  -5.1707989E-01
   9.2218471E-01   6.5326118E-03  -5.5421438E+00  -5.1594174E-01
   9.2554682E-01   1.0281226E-02  -5.5623503E+00  -5.0714201E-01
   9.2889816E-01   9.3620438E-03  -5.5984921E+00  -4.9496835E-01
   9.3223834E-01   3.6495135E-03  -5.5115094E+00  -4.7843349E-01
   9.3556333E-01   9.5832348E-03  -5.5976920E+00  -4.9137834E-01
   9.3887848E-01   1.3616113E-02  -5.6451182E+00  -4.8386663E-01
   9.4218546E-01   8.5689249E-03  -5.6189466E+00  -4.7070691E-01
   9.4548380E-01   1.5270059E-03  -5.7497163E+00  -4.8297662E-01
   9.4877565E-01   5.6144171E-03  -5.5388398E+00  -4.6230844E-01
   9.5206016E-01  -1.3164087E-02  -5.6882157E+00  -4.6385336E-01
   9.5532686E-01   1.0281639E-02  -5.6128850E+00  -4.5428166E-01
   9.5856470E-01  -2.3267835E-03  -5.5843406E+00  -4.4654885E-01
   9.6191210E-01   2.1467790E-02  -5.6177096E+00  -4.4147837E-01
   9.6528101E-01   1.6713751E-02  -5.6463795E+00  -4.3367845E-01
   9.6863073E-01   7.4961577E-03  -5.6320496E+00  -4.3117055E-01
   9.7198308E-01   8.4314179E-03  -5.6297474E+00  -4.3327042E-01
   9.7531205E-01   1.3748289E-02  -5.5966964E+00  -4.2525962E-01
   9.7860783E-01   4.9741934E-03  -5.6017666E+00  -4.2399865E-01
   9.8181129E-01   7.4664084E-03  -5.6210485E+00  -4.1425753E-01
   9.8586643E-01   2.2637554E-02  -5.6403537E+00  -4.1217768E-01
   9.8903370E-01   1.2098024E-02  -5.5956974E+00  -4.1046187E-01
   9.9215603E-01   1.1587298E-02  -5.5717349E+00  -4.0169775E-01
   9.9527323E-01   3.1931123E-03  -5.5878587E+00  -3.9874440E-01
   9.9910128E-01   5.8088163E-03  -5.5955272E+00  -3.9527038E-01
   1.0021117E+00   1.3670434E-02  -5.5501647E+00  -3.8392889E-01
   1.0058130E+00   2.3190891E-03  -5.5617270E+00  -3.8943255E-01
   1.0087268E+00   7.3051178E-03  -5.5497351E+00  -3.8379252E-01
   1.0123510E+00   8.7161427E-03  -5.5437427E+00  -3.7971738E-01
   1.0157210E+00   1.2910661E-03  -5.5364404E+00  -3.7600842E-01
   1.0189462E+00   1.0783483E-02  -5.5263462E+00  -3.6509487E-01
   1.0218816E+00   9.8996342E-04  -5.4992008E+00  -3.6749160E-01
   1.0252969E+00   1.2527741E-02  -5.4922833E+00  -3.6036530E-01
   1.0291566E+00   2.2690762E-02  -5.4595108E+00  -3.5042906E-01
   1.0322549E+00   1.0553126E-02  -5.4348216E+00  -3.4434855E-01
   1.0353364E+00   1.1915447E-02  -5.4353232E+00  -3.3996999E-01
   1.0389763E+00   2.2904703E-02  -5.4044871E+00  -3.2841113E-01
   1.0423357E+00  -4.6305927E-03  -5.4214983E+00  -3.2891744E-01
   1.0454302E+00   9.6577741E-03  -5.4019990E+00  -3.2587951E-01
   1.0486720E+00   1.7214656E-02  -5.3530059E+00  -3.1655666E-01
   1.0519263E+00   7.5392644E-03  -5.2660408E+00  -3.0618241E-01
   1.0553358E+00   1.0339180E-02  -5.3195696E+00  -3.1160933E-01
   1.0587790E+00   1.9453906E-02  -5.3564749E+00  -3.0818555E-01
   1.0621907E+00   7.7749100E-03  -5.3213673E+00  -3.0447602E-01
   1.0655718E+00   2.9662607E-02  -5.2309499E+00  -2.9491144E-01
   1.0689235E+00   7.1159024E-03  -5.2061186E+00  -2.8602076E-01
   1.0722469E+00   8.0478992E-03  -5.2133017E+00  -2.8505680E-01
   1.0755428E+00   6.6892449E-03  -5.1979585E+00  -2.8409794E-01
   1.0788122E+00   1.5544375E-02  -5.1522045E+00  -2.7421513E-01
   1.0820562E+00   1.2879471E-02  -5.1123147E+00  -2.7393317E-01
   1.0860761E+00   4.8791212E-03  -5.1024718E+00  -2.6826024E-01
   1.0892653E+00   2.2468060E-02  -5.0305300E+00  -2.6392677E-01
   1.0924314E+00   5.3749746E-03  -5.0185280E+00  -2.5932491E-01
   1.0955752E+00   1.7823493E-02  -5.0022788E+00  -2.5864911E-01
   1.0986973E+00   1.9768674E-02  -4.9902773E+00  -2.6073635E-01
   1.1025704E+00   1.6273776E-02  -4.9472594E+00  -2.4884334E-01
   1.1056461E+00   1.0532430E-02  -4.9048729E+00  -2.4560316E-01
   1.1093880E+00   1.5688201E-02  -4.8857765E+00  -2.3879270E-01
   1.1124207E+00   9.2572672E-03  -4.8353643E+00  -2.3487809E-01
   1.1154349E+00   2.4732286E-03  -4.7927241E+00  -2.3329556E-01
   1.1191773E+00   7.9725739E-03  -4.7844310E+00  -2.2981490E-01
   1.1221519E+00   1.2664285E-02  -4.7916350E+00  -2.2603579E-01
   1.1258461E+00   1.1311486E-02  -4.7446828E+00  -2.3666754E-01
   1.1287832E+00   1.6108392E-02  -4.6865034E+00  -2.1598995E-01
   1.1324322E+00   7.8944955E-03  -4.6689906E+00  -2.1162899E-01
   1.1360571E+00   1.5569157E-02  -4.6394906E+00  -2.1256395E-01
   1.1389402E+00   1.4360242E-02  -4.6016903E+00  -2.0645595E-01
   1.1425236E+00   8.4996466E-03  -4.5769072E+00  -2.0508900E-01
   1.1460851E+00   1.2195092E-02  -4.5144749E+00  -2.0178977E-01
   1.1489187E+00   1.9534826E-02  -4.4953728E+00  -2.0099622E-01
   1.1524421E+00   1.2524958E-02  -4.4766726E+00  -1.9978623E-01
   1.1560540E+00   9.7994460E-03  -4.4673157E+00  -1.8847200E-01
   1.1595490E+00   1.5821392E-02  -4.3991570E+00  -1.9132932E-01
   1.1624463E+00   2.7237409E-03  -4.3631988E+00  -1.8243231E-01
   1.1663138E+00   6.7479708E-03  -4.3301129E+00  -1.7968555E-01
   1.1692173E+00   1.3374555E-02  -4.2854018E+00  -1.7949674E-01
   1.1721231E+00  -2.1503861E-03  -4.2410040E+00  -1.8810713E-01
   1.1760004E+00  -2.2304913E-03  -4.2305365E+00  -1.7466295E-01
   1.1789104E+00   1.0473108E-02  -4.2069669E+00  -1.7084144E-01
   1.1827925E+00  -2.9162088E-04  -4.1638432E+00  -1.6972618E-01
   1.1857055E+00   3.3979353E-03  -4.1149836E+00  -1.6669171E-01
   1.1895907E+00  -1.1354769E-02  -4.0623293E+00  -1.7635430E-01
   1.1925050E+00  -3.0811864E-03  -4.0215759E+00  -1.6246971E-01
   1.1963907E+00  -7.3657813E-04  -4.0026565E+00  -1.6042528E-01
   1.1993047E+00   1.6764099E-02  -3.9535928E+00  -1.5721159E-01
   1.2022182E+00  -1.1136254E-02  -3.9188209E+00  -1.5836884E-01
   1.2061025E+00  -1.0339480E-03  -3.8499334E+00  -1.5281536E-01
   1.2090155E+00   2.1947029E-03  -3.8342533E+00  -1.5179767E-01
   1.2128992E+00   4.6547288E-03  -3.8138204E+00  -1.4989793E-01
   1.2158120E+00   3.5216454E-03  -3.7557600E+00  -1.5345007E-01
   1.2196952E+00   1.1693936E-05  -3.7081184E+00  -1.4712529E-01
   1.2226076E+00   3.3641662E-03  -3.6552701E+00  -1.4081240E-01
   1.2255197E+00   3.7516595E-03  -3.6386626E+00  -1.4129749E-01
   1.2294021E+00   1.9963093E-03  -3.5138426E+00  -1.3689768E-01
   1.2323136E+00  -1.3401610E-03  -3.5950997E+00  -1.4129364E-01
   1.2361950E+00   6.5481747E-03  -3.5859461E+00  -1.3639310E-01
   1.2391056E+00   6.4239758E-03  -3.4474108E+00  -1.3379219E-01
   1.2429856E+00   7.3239822E-03  -3.3879838E+00  -1.3268298E-01
   1.2458950E+00  -1.1622566E-03  -3.3601642E+00  -1.3046142E-01
   1.2497737E+00   4.9423529E-03  -3.3404565E+00  -1.2880968E-01
   1.2526823E+00  -1.0658064E-03  -3.2723854E+00  -1.2981242E-01
   1.2555906E+00   8.2533312E-04  -3.2305515E+00  -1.2786745E-01
   1.2594677E+00   1.0507595E-02  -3.1936002E+00  -1.2676376E-01
   1.2623757E+00   2.0357007E-03  -3.1585205E+00  -1.2563235E-01
   1.2662539E+00   3.5311359E-03  -3.1034846E+00  -1.2467419E-01
   1.2691674E+00   5.1090000E-03  -3.0560122E+00  -1.2380903E-01
   1.2730840E+00  -6.2927012E-03  -2.9686275E+00  -1.2228240E-01
   1.2760409E+00  -1.0808105E-02  -2.9420798E+00  -1.1976015E-01
   1.2789993E+00   1.4297611E-03  -2.9243345E+00  -1.2040372E-01
   1.2829385E+00   6.9057080E-04  -2.8664055E+00  -1.1823919E-01
   1.2858906E+00  -2.2119074E-03  -2.8137746E+00  -1.1828906E-01
   1.2898273E+00  -8.1062096E-04  -2.7703407E+00  -1.1597654E-01
   1.2927829E+00   8.5049840E-03  -2.7284961E+00  -1.1772660E-01
   1.2957422E+00  -1.3458551E-02  -2.6558573E+00  -1.1348149E-01
   1.2993497E+00  -1.0104754E-02  -2.6224785E+00  -1.1622804E-01
   1.3032817E+00  -2.0252492E-03  -2.5456655E+00  -1.1251358E-01
   1.3062552E+00  -3.1017885E-03  -2.5261040E+00  -1.1270381E-01
   1.3092315E+00  -3.1516603E-03  -2.4793246E+00  -1.1112155E-01
   1.3132030E+00  -1.1555676E-03  -2.4270151E+00  -1.1007034E-01
   1.3161826E+00  -2.6146269E-03  -2.3734322E+00  -1.0816918E-01
   1.3191625E+00  -5.3665326E-03  -2.2916141E+00  -1.0977402E-01
   1.3231349E+00  -2.1727271E-03  -2.2660103E+00  -1.0881820E-01
   1.3261135E+00  -3.2750783E-03  -2.2424731E+00  -1.0808789E-01
   1.3290912E+00  -2.9862291E-04  -2.1797402E+00  -1.0744896E-01
   1.3330603E+00  -6.7947074E-03  -2.0767117E+00  -1.0617896E-01
   1.3360361E+00  -2.2498223E-03  -2.0186665E+00  -1.0607050E-01
   1.3400021E+00  -2.6728425E-03  -2.0066135E+00  -1.0556236E-01
   1.3429754E+00  -4.3075667E-03  -1.9557033E+00  -1.0519195E-01
   1.3459474E+00  -4.0148497E-03  -1.9122754E+00  -1.0687171E-01
   1.3498894E+00  -4.2628609E-03  -1.8413957E+00  -1.0450637E-01
   1.3528039E+00  -2.5389371E-03  -1.7827628E+00  -1.0337684E-01
   1.3568383E+00  -3.9490978E-03  -1.6995306E+00  -1.0245208E-01
   1.3601433E+00  -4.0805792E-03  -1.6697354E+00  -1.0174976E-01
   1.3633937E+00  -1.7549827E-03  -1.6148633E+00  -1.0264001E-01
   1.3665709E+00  -1.7220094E-03  -1.5674744E+00  -1.0290930E-01
   1.3696697E+00  -6.6343490E-03  -1.5262698E+00  -1.0158303E-01
   1.3727477E+00  -6.1490387E-03  -1.4326922E+00  -9.6326143E-02
   1.3758210E+00  -5.1191417E-03  -1.3793471E+00  -9.8120153E-02
   1.3800167E+00  -1.5307615E-03  -1.3534454E+00  -1.0230651E-01
   1.3832445E+00  -8.1381993E-04  -1.2998095E+00  -1.0086995E-01
   1.3865038E+00  -4.5995263E-04  -1.2332598E+00  -9.8997690E-02
   1.3898032E+00  -2.5195454E-04  -1.1297477E+00  -1.0125414E-01
   1.3927718E+00   9.6451805E-04  -1.1235442E+00  -1.0294864E-01
   1.3968428E+00  -4.9200985E-03  -1.0457493E+00  -1.0439982E-01
   1.3999735E+00   1.7747345E-03  -9.9722159E-01  -9.4419383E-02
   1.4030867E+00   1.9839758E-03  -9.4243395E-01  -1.0131826E-01
   1.4061959E+00  -2.2048573E-03  -8.9722323E-01  -1.0099930E-01
   1.4093051E+00  -1.7721228E-03  -8.4031081E-01  -9.8075852E-02
   1.4135026E+00   7.8580150E-04  -7.5668097E-01  -9.9913329E-02
   1.4158450E+00  -7.4213739E-03  -6.5641594E-01  -9.8992214E-02
   1.4199524E+00   9.7204914E-04  -6.5138030E-01  -1.0595666E-01
   1.4235514E+00   2.6878100E-03  -5.9416729E-01  -1.0595695E-01
   1.4267513E+00   5.6612666E-04  -5.3515416E-01  -1.0002644E-01
   1.4291600E+00  -1.8343285E-03  -4.7850004E-01  -1.0199377E-01
   1.4329633E+00  -1.4772898E-04  -3.9756301E-01  -1.0007372E-01
   1.4367522E+00   2.6003469E-04  -3.2215667E-01  -1.0378379E-01
   1.4392716E+00   1.3132190E-03  -2.9037875E-01  -1.0456964E-01
   1.4430429E+00  -1.7718973E-03  -2.4415562E-01  -1.0412117E-01
   1.4467930E+00  -1.2902530E-03  -1.7047815E-01  -1.0385536E-01
   1.4492480E+00  -1.6312778E-04  -1.1774605E-01  -1.0502943E-01
   1.4529237E+00  -7.5191190E-04  -3.2634772E-02  -1.0812093E-01
   1.4566363E+00   1.4355497E-02   1.3373896E-02  -1.1022270E-01
   1.4604018E+00  -3.6482490E-03   9.0539128E-02  -1.0737316E-01
   1.4629074E+00  -1.7072548E-03   1.3778950E-01  -1.0466665E-01
   1.4667138E+00  -4.4724187E-03   1.8772009E-01  -1.0614296E-01
   1.4693192E+00  -4.7214073E-03   2.5453791E-01  -1.0616283E-01
   1.4732347E+00  -3.7144014E-04   3.7716275E-01  -1.0869300E-01
   1.4771550E+00  -9.7333966E-03   4.2408898E-01  -1.0996009E-01
   1.4797716E+00  -5.8909608E-03   4.5456663E-01  -1.0901470E-01
   1.4834877E+00  -2.9794483E-03   5.1431817E-01  -1.0797844E-01
   1.4871154E+00  -2.7426246E-03   6.2854052E-01  -1.0794775E-01
   1.4894432E+00  -1.3719426E-02   6.6136938E-01  -1.0813180E-01
   1.4927990E+00  -1.2961878E-02   7.1979004E-01  -1.1190794E-01
   1.4966495E+00  -1.2951309E-03   7.9326624E-01  -1.1360045E-01
   1.5002389E+00  -4.2078630E-03   8.5615665E-01  -1.1513547E-01
   1.5028462E+00  -1.3961319E-03   9.2974824E-01  -1.1861978E-01
   1.5068927E+00  -1.0951214E-02   1.0026010E+00  -1.1916641E-01
   1.5101908E+00  -1.6399080E-02   1.0440280E+00  -1.2272079E-01
   1.5131229E+00  -6.3883872E-03   1.1181868E+00  -1.1912201E-01
   1.5165173E+00  -5.8415565E-03   1.1795639E+00  -1.2460209E-01
   1.5203758E+00  -5.6371377E-03   1.2725078E+00  -1.2734239E-01
   1.5230228E+00  -1.2381134E-02   1.3018060E+00  -1.3237946E-01
   1.5270079E+00  -6.8796342E-03   1.3732942E+00  -1.3134989E-01
   1.5296798E+00  -7.8747086E-03   1.4199963E+00  -1.3147108E-01
   1.5337144E+00   1.0963487E-02   1.6020259E+00  -1.2952583E-01
   1.5364224E+00  -6.7339100E-02   1.5349373E+00  -1.5021914E-01
   1.5405087E+00   4.9827616E-03   1.5665184E+00  -1.4064029E-01
   1.5432462E+00   1.3029847E-02   1.6198199E+00  -1.3600455E-01
   1.5473646E+00   1.8098604E-04   1.9433026E+00  -1.4306244E-01
   1.5501143E+00  -1.4086300E-02   1.6239158E+00  -1.6501883E-01
   1.5534774E+00  -4.5099552E-03   1.8346153E+00  -1.4474075E-01
   1.5568480E+00  -1.4969480E-02   2.1116681E+00  -1.4887379E-01
   1.5607501E+00  -2.1712869E-02   1.9922571E+00  -1.5236580E-01
   1.5633653E+00  -3.2893687E-02   2.0414920E+00  -1.5586010E-01
   1.5674212E+00  -1.0422489E-02   2.1555951E+00  -1.5961896E-01
   1.5699908E+00  -6.2297517E-03   2.2629762E+00  -1.6039467E-01
   1.5739353E+00  -1.3073339E-02   2.2892027E+00  -1.6512519E-01
   1.5773168E+00  -6.0965586E-03   2.3439505E+00  -1.6887282E-01
   1.5798622E+00  -1.5211591E-02   2.3762944E+00  -1.6997242E-01
   1.5839839E+00  -2.2343125E-02   2.6003802E+00  -1.7188829E-01
   1.5867366E+00  -2.3001205E-02   2.5292408E+00  -1.6867989E-01
   1.5894890E+00  -1.3897867E-02   2.5283866E+00  -1.6728650E-01
   1.5936177E+00  -2.4136541E-02   2.7835572E+00  -1.7175862E-01
   1.5963699E+00  -1.4283703E-02   2.7086253E+00  -1.8250221E-01
   1.5998292E+00   8.8937143E-03   2.7004285E+00  -1.8073823E-01
   1.6033612E+00  -2.8094485E-02   2.8472421E+00  -1.8566655E-01
   1.6067011E+00  -1.7576814E-02   2.9482617E+00  -1.8933959E-01
   1.6101454E+00  -1.8227762E-02   2.9981878E+00  -1.8057886E-01
   1.6140391E+00  -4.2697699E-03   3.1224637E+00  -1.9693151E-01
   1.6168661E+00  -1.3155480E-02   3.1017063E+00  -1.9765112E-01
   1.6204090E+00  -2.8635960E-02   3.1540625E+00  -2.0394711E-01
   1.6235589E+00  -2.6397625E-02   3.2111771E+00  -2.0126796E-01
   1.6272051E+00  -3.0553888E-03   3.3433082E+00  -2.0536365E-01
   1.6298774E+00   4.2499597E-03   3.3830917E+00  -2.1619393E-01
   1.6338239E+00  -2.7810406E-02   3.4177458E+00  -2.0702349E-01
   1.6363975E+00  -6.7791292E-03   3.4720926E+00  -2.1200813E-01
   1.6404178E+00  -1.6305987E-02   3.5399671E+00  -2.1171878E-01
   1.6429827E+00  -4.5249183E-02   3.6146877E+00  -2.0542933E-01
   1.6469030E+00  -5.0625592E-03   3.5202100E+00  -1.9124724E-01
   1.6505754E+00  -2.0795405E-02   3.8989356E+00  -1.9477358E-01
   1.6534801E+00  -2.0802844E-02   3.6239328E+00  -2.5985771E-01
   1.6570905E+00   2.1570770E-03   3.8294532E+00  -1.9299614E-01
   1.6604818E+00  -5.7019752E-02   4.0074797E+00  -2.2108068E-01
   1.6641147E+00  -2.9599337E-02   4.0604930E+00  -2.0018868E-01
   1.6670673E+00   2.1197351E-02   4.0476069E+00  -2.1442477E-01
   1.6702679E+00   3.1242220E-02   4.0554481E+00  -2.0921916E-01
   1.6741582E+00  -1.6875518E-02   4.1847534E+00  -2.0265362E-01
   1.6764073E+00  -9.5386030E-03   4.2770553E+00  -2.1101393E-01
   1.6802953E+00  -2.4761593E-02   4.3046465E+00  -2.2453918E-01
   1.6834834E+00  -2.3754647E-02   4.3216553E+00  -2.0795335E-01
   1.6866571E+00   1.0539384E-02   4.3611484E+00  -1.9829148E-01
   1.6901153E+00  -8.0128862E-03   4.4847627E+00  -1.9399294E-01
   1.6938087E+00  -1.2225574E-03   4.5942421E+00  -1.8698843E-01
   1.6971961E+00  -1.8934136E-02   4.5379047E+00  -1.8835960E-01
   1.7004669E+00  -1.6723596E-02   4.5897903E+00  -1.8724641E-01
   1.7036335E+00  -1.5381068E-02   4.7305760E+00  -1.7698622E-01
   1.7067904E+00  -1.0730158E-02   4.7949986E+00  -1.7647173E-01
   1.7104177E+00  -3.6247489E-03   4.8081589E+00  -1.9859701E-01
   1.7140744E+00   1.2519483E-02   4.8701482E+00  -1.8792370E-01
   1.7167369E+00   4.8148371E-03   4.9278650E+00  -1.9039266E-01
   1.7209510E+00  -6.1813029E-03   5.0335183E+00  -1.9151731E-01
   1.7233871E+00   4.3615964E-03   5.0600142E+00  -1.8681006E-01
   1.7273078E+00   1.0539360E-03   5.1173496E+00  -1.9215161E-01
   1.7307358E+00   6.9960556E-04   5.1873517E+00  -1.8264426E-01
   1.7339027E+00   1.8831810E-02   5.2544770E+00  -1.8666306E-01
   1.7369483E+00   8.6515071E-04   5.3002663E+00  -1.8794212E-01
   1.7409226E+00  -2.6847732E-03   5.3315248E+00  -1.9281632E-01
   1.7432202E+00   1.6642099E-02   5.4119983E+00  -1.8852314E-01
   1.7470055E+00  -7.0015565E-03   5.5325108E+00  -1.8683931E-01
   1.7510628E+00   5.2311495E-03   5.4892821E+00  -1.8769042E-01
   1.7538048E+00  -3.8346538E-04   5.5178733E+00  -1.8358347E-01
   1.7565002E+00   3.0731470E-03   5.5787721E+00  -1.9067346E-01
   1.7606114E+00   6.7966082E-03   5.6901083E+00  -2.0004198E-01
   1.7633110E+00  -5.3508426E-03   5.7270913E+00  -1.9391096E-01
   1.7667634E+00   4.0647970E-04   5.7861347E+00  -2.0441365E-01
   1.7707757E+00   5.9785629E-03   5.8341718E+00  -1.8460748E-01
   1.7739253E+00   5.0691548E-03   5.8934789E+00  -2.2450705E-01
   1.7775713E+00   1.1649934E-02   5.9336224E+00  -2.1505684E-01
   1.7808729E+00   1.5813002E-02   6.1021910E+00  -2.1886641E-01
   1.7843595E+00   6.5273228E-03   5.9764380E+00  -2.4460314E-01
   1.7869840E+00   4.0064366E-03   6.1507778E+00  -2.3310147E-01
   1.7903336E+00   1.5364954E-02   6.1013613E+00  -2.3544016E-01
   1.7937073E+00   1.8088639E-02   6.1195126E+00  -2.4314862E-01
   1.7975703E+00  -1.0453577E-03   6.2546206E+00  -2.5610653E-01
   1.8002505E+00   7.6468419E-03   6.2468581E+00  -2.5402245E-01
   1.8041080E+00   4.8318622E-03   6.2866187E+00  -2.5283128E-01
   1.8071538E+00   1.0393712E-02   6.4131589E+00  -2.6627350E-01
   1.8111513E+00   5.7582394E-03   6.4454241E+00  -2.7104551E-01
   1.8133823E+00  -1.0474588E-02   6.4421477E+00  -2.7667651E-01
   1.8171638E+00  -4.3657520E-03   6.4989567E+00  -2.8485554E-01
   1.8211241E+00  -8.6910678E-03   6.5819736E+00  -2.8720412E-01
   1.8237600E+00   1.1190117E-03   6.5984597E+00  -2.9316556E-01
   1.8277084E+00   1.6202553E-03   6.6311226E+00  -2.9628474E-01
   1.8303374E+00  -9.3840528E-04   6.7055244E+00  -3.0210763E-01
   1.8342766E+00   6.0929544E-04   6.7586098E+00  -2.9989389E-01
   1.8369000E+00  -1.9596428E-02   6.7976675E+00  -3.0984208E-01
   1.8408319E+00  -1.1620404E-02   6.8318038E+00  -3.1602848E-01
   1.8434509E+00  -1.9004047E-02   6.8488746E+00  -3.1500801E-01
   1.8473768E+00  -7.2770525E-04   6.9119444E+00  -3.2517070E-01
   1.8512999E+00  -7.2099247E-05   6.9711747E+00  -3.2601699E-01
   1.8534877E+00  -1.6517026E-02   7.0479097E+00  -3.5194382E-01
   1.8571883E+00  -1.0521136E-02   7.0508442E+00  -3.2919437E-01
   1.8602237E+00  -2.6319252E-02   7.0813246E+00  -3.3202645E-01
   1.8637375E+00  -1.8917326E-02   7.1219816E+00  -3.3263439E-01
   1.8673409E+00  -3.4951689E-03   7.1876130E+00  -3.2718173E-01
   1.8702877E+00   4.5855986E-03   7.2104030E+00  -3.2316586E-01
   1.8740798E+00  -9.3944957E-03   7.2979131E+00  -3.5247898E-01
   1.8772364E+00  -1.0978932E-02   7.2805343E+00  -3.4042305E-01
   1.8809496E+00  -3.7251227E-02   7.3512034E+00  -3.6367616E-01
   1.8844095E+00  -2.3180338E-02   7.4015965E+00  -3.3934352E-01
   1.8877653E+00  -1.5432664E-02   7.4177570E+00  -3.3786139E-01
   1.8910131E+00   1.3840713E-02   7.4735279E+00  -3.3809054E-01
   1.8941697E+00  -3.8178254E-02   7.5356736E+00  -3.5213459E-01
   1.8972480E+00  -3.8769641E-03   7.5398507E+00  -3.4166789E-01
   1.9010001E+00  -1.0745898E-03   7.5652370E+00  -3.4549859E-01
   1.9039302E+00  -2.1381311E-03   7.6202884E+00  -3.7017435E-01
   1.9075216E+00  -2.2059256E-02   7.6144848E+00  -3.5916749E-01
   1.9110391E+00  -2.6927669E-02   7.6721711E+00  -3.6772242E-01
   1.9144893E+00   1.4490155E-03   7.7089415E+00  -3.4881100E-01
   1.9172049E+00  -1.2851211E-02   7.7542706E+00  -3.6918160E-01
   1.9205465E+00  -1.7623637E-02   7.7553415E+00  -3.8720396E-01
   1.9244944E+00  -1.2365193E-02   7.7876711E+00  -3.7945396E-01
   1.9277338E+00  -1.9173756E-02   7.8390656E+00  -3.7475041E-01
   1.9306566E+00   2.2123465E-03   7.8545308E+00  -3.8626519E-01
   1.9343644E+00  -3.5263911E-02   7.8953829E+00  -3.6241022E-01
   1.9374847E+00  -1.2067827E-02   7.8919573E+00  -3.8506991E-01
   1.9411417E+00  -7.5052851E-03   7.8908710E+00  -3.8446292E-01
   1.9443392E+00  -1.6800892E-02   7.9053931E+00  -3.8383955E-01
   1.9476477E+00  -1.3345934E-02   7.9452386E+00  -3.6561453E-01
   1.9508595E+00  -8.6894697E-03   7.9717569E+00  -4.2868999E-01
   1.9543120E+00   1.1247495E-03   7.9690866E+00  -4.1389313E-01
   1.9576648E+00  -2.3745408E-02   7.9691939E+00  -4.1010913E-01
   1.9605999E+00  -5.5221730E-04   8.0221968E+00  -4.1372049E-01
   1.9642503E+00  -1.3803842E-02   8.0023708E+00  -4.2426413E-01
   1.9677438E+00  -1.8175950E-02   8.0239458E+00  -4.2344171E-01
   1.9707102E+00  -2.3631167E-02   8.0437050E+00  -4.3258196E-01
   1.9743159E+00  -2.0299813E-02   8.0353947E+00  -4.3086800E-01
   1.9773240E+00  -2.4093583E-02   8.0289965E+00  -4.5932341E-01
   1.9809948E+00  -1.8696362E-02   8.0318623E+00  -4.5626107E-01
   1.9848202E+00  -1.6278669E-02   8.0471411E+00  -4.6407023E-01
   1.9881135E+00  -1.6864810E-02   8.0530844E+00  -4.7288787E-01
   1.9906737E+00  -1.0901920E-02   8.0611477E+00  -4.8788220E-01
   1.9940804E+00  -1.9461235E-02   7.9993453E+00  -4.8739064E-01
   1.9975926E+00  -1.4630923E-02   8.0638628E+00  -4.6570647E-01
   2.0013087E+00  -1.9617753E-02   8.0438242E+00  -4.9473530E-01
   2.0046597E+00  -2.7249663E-03   8.0109520E+00  -5.0855035E-01
   2.0075684E+00  -1.5660780E-02   7.9486737E+00  -5.2442652E-01
   2.0111041E+00  -2.5092013E-02   7.9525151E+00  -5.3268981E-01
   2.0140347E+00  -2.2279561E-02   7.9308243E+00  -5.3170365E-01
   2.0178354E+00   9.4898986E-03   7.9194846E+00  -5.4825288E-01
   2.0210757E+00  -5.9586028E-03   7.8908210E+00  -5.5398959E-01
   2.0239239E+00  -2.6482638E-02   7.8985176E+00  -5.5145192E-01
   2.0274572E+00   3.5936184E-02   7.7896204E+00  -5.7348353E-01
   2.0308313E+00  -1.9806264E-02   7.7677350E+00  -5.7346803E-01
   2.0341904E+00  -1.8109050E-02   7.8037710E+00  -5.8151352E-01
   2.0377910E+00  -3.3358578E-03   7.7454224E+00  -5.8259654E-01
   2.0414331E+00  -8.3969504E-04   7.6570697E+00  -6.1221433E-01
   2.0440853E+00  -1.5075750E-02   7.6704378E+00  -6.0207987E-01
   2.0480869E+00  -1.1593548E-02   7.6240349E+00  -6.2814993E-01
   2.0511024E+00  -4.8309965E-03   7.5989614E+00  -6.4874053E-01
   2.0549324E+00  -2.7249462E-03   7.5425124E+00  -6.5123332E-01
   2.0579021E+00   5.4968162E-03   7.5230522E+00  -6.5920639E-01
   2.0610368E+00  -9.0776011E-03   7.4707227E+00  -6.7625666E-01
   2.0641403E+00  -1.3516664E-02   7.4096951E+00  -6.8507218E-01
   2.0679641E+00  -7.8957976E-04   7.3590946E+00  -6.9764638E-01
   2.0714002E+00  -1.0384739E-03   7.3242559E+00  -7.0407623E-01
   2.0743179E+00  -3.0099130E-03   7.2332001E+00  -7.0784515E-01
   2.0782135E+00   3.9036088E-03   7.1471753E+00  -7.2920096E-01
   2.0811267E+00   1.3320908E-03   7.1905136E+00  -7.3740059E-01
   2.0850000E+00   1.0960143E-02   7.0542850E+00  -7.5122899E-01
   2.0874703E+00   2.7171893E-03   7.0338635E+00  -7.6173890E-01
   2.0912588E+00   1.1316477E-02   6.9724350E+00  -7.6856488E-01
   2.0941503E+00  -1.7577332E-02   6.9068222E+00  -7.8355002E-01
   2.0980043E+00   3.5236139E-02   6.8201246E+00  -7.9705316E-01
   2.1008928E+00  -6.2942300E-03   6.7457776E+00  -8.0435985E-01
   2.1047635E+00   6.1666956E-03   6.6931257E+00  -8.1594515E-01
   2.1077518E+00   6.2383669E-03   6.6280918E+00  -8.2841700E-01
   2.1108091E+00   6.2442278E-03   6.5368261E+00  -8.3523935E-01
   2.1148939E+00   6.2356191E-03   6.4411988E+00  -8.5563433E-01
   2.1179683E+00   7.0273378E-03   6.3603287E+00  -8.6339945E-01
   2.1210303E+00   6.1427890E-03   6.2916493E+00  -8.7257999E-01
   2.1248891E+00   6.9495263E-03   6.2455640E+00  -8.8507986E-01
   2.1279149E+00  -6.9861875E-05   6.1112385E+00  -8.9991617E-01
   2.1315689E+00   7.8380154E-03   6.0410113E+00  -9.0880787E-01
   2.1347146E+00  -1.7994571E-02   5.9314885E+00  -9.1939521E-01
   2.1375113E+00   1.0954572E-02   5.9223700E+00  -9.2052114E-01
   2.1417737E+00   8.2572326E-03   5.7956276E+00  -9.2984170E-01
   2.1450102E+00   2.3537180E-03   5.6605830E+00  -9.5609647E-01
   2.1481738E+00   2.7955390E-04   5.5159264E+00  -9.8905981E-01
   2.1513913E+00  -2.6115702E-02   5.4643426E+00  -9.7258312E-01
   2.1545637E+00   7.4019929E-04   5.4728107E+00  -9.7070247E-01
   2.1578584E+00   5.3068432E-03   5.3900480E+00  -9.9165034E-01
   2.1616559E+00  -5.0044013E-03   5.1223488E+00  -1.0100501E+00
   2.1649895E+00   1.1740465E-02   4.9961176E+00  -1.0153064E+00
   2.1681046E+00  -2.4452733E-03   5.0134683E+00  -1.0168159E+00
   2.1712716E+00   8.5911052E-03   4.9437323E+00  -1.0366863E+00
   2.1745677E+00   1.4425027E-03   4.7629619E+00  -1.0404758E+00
   2.1779642E+00   5.6203315E-03   4.6387882E+00  -1.0466204E+00
   2.1814244E+00  -5.3289230E-03   4.5681229E+00  -1.0563565E+00
   2.1849494E+00  -3.7952306E-04   4.4851584E+00  -1.0650784E+00
   2.1884992E+00   9.7579435E-03   4.2254486E+00  -1.0733526E+00
   2.1911812E+00   5.1576649E-03   4.1802840E+00  -1.0814861E+00
   2.1948845E+00   4.9905694E-04   4.1515508E+00  -1.0885906E+00
   2.1976676E+00  -2.9109789E-03   4.0459962E+00  -1.0969909E+00
   2.2014408E+00  -1.4038414E-02   3.8188784E+00  -1.0991032E+00
   2.2052419E+00  -7.5098416E-03   3.6846602E+00  -1.1062374E+00
   2.2081213E+00  -7.7902549E-03   3.6219888E+00  -1.1139162E+00
   2.2110252E+00  -1.6917067E-02   3.5716436E+00  -1.1159691E+00
   2.2149675E+00  -6.6191051E-03   3.4229627E+00  -1.1234138E+00
   2.2178881E+00  -1.1812556E-02   3.2160125E+00  -1.1243981E+00
   2.2217774E+00  -1.1645539E-02   3.0754192E+00  -1.1301228E+00
   2.2246897E+00  -3.2406759E-02   3.0322363E+00  -1.1316850E+00
   2.2282043E+00  -2.1376651E-02   2.8918698E+00  -1.1356412E+00
   2.2310629E+00  -3.6413305E-02   2.8130844E+00  -1.1348023E+00
   2.2348790E+00  -7.7462578E-03   2.7049201E+00  -1.1402773E+00
   2.2378964E+00  -7.6778540E-03   2.5086274E+00  -1.1429890E+00
   2.2417803E+00  -2.9949637E-02   2.4025772E+00  -1.1455711E+00
   2.2446325E+00  -1.1734746E-02   2.3464379E+00  -1.1533865E+00
   2.2483571E+00  -9.1108251E-03   2.1949222E+00  -1.1487318E+00
   2.2511218E+00  -6.2946300E-03   2.0771725E+00  -1.1566050E+00
   2.2548239E+00  -1.9751087E-02   1.9549189E+00  -1.1501144E+00
   2.2586446E+00  -2.2657992E-02   1.7954530E+00  -1.1562892E+00
   2.2615421E+00  -1.4299467E-02   1.6798204E+00  -1.1576138E+00
   2.2653580E+00  -3.6193710E-02   1.5857453E+00  -1.1603742E+00
   2.2682316E+00  -1.6395405E-02   1.3542056E+00  -1.1475586E+00
   2.2718992E+00  -1.2980700E-02   1.3606650E+00  -1.1575117E+00
   2.2745628E+00  -1.3438701E-02   1.3136069E+00  -1.1583370E+00
   2.2786272E+00  -2.2722278E-02   1.1043483E+00  -1.1505147E+00
   2.2815461E+00  -1.4845441E-02   9.9221456E-01  -1.1564009E+00
   2.2845702E+00  -2.4073560E-02   9.0090996E-01  -1.1509399E+00
   2.2884996E+00  -2.7012769E-02   7.2123230E-01  -1.1504691E+00
   2.2914574E+00   5.8852993E-03   5.8545655E-01  -1.1515702E+00
   2.2954447E+00  -3.0497955E-02   5.8278012E-01  -1.1484970E+00
   2.2985799E+00  -2.0083100E-02   4.6422830E-01  -1.1447113E+00
   2.3016999E+00  -1.7459566E-02   2.8898510E-01  -1.1441493E+00
   2.3047760E+00  -1.8533858E-02   1.9390057E-01  -1.1373538E+00
   2.3078566E+00  -2.6358172E-02   9.0455033E-02  -1.1392376E+00
   2.3118215E+00  -3.4791786E-02   3.1445280E-02  -1.1355455E+00
   2.3147144E+00  -2.8779687E-02  -1.0477339E-01  -1.1286526E+00
   2.3184764E+00  -4.1011751E-02  -2.5010619E-01  -1.1280864E+00
   2.3221464E+00  -1.1264841E-02  -3.2827631E-01  -1.1212835E+00
   2.3253701E+00  -1.1039048E-02  -4.4837409E-01  -1.1278094E+00
   2.3281815E+00  -2.4863800E-02  -5.5432129E-01  -1.1043642E+00
   2.3315644E+00  -4.8882816E-02  -5.8869404E-01  -1.1104770E+00
   2.3353441E+00  -9.8010218E-03  -7.6965040E-01  -1.0946815E+00
   2.3383455E+00  -1.9063812E-02  -8.6933428E-01  -1.0987120E+00
   2.3418982E+00  -1.8218284E-02  -9.7419208E-01  -1.0912844E+00
   2.3454552E+00  -5.2037014E-04  -1.0885295E+00  -1.0913103E+00
   2.3486819E+00  -2.8168000E-02  -1.1582177E+00  -1.0783010E+00
   2.3513265E+00  -9.9863848E-03  -1.2353046E+00  -1.0777705E+00
   2.3553581E+00  -2.7930014E-02  -1.3382477E+00  -1.0706445E+00
   2.3584387E+00  -2.2051569E-02  -1.4072715E+00  -1.0733923E+00
   2.3615432E+00  -1.4948868E-02  -1.4808614E+00  -1.0556570E+00
   2.3646750E+00  -2.9823739E-02  -1.6014977E+00  -1.0616527E+00
   2.3688350E+00  -1.0167291E-02  -1.7095463E+00  -1.0356460E+00
   2.3719463E+00  -2.8906649E-02  -1.7955257E+00  -1.0288377E+00
   2.3748875E+00   9.5951436E-03  -1.8023123E+00  -1.0304577E+00
   2.3787553E+00  -3.6988759E-03  -1.9887595E+00  -1.0279168E+00
   2.3820617E+00  -1.7054927E-02  -2.0327992E+00  -1.0030885E+00
   2.3852298E+00  -5.3111366E-03  -2.0732026E+00  -9.9817830E-01
   2.3887417E+00  -1.5708169E-02  -2.2274663E+00  -9.9467301E-01
   2.3920732E+00  -2.6590733E-02  -2.2877312E+00  -9.6780133E-01
   2.3949020E+00  -2.0053644E-02  -2.3245196E+00  -9.5592189E-01
   2.3987238E+00  -1.3477289E-02  -2.4102268E+00  -9.3613845E-01
   2.4015484E+00  -3.7541628E-02  -2.5045764E+00  -9.2550009E-01
   2.4054661E+00   1.0307670E-02  -2.5711656E+00  -9.1235012E-01
   2.4088585E+00  -3.5642471E-02  -2.6554213E+00  -9.0154058E-01
   2.4119422E+00  -5.2282475E-03  -2.7160873E+00  -8.8252097E-01
   2.4156322E+00  -2.9095821E-02  -2.7923841E+00  -8.7225354E-01
   2.4187005E+00  -3.0801345E-02  -2.8690519E+00  -8.6978298E-01
   2.4222186E+00  -4.6155784E-02  -2.9018209E+00  -8.5545301E-01
   2.4252923E+00  -9.7171580E-03  -2.9478426E+00  -8.4411216E-01
   2.4286509E+00  -6.7420237E-02  -3.0368664E+00  -8.2285011E-01
   2.4321115E+00  -4.4975672E-02  -3.0880659E+00  -8.1271344E-01
   2.4352181E+00  -2.3967946E-02  -3.1355383E+00  -7.9584157E-01
   2.4389007E+00  -1.1623056E-02  -3.2261281E+00  -7.8548282E-01
   2.4419422E+00  -3.9086156E-02  -3.2904382E+00  -7.6731157E-01
   2.4454584E+00  -4.5754459E-02  -3.3307567E+00  -7.5945103E-01
   2.4483855E+00  -4.7151837E-03  -3.3409872E+00  -7.4790138E-01
   2.4514954E+00  -8.3368551E-03  -3.3872280E+00  -7.3979491E-01
   2.4556873E+00  -2.2915448E-03  -3.5893595E+00  -7.1588802E-01
   2.4587717E+00  -6.3586272E-03  -3.4591210E+00  -7.2771853E-01
   2.4617805E+00  -3.9634991E-02  -3.6936033E+00  -6.8671411E-01
   2.4657404E+00  -3.3698438E-03  -3.5736349E+00  -6.9243282E-01
   2.4685912E+00   1.5785905E-02  -3.5922568E+00  -6.8199295E-01
   2.4722657E+00  -4.5997914E-02  -3.7063673E+00  -6.5602380E-01
   2.4750695E+00  -2.3209756E-02  -3.7892146E+00  -6.4655787E-01
   2.4787362E+00  -2.1799278E-02  -3.7729378E+00  -6.4319986E-01
   2.4823079E+00  -4.4179339E-02  -3.7862506E+00  -6.2226593E-01
   2.4858034E+00  -4.9388395E-03  -3.8311279E+00  -6.1208308E-01
   2.4883757E+00  -3.4936454E-02  -3.8799365E+00  -6.1370081E-01
   2.4917448E+00   3.8840233E-03  -3.9103243E+00  -5.9653360E-01
   2.4957776E+00  -3.1151302E-02  -3.9216399E+00  -5.9662980E-01
   2.4987152E+00  -3.1070994E-02  -3.9293475E+00  -5.8055151E-01
   2.5023148E+00  -2.1104956E-02  -3.9962294E+00  -5.6515479E-01
   2.5053785E+00  -2.8698565E-02  -4.0168409E+00  -5.7684040E-01
   2.5086880E+00  -1.6048819E-02  -4.0227733E+00  -5.6454957E-01
   2.5124018E+00  -2.5857555E-02  -4.0380139E+00  -5.5816960E-01
   2.5151415E+00  -2.0149438E-02  -4.0498290E+00  -5.4444885E-01
   2.5191324E+00  -1.8302778E-02  -4.0821099E+00  -5.5040485E-01
   2.5220833E+00  -1.7762700E-02  -4.0908508E+00  -5.3213894E-01
   2.5259240E+00  -2.3301248E-02  -4.1211057E+00  -5.2894062E-01
   2.5285976E+00  -1.0882430E-02  -4.1410832E+00  -5.1158571E-01
   2.5323894E+00  -1.0848795E-02  -4.1471801E+00  -5.0809860E-01
   2.5356853E+00  -2.4132175E-02  -4.1733265E+00  -4.9252042E-01
   2.5386770E+00   1.4631548E-02  -4.1864409E+00  -4.8336816E-01
   2.5421810E+00  -1.4474417E-02  -4.2155485E+00  -4.7109452E-01
   2.5454202E+00  -4.3436803E-02  -4.2417240E+00  -4.5667526E-01
   2.5489447E+00  -3.7611201E-02  -4.1886401E+00  -4.5440716E-01
   2.5518301E+00  -2.4790272E-02  -4.2402282E+00  -4.2974973E-01
   2.5556719E+00   2.6366636E-03  -4.2388248E+00  -4.2177066E-01
   2.5586536E+00  -1.3715335E-02  -4.2463322E+00  -4.1802484E-01
   2.5626409E+00  -1.1056479E-02  -4.2624927E+00  -4.0412766E-01
   2.5659320E+00   1.0891551E-02  -4.2674150E+00  -3.8571805E-01
   2.5689695E+00  -2.5696196E-02  -4.2604241E+00  -3.8539326E-01
   2.5721562E+00  -2.3762709E-02  -4.2967830E+00  -3.8234460E-01
   2.5759690E+00   1.4221033E-03  -4.2963271E+00  -3.7024292E-01
   2.5785213E+00   4.2639561E-03  -4.2951441E+00  -3.6078110E-01
   2.5819840E+00  -1.2703526E-02  -4.2915583E+00  -3.4936899E-01
   2.5853119E+00  -6.5973974E-03  -4.3132763E+00  -3.4026381E-01
   2.5894182E+00  -3.0123536E-02  -4.2867446E+00  -3.2413036E-01
   2.5925791E+00   2.6741801E-02  -4.2552691E+00  -3.1683570E-01
   2.5958285E+00  -2.3511329E-03  -4.2735763E+00  -3.0575103E-01
   2.5989809E+00  -1.9975632E-02  -4.3030205E+00  -3.0527216E-01
   2.6024408E+00   1.5089694E-02  -4.2641253E+00  -2.9306078E-01
   2.6057250E+00  -1.2524720E-02  -4.2594972E+00  -2.8412732E-01
   2.6090086E+00   2.2724610E-02  -4.2739215E+00  -2.7083015E-01
   2.6123905E+00   1.0871334E-02  -4.2801681E+00  -2.6142916E-01
   2.6156833E+00  -3.7119528E-03  -4.2890248E+00  -2.5551346E-01
   2.6192894E+00  -7.4156898E-04  -4.2612104E+00  -2.4708758E-01
   2.6226671E+00   1.1497830E-02  -4.2570567E+00  -2.4636939E-01
   2.6259675E+00  -2.0467566E-02  -4.2434959E+00  -2.3677753E-01
   2.6288116E+00  -2.5631441E-03  -4.2551527E+00  -2.2423503E-01
   2.6323714E+00  -8.7710219E-03  -4.1942644E+00  -2.1962270E-01
   2.6355829E+00   7.1895341E-03  -4.2415166E+00  -2.1304098E-01
   2.6394193E+00   7.1094302E-03  -4.2028975E+00  -2.0278338E-01
   2.6424925E+00   1.7047750E-02  -4.2042098E+00  -1.9291203E-01
   2.6455078E+00  -3.7523180E-02  -4.2316709E+00  -1.8953359E-01
   2.6492569E+00   1.7617077E-02  -4.1908112E+00  -1.7377444E-01
   2.6525033E+00   9.9719763E-03  -4.1870317E+00  -1.6724336E-01
   2.6561446E+00   1.5101815E-03  -4.1534414E+00  -1.5945998E-01
   2.6589022E+00   6.8587442E-03  -4.1602364E+00  -1.5333284E-01
   2.6626456E+00   6.7066592E-03  -4.1041584E+00  -1.4064887E-01
   2.6655219E+00   6.6887196E-03  -4.1133194E+00  -1.4915875E-01
   2.6692309E+00   1.0626066E-02  -4.1393886E+00  -1.3766272E-01
   2.6721439E+00   1.2486246E-02  -4.1089478E+00  -1.2930049E-01
   2.6761363E+00   3.5498678E-03  -4.0818877E+00  -1.1792465E-01
   2.6791756E+00   3.1635861E-04  -4.0451198E+00  -1.1645749E-01
   2.6821518E+00   4.8556561E-03  -4.0240040E+00  -1.0979015E-01
   2.6857693E+00   1.5472264E-02  -4.0606155E+00  -1.0120107E-01
   2.6888576E+00   1.2253970E-02  -4.0478144E+00  -9.5386557E-02
   2.6929305E+00   5.6134397E-03  -4.0097418E+00  -8.6229973E-02
   2.6959302E+00  -3.9567170E-03  -3.9562783E+00  -8.4815025E-02
   2.6988945E+00   6.5853493E-03  -4.0017667E+00  -8.2032278E-02
   2.7028024E+00   3.1592345E-03  -3.9709198E+00  -7.3756441E-02
   2.7056911E+00  -1.0072775E-03  -3.9509683E+00  -6.8022840E-02
   2.7095065E+00   3.0441280E-03  -3.9012408E+00  -6.4833187E-02
   2.7123883E+00   2.8623403E-03  -3.8660698E+00  -5.8091972E-02
   2.7164023E+00  -7.0099840E-03  -3.8757784E+00  -5.8409903E-02
   2.7194326E+00   9.3950878E-04  -3.8621950E+00  -4.9728762E-02
   2.7224779E+00  -1.2058731E-03  -3.8650413E+00  -4.5233820E-02
   2.7254479E+00   8.4602311E-03  -3.8205664E+00  -3.8941618E-02
   2.7288921E+00  -1.1392100E-02  -3.7812333E+00  -3.5612002E-02
   2.7328587E+00  -7.5436104E-04  -3.7795877E+00  -3.6129050E-02
   2.7361925E+00  -2.0252070E-03  -3.7696671E+00  -3.2535728E-02
   2.7391562E+00   5.7631722E-03  -3.7333062E+00  -2.6920626E-02
   2.7425294E+00   2.3167209E-04  -3.7313004E+00  -1.4560129E-02
   2.7459779E+00   2.1034749E-03  -3.7044129E+00  -1.9503344E-02
   2.7494593E+00   5.1107369E-03  -3.6421318E+00  -1.1219453E-02
   2.7522619E+00   5.1299081E-04  -3.6393723E+00  -1.4613490E-02
   2.7560806E+00  -7.4473902E-04  -3.6276815E+00  -2.1250523E-04
   2.7594278E+00   5.6037372E-03  -3.6238441E+00  -1.3037168E-03
   2.7628367E+00   4.4157086E-03  -3.5741658E+00   1.1044039E-03
   2.7661996E+00   3.3416424E-03  -3.5566390E+00   4.8539937E-03
   2.7694898E+00  -5.9153484E-03  -3.4785922E+00   9.3490109E-03
   2.7726960E+00   7.6283002E-03  -3.4664118E+00   1.2866012E-02
   2.7758350E+00   3.4200114E-03  -3.4728508E+00   1.2412896E-02
   2.7788997E+00   6.7621646E-03  -3.4439683E+00   1.4240956E-02
   2.7828851E+00   5.0868164E-03  -3.4342284E+00   1.9319722E-02
   2.7858062E+00  -1.8986115E-05  -3.3850811E+00   1.7359970E-02
   2.7896020E+00   2.1796001E-02  -3.3013067E+00   2.0298518E-02
   2.7923903E+00   1.3377503E-02  -3.3049545E+00   2.2196051E-02
   2.7960496E+00   2.6140036E-04  -3.2996767E+00   2.5996571E-02
   2.7999036E+00  -3.1926008E-03  -3.2328293E+00   3.1815924E-02
   2.8032680E+00   2.8594232E-03  -3.2118192E+00   2.9753011E-02
   2.8056731E+00   2.2304163E-03  -3.2052162E+00   2.9301681E-02
   2.8093140E+00  -2.0613691E-03  -3.1747453E+00   3.0086901E-02
   2.8130183E+00   4.2523486E-03  -3.1034429E+00   3.6771774E-02
   2.8155131E+00   4.6393479E-04  -3.1039641E+00   3.6247436E-02
   2.8190379E+00   2.2777965E-02  -3.0749824E+00   2.5787111E-02
   2.8225436E+00  -4.2887139E-03  -3.0491090E+00   4.4763036E-02
   2.8260660E+00   6.8928755E-04  -2.9918618E+00   3.8976032E-02
   2.8294888E+00   9.5608467E-03  -2.9690924E+00   4.2127520E-02
   2.8330030E+00   8.8909492E-03  -2.9423165E+00   3.6078870E-02
   2.8365548E+00   9.4687566E-03  -2.9256880E+00   4.2470489E-02
   2.8400934E+00   7.3091909E-03  -2.8156991E+00   4.0290684E-02
   2.8424530E+00   7.6847565E-03  -2.8231108E+00   4.1689936E-02
   2.8459153E+00  -8.2631167E-03  -2.7864075E+00   4.8813708E-02
   2.8493516E+00   4.0529412E-03  -2.7644243E+00   4.7744688E-02
   2.8525624E+00   1.6778726E-02  -2.7660980E+00   4.5296349E-02
   2.8562646E+00   1.4339985E-02  -2.6557600E+00   5.3246342E-02
   2.8594415E+00   9.0400940E-03  -2.6176076E+00   5.6808341E-02
   2.8629432E+00   4.7885538E-03  -2.6383646E+00   5.2047554E-02
   2.8664010E+00   5.3199395E-03  -2.5842285E+00   6.0423262E-02
   2.8697975E+00   1.3826390E-02  -2.5515583E+00   5.7279449E-02
   2.8731353E+00   1.1682230E-02  -2.4942002E+00   6.1506882E-02
   2.8764179E+00   9.6870754E-03  -2.4258380E+00   6.4458795E-02
   2.8796234E+00   9.2866840E-03  -2.4038398E+00   6.7202494E-02
   2.8825057E+00   7.8644035E-03  -2.4101553E+00   6.3465238E-02
   2.8859730E+00   7.9573980E-03  -2.3772740E+00   6.6859111E-02
   2.8896360E+00   9.3475552E-03  -2.3332481E+00   7.2129637E-02
   2.8926704E+00   2.0305768E-02  -2.2808175E+00   7.4820600E-02
   2.8966525E+00   2.6297607E-02  -2.2039216E+00   7.5282641E-02
   2.8995936E+00   1.8231150E-02  -2.1761305E+00   7.7658623E-02
   2.9034574E+00   1.9775726E-02  -2.1479273E+00   7.6841429E-02
   2.9063139E+00   2.3985017E-02  -2.1092691E+00   7.8521878E-02
   2.9100630E+00  -1.6830780E-03  -2.0838490E+00   7.8596942E-02
   2.9128296E+00   1.5968587E-02  -2.0339100E+00   7.8747198E-02
   2.9164605E+00   1.3316622E-02  -2.0145659E+00   8.0134116E-02
   2.9200287E+00   9.7219357E-03  -1.9949560E+00   7.9989329E-02
   2.9226658E+00   2.4979110E-03  -1.9476417E+00   8.0910198E-02
   2.9261320E+00   7.2162785E-03  -1.8919271E+00   8.2102984E-02
   2.9295440E+00  -5.5839941E-03  -1.8827137E+00   8.2707554E-02
   2.9329045E+00   8.2071936E-03  -1.7819548E+00   8.1219010E-02
   2.9362154E+00  -1.9069773E-03  -1.7914774E+00   8.5560337E-02
   2.9394908E+00   1.7463556E-02  -1.6989179E+00   8.5734077E-02
   2.9427881E+00  -1.0865366E-03  -1.7029808E+00   8.5952602E-02
   2.9460530E+00   8.0514997E-03  -1.6240515E+00   8.6412847E-02
   2.9500818E+00   2.8008057E-02  -1.5850942E+00   8.7526053E-02
   2.9532645E+00  -1.0188915E-03  -1.5520731E+00   8.6255692E-02
   2.9564121E+00  -8.5768476E-04  -1.5333644E+00   8.5949607E-02
   2.9595265E+00   1.4824255E-02  -1.4851215E+00   8.6778626E-02
   2.9633739E+00   1.5005927E-02  -1.4317685E+00   8.7469436E-02
   2.9665375E+00   1.4658460E-02  -1.3939546E+00   8.8036858E-02
   2.9700472E+00   1.2025262E-02  -1.3136437E+00   8.9605525E-02
   2.9734914E+00   8.2614116E-04  -1.3081615E+00   8.8326745E-02
   2.9768701E+00   1.4578448E-02  -1.2606462E+00   8.8662609E-02
   2.9801865E+00   1.9570714E-02  -1.2122432E+00   8.7583043E-02
   2.9834445E+00   7.3835236E-04  -1.1627619E+00   8.9006178E-02
   2.9866467E+00   5.8351234E-03  -1.1412326E+00   8.8588051E-02
   2.9897959E+00   1.5377357E-02  -1.0906895E+00   8.8600196E-02
   2.9928949E+00   1.6357087E-02  -1.0148135E+00   8.4851637E-02
   2.9967012E+00   2.6640289E-03  -1.0127962E+00   8.9474827E-02
   2.9996953E+00   4.8599639E-03  -9.9310213E-01   8.7918937E-02
   3.0033770E+00   9.6919312E-04  -9.3202466E-01   8.8020153E-02
   3.0062759E+00   2.3629999E-02  -8.4814179E-01   8.8475689E-02
   3.0098445E+00   1.0755841E-02  -8.2291710E-01   8.7387882E-02
   3.0133543E+00   1.0635399E-02  -7.9810524E-01   8.7975122E-02
   3.0168085E+00   5.7857512E-03  -7.3268133E-01   8.7078825E-02
   3.0202096E+00   4.5644022E-03  -6.8947279E-01   8.8701278E-02
   3.0235598E+00   1.7758103E-02  -6.4298123E-01   8.7200604E-02
   3.0268614E+00   4.5608701E-03  -5.9213877E-01   8.5319325E-02
   3.0301166E+00  -1.1063660E-02  -5.5432487E-01   8.7633580E-02
   3.0333269E+00   2.4870701E-02  -4.9493164E-01   8.7869532E-02
   3.0364947E+00   1.0611260E-02  -4.6908563E-01   8.7254569E-02
   3.0402417E+00   9.4828056E-03  -4.2976615E-01   8.6634092E-02
   3.0433209E+00   5.7911589E-03  -3.6981672E-01   8.6546652E-02
   3.0463622E+00  -1.5178288E-02  -3.1449410E-01   8.6294249E-02
   3.0499637E+00   1.5551936E-02  -2.8324440E-01   8.5699111E-02
   3.0535150E+00   4.1556689E-03  -2.5339922E-01   8.5258305E-02
   3.0564375E+00   8.2117422E-03  -1.7564958E-01   8.3992369E-02
   3.0599017E+00   9.4061904E-03  -1.1889413E-01   8.6155310E-02
   3.0633211E+00   7.0217811E-03  -1.0385109E-01   8.3588891E-02
   3.0666974E+00   1.3576127E-02  -6.6065617E-02   8.7377064E-02
   3.0700321E+00   2.7022741E-03   9.4269812E-03   8.0047294E-02
   3.0733266E+00   3.8858429E-03   6.1980896E-02   8.2849398E-02
   3.0765827E+00   4.7409358E-03   8.6024843E-02   8.2383201E-02
   3.0798013E+00   4.4918247E-03   1.2960094E-01   8.2366288E-02
   3.0835109E+00   2.7984986E-03   1.9961545E-01   7.8879640E-02
   3.0866530E+00   6.1734463E-04   2.5371814E-01   8.2754947E-02
   3.0902762E+00   4.2326949E-03   3.2348451E-01   8.1098020E-02
   3.0933468E+00   4.8396885E-03   3.3844653E-01   8.0790468E-02
   3.0968897E+00   6.9263824E-03   3.8701904E-01   7.5052977E-02
   3.0998936E+00   2.8235635E-03   4.6497920E-01   8.0431052E-02
   3.1033611E+00  -1.0993932E-03   4.9922743E-01   7.9652034E-02
   3.1067898E+00  -3.4188454E-03   5.4781741E-01   8.0322474E-02
   3.1101813E+00   3.5266483E-03   6.1551750E-01   7.6415353E-02
   3.1135366E+00   3.8025738E-04   6.5630096E-01   7.5446635E-02
   3.1168568E+00   4.1761296E-03   6.9187522E-01   7.4926987E-02
   3.1201429E+00   8.3947193E-04   7.5745523E-01   8.3601080E-02
   3.1233962E+00   9.8370656E-04   8.1466407E-01   7.9186156E-02
   3.1266177E+00   2.0191355E-03   8.6596763E-01   8.0413736E-02
   3.1302612E+00  -6.2235598E-03   8.9884239E-01   8.2064658E-02
   3.1334169E+00   1.6399190E-02   9.7818756E-01   8.1848234E-02
   3.1369879E+00  -3.0620864E-03   1.0220056E+00   7.9421148E-02
   3.1400821E+00   4.7132573E-03   1.0449528E+00   7.4807338E-02
   3.1435847E+00   2.0416847E-03   1.1021875E+00   8.1878506E-02
   3.1470523E+00  -4.6906504E-04   1.1536036E+00   7.7602178E-02
   3.1500587E+00   3.1488484E-03   1.2285881E+00   6.6375658E-02
   3.1534636E+00  -1.1581838E-03   1.2762833E+00   8.1294507E-02
   3.1568365E+00  -7.0819230E-04   1.2916348E+00   7.5755931E-02
   3.1601779E+00  -2.9923858E-03   1.3795444E+00   8.4184460E-02
   3.1634893E+00  -5.1164012E-03   1.4393291E+00   7.3634639E-02
   3.1667709E+00   4.4018449E-03   1.5054389E+00   8.5180201E-02
   3.1704288E+00  -6.4955414E-03   1.5145433E+00   6.3639976E-02
   3.1736503E+00   1.1748616E-03   1.5456045E+00   9.5037147E-02
   3.1768444E+00  -1.1115514E-03   1.6133060E+00   7.2367899E-02
   3.1804063E+00   1.2510029E-03   1.8164084E+00   7.2426006E-02
   3.1835449E+00  -4.4181724E-03   1.7680261E+00   8.1749082E-02
   3.1870458E+00  -4.0958649E-03   1.6344805E+00   7.2571404E-02
   3.1901317E+00  -5.0646724E-04   1.9449576E+00   8.4520780E-02
   3.1935747E+00   7.2183809E-04   1.8872235E+00   7.7753134E-02
   3.1969881E+00  -4.0724622E-03   1.9013543E+00   7.7828392E-02
   3.2003729E+00  -4.0547914E-04   2.0643446E+00   7.9237312E-02
   3.2037294E+00  -2.1086070E-03   2.0399530E+00   7.4275240E-02
   3.2070587E+00  -1.1977929E-03   2.0904970E+00   7.0329614E-02
   3.2103612E+00   1.5518687E-03   2.2017817E+00   7.0240051E-02
   3.2136376E+00  -6.5687634E-03   2.2259054E+00   7.4851155E-02
   3.2168884E+00   7.6484832E-04   2.2725368E+00   7.4189819E-02
   3.2204714E+00  -5.3932592E-03   2.3406405E+00   6.7839377E-02
   3.2236705E+00  -5.2123927E-03   2.3963599E+00   7.6613739E-02
   3.2268460E+00  -4.5617856E-03   2.4350374E+00   7.7527851E-02
   3.2303469E+00  -7.0166104E-03   2.5016503E+00   7.2874196E-02
   3.2338197E+00  -3.7730234E-03   2.5734913E+00   6.5582812E-02
   3.2369220E+00  -7.6417131E-03   2.6145763E+00   6.9227070E-02
   3.2403438E+00  -4.4245721E-04   2.6465211E+00   5.0495297E-02
   3.2437394E+00  -4.3771891E-03   2.7257652E+00   8.4291600E-02
   3.2471092E+00  -9.0777222E-04   2.7874002E+00   6.9316238E-02
   3.2504542E+00  -3.6030181E-03   2.8272929E+00   6.7193814E-02
   3.2537749E+00  -1.0872332E-03   2.8928962E+00   6.7429565E-02
   3.2570717E+00  -8.3939023E-03   2.9629548E+00   6.5906338E-02
   3.2603450E+00  -5.3574606E-03   2.9857879E+00   6.6689543E-02
   3.2639191E+00  -1.6666188E-04   3.0669804E+00   6.4208426E-02
   3.2671449E+00  -4.2432598E-03   3.1015227E+00   5.8056243E-02
   3.2703490E+00   8.5060840E-04   3.1740758E+00   6.2885307E-02
   3.2738485E+00   4.1283577E-04   3.2044768E+00   6.0473409E-02
   3.2770078E+00   2.0927808E-04   3.3246639E+00   5.7542562E-02
   3.2804592E+00  -1.2916250E-02   3.2938204E+00   5.6173209E-02
   3.2838862E+00  -3.1149515E-03   3.3984351E+00   5.3898860E-02
   3.2872894E+00   1.0572277E-02   3.4379556E+00   4.8478812E-02
   3.2903631E+00   2.0487129E-03   3.4874275E+00   4.9985189E-02
   3.2937219E+00   2.0240224E-03   3.5608907E+00   4.6617206E-02
   3.2970583E+00   4.0511484E-03   3.5963643E+00   4.5037858E-02
   3.3003728E+00   8.7691098E-03   3.6637454E+00   4.2847987E-02
   3.3039639E+00   5.2942061E-03   3.7114360E+00   3.9224502E-02
   3.3072336E+00   4.9677477E-03   3.7728806E+00   3.9481331E-02
   3.3104825E+00   2.2451747E-02   3.8218327E+00   3.4400791E-02
   3.3140035E+00   7.6089068E-03   3.9072275E+00   3.0341480E-02
   3.3172102E+00   1.2025652E-03   3.9142673E+00   2.9294521E-02
   3.3206863E+00   1.0052679E-02   4.0039701E+00   2.5825460E-02
   3.3238525E+00   9.5857547E-05   4.0352097E+00   2.2130650E-02
   3.3272851E+00   1.3808105E-02   4.1058006E+00   2.0965224E-02
   3.3304570E+00  -2.8840754E-02   4.1775188E+00   2.3969647E-02
   3.3337173E+00   1.5867071E-02   4.1554885E+00   6.8496396E-03
   3.3375499E+00   1.6302703E-05   4.2400360E+00   8.2446290E-03
   3.3408046E+00   1.5341849E-02   4.3097286E+00   1.0642288E-02
