  flscon:  version 23.2.0.01  win64 2022 
 FLOW-3D   10:58:26  02/29/2024 ntjb     
   hydr3d   version  23.2.0.20 win64     12/04/2023 HYDRO    
 Simulation Template: Free Surface - TruVOF (Default)                            

Mesh Block   1
 printing pfxob, pfyob, pfzob       
       1      977      0.000E+00      4.931E+00
   time              pfxob_1         pfyob_1         pfzob_1
   0.0000000E+00   9.6925505E-04  -3.0981867E+00   1.9056724E+00
   4.9306001E-03  -2.2250682E-03   9.0316910E+01   2.4781184E+00
   8.5275453E-03  -9.2764795E-03  -2.9747121E+00   1.9508597E+00
   1.4574055E-02  -2.6984145E-03  -2.8571014E+00   1.9053977E+00
   2.0702390E-02   1.1782514E-02  -2.8571835E+00   1.8919871E+00
   2.5315663E-02   2.3627587E-02  -2.7903738E+00   1.8925388E+00
   2.9917402E-02  -9.9447779E-03  -2.7513058E+00   1.8925596E+00
   3.4743339E-02  -1.1275224E-02  -2.7079062E+00   1.9326596E+00
   3.9804071E-02   4.5431834E-03  -2.7075393E+00   1.9121318E+00
   4.4852156E-02  -2.4477250E-03  -2.6696577E+00   1.8981757E+00
   4.9887620E-02   1.7463238E-03  -2.6529975E+00   1.8982869E+00
   5.4900326E-02   1.2573787E-03  -2.6426697E+00   1.8984203E+00
   6.0057953E-02   7.4444636E-04  -2.6427605E+00   1.8981174E+00
   6.2760860E-02  -4.1813324E-03  -2.5977883E+00   1.9137504E+00
   6.7907222E-02   6.6056321E-03  -2.6064341E+00   1.9094166E+00
   7.2874770E-02  -1.3482051E-04  -2.6101239E+00   1.9093783E+00
   7.9653256E-02   5.8877808E-03  -2.5858967E+00   1.9060698E+00
   8.3865151E-02   5.7174885E-03  -2.6092498E+00   1.9028970E+00
   8.7797992E-02  -1.4299793E-03  -2.6087699E+00   1.8996456E+00
   9.4509475E-02  -1.2858465E-03  -2.6455314E+00   1.8971676E+00
   9.8128609E-02   3.0840308E-04  -2.6175473E+00   1.8967276E+00
   1.0367643E-01  -1.0815379E-03  -2.6640174E+00   1.8958206E+00
   1.0800710E-01  -4.1722550E-04  -2.6378057E+00   1.8947964E+00
   1.1302039E-01  -1.1124656E-03  -2.6729395E+00   1.8940850E+00
   1.1857646E-01  -2.0965897E-04  -2.6980929E+00   1.8937769E+00
   1.2388096E-01  -4.9480970E-04  -2.7433898E+00   1.8941604E+00
   1.2748840E-01  -9.9140118E-05  -2.7396846E+00   1.8945388E+00
   1.3373479E-01  -1.1691295E-04  -2.7598691E+00   1.8949095E+00
   1.3811862E-01  -1.0632430E-03  -2.7673237E+00   1.8952193E+00
   1.4356087E-01   7.0566672E-04  -2.8145082E+00   1.8963748E+00
   1.4744326E-01  -2.4982914E-04  -2.8411801E+00   1.8969486E+00
   1.5279357E-01  -1.3870359E-03  -2.8576672E+00   1.8973249E+00
   1.5737925E-01  -4.9604475E-04  -2.9088898E+00   1.8966184E+00
   1.6256791E-01  -2.1917652E-04  -2.9091861E+00   1.8940690E+00
   1.6744258E-01  -8.0215518E-04  -2.9445860E+00   1.8930367E+00
   1.7218241E-01  -1.4550418E-04  -2.9925032E+00   1.8915436E+00
   1.7730157E-01  -8.1974355E-04  -3.0022101E+00   1.8898500E+00
   1.8233423E-01   5.5033353E-04  -3.0268714E+00   1.8879256E+00
   1.8800612E-01  -6.8598898E-04  -3.0510573E+00   1.8860483E+00
   1.9304866E-01  -1.0416183E-03  -3.0699921E+00   1.8847476E+00
   1.9684456E-01  -3.0284459E-04  -3.0922694E+00   1.8841887E+00
   2.0221950E-01   4.5353459E-04  -3.1249833E+00   1.8837024E+00
   2.0749401E-01  -8.8740222E-04  -3.1209679E+00   1.8833104E+00
   2.1135929E-01  -2.6251000E-04  -3.1575837E+00   1.8828900E+00
   2.1768615E-01  -5.2045943E-04  -3.1520939E+00   1.8823419E+00
   2.2117954E-01  -5.9763814E-04  -3.1896067E+00   1.8825518E+00
   2.2650935E-01  -1.7297997E-04  -3.1992939E+00   1.8834563E+00
   2.3160625E-01   2.8532912E-04  -3.2324755E+00   1.8838303E+00
   2.3595065E-01   3.8873608E-04  -3.2134469E+00   1.8837790E+00
   2.4078637E-01  -1.3406186E-04  -3.2151151E+00   1.8828290E+00
   2.4656186E-01  -9.9712997E-05  -3.1999965E+00   1.8823998E+00
   2.5121117E-01   5.3062197E-04  -3.2382984E+00   1.8822522E+00
   2.5612333E-01   5.8197294E-04  -3.2132788E+00   1.8815421E+00
   2.6096544E-01   3.2483172E-04  -3.2332480E+00   1.8805751E+00
   2.6680967E-01   9.4453816E-04  -3.1852486E+00   1.8789243E+00
   2.7140051E-01  -2.0413054E-04  -3.1890776E+00   1.8767333E+00
   2.7581179E-01  -1.2141006E-04  -3.1613431E+00   1.8760433E+00
   2.8049466E-01   1.8158153E-04  -3.1588054E+00   1.8755809E+00
   2.8522965E-01   5.5365055E-04  -3.1451843E+00   1.8752880E+00
   2.9164818E-01   3.5591953E-04  -3.1160548E+00   1.8745911E+00
   2.9646927E-01   6.1247207E-05  -3.0708969E+00   1.8735478E+00
   3.0131811E-01  -4.1567712E-04  -3.0406690E+00   1.8726397E+00
   3.0611145E-01  -5.2975764E-04  -3.0025918E+00   1.8725015E+00
   3.1093401E-01  -4.0235734E-04  -2.9890304E+00   1.8726614E+00
   3.1572706E-01  -1.1304276E-04  -2.9633648E+00   1.8732128E+00
   3.2047105E-01   2.7663854E-04  -2.9259789E+00   1.8740501E+00
   3.2515156E-01   1.7916618E-04  -2.8852110E+00   1.8741872E+00
   3.2970914E-01   2.0097810E-05  -2.8511508E+00   1.8741418E+00
   3.3564597E-01  -5.2083796E-04  -2.7563148E+00   1.8725079E+00
   3.4001732E-01  -1.5868917E-03  -2.7946570E+00   1.8754267E+00
   3.4584513E-01   1.9108249E-03  -2.7577059E+00   1.8759773E+00
   3.5022092E-01   1.7716254E-03  -2.6818328E+00   1.8732954E+00
   3.5458761E-01  -2.6003880E-04  -2.6458876E+00   1.8710014E+00
   3.6040187E-01  -1.5908121E-03  -2.5957010E+00   1.8680208E+00
   3.6491355E-01  -3.3726773E-04  -2.5744488E+00   1.8669825E+00
   3.6947283E-01   3.6437967E-04  -2.5482218E+00   1.8668855E+00
   3.7405273E-01   1.5916012E-03  -2.4879506E+00   1.8635554E+00
   3.7987718E-01  -5.9294089E-04  -2.4904590E+00   1.8617649E+00
   3.8392889E-01  -1.3365367E-04  -2.4713359E+00   1.8623813E+00
   3.8910252E-01   8.1445399E-04  -2.4119096E+00   1.8645625E+00
   3.9510056E-01  -2.9499910E-04  -2.2963610E+00   1.8703127E+00
   3.9856818E-01  -7.0361054E-04  -2.3220241E+00   1.8710421E+00
   4.0398219E-01  -3.3533957E-04  -2.3555827E+00   1.8716838E+00
   4.0930870E-01   6.6172128E-04  -2.3203156E+00   1.8708028E+00
   4.1469094E-01  -9.4442716E-04  -2.1821306E+00   1.8534837E+00
   4.1825351E-01   6.4910819E-05  -2.2518885E+00   1.8551342E+00
   4.2356959E-01   5.2801316E-04  -2.2521901E+00   1.8562564E+00
   4.2857170E-01   1.1402107E-03  -2.2445586E+00   1.8580716E+00
   4.3352404E-01   4.7858417E-04  -2.1858821E+00   1.8600184E+00
   4.3834394E-01  -4.7031586E-04  -2.1490712E+00   1.8613645E+00
   4.4301671E-01  -4.3523805E-03  -2.0871916E+00   1.8949976E+00
   4.4791058E-01   3.9963797E-03  -2.2597966E+00   1.8456815E+00
   4.5426711E-01   4.9340818E-03  -2.1119423E+00   1.8681836E+00
   4.5853770E-01   6.0480245E-04  -2.1292272E+00   1.8684633E+00
   4.6348143E-01  -6.1423639E-03  -2.0319774E+00   1.8644549E+00
   4.6920443E-01  -5.6613865E-04  -2.1174388E+00   1.8645128E+00
   4.7351256E-01  -1.4389016E-03  -2.1016018E+00   1.8630881E+00
   4.7817528E-01  -7.9772493E-04  -2.0558286E+00   1.8605272E+00
   4.8268282E-01  -8.3868363E-04  -2.0581398E+00   1.8595390E+00
   4.8715064E-01  -1.0812884E-03  -2.0504382E+00   1.8582962E+00
   4.9371728E-01  -3.8586248E-04  -2.0634217E+00   1.8578292E+00
   4.9804428E-01  -1.9998830E-04  -2.0645449E+00   1.8577144E+00
   5.0237185E-01  -6.6688546E-04  -2.0556214E+00   1.8574618E+00
   5.0881994E-01  -5.0058885E-04  -1.9862810E+00   1.8566556E+00
   5.1311445E-01  -1.0134010E-03  -2.0194542E+00   1.8569690E+00
   5.1739228E-01  -1.9535997E-03  -2.1158772E+00   1.8602527E+00
   5.2169722E-01   3.8392607E-03  -1.9919223E+00   1.8595257E+00
   5.2819026E-01  -4.4710157E-03  -2.0521126E+00   1.8595128E+00
   5.3253293E-01  -2.4398013E-03  -2.0720067E+00   1.8595699E+00
   5.3690165E-01   1.8502724E-03  -2.0474946E+00   1.8591877E+00
   5.4128206E-01   5.8640382E-04  -2.0179648E+00   1.8583436E+00
   5.4785496E-01   3.5312099E-04  -1.9862450E+00   1.8556247E+00
   5.5223149E-01   4.0678107E-04  -2.0242717E+00   1.8558967E+00
   5.5661643E-01   4.7587632E-04  -2.0308571E+00   1.8559791E+00
   5.6316322E-01   1.5447843E-04  -1.9683658E+00   1.8553827E+00
   5.6746358E-01   1.6313310E-04  -1.9464146E+00   1.8549523E+00
   5.7172406E-01   1.5410171E-04  -1.9390225E+00   1.8547658E+00
   5.7590741E-01  -1.0190864E-04  -1.9331139E+00   1.8547425E+00
   5.8206785E-01   5.1943940E-04  -1.9162734E+00   1.8549119E+00
   5.8610892E-01  -6.1489665E-04  -1.9015195E+00   1.8549910E+00
   5.9200901E-01   4.0918085E-04  -1.8225412E+00   1.8550698E+00
   5.9589785E-01  -2.9193418E-04  -1.8658687E+00   1.8551173E+00
   6.0127956E-01   6.9979078E-04  -1.8616321E+00   1.8552626E+00
   6.0674322E-01   7.8504987E-04  -1.8268003E+00   1.8552282E+00
   6.1170173E-01   2.2970971E-03  -1.6945961E+00   1.8531415E+00
   6.1625642E-01   1.3298481E-03  -1.8002180E+00   1.8536615E+00
   6.2072438E-01   3.1762110E-04  -1.6107522E+00   1.8524697E+00
   6.2578458E-01  -1.0033246E-04  -1.7126399E+00   1.8527961E+00
   6.3127083E-01   1.0936857E-03  -1.6546094E+00   1.8540297E+00
   6.3538963E-01   9.5739169E-04  -1.5947521E+00   1.8542236E+00
   6.4015764E-01   1.0615408E-03  -1.5364816E+00   1.8536043E+00
   6.4567721E-01  -4.0806379E-04  -1.4992502E+00   1.8533401E+00
   6.4983225E-01   2.8345583E-04  -1.4742157E+00   1.8533695E+00
   6.5663987E-01   3.6808272E-04  -1.4297714E+00   1.8538047E+00
   6.6095340E-01   4.7281614E-04  -1.3832250E+00   1.8541920E+00
   6.6510886E-01  -7.9165424E-05  -1.3070062E+00   1.8546515E+00
   6.7145807E-01   5.7676568E-04  -1.3091488E+00   1.8544399E+00
   6.7594808E-01   4.5510678E-04  -1.2927041E+00   1.8543988E+00
   6.8054044E-01   4.7971372E-04  -1.2467760E+00   1.8543282E+00
   6.8499595E-01   5.1656098E-04  -1.1568704E+00   1.8540148E+00
   6.8929422E-01   5.4390292E-04  -1.1092889E+00   1.8537503E+00
   6.9565547E-01   3.0934854E-04  -1.0614355E+00   1.8534086E+00
   6.9945037E-01   5.3836592E-04  -1.0315537E+00   1.8532013E+00
   7.0568484E-01   4.8690665E-04  -9.7378492E-01   1.8529488E+00
   7.0974267E-01   1.2355628E-04  -9.4572097E-01   1.8528274E+00
   7.1563041E-01   3.6644019E-04  -8.8453031E-01   1.8525801E+00
   7.1942765E-01  -4.3430222E-07  -8.5508865E-01   1.8524640E+00
   7.2519898E-01   9.9256475E-05  -8.1517565E-01   1.8523387E+00
   7.2922546E-01   1.1497061E-04  -7.8454340E-01   1.8523101E+00
   7.3523802E-01  -6.1969396E-05  -7.3145312E-01   1.8523453E+00
   7.3923200E-01  -1.2948421E-04  -7.0264924E-01   1.8523898E+00
   7.4520564E-01  -3.6371360E-04  -6.6154683E-01   1.8524652E+00
   7.4917823E-01  -3.8263318E-04  -6.3403529E-01   1.8525115E+00
   7.5512457E-01  -6.7460444E-04  -5.9771365E-01   1.8525590E+00
   7.5908148E-01  -7.7517686E-04  -5.7838506E-01   1.8525658E+00
   7.6500720E-01  -1.2182693E-03  -5.1846159E-01   1.8525858E+00
   7.6895183E-01  -1.2069113E-03  -4.9683946E-01   1.8525834E+00
   7.7485377E-01  -1.5291838E-03  -4.7955739E-01   1.8525010E+00
   7.7878755E-01  -1.5546943E-03  -4.6325529E-01   1.8524363E+00
   7.8468311E-01  -1.5825398E-03  -4.3152818E-01   1.8523973E+00
   7.8860986E-01  -1.6764038E-03  -4.1180891E-01   1.8523718E+00
   7.9449487E-01  -1.7552804E-03  -3.8241079E-01   1.8523406E+00
   7.9842460E-01  -1.7024467E-03  -3.7012887E-01   1.8523412E+00
   8.0439740E-01  -1.8200231E-03  -3.5241166E-01   1.8523935E+00
   8.0821669E-01  -2.0072176E-03  -3.4148392E-01   1.8524956E+00
   8.1445193E-01  -1.9555937E-03  -3.2538393E-01   1.8526648E+00
   8.1914568E-01  -2.1054596E-03  -3.1193304E-01   1.8528147E+00
   8.2389671E-01  -2.2793747E-03  -2.8429788E-01   1.8531650E+00
   8.2869118E-01  -2.4842185E-03  -2.7606937E-01   1.8534495E+00
   8.3397704E-01  -2.3949228E-03  -2.7779770E-01   1.8535868E+00
   8.3681983E-01  -2.1354931E-03  -2.1613102E-01   1.8544018E+00
   8.4242606E-01  -2.6352804E-03  -2.5468266E-01   1.8544583E+00
   8.4845805E-01  -2.1437388E-03  -2.6566678E-01   1.8544830E+00
   8.5417181E-01  -2.4103271E-03  -2.5003538E-01   1.8546255E+00
   8.5716325E-01  -2.3568259E-03  -2.4962242E-01   1.8546575E+00
   8.6243284E-01  -1.9311800E-03  -1.4325036E-01   1.8549823E+00
   8.6732227E-01  -2.1836259E-03  -2.1066251E-01   1.8546182E+00
   8.7207460E-01  -2.3866789E-03  -2.3534566E-01   1.8545196E+00
   8.7867421E-01  -2.5827803E-03  -1.4520705E-01   1.8545047E+00
   8.8330126E-01  -1.7881020E-03  -1.5958391E-01   1.8543538E+00
   8.8785958E-01  -2.2511845E-03  -1.6987737E-01   1.8541976E+00
   8.9216697E-01  -3.1371412E-03  -7.9549402E-02   1.8545134E+00
   8.9818579E-01  -1.9387222E-03  -1.1984705E-01   1.8544823E+00
   9.0210855E-01  -2.2879434E-03  -1.3017762E-01   1.8544735E+00
   9.0623349E-01  -2.8020241E-03  -1.0054114E-01   1.8546505E+00
   9.1244143E-01  -2.3497303E-03  -1.4903924E-03   1.8554934E+00
   9.1636252E-01  -2.5566989E-03  -6.0257290E-02   1.8551306E+00
   9.2203110E-01  -2.5769982E-03  -4.1649770E-02   1.8550514E+00
   9.2747545E-01  -3.5541269E-03   1.8470231E-01   1.8561846E+00
   9.3105650E-01  -7.6086057E-04  -2.1277484E-02   1.8546803E+00
   9.3627876E-01  -3.6618321E-03   1.4932220E-01   1.8551933E+00
   9.4141424E-01  -1.2078432E-03   1.0844241E-01   1.8552164E+00
   9.4638348E-01  -2.1255224E-03   1.2298127E-01   1.8553696E+00
   9.5193946E-01  -2.3925356E-03   1.8905199E-01   1.8557599E+00
   9.5612192E-01  -2.0532056E-03   2.5408211E-01   1.8561053E+00
   9.6073306E-01  -2.3268340E-03   2.8056413E-01   1.8562895E+00
   9.6581680E-01  -2.4479339E-03   3.0567124E-01   1.8564122E+00
   9.7142166E-01  -2.4546224E-03   3.5313502E-01   1.8567249E+00
   9.7760099E-01  -2.3028220E-03   4.0916115E-01   1.8570499E+00
   9.8092425E-01  -2.4158945E-03   4.9776676E-01   1.8578138E+00
   9.8760659E-01  -2.0016828E-03   5.1176524E-01   1.8577442E+00
   9.9095583E-01  -2.1095090E-03   5.2124530E-01   1.8576880E+00
   9.9431115E-01  -2.4670272E-03   5.4094052E-01   1.8576938E+00
   1.0010415E+00  -2.6265495E-03   6.4369148E-01   1.8583248E+00
   1.0055187E+00  -3.2464755E-03   6.6505647E-01   1.8584291E+00
   1.0117216E+00  -2.3082637E-03   8.5150337E-01   1.8598137E+00
   1.0162876E+00  -2.5602104E-03   8.1754535E-01   1.8596525E+00
   1.0215732E+00  -2.1956018E-03   8.4631556E-01   1.8593431E+00
   1.0255522E+00  -3.0632245E-03   8.8765758E-01   1.8592365E+00
   1.0299389E+00  -3.7472893E-03   9.5564556E-01   1.8594329E+00
   1.0347754E+00  -3.4548177E-03   1.0257825E+00   1.8599626E+00
   1.0401075E+00  -3.5824676E-03   1.0878210E+00   1.8604643E+00
   1.0459862E+00  -3.6048745E-03   1.1481806E+00   1.8609176E+00
   1.0491477E+00  -3.6890612E-03   1.1727915E+00   1.8610249E+00
   1.0559531E+00  -4.1826637E-03   1.2784637E+00   1.8615410E+00
   1.0594726E+00  -3.7911646E-03   1.2900560E+00   1.8615359E+00
   1.0665509E+00  -3.6795007E-03   1.3214593E+00   1.8613485E+00
   1.0701097E+00  -4.3700617E-03   1.3834957E+00   1.8615148E+00
   1.0736825E+00  -3.9264639E-03   1.4009001E+00   1.8615623E+00
   1.0808718E+00  -3.9721169E-03   1.4669420E+00   1.8618127E+00
   1.0844895E+00  -3.9687036E-03   1.5128196E+00   1.8619767E+00
   1.0881228E+00  -4.1610450E-03   1.5274071E+00   1.8620020E+00
   1.0954391E+00  -4.4813259E-03   1.6223537E+00   1.8626913E+00
   1.0991226E+00  -4.2683920E-03   1.6310593E+00   1.8627377E+00
   1.1028236E+00  -3.3296479E-03   1.6414974E+00   1.8627294E+00
   1.1102794E+00  -4.1829236E-03   1.6934080E+00   1.8631730E+00
   1.1140349E+00  -4.6559731E-03   1.7430266E+00   1.8636481E+00
   1.1178093E+00  -5.2002124E-03   1.7493484E+00   1.8636812E+00
   1.1254154E+00  -4.8553054E-03   1.7940769E+00   1.8641554E+00
   1.1292470E+00  -5.2253818E-03   1.8206345E+00   1.8645046E+00
   1.1330993E+00  -5.4944055E-03   1.8265172E+00   1.8645688E+00
   1.1408718E+00  -5.8197859E-03   1.8737068E+00   1.8652946E+00
   1.1447933E+00  -6.0386006E-03   1.8731852E+00   1.8653320E+00
   1.1501614E+00  -6.5582236E-03   1.8935323E+00   1.8657879E+00
   1.1530472E+00  -6.3609914E-03   1.9159452E+00   1.8661547E+00
   1.1592592E+00  -6.0032830E-03   1.9535123E+00   1.8667772E+00
   1.1625999E+00  -6.1810492E-03   1.9647058E+00   1.8670206E+00
   1.1697910E+00  -6.4636660E-03   2.0238249E+00   1.8684309E+00
   1.1735052E+00  -6.2399958E-03   2.0129592E+00   1.8684586E+00
   1.1772224E+00  -6.1601177E-03   1.9985341E+00   1.8683684E+00
   1.1850046E+00  -6.5189577E-03   2.0153239E+00   1.8688915E+00
   1.1891844E+00  -6.0247392E-03   2.0317068E+00   1.8695875E+00
   1.1934965E+00  -5.9259385E-03   2.0210509E+00   1.8696473E+00
   1.1978528E+00  -6.3540572E-03   2.0435464E+00   1.8704025E+00
   1.2022557E+00  -5.8424920E-03   2.0321012E+00   1.8704993E+00
   1.2067072E+00  -5.4985941E-03   2.0538764E+00   1.8712428E+00
   1.2127188E+00  -5.7628895E-03   2.0301073E+00   1.8713653E+00
   1.2193468E+00  -5.2490751E-03   2.0423849E+00   1.8716954E+00
   1.2229112E+00  -5.2229702E-03   2.1399593E+00   1.8736031E+00
   1.2266539E+00  -4.4162250E-03   2.1196177E+00   1.8735043E+00
   1.2347101E+00  -5.5776713E-03   2.0729449E+00   1.8724169E+00
   1.2390428E+00  -4.7753733E-03   2.0970995E+00   1.8729448E+00
   1.2435920E+00  -4.5200307E-03   2.0917246E+00   1.8730189E+00
   1.2483687E+00  -4.5383242E-03   2.1293168E+00   1.8739578E+00
   1.2533844E+00  -3.8209183E-03   2.1372526E+00   1.8743638E+00
   1.2584803E+00  -4.0628668E-03   2.1392434E+00   1.8743774E+00
   1.2636495E+00  -3.7818812E-03   2.1618383E+00   1.8749809E+00
   1.2688930E+00  -3.4021884E-03   2.1813951E+00   1.8754033E+00
   1.2731508E+00  -3.4039929E-03   2.1959567E+00   1.8758250E+00
   1.2764710E+00  -3.6334018E-03   2.1916349E+00   1.8758703E+00
   1.2836179E+00  -3.0255583E-03   2.2420495E+00   1.8767536E+00
   1.2874615E+00  -2.7268175E-03   2.2501473E+00   1.8767641E+00
   1.2914972E+00  -2.6535387E-03   2.2929847E+00   1.8774987E+00
   1.2957348E+00  -2.4457001E-03   2.2989771E+00   1.8775877E+00
   1.3001842E+00  -2.4192529E-03   2.3095982E+00   1.8776520E+00
   1.3048562E+00  -2.5631161E-03   2.3679857E+00   1.8788425E+00
   1.3097616E+00  -1.7053208E-03   2.3889320E+00   1.8792961E+00
   1.3149124E+00  -2.3026871E-03   2.4097276E+00   1.8794593E+00
   1.3203208E+00  -2.1499072E-03   2.4415703E+00   1.8798783E+00
   1.3259995E+00  -2.1813498E-03   2.4793453E+00   1.8804908E+00
   1.3319622E+00  -1.7066397E-03   2.5266545E+00   1.8814064E+00
   1.3382230E+00  -2.2230151E-03   2.5608115E+00   1.8818591E+00
   1.3457514E+00  -2.0104526E-03   2.6419625E+00   1.8833011E+00
   1.3507116E+00  -1.0504301E-03   2.7003736E+00   1.8841513E+00
   1.3564537E+00  -1.6736084E-03   2.7446282E+00   1.8848053E+00
   1.3607762E+00  -1.3854648E-03   2.7672136E+00   1.8850653E+00
   1.3655417E+00  -1.5735701E-03   2.8018599E+00   1.8854038E+00
   1.3707957E+00  -1.8155786E-03   2.8488572E+00   1.8859812E+00
   1.3765882E+00  -1.8980710E-03   2.9483151E+00   1.8886024E+00
   1.3797035E+00  -1.5340456E-03   2.9543321E+00   1.8885609E+00
   1.3864092E+00  -1.0615194E-03   2.9670336E+00   1.8877707E+00
   1.3900154E+00  -1.2718058E-03   2.9816825E+00   1.8875889E+00
   1.3938020E+00  -2.2134562E-03   3.0345006E+00   1.8883624E+00
   1.4019527E+00  -1.4788206E-03   3.1138966E+00   1.8899635E+00
   1.4063362E+00  -1.6522304E-03   3.1357846E+00   1.8900856E+00
   1.4109389E+00  -1.7210781E-03   3.1539125E+00   1.8901585E+00
   1.4157716E+00  -1.8405542E-03   3.2171845E+00   1.8912772E+00
   1.4208461E+00  -1.7574884E-03   3.2323968E+00   1.8912781E+00
   1.4261742E+00  -1.8587165E-03   3.2728539E+00   1.8917910E+00
   1.4317688E+00  -1.5789811E-03   3.3095255E+00   1.8924128E+00
   1.4376431E+00  -1.6241489E-03   3.3389037E+00   1.8928841E+00
   1.4438111E+00  -1.3810003E-03   3.3796303E+00   1.8936226E+00
   1.4502875E+00  -1.6950562E-03   3.4110680E+00   1.8941824E+00
   1.4568650E+00  -2.2250763E-03   3.4395335E+00   1.8947062E+00
   1.4633965E+00  -1.4727245E-03   3.4781291E+00   1.8957465E+00
   1.4699358E+00  -2.2540009E-03   3.5029800E+00   1.8963753E+00
   1.4764949E+00  -1.9474073E-03   3.5276041E+00   1.8971448E+00
   1.4830924E+00  -1.8149853E-03   3.5515621E+00   1.8979886E+00
   1.4893008E+00  -1.6817693E-03   3.5725684E+00   1.8988364E+00
   1.4955864E+00  -1.5498200E-03   3.5902412E+00   1.8996187E+00
   1.5015458E+00  -1.3587752E-03   3.6070616E+00   1.9005501E+00
   1.5075971E+00  -1.5529840E-03   3.6202171E+00   1.9012483E+00
   1.5139508E+00  -1.3739469E-03   3.6303961E+00   1.9019873E+00
   1.5204933E+00  -1.4772128E-03   3.6390934E+00   1.9028800E+00
   1.5265489E+00  -1.2049066E-03   3.6468604E+00   1.9037554E+00
   1.5323018E+00  -9.5130526E-04   3.6537707E+00   1.9045537E+00
   1.5380524E+00  -1.0687090E-03   3.6578743E+00   1.9053968E+00
   1.5436134E+00  -7.9906819E-04   3.6601033E+00   1.9062179E+00
   1.5492417E+00   8.5212319E-05   3.6577666E+00   1.9070036E+00
   1.5549076E+00   1.3813697E-04   3.6564441E+00   1.9077510E+00
   1.5605824E+00   2.9242827E-04   3.6540999E+00   1.9084563E+00
   1.5659611E+00   7.3900865E-04   3.6525455E+00   1.9091214E+00
   1.5711627E+00   8.0864422E-04   3.6495962E+00   1.9096174E+00
   1.5763768E+00   1.2115153E-03   3.6492240E+00   1.9102876E+00
   1.5816240E+00   1.9613430E-03   3.6483545E+00   1.9109013E+00
   1.5867785E+00   2.1852809E-03   3.6474352E+00   1.9114404E+00
   1.5918455E+00   2.4581112E-03   3.6468499E+00   1.9120264E+00
   1.5968305E+00   2.7285391E-03   3.6470785E+00   1.9126016E+00
   1.6017379E+00   3.0692965E-03   3.6471589E+00   1.9131550E+00
   1.6065722E+00   3.5305563E-03   3.6489434E+00   1.9136996E+00
   1.6113371E+00   3.5234771E-03   3.6520026E+00   1.9142392E+00
   1.6160362E+00   4.4499394E-03   3.6553929E+00   1.9148785E+00
   1.6206731E+00   3.9098100E-03   3.6594284E+00   1.9152293E+00
   1.6252502E+00   4.2267204E-03   3.6626694E+00   1.9157485E+00
   1.6297705E+00   5.0405706E-03   3.6674135E+00   1.9163297E+00
   1.6386511E+00   5.5723074E-03   3.6768467E+00   1.9174327E+00
   1.6430160E+00   5.8583464E-03   3.6817570E+00   1.9179418E+00
   1.6473333E+00   6.4969626E-03   3.6874726E+00   1.9184397E+00
   1.6515917E+00   6.6029811E-03   3.6935039E+00   1.9189326E+00
   1.6557480E+00   6.8683848E-03   3.7012830E+00   1.9194310E+00
   1.6598519E+00   7.1734390E-03   3.7076166E+00   1.9199133E+00
   1.6681067E+00   6.9120047E-03   3.7210488E+00   1.9210036E+00
   1.6721767E+00   7.8230686E-03   3.7304156E+00   1.9211192E+00
   1.6762104E+00   7.9341987E-03   3.7368584E+00   1.9221301E+00
   1.6802090E+00   8.7072272E-03   3.7444234E+00   1.9226551E+00
   1.6880692E+00   8.2991412E-03   3.7620225E+00   1.9233660E+00
   1.6919326E+00   8.7670414E-03   3.7713017E+00   1.9234719E+00
   1.6957632E+00   8.8993870E-03   3.7734268E+00   1.9245340E+00
   1.6995859E+00   9.3500791E-03   3.7807426E+00   1.9250995E+00
   1.7070670E+00   8.9736953E-03   3.7940083E+00   1.9257908E+00
   1.7106973E+00   9.0905949E-03   3.8061388E+00   1.9258258E+00
   1.7142973E+00   9.1793640E-03   3.8185022E+00   1.9259158E+00
   1.7215164E+00   9.7781690E-03   3.8163218E+00   1.9278257E+00
   1.7250443E+00   9.9537624E-03   3.8313079E+00   1.9277813E+00
   1.7320964E+00   9.2386398E-03   3.8295796E+00   1.9289623E+00
   1.7355844E+00   1.0293389E-02   3.8398607E+00   1.9290787E+00
   1.7390488E+00   1.0229674E-02   3.8487864E+00   1.9291053E+00
   1.7459117E+00   9.8947883E-03   3.8590510E+00   1.9294190E+00
   1.7493116E+00   8.9210020E-03   3.8105409E+00   1.9315857E+00
   1.7560461E+00   1.0591998E-02   3.8378654E+00   1.9312114E+00
   1.7593791E+00   1.0222592E-02   3.8516595E+00   1.9308636E+00
   1.7659758E+00   8.3400430E-03   3.8283818E+00   1.9314184E+00
   1.7692379E+00   8.9817354E-03   3.8316767E+00   1.9315424E+00
   1.7756882E+00   9.6387500E-03   3.8268170E+00   1.9319638E+00
   1.7788769E+00   9.2352256E-03   3.7706184E+00   1.9338155E+00
   1.7851834E+00   1.0198115E-02   3.7862155E+00   1.9334522E+00
   1.7883017E+00   1.0038326E-02   3.7906625E+00   1.9331441E+00
   1.7944723E+00   8.9551611E-03   3.7778177E+00   1.9329822E+00
   1.8005621E+00   9.1491155E-03   3.6932755E+00   1.9347415E+00
   1.8035787E+00   9.3590748E-03   3.6988330E+00   1.9347073E+00
   1.8095567E+00   9.6908798E-03   3.7072985E+00   1.9345422E+00
   1.8154635E+00   8.2491487E-03   3.5935216E+00   1.9366887E+00
   1.8183911E+00   9.4982805E-03   3.5973055E+00   1.9366831E+00
   1.8241974E+00   1.0026544E-02   3.5998216E+00   1.9363117E+00
   1.8299398E+00   9.2148129E-03   3.5718005E+00   1.9359459E+00
   1.8327878E+00   8.3198324E-03   3.4612150E+00   1.9371408E+00
   1.8384389E+00   9.8702796E-03   3.4638674E+00   1.9372475E+00
   1.8440329E+00   9.7835800E-03   3.4549589E+00   1.9372605E+00
   1.8495719E+00   8.8622002E-03   3.3124416E+00   1.9394011E+00
   1.8550587E+00   1.0464092E-02   3.3105168E+00   1.9391034E+00
   1.8577832E+00   1.0444381E-02   3.3091884E+00   1.9387566E+00
   1.8631955E+00   9.5175644E-03   3.2738466E+00   1.9383129E+00
   1.8685609E+00   9.0479907E-03   3.1952372E+00   1.9385835E+00
   1.8738812E+00   1.0380680E-02   3.0090172E+00   1.9406751E+00
   1.8791584E+00   1.1715122E-02   3.1659548E+00   1.9396267E+00
   1.8843939E+00   7.9199886E-03   2.9293501E+00   1.9408394E+00
   1.8895898E+00   1.1373101E-02   2.9290583E+00   1.9408150E+00
   1.8921731E+00   1.2360953E-02   2.9267511E+00   1.9408027E+00
   1.8973118E+00   1.2535891E-02   2.9021249E+00   1.9408879E+00
   1.9024140E+00   1.0134877E-02   2.7931836E+00   1.9414014E+00
   1.9074812E+00   1.0446825E-02   2.5447941E+00   1.9431953E+00
   1.9125152E+00   1.2724369E-02   2.7744029E+00   1.9412374E+00
   1.9175167E+00   8.3381841E-03   2.3234851E+00   1.9431504E+00
   1.9224874E+00   1.3844898E-02   2.5101345E+00   1.9425153E+00
   1.9272388E+00   1.0772272E-02   2.4757907E+00   1.9421656E+00
   1.9320836E+00   1.0811059E-02   2.4117601E+00   1.9420326E+00
   1.9369701E+00   1.2795116E-02   2.1669333E+00   1.9427936E+00
   1.9416434E+00   1.2361472E-02   2.2525923E+00   1.9426888E+00
   1.9464103E+00   1.2072405E-02   2.2536023E+00   1.9425079E+00
   1.9536209E+00   1.1718502E-02   2.0350764E+00   1.9428293E+00
   1.9584000E+00   1.2661146E-02   2.0287971E+00   1.9429694E+00
   1.9631580E+00   1.3095457E-02   2.0068357E+00   1.9429196E+00
   1.9678959E+00   1.2649288E-02   1.9460988E+00   1.9428152E+00
   1.9726149E+00   1.1434003E-02   1.6766618E+00   1.9431305E+00
   1.9773164E+00   1.3270220E-02   1.8575577E+00   1.9429485E+00
   1.9820007E+00   1.0823181E-02   1.5837370E+00   1.9426031E+00
   1.9866689E+00   1.2526675E-02   1.6091288E+00   1.9431062E+00
   1.9913217E+00   1.4038247E-02   1.6769825E+00   1.9432536E+00
   1.9959595E+00   1.0592679E-02   1.4018934E+00   1.9425741E+00
   2.0028906E+00   1.2873315E-02   1.4600042E+00   1.9432881E+00
   2.0074952E+00   1.2401215E-02   1.4601265E+00   1.9432726E+00
   2.0120878E+00   1.1337423E-02   1.3622135E+00   1.9430335E+00
   2.0166688E+00   1.1663721E-02   1.2855985E+00   1.9429954E+00
   2.0212390E+00   1.2022799E-02   1.1955572E+00   1.9430354E+00
   2.0257990E+00   1.2062422E-02   1.1508647E+00   1.9430163E+00
   2.0303493E+00   1.2058657E-02   1.1152741E+00   1.9429876E+00
   2.0371585E+00   1.1815505E-02   1.0422351E+00   1.9428606E+00
   2.0416882E+00   1.2456615E-02   8.2326692E-01   1.9424709E+00
   2.0462117E+00   1.1884836E-02   8.8458049E-01   1.9426534E+00
   2.0507305E+00   1.1705567E-02   9.3363011E-01   1.9428666E+00
   2.0552459E+00   1.1811051E-02   9.0548700E-01   1.9428734E+00
   2.0620151E+00   1.1256753E-02   7.2706825E-01   1.9425476E+00
   2.0665281E+00   1.1215526E-02   6.7998022E-01   1.9424499E+00
   2.0710416E+00   1.1140612E-02   6.3289112E-01   1.9423836E+00
   2.0755570E+00   1.0782743E-02   5.6608713E-01   1.9422002E+00
   2.0800748E+00   1.0569233E-02   5.3522629E-01   1.9420537E+00
   2.0845952E+00   1.0286059E-02   4.9055791E-01   1.9419266E+00
   2.0913825E+00   1.0399757E-02   3.8632634E-01   1.9416032E+00
   2.0959132E+00   1.0240829E-02   3.5168004E-01   1.9414228E+00
   2.1004491E+00   9.5544457E-03   3.0640343E-01   1.9412925E+00
   2.1049914E+00   9.0138698E-03   2.1847190E-01   1.9409183E+00
   2.1095414E+00   8.2436381E-03   1.6786155E-01   1.9405446E+00
   2.1140995E+00   7.8805964E-03   1.2013060E-01   1.9402916E+00
   2.1209545E+00   7.4593262E-03   6.2350202E-02   1.9398904E+00
   2.1255369E+00   7.2574159E-03  -2.1610927E-02   1.9393928E+00
   2.1301296E+00   7.5273314E-03  -2.0481542E-01   1.9381217E+00
   2.1347334E+00   6.1836326E-03  -1.8348961E-01   1.9380361E+00
   2.1393495E+00   5.8974847E-03  -1.5919076E-01   1.9383723E+00
   2.1439776E+00   5.6916284E-03  -1.7291462E-01   1.9385555E+00
   2.1486192E+00   5.9846356E-03  -2.9911283E-01   1.9379238E+00
   2.1556091E+00   4.8315860E-03  -5.8520794E-01   1.9360839E+00
   2.1602886E+00   3.7979640E-03  -4.8656908E-01   1.9368527E+00
   2.1649849E+00   4.9174479E-03  -4.6567741E-01   1.9373611E+00
   2.1696982E+00   5.3073075E-03  -5.3707409E-01   1.9373155E+00
   2.1744294E+00   6.5097320E-03  -9.2494327E-01   1.9344825E+00
   2.1791792E+00   2.7840061E-03  -8.6716098E-01   1.9348327E+00
   2.1839478E+00   2.6845587E-03  -7.5813240E-01   1.9358729E+00
   2.1887343E+00   4.0277317E-03  -7.7590376E-01   1.9359975E+00
   2.1935394E+00   4.5065554E-03  -8.9341509E-01   1.9354208E+00
   2.1983635E+00   2.7645479E-03  -1.2854613E+00   1.9318334E+00
   2.2032084E+00   2.9216416E-03  -9.3224776E-01   1.9348050E+00
   2.2080746E+00   8.5784262E-03  -1.5229193E+00   1.9312053E+00
   2.2129633E+00  -9.8135052E-03  -1.0549281E+00   1.9337361E+00
   2.2178760E+00   2.5150314E-02  -1.5736687E+00   1.9315070E+00
   2.2228129E+00  -2.0582419E-02  -1.3299792E+00   1.9323080E+00
   2.2277749E+00  -1.1615370E-03  -1.3823992E+00   1.9322072E+00
   2.2327626E+00   1.3485264E-02  -1.8781059E+00   1.9293425E+00
   2.2377775E+00   3.0373752E-03  -1.7867217E+00   1.9297532E+00
   2.2428188E+00  -1.6754727E-03  -1.6763345E+00   1.9307989E+00
   2.2478886E+00  -7.6047718E-06  -1.6952136E+00   1.9308671E+00
   2.2529876E+00   6.7747640E-03  -2.0705922E+00   1.9268168E+00
   2.2581182E+00  -1.5808254E-03  -2.0141983E+00   1.9276016E+00
   2.2632828E+00   1.9335942E-04  -1.9397655E+00   1.9294546E+00
   2.2684839E+00   4.1196793E-03  -2.3627403E+00   1.9246386E+00
   2.2737257E+00  -6.5401103E-04  -2.2675269E+00   1.9257952E+00
   2.2790093E+00  -5.0400954E-04  -2.1864994E+00   1.9270589E+00
   2.2816656E+00   1.0571803E-04  -2.1999412E+00   1.9270877E+00
   2.2870078E+00   5.7542282E-03  -2.5228517E+00   1.9239655E+00
   2.2923961E+00  -1.9759776E-03  -2.4955571E+00   1.9234555E+00
   2.2978318E+00  -1.7116079E-03  -2.4705708E+00   1.9243830E+00
   2.3033197E+00   3.0147578E-03  -2.6023736E+00   1.9225115E+00
   2.3088653E+00   2.0853383E-03  -2.6315575E+00   1.9222953E+00
   2.3116617E+00  -1.4842724E-03  -2.6458390E+00   1.9222939E+00
   2.3172998E+00  -1.6573326E-03  -2.7037554E+00   1.9220957E+00
   2.3229971E+00   8.1175349E-05  -2.8843219E+00   1.9189248E+00
   2.3258700E+00  -7.5032754E-04  -2.8689320E+00   1.9191936E+00
   2.3316708E+00  -1.3425930E-03  -2.8340788E+00   1.9200580E+00
   2.3375454E+00   3.8016649E-04  -2.8595064E+00   1.9201484E+00
   2.3435004E+00   5.4314802E-04  -3.0095124E+00   1.9166654E+00
   2.3465104E+00  -3.1309723E-04  -3.0049984E+00   1.9168406E+00
   2.3525963E+00  -1.2062396E-03  -3.0066931E+00   1.9174291E+00
   2.3556752E+00  -1.2840863E-03  -3.0162277E+00   1.9175469E+00
   2.3619118E+00   2.2486977E-04  -3.0782764E+00   1.9166415E+00
   2.3680842E+00  -9.2706358E-04  -3.2141795E+00   1.9124633E+00
   2.3709431E+00  -9.2607527E-04  -3.1947045E+00   1.9128824E+00
   2.3766439E+00  -1.2410993E-03  -3.1372473E+00   1.9145815E+00
   2.3829291E+00  -5.2085356E-04  -3.1553795E+00   1.9146140E+00
   2.3862844E+00  -3.0694957E-04  -3.2843487E+00   1.9111925E+00
   2.3926420E+00  -2.0716072E-03  -3.2509358E+00   1.9114630E+00
   2.3958766E+00  -1.9986895E-03  -3.2440381E+00   1.9116302E+00
   2.4021356E+00  -3.7758662E-05  -3.2873673E+00   1.9097177E+00
   2.4053676E+00  -1.2093238E-03  -3.2841651E+00   1.9096253E+00
   2.4123244E+00  -2.3713228E-03  -3.2880979E+00   1.9096590E+00
   2.4158030E+00  -2.0361755E-03  -3.3425896E+00   1.9082172E+00
   2.4223356E+00  -2.3604296E-03  -3.3216286E+00   1.9081274E+00
   2.4255774E+00  -2.0827455E-03  -3.3165066E+00   1.9080548E+00
   2.4325547E+00  -2.9000083E-03  -3.3366342E+00   1.9059925E+00
   2.4363074E+00  -3.7533788E-03  -3.3508997E+00   1.9058139E+00
   2.4402475E+00  -3.4977638E-03  -3.3443251E+00   1.9057819E+00
   2.4441957E+00  -2.5722322E-03  -3.3591461E+00   1.9046999E+00
   2.4517767E+00  -4.0809754E-03  -3.3551271E+00   1.9038800E+00
   2.4553115E+00  -3.2997415E-03  -3.3657737E+00   1.9028380E+00
   2.4588087E+00  -3.9221118E-03  -3.3615537E+00   1.9027485E+00
   2.4656582E+00  -4.1257315E-03  -3.3868744E+00   1.9007026E+00
   2.4693220E+00  -4.6888511E-03  -3.3808486E+00   1.9006287E+00
   2.4772058E+00  -5.1066191E-03  -3.3737953E+00   1.9001707E+00
   2.4810631E+00  -4.1610328E-03  -3.3815694E+00   1.8991971E+00
   2.4849608E+00  -4.9386146E-03  -3.3794889E+00   1.8990995E+00
   2.4887946E+00  -4.9566114E-03  -3.3879390E+00   1.8978809E+00
   2.4960258E+00  -4.6876455E-03  -3.3865430E+00   1.8968624E+00
   2.4995544E+00  -5.3512692E-03  -3.3850431E+00   1.8968101E+00
   2.5032597E+00  -5.3161131E-03  -3.3859501E+00   1.8967625E+00
   2.5112348E+00  -4.6613268E-03  -3.4088113E+00   1.8939465E+00
   2.5155239E+00  -5.7261330E-03  -3.4057419E+00   1.8939201E+00
   2.5200274E+00  -6.2605441E-03  -3.4031973E+00   1.8941606E+00
   2.5247562E+00  -5.4445472E-03  -3.4018199E+00   1.8934951E+00
   2.5297213E+00  -5.8070463E-03  -3.4082263E+00   1.8927540E+00
   2.5347488E+00  -5.7637654E-03  -3.4134166E+00   1.8920485E+00
   2.5391896E+00  -5.4290523E-03  -3.4141464E+00   1.8913648E+00
   2.5438523E+00  -5.8708698E-03  -3.4200957E+00   1.8907869E+00
   2.5487483E+00  -5.6446437E-03  -3.4254708E+00   1.8902212E+00
   2.5536549E+00  -5.4523721E-03  -3.4300127E+00   1.8896073E+00
   2.5580707E+00  -5.0605563E-03  -3.4321048E+00   1.8889587E+00
   2.5627072E+00  -5.1232628E-03  -3.4382927E+00   1.8883926E+00
   2.5675755E+00  -4.6097380E-03  -3.4420280E+00   1.8878454E+00
   2.5726871E+00  -5.4752780E-03  -3.4462724E+00   1.8871340E+00
   2.5780544E+00  -4.6041831E-03  -3.4502993E+00   1.8867437E+00
   2.5836902E+00  -4.6292483E-03  -3.4561141E+00   1.8861001E+00
   2.5884063E+00  -4.6686050E-03  -3.4581711E+00   1.8851417E+00
   2.5933583E+00  -3.8115436E-03  -3.4630511E+00   1.8848019E+00
   2.5974278E+00  -3.2786599E-03  -3.4644973E+00   1.8842242E+00
   2.6045861E+00  -2.6584661E-03  -3.4669769E+00   1.8828776E+00
   2.6081421E+00  -3.1334423E-03  -3.4733174E+00   1.8827722E+00
   2.6115592E+00  -2.9195042E-03  -3.4777236E+00   1.8826766E+00
   2.6184154E+00  -2.9567794E-03  -3.4695544E+00   1.8811001E+00
   2.6221025E+00  -2.5365837E-03  -3.4735811E+00   1.8810916E+00
   2.6300395E+00  -1.6043496E-03  -3.4712601E+00   1.8807585E+00
   2.6342194E+00  -1.0048260E-03  -3.4415152E+00   1.8780248E+00
   2.6383264E+00  -1.7745565E-03  -3.4434090E+00   1.8779610E+00
   2.6423662E+00  -1.6833597E-03  -3.4504914E+00   1.8781015E+00
   2.6464434E+00  -1.5341551E-03  -3.4409344E+00   1.8778733E+00
   2.6507242E+00  -9.4263075E-04  -3.4305127E+00   1.8771533E+00
   2.6594920E+00  -6.2164286E-04  -3.4017999E+00   1.8753979E+00
   2.6638598E+00  -4.0251974E-04  -3.3986745E+00   1.8753577E+00
   2.6684458E+00   4.8858294E-04  -3.3805733E+00   1.8749380E+00
   2.6732612E+00  -2.9280415E-04  -3.3671136E+00   1.8744313E+00
   2.6783175E+00  -1.0118409E-04  -3.3503122E+00   1.8739179E+00
   2.6828754E+00   3.7618901E-04  -3.3286097E+00   1.8733401E+00
   2.6871281E+00   9.5421547E-04  -3.3084538E+00   1.8727971E+00
   2.6914892E+00   8.9770497E-04  -3.2909358E+00   1.8723450E+00
   2.6960685E+00   1.0870701E-03  -3.2819986E+00   1.8723146E+00
   2.7008767E+00   1.4117727E-03  -3.2370472E+00   1.8710179E+00
   2.7059252E+00   1.2885506E-03  -3.2212536E+00   1.8707228E+00
   2.7109454E+00   2.0572178E-03  -3.1973403E+00   1.8703892E+00
   2.7160256E+00   2.1743069E-03  -3.1674340E+00   1.8698525E+00
   2.7209065E+00   2.3073708E-03  -3.1360734E+00   1.8692286E+00
   2.7252645E+00   2.4860818E-03  -3.1195467E+00   1.8691573E+00
   2.7334244E+00   2.5442515E-03  -3.0518842E+00   1.8676155E+00
   2.7375774E+00   3.1030900E-03  -3.0262005E+00   1.8675265E+00
   2.7415845E+00   3.0527944E-03  -3.0134459E+00   1.8674923E+00
   2.7457919E+00   3.4066071E-03  -2.9638383E+00   1.8666414E+00
   2.7502098E+00   3.0041474E-03  -2.9499671E+00   1.8665304E+00
   2.7548485E+00   3.2947508E-03  -2.9286890E+00   1.8664283E+00
   2.7597191E+00   3.3835748E-03  -2.8552361E+00   1.8648118E+00
   2.7647736E+00   3.3124394E-03  -2.8418176E+00   1.8648114E+00
   2.7697484E+00   3.6211056E-03  -2.8050733E+00   1.8647344E+00
   2.7749720E+00   3.7467107E-03  -2.7708485E+00   1.8643348E+00
   2.7804568E+00   3.7922356E-03  -2.7311585E+00   1.8638266E+00
   2.7862158E+00   3.9696242E-03  -2.6879470E+00   1.8631775E+00
   2.7914951E+00   3.9057047E-03  -2.6488993E+00   1.8626618E+00
   2.7970383E+00   3.6130045E-03  -2.6102762E+00   1.8621137E+00
   2.8028586E+00   4.0016552E-03  -2.5721543E+00   1.8615385E+00
   2.8084691E+00   3.7552703E-03  -2.5316715E+00   1.8609186E+00
   2.8142195E+00   3.8543267E-03  -2.4932289E+00   1.8603249E+00
   2.8188663E+00   3.8171010E-03  -2.4545028E+00   1.8596832E+00
   2.8237455E+00   3.5478398E-03  -2.4251750E+00   1.8591962E+00
   2.8288686E+00   3.2601878E-03  -2.3959794E+00   1.8587855E+00
   2.8340986E+00   3.2508872E-03  -2.3650746E+00   1.8583568E+00
   2.8395021E+00   2.8992610E-03  -2.3352587E+00   1.8579103E+00
   2.8448412E+00   3.0658690E-03  -2.3045013E+00   1.8574570E+00
   2.8501198E+00   2.6914950E-03  -2.2756650E+00   1.8570200E+00
   2.8553383E+00   2.3139531E-03  -2.2496049E+00   1.8566043E+00
   2.8604994E+00   2.3007179E-03  -2.2256148E+00   1.8562055E+00
   2.8656123E+00   2.5647904E-03  -2.2024887E+00   1.8558091E+00
   2.8706844E+00   2.2523522E-03  -2.1804018E+00   1.8554199E+00
   2.8754458E+00   2.5366272E-03  -2.1586864E+00   1.8550336E+00
   2.8804240E+00   2.4702207E-03  -2.1391010E+00   1.8546728E+00
   2.8851628E+00   2.4314681E-03  -2.1198323E+00   1.8543077E+00
   2.8900354E+00   2.1192413E-03  -2.1017089E+00   1.8539536E+00
   2.8947783E+00   2.2542106E-03  -2.0836554E+00   1.8536067E+00
   2.8994315E+00   1.9835499E-03  -2.0668185E+00   1.8532655E+00
   2.9040236E+00   1.4817659E-03  -2.0497851E+00   1.8529490E+00
   2.9086485E+00   2.0001607E-03  -2.0346465E+00   1.8526531E+00
   2.9133112E+00   2.3040187E-03  -2.0184841E+00   1.8523717E+00
   2.9179435E+00   3.0067270E-03  -2.0039377E+00   1.8520992E+00
   2.9225557E+00   2.8985785E-03  -1.9890013E+00   1.8518336E+00
   2.9269538E+00   3.2413274E-03  -1.9927305E+00   1.8518065E+00
   2.9314995E+00   3.2299103E-03  -1.9483658E+00   1.8512329E+00
   2.9404943E+00   3.1876017E-03  -1.9580153E+00   1.8510753E+00
   2.9449444E+00   3.7771121E-03  -1.8978688E+00   1.8502127E+00
   2.9493687E+00   3.8030483E-03  -1.9065059E+00   1.8501431E+00
   2.9537649E+00   4.3193945E-03  -1.9129927E+00   1.8501416E+00
   2.9581339E+00   4.5117987E-03  -1.8749800E+00   1.8497155E+00
   2.9624743E+00   4.4402522E-03  -1.8794405E+00   1.8496242E+00
   2.9667847E+00   4.3891123E-03  -1.8486462E+00   1.8491074E+00
   2.9710650E+00   4.3976889E-03  -1.8522916E+00   1.8490561E+00
   2.9795377E+00   4.2581013E-03  -1.8202155E+00   1.8484961E+00
   2.9837320E+00   4.4482830E-03  -1.7866995E+00   1.8479441E+00
   2.9879007E+00   4.5762057E-03  -1.7878773E+00   1.8478740E+00
   2.9920471E+00   4.6991874E-03  -1.7537498E+00   1.8473831E+00
   2.9961729E+00   4.8644808E-03  -1.7533662E+00   1.8473164E+00
   3.0043747E+00   5.0817961E-03  -1.7165264E+00   1.8467904E+00
   3.0084488E+00   5.0353822E-03  -1.6790072E+00   1.8463789E+00
   3.0125110E+00   5.0003789E-03  -1.6763557E+00   1.8463317E+00
   3.0165522E+00   5.1019848E-03  -1.6370249E+00   1.8459680E+00
   3.0205734E+00   5.2917032E-03  -1.6312588E+00   1.8459249E+00
   3.0285587E+00   5.6064292E-03  -1.5849769E+00   1.8455856E+00
   3.0325243E+00   5.5155065E-03  -1.5443094E+00   1.8452996E+00
   3.0364730E+00   5.4092994E-03  -1.5358657E+00   1.8452617E+00
   3.0404053E+00   5.4811114E-03  -1.4938194E+00   1.8449708E+00
   3.0482230E+00   5.6601856E-03  -1.4713608E+00   1.8449137E+00
   3.0521097E+00   5.6829550E-03  -1.3947726E+00   1.8443493E+00
   3.0559826E+00   5.5153184E-03  -1.3878697E+00   1.8442819E+00
   3.0636911E+00   5.4288232E-03  -1.3636241E+00   1.8442546E+00
   3.0675282E+00   5.6213113E-03  -1.2905242E+00   1.8437332E+00
   3.0713549E+00   5.5047153E-03  -1.2801291E+00   1.8436654E+00
   3.0751727E+00   5.4724882E-03  -1.2665612E+00   1.8436457E+00
   3.0827751E+00   5.6635742E-03  -1.1937871E+00   1.8432887E+00
   3.0865579E+00   5.4902057E-03  -1.1796340E+00   1.8432981E+00
   3.0903294E+00   5.6470409E-03  -1.1293932E+00   1.8431619E+00
   3.0978417E+00   5.5828500E-03  -1.0953172E+00   1.8430766E+00
   3.1015825E+00   5.7593975E-03  -1.0234364E+00   1.8426447E+00
   3.1053133E+00   5.5145212E-03  -1.0111898E+00   1.8426204E+00
   3.1127472E+00   5.5358959E-03  -9.7509766E-01   1.8426781E+00
   3.1164508E+00   5.7904967E-03  -8.9738578E-01   1.8424225E+00
   3.1201456E+00   5.5262861E-03  -8.8541633E-01   1.8423645E+00
   3.1275098E+00   5.2615236E-03  -8.5292560E-01   1.8422891E+00
   3.1311789E+00   5.4135444E-03  -7.8352576E-01   1.8418376E+00
   3.1348395E+00   5.1911986E-03  -7.7123731E-01   1.8418027E+00
   3.1421359E+00   5.1095616E-03  -7.3757082E-01   1.8418111E+00
   3.1457722E+00   5.2035488E-03  -6.6139537E-01   1.8414487E+00
   3.1494012E+00   5.0740265E-03  -6.5237373E-01   1.8413759E+00
   3.1566403E+00   4.7992175E-03  -6.2807292E-01   1.8412592E+00
   3.1602521E+00   4.7260611E-03  -6.0773712E-01   1.8411670E+00
   3.1638589E+00   4.8438762E-03  -5.1502985E-01   1.8405254E+00
   3.1710598E+00   4.4313120E-03  -5.0793970E-01   1.8405209E+00
   3.1746535E+00   4.2350991E-03  -5.0328892E-01   1.8405659E+00
   3.1818280E+00   4.2790039E-03  -4.5466679E-01   1.8404675E+00
   3.1854093E+00   4.0745726E-03  -4.0217853E-01   1.8401010E+00
   3.1889877E+00   3.8718008E-03  -3.9874864E-01   1.8400922E+00
   3.1961372E+00   3.9578653E-03  -3.4341821E-01   1.8400934E+00
   3.1997094E+00   3.7161247E-03  -3.3830392E-01   1.8400629E+00
   3.2032812E+00   3.4868277E-03  -3.2099789E-01   1.8400183E+00
   3.2104235E+00   3.6807645E-03  -2.7695653E-01   1.8399909E+00
   3.2139950E+00   3.5590760E-03  -2.7486601E-01   1.8399724E+00
   3.2211394E+00   3.2353366E-03  -2.5892931E-01   1.8399316E+00
   3.2247121E+00   3.2242050E-03  -1.8446161E-01   1.8396727E+00
   3.2282860E+00   3.0944447E-03  -1.9028765E-01   1.8396579E+00
   3.2354379E+00   3.0705999E-03  -2.0299907E-01   1.8397050E+00
   3.2390165E+00   3.1948674E-03  -1.7296517E-01   1.8397038E+00
   3.2425978E+00   3.0995836E-03  -1.7190601E-01   1.8396683E+00
   3.2497690E+00   2.9001948E-03  -1.3773249E-01   1.8394886E+00
   3.2533591E+00   2.9271394E-03  -1.3957423E-01   1.8395003E+00
   3.2605495E+00   2.8412063E-03  -9.9557035E-02   1.8395015E+00
   3.2641497E+00   2.7459771E-03  -1.0156985E-01   1.8395016E+00
   3.2677526E+00   2.8760557E-03  -7.0455462E-02   1.8395309E+00
   3.2749689E+00   2.8801488E-03  -7.8554213E-02   1.8395634E+00
   3.2785823E+00   3.0039877E-03  -3.5133328E-02   1.8396977E+00
   3.2821994E+00   2.9617869E-03  -4.1784521E-02   1.8396955E+00
   3.2894461E+00   3.0664389E-03  -4.5289874E-02   1.8396964E+00
   3.2930763E+00   3.0537203E-03   9.5954007E-03   1.8397003E+00
   3.3003497E+00   3.0530735E-03  -4.9876831E-03   1.8397019E+00
   3.3039935E+00   3.1849276E-03  -7.7888942E-03   1.8397130E+00
   3.3076417E+00   3.1493870E-03   3.7833683E-02   1.8397290E+00
   3.3149529E+00   3.2350312E-03   3.1794760E-02   1.8396595E+00
   3.3186157E+00   3.2250222E-03   3.5179414E-02   1.8396236E+00
   3.3222837E+00   3.0990143E-03   9.6611254E-02   1.8395051E+00
   3.3296368E+00   3.0305502E-03   8.5359737E-02   1.8394876E+00
   3.3333220E+00   2.9545287E-03   8.4230110E-02   1.8394945E+00
   3.3370135E+00   3.0178037E-03   1.2898542E-01   1.8395673E+00
   3.3444166E+00   2.8900469E-03   1.3251127E-01   1.8394985E+00
   3.3481288E+00   2.9030656E-03   1.4115731E-01   1.8394722E+00
   3.3518486E+00   2.7308164E-03   2.1223125E-01   1.8395139E+00
   3.3593123E+00   2.8109329E-03   2.0631850E-01   1.8395517E+00
   3.3630569E+00   2.8625915E-03   2.0777451E-01   1.8395842E+00
   3.3668098E+00   3.0066189E-03   2.1775793E-01   1.8396459E+00
   3.3743420E+00   2.7437806E-03   3.4609601E-01   1.8402014E+00
   3.3781211E+00   3.0277667E-03   3.1886977E-01   1.8401433E+00
   3.3819087E+00   2.7187087E-03   3.1781140E-01   1.8401283E+00
   3.3857048E+00   2.6879476E-03   3.2505500E-01   1.8400997E+00
   3.3933220E+00   2.4919275E-03   4.3602943E-01   1.8403921E+00
   3.3971436E+00   2.5113847E-03   4.3861330E-01   1.8404186E+00
   3.4009743E+00   2.5848032E-03   4.4111851E-01   1.8404312E+00
   3.4086628E+00   2.4952579E-03   4.6214193E-01   1.8405107E+00
   3.4125214E+00   2.2169491E-03   5.4221493E-01   1.8409663E+00
   3.4163899E+00   2.3823634E-03   5.5129248E-01   1.8409601E+00
   3.4202688E+00   2.3394404E-03   5.6572866E-01   1.8408825E+00
   3.4280593E+00   2.1889890E-03   6.2744743E-01   1.8411044E+00
   3.4319718E+00   2.1783074E-03   6.3991845E-01   1.8411212E+00
   3.4358964E+00   2.0397720E-03   6.9373685E-01   1.8414413E+00
   3.4398339E+00   2.0165660E-03   7.0720518E-01   1.8414729E+00
   3.4477503E+00   1.6444982E-03   7.9458803E-01   1.8419632E+00
   3.4517303E+00   1.5811744E-03   8.0719268E-01   1.8420000E+00
   3.4557259E+00   1.3528924E-03   8.2221121E-01   1.8420128E+00
   3.4597375E+00   1.1289396E-03   8.7414187E-01   1.8423774E+00
   3.4678113E+00   9.4188441E-04   9.0797591E-01   1.8424399E+00
   3.4718740E+00   6.9184846E-04   9.8055941E-01   1.8428959E+00
   3.4759545E+00   7.1798568E-04   9.9234784E-01   1.8429242E+00
   3.4800527E+00   5.4966385E-04   1.0070101E+00   1.8429190E+00
   3.4841692E+00   2.1688080E-04   1.0574602E+00   1.8432188E+00
   3.4924579E+00  -5.4241784E-05   1.0895568E+00   1.8432373E+00
   3.4966307E+00  -1.9164773E-04   1.1642560E+00   1.8436339E+00
   3.5008233E+00  -6.8113754E-05   1.1730100E+00   1.8436521E+00
   3.5050359E+00  -1.3741727E-04   1.1841897E+00   1.8436370E+00
   3.5092697E+00  -3.0030252E-04   1.2006990E+00   1.8436586E+00
   3.5135252E+00  -7.1865006E-04   1.2781686E+00   1.8443168E+00
   3.5221052E+00  -6.0436246E-04   1.2934955E+00   1.8442882E+00
   3.5264318E+00  -7.9723028E-04   1.3353362E+00   1.8444816E+00
   3.5307839E+00  -8.7656046E-04   1.3577424E+00   1.8446690E+00
   3.5351624E+00  -1.1470786E-03   1.3798724E+00   1.8447847E+00
   3.5395689E+00  -1.2568675E-03   1.3881227E+00   1.8448746E+00
   3.5440040E+00  -1.4189768E-03   1.4446927E+00   1.8454846E+00
   3.5484686E+00  -1.3846792E-03   1.4476676E+00   1.8455232E+00
   3.5529642E+00  -1.5457890E-03   1.4777030E+00   1.8459524E+00
   3.5620518E+00  -1.8742004E-03   1.5279810E+00   1.8465030E+00
   3.5666459E+00  -1.7491236E-03   1.5290818E+00   1.8465493E+00
   3.5712752E+00  -1.7347375E-03   1.5634384E+00   1.8470757E+00
   3.5759406E+00  -1.7162677E-03   1.5773636E+00   1.8473289E+00
   3.5806434E+00  -1.9360664E-03   1.5930901E+00   1.8475252E+00
   3.5853851E+00  -1.8873183E-03   1.5940999E+00   1.8475363E+00
   3.5901666E+00  -2.0172978E-03   1.6435735E+00   1.8481824E+00
   3.5949895E+00  -1.6608925E-03   1.6413429E+00   1.8482556E+00
   3.5998552E+00  -1.5612402E-03   1.6696798E+00   1.8487909E+00
   3.6047652E+00  -1.4531518E-03   1.6854872E+00   1.8490832E+00
   3.6097209E+00  -1.4921037E-03   1.6999103E+00   1.8493267E+00
   3.6147237E+00  -1.3814216E-03   1.7156233E+00   1.8496503E+00
   3.6197743E+00  -1.3171844E-03   1.7320615E+00   1.8500415E+00
   3.6248751E+00  -1.1914755E-03   1.7472324E+00   1.8504411E+00
   3.6300280E+00  -1.2123885E-03   1.7639018E+00   1.8508409E+00
   3.6352351E+00  -1.0329552E-03   1.7811323E+00   1.8512421E+00
   3.6404989E+00  -9.2328142E-04   1.7982736E+00   1.8516361E+00
   3.6458216E+00  -8.5489923E-04   1.8158674E+00   1.8520272E+00
   3.6512058E+00  -7.4609986E-04   1.8336655E+00   1.8524132E+00
   3.6566544E+00  -7.3826639E-04   1.8528678E+00   1.8527931E+00
   3.6621702E+00  -7.7499473E-04   1.8730602E+00   1.8531767E+00
   3.6677573E+00  -6.9417496E-04   1.8945559E+00   1.8535645E+00
   3.6734211E+00  -2.8623859E-04   1.9179888E+00   1.8539588E+00
   3.6791689E+00  -1.5277228E-04   1.9420445E+00   1.8543658E+00
   3.6850014E+00   8.1032871E-05   1.9682646E+00   1.8547854E+00
   3.6909266E+00   2.4356061E-04   1.9979637E+00   1.8552320E+00
   3.6969488E+00   4.0853705E-04   2.0281558E+00   1.8557057E+00
   3.7030747E+00   5.9832615E-04   2.0589490E+00   1.8561938E+00
   3.7093115E+00   9.0224139E-04   2.0924561E+00   1.8567086E+00
   3.7156682E+00   1.2228752E-03   2.1340456E+00   1.8574148E+00
   3.7221441E+00   1.0760914E-03   2.1633458E+00   1.8577685E+00
   3.7286654E+00   1.4865365E-03   2.2106111E+00   1.8585130E+00
   3.7351763E+00   1.1690669E-03   2.2451839E+00   1.8589706E+00
   3.7416801E+00   1.5784712E-03   2.2966931E+00   1.8597965E+00
   3.7481754E+00   1.0503470E-03   2.3336442E+00   1.8602544E+00
   3.7546644E+00   1.5214529E-03   2.3873339E+00   1.8610852E+00
   3.7611456E+00   1.0668287E-03   2.4272802E+00   1.8615556E+00
   3.7676888E+00   1.7915737E-03   2.4825053E+00   1.8624058E+00
   3.7741413E+00   1.5695208E-03   2.5223141E+00   1.8628988E+00
   3.7807114E+00   2.1366132E-03   2.5781565E+00   1.8637869E+00
   3.7873750E+00   1.8036347E-03   2.6242898E+00   1.8643639E+00
   3.7939034E+00   1.8596008E-03   2.6778190E+00   1.8652527E+00
   3.8003907E+00   1.4390426E-03   2.7264595E+00   1.8658390E+00
   3.8068643E+00   1.6304377E-03   2.7783394E+00   1.8667285E+00
   3.8133304E+00   1.4288371E-03   2.8275189E+00   1.8674080E+00
   3.8197925E+00   1.4878570E-03   2.8755925E+00   1.8680747E+00
   3.8262823E+00   9.3869952E-04   2.9207709E+00   1.8686577E+00
   3.8327348E+00   1.2785976E-03   2.9700084E+00   1.8695529E+00
   3.8393049E+00   8.4225927E-04   3.0138779E+00   1.8702054E+00
   3.8459008E+00   5.2146491E-04   3.0559735E+00   1.8708690E+00
   3.8524876E+00   3.2934995E-04   3.0977876E+00   1.8715925E+00
   3.8590646E+00   3.1369869E-04   3.1371496E+00   1.8723370E+00
   3.8656445E+00  -2.3493530E-04   3.1707397E+00   1.8729736E+00
   3.8722394E+00  -3.1089681E-04   3.2049627E+00   1.8738132E+00
   3.8788073E+00  -3.5378628E-04   3.2388332E+00   1.8746551E+00
   3.8853753E+00  -6.5014267E-04   3.2696216E+00   1.8754531E+00
   3.8919501E+00  -9.4300508E-04   3.2977076E+00   1.8762454E+00
   3.8985078E+00  -6.6853804E-04   3.3256423E+00   1.8771923E+00
   3.9050417E+00  -1.0993911E-03   3.3496058E+00   1.8779233E+00
   3.9115613E+00  -1.3066748E-03   3.3696387E+00   1.8787363E+00
   3.9177549E+00  -1.2508730E-03   3.3876874E+00   1.8795538E+00
   3.9236388E+00  -1.5393446E-03   3.4035585E+00   1.8803325E+00
   3.9298167E+00  -1.5994074E-03   3.4160755E+00   1.8811328E+00
   3.9360080E+00  -1.2879483E-03   3.4275496E+00   1.8819847E+00
   3.9418898E+00  -1.2938379E-03   3.4385264E+00   1.8827536E+00
   3.9480655E+00  -1.5339453E-03   3.4456358E+00   1.8835731E+00
   3.9545357E+00  -1.1161909E-03   3.4512115E+00   1.8844579E+00
   3.9602733E+00  -1.2286906E-03   3.4554274E+00   1.8851682E+00
   3.9659419E+00  -6.2013208E-04   3.4604173E+00   1.8861974E+00
   3.9714744E+00  -7.9510402E-04   3.4596918E+00   1.8868414E+00
   3.9772835E+00  -2.2526215E-04   3.4641793E+00   1.8876939E+00
   3.9833827E+00  -8.3672506E-04   3.4620769E+00   1.8883229E+00
   3.9895203E+00  -5.1194994E-04   3.4634206E+00   1.8892553E+00
   3.9952056E+00  -3.9322412E-04   3.4628685E+00   1.8899363E+00
   4.0005956E+00  -3.6846538E-04   3.4653494E+00   1.8908489E+00
   4.0057154E+00  -3.4390661E-04   3.4641709E+00   1.8913214E+00
   4.0110507E+00  -9.1487498E-05   3.4647417E+00   1.8921270E+00
   4.0162349E+00  -3.4539460E-04   3.4658933E+00   1.8926610E+00
   4.0216293E+00   3.2195519E-04   3.4682782E+00   1.8934897E+00
   4.0269198E+00   7.3577990E-05   3.4683819E+00   1.8940538E+00
   4.0321136E+00   6.6558205E-05   3.4709768E+00   1.8947070E+00
   4.0372152E+00   9.9103956E-04   3.4756155E+00   1.8956174E+00
   4.0420194E+00   6.7633891E-04   3.4772248E+00   1.8957437E+00
   4.0467095E+00   1.0906447E-03   3.4814043E+00   1.8971221E+00
   4.0512128E+00   1.6208004E-03   3.4871304E+00   1.8974978E+00
   4.0601315E+00   1.3708688E-03   3.4919586E+00   1.8985169E+00
   4.0647969E+00   1.4450006E-03   3.4960005E+00   1.8991479E+00
   4.0693979E+00   1.6712368E-03   3.5017593E+00   1.8998153E+00
   4.0737481E+00   2.0884427E-03   3.5094848E+00   1.9004791E+00
   4.0779667E+00   2.5231177E-03   3.5149431E+00   1.9005207E+00
   4.0822315E+00   2.6723910E-03   3.5206084E+00   1.9021506E+00
   4.0864801E+00   2.5789998E-03   3.5275784E+00   1.9022014E+00
   4.0908089E+00   2.2386685E-03   3.5326655E+00   1.9027861E+00
   4.0993185E+00   2.5127016E-03   3.5471902E+00   1.9039763E+00
   4.1034484E+00   3.1071124E-03   3.5555952E+00   1.9045475E+00
   4.1075187E+00   3.5073257E-03   3.5646381E+00   1.9045829E+00
   4.1116042E+00   3.6855056E-03   3.5659931E+00   1.9061230E+00
   4.1155901E+00   3.4193064E-03   3.5746841E+00   1.9063925E+00
   4.1234436E+00   2.6491038E-03   3.5878620E+00   1.9072839E+00
   4.1273217E+00   3.5448954E-03   3.5976377E+00   1.9073842E+00
   4.1311522E+00   3.7390389E-03   3.5990875E+00   1.9086181E+00
   4.1349368E+00   3.9247703E-03   3.6087601E+00   1.9087048E+00
   4.1423769E+00   3.1306627E-03   3.6201701E+00   1.9096304E+00
   4.1460352E+00   2.9962806E-03   3.6192369E+00   1.9104687E+00
   4.1532340E+00   2.6538910E-03   3.6244273E+00   1.9113998E+00
   4.1567779E+00   3.0749070E-03   3.6345823E+00   1.9114634E+00
   4.1602859E+00   2.6593222E-03   3.6418746E+00   1.9115287E+00
   4.1672001E+00   1.5950312E-03   3.6134374E+00   1.9142396E+00
   4.1706085E+00   2.7756835E-03   3.6241710E+00   1.9142220E+00
   4.1773319E+00   2.3721154E-03   3.6477160E+00   1.9135274E+00
   4.1806493E+00   1.7192840E-03   3.6506910E+00   1.9136596E+00
   4.1871996E+00   2.1859338E-03   3.6235096E+00   1.9152459E+00
   4.1903896E+00   2.4201160E-03   3.6300428E+00   1.9152544E+00
   4.1967821E+00   1.1758753E-03   3.5955536E+00   1.9170909E+00
   4.1999416E+00   2.0354709E-03   3.6003368E+00   1.9171338E+00
   4.2061901E+00   1.6759372E-03   3.6074252E+00   1.9168563E+00
   4.2092800E+00   1.2801805E-03   3.6029255E+00   1.9168966E+00
   4.2153955E+00   3.1278876E-04   3.5177269E+00   1.9197329E+00
   4.2214274E+00   1.6935192E-03   3.5391765E+00   1.9193534E+00
   4.2244139E+00   1.3177135E-03   3.5452380E+00   1.9191774E+00
   4.2303295E+00  -5.9462021E-05   3.5483131E+00   1.9188027E+00
   4.2361712E+00  -6.7910325E-04   3.4158268E+00   1.9222853E+00
   4.2390656E+00   6.2955765E-04   3.4228742E+00   1.9222356E+00
   4.2448034E+00   1.4702412E-03   3.4852762E+00   1.9207085E+00
   4.2504759E+00  -2.1585852E-03   3.3314919E+00   1.9230615E+00
   4.2560854E+00   9.9454308E-04   3.3498561E+00   1.9229846E+00
   4.2588677E+00   1.4603166E-03   3.3593900E+00   1.9228392E+00
   4.2643886E+00   7.0892606E-04   3.3586352E+00   1.9226800E+00
   4.2698531E+00  -1.7512183E-03   3.2037728E+00   1.9255414E+00
   4.2752638E+00   5.4013234E-04   3.2123721E+00   1.9253358E+00
   4.2806230E+00   1.0260869E-03   3.2219102E+00   1.9246020E+00
   4.2859325E+00  -6.3788734E-04   3.1802549E+00   1.9243033E+00
   4.2885690E+00  -3.3391401E-04   3.1524544E+00   1.9246953E+00
   4.2938085E+00   1.3580855E-03   2.9402130E+00   1.9290822E+00
   4.2990031E+00   2.2554637E-03   2.9724052E+00   1.9283637E+00
   4.3041558E+00  -3.4742311E-04   3.0893722E+00   1.9248058E+00
   4.3092670E+00   1.0099245E-04   2.8182189E+00   1.9292287E+00
   4.3143401E+00   2.6179741E-03   2.8755796E+00   1.9282923E+00
   4.3193755E+00  -1.1127604E-04   2.8790317E+00   1.9274766E+00
   4.3243747E+00  -3.0502904E-04   2.6716609E+00   1.9293978E+00
   4.3293395E+00   1.1341897E-03   2.6794994E+00   1.9295503E+00
   4.3342719E+00   2.1847247E-03   2.6834753E+00   1.9292730E+00
   4.3391719E+00   1.4944365E-03   2.6608605E+00   1.9292397E+00
   4.3440409E+00  -5.7744759E-04   2.4750276E+00   1.9308883E+00
   4.3488798E+00   2.0186095E-03   2.4884138E+00   1.9307401E+00
   4.3536906E+00   1.7909278E-03   2.4813378E+00   1.9303348E+00
   4.3584733E+00  -1.3500328E-04   2.4082022E+00   1.9302565E+00
   4.3632073E+00  -1.0780837E-04   2.1254237E+00   1.9324960E+00
   4.3679390E+00   3.2488094E-03   2.3727510E+00   1.9313338E+00
   4.3726468E+00  -5.9608859E-03   2.0964069E+00   1.9313401E+00
   4.3773317E+00  -8.6527411E-04   2.1029797E+00   1.9318997E+00
   4.3843179E+00   3.7761622E-03   2.1317208E+00   1.9323716E+00
   4.3889499E+00  -4.1869776E-03   1.9249071E+00   1.9331023E+00
   4.3935623E+00   1.8756847E-04   1.9329162E+00   1.9333756E+00
   4.3981562E+00   2.6310759E-03   1.9437768E+00   1.9331080E+00
   4.4027324E+00   9.0199828E-05   1.8911018E+00   1.9326779E+00
   4.4072919E+00  -3.7404118E-04   1.6659021E+00   1.9335033E+00
   4.4118357E+00   1.8144987E-04   1.6926501E+00   1.9336611E+00
   4.4186239E+00   6.9290953E-04   1.7242920E+00   1.9336151E+00
   4.4231319E+00   1.0878201E-05   1.6898327E+00   1.9336247E+00
   4.4276271E+00  -4.2687386E-04   1.3386697E+00   1.9348505E+00
   4.4321098E+00   1.9835774E-03   1.6357889E+00   1.9344009E+00
   4.4365811E+00  -4.3210392E-03   1.3323863E+00   1.9336494E+00
   4.4432673E+00   1.9429920E-03   1.3865248E+00   1.9347233E+00
   4.4477119E+00   1.0156413E-03   1.3912569E+00   1.9348040E+00
   4.4521465E+00  -1.1480774E-03   1.3119149E+00   1.9347657E+00
   4.4565716E+00  -7.9909351E-04   1.1980076E+00   1.9349333E+00
   4.4631915E+00  -2.8153986E-04   1.1319001E+00   1.9351084E+00
   4.4675941E+00  -7.2855083E-04   1.1026992E+00   1.9351300E+00
   4.4719882E+00  -1.1533183E-03   1.0691264E+00   1.9351207E+00
   4.4763741E+00  -1.7011366E-03   1.0063343E+00   1.9351329E+00
   4.4829388E+00  -1.9870638E-03   9.2815500E-01   1.9352583E+00
   4.4873061E+00  -2.2557320E-03   8.8231230E-01   1.9353292E+00
   4.4916668E+00  -2.5905301E-03   8.0161643E-01   1.9353863E+00
   4.4960213E+00  -2.7712057E-03   7.4878967E-01   1.9354109E+00
   4.5025425E+00  -3.2527002E-03   7.0086336E-01   1.9353838E+00
   4.5068836E+00  -3.5188149E-03   6.5241826E-01   1.9353241E+00
   4.5112214E+00  -3.7411039E-03   5.9400678E-01   1.9352443E+00
   4.5155554E+00  -4.0641851E-03   5.5849570E-01   1.9352158E+00
   4.5220528E+00  -4.7397632E-03   4.7877929E-01   1.9351217E+00
   4.5263824E+00  -5.0031254E-03   4.0423265E-01   1.9350072E+00
   4.5307121E+00  -5.1376726E-03   3.2562903E-01   1.9348586E+00
   4.5372081E+00  -5.7605579E-03   2.7677125E-01   1.9347618E+00
   4.5415397E+00  -6.1902846E-03   2.4106123E-01   1.9346528E+00
   4.5458741E+00  -5.7728114E-03   2.6256086E-02   1.9337502E+00
   4.5502110E+00  -7.0376764E-03   6.1139960E-02   1.9338691E+00
   4.5567222E+00  -7.1477038E-03   9.4573662E-02   1.9341573E+00
   4.5610681E+00  -7.6558711E-03   3.2877855E-02   1.9340508E+00
   4.5654187E+00  -8.1529710E-03  -2.4284796E-01   1.9332252E+00
   4.5697742E+00  -8.7691676E-03  -2.4653226E-02   1.9342152E+00
   4.5763173E+00  -8.5469605E-03  -4.2208433E-01   1.9327602E+00
   4.5806870E+00  -1.0540978E-02  -2.8793147E-01   1.9335951E+00
   4.5850639E+00  -1.0119520E-02  -2.7735406E-01   1.9337037E+00
   4.5894475E+00  -9.9453228E-03  -3.8082075E-01   1.9332228E+00
   4.5960374E+00  -1.0789387E-02  -5.5887860E-01   1.9324586E+00
   4.6004415E+00  -1.1032026E-02  -6.1925375E-01   1.9323653E+00
   4.6048536E+00  -1.1160490E-02  -6.8332690E-01   1.9322233E+00
   4.6092753E+00  -1.0032346E-02  -8.8424724E-01   1.9311011E+00
   4.6159267E+00  -1.2396360E-02  -8.4685415E-01   1.9313554E+00
   4.6203742E+00  -1.1677637E-02  -8.4628856E-01   1.9317589E+00
   4.6248331E+00  -1.1721098E-02  -9.1633362E-01   1.9316020E+00
   4.6293044E+00  -1.0532795E-02  -1.2646488E+00   1.9295408E+00
   4.6337876E+00  -1.3064031E-02  -1.2229664E+00   1.9299314E+00
   4.6405382E+00  -1.2953404E-02  -1.1413267E+00   1.9309744E+00
   4.6450553E+00  -1.1956627E-02  -1.2345434E+00   1.9307508E+00
   4.6495876E+00  -1.2614612E-02  -1.3959105E+00   1.9296770E+00
   4.6541357E+00  -1.3033560E-02  -1.4739603E+00   1.9293082E+00
   4.6587005E+00  -1.3009329E-02  -1.5424858E+00   1.9290543E+00
   4.6632824E+00  -1.3211695E-02  -1.6165417E+00   1.9286646E+00
   4.6701884E+00  -1.3166862E-02  -1.6954540E+00   1.9282520E+00
   4.6748157E+00  -1.3075037E-02  -1.7724158E+00   1.9278436E+00
   4.6794620E+00  -1.3224166E-02  -1.8358315E+00   1.9274994E+00
   4.6841288E+00  -1.1222808E-02  -2.0793965E+00   1.9255015E+00
   4.6888180E+00  -1.4074584E-02  -2.0591130E+00   1.9254234E+00
   4.6935301E+00  -1.3647774E-02  -1.9817981E+00   1.9268059E+00
   4.6982679E+00  -1.2515509E-02  -2.0119824E+00   1.9268833E+00
   4.7030325E+00  -1.0127057E-02  -2.2534842E+00   1.9249083E+00
   4.7078238E+00  -1.4574690E-02  -2.2441607E+00   1.9247324E+00
   4.7126422E+00  -1.3282962E-02  -2.2650778E+00   1.9251775E+00
   4.7174802E+00  -1.2199246E-02  -2.3144255E+00   1.9246625E+00
   4.7223544E+00  -1.1825178E-02  -2.5467246E+00   1.9219689E+00
   4.7272573E+00  -1.4200609E-02  -2.4884844E+00   1.9229152E+00
   4.7321916E+00  -1.2438283E-02  -2.4872568E+00   1.9235568E+00
   4.7371597E+00  -1.0884936E-02  -2.5413175E+00   1.9234346E+00
   4.7421646E+00  -1.0265877E-02  -2.7687073E+00   1.9204280E+00
   4.7472091E+00  -1.6489774E-02  -2.7114530E+00   1.9212227E+00
   4.7522950E+00  -1.3485019E-02  -2.7022038E+00   1.9215324E+00
   4.7574215E+00  -1.0595244E-02  -2.7659636E+00   1.9210081E+00
   4.7625947E+00  -1.0901297E-02  -3.0121009E+00   1.9170793E+00
   4.7678151E+00  -1.0663700E-02  -2.9489033E+00   1.9182386E+00
   4.7730837E+00  -1.0614187E-02  -2.9049335E+00   1.9192741E+00
   4.7784033E+00  -9.8751821E-03  -2.9280913E+00   1.9193279E+00
   4.7837772E+00  -9.6318796E-03  -3.1017447E+00   1.9164907E+00
   4.7864857E+00  -1.0751321E-02  -3.0929794E+00   1.9165862E+00
   4.7919469E+00  -1.1188189E-02  -3.0705764E+00   1.9170952E+00
   4.7974715E+00  -1.0197138E-02  -3.0768042E+00   1.9171581E+00
   4.8030629E+00  -9.2659192E-03  -3.2815971E+00   1.9125696E+00
   4.8087234E+00  -1.1179652E-02  -3.2258589E+00   1.9137974E+00
   4.8115826E+00  -1.0793792E-02  -3.2062318E+00   1.9143898E+00
   4.8173623E+00  -9.6072769E-03  -3.1899781E+00   1.9152122E+00
   4.8232307E+00  -8.7316427E-03  -3.2312250E+00   1.9148769E+00
   4.8261995E+00  -9.0320362E-03  -3.3978288E+00   1.9106358E+00
   4.8322091E+00  -1.1037550E-02  -3.3365119E+00   1.9115655E+00
   4.8383203E+00  -1.0525993E-02  -3.3038843E+00   1.9122411E+00
   4.8414159E+00  -9.8346733E-03  -3.2991352E+00   1.9123795E+00
   4.8476934E+00  -8.9685833E-03  -3.3306434E+00   1.9115710E+00
   4.8508768E+00  -9.3816575E-03  -3.4735825E+00   1.9069071E+00
   4.8573408E+00  -1.1651578E-02  -3.4247994E+00   1.9081283E+00
   4.8606253E+00  -1.1582170E-02  -3.3943567E+00   1.9090794E+00
   4.8673067E+00  -1.0871454E-02  -3.3815460E+00   1.9095727E+00
   4.8707080E+00  -1.0418429E-02  -3.3840501E+00   1.9095157E+00
   4.8774152E+00  -1.0904481E-02  -3.4883184E+00   1.9056031E+00
   4.8808088E+00  -1.1310152E-02  -3.4832783E+00   1.9056892E+00
   4.8877716E+00  -1.2315366E-02  -3.4654748E+00   1.9062315E+00
   4.8913226E+00  -1.0554970E-02  -3.4742467E+00   1.9050785E+00
   4.8950281E+00  -1.1895088E-02  -3.4991224E+00   1.9042141E+00
   4.9026952E+00  -1.1052142E-02  -3.5314665E+00   1.9033474E+00
   4.9066296E+00  -1.1562335E-02  -3.5307975E+00   1.9032844E+00
   4.9106369E+00  -1.1458295E-02  -3.5460634E+00   1.9023101E+00
   4.9147224E+00  -1.1872507E-02  -3.5462513E+00   1.9022571E+00
   4.9188948E+00  -1.1387068E-02  -3.5634105E+00   1.9012996E+00
   4.9270401E+00  -1.1715527E-02  -3.5793602E+00   1.9002364E+00
   4.9311161E+00  -1.2129326E-02  -3.5880482E+00   1.8997530E+00
