  flscon:  version 23.2.0.01  win64 2022 
 FLOW-3D   19:27:57  02/22/2024 gpju     
   hydr3d   version  23.2.0.20 win64     12/04/2023 HYDRO    
 Simulation Template: Free Surface - TruVOF (Default)                            

Mesh Block   1
 printing pfxob, pfyob, pfzob       
       1      704      0.000E+00      4.931E+00
   time              pfxob_1         pfyob_1         pfzob_1
   0.0000000E+00   4.8520384E-04  -3.0171616E+00   3.9768202E+00
   4.9306001E-03  -1.0908823E-02   8.8533661E+01   5.2069941E+00
   9.6146697E-03  -3.1398127E-03  -2.7353599E+00   4.0761013E+00
   1.4064536E-02  -9.2967821E-05  -3.0503750E+00   3.9967937E+00
   1.8291909E-02  -1.1564983E-03  -2.8623497E+00   3.9837785E+00
   2.2730652E-02  -7.8725530E-04  -2.8194737E+00   3.9744158E+00
   2.7391331E-02  -5.4593844E-04  -2.7931812E+00   3.9719841E+00
   3.2285042E-02  -7.8957761E-04  -2.7665267E+00   3.9718409E+00
   3.7423443E-02  -1.1383138E-04  -2.7394650E+00   3.9737403E+00
   4.2818759E-02  -1.1471759E-03  -2.7142699E+00   3.9771900E+00
   4.8483845E-02   9.9169753E-05  -2.6851561E+00   3.9816458E+00
   5.4432184E-02   3.4580284E-04  -2.6560125E+00   3.9845619E+00
   6.0677938E-02  -2.4782310E-04  -2.6325984E+00   3.9848545E+00
   6.7235984E-02  -2.9426861E-05  -2.6195030E+00   3.9813087E+00
   7.4121930E-02  -5.8806146E-04  -2.6126540E+00   3.9795172E+00
   8.1352167E-02   3.2731771E-04  -2.6118357E+00   3.9734721E+00
   8.8943928E-02  -6.5586279E-04  -2.6171875E+00   3.9692042E+00
   9.6915267E-02   1.2186381E-04  -2.6314039E+00   3.9659305E+00
   1.0528518E-01  -1.6169455E-04  -2.6509044E+00   3.9632435E+00
   1.1407358E-01   4.8477162E-04  -2.6773834E+00   3.9617958E+00
   1.2324768E-01   5.1697909E-05  -2.7075579E+00   3.9609880E+00
   1.3245204E-01   2.0520893E-04  -2.7514727E+00   3.9599612E+00
   1.4160770E-01   2.4000925E-04  -2.7951863E+00   3.9585662E+00
   1.5075731E-01  -2.3368619E-04  -2.8393407E+00   3.9567094E+00
   1.5992606E-01  -3.5509752E-04  -2.8887696E+00   3.9543974E+00
   1.6910070E-01  -3.0239040E-04  -2.9383099E+00   3.9517469E+00
   1.7830706E-01   6.8069150E-04  -2.9869330E+00   3.9489408E+00
   1.8749548E-01   7.4640103E-04  -3.0246356E+00   3.9460704E+00
   1.9663161E-01   6.4606650E-04  -3.0604379E+00   3.9432180E+00
   2.0577194E-01   8.2117599E-04  -3.0881536E+00   3.9405363E+00
   2.1492776E-01   8.1857276E-04  -3.1146207E+00   3.9379706E+00
   2.2409301E-01   8.2322158E-04  -3.1412523E+00   3.9355013E+00
   2.3333403E-01   7.6329405E-04  -3.1609399E+00   3.9330661E+00
   2.4260318E-01   9.3740370E-04  -3.1731827E+00   3.9305501E+00
   2.5188813E-01   1.5086975E-04  -3.1770699E+00   3.9280775E+00
   2.6109272E-01  -8.1598992E-05  -3.1688073E+00   3.9257703E+00
   2.7023098E-01  -1.3813503E-04  -3.1515667E+00   3.9237366E+00
   2.7937353E-01   2.6364237E-04  -3.1269088E+00   3.9219968E+00
   2.8852522E-01   4.0943993E-04  -3.0936983E+00   3.9204428E+00
   2.9768962E-01   1.3464766E-03  -3.0455956E+00   3.9190211E+00
   3.0686796E-01   1.4667150E-03  -3.0026655E+00   3.9176691E+00
   3.1610397E-01   1.3214927E-03  -2.9483399E+00   3.9162710E+00
   3.2536003E-01   1.4889535E-03  -2.8875024E+00   3.9147286E+00
   3.3462521E-01   1.2161051E-03  -2.8208320E+00   3.9129815E+00
   3.4389150E-01   5.4733828E-04  -2.7504630E+00   3.9111114E+00
   3.5317260E-01   4.9999385E-04  -2.6809254E+00   3.9091430E+00
   3.6251479E-01  -2.9105385E-04  -2.6146464E+00   3.9071198E+00
   3.7186590E-01  -1.1894729E-03  -2.5488050E+00   3.9050753E+00
   3.8124052E-01  -2.1952284E-03  -2.4845221E+00   3.9030492E+00
   3.9038658E-01  -2.5514651E-03  -2.4209692E+00   3.9010508E+00
   3.9953196E-01  -3.5178708E-03  -2.3628457E+00   3.8994279E+00
   4.0859076E-01  -3.7255308E-03  -2.3015037E+00   3.8975205E+00
   4.1775090E-01  -3.1891314E-03  -2.2512772E+00   3.8955286E+00
   4.2691705E-01  -3.2641878E-03  -2.2082567E+00   3.8937352E+00
   4.3609115E-01  -3.5236015E-03  -2.1765101E+00   3.8921571E+00
   4.4510913E-01  -4.0338165E-03  -2.1475420E+00   3.8908627E+00
   4.5382026E-01  -2.8786415E-03  -2.1246750E+00   3.8898365E+00
   4.6236634E-01  -1.6659446E-03  -2.1087077E+00   3.8891075E+00
   4.7072959E-01  -1.5763198E-03  -2.0963187E+00   3.8885829E+00
   4.7898704E-01  -1.8486354E-03  -2.0830622E+00   3.8881538E+00
   4.8738110E-01  -1.9184873E-03  -2.0737028E+00   3.8876631E+00
   4.9569768E-01  -1.6615140E-03  -2.0679257E+00   3.8870239E+00
   5.0370336E-01  -2.2912594E-03  -2.0675497E+00   3.8862650E+00
   5.1156855E-01  -2.7634748E-03  -2.0675073E+00   3.8853843E+00
   5.1954424E-01  -3.6169132E-03  -2.0620840E+00   3.8843782E+00
   5.2789223E-01  -3.4889188E-03  -2.0547247E+00   3.8833292E+00
   5.3665763E-01  -3.4253786E-03  -2.0428269E+00   3.8822286E+00
   5.4582214E-01  -3.4342555E-03  -2.0298262E+00   3.8811069E+00
   5.5484277E-01  -3.8670844E-03  -2.0155575E+00   3.8799720E+00
   5.6393850E-01  -3.2413651E-03  -1.9977127E+00   3.8788197E+00
   5.7199389E-01  -4.6814959E-03  -1.9755435E+00   3.8776367E+00
   5.8045202E-01  -4.2656874E-03  -1.9520752E+00   3.8766463E+00
   5.8916932E-01  -3.8633037E-03  -1.9213151E+00   3.8757639E+00
   5.9774035E-01  -4.2205704E-03  -1.8835015E+00   3.8749657E+00
   6.0598999E-01  -4.5488854E-03  -1.8413030E+00   3.8743029E+00
   6.1400622E-01  -5.0847363E-03  -1.7941928E+00   3.8738587E+00
   6.2209123E-01  -4.7459556E-03  -1.7428328E+00   3.8736517E+00
   6.2985343E-01  -5.5840868E-03  -1.7192671E+00   3.8736818E+00
   6.3768011E-01  -6.0789986E-03  -1.6195123E+00   3.8733864E+00
   6.4547867E-01  -6.9898935E-03  -1.5945364E+00   3.8733668E+00
   6.5318751E-01  -7.0862398E-03  -1.5196557E+00   3.8734059E+00
   6.6086525E-01  -6.5845703E-03  -1.4653876E+00   3.8737586E+00
   6.6844481E-01  -7.0856027E-03  -1.4080607E+00   3.8739176E+00
   6.7594236E-01  -7.0463046E-03  -1.3414730E+00   3.8738499E+00
   6.8344587E-01  -8.7278066E-03  -1.2733812E+00   3.8735950E+00
   6.9096756E-01  -9.4142016E-03  -1.2053381E+00   3.8732276E+00
   6.9853222E-01  -9.4961580E-03  -1.1376647E+00   3.8728170E+00
   7.0612717E-01  -9.8069487E-03  -1.0744716E+00   3.8724301E+00
   7.1372879E-01  -1.0400053E-02  -1.0139002E+00   3.8720789E+00
   7.2131485E-01  -1.0733769E-02  -9.5231694E-01   3.8717213E+00
   7.2888410E-01  -1.1386332E-02  -8.9467901E-01   3.8713927E+00
   7.3642814E-01  -1.2000973E-02  -8.3835858E-01   3.8710856E+00
   7.4394017E-01  -1.1964061E-02  -7.8387767E-01   3.8708181E+00
   7.5143641E-01  -1.2327768E-02  -7.2949266E-01   3.8705857E+00
   7.5895303E-01  -1.2670247E-02  -6.7554283E-01   3.8703578E+00
   7.6651293E-01  -1.3086114E-02  -6.2739086E-01   3.8700850E+00
   7.7410543E-01  -1.2344671E-02  -6.1213619E-01   3.8700144E+00
   7.8173000E-01  -1.2291979E-02  -5.1892614E-01   3.8700020E+00
   7.8939503E-01  -1.2551016E-02  -5.1863140E-01   3.8698983E+00
   7.9718357E-01  -1.3426709E-02  -4.6698171E-01   3.8700128E+00
   8.0493665E-01  -1.4242915E-02  -4.7206223E-01   3.8700876E+00
   8.1273293E-01  -1.3458460E-02  -4.0616906E-01   3.8710930E+00
   8.2078326E-01  -1.4319433E-02  -4.1538930E-01   3.8711812E+00
   8.2894671E-01  -1.3780827E-02  -3.6149448E-01   3.8722973E+00
   8.3624816E-01  -1.3505975E-02  -3.4947559E-01   3.8732991E+00
   8.4391475E-01  -1.3943576E-02  -3.3587998E-01   3.8739378E+00
   8.5173905E-01  -1.3678713E-02  -3.1929889E-01   3.8743246E+00
   8.5941809E-01  -1.3825587E-02  -3.0552778E-01   3.8745103E+00
   8.6710155E-01  -1.4320890E-02  -2.8987476E-01   3.8745515E+00
   8.7480807E-01  -1.4857496E-02  -2.6930267E-01   3.8745568E+00
   8.8251108E-01  -1.4911442E-02  -2.4612620E-01   3.8745921E+00
   8.9020061E-01  -1.4979403E-02  -2.2140674E-01   3.8746870E+00
   8.9786190E-01  -1.5094694E-02  -1.9389290E-01   3.8748331E+00
   9.0550834E-01  -1.5363785E-02  -1.6493136E-01   3.8750231E+00
   9.1314280E-01  -1.5584401E-02  -1.3449022E-01   3.8752303E+00
   9.2077667E-01  -1.5511545E-02  -1.0144348E-01   3.8754115E+00
   9.2841774E-01  -1.5304457E-02  -6.4931028E-02   3.8755858E+00
   9.3514460E-01  -1.5322504E-02  -5.6418646E-02   3.8755560E+00
   9.4153214E-01  -1.6109472E-02   4.6355505E-02   3.8763597E+00
   9.4823897E-01  -1.6133599E-02   5.6004792E-02   3.8763070E+00
   9.5528120E-01  -1.5921928E-02   8.0135420E-02   3.8762286E+00
   9.6267551E-01  -1.5653046E-02   1.9286403E-01   3.8771791E+00
   9.7037441E-01  -1.6681502E-02   2.1990269E-01   3.8772588E+00
   9.7791821E-01  -1.7479677E-02   3.0705523E-01   3.8783913E+00
   9.8533964E-01  -1.6503008E-02   3.4959117E-01   3.8785386E+00
   9.9277598E-01  -1.6769456E-02   4.6378970E-01   3.8804724E+00
   1.0001276E+00  -1.6779127E-02   5.1746452E-01   3.8814411E+00
   1.0076082E+00  -1.6739454E-02   5.9275633E-01   3.8827188E+00
   1.0150265E+00  -1.6871408E-02   6.7069137E-01   3.8836312E+00
   1.0224712E+00  -1.7070388E-02   7.5231975E-01   3.8843870E+00
   1.0298926E+00  -1.6787177E-02   8.3705693E-01   3.8850210E+00
   1.0373372E+00  -1.6871924E-02   9.2240995E-01   3.8855395E+00
   1.0448613E+00  -1.6603213E-02   1.0042040E+00   3.8860016E+00
   1.0524557E+00  -1.6777767E-02   1.0833051E+00   3.8865077E+00
   1.0601234E+00  -1.6824411E-02   1.1608754E+00   3.8870902E+00
   1.0678676E+00  -1.6983671E-02   1.2357883E+00   3.8876932E+00
   1.0756270E+00  -1.6909631E-02   1.3100978E+00   3.8883259E+00
   1.0835129E+00  -1.7084004E-02   1.3826898E+00   3.8889542E+00
   1.0912310E+00  -1.7213682E-02   1.4561023E+00   3.8895841E+00
   1.0990517E+00  -1.7045343E-02   1.5244304E+00   3.8901460E+00
   1.1070141E+00  -1.6950853E-02   1.5874574E+00   3.8906989E+00
   1.1150900E+00  -1.6400399E-02   1.6464642E+00   3.8913407E+00
   1.1231509E+00  -1.7052576E-02   1.7017574E+00   3.8921111E+00
   1.1313206E+00  -1.6564308E-02   1.7488189E+00   3.8930163E+00
   1.1395867E+00  -1.6729319E-02   1.7909052E+00   3.8941295E+00
   1.1479234E+00  -1.6360814E-02   1.8258955E+00   3.8954372E+00
   1.1563511E+00  -1.6250096E-02   1.8581934E+00   3.8969300E+00
   1.1648053E+00  -1.5555824E-02   1.8921078E+00   3.8985155E+00
   1.1736823E+00  -1.5090839E-02   1.9213412E+00   3.9000421E+00
   1.1828244E+00  -1.4526094E-02   1.9471936E+00   3.9015980E+00
   1.1919727E+00  -1.3542945E-02   1.9693607E+00   3.9032159E+00
   1.2013354E+00  -1.2752304E-02   1.9864938E+00   3.9048097E+00
   1.2104831E+00  -1.2361011E-02   1.9989486E+00   3.9064052E+00
   1.2198188E+00  -1.2171085E-02   2.0100627E+00   3.9078476E+00
   1.2291217E+00  -1.1252868E-02   2.0245061E+00   3.9092231E+00
   1.2383740E+00  -1.0768393E-02   2.0437093E+00   3.9105067E+00
   1.2475939E+00  -1.0137238E-02   2.0657294E+00   3.9117301E+00
   1.2567917E+00  -9.7354930E-03   2.0889630E+00   3.9128971E+00
   1.2659739E+00  -9.1557996E-03   2.1142561E+00   3.9140749E+00
   1.2751446E+00  -9.1740657E-03   2.1406281E+00   3.9152911E+00
   1.2843066E+00  -8.2436511E-03   2.1729698E+00   3.9165318E+00
   1.2934630E+00  -7.6758782E-03   2.2129078E+00   3.9178340E+00
   1.3026221E+00  -7.9318350E-03   2.2595701E+00   3.9192667E+00
   1.3117737E+00  -7.0259557E-03   2.3147588E+00   3.9208703E+00
   1.3209244E+00  -6.9847801E-03   2.3735619E+00   3.9227135E+00
   1.3300799E+00  -6.2280195E-03   2.4426758E+00   3.9247770E+00
   1.3392408E+00  -5.5204127E-03   2.5088453E+00   3.9270570E+00
   1.3483660E+00  -4.5270585E-03   2.5786929E+00   3.9293594E+00
   1.3577987E+00  -3.6979157E-03   2.6515942E+00   3.9316015E+00
   1.3671895E+00  -2.8687080E-03   2.7395470E+00   3.9342802E+00
   1.3765064E+00  -1.6815074E-03   2.8142540E+00   3.9360971E+00
   1.3857440E+00  -1.3887739E-03   2.9116957E+00   3.9383779E+00
   1.3949559E+00  -4.0641849E-04   2.9904561E+00   3.9400539E+00
   1.4041709E+00   1.1006612E-04   3.0807505E+00   3.9419541E+00
   1.4133905E+00   7.5998320E-04   3.1498690E+00   3.9434855E+00
   1.4226096E+00   1.3879230E-03   3.2305491E+00   3.9452853E+00
   1.4318178E+00   2.2349707E-03   3.2926757E+00   3.9468362E+00
   1.4410225E+00   2.7674071E-03   3.3682587E+00   3.9486821E+00
   1.4504795E+00   3.8466831E-03   3.4242370E+00   3.9502661E+00
   1.4596047E+00   4.1394164E-03   3.4946759E+00   3.9522111E+00
   1.4691863E+00   4.0129470E-03   3.5408483E+00   3.9538403E+00
   1.4785734E+00   5.1232744E-03   3.5964603E+00   3.9559367E+00
   1.4878588E+00   5.9688003E-03   3.6271527E+00   3.9578385E+00
   1.4971178E+00   6.9489325E-03   3.6661191E+00   3.9603791E+00
   1.5063614E+00   7.0035039E-03   3.6855257E+00   3.9625480E+00
   1.5156074E+00   8.5112946E-03   3.7147377E+00   3.9654365E+00
   1.5248468E+00   9.3284585E-03   3.7301996E+00   3.9677343E+00
   1.5340835E+00   9.1726482E-03   3.7499006E+00   3.9705570E+00
   1.5432240E+00   1.0000023E-02   3.7574525E+00   3.9730713E+00
   1.5523492E+00   1.0261240E-02   3.7620924E+00   3.9752800E+00
   1.5615199E+00   1.1371030E-02   3.7641189E+00   3.9774771E+00
   1.5708615E+00   1.2185122E-02   3.7651703E+00   3.9795268E+00
   1.5799917E+00   1.3058778E-02   3.7702219E+00   3.9815278E+00
   1.5885338E+00   1.3704071E-02   3.7780063E+00   3.9834146E+00
   1.5967166E+00   1.4271435E-02   3.7835176E+00   3.9849768E+00
   1.6048861E+00   1.5324769E-02   3.7939322E+00   3.9867454E+00
   1.6131656E+00   1.5756825E-02   3.8011348E+00   3.9882002E+00
   1.6215167E+00   1.5813502E-02   3.8124700E+00   3.9898670E+00
   1.6298666E+00   1.6516026E-02   3.8190718E+00   3.9914000E+00
   1.6385622E+00   1.7077200E-02   3.8333144E+00   3.9931009E+00
   1.6472208E+00   1.7419986E-02   3.8479960E+00   3.9946692E+00
   1.6557418E+00   1.6897157E-02   3.8703327E+00   3.9965506E+00
   1.6634871E+00   1.6247254E-02   3.8941112E+00   3.9982119E+00
   1.6707271E+00   1.6598083E-02   3.9178443E+00   3.9999530E+00
   1.6777500E+00   1.7038073E-02   3.9415460E+00   4.0018272E+00
   1.6847188E+00   1.6693750E-02   3.9676630E+00   4.0036025E+00
   1.6916987E+00   1.7548652E-02   3.9916275E+00   4.0053692E+00
   1.6986705E+00   1.6955182E-02   4.0129781E+00   4.0071297E+00
   1.7055635E+00   1.6617430E-02   4.0355582E+00   4.0088277E+00
   1.7124884E+00   1.6880684E-02   4.0622749E+00   4.0089474E+00
   1.7195827E+00   1.6716529E-02   4.0807347E+00   4.0125346E+00
   1.7267458E+00   1.6554592E-02   4.1121221E+00   4.0127783E+00
   1.7339970E+00   1.6519204E-02   4.1331334E+00   4.0152550E+00
   1.7411417E+00   1.6290093E-02   4.1664672E+00   4.0153546E+00
   1.7478226E+00   1.5657876E-02   4.1747260E+00   4.0180192E+00
   1.7541637E+00   1.5468844E-02   4.1986647E+00   4.0181551E+00
   1.7602625E+00   1.4754322E-02   4.1991663E+00   4.0199180E+00
   1.7662426E+00   1.4640123E-02   4.2172689E+00   4.0199246E+00
   1.7721764E+00   1.4214091E-02   4.2093511E+00   4.0213189E+00
   1.7781003E+00   1.3833595E-02   4.2233939E+00   4.0213656E+00
   1.7840203E+00   1.3377410E-02   4.2081656E+00   4.0227580E+00
   1.7899196E+00   1.3395110E-02   4.2208595E+00   4.0227537E+00
   1.7958153E+00   1.2628759E-02   4.1992044E+00   4.0240269E+00
   1.8017035E+00   1.2696430E-02   4.2077045E+00   4.0240579E+00
   1.8076332E+00   1.2235425E-02   4.2085829E+00   4.0240946E+00
   1.8135430E+00   1.0823629E-02   4.1387401E+00   4.0270762E+00
   1.8193835E+00   1.1183849E-02   4.1416192E+00   4.0269747E+00
   1.8251405E+00   1.0700520E-02   4.1389027E+00   4.0265985E+00
   1.8308161E+00   1.0768870E-02   4.1241775E+00   4.0264263E+00
   1.8364180E+00   9.3009025E-03   4.0221858E+00   4.0292401E+00
   1.8419614E+00   8.4868595E-03   4.0112715E+00   4.0293007E+00
   1.8474327E+00   8.5685859E-03   3.9975398E+00   4.0291371E+00
   1.8528596E+00   8.0510918E-03   3.9729970E+00   4.0292096E+00
   1.8582158E+00   6.7866123E-03   3.8657610E+00   4.0323896E+00
   1.8635175E+00   7.2634025E-03   3.8521278E+00   4.0325804E+00
   1.8687763E+00   6.6372007E-03   3.8325281E+00   4.0325880E+00
   1.8739955E+00   6.7395521E-03   3.8014567E+00   4.0327482E+00
   1.8790195E+00   5.7898141E-03   3.7573199E+00   4.0332513E+00
   1.8841544E+00   5.2119549E-03   3.5911722E+00   4.0364923E+00
   1.8892436E+00   3.6479444E-03   3.5696714E+00   4.0368133E+00
   1.8942871E+00   3.8515697E-03   3.5569367E+00   4.0365992E+00
   1.8992913E+00   3.3573424E-03   3.5389717E+00   4.0361395E+00
   1.9042735E+00   3.1058539E-03   3.5040989E+00   4.0359454E+00
   1.9092526E+00   2.3889570E-03   3.4467897E+00   4.0361238E+00
   1.9142464E+00   1.6270773E-03   3.3716013E+00   4.0366259E+00
   1.9191940E+00   1.2737064E-03   3.1277614E+00   4.0391626E+00
   1.9241143E+00  -3.2578592E-04   3.1094646E+00   4.0391827E+00
   1.9290189E+00   3.9970639E-04   3.1241665E+00   4.0383854E+00
   1.9339118E+00   4.5319280E-04   3.1221895E+00   4.0378160E+00
   1.9387888E+00  -9.3175266E-05   3.1070380E+00   4.0373292E+00
   1.9435874E+00  -1.0306329E-03   3.0633867E+00   4.0368590E+00
   1.9483342E+00  -1.9682525E-03   2.8471045E+00   4.0371552E+00
   1.9530377E+00  -3.0437722E-03   2.8251472E+00   4.0373006E+00
   1.9576733E+00  -3.2019760E-03   2.8105528E+00   4.0373950E+00
   1.9622405E+00  -3.3292985E-03   2.7915070E+00   4.0373993E+00
   1.9667661E+00  -3.8129713E-03   2.7625179E+00   4.0373983E+00
   1.9712695E+00  -4.7275620E-03   2.6981843E+00   4.0374837E+00
   1.9757711E+00  -5.6594601E-03   2.6190128E+00   4.0375767E+00
   1.9802612E+00  -6.5317405E-03   2.5351851E+00   4.0375462E+00
   1.9892418E+00  -7.2513120E-03   2.3978481E+00   4.0371141E+00
   1.9937460E+00  -7.6141753E-03   2.3486595E+00   4.0367846E+00
   1.9982649E+00  -8.3997799E-03   2.3060651E+00   4.0364313E+00
   2.0028005E+00  -9.5304726E-03   2.2672348E+00   4.0360947E+00
   2.0073528E+00  -1.0450467E-02   2.2296989E+00   4.0358067E+00
   2.0119066E+00  -1.0646426E-02   2.1906118E+00   4.0355830E+00
   2.0164607E+00  -1.1560536E-02   2.1465044E+00   4.0354209E+00
   2.0210135E+00  -1.2105726E-02   2.0958805E+00   4.0353150E+00
   2.0255594E+00  -1.2791988E-02   2.0439739E+00   4.0352502E+00
   2.0300860E+00  -1.3546326E-02   1.9920148E+00   4.0352011E+00
   2.0346096E+00  -1.4271422E-02   1.9414700E+00   4.0351386E+00
   2.0391293E+00  -1.4939272E-02   1.8934220E+00   4.0350499E+00
   2.0481591E+00  -1.6399931E-02   1.8238310E+00   4.0348520E+00
   2.0526690E+00  -1.7138388E-02   1.7928624E+00   4.0347638E+00
   2.0571799E+00  -1.7753411E-02   1.7275473E+00   4.0345297E+00
   2.0616968E+00  -1.8334912E-02   1.6705921E+00   4.0341825E+00
   2.0662227E+00  -1.9329645E-02   1.6192770E+00   4.0339117E+00
   2.0707631E+00  -1.9737996E-02   1.5982333E+00   4.0337949E+00
   2.0753207E+00  -2.0071447E-02   1.5504652E+00   4.0336204E+00
   2.0799100E+00  -2.0876732E-02   1.5087774E+00   4.0333157E+00
   2.0844908E+00  -2.1651322E-02   1.4685489E+00   4.0329561E+00
   2.0890269E+00  -2.3375405E-02   1.4289231E+00   4.0325541E+00
   2.0935786E+00  -2.4006445E-02   1.3896942E+00   4.0320826E+00
   2.1027367E+00  -2.4923144E-02   1.3080957E+00   4.0309052E+00
   2.1073246E+00  -2.5616601E-02   1.2624878E+00   4.0301905E+00
   2.1119137E+00  -2.5784276E-02   1.2146277E+00   4.0293970E+00
   2.1165020E+00  -2.6534462E-02   1.1624950E+00   4.0285354E+00
   2.1210883E+00  -2.7217388E-02   1.1124457E+00   4.0276155E+00
   2.1256742E+00  -2.7702129E-02   1.0604658E+00   4.0266557E+00
   2.1302643E+00  -2.8608788E-02   8.7102991E-01   4.0223627E+00
   2.1348689E+00  -2.8762531E-02   8.7482941E-01   4.0220704E+00
   2.1394930E+00  -3.0618319E-02   8.8883185E-01   4.0224133E+00
   2.1441331E+00  -3.1617679E-02   8.9304674E-01   4.0229411E+00
   2.1487715E+00  -3.2686338E-02   8.7416154E-01   4.0230761E+00
   2.1534147E+00  -3.3245858E-02   8.2010889E-01   4.0226312E+00
   2.1580746E+00  -3.2807346E-02   5.4131913E-01   4.0181880E+00
   2.1627822E+00  -3.3362772E-02   5.3787464E-01   4.0178227E+00
   2.1707225E+00  -3.5673071E-02   5.5294889E-01   4.0184383E+00
   2.1749928E+00  -3.6834180E-02   5.3216678E-01   4.0186687E+00
   2.1794767E+00  -3.7286304E-02   4.7721276E-01   4.0179110E+00
   2.1841848E+00  -3.9022405E-02   3.9564767E-01   4.0165052E+00
   2.1890306E+00  -3.8811583E-02   2.9957035E-01   4.0149617E+00
   2.1938744E+00  -3.8890257E-02  -3.0267987E-02   4.0075965E+00
   2.1987033E+00  -3.9771494E-02  -1.1506416E-02   4.0085292E+00
   2.2035758E+00  -4.1348942E-02   1.5479020E-02   4.0101104E+00
   2.2085073E+00  -4.2023920E-02   2.0705247E-02   4.0112829E+00
   2.2135153E+00  -4.1502029E-02  -5.8193002E-03   4.0115633E+00
   2.2185402E+00  -4.1775286E-02  -7.6344356E-02   4.0113773E+00
   2.2235999E+00  -4.1911088E-02  -1.7602758E-01   4.0099783E+00
   2.2287221E+00  -4.0876191E-02  -5.4727280E-01   4.0010004E+00
   2.2338667E+00  -4.2557418E-02  -5.3690660E-01   4.0020938E+00
   2.2391579E+00  -4.2149641E-02  -5.2350867E-01   4.0037227E+00
   2.2442083E+00  -4.4711262E-02  -5.2809733E-01   4.0048766E+00
   2.2494259E+00  -4.3863826E-02  -5.6307292E-01   4.0050945E+00
   2.2546563E+00  -4.5217492E-02  -6.3706899E-01   4.0042944E+00
   2.2600398E+00  -4.2163190E-02  -9.3521327E-01   3.9956431E+00
   2.2640963E+00  -4.3928377E-02  -9.5766842E-01   3.9959736E+00
   2.2681530E+00  -4.4605605E-02  -9.7614861E-01   3.9965987E+00
   2.2722094E+00  -4.4393267E-02  -1.0018890E+00   3.9973304E+00
   2.2762659E+00  -4.3739606E-02  -1.0345521E+00   3.9973404E+00
   2.2845817E+00  -4.1699860E-02  -1.3488454E+00   3.9874213E+00
   2.2890542E+00  -4.2523734E-02  -1.3614409E+00   3.9874957E+00
   2.2937500E+00  -4.4137020E-02  -1.3673536E+00   3.9885123E+00
   2.2986808E+00  -4.4192705E-02  -1.3836219E+00   3.9890251E+00
   2.3038580E+00  -4.4256072E-02  -1.4190520E+00   3.9896827E+00
   2.3092177E+00  -4.4153843E-02  -1.5635376E+00   3.9849100E+00
   2.3147485E+00  -4.4820752E-02  -1.5951760E+00   3.9843709E+00
   2.3198409E+00  -4.5524828E-02  -1.6480782E+00   3.9837337E+00
   2.3298235E+00  -4.4867598E-02  -1.8451915E+00   3.9762197E+00
   2.3351922E+00  -4.5587961E-02  -1.8637400E+00   3.9770203E+00
   2.3406260E+00  -4.5267053E-02  -1.8888600E+00   3.9773052E+00
   2.3459992E+00  -4.4339564E-02  -1.9924340E+00   3.9726541E+00
   2.3513670E+00  -4.4619139E-02  -2.0103269E+00   3.9723206E+00
   2.3568208E+00  -4.5555200E-02  -2.1039877E+00   3.9685349E+00
   2.3623021E+00  -4.6220612E-02  -2.1128383E+00   3.9685082E+00
   2.3680575E+00  -4.4990577E-02  -2.1352606E+00   3.9684429E+00
   2.3737142E+00  -4.4681836E-02  -2.2358415E+00   3.9625120E+00
   2.3791835E+00  -4.3588411E-02  -2.2389033E+00   3.9625673E+00
   2.3849266E+00  -4.5762546E-02  -2.2534423E+00   3.9628882E+00
   2.3909566E+00  -4.4994611E-02  -2.3281679E+00   3.9592285E+00
   2.3968930E+00  -4.5221910E-02  -2.3298364E+00   3.9591436E+00
   2.4026110E+00  -4.3679271E-02  -2.3827326E+00   3.9559712E+00
   2.4084423E+00  -4.4684347E-02  -2.3789198E+00   3.9558647E+00
   2.4143293E+00  -4.4649485E-02  -2.4253752E+00   3.9525480E+00
   2.4203696E+00  -4.3649219E-02  -2.4167447E+00   3.9524543E+00
   2.4267120E+00  -4.4560295E-02  -2.4535730E+00   3.9488397E+00
   2.4333715E+00  -4.4868696E-02  -2.4610360E+00   3.9469666E+00
   2.4394350E+00  -4.4971399E-02  -2.4528351E+00   3.9470203E+00
   2.4458017E+00  -4.4681761E-02  -2.4968734E+00   3.9423463E+00
   2.4524646E+00  -4.3357369E-02  -2.4874446E+00   3.9420867E+00
   2.4592273E+00  -4.2179871E-02  -2.5173559E+00   3.9378314E+00
   2.4657872E+00  -4.2528272E-02  -2.5193901E+00   3.9356730E+00
   2.4723916E+00  -4.2058464E-02  -2.5208311E+00   3.9348309E+00
   2.4792178E+00  -4.0812939E-02  -2.5368783E+00   3.9312267E+00
   2.4863853E+00  -4.0410925E-02  -2.5445154E+00   3.9291518E+00
   2.4939110E+00  -4.0019680E-02  -2.5566049E+00   3.9268429E+00
   2.5017972E+00  -3.9016251E-02  -2.5679965E+00   3.9242065E+00
   2.5084193E+00  -3.8932703E-02  -2.5777245E+00   3.9212396E+00
   2.5153723E+00  -3.7463449E-02  -2.5848169E+00   3.9188221E+00
   2.5226729E+00  -3.6548205E-02  -2.5944755E+00   3.9165680E+00
   2.5303388E+00  -3.6233019E-02  -2.6045747E+00   3.9141870E+00
   2.5383878E+00  -3.4959562E-02  -2.6193614E+00   3.9116631E+00
   2.5468390E+00  -3.3598583E-02  -2.6352777E+00   3.9088445E+00
   2.5557132E+00  -3.2779507E-02  -2.6491354E+00   3.9065018E+00
   2.5648937E+00  -3.1593621E-02  -2.6669872E+00   3.9040573E+00
   2.5741324E+00  -3.0967118E-02  -2.6891367E+00   3.9013383E+00
   2.5833333E+00  -2.8391775E-02  -2.7109845E+00   3.8985937E+00
   2.5925760E+00  -2.6688118E-02  -2.7319283E+00   3.8959458E+00
   2.6017725E+00  -2.6123459E-02  -2.7553895E+00   3.8933108E+00
   2.6109200E+00  -2.4511538E-02  -2.7813778E+00   3.8906446E+00
   2.6200981E+00  -2.2116387E-02  -2.8036015E+00   3.8879347E+00
   2.6292670E+00  -2.1492738E-02  -2.8254182E+00   3.8851192E+00
   2.6384885E+00  -1.9615721E-02  -2.8403580E+00   3.8822432E+00
   2.6478314E+00  -1.7797876E-02  -2.8483171E+00   3.8793342E+00
   2.6570473E+00  -1.6279941E-02  -2.8527303E+00   3.8763556E+00
   2.6662765E+00  -1.4803586E-02  -2.8491561E+00   3.8734415E+00
   2.6754630E+00  -1.2908682E-02  -2.8401341E+00   3.8705728E+00
   2.6846092E+00  -1.1039576E-02  -2.8256812E+00   3.8678067E+00
   2.6937742E+00  -9.5678885E-03  -2.8097956E+00   3.8651330E+00
   2.7029727E+00  -9.1355983E-03  -2.7869105E+00   3.8625023E+00
   2.7121830E+00  -7.5662094E-03  -2.7572424E+00   3.8599637E+00
   2.7214122E+00  -5.7195071E-03  -2.7193677E+00   3.8575768E+00
   2.7306807E+00  -3.4553702E-03  -2.6778815E+00   3.8553770E+00
   2.7400694E+00  -2.7611640E-03  -2.6313994E+00   3.8532772E+00
   2.7492447E+00  -1.2680969E-03  -2.5840905E+00   3.8514118E+00
   2.7584085E+00  -4.6157790E-04  -2.5278478E+00   3.8492815E+00
   2.7675469E+00   1.0612431E-03  -2.4670334E+00   3.8471744E+00
   2.7766855E+00   1.5581483E-03  -2.4028034E+00   3.8453088E+00
   2.7858324E+00   1.6826049E-03  -2.3353803E+00   3.8435144E+00
   2.7949791E+00   2.3419100E-03  -2.2665465E+00   3.8416369E+00
   2.8041308E+00   3.0492083E-03  -2.1990993E+00   3.8396719E+00
   2.8132892E+00   4.3912497E-03  -2.1355531E+00   3.8376303E+00
   2.8224659E+00   4.5547760E-03  -2.0749481E+00   3.8355355E+00
   2.8316951E+00   5.2189319E-03  -2.0175290E+00   3.8333685E+00
   2.8408401E+00   6.3578542E-03  -1.9622000E+00   3.8311615E+00
   2.8500016E+00   7.5956890E-03  -1.9113134E+00   3.8290579E+00
   2.8591521E+00   8.9164441E-03  -1.8649074E+00   3.8270462E+00
   2.8680365E+00   9.0363221E-03  -1.8200403E+00   3.8251379E+00
   2.8769007E+00   9.3958564E-03  -1.7820337E+00   3.8233769E+00
   2.8853829E+00   1.1107542E-02  -1.7496485E+00   3.8217373E+00
   2.8941326E+00   1.2682845E-02  -1.7242059E+00   3.8203394E+00
   2.9029169E+00   1.3954626E-02  -1.7028172E+00   3.8190727E+00
   2.9117997E+00   1.3909656E-02  -1.6827289E+00   3.8178942E+00
   2.9209497E+00   1.4715267E-02  -1.6641655E+00   3.8167832E+00
   2.9301133E+00   1.5178987E-02  -1.6482884E+00   3.8156784E+00
   2.9392939E+00   1.6099155E-02  -1.6356591E+00   3.8146017E+00
   2.9484947E+00   1.6912730E-02  -1.6264511E+00   3.8135743E+00
   2.9577181E+00   1.8947057E-02  -1.6200476E+00   3.8125606E+00
   2.9666243E+00   1.9196307E-02  -1.6139086E+00   3.8115034E+00
   2.9755468E+00   1.9140765E-02  -1.6097379E+00   3.8104289E+00
   2.9831479E+00   1.9314649E-02  -1.6010302E+00   3.8092525E+00
   2.9911292E+00   1.9655762E-02  -1.5891510E+00   3.8082223E+00
   2.9993386E+00   2.0109480E-02  -1.5759628E+00   3.8071151E+00
   3.0079589E+00   2.0740077E-02  -1.5606365E+00   3.8059411E+00
   3.0166388E+00   2.1179991E-02  -1.5415612E+00   3.8047204E+00
   3.0251584E+00   2.1378232E-02  -1.5191966E+00   3.8035502E+00
   3.0331991E+00   2.1540372E-02  -1.4922121E+00   3.8024504E+00
   3.0407996E+00   2.1897746E-02  -1.4655347E+00   3.8015196E+00
   3.0483153E+00   2.1920141E-02  -1.4383239E+00   3.8007724E+00
   3.0559275E+00   2.2084249E-02  -1.4083714E+00   3.8001196E+00
   3.0636597E+00   2.3166507E-02  -1.3700480E+00   3.7995126E+00
   3.0714564E+00   2.3020942E-02  -1.3274901E+00   3.7989936E+00
   3.0793283E+00   2.3238050E-02  -1.2841374E+00   3.7985516E+00
   3.0874114E+00   2.2952795E-02  -1.2367983E+00   3.7981536E+00
   3.0958986E+00   2.3022527E-02  -1.1854327E+00   3.7977934E+00
   3.1048105E+00   2.3108907E-02  -1.1277729E+00   3.7974474E+00
   3.1138613E+00   2.2973413E-02  -1.0628803E+00   3.7971270E+00
   3.1213539E+00   2.2932803E-02  -9.9328357E-01   3.7968762E+00
   3.1292212E+00   2.2609986E-02  -9.3280530E-01   3.7967517E+00
   3.1373718E+00   2.2556117E-02  -8.6887062E-01   3.7965827E+00
   3.1455867E+00   2.2223555E-02  -8.0060726E-01   3.7963114E+00
   3.1539133E+00   2.1926152E-02  -7.3211139E-01   3.7959573E+00
   3.1618013E+00   2.1665974E-02  -6.6487819E-01   3.7955453E+00
   3.1696031E+00   2.1357071E-02  -6.0525882E-01   3.7951269E+00
   3.1777952E+00   2.0663675E-02  -5.4973739E-01   3.7947164E+00
   3.1860309E+00   2.0633483E-02  -4.9327087E-01   3.7942984E+00
   3.1940975E+00   2.0330278E-02  -4.3808153E-01   3.7938898E+00
   3.2020547E+00   2.0046590E-02  -3.8762450E-01   3.7935333E+00
   3.2098126E+00   1.9840684E-02  -3.4023830E-01   3.7932327E+00
   3.2174952E+00   1.9557958E-02  -2.9732630E-01   3.7930112E+00
   3.2253728E+00   1.9551545E-02  -2.8327182E-01   3.7929783E+00
   3.2332180E+00   1.9301217E-02  -2.0078701E-01   3.7928903E+00
   3.2409356E+00   1.9626802E-02  -1.9546916E-01   3.7928281E+00
   3.2484615E+00   1.9188315E-02  -1.5122193E-01   3.7928059E+00
   3.2559159E+00   1.9418929E-02  -1.4979622E-01   3.7928336E+00
   3.2634053E+00   1.9363735E-02  -9.4249010E-02   3.7932811E+00
   3.2709491E+00   1.9487452E-02  -8.5550666E-02   3.7933891E+00
   3.2785060E+00   1.9497693E-02  -6.7419551E-02   3.7937779E+00
   3.2860429E+00   1.9468978E-02  -5.0750263E-02   3.7941701E+00
   3.2935615E+00   1.9464947E-02  -3.5128716E-02   3.7945552E+00
   3.3010578E+00   1.9526076E-02  -2.2602154E-02   3.7949488E+00
   3.3085237E+00   2.0131564E-02  -1.2597340E-02   3.7953188E+00
   3.3159504E+00   1.9996770E-02  -2.8015431E-03   3.7956417E+00
   3.3233566E+00   1.9737897E-02   6.9242269E-03   3.7959104E+00
   3.3307707E+00   1.9550785E-02   1.7512262E-02   3.7961206E+00
   3.3382297E+00   1.9375762E-02   3.2257512E-02   3.7963173E+00
   3.3457599E+00   1.9254658E-02   4.9104899E-02   3.7965150E+00
   3.3533711E+00   1.9113196E-02   6.9843382E-02   3.7967114E+00
   3.3610437E+00   1.8953806E-02   9.1627538E-02   3.7969100E+00
   3.3687613E+00   1.8802993E-02   1.1600552E-01   3.7971332E+00
   3.3765180E+00   1.8555747E-02   1.4374241E-01   3.7973897E+00
   3.3843231E+00   1.8310977E-02   1.7406014E-01   3.7976842E+00
   3.3921912E+00   1.8171187E-02   2.0864733E-01   3.7980475E+00
   3.4001305E+00   1.7975908E-02   2.4656101E-01   3.7984672E+00
   3.4081464E+00   1.7789794E-02   2.8841156E-01   3.7989588E+00
   3.4162407E+00   1.7609248E-02   3.3460903E-01   3.7995260E+00
   3.4244165E+00   1.7375527E-02   3.8404864E-01   3.8001690E+00
   3.4326761E+00   1.7125469E-02   4.3818969E-01   3.8008928E+00
   3.4410217E+00   1.6905310E-02   4.9603674E-01   3.8016882E+00
   3.4494550E+00   1.6617462E-02   5.5808908E-01   3.8025665E+00
   3.4579809E+00   1.6260838E-02   6.2264025E-01   3.8034902E+00
   3.4666085E+00   1.5999652E-02   6.9152534E-01   3.8044796E+00
   3.4753501E+00   1.5261218E-02   7.6571852E-01   3.8055305E+00
   3.4842117E+00   1.5003362E-02   8.4580874E-01   3.8066084E+00
   3.4931972E+00   1.4427988E-02   9.2770201E-01   3.8076637E+00
   3.5023134E+00   1.3593198E-02   1.0114894E+00   3.8086815E+00
   3.5114632E+00   1.2824018E-02   1.0946519E+00   3.8096540E+00
   3.5206125E+00   1.2667583E-02   1.1747912E+00   3.8105836E+00
   3.5297618E+00   1.2323840E-02   1.2502850E+00   3.8114653E+00
   3.5389109E+00   1.1999537E-02   1.3242279E+00   3.8122997E+00
   3.5480597E+00   1.1581810E-02   1.3959414E+00   3.8131452E+00
   3.5572078E+00   1.1227027E-02   1.4647927E+00   3.8140409E+00
   3.5664036E+00   1.0965632E-02   1.5298817E+00   3.8150098E+00
   3.5755339E+00   1.0413212E-02   1.5904669E+00   3.8160777E+00
   3.5847113E+00   9.9482387E-03   1.6475804E+00   3.8172467E+00
   3.5938818E+00   9.2643080E-03   1.7014576E+00   3.8185189E+00
   3.6030452E+00   9.3788542E-03   1.7497295E+00   3.8198869E+00
   3.6122026E+00   8.9216428E-03   1.7964649E+00   3.8213632E+00
   3.6213555E+00   8.6891176E-03   1.8395424E+00   3.8229024E+00
   3.6305060E+00   8.4668212E-03   1.8778151E+00   3.8245010E+00
   3.6396556E+00   8.3757844E-03   1.9139118E+00   3.8261664E+00
   3.6488049E+00   8.0235992E-03   1.9447014E+00   3.8278575E+00
   3.6580110E+00   7.8867013E-03   1.9710695E+00   3.8295629E+00
   3.6671412E+00   7.6138852E-03   1.9964432E+00   3.8312848E+00
   3.6763542E+00   7.6594241E-03   2.0198083E+00   3.8329177E+00
   3.6855562E+00   7.4887085E-03   2.0451949E+00   3.8344774E+00
   3.6947474E+00   7.4122432E-03   2.0757337E+00   3.8360007E+00
   3.7039297E+00   7.3609622E-03   2.1091800E+00   3.8374879E+00
   3.7131038E+00   6.9981790E-03   2.1466258E+00   3.8389270E+00
   3.7222700E+00   6.7258696E-03   2.1856883E+00   3.8403535E+00
   3.7314301E+00   6.3443584E-03   2.2282717E+00   3.8418138E+00
   3.7405853E+00   5.7228096E-03   2.2747648E+00   3.8433352E+00
   3.7497370E+00   5.0896346E-03   2.3253553E+00   3.8449352E+00
   3.7588871E+00   4.2248014E-03   2.3784423E+00   3.8466394E+00
   3.7680361E+00   3.4312641E-03   2.4360578E+00   3.8484325E+00
   3.7771845E+00   2.5987695E-03   2.4979231E+00   3.8503342E+00
   3.7863257E+00   1.6442452E-03   2.5621736E+00   3.8523183E+00
   3.7954509E+00   7.8868843E-04   2.6303327E+00   3.8543699E+00
   3.8048136E+00  -1.7544076E-04   2.7012367E+00   3.8564625E+00
   3.8141725E+00  -1.0938657E-03   2.7780852E+00   3.8586805E+00
   3.8234432E+00  -1.9422934E-03   2.8571599E+00   3.8609686E+00
   3.8326645E+00  -2.6664266E-03   2.9398406E+00   3.8632381E+00
   3.8418572E+00  -3.9802184E-03   3.0232177E+00   3.8654804E+00
   3.8510413E+00  -5.0570713E-03   3.1063478E+00   3.8676565E+00
   3.8602281E+00  -6.0445266E-03   3.1868343E+00   3.8697631E+00
   3.8694217E+00  -7.0507298E-03   3.2626958E+00   3.8717976E+00
   3.8786216E+00  -8.1792949E-03   3.3346181E+00   3.8737695E+00
   3.8878224E+00  -9.1359532E-03   3.4010870E+00   3.8756933E+00
   3.8969476E+00  -1.0297321E-02   3.4654157E+00   3.8775852E+00
   3.9063063E+00  -1.1188126E-02   3.5241249E+00   3.8794477E+00
   3.9154365E+00  -1.2504120E-02   3.5807745E+00   3.8814268E+00
   3.9245617E+00  -1.3345042E-02   3.6308937E+00   3.8834431E+00
   3.9338157E+00  -1.4658027E-02   3.6764162E+00   3.8854859E+00
   3.9430614E+00  -1.5690487E-02   3.7148712E+00   3.8876815E+00
   3.9523070E+00  -1.6536219E-02   3.7485933E+00   3.8899772E+00
   3.9615500E+00  -1.7530743E-02   3.7771335E+00   3.8923495E+00
   3.9707863E+00  -1.8998258E-02   3.7995782E+00   3.8947713E+00
   3.9799538E+00  -1.9906787E-02   3.8176198E+00   3.8972390E+00
   3.9889431E+00  -2.1051057E-02   3.8299010E+00   3.8997228E+00
   3.9981530E+00  -2.1927329E-02   3.8392227E+00   3.9025002E+00
   4.0073533E+00  -2.3481682E-02   3.8372035E+00   3.9045234E+00
   4.0157599E+00  -2.4896782E-02   3.8405566E+00   3.9073381E+00
   4.0236316E+00  -2.6050407E-02   3.8340855E+00   3.9093118E+00
   4.0313463E+00  -2.7182724E-02   3.8295357E+00   3.9111962E+00
   4.0390954E+00  -2.7777929E-02   3.8237832E+00   3.9131198E+00
   4.0469036E+00  -2.9071759E-02   3.8197610E+00   3.9149125E+00
   4.0546684E+00  -3.0075708E-02   3.8162279E+00   3.9166594E+00
   4.0622535E+00  -3.1047121E-02   3.8163054E+00   3.9184003E+00
   4.0697064E+00  -3.1766705E-02   3.8156476E+00   3.9200687E+00
   4.0774040E+00  -3.2968368E-02   3.8149652E+00   3.9216590E+00
   4.0850277E+00  -3.3895101E-02   3.8160906E+00   3.9233384E+00
   4.0925140E+00  -3.5234347E-02   3.8185818E+00   3.9250727E+00
   4.0994811E+00  -3.6356006E-02   3.8219297E+00   3.9268212E+00
   4.1060414E+00  -3.6915649E-02   3.8297346E+00   3.9268889E+00
   4.1123881E+00  -3.9075635E-02   3.8299086E+00   3.9311798E+00
   4.1186366E+00  -3.9278712E-02   3.8392153E+00   3.9313080E+00
   4.1248417E+00  -4.0490147E-02   3.8427155E+00   3.9333537E+00
   4.1310191E+00  -4.1448683E-02   3.8557694E+00   3.9334087E+00
   4.1371565E+00  -4.3963656E-02   3.8538384E+00   3.9366179E+00
   4.1433277E+00  -4.4180624E-02   3.8688843E+00   3.9367974E+00
   4.1494412E+00  -4.5351621E-02   3.8858171E+00   3.9370129E+00
   4.1556358E+00  -4.7729623E-02   3.8675742E+00   3.9424319E+00
   4.1618023E+00  -4.8203886E-02   3.8885307E+00   3.9424648E+00
   4.1680622E+00  -4.9421195E-02   3.9097834E+00   3.9421959E+00
   4.1742396E+00  -5.1401656E-02   3.8994846E+00   3.9452174E+00
   4.1802101E+00  -5.2407626E-02   3.9200644E+00   3.9455445E+00
   4.1858668E+00  -5.3424835E-02   3.9389484E+00   3.9459419E+00
   4.1913352E+00  -5.6138787E-02   3.9023516E+00   3.9516771E+00
   4.1966929E+00  -5.6522217E-02   3.9263401E+00   3.9515884E+00
   4.2019868E+00  -5.7754070E-02   3.9493163E+00   3.9510927E+00
   4.2072420E+00  -5.8613140E-02   3.9665639E+00   3.9507875E+00
   4.2124653E+00  -6.0799357E-02   3.9178145E+00   3.9541073E+00
   4.2176542E+00  -6.1631206E-02   3.9375820E+00   3.9542689E+00
   4.2228522E+00  -6.2664568E-02   3.9539165E+00   3.9542930E+00
   4.2280822E+00  -6.4097881E-02   3.9597268E+00   3.9546685E+00
   4.2332368E+00  -6.6805884E-02   3.8849151E+00   3.9595070E+00
   4.2383389E+00  -6.6995047E-02   3.9011211E+00   3.9593575E+00
   4.2434626E+00  -6.7296542E-02   3.9156041E+00   3.9586000E+00
   4.2486162E+00  -6.8571605E-02   3.9231119E+00   3.9582798E+00
   4.2537575E+00  -7.0019029E-02   3.9123075E+00   3.9582703E+00
   4.2588420E+00  -7.0683934E-02   3.8846965E+00   3.9592040E+00
   4.2640262E+00  -7.4226841E-02   3.7239006E+00   3.9655616E+00
   4.2689886E+00  -7.3253438E-02   3.7485411E+00   3.9649565E+00
   4.2738194E+00  -7.4080370E-02   3.7670872E+00   3.9642408E+00
   4.2785740E+00  -7.4765436E-02   3.7850335E+00   3.9631896E+00
   4.2832847E+00  -7.5413115E-02   3.7865882E+00   3.9629107E+00
   4.2879677E+00  -7.7287555E-02   3.7600896E+00   3.9629414E+00
   4.2926264E+00  -7.8285031E-02   3.5856287E+00   3.9676363E+00
   4.2972560E+00  -8.0341928E-02   3.5792503E+00   3.9680498E+00
   4.3063936E+00  -8.0810338E-02   3.5886328E+00   3.9679258E+00
   4.3108926E+00  -8.1071459E-02   3.5757284E+00   3.9676845E+00
   4.3153663E+00  -8.2424514E-02   3.5537996E+00   3.9678712E+00
   4.3198061E+00  -8.5248627E-02   3.3151486E+00   3.9727740E+00
   4.3242016E+00  -8.6704455E-02   3.3037362E+00   3.9732771E+00
   4.3285713E+00  -8.5589245E-02   3.3174260E+00   3.9733458E+00
   4.3329282E+00  -8.4999509E-02   3.3199151E+00   3.9728615E+00
   4.3371429E+00  -8.5558861E-02   3.3160121E+00   3.9723008E+00
   4.3457890E+00  -8.7602660E-02   3.2528641E+00   3.9717929E+00
   4.3501272E+00  -9.0147674E-02   2.9460299E+00   3.9760063E+00
   4.3544440E+00  -9.1752857E-02   2.9312363E+00   3.9764767E+00
   4.3587627E+00  -9.0255201E-02   2.9608519E+00   3.9768009E+00
   4.3624873E+00  -8.9369185E-02   2.9948475E+00   3.9764476E+00
   4.3699217E+00  -9.1105789E-02   2.9571090E+00   3.9760408E+00
   4.3739200E+00  -9.3052812E-02   2.8732109E+00   3.9760911E+00
   4.3780813E+00  -9.4142504E-02   2.7759843E+00   3.9767990E+00
   4.3822145E+00  -9.3818024E-02   2.4866006E+00   3.9802639E+00
   4.3862948E+00  -9.5652066E-02   2.4765482E+00   3.9803419E+00
   4.3945389E+00  -9.5632136E-02   2.5394456E+00   3.9790609E+00
   4.3986840E+00  -9.6538410E-02   2.5351768E+00   3.9785635E+00
   4.4027848E+00  -9.7181596E-02   2.5134990E+00   3.9782290E+00
   4.4068522E+00  -9.8349310E-02   2.4626756E+00   3.9781270E+00
   4.4108930E+00  -9.9134654E-02   2.3454854E+00   3.9785023E+00
   4.4189095E+00  -1.0178149E-01   1.9896964E+00   3.9810886E+00
   4.4228878E+00  -1.0149685E-01   2.0315323E+00   3.9806893E+00
   4.4268479E+00  -1.0132769E-01   2.0668638E+00   3.9801884E+00
   4.4307909E+00  -1.0174247E-01   2.0846233E+00   3.9797437E+00
   4.4386334E+00  -1.0361531E-01   2.0452831E+00   3.9792638E+00
   4.4425383E+00  -1.0480437E-01   1.9836015E+00   3.9792652E+00
   4.4464393E+00  -1.0546948E-01   1.9112216E+00   3.9794171E+00
   4.4542155E+00  -1.0734697E-01   1.7075878E+00   3.9801295E+00
   4.4580865E+00  -1.0732500E-01   1.1719085E+00   3.9826267E+00
   4.4619508E+00  -1.1079982E-01   1.2451785E+00   3.9823940E+00
   4.4658098E+00  -1.1014360E-01   1.7726421E+00   3.9795744E+00
   4.4735160E+00  -1.1073715E-01   1.5898539E+00   3.9797201E+00
   4.4773602E+00  -1.1211608E-01   1.4025910E+00   3.9801106E+00
   4.4811902E+00  -1.1248798E-01   1.2644370E+00   3.9805133E+00
   4.4850039E+00  -1.1293228E-01   1.2129815E+00   3.9806807E+00
   4.4925919E+00  -1.1355576E-01   1.0983232E+00   3.9809735E+00
   4.4963694E+00  -1.1415188E-01   1.0723907E+00   3.9809465E+00
   4.5001340E+00  -1.1481642E-01   1.0452434E+00   3.9808373E+00
   4.5076356E+00  -1.1636666E-01   9.9433070E-01   3.9805105E+00
   4.5113769E+00  -1.1689536E-01   9.7452682E-01   3.9803951E+00
   4.5151162E+00  -1.1779152E-01   9.3339902E-01   3.9802678E+00
   4.5226021E+00  -1.1971296E-01   8.1056917E-01   3.9800079E+00
   4.5261922E+00  -1.2018725E-01   7.5309187E-01   3.9799178E+00
   4.5299516E+00  -1.2161022E-01   7.2193325E-01   3.9798920E+00
   4.5374913E+00  -1.2330248E-01   6.4419454E-01   3.9798527E+00
   4.5412736E+00  -1.2336154E-01   6.0574114E-01   3.9797583E+00
   4.5450678E+00  -1.2417557E-01   5.6306368E-01   3.9796026E+00
   4.5526991E+00  -1.2527740E-01   4.5971403E-01   3.9790566E+00
   4.5565410E+00  -1.2579583E-01   4.0955240E-01   3.9787147E+00
   4.5604038E+00  -1.2636440E-01   3.5755619E-01   3.9783387E+00
   4.5642915E+00  -1.2707779E-01   2.7458814E-01   3.9776533E+00
   4.5721741E+00  -1.2901187E-01   2.0855698E-01   3.9770064E+00
   4.5761957E+00  -1.2883547E-01   1.7851882E-01   3.9768000E+00
   4.5802898E+00  -1.3004443E-01   1.1305402E-01   3.9763000E+00
   4.5844927E+00  -1.3064729E-01   8.0184914E-02   3.9759331E+00
   4.5888510E+00  -1.3096449E-01   1.6922485E-02   3.9753394E+00
   4.5973411E+00  -1.3128430E-01  -1.1373186E-01   3.9739878E+00
   4.6015248E+00  -1.3123231E-01  -1.7508863E-01   3.9733198E+00
   4.6057119E+00  -1.3030064E-01  -2.3047145E-01   3.9727383E+00
   4.6099219E+00  -1.3061787E-01  -2.8262895E-01   3.9722075E+00
   4.6141658E+00  -1.3114479E-01  -3.3458552E-01   3.9716825E+00
   4.6183801E+00  -1.3209829E-01  -3.8841373E-01   3.9711308E+00
   4.6269679E+00  -1.3222201E-01  -4.9567288E-01   3.9702237E+00
   4.6312394E+00  -1.3227771E-01  -5.3895462E-01   3.9697933E+00
   4.6354384E+00  -1.3246037E-01  -5.9438342E-01   3.9693236E+00
   4.6396170E+00  -1.3243517E-01  -6.9698268E-01   3.9682851E+00
   4.6438017E+00  -1.3139647E-01  -7.5173813E-01   3.9676051E+00
   4.6480060E+00  -1.3179772E-01  -8.4059852E-01   3.9665475E+00
   4.6562495E+00  -1.3451385E-01  -9.4869328E-01   3.9655919E+00
   4.6603837E+00  -1.3550842E-01  -1.0033133E+00   3.9652195E+00
   4.6645827E+00  -1.3585544E-01  -1.0695956E+00   3.9646666E+00
   4.6688499E+00  -1.3616936E-01  -1.2849916E+00   3.9605279E+00
   4.6730981E+00  -1.3531157E-01  -1.2974845E+00   3.9607375E+00
   4.6773477E+00  -1.3521606E-01  -1.3066660E+00   3.9614761E+00
   4.6854072E+00  -1.3552721E-01  -1.3317399E+00   3.9632723E+00
   4.6895018E+00  -1.3520947E-01  -1.3636405E+00   3.9634986E+00
   4.6931672E+00  -1.3573065E-01  -1.4082186E+00   3.9632640E+00
   4.6970158E+00  -1.3707121E-01  -1.4713814E+00   3.9626226E+00
   4.7051964E+00  -1.3383035E-01  -1.9586844E+00   3.9521527E+00
   4.7095428E+00  -1.3427463E-01  -1.9494922E+00   3.9524882E+00
   4.7140093E+00  -1.3372567E-01  -1.8953513E+00   3.9549966E+00
   4.7183609E+00  -1.3284709E-01  -1.8543148E+00   3.9571893E+00
   4.7227020E+00  -1.3332684E-01  -1.8677682E+00   3.9577746E+00
   4.7270660E+00  -1.3055575E-01  -1.9022748E+00   3.9579682E+00
   4.7314525E+00  -1.3198899E-01  -1.9893277E+00   3.9571948E+00
   4.7402115E+00  -1.2799020E-01  -2.3172369E+00   3.9486086E+00
   4.7446346E+00  -1.2878728E-01  -2.3122330E+00   3.9498336E+00
   4.7490392E+00  -1.2665810E-01  -2.3261836E+00   3.9504502E+00
   4.7534561E+00  -1.2850302E-01  -2.3474813E+00   3.9513071E+00
   4.7579441E+00  -1.2640569E-01  -2.3740950E+00   3.9512186E+00
   4.7623782E+00  -1.2475006E-01  -2.5705633E+00   3.9452209E+00
   4.7669101E+00  -1.2326359E-01  -2.5855372E+00   3.9445798E+00
   4.7711163E+00  -1.2348129E-01  -2.6075528E+00   3.9442716E+00
   4.7799959E+00  -1.2410334E-01  -2.6641922E+00   3.9447932E+00
   4.7846828E+00  -1.2422909E-01  -2.7243724E+00   3.9441385E+00
   4.7894707E+00  -1.1804234E-01  -2.9059434E+00   3.9372551E+00
   4.7942080E+00  -1.1722810E-01  -2.9092183E+00   3.9367654E+00
   4.7989607E+00  -1.1960813E-01  -2.9029949E+00   3.9375608E+00
   4.8037190E+00  -1.1936440E-01  -2.9075661E+00   3.9381359E+00
   4.8084488E+00  -1.1960654E-01  -2.9194865E+00   3.9384887E+00
   4.8132129E+00  -1.1581003E-01  -2.9524424E+00   3.9380505E+00
   4.8180089E+00  -1.1422871E-01  -2.9941285E+00   3.9361560E+00
   4.8228412E+00  -1.1439630E-01  -3.0521951E+00   3.9338338E+00
   4.8277230E+00  -1.1338623E-01  -3.1000779E+00   3.9316716E+00
   4.8326197E+00  -1.0981168E-01  -3.1447835E+00   3.9298522E+00
   4.8375478E+00  -1.1047434E-01  -3.1781027E+00   3.9284916E+00
   4.8425241E+00  -1.0948493E-01  -3.2009017E+00   3.9275193E+00
   4.8476090E+00  -1.0701598E-01  -3.2150269E+00   3.9267745E+00
   4.8529196E+00  -1.0672905E-01  -3.2276216E+00   3.9261010E+00
   4.8584962E+00  -1.0376870E-01  -3.2751319E+00   3.9219069E+00
   4.8636360E+00  -1.0167450E-01  -3.2656376E+00   3.9223752E+00
   4.8690329E+00  -1.0106402E-01  -3.2613118E+00   3.9230938E+00
   4.8745551E+00  -9.9823326E-02  -3.2635682E+00   3.9233773E+00
   4.8803182E+00  -9.7487107E-02  -3.2676411E+00   3.9228733E+00
   4.8860879E+00  -9.4590634E-02  -3.3309140E+00   3.9160252E+00
   4.8916225E+00  -9.5555156E-02  -3.3158860E+00   3.9162931E+00
   4.8972106E+00  -9.3637452E-02  -3.3031106E+00   3.9168608E+00
   4.9027419E+00  -9.3207233E-02  -3.2918475E+00   3.9170740E+00
   4.9083161E+00  -9.1516852E-02  -3.2851884E+00   3.9165432E+00
   4.9139357E+00  -8.8636145E-02  -3.3203349E+00   3.9081867E+00
   4.9196258E+00  -8.7809481E-02  -3.3057745E+00   3.9085193E+00
   4.9253960E+00  -8.5631087E-02  -3.2952950E+00   3.9092579E+00
   4.9312553E+00  -8.4512062E-02  -3.2878661E+00   3.9097557E+00
