  flscon:  version 23.2.0.01  win64 2022 
 FLOW-3D   17:50:49  02/28/2024 rjju     
   hydr3d   version  23.2.0.20 win64     12/04/2023 HYDRO    
 Simulation Template: Free Surface - TruVOF (Default)                            

Mesh Block   1
 printing pfxob, pfyob, pfzob       
       1      944      0.000E+00      1.714E+00
   time              pfxob_1         pfyob_1         pfzob_1
   0.0000000E+00  -2.1050344E-03  -1.4604222E+00   1.7820731E+00
   1.7133401E-03  -3.6024823E-04  -2.9404285E+02   2.7241631E+00
   3.1306718E-03  -8.6195013E-03  -1.9832915E+00   1.9976326E+00
   4.4771368E-03   3.2198273E-03  -1.7502235E+00   1.7909392E+00
   7.0993779E-03  -5.7770449E-05  -1.9650668E+00   1.7902970E+00
   8.5096322E-03   3.7632177E-03  -2.0299509E+00   1.7906284E+00
   9.9903988E-03   3.3686634E-03  -2.0328028E+00   1.7913958E+00
   1.1545204E-02   2.2174115E-03  -2.0073810E+00   1.7926370E+00
   1.3177749E-02   1.5337832E-03  -1.9622216E+00   1.7949660E+00
   1.4891922E-02   1.1048010E-03  -1.8944981E+00   1.7997916E+00
   1.6691802E-02  -2.6552291E-03  -1.8473475E+00   1.8859991E+00
   1.8401690E-02  -2.3433536E-03  -1.9069071E+00   1.8858103E+00
   2.0197071E-02  -3.2889782E-03  -1.9530320E+00   1.8847673E+00
   2.2082221E-02   2.1066081E-03  -1.8691466E+00   1.7800453E+00
   2.3873115E-02   1.7837670E-03  -1.8867674E+00   1.7801366E+00
   2.5753552E-02   1.6575377E-03  -1.8736188E+00   1.7817314E+00
   2.7728012E-02   1.5711243E-03  -1.8477496E+00   1.7845880E+00
   2.9801194E-02  -8.9791504E-04  -1.7835172E+00   1.8555856E+00
   3.1770717E-02  -2.3713401E-03  -1.8374455E+00   1.8557765E+00
   3.3838715E-02  -2.6533857E-03  -1.8644120E+00   1.8552976E+00
   3.6010116E-02  -9.5800619E-04  -1.8426166E+00   1.8533981E+00
   3.8290087E-02   4.1938662E-03  -1.5939386E+00   1.7740024E+00
   4.0456057E-02   3.8604857E-03  -1.6464392E+00   1.7746451E+00
   4.2730328E-02   9.5413666E-04  -1.7178985E+00   1.8294215E+00
   4.4890884E-02   1.8545217E-04  -1.7217571E+00   1.8297629E+00
   4.7159467E-02   7.0474326E-04  -1.6748084E+00   1.8299965E+00
   4.9541481E-02   2.6233908E-04  -1.6015182E+00   1.8299426E+00
   5.2042592E-02  -2.3844417E-03  -1.3749843E+00   1.8137078E+00
   5.4418653E-02   1.7196933E-03  -1.4179296E+00   1.8129404E+00
   5.6913514E-02   3.1495146E-03  -1.4410621E+00   1.8120819E+00
   5.9533115E-02   1.5979955E-03  -1.4105865E+00   1.8115296E+00
   6.2283702E-02  -3.9812984E-04  -1.2279981E+00   1.8113378E+00
   6.5092504E-02  -6.8887393E-04  -1.2459217E+00   1.8116902E+00
   6.7804292E-02  -3.4804300E-05  -1.2342477E+00   1.8123406E+00
   7.0440106E-02   3.7807222E-05  -1.1595728E+00   1.8134785E+00
   7.2986215E-02   6.4702664E-04  -8.8385016E-01   1.8220546E+00
   7.5405017E-02   1.7984866E-04  -9.0935236E-01   1.8219461E+00
   7.7944756E-02   6.8330922E-04  -8.9723819E-01   1.8206921E+00
   8.0608912E-02  -9.9518686E-05  -8.1729203E-01   1.8204942E+00
   8.3254956E-02  -1.6565081E-03  -7.5796497E-01   1.8205322E+00
   8.5881226E-02  -9.5360895E-04  -6.6202986E-01   1.8204700E+00
   8.8502333E-02  -3.7028550E-04  -3.8345280E-01   1.8149716E+00
   9.0992384E-02   4.4915223E-04  -3.9062586E-01   1.8145880E+00
   9.3606941E-02   2.1757050E-04  -3.6671159E-01   1.8141215E+00
   9.6285276E-02   1.2776572E-03  -2.9260477E-01   1.8138095E+00
   9.7972073E-02   3.3237638E-03  -4.1794326E-02   1.8140392E+00
   9.9743210E-02   4.1560219E-03  -4.9816780E-02   1.8141949E+00
   1.0141011E-01   2.7336047E-03  -4.0800177E-02   1.8143306E+00
   1.0316034E-01   2.3343612E-03  -3.6857277E-02   1.8145014E+00
   1.0499809E-01   6.7109725E-04   1.6876126E-02   1.8148719E+00
   1.0692772E-01   4.9436477E-04   1.4613393E-01   1.8159262E+00
   1.0895384E-01   4.4962729E-04   2.5674790E-01   1.8170402E+00
   1.1108126E-01   8.2267937E-04   3.4637111E-01   1.8178467E+00
   1.1331505E-01   9.5831748E-04   4.1271448E-01   1.8183888E+00
   1.1566054E-01   5.6402775E-04   4.7920632E-01   1.8188063E+00
   1.1812329E-01   4.3271043E-04   5.5956441E-01   1.8192006E+00
   1.2067882E-01  -1.9358992E-04   6.5360975E-01   1.8196203E+00
   1.2317521E-01   3.0845188E-04   7.5304359E-01   1.8200928E+00
   1.2565677E-01   5.2748364E-04   8.6369187E-01   1.8205937E+00
   1.2808296E-01   1.3712529E-03   9.6908879E-01   1.8211126E+00
   1.3063046E-01   2.6580580E-03   1.0733050E+00   1.8216044E+00
   1.3330534E-01  -1.4206059E-03   1.2712010E+00   1.8233576E+00
   1.3608257E-01   1.5505291E-04   1.3077983E+00   1.8234191E+00
   1.3880272E-01  -2.6739472E-05   1.4212990E+00   1.8237258E+00
   1.4145768E-01  -9.7708871E-06   1.5575682E+00   1.8245004E+00
   1.4413378E-01   7.8748551E-04   1.7005116E+00   1.8250686E+00
   1.4694366E-01   3.2394824E-03   1.7886152E+00   1.8250595E+00
   1.4976490E-01   1.9327060E-03   1.9934770E+00   1.8256117E+00
   1.5258262E-01   1.5606689E-03   2.0915647E+00   1.8256879E+00
   1.5529947E-01   6.5322360E-04   2.1813390E+00   1.8257844E+00
   1.5780553E-01   3.4698250E-03   2.4089499E+00   1.8265877E+00
   1.6006048E-01  -8.8550098E-04   2.4701974E+00   1.8267289E+00
   1.6242817E-01   1.4103854E-03   2.5401189E+00   1.8268821E+00
   1.6491424E-01   4.0942347E-03   2.7309268E+00   1.8279294E+00
   1.6747512E-01   6.1451271E-04   2.7935655E+00   1.8280449E+00
   1.6979505E-01   1.9184558E-03   2.9896915E+00   1.8292236E+00
   1.7223097E-01  -5.7880132E-04   3.0414801E+00   1.8294250E+00
   1.7469679E-01   1.6707722E-03   3.2244034E+00   1.8308803E+00
   1.7704624E-01   2.9093323E-03   3.3171725E+00   1.8315926E+00
   1.7935568E-01  -6.7385205E-04   3.3981552E+00   1.8319649E+00
   1.8178059E-01   1.1988392E-04   3.6033623E+00   1.8335339E+00
   1.8432675E-01   1.0390193E-03   3.6639423E+00   1.8336313E+00
   1.8700022E-01  -2.3471154E-03   3.8329849E+00   1.8342474E+00
   1.8980734E-01  -9.1822207E-05   3.9064486E+00   1.8343215E+00
   1.9264650E-01   2.9349052E-03   4.1183491E+00   1.8348083E+00
   1.9550014E-01   2.8486006E-04   4.2152891E+00   1.8347337E+00
   1.9836664E-01   2.0311531E-03   4.3637486E+00   1.8347191E+00
   2.0124316E-01   1.6182611E-03   4.4958954E+00   1.8343707E+00
   2.0412968E-01   3.8716919E-04   4.6257000E+00   1.8340682E+00
   2.0702463E-01   1.8246235E-04   4.7075100E+00   1.8339602E+00
   2.0978804E-01  -4.3472019E-04   4.8949380E+00   1.8341662E+00
   2.1231170E-01   1.5207874E-03   5.0149770E+00   1.8339453E+00
   2.1453975E-01   1.7401052E-03   5.0834503E+00   1.8338859E+00
   2.1655895E-01  -9.7474828E-04   5.1926732E+00   1.8338652E+00
   2.1843149E-01  -5.0060934E-04   5.2750883E+00   1.8340559E+00
   2.2039767E-01   4.8174773E-04   5.4420323E+00   1.8349054E+00
   2.2246215E-01  -5.7586622E-05   5.4662018E+00   1.8347133E+00
   2.2462985E-01   3.6033452E-04   5.5223026E+00   1.8342358E+00
   2.2690594E-01   2.5175116E-04   5.6265111E+00   1.8333046E+00
   2.2921027E-01  -2.3776293E-03   5.6776576E+00   1.8333391E+00
   2.3162982E-01   2.3311538E-04   5.8133302E+00   1.8333840E+00
   2.3417035E-01  -7.0806604E-04   5.8570409E+00   1.8332056E+00
   2.3683791E-01   1.8385086E-04   5.9643359E+00   1.8327737E+00
   2.3963884E-01   1.3850181E-03   6.0473642E+00   1.8324127E+00
   2.4223235E-01   3.3583166E-04   6.1185188E+00   1.8321332E+00
   2.4493673E-01  -2.5640624E-03   6.1721411E+00   1.8321645E+00
   2.4751313E-01  -1.7350852E-04   6.3063083E+00   1.8326120E+00
   2.5021833E-01   4.5580338E-04   6.3571634E+00   1.8324611E+00
   2.5305882E-01   1.5874546E-03   6.4262381E+00   1.8324425E+00
   2.5604132E-01   1.5365642E-03   6.5048199E+00   1.8324317E+00
   2.5888768E-01   2.8146601E-03   6.5778031E+00   1.8325011E+00
   2.6133633E-01   3.1398403E-04   6.6514688E+00   1.8326290E+00
   2.6366436E-01   1.0313745E-05   6.6863394E+00   1.8326381E+00
   2.6586816E-01  -1.1667401E-03   6.7787809E+00   1.8329252E+00
   2.6817921E-01  -3.6674992E-03   6.7912230E+00   1.8331136E+00
   2.7060577E-01   1.7006459E-03   6.8328581E+00   1.8332130E+00
   2.7315372E-01   1.3273467E-04   6.9079928E+00   1.8339188E+00
   2.7582902E-01  -6.5363362E-04   6.9377265E+00   1.8339511E+00
   2.7863809E-01  -6.7832955E-04   6.9653201E+00   1.8339633E+00
   2.8157696E-01  -2.2318604E-04   7.0286121E+00   1.8344060E+00
   2.8441471E-01  -1.7560812E-03   7.0531435E+00   1.8345528E+00
   2.8712648E-01   1.3348227E-03   7.0875797E+00   1.8349283E+00
   2.8973335E-01   3.9411994E-04   7.1176486E+00   1.8350426E+00
   2.9247057E-01  -4.0478315E-03   7.1293740E+00   1.8351309E+00
   2.9534468E-01   2.5725523E-03   7.1612186E+00   1.8357147E+00
   2.9810405E-01   3.9417160E-04   7.1637874E+00   1.8357648E+00
   3.0100137E-01  -1.6107975E-03   7.1795592E+00   1.8361714E+00
   3.0372897E-01  -3.8250084E-03   7.1936455E+00   1.8366570E+00
   3.0636945E-01   1.5634418E-03   7.1903453E+00   1.8369353E+00
   3.0914196E-01  -2.1083194E-03   7.1814957E+00   1.8375211E+00
   3.1199095E-01   1.1365489E-03   7.1817102E+00   1.8379830E+00
   3.1472775E-01  -1.6995302E-03   7.1697354E+00   1.8385397E+00
   3.1760138E-01   4.7421086E-04   7.1520801E+00   1.8390411E+00
   3.2059520E-01  -8.6420804E-04   7.1317120E+00   1.8394883E+00
   3.2342222E-01   4.3958129E-04   7.1060266E+00   1.8399625E+00
   3.2556400E-01  -4.8265858E-03   7.0737138E+00   1.8400607E+00
   3.2715696E-01  -4.9023777E-03   7.0528870E+00   1.8402096E+00
   3.2882956E-01  -6.1793514E-03   7.0563326E+00   1.8404267E+00
   3.3058578E-01  -3.5312062E-03   7.0165114E+00   1.8406774E+00
   3.3242983E-01   1.6316700E-03   6.9496784E+00   1.8409065E+00
   3.3436605E-01   1.5083350E-04   6.9451222E+00   1.8410434E+00
   3.3639911E-01   3.9251042E-03   6.9206343E+00   1.8412262E+00
   3.3853382E-01   8.2535646E-04   6.8770270E+00   1.8414391E+00
   3.4105694E-01  -1.9441372E-02   6.7606044E+00   1.8424209E+00
   3.4241390E-01  -7.6318881E-03   6.7758017E+00   1.8426497E+00
   3.4383872E-01  -4.6366812E-03   6.7414656E+00   1.8431108E+00
   3.4690562E-01   2.7532937E-04   6.6802254E+00   1.8436600E+00
   3.4855500E-01   4.0077460E-03   6.6670027E+00   1.8438423E+00
   3.5028687E-01   3.3842768E-03   6.6045661E+00   1.8442227E+00
   3.5210532E-01  -1.4467393E-03   6.4928713E+00   1.8445891E+00
   3.5401469E-01  -1.1381079E-02   6.4274187E+00   1.8449455E+00
   3.5601953E-01  -5.4505793E-03   6.4020581E+00   1.8452556E+00
   3.5812461E-01  -1.0488227E-03   6.3551788E+00   1.8455039E+00
   3.6032996E-01   1.6055768E-03   6.3015385E+00   1.8457080E+00
   3.6199442E-01   3.4963035E-03   6.2478848E+00   1.8458370E+00
   3.6374211E-01  -1.1354701E-02   6.1584315E+00   1.8461128E+00
   3.6503738E-01  -2.5382699E-03   6.0940557E+00   1.8462796E+00
   3.6639744E-01   1.0864235E-02   5.9881058E+00   1.8466026E+00
   3.6782551E-01   5.5167722E-03   5.9874287E+00   1.8466996E+00
   3.7089941E-01   1.7912325E-03   5.9497914E+00   1.8467802E+00
   3.7255257E-01  -9.0867849E-03   5.8782840E+00   1.8467306E+00
   3.7391922E-01   3.7745261E-03   5.7942433E+00   1.8466187E+00
   3.7482557E-01   7.4823475E-03   5.7149930E+00   1.8464092E+00
   3.7677646E-01   5.1198541E-03   5.6891503E+00   1.8462797E+00
   3.7892735E-01  -4.2842431E-03   5.6000051E+00   1.8460555E+00
   3.8060614E-01  -4.9914297E-04   5.5284114E+00   1.8458530E+00
   3.8245702E-01   3.5399126E-03   5.4693723E+00   1.8454955E+00
   3.8345245E-01  -2.3054152E-03   5.4644008E+00   1.8453883E+00
   3.8559505E-01   2.3973205E-03   5.3575993E+00   1.8448907E+00
   3.8727185E-01   5.2623353E-03   5.2673273E+00   1.8444359E+00
   3.8912052E-01   9.4898039E-04   5.1641383E+00   1.8439497E+00
   3.9115867E-01   8.4513221E-03   5.1125946E+00   1.8436168E+00
   3.9225480E-01   7.9947142E-03   5.0896254E+00   1.8435494E+00
   3.9461422E-01  -5.8070938E-03   4.9312220E+00   1.8433269E+00
   3.9588311E-01   1.1909113E-03   4.8933973E+00   1.8432491E+00
   3.9721546E-01   3.4316611E-03   4.8483181E+00   1.8431439E+00
   3.9861444E-01   2.4408412E-03   4.8026724E+00   1.8430002E+00
   4.0162569E-01   3.4778444E-03   4.6904125E+00   1.8425542E+00
   4.0324518E-01   4.6010958E-03   4.6328554E+00   1.8422685E+00
   4.0494564E-01   5.4489356E-03   4.5175037E+00   1.8416934E+00
   4.0624321E-01  -1.5056135E-05   4.4317045E+00   1.8413801E+00
   4.0760565E-01   5.0992975E-03   4.3672366E+00   1.8409384E+00
   4.0903622E-01   2.5259762E-03   4.3302474E+00   1.8406953E+00
   4.1053832E-01   5.1814904E-03   4.2863908E+00   1.8404883E+00
   4.1377160E-01   5.0104628E-03   4.1638875E+00   1.8400700E+00
   4.1540104E-01   7.3014912E-03   4.0526266E+00   1.8397306E+00
   4.1662636E-01   7.3150243E-03   3.9764185E+00   1.8395362E+00
   4.1791296E-01   6.2037697E-03   3.9313278E+00   1.8393445E+00
   4.1926390E-01   1.7180942E-03   3.8874805E+00   1.8391912E+00
   4.2217180E-01   6.0413992E-03   3.7575231E+00   1.8389494E+00
   4.2373568E-01   8.5945791E-03   3.6936557E+00   1.8388346E+00
   4.2536980E-01   9.9660419E-03   3.5775580E+00   1.8386004E+00
   4.2697990E-01   8.1504490E-03   3.5343165E+00   1.8384963E+00
   4.2857581E-01   7.8293961E-03   3.4551268E+00   1.8383496E+00
   4.3015039E-01   8.3642937E-03   3.3979175E+00   1.8382792E+00
   4.3166104E-01   6.1176787E-03   3.3053772E+00   1.8381897E+00
   4.3319055E-01   7.0273783E-03   3.2326739E+00   1.8381339E+00
   4.3468824E-01   7.1629682E-03   3.1568668E+00   1.8380724E+00
   4.3617263E-01   5.3724158E-03   3.0706010E+00   1.8380080E+00
   4.3913019E-01   5.6306166E-03   2.9520936E+00   1.8379349E+00
   4.4060236E-01   1.0391138E-02   2.8753436E+00   1.8379072E+00
   4.4206217E-01   1.3701583E-02   2.7738507E+00   1.8378719E+00
   4.4351408E-01   1.1364402E-02   2.7237954E+00   1.8378435E+00
   4.4497469E-01   2.0492587E-03   2.6749825E+00   1.8378092E+00
   4.4784600E-01  -2.6936941E-03   2.5414598E+00   1.8377625E+00
   4.4925305E-01   2.1273808E-03   2.4515069E+00   1.8377446E+00
   4.5063969E-01   7.7091251E-03   2.3697081E+00   1.8377354E+00
   4.5201081E-01   9.2769237E-03   2.2631137E+00   1.8377289E+00
   4.5336896E-01   5.3347815E-03   2.1995661E+00   1.8377188E+00
   4.5605826E-01   8.9338496E-03   2.1184206E+00   1.8377429E+00
   4.5739216E-01   1.0781368E-02   2.0559814E+00   1.8377855E+00
   4.5872051E-01   9.6873650E-03   1.9640768E+00   1.8378347E+00
   4.6136373E-01   1.5787521E-02   1.8152548E+00   1.8379028E+00
   4.6267995E-01   9.8905442E-03   1.7517442E+00   1.8378847E+00
   4.6399325E-01  -6.3880542E-03   1.7108608E+00   1.8378404E+00
   4.6661195E-01   1.3425227E-02   1.6148725E+00   1.8378042E+00
   4.6791765E-01   1.5814036E-02   1.5396281E+00   1.8378092E+00
   4.6922103E-01   1.0927456E-02   1.4596738E+00   1.8378016E+00
   4.7052211E-01   6.5066083E-03   1.3839248E+00   1.8377597E+00
   4.7311771E-01   8.0958279E-03   1.2281636E+00   1.8376261E+00
   4.7441247E-01   1.2131223E-02   1.1822994E+00   1.8376188E+00
   4.7570542E-01   1.1729412E-02   1.1139174E+00   1.8376615E+00
   4.7828677E-01   7.0073232E-03   9.8190159E-01   1.8378390E+00
   4.7957572E-01   6.9917575E-03   9.3887901E-01   1.8379009E+00
   4.8086405E-01   9.1840327E-03   9.0095168E-01   1.8379453E+00
   4.8343977E-01   9.9222427E-03   7.4584961E-01   1.8380233E+00
   4.8472750E-01   8.3339913E-03   6.8425876E-01   1.8380349E+00
   4.8601544E-01   6.8009011E-03   6.2506944E-01   1.8380378E+00
   4.8859280E-01   1.0340808E-02   4.9982107E-01   1.8380928E+00
   4.8988292E-01   1.4875099E-02   4.4951364E-01   1.8381387E+00
   4.9117419E-01   1.0146906E-02   4.1979697E-01   1.8381615E+00
   4.9376076E-01   1.1696305E-02   2.9464465E-01   1.8382866E+00
   4.9505636E-01   1.2766431E-02   2.0775372E-01   1.8383602E+00
   4.9635375E-01   1.0543606E-02   1.7008114E-01   1.8383837E+00
   4.9895519E-01   8.9838635E-03   8.5651865E-03   1.8385440E+00
   5.0026029E-01   5.8300691E-03  -6.0726099E-02   1.8387039E+00
   5.0156933E-01   2.7250322E-02  -1.0172229E-01   1.8388903E+00
   5.0418395E-01   7.3922062E-03  -1.9557771E-01   1.8392019E+00
   5.0551242E-01   1.2531352E-02  -2.5982091E-01   1.8394129E+00
   5.0685233E-01   3.3916580E-03  -2.6066533E-01   1.8396982E+00
   5.0820690E-01   5.1858299E-03  -3.2928997E-01   1.8398445E+00
   5.1096720E-01   1.1861705E-02  -4.8557258E-01   1.8401216E+00
   5.1236308E-01   8.6166132E-03  -5.4898614E-01   1.8403889E+00
   5.1433200E-01   1.3343615E-02  -6.1769897E-01   1.8407702E+00
   5.1539087E-01   1.8312630E-03  -6.3883454E-01   1.8408589E+00
   5.1767015E-01   5.4918076E-03  -7.5143611E-01   1.8415942E+00
   5.1889598E-01   4.7901031E-03  -7.5940394E-01   1.8416790E+00
   5.2153450E-01   9.3066534E-03  -8.6618334E-01   1.8420668E+00
   5.2289039E-01   1.1982563E-02  -9.2389590E-01   1.8421917E+00
   5.2424866E-01   3.3173920E-03  -9.7064239E-01   1.8422354E+00
   5.2560681E-01   1.3787916E-02  -1.0365452E+00   1.8422348E+00
   5.2831221E-01  -3.0477864E-03  -1.1196873E+00   1.8422017E+00
   5.2966636E-01   5.2062171E-03  -1.1471486E+00   1.8421937E+00
   5.3102249E-01   3.4022023E-04  -1.2188336E+00   1.8421646E+00
   5.3238106E-01  -1.9644614E-04  -1.2339456E+00   1.8421512E+00
   5.3510660E-01   1.7660562E-03  -1.3623250E+00   1.8420265E+00
   5.3647393E-01  -2.1701925E-03  -1.4210979E+00   1.8418697E+00
   5.3784454E-01   3.7101381E-03  -1.4787277E+00   1.8417085E+00
   5.3921866E-01   1.0918820E-02  -1.5398196E+00   1.8416218E+00
   5.4147846E-01   1.2333335E-02  -1.5858206E+00   1.8415519E+00
   5.4337609E-01   5.3130751E-03  -1.6443094E+00   1.8415349E+00
   5.4439664E-01   6.8973983E-03  -1.6508485E+00   1.8415259E+00
   5.4659343E-01   7.6168599E-03  -1.8199129E+00   1.8412346E+00
   5.4777485E-01   2.9990254E-03  -1.8496991E+00   1.8410455E+00
   5.5031788E-01   4.8503047E-03  -1.8610579E+00   1.8407463E+00
   5.5134279E-01   7.5773173E-03  -1.8715167E+00   1.8407108E+00
   5.5354905E-01   1.3855394E-02  -1.9344755E+00   1.8405252E+00
   5.5473554E-01   1.0609326E-02  -2.0172915E+00   1.8402421E+00
   5.5728948E-01   2.7564338E-03  -2.1168406E+00   1.8396769E+00
   5.5860859E-01  -5.2193552E-03  -2.1883533E+00   1.8392673E+00
   5.5999362E-01   2.0942001E-03  -2.2299671E+00   1.8389621E+00
   5.6144792E-01  -1.0574283E-03  -2.2825720E+00   1.8387161E+00
   5.6392485E-01   1.3033537E-02  -2.3536370E+00   1.8383863E+00
   5.6525695E-01   7.0904871E-03  -2.3769472E+00   1.8382223E+00
   5.6665564E-01   9.2355479E-03  -2.4320273E+00   1.8379699E+00
   5.6812292E-01  -1.7969406E-03  -2.4914310E+00   1.8377697E+00
   5.7057047E-01   5.2444491E-04  -2.6013074E+00   1.8371133E+00
   5.7188678E-01   5.3089736E-03  -2.6139786E+00   1.8368480E+00
   5.7472008E-01   8.2969517E-03  -2.7190719E+00   1.8360891E+00
   5.7624388E-01   2.8852636E-03  -2.7646086E+00   1.8358371E+00
   5.7779765E-01  -9.8965708E-03  -2.7674587E+00   1.8353796E+00
   5.7932931E-01  -1.7408313E-03  -2.8170013E+00   1.8350424E+00
   5.8084178E-01   1.4933801E-03  -2.8499119E+00   1.8347813E+00
   5.8232898E-01   1.0302110E-03  -2.9578004E+00   1.8343960E+00
   5.8373207E-01   6.8950555E-03  -3.0183070E+00   1.8341341E+00
   5.8658582E-01  -1.6430756E-03  -3.0670731E+00   1.8335719E+00
   5.8800226E-01   4.1908193E-03  -3.1579905E+00   1.8331590E+00
   5.8939964E-01   6.3962056E-03  -3.2405534E+00   1.8329054E+00
   5.9078592E-01   4.2583575E-03  -3.2685394E+00   1.8326353E+00
   5.9216613E-01  -1.5365017E-03  -3.3081558E+00   1.8324027E+00
   5.9488589E-01  -1.1350880E-02  -3.4074378E+00   1.8319736E+00
   5.9622717E-01   6.6275727E-03  -3.4766650E+00   1.8317208E+00
   5.9756112E-01  -4.0596901E-03  -3.5022101E+00   1.8314407E+00
   6.0020500E-01  -3.2362030E-03  -3.5490065E+00   1.8308954E+00
   6.0150641E-01  -7.7684678E-04  -3.6207204E+00   1.8306434E+00
   6.0280079E-01  -5.9928768E-03  -3.6912613E+00   1.8304162E+00
   6.0537916E-01  -1.6857694E-03  -3.7433906E+00   1.8300271E+00
   6.0664922E-01   2.0733420E-03  -3.7765291E+00   1.8298322E+00
   6.0792285E-01   1.8718954E-03  -3.8288081E+00   1.8295431E+00
   6.1051440E-01   1.5785582E-03  -3.9492064E+00   1.8290871E+00
   6.1181194E-01  -1.9286325E-03  -3.9803884E+00   1.8289269E+00
   6.1309719E-01  -4.1360329E-03  -3.9848862E+00   1.8287624E+00
   6.1565393E-01  -9.8029040E-03  -4.1029263E+00   1.8283606E+00
   6.1693722E-01  -9.0205930E-03  -4.1607280E+00   1.8281933E+00
   6.1821961E-01   7.9050176E-03  -4.1839843E+00   1.8280066E+00
   6.2075883E-01  -3.3045136E-03  -4.2176132E+00   1.8277152E+00
   6.2201732E-01  -4.4038417E-03  -4.2990103E+00   1.8275939E+00
   6.2327135E-01  -9.7782984E-03  -4.3634963E+00   1.8274628E+00
   6.2576306E-01  -3.5035110E-03  -4.4111662E+00   1.8272847E+00
   6.2699658E-01  -5.3429035E-03  -4.4231377E+00   1.8271548E+00
   6.2821811E-01  -1.7533236E-03  -4.4524827E+00   1.8271112E+00
   6.3062018E-01   1.0244825E-03  -4.6001348E+00   1.8268678E+00
   6.3180065E-01  -6.5418420E-04  -4.6242943E+00   1.8266696E+00
   6.3414282E-01  -4.3039820E-03  -4.6858768E+00   1.8264227E+00
   6.3537133E-01  -7.8910179E-03  -4.7117414E+00   1.8262712E+00
   6.3790369E-01  -3.8138479E-03  -4.8528666E+00   1.8261107E+00
   6.3915008E-01  -8.5771177E-03  -4.8641844E+00   1.8260916E+00
   6.4040726E-01  -1.1215849E-02  -4.8833199E+00   1.8260908E+00
   6.4284295E-01  -2.0204999E-03  -4.9028850E+00   1.8260761E+00
   6.4409137E-01  -4.9173119E-03  -4.9705896E+00   1.8259846E+00
   6.4533657E-01  -2.3807546E-03  -5.0077467E+00   1.8258941E+00
   6.4779878E-01  -9.2262570E-03  -5.1310568E+00   1.8257022E+00
   6.4902109E-01  -1.5939659E-02  -5.1373043E+00   1.8256416E+00
   6.5141612E-01  -4.8807496E-03  -5.1939797E+00   1.8255030E+00
   6.5260535E-01  -7.8576971E-03  -5.2392516E+00   1.8254161E+00
   6.5497577E-01  -9.0790084E-03  -5.3132410E+00   1.8252511E+00
   6.5615481E-01  -9.2039146E-03  -5.3197513E+00   1.8252250E+00
   6.5733504E-01  -1.2982987E-02  -5.3354964E+00   1.8251362E+00
   6.5970951E-01  -7.2471192E-03  -5.3573666E+00   1.8250544E+00
   6.6091084E-01  -8.4547438E-03  -5.4341650E+00   1.8249581E+00
   6.6335887E-01  -2.9488506E-03  -5.5781636E+00   1.8247728E+00
   6.6457939E-01  -4.7431383E-03  -5.5794706E+00   1.8247026E+00
   6.6697985E-01  -7.8603197E-03  -5.5880337E+00   1.8246642E+00
   6.6816229E-01  -7.1943090E-03  -5.5573106E+00   1.8246418E+00
   6.6938436E-01  -8.9165000E-03  -5.6571255E+00   1.8245423E+00
   6.7181891E-01  -1.8125515E-03  -5.7747636E+00   1.8243570E+00
   6.7302001E-01  -7.4796705E-03  -5.8129792E+00   1.8243389E+00
   6.7533374E-01  -6.4995908E-03  -5.8338861E+00   1.8244087E+00
   6.7640322E-01  -6.8946024E-03  -5.8544655E+00   1.8244153E+00
   6.7851347E-01  -1.5733555E-02  -5.8435345E+00   1.8244092E+00
   6.8051380E-01  -2.9991954E-03  -5.9400892E+00   1.8243539E+00
   6.8158960E-01  -2.9791195E-03  -5.9923482E+00   1.8243009E+00
   6.8385476E-01  -7.5016478E-03  -6.1134005E+00   1.8243399E+00
   6.8492645E-01  -7.1953642E-03  -6.0969348E+00   1.8243622E+00
   6.8697244E-01  -3.3728771E-03  -6.1108966E+00   1.8244076E+00
   6.8902194E-01  -8.1237806E-03  -6.1193986E+00   1.8242488E+00
   6.9012421E-01  -9.6670594E-03  -6.1735439E+00   1.8242223E+00
   6.9242299E-01  -1.3549535E-02  -6.2204227E+00   1.8243788E+00
   6.9356155E-01   5.9372499E-03  -6.2621584E+00   1.8245872E+00
   6.9566244E-01  -4.3204008E-03  -6.2653322E+00   1.8248981E+00
   6.9767368E-01   3.2271016E-03  -6.2814665E+00   1.8249707E+00
   6.9867134E-01   1.8449203E-03  -6.2850132E+00   1.8249527E+00
   7.0071596E-01  -1.3366063E-02  -6.2941861E+00   1.8248763E+00
   7.0296240E-01  -3.3022573E-03  -6.4539542E+00   1.8248132E+00
   7.0410258E-01  -3.0787822E-03  -6.4463286E+00   1.8248304E+00
   7.0628649E-01  -2.2861898E-04  -6.4239445E+00   1.8248267E+00
   7.0733076E-01  -1.1675796E-02  -6.4404387E+00   1.8247861E+00
   7.0939147E-01  -1.4029156E-02  -6.4658399E+00   1.8245822E+00
   7.1144128E-01  -4.1454262E-03  -6.4901552E+00   1.8244461E+00
   7.1247089E-01  -1.9260391E-03  -6.5070825E+00   1.8243897E+00
   7.1457916E-01   5.6329707E-04  -6.5311451E+00   1.8242763E+00
   7.1569544E-01  -7.0129372E-03  -6.5675807E+00   1.8242660E+00
   7.1796691E-01   1.8542892E-03  -6.6612744E+00   1.8240556E+00
   7.1910542E-01  -4.5162888E-04  -6.6571121E+00   1.8239924E+00
   7.2131395E-01  -1.0651548E-02  -6.6348772E+00   1.8235196E+00
   7.2347158E-01  -1.0315752E-02  -6.6634021E+00   1.8232902E+00
   7.2454703E-01  -7.1234377E-03  -6.6823688E+00   1.8231444E+00
   7.2668850E-01  -7.0386026E-03  -6.6962013E+00   1.8230479E+00
   7.2776562E-01   4.1655989E-05  -6.7732797E+00   1.8228118E+00
   7.2990865E-01  -4.9536726E-03  -6.7046223E+00   1.8224427E+00
   7.3209590E-01  -3.9862073E-03  -6.7462258E+00   1.8217522E+00
   7.3322272E-01  -2.0503053E-03  -6.7824669E+00   1.8216426E+00
   7.3540592E-01   3.7649276E-03  -6.7783484E+00   1.8210316E+00
   7.3649347E-01   1.9513058E-03  -6.8033743E+00   1.8209211E+00
   7.3864669E-01  -6.6043567E-03  -6.8283920E+00   1.8204967E+00
   7.3974127E-01  -1.1692658E-03  -6.7849836E+00   1.8203923E+00
   7.4191916E-01  -1.6064190E-03  -6.7615881E+00   1.8199801E+00
   7.4409717E-01   1.5479245E-03  -6.7761941E+00   1.8192868E+00
   7.4518806E-01   1.4211422E-02  -6.7583785E+00   1.8191521E+00
   7.4730849E-01   4.5667091E-04  -6.8041091E+00   1.8186617E+00
   7.4833977E-01  -3.3893913E-03  -6.8161654E+00   1.8185308E+00
   7.5040513E-01  -2.1986947E-03  -6.8477273E+00   1.8181340E+00
   7.5254518E-01   2.6959400E-03  -6.7506609E+00   1.8179554E+00
   7.5366402E-01   5.1179007E-03  -6.7422595E+00   1.8178805E+00
   7.5592577E-01   5.6112036E-03  -6.7207484E+00   1.8174863E+00
   7.5699621E-01   7.0097139E-03  -6.7409368E+00   1.8171095E+00
   7.5908744E-01   2.3487404E-02  -6.7307167E+00   1.8161381E+00
   7.6115048E-01   6.7380643E-03  -6.7461681E+00   1.8154408E+00
   7.6217717E-01   2.9923578E-03  -6.7431607E+00   1.8152305E+00
   7.6424068E-01  -3.8118670E-03  -6.6553106E+00   1.8146160E+00
   7.6535046E-01   1.6482327E-03  -6.6637421E+00   1.8144720E+00
   7.6762539E-01   6.5565687E-03  -6.6045179E+00   1.8139079E+00
   7.6976532E-01   8.0909120E-04  -6.5790911E+00   1.8132758E+00
   7.7080822E-01   2.8713103E-03  -6.5583301E+00   1.8128214E+00
   7.7287996E-01   9.7936410E-03  -6.6210084E+00   1.8123676E+00
   7.7396667E-01   7.8031230E-03  -6.5715594E+00   1.8121536E+00
   7.7611589E-01   4.4018584E-03  -6.4412937E+00   1.8118334E+00
   7.7836871E-01   1.3513302E-03  -6.4273777E+00   1.8116170E+00
   7.7948171E-01   6.3186372E-03  -6.4280505E+00   1.8114431E+00
   7.8165567E-01   1.2821341E-03  -6.3871827E+00   1.8111986E+00
   7.8273904E-01  -5.6832181E-05  -6.3673763E+00   1.8111353E+00
   7.8491449E-01   6.0634203E-03  -6.3319921E+00   1.8109102E+00
   7.8606260E-01   3.6217745E-03  -6.2767854E+00   1.8107653E+00
   7.8832078E-01   4.2216843E-03  -6.2311816E+00   1.8106385E+00
   7.8942120E-01   8.0232654E-04  -6.1910248E+00   1.8106178E+00
   7.9176551E-01   3.9220527E-03  -6.1299701E+00   1.8105820E+00
   7.9295278E-01   4.8921658E-03  -6.0876160E+00   1.8105923E+00
   7.9518884E-01   6.8700351E-03  -6.0490384E+00   1.8106194E+00
   7.9627591E-01   7.6257861E-03  -6.0175843E+00   1.8106672E+00
   7.9848981E-01   4.4869594E-03  -6.0043726E+00   1.8106947E+00
   7.9958761E-01   6.8999450E-03  -5.9239740E+00   1.8107246E+00
   8.0184257E-01   6.0896701E-03  -5.8269672E+00   1.8107592E+00
   8.0411261E-01  -1.7076182E-03  -5.7360415E+00   1.8107800E+00
   8.0525100E-01  -4.0025334E-04  -5.7583008E+00   1.8107847E+00
   8.0743498E-01  -6.5714447E-03  -5.7451067E+00   1.8107992E+00
   8.0850613E-01   1.4237466E-03  -5.6707168E+00   1.8108217E+00
   8.1066483E-01   4.2694742E-03  -5.6044092E+00   1.8108279E+00
   8.1177676E-01   1.0927807E-02  -5.4893999E+00   1.8108063E+00
   8.1399947E-01   7.7377460E-03  -5.3887501E+00   1.8107370E+00
   8.1510013E-01   6.7860130E-03  -5.3752680E+00   1.8107383E+00
   8.1728333E-01  -2.1716014E-03  -5.3460217E+00   1.8107760E+00
   8.1944454E-01   7.8896957E-04  -5.2782974E+00   1.8107828E+00
   8.2051468E-01   2.4534040E-03  -5.2339334E+00   1.8107746E+00
   8.2261807E-01   1.7926559E-03  -5.1564384E+00   1.8107570E+00
   8.2365829E-01   9.2786057E-03  -5.1486397E+00   1.8107437E+00
   8.2582569E-01   8.1448042E-04  -4.9732656E+00   1.8107122E+00
   8.2790375E-01  -6.1284495E-03  -4.8966727E+00   1.8106128E+00
   8.2897848E-01  -2.5652635E-03  -4.8417144E+00   1.8105689E+00
   8.3106494E-01  -4.2678765E-03  -4.8093610E+00   1.8105351E+00
   8.3218706E-01   5.3593186E-03  -4.7502007E+00   1.8104968E+00
   8.3447289E-01   4.5869090E-03  -4.6353645E+00   1.8104486E+00
   8.3561838E-01   7.3446971E-03  -4.6144857E+00   1.8104424E+00
   8.3780479E-01   1.8862227E-02  -4.5456696E+00   1.8104565E+00
   8.4000826E-01   2.9108375E-03  -4.3145843E+00   1.8104929E+00
   8.4111989E-01   1.8357000E-03  -4.2905660E+00   1.8105073E+00
   8.4338289E-01   2.3859849E-03  -4.1906319E+00   1.8106027E+00
   8.4451187E-01   5.9674769E-03  -4.1609402E+00   1.8106548E+00
   8.4676701E-01   1.2304759E-02  -4.0328898E+00   1.8108772E+00
   8.4785330E-01   5.5212956E-03  -3.9615448E+00   1.8110651E+00
   8.4996223E-01   6.7135794E-03  -3.9313872E+00   1.8112286E+00
   8.5100830E-01  -1.5683586E-02  -3.8306813E+00   1.8115431E+00
   8.5310411E-01   1.0175175E-02  -3.7110016E+00   1.8119012E+00
   8.5523260E-01   4.6930709E-06  -3.6503522E+00   1.8123801E+00
   8.5631722E-01   5.8195094E-04  -3.5688589E+00   1.8125981E+00
   8.5855794E-01   1.0351790E-02  -3.4640236E+00   1.8129525E+00
   8.5969889E-01   9.8450594E-03  -3.4193084E+00   1.8130473E+00
   8.6194736E-01   1.7603050E-03  -3.1972115E+00   1.8135971E+00
   8.6302036E-01   6.3534938E-03  -3.1301689E+00   1.8139455E+00
   8.6513877E-01   9.3666855E-03  -3.0352468E+00   1.8145673E+00
   8.6725408E-01   5.1169684E-03  -2.9466529E+00   1.8149105E+00
   8.6830562E-01   6.0488554E-03  -2.8880174E+00   1.8151526E+00
   8.7039167E-01   6.5986341E-04  -2.8021071E+00   1.8153522E+00
   8.7248409E-01   1.2722826E-02  -2.6824124E+00   1.8158461E+00
   8.7360126E-01   1.5323001E-02  -2.5614946E+00   1.8161286E+00
   8.7582487E-01   6.4492221E-03  -2.3761680E+00   1.8166379E+00
   8.7693143E-01   7.8785740E-04  -2.3266366E+00   1.8167125E+00
   8.7911397E-01  -2.7257807E-03  -2.2269893E+00   1.8169852E+00
   8.8017410E-01   3.2797521E-03  -2.1875265E+00   1.8170757E+00
   8.8228327E-01   6.5457732E-03  -2.0455523E+00   1.8173331E+00
   8.8438535E-01   6.4677303E-03  -1.9532491E+00   1.8174690E+00
   8.8542986E-01  -3.0672578E-03  -1.8395507E+00   1.8176613E+00
   8.8750416E-01   1.5146268E-02  -1.6818353E+00   1.8178673E+00
   8.8955581E-01   1.5355458E-02  -1.6249034E+00   1.8179610E+00
   8.9056987E-01   1.2600261E-02  -1.5383099E+00   1.8180176E+00
   8.9268231E-01   3.6827952E-03  -1.3801082E+00   1.8180040E+00
   8.9486355E-01   1.5377236E-02  -1.3277225E+00   1.8180372E+00
   8.9595902E-01   1.3283291E-02  -1.2463861E+00   1.8180596E+00
   8.9814407E-01   8.6739007E-03  -1.1214070E+00   1.8180825E+00
   8.9920574E-01   1.6915847E-02  -1.0845734E+00   1.8180854E+00
   9.0131319E-01   1.1282921E-02  -9.3943632E-01   1.8181225E+00
   9.0343046E-01   1.3204229E-02  -7.2148591E-01   1.8182923E+00
   9.0448993E-01   7.2836527E-03  -6.9615644E-01   1.8183227E+00
   9.0659237E-01   1.0152223E-02  -6.0559916E-01   1.8183051E+00
   9.0763444E-01   1.0697919E-02  -5.8011705E-01   1.8182044E+00
   9.0970123E-01   1.0974724E-02  -5.0373197E-01   1.8179585E+00
   9.1173875E-01   1.6665621E-02  -4.2250061E-01   1.8178287E+00
   9.1275698E-01   1.0126260E-02  -3.8263416E-01   1.8178359E+00
   9.1488028E-01   5.4917228E-03  -1.3859387E-01   1.8180302E+00
   9.1702831E-01   4.1642670E-02   1.6445291E-03   1.8181607E+00
   9.1810125E-01   3.4497708E-02   3.8483012E-02   1.8181252E+00
   9.2023981E-01   1.8154487E-02   1.0933464E-01   1.8177694E+00
   9.2129815E-01   1.5773622E-02   1.3156970E-01   1.8177160E+00
   9.2339581E-01   1.7231673E-03   2.3434068E-01   1.8176101E+00
   9.2550063E-01   9.9658323E-03   3.9301401E-01   1.8176101E+00
   9.2655164E-01   1.2348638E-02   4.3404508E-01   1.8176340E+00
   9.2864066E-01   1.1823493E-02   5.9703732E-01   1.8177477E+00
   9.3071079E-01   2.9895125E-02   6.5871322E-01   1.8177439E+00
   9.3174011E-01   3.1280972E-02   6.9602364E-01   1.8177397E+00
   9.3379140E-01   1.2351609E-02   8.3208883E-01   1.8176421E+00
   9.3583709E-01   9.1322083E-03   8.9494532E-01   1.8175926E+00
   9.3685544E-01  -2.2683630E-03   1.0225154E+00   1.8176382E+00
   9.3888086E-01   2.6834721E-03   1.0615597E+00   1.8176869E+00
   9.4093090E-01   1.6139635E-03   1.1245321E+00   1.8176991E+00
   9.4201964E-01   6.3421316E-03   1.1727746E+00   1.8176570E+00
   9.4415194E-01  -2.0282581E-03   1.3458242E+00   1.8175023E+00
   9.4619352E-01   5.2153352E-03   1.4209466E+00   1.8175623E+00
   9.4721353E-01   7.4317013E-03   1.4556953E+00   1.8175743E+00
   9.4933242E-01   1.5060583E-02   1.6039811E+00   1.8175731E+00
   9.5038825E-01   1.6376931E-02   1.6209369E+00   1.8175635E+00
   9.5250678E-01  -7.4962531E-03   1.7373469E+00   1.8175273E+00
   9.5467097E-01  -4.7559105E-03   1.7903650E+00   1.8174587E+00
   9.5574677E-01  -4.6524350E-03   1.8123500E+00   1.8174429E+00
   9.5788151E-01  -3.8823294E-03   1.9100957E+00   1.8174495E+00
   9.5999074E-01  -1.9344504E-03   2.0152340E+00   1.8176279E+00
   9.6103781E-01   1.0948243E-02   2.0858886E+00   1.8178234E+00
   9.6312767E-01   1.6971081E-03   2.2186556E+00   1.8181351E+00
   9.6416610E-01   2.1321939E-03   2.2418339E+00   1.8182012E+00
   9.6622229E-01   3.2975369E-03   2.3094776E+00   1.8183728E+00
   9.6825683E-01   8.8804504E-03   2.4437964E+00   1.8185339E+00
   9.6926874E-01   5.4153311E-03   2.4643300E+00   1.8185886E+00
   9.7128731E-01   1.0318347E-02   2.5075521E+00   1.8188341E+00
   9.7331846E-01   6.9492371E-03   2.6310530E+00   1.8191285E+00
   9.7536856E-01   6.2531903E-03   2.6989746E+00   1.8191751E+00
   9.7639412E-01   1.0428728E-02   2.7364943E+00   1.8192286E+00
   9.7843772E-01  -9.1039045E-03   2.8384919E+00   1.8193756E+00
   9.8048341E-01  -1.8228660E-03   2.9781513E+00   1.8198267E+00
   9.8150724E-01  -6.3852086E-03   2.9919522E+00   1.8199483E+00
   9.8355675E-01  -3.8349705E-03   3.0479670E+00   1.8200909E+00
   9.8562318E-01  -6.0284603E-04   3.1433318E+00   1.8203065E+00
   9.8666286E-01  -3.4090562E-03   3.1571991E+00   1.8203704E+00
   9.8874927E-01  -8.0887778E-03   3.2650869E+00   1.8207171E+00
   9.8979205E-01  -4.9473629E-03   3.2790709E+00   1.8208729E+00
   9.9187690E-01  -1.5174740E-02   3.3803101E+00   1.8212454E+00
   9.9397153E-01  -1.1425597E-02   3.4490941E+00   1.8214625E+00
   9.9501854E-01  -1.2728292E-02   3.4624052E+00   1.8215170E+00
   9.9711186E-01  -1.3153521E-02   3.5127697E+00   1.8216630E+00
   9.9921745E-01  -1.9714985E-02   3.6868157E+00   1.8221004E+00
   1.0002762E+00  -1.5669690E-02   3.7028623E+00   1.8224307E+00
   1.0023997E+00  -8.0982586E-03   3.7881277E+00   1.8230047E+00
   1.0045241E+00  -8.0859018E-03   3.8604851E+00   1.8233106E+00
   1.0055888E+00   3.6430263E-03   3.8863695E+00   1.8234572E+00
   1.0077314E+00  -8.9628408E-03   3.8987188E+00   1.8236572E+00
   1.0088590E+00  -2.1536203E-02   3.9495945E+00   1.8238212E+00
   1.0111201E+00  -7.8523345E-03   4.0549707E+00   1.8240843E+00
   1.0121691E+00  -9.6858907E-03   4.1138792E+00   1.8243949E+00
   1.0142342E+00  -1.6266625E-02   4.1796112E+00   1.8248732E+00
   1.0163770E+00  -1.1661683E-02   4.2498364E+00   1.8252872E+00
   1.0174874E+00  -1.2975026E-02   4.2736568E+00   1.8253866E+00
   1.0197533E+00  -5.5572283E-03   4.3246150E+00   1.8257129E+00
   1.0208950E+00  -1.0254877E-02   4.3653808E+00   1.8260449E+00
   1.0230217E+00  -1.5354519E-02   4.4552875E+00   1.8264533E+00
   1.0241566E+00  -1.8945999E-03   4.4914813E+00   1.8268130E+00
   1.0263560E+00  -1.1481526E-02   4.5478401E+00   1.8273636E+00
   1.0274863E+00  -1.3201531E-03   4.5937204E+00   1.8276116E+00
   1.0297372E+00  -3.4557595E-03   4.6498156E+00   1.8282639E+00
   1.0319768E+00   1.3918867E-03   4.6973591E+00   1.8286661E+00
   1.0330929E+00  -4.9675950E-03   4.7195873E+00   1.8289169E+00
   1.0353189E+00  -4.7523011E-03   4.7616148E+00   1.8293056E+00
   1.0364292E+00  -6.8880501E-03   4.8074975E+00   1.8296500E+00
   1.0386454E+00   2.7343691E-03   4.9006071E+00   1.8302325E+00
   1.0397528E+00  -2.0555486E-03   4.9396520E+00   1.8305198E+00
   1.0419682E+00  -1.5335084E-02   4.9311852E+00   1.8310342E+00
   1.0430770E+00  -2.1198131E-02   4.9631395E+00   1.8312556E+00
   1.0452981E+00  -1.4614600E-02   5.0018892E+00   1.8315825E+00
   1.0464107E+00   3.5004687E-04   5.0469923E+00   1.8318474E+00
   1.0486397E+00  -8.6263623E-03   5.0570483E+00   1.8320708E+00
   1.0497656E+00  -3.7204293E-03   5.0899463E+00   1.8324090E+00
   1.0520393E+00   7.7193547E-03   5.1636977E+00   1.8329306E+00
   1.0540138E+00  -1.1424262E-02   5.2274132E+00   1.8335743E+00
   1.0550275E+00   4.3817475E-03   5.2183905E+00   1.8339275E+00
   1.0572091E+00  -1.2335518E-03   5.2826786E+00   1.8341759E+00
   1.0593657E+00  -3.5030504E-03   5.3256645E+00   1.8344111E+00
   1.0604262E+00  -2.1577452E-03   5.3103232E+00   1.8345910E+00
   1.0625623E+00   1.1330980E-04   5.3573804E+00   1.8350052E+00
   1.0636519E+00  -6.5734196E-03   5.4127626E+00   1.8353221E+00
   1.0658052E+00   2.0384145E-04   5.3982606E+00   1.8353937E+00
   1.0669553E+00   3.4794821E-03   5.4183564E+00   1.8354394E+00
   1.0688748E+00   1.7530782E-02   5.4680424E+00   1.8354311E+00
   1.0707868E+00  -4.7752363E-04   5.5190077E+00   1.8356590E+00
   1.0728948E+00   1.5216865E-02   5.5719376E+00   1.8358320E+00
   1.0738764E+00   2.3095498E-02   5.5705504E+00   1.8358305E+00
   1.0757920E+00   1.3779132E-02   5.5614529E+00   1.8357358E+00
   1.0778440E+00   9.0668648E-03   5.5589466E+00   1.8356295E+00
   1.0789477E+00  -1.4602195E-03   5.5612040E+00   1.8356471E+00
   1.0813187E+00  -6.9496525E-03   5.6213851E+00   1.8358105E+00
   1.0825230E+00   2.4431005E-02   5.6752758E+00   1.8358920E+00
   1.0848858E+00   1.7782502E-03   5.6893916E+00   1.8360022E+00
   1.0860633E+00   5.4894034E-03   5.6842036E+00   1.8360068E+00
   1.0884303E+00  -3.1097149E-03   5.7026043E+00   1.8359239E+00
   1.0896204E+00  -3.4661361E-04   5.7532430E+00   1.8358366E+00
   1.0908121E+00   1.4547032E-02   5.7782407E+00   1.8358774E+00
   1.0931929E+00   9.1947699E-03   5.7838764E+00   1.8359833E+00
   1.0943336E+00   4.5378655E-04   5.7739391E+00   1.8360144E+00
   1.0966400E+00   2.7682786E-04   5.8117380E+00   1.8359073E+00
   1.0978460E+00   8.0432221E-03   5.8240981E+00   1.8358977E+00
   1.1002632E+00   7.2029862E-03   5.8402061E+00   1.8359367E+00
   1.1013764E+00   9.8589091E-03   5.8681908E+00   1.8359642E+00
   1.1035180E+00  -1.2342048E-02   5.8082209E+00   1.8360215E+00
   1.1046586E+00  -9.0406202E-03   5.8445554E+00   1.8360287E+00
   1.1070920E+00   6.8682013E-03   5.9050832E+00   1.8360560E+00
   1.1082810E+00  -7.9690991E-03   5.9184542E+00   1.8360670E+00
   1.1106277E+00   2.0073967E-03   5.9098973E+00   1.8360927E+00
   1.1116782E+00  -2.5031581E-03   5.9094353E+00   1.8361080E+00
   1.1137506E+00   1.9606650E-02   5.9322929E+00   1.8359627E+00
   1.1148651E+00   1.4064569E-02   5.9405160E+00   1.8358949E+00
   1.1172395E+00  -1.5301585E-02   5.9497371E+00   1.8355343E+00
   1.1184475E+00  -1.3529815E-03   5.9615760E+00   1.8354723E+00
   1.1208712E+00   9.0993289E-03   5.9840899E+00   1.8354876E+00
   1.1221385E+00   1.1080823E-02   5.9935999E+00   1.8354820E+00
   1.1234692E+00   3.0071295E-03   6.0087318E+00   1.8354508E+00
   1.1262361E+00   1.4709039E-02   6.0404758E+00   1.8353093E+00
   1.1276630E+00  -8.5196010E-04   6.0026121E+00   1.8352654E+00
   1.1289847E+00   7.7193696E-03   6.0001211E+00   1.8352450E+00
   1.1303725E+00   5.0201425E-03   6.0534439E+00   1.8351908E+00
   1.1328483E+00   5.2337269E-03   6.0271831E+00   1.8350629E+00
   1.1341797E+00   1.5639733E-03   5.9926624E+00   1.8350304E+00
   1.1364036E+00   8.8878851E-03   6.0382171E+00   1.8350450E+00
   1.1375996E+00   3.7067495E-03   6.0513282E+00   1.8350596E+00
   1.1388555E+00   1.0265288E-02   6.0850391E+00   1.8351139E+00
   1.1414638E+00   8.8227779E-04   6.0274363E+00   1.8351523E+00
   1.1428665E+00   1.3267612E-02   6.0683794E+00   1.8351632E+00
   1.1443000E+00   1.3900395E-02   6.0666008E+00   1.8351877E+00
   1.1456417E+00   1.8462125E-02   6.0475693E+00   1.8352216E+00
   1.1483366E+00  -4.4997013E-03   6.0131826E+00   1.8352189E+00
   1.1497860E+00   6.6712569E-03   6.0464125E+00   1.8351939E+00
   1.1512413E+00   3.7281122E-03   6.0675464E+00   1.8351825E+00
   1.1527032E+00  -1.0520564E-03   6.0396652E+00   1.8352190E+00
   1.1541568E+00   1.0416743E-02   6.0543056E+00   1.8353674E+00
   1.1570717E+00  -2.3548431E-03   6.0097408E+00   1.8357280E+00
   1.1583946E+00  -4.2967624E-03   6.0490732E+00   1.8358554E+00
   1.1596113E+00   1.2989049E-02   6.0248570E+00   1.8361019E+00
   1.1621845E+00   1.4861098E-02   5.9974403E+00   1.8362495E+00
   1.1635447E+00   1.6786125E-02   6.0201659E+00   1.8363060E+00
   1.1649729E+00  -4.8757857E-03   6.0020347E+00   1.8363743E+00
   1.1664455E+00   1.0858695E-03   6.0299582E+00   1.8364305E+00
   1.1679260E+00   7.8465454E-03   6.0238314E+00   1.8365192E+00
   1.1694803E+00   1.7113959E-02   5.9828382E+00   1.8366799E+00
   1.1722939E+00   9.7723501E-03   6.0062175E+00   1.8369752E+00
   1.1737481E+00   1.0834140E-02   5.9553151E+00   1.8372729E+00
   1.1752752E+00   1.5245694E-02   5.9436913E+00   1.8373784E+00
   1.1768289E+00   1.6309381E-02   5.9672546E+00   1.8375264E+00
   1.1784425E+00   9.9418396E-03   5.9471273E+00   1.8376701E+00
   1.1800561E+00   1.3219783E-02   5.9500518E+00   1.8377315E+00
   1.1817504E+00   2.9925073E-03   5.9362760E+00   1.8378292E+00
   1.1835294E+00   8.5709831E-03   5.9424958E+00   1.8379833E+00
   1.1850730E+00   1.1165948E-02   5.9066758E+00   1.8381970E+00
   1.1878707E+00   1.2074291E-02   5.8598399E+00   1.8384421E+00
   1.1892328E+00   8.2756151E-03   5.8747935E+00   1.8386061E+00
   1.1906630E+00   1.0995920E-02   5.8258276E+00   1.8387446E+00
   1.1921647E+00   1.2546974E-02   5.7885308E+00   1.8388784E+00
   1.1937414E+00   1.4456028E-02   5.8066115E+00   1.8389640E+00
   1.1953632E+00   1.1318155E-02   5.8181376E+00   1.8390906E+00
   1.1984200E+00   1.1256732E-02   5.7654052E+00   1.8393644E+00
   1.1995442E+00   1.4507727E-02   5.7541614E+00   1.8395191E+00
   1.2007245E+00   1.2782074E-02   5.7202735E+00   1.8396792E+00
   1.2032652E+00   1.1561817E-02   5.6878428E+00   1.8399484E+00
   1.2045604E+00   1.5608247E-02   5.6601367E+00   1.8400702E+00
   1.2059205E+00   1.4361876E-02   5.6539097E+00   1.8401836E+00
   1.2073485E+00   1.5782427E-02   5.6567183E+00   1.8402910E+00
   1.2104223E+00   9.6333148E-03   5.6020980E+00   1.8405081E+00
   1.2117754E+00   1.5487380E-02   5.5417795E+00   1.8408008E+00
   1.2127193E+00   1.7532241E-02   5.5260382E+00   1.8410047E+00
   1.2145575E+00   1.5146955E-02   5.5263596E+00   1.8414596E+00
   1.2165842E+00   2.2185100E-02   5.5124049E+00   1.8417382E+00
   1.2176741E+00   2.8474024E-02   5.4475775E+00   1.8418918E+00
   1.2200202E+00   6.3096867E-03   5.4500418E+00   1.8421956E+00
   1.2212820E+00   8.7641757E-03   5.4471402E+00   1.8423243E+00
   1.2237377E+00   2.1176687E-02   5.3666048E+00   1.8426774E+00
   1.2249252E+00   1.7852893E-02   5.3409076E+00   1.8428884E+00
   1.2261720E+00   9.2443675E-03   5.3425918E+00   1.8430457E+00
   1.2285750E+00   1.4174125E-02   5.2448936E+00   1.8435959E+00
   1.2302960E+00   1.3954611E-02   5.2549534E+00   1.8437374E+00
   1.2321935E+00   1.5413268E-02   5.2355204E+00   1.8438567E+00
   1.2332139E+00   1.4112571E-02   5.2250528E+00   1.8439007E+00
   1.2354103E+00   1.3531300E-02   5.1756449E+00   1.8439912E+00
   1.2365917E+00   1.3280127E-02   5.1637511E+00   1.8440044E+00
   1.2391344E+00   1.5520723E-02   5.1181469E+00   1.8440557E+00
   1.2405019E+00   1.5045570E-02   5.0372176E+00   1.8441283E+00
   1.2419378E+00   1.2213086E-02   4.9364667E+00   1.8441516E+00
   1.2434454E+00   1.2709022E-02   4.9462266E+00   1.8441348E+00
   1.2450284E+00   1.3993644E-02   4.9350200E+00   1.8440934E+00
   1.2466906E+00   1.0684036E-02   4.8808966E+00   1.8439900E+00
   1.2484359E+00   9.5251650E-03   4.8688383E+00   1.8439388E+00
   1.2500271E+00   1.1361601E-02   4.8523979E+00   1.8438624E+00
   1.2532350E+00   1.4150915E-02   4.7365313E+00   1.8436949E+00
   1.2549064E+00   1.2250886E-02   4.6720748E+00   1.8436073E+00
   1.2564116E+00   1.3370804E-02   4.6293235E+00   1.8435469E+00
   1.2579918E+00   8.7473728E-03   4.5633001E+00   1.8434626E+00
   1.2596269E+00   1.0716458E-02   4.5347886E+00   1.8434070E+00
   1.2612809E+00   9.5362291E-03   4.4997878E+00   1.8433414E+00
   1.2627605E+00   9.9140294E-03   4.4116201E+00   1.8431758E+00
   1.2643142E+00   1.1422252E-02   4.3755722E+00   1.8431023E+00
   1.2659456E+00   1.1058968E-02   4.3422318E+00   1.8429831E+00
   1.2675595E+00   1.1290989E-02   4.3184495E+00   1.8429095E+00
   1.2691550E+00   1.1898052E-02   4.2493176E+00   1.8427955E+00
   1.2707375E+00   9.7680874E-03   4.2028732E+00   1.8427024E+00
   1.2722968E+00   9.9070938E-03   4.1510477E+00   1.8425813E+00
   1.2753503E+00   7.1901716E-03   4.0085044E+00   1.8422999E+00
   1.2768626E+00   6.6917166E-03   3.9729836E+00   1.8421940E+00
   1.2783604E+00   5.4478757E-03   3.8990278E+00   1.8420715E+00
   1.2798566E+00   7.4150208E-03   3.8394694E+00   1.8419787E+00
   1.2813503E+00   6.7424155E-03   3.8134286E+00   1.8419274E+00
   1.2828400E+00   6.6491952E-03   3.7466168E+00   1.8418727E+00
   1.2843323E+00   6.8973764E-03   3.7073786E+00   1.8418425E+00
   1.2871463E+00   6.8204794E-03   3.6046879E+00   1.8417096E+00
   1.2886424E+00   5.7268017E-03   3.5421112E+00   1.8416071E+00
   1.2901751E+00   5.7934080E-03   3.4878409E+00   1.8414733E+00
   1.2917190E+00   7.3589180E-03   3.4122682E+00   1.8413179E+00
   1.2932616E+00   7.4870680E-03   3.3335500E+00   1.8411468E+00
   1.2947985E+00   7.3787207E-03   3.2437544E+00   1.8408811E+00
   1.2963296E+00   5.3941472E-03   3.1723051E+00   1.8406174E+00
   1.2993765E+00   5.8863549E-03   3.0881295E+00   1.8402861E+00
   1.3008922E+00   5.6451201E-03   3.0263603E+00   1.8401425E+00
   1.3024026E+00   5.3905095E-03   2.9457483E+00   1.8399309E+00
   1.3039072E+00   5.0647180E-03   2.8624418E+00   1.8396958E+00
   1.3054049E+00   5.7754028E-03   2.8057456E+00   1.8395327E+00
   1.3068956E+00   6.2271296E-03   2.7372587E+00   1.8393192E+00
   1.3083788E+00   6.1091362E-03   2.6852593E+00   1.8391944E+00
   1.3113232E+00   4.4834083E-03   2.4990380E+00   1.8388116E+00
   1.3127849E+00   3.9648563E-03   2.4572291E+00   1.8386989E+00
   1.3142406E+00   5.8347690E-03   2.3865356E+00   1.8385334E+00
   1.3156910E+00   8.5228495E-03   2.3285770E+00   1.8384135E+00
   1.3171368E+00   1.0231158E-02   2.2583621E+00   1.8383067E+00
   1.3185787E+00   5.5086655E-03   2.1798084E+00   1.8382020E+00
   1.3214536E+00   5.3449171E-03   2.0758631E+00   1.8380574E+00
   1.3228878E+00   2.2338454E-03   1.9712352E+00   1.8379838E+00
   1.3243203E+00   1.5145458E-03   1.9330202E+00   1.8379607E+00
   1.3257514E+00   9.2516923E-03   1.8176088E+00   1.8379394E+00
   1.3271811E+00   8.2034199E-03   1.7553955E+00   1.8379598E+00
   1.3300350E+00   7.9110626E-04   1.6472216E+00   1.8380356E+00
   1.3314583E+00   3.2607093E-03   1.5706285E+00   1.8380884E+00
   1.3328786E+00   1.0374354E-02   1.4612645E+00   1.8381354E+00
   1.3342953E+00   9.5500946E-03   1.3659877E+00   1.8381907E+00
   1.3357077E+00   5.6384499E-03   1.3376533E+00   1.8382552E+00
   1.3385186E+00   2.8217128E-03   1.2148046E+00   1.8385025E+00
   1.3399166E+00   4.8687295E-03   1.1529015E+00   1.8385998E+00
   1.3413091E+00   8.7517891E-03   1.0913882E+00   1.8386910E+00
   1.3426962E+00   6.3211564E-03   9.8581582E-01   1.8387659E+00
   1.3454546E+00   3.5880278E-03   8.4028780E-01   1.8388991E+00
   1.3468283E+00   4.9778833E-03   7.5538224E-01   1.8389701E+00
   1.3481991E+00   7.1160584E-03   6.9781214E-01   1.8390394E+00
   1.3495673E+00   6.4523774E-03   6.2413955E-01   1.8391521E+00
   1.3522967E+00   4.0436527E-03   5.1627976E-01   1.8393106E+00
   1.3536589E+00   5.4732584E-03   4.1255659E-01   1.8393763E+00
   1.3550200E+00   4.2888029E-03   3.4990039E-01   1.8394283E+00
   1.3563803E+00   5.3448933E-03   2.9947585E-01   1.8394444E+00
   1.3591003E+00   5.7550054E-03   1.5716702E-01   1.8394592E+00
   1.3604604E+00   3.5672197E-03   7.6876923E-02   1.8394452E+00
   1.3618208E+00   5.1150643E-03   4.4944733E-02   1.8394396E+00
   1.3631819E+00   7.6706340E-03  -7.0723176E-02   1.8394111E+00
   1.3659061E+00   3.8269507E-03  -2.1284886E-01   1.8393291E+00
   1.3672695E+00   3.9705453E-03  -2.6600808E-01   1.8392830E+00
   1.3686339E+00   7.7632493E-03  -3.5701290E-01   1.8392670E+00
   1.3699991E+00   6.2730825E-03  -4.1268715E-01   1.8392706E+00
   1.3727325E+00   8.4507093E-03  -5.2768064E-01   1.8392671E+00
   1.3741007E+00   6.6625481E-03  -6.0739952E-01   1.8392490E+00
   1.3754702E+00   7.7381535E-03  -6.9074100E-01   1.8392048E+00
   1.3768407E+00   6.2847603E-03  -7.6402479E-01   1.8391423E+00
   1.3795859E+00   7.4917418E-03  -9.2132819E-01   1.8390244E+00
   1.3809614E+00   8.2144095E-03  -9.9676818E-01   1.8389868E+00
   1.3823389E+00   4.0705502E-03  -1.0641789E+00   1.8389660E+00
   1.3837187E+00   4.4204947E-03  -1.1332134E+00   1.8389608E+00
   1.3864770E+00   8.3242971E-03  -1.3406372E+00   1.8390064E+00
   1.3878582E+00   1.0649817E-02  -1.3868643E+00   1.8390217E+00
   1.3892422E+00   2.5197687E-03  -1.4505434E+00   1.8390331E+00
   1.3906296E+00  -4.6993681E-04  -1.5474789E+00   1.8391117E+00
   1.3934195E+00  -3.3911315E-03  -1.6513662E+00   1.8393772E+00
   1.3948241E+00   5.1982012E-03  -1.7530215E+00   1.8395289E+00
   1.3962368E+00   1.2688308E-02  -1.8728410E+00   1.8397015E+00
   1.3976583E+00   2.5744275E-03  -1.8893245E+00   1.8397847E+00
   1.3990901E+00   1.7011358E-03  -1.9503517E+00   1.8398910E+00
   1.4018834E+00   4.2878231E-03  -2.0682096E+00   1.8400782E+00
   1.4033009E+00   7.0149479E-03  -2.1766043E+00   1.8401777E+00
   1.4047555E+00   1.1228496E-02  -2.3115499E+00   1.8402284E+00
   1.4062088E+00   8.0270628E-03  -2.3921328E+00   1.8401997E+00
   1.4088913E+00   6.2411223E-03  -2.4843173E+00   1.8401744E+00
   1.4103045E+00  -1.6667896E-03  -2.5558202E+00   1.8402627E+00
   1.4117883E+00   1.7069988E-03  -2.6310079E+00   1.8403982E+00
   1.4132848E+00   2.6563226E-04  -2.7152014E+00   1.8404897E+00
   1.4147785E+00  -1.5587114E-03  -2.7859721E+00   1.8404981E+00
   1.4162741E+00  -3.1387334E-04  -2.8741837E+00   1.8404539E+00
   1.4192840E+00   2.9613553E-03  -3.0427785E+00   1.8403105E+00
   1.4208022E+00   2.6175866E-03  -3.1291997E+00   1.8402246E+00
   1.4223311E+00  -1.5210180E-03  -3.1953297E+00   1.8401295E+00
   1.4238724E+00  -1.0951728E-03  -3.2608564E+00   1.8400282E+00
   1.4254277E+00  -1.6221812E-03  -3.3310294E+00   1.8399173E+00
   1.4269994E+00  -2.9194823E-03  -3.4041002E+00   1.8397892E+00
   1.4285569E+00  -6.1439472E-04  -3.5043204E+00   1.8396428E+00
   1.4313478E+00  -1.5088258E-03  -3.6574740E+00   1.8392363E+00
   1.4328182E+00  -1.3847869E-03  -3.7054579E+00   1.8390248E+00
   1.4343021E+00  -5.0486648E-03  -3.7504349E+00   1.8388087E+00
   1.4357951E+00   5.0737860E-04  -3.8574305E+00   1.8386059E+00
   1.4372689E+00   1.3644287E-03  -3.9500544E+00   1.8383907E+00
   1.4387233E+00   3.9672116E-03  -3.9820669E+00   1.8381708E+00
   1.4415665E+00  -6.9871726E-03  -4.0939217E+00   1.8375089E+00
   1.4429564E+00  -1.0127014E-02  -4.1932650E+00   1.8371909E+00
   1.4443679E+00  -4.4664401E-03  -4.2870121E+00   1.8367722E+00
   1.4457608E+00  -1.7675176E-03  -4.2826133E+00   1.8365195E+00
   1.4471470E+00  -1.2738929E-03  -4.3133583E+00   1.8362378E+00
   1.4499204E+00  -1.1146648E-02  -4.5269294E+00   1.8355137E+00
   1.4512993E+00  -1.6132358E-02  -4.5908880E+00   1.8350433E+00
   1.4526632E+00  -5.7877768E-03  -4.5972743E+00   1.8347455E+00
   1.4539884E+00  -1.7665258E-03  -4.6302786E+00   1.8344252E+00
   1.4566824E+00  -3.3038205E-03  -4.7964621E+00   1.8339080E+00
   1.4580257E+00  -7.9433406E-03  -4.8556981E+00   1.8336213E+00
   1.4593580E+00  -3.7691989E-03  -4.8583946E+00   1.8333108E+00
   1.4619002E+00  -6.3618030E-03  -4.9821343E+00   1.8324541E+00
   1.4632063E+00  -5.0746351E-03  -5.0593119E+00   1.8321199E+00
   1.4645075E+00  -1.0160240E-02  -5.0863957E+00   1.8320148E+00
   1.4670696E+00  -9.9641318E-03  -5.1177654E+00   1.8314410E+00
   1.4682716E+00  -1.0429305E-02  -5.1803784E+00   1.8311900E+00
   1.4695035E+00  -1.6432399E-02  -5.2653246E+00   1.8307480E+00
   1.4720156E+00  -9.7219087E-03  -5.3322330E+00   1.8302675E+00
   1.4732558E+00  -8.6545404E-03  -5.3688865E+00   1.8300697E+00
   1.4756882E+00  -6.9757416E-03  -5.4737549E+00   1.8297664E+00
   1.4769074E+00  -9.7260959E-03  -5.5345402E+00   1.8296096E+00
   1.4781213E+00  -9.2195524E-03  -5.5712414E+00   1.8294421E+00
   1.4804914E+00  -1.1837957E-02  -5.5850892E+00   1.8291039E+00
   1.4816806E+00  -8.1278579E-03  -5.6264272E+00   1.8290488E+00
   1.4840466E+00  -1.1148830E-02  -5.7697082E+00   1.8287637E+00
   1.4852175E+00  -9.1079110E-03  -5.7873483E+00   1.8286403E+00
   1.4874829E+00  -1.5542072E-02  -5.7798252E+00   1.8284141E+00
   1.4885728E+00  -1.0713236E-02  -5.8136225E+00   1.8283712E+00
   1.4908679E+00  -1.1205934E-02  -5.9628625E+00   1.8281416E+00
   1.4920114E+00  -1.0732785E-02  -5.9674687E+00   1.8280922E+00
   1.4942548E+00  -4.1642478E-03  -5.9805341E+00   1.8279020E+00
   1.4953892E+00  -4.6132542E-03  -6.0234656E+00   1.8277916E+00
   1.4976509E+00  -8.4424242E-03  -6.1552057E+00   1.8276160E+00
   1.4987708E+00  -2.4841703E-03  -6.1634560E+00   1.8275467E+00
   1.5009497E+00  -8.7214261E-03  -6.2174625E+00   1.8272127E+00
   1.5030425E+00  -1.0062459E-02  -6.2540059E+00   1.8266972E+00
   1.5041275E+00  -1.1001421E-02  -6.3025589E+00   1.8266261E+00
   1.5062846E+00  -5.5527305E-03  -6.3671570E+00   1.8263988E+00
   1.5073569E+00  -1.5739046E-02  -6.3674617E+00   1.8263204E+00
   1.5093690E+00  -5.7724630E-03  -6.3555202E+00   1.8261974E+00
   1.5114465E+00  -9.0688867E-03  -6.4526815E+00   1.8259335E+00
   1.5124879E+00  -1.3010466E-02  -6.4779434E+00   1.8258574E+00
   1.5145631E+00  -1.0410652E-02  -6.5202680E+00   1.8255551E+00
   1.5165533E+00  -1.0356329E-02  -6.5035639E+00   1.8253098E+00
   1.5185010E+00  -1.0153868E-02  -6.5146813E+00   1.8251678E+00
   1.5195074E+00  -9.9010402E-03  -6.5817742E+00   1.8249822E+00
   1.5215223E+00  -9.0544811E-03  -6.6308746E+00   1.8248501E+00
   1.5235263E+00  -6.9282022E-03  -6.6636143E+00   1.8245263E+00
   1.5244795E+00  -1.0176674E-02  -6.6688504E+00   1.8244203E+00
   1.5263213E+00  -1.1326726E-02  -6.6019635E+00   1.8240353E+00
   1.5282646E+00  -1.2442896E-02  -6.7205548E+00   1.8237371E+00
   1.5302314E+00  -1.3351760E-02  -6.7653899E+00   1.8235626E+00
   1.5321732E+00  -5.9773433E-03  -6.7892160E+00   1.8235691E+00
   1.5330931E+00  -9.9808639E-03  -6.7746449E+00   1.8235688E+00
   1.5348725E+00  -9.8716477E-03  -6.7453747E+00   1.8234922E+00
   1.5367575E+00  -7.7527775E-03  -6.7914534E+00   1.8234042E+00
   1.5386760E+00  -6.7375000E-03  -6.8717213E+00   1.8231685E+00
   1.5405726E+00  -1.3393377E-02  -6.8562012E+00   1.8230104E+00
   1.5423583E+00  -9.5125940E-03  -6.8683877E+00   1.8228892E+00
   1.5440717E+00  -1.2704046E-02  -6.8713675E+00   1.8227422E+00
   1.5458511E+00  -9.3481932E-03  -6.8245654E+00   1.8226892E+00
   1.5467651E+00  -1.2502396E-02  -6.8372111E+00   1.8227043E+00
   1.5485870E+00  -1.1604569E-02  -6.9136419E+00   1.8227967E+00
   1.5504004E+00  -1.2264435E-02  -6.9534745E+00   1.8230084E+00
   1.5521704E+00  -1.2221440E-02  -6.9073853E+00   1.8230203E+00
   1.5538586E+00  -1.0578142E-02  -6.8858972E+00   1.8228968E+00
   1.5555184E+00  -2.0768964E-03  -6.8434834E+00   1.8227131E+00
   1.5572388E+00  -6.7581111E-03  -6.8381066E+00   1.8224964E+00
   1.5590087E+00  -1.2093127E-02  -6.8604932E+00   1.8224270E+00
   1.5607947E+00  -1.0407632E-02  -6.8964524E+00   1.8223736E+00
   1.5625436E+00  -9.7574256E-03  -6.8947086E+00   1.8224303E+00
   1.5642184E+00  -8.6949179E-03  -6.8502030E+00   1.8225389E+00
   1.5658722E+00  -1.1887185E-02  -6.8094473E+00   1.8226000E+00
   1.5675284E+00  -8.7654432E-03  -6.7592964E+00   1.8224225E+00
   1.5692474E+00  -1.4397105E-02  -6.7711263E+00   1.8222905E+00
   1.5709959E+00  -1.5911592E-02  -6.8141704E+00   1.8221669E+00
   1.5727018E+00  -9.8047918E-03  -6.8002372E+00   1.8221542E+00
   1.5744035E+00  -9.0613337E-03  -6.8176017E+00   1.8222362E+00
   1.5760843E+00  -6.4025340E-03  -6.7493577E+00   1.8222839E+00
   1.5778632E+00  -5.8146045E-03  -6.7317829E+00   1.8221750E+00
   1.5796468E+00  -9.1170501E-03  -6.7310328E+00   1.8219370E+00
   1.5814160E+00  -1.5838703E-02  -6.7208242E+00   1.8215746E+00
   1.5831794E+00  -6.1822403E-03  -6.7174911E+00   1.8214620E+00
   1.5849420E+00  -1.1942955E-02  -6.7386465E+00   1.8214481E+00
   1.5867211E+00  -1.5087963E-02  -6.6717381E+00   1.8214918E+00
   1.5885153E+00  -1.3411468E-02  -6.6013074E+00   1.8215108E+00
   1.5904238E+00  -6.7598014E-03  -6.5675068E+00   1.8213954E+00
   1.5913850E+00  -8.5425461E-03  -6.5755429E+00   1.8213397E+00
   1.5933102E+00  -1.1989326E-02  -6.5845442E+00   1.8211197E+00
   1.5952814E+00  -8.8198241E-03  -6.5780072E+00   1.8208495E+00
   1.5972024E+00  -1.1687428E-02  -6.5078764E+00   1.8204496E+00
   1.5981449E+00  -1.2800503E-02  -6.4654546E+00   1.8203628E+00
   1.6000270E+00  -9.9835107E-03  -6.4251657E+00   1.8201596E+00
   1.6019183E+00  -1.2111635E-02  -6.3913007E+00   1.8199419E+00
   1.6038169E+00  -9.8977871E-03  -6.3596215E+00   1.8197359E+00
   1.6057172E+00  -8.4237857E-03  -6.3511305E+00   1.8195181E+00
   1.6066668E+00  -8.6031128E-03  -6.3604093E+00   1.8193974E+00
   1.6085649E+00  -9.2045302E-03  -6.2610426E+00   1.8190941E+00
   1.6104625E+00  -1.0056101E-02  -6.1906896E+00   1.8187439E+00
   1.6123557E+00  -1.0168185E-02  -6.1460462E+00   1.8184336E+00
   1.6142439E+00  -3.8011465E-03  -6.1160173E+00   1.8181463E+00
   1.6161352E+00  -9.0368539E-03  -6.0699353E+00   1.8177267E+00
   1.6170862E+00  -6.4610690E-03  -6.0983067E+00   1.8176417E+00
   1.6190161E+00  -1.0507147E-02  -5.9799762E+00   1.8173096E+00
   1.6209998E+00  -1.2047770E-02  -5.9116211E+00   1.8170214E+00
   1.6229919E+00  -1.2974125E-02  -5.8899002E+00   1.8166956E+00
   1.6239657E+00  -5.3397068E-03  -5.9005456E+00   1.8166400E+00
   1.6258719E+00  -2.5276493E-03  -5.8536229E+00   1.8165005E+00
   1.6277535E+00  -4.3483973E-03  -5.8407888E+00   1.8163952E+00
   1.6296784E+00  -3.0028082E-03  -5.6800976E+00   1.8161649E+00
   1.6306463E+00  -3.1755157E-03  -5.6621776E+00   1.8160800E+00
   1.6326336E+00  -4.8088790E-03  -5.5983400E+00   1.8158737E+00
   1.6346571E+00  -2.8454270E-03  -5.5375299E+00   1.8154848E+00
   1.6366974E+00   8.2293125E-03  -5.4972844E+00   1.8152964E+00
   1.6377122E+00  -1.4917165E-03  -5.4947791E+00   1.8152206E+00
   1.6397336E+00  -4.9619126E-04  -5.4513049E+00   1.8150532E+00
   1.6415781E+00  -2.1090093E-03  -5.3354297E+00   1.8146353E+00
   1.6433533E+00  -5.2977833E-03  -5.2150583E+00   1.8141818E+00
   1.6450927E+00   1.7273915E-03  -5.1860785E+00   1.8137922E+00
   1.6468453E+00  -2.1074431E-03  -5.1298804E+00   1.8136213E+00
   1.6477879E+00  -8.1699286E-03  -5.1019716E+00   1.8134922E+00
   1.6497027E+00  -4.8405682E-03  -5.1626496E+00   1.8134346E+00
   1.6516036E+00   1.6588606E-03  -5.0373745E+00   1.8132989E+00
   1.6535876E+00  -5.0199968E-03  -4.9467793E+00   1.8131783E+00
   1.6555655E+00  -2.8721273E-03  -4.7709565E+00   1.8127909E+00
   1.6565704E+00  -9.8965988E-03  -4.7712650E+00   1.8127335E+00
   1.6586422E+00  -3.0917220E-04  -4.7128353E+00   1.8125122E+00
   1.6606823E+00   2.3769261E-04  -4.7548919E+00   1.8124071E+00
   1.6616912E+00  -1.8127873E-03  -4.6980424E+00   1.8123795E+00
   1.6636440E+00   4.0920370E-04  -4.5931325E+00   1.8122604E+00
   1.6655388E+00  -2.2231254E-03  -4.4767489E+00   1.8121387E+00
   1.6674557E+00   1.8699213E-03  -4.4159441E+00   1.8120929E+00
   1.6684332E+00   1.4703022E-03  -4.3844972E+00   1.8120707E+00
   1.6704289E+00  -8.9452900E-03  -4.3391318E+00   1.8120437E+00
   1.6724315E+00  -1.0598500E-03  -4.2879772E+00   1.8120327E+00
   1.6734352E+00  -1.2901887E-02  -4.1862826E+00   1.8120390E+00
   1.6754366E+00  -1.9624396E-03  -4.0886750E+00   1.8120662E+00
   1.6774218E+00   7.1834942E-04  -4.0622025E+00   1.8120899E+00
   1.6794188E+00   3.6296444E-03  -3.9423485E+00   1.8121094E+00
   1.6804186E+00   1.6726315E-03  -3.9174836E+00   1.8121133E+00
   1.6824212E+00   2.2667169E-03  -3.8765223E+00   1.8121532E+00
   1.6844267E+00   5.7092425E-03  -3.7687976E+00   1.8122193E+00
   1.6854303E+00   4.0964191E-03  -3.7124894E+00   1.8122510E+00
   1.6874567E+00   8.9382296E-03  -3.5465019E+00   1.8123851E+00
   1.6895320E+00  -3.2121039E-04  -3.5099959E+00   1.8124373E+00
   1.6905740E+00  -3.9186520E-03  -3.4824712E+00   1.8124648E+00
   1.6926481E+00  -1.8763731E-04  -3.4485466E+00   1.8124739E+00
   1.6947091E+00  -7.6223625E-04  -3.3510327E+00   1.8124621E+00
   1.6957383E+00  -2.7800885E-03  -3.3154020E+00   1.8124957E+00
   1.6977205E+00   7.3058223E-03  -3.2674463E+00   1.8126199E+00
   1.6997375E+00   3.4718197E-03  -3.1807239E+00   1.8127520E+00
   1.7016857E+00  -3.3504360E-03  -2.9533489E+00   1.8129787E+00
   1.7027334E+00   5.9736590E-04  -2.9509666E+00   1.8130219E+00
   1.7048174E+00   9.2722598E-04  -2.9017017E+00   1.8131300E+00
   1.7068424E+00   1.4672573E-02  -2.8189268E+00   1.8132064E+00
   1.7078443E+00   1.2674772E-02  -2.8250802E+00   1.8132064E+00
   1.7098618E+00   6.0253697E-03  -2.7431164E+00   1.8132707E+00
   1.7120409E+00   3.7656240E-03  -2.5762324E+00   1.8135843E+00
   1.7141427E+00   5.3017889E-03  -2.5077143E+00   1.8137270E+00
