  flscon:  version 23.2.0.01  win64 2022 
 FLOW-3D   17:32:34  03/07/2024 byum     
   hydr3d   version  23.2.0.20 win64     12/04/2023 HYDRO    
 Simulation Template: Free Surface - TruVOF (Default)                            

Mesh Block   2
 Block 2: printing hyel         i=5   j=43  k=185 
       1      101      0.000E+00      3.341E+00        5        5       43       43      185      185
   time              hyel_-1
   0.0000000E+00   4.1862819E-01
   3.1899754E-02   4.2429364E-01
   6.5398291E-02   4.3095738E-01
   1.0201153E-01   4.3891981E-01
   1.3219555E-01   4.4596651E-01
   1.6673316E-01   4.5445725E-01
   2.0048307E-01   4.6303737E-01
   2.3363362E-01   4.7174653E-01
   2.6693198E-01   4.8038501E-01
   3.0155450E-01   4.8922461E-01
   3.3317453E-01   4.9662340E-01
   3.6807388E-01   5.0367773E-01
   3.9981189E-01   5.0853163E-01
   4.3358758E-01   5.1153463E-01
   4.6793264E-01   5.1211739E-01
   5.0103253E-01   5.1020592E-01
   5.3547233E-01   5.0635523E-01
   5.6661731E-01   5.0143754E-01
   6.0006881E-01   4.9489778E-01
   6.3362521E-01   4.8743153E-01
   6.6740441E-01   4.7910929E-01
   7.0144337E-01   4.7025785E-01
   7.3501635E-01   4.6174547E-01
   7.6806104E-01   4.5312318E-01
   7.9997247E-01   4.4497323E-01
   8.3516908E-01   4.3623224E-01
   8.6710030E-01   4.2884600E-01
   9.0320301E-01   4.2253768E-01
   9.3640995E-01   4.1504455E-01
   9.6812820E-01   4.1001716E-01
   1.0018001E+00   4.0504059E-01
   1.0373528E+00   4.0082803E-01
   1.0678484E+00   3.9817464E-01
   1.1051251E+00   3.9551312E-01
   1.1370119E+00   3.9390239E-01
   1.1679273E+00   3.9273396E-01
   1.2029337E+00   3.9134088E-01
   1.2369808E+00   3.9008552E-01
   1.2703521E+00   3.8936183E-01
   1.3036178E+00   3.8892972E-01
   1.3372455E+00   3.8932309E-01
   1.3709688E+00   3.9056009E-01
   1.4047211E+00   3.9097634E-01
   1.4383904E+00   3.9260614E-01
   1.4675643E+00   3.9440548E-01
   1.5019847E+00   3.9674893E-01
   1.5378072E+00   4.0008947E-01
   1.5699017E+00   4.0326875E-01
   1.6037771E+00   4.0738654E-01
   1.6367493E+00   4.1146174E-01
   1.6714141E+00   4.1671562E-01
   1.7056508E+00   4.2250001E-01
   1.7384791E+00   4.2846179E-01
   1.7700738E+00   4.3480515E-01
   1.8024732E+00   4.4172511E-01
   1.8358544E+00   4.4934151E-01
   1.8724438E+00   4.5786151E-01
   1.9038919E+00   4.6544075E-01
   1.9373749E+00   4.7360274E-01
   1.9708880E+00   4.8203653E-01
   2.0032902E+00   4.9000001E-01
   2.0375750E+00   4.9742684E-01
   2.0702348E+00   5.0272244E-01
   2.1043200E+00   5.0685972E-01
   2.1382396E+00   5.0791925E-01
   2.1707962E+00   5.0679326E-01
   2.2042127E+00   5.0310969E-01
   2.2384200E+00   4.9740914E-01
   2.2718747E+00   4.9029794E-01
   2.3050492E+00   4.8240671E-01
   2.3382688E+00   4.7316378E-01
   2.3717027E+00   4.6366492E-01
   2.4055493E+00   4.5367184E-01
   2.4398837E+00   4.4347629E-01
   2.4734256E+00   4.3369022E-01
   2.5064869E+00   4.2448217E-01
   2.5404873E+00   4.1564089E-01
   2.5725772E+00   4.0810421E-01
   2.6071489E+00   4.0077269E-01
   2.6376181E+00   3.9502183E-01
   2.6709895E+00   3.8926071E-01
   2.7069900E+00   3.8384703E-01
   2.7398765E+00   3.7939078E-01
   2.7698438E+00   3.7752968E-01
   2.8070481E+00   3.7266794E-01
   2.8419874E+00   3.7028539E-01
   2.8697801E+00   3.6890885E-01
   2.9061143E+00   3.6769721E-01
   2.9429374E+00   3.6705720E-01
   2.9728863E+00   3.6659941E-01
   3.0034034E+00   3.6640048E-01
   3.0412731E+00   3.6645779E-01
   3.0712631E+00   3.6680573E-01
   3.1084552E+00   3.6765602E-01
   3.1387355E+00   3.6903554E-01
   3.1764591E+00   3.7155911E-01
   3.2065251E+00   3.7391722E-01
   3.2441452E+00   3.7776449E-01
   3.2712793E+00   3.8081998E-01
   3.3079460E+00   3.8565925E-01
   3.3409276E+00   3.9055270E-01
