  flscon:  version 23.2.0.01  win64 2022 
 FLOW-3D   17:15:21  02/28/2024 rjju     
   hydr3d   version  23.2.0.20 win64     12/04/2023 HYDRO    
 Simulation Template: Free Surface - TruVOF (Default)                            

Mesh Block   2
 Block 2: printing hyel         i=3   j=43  k=3 
       1      101      0.000E+00      1.714E+00        3        3       43       43        3        3
   time              hyel_-1
   0.0000000E+00   4.1294935E-01
   1.6360870E-02   4.1250050E-01
   3.3579119E-02   4.1181031E-01
   5.2323695E-02   4.1176364E-01
   7.0984490E-02   4.1212955E-01
   8.7574728E-02   4.1275927E-01
   9.9771880E-02   4.1360182E-01
   1.1797395E-01   4.1469711E-01
   1.3643305E-01   4.1621006E-01
   1.5449460E-01   4.1860524E-01
   1.7147546E-01   4.2065123E-01
   1.8779832E-01   4.2282528E-01
   2.0344397E-01   4.2517334E-01
   2.2347815E-01   4.2876124E-01
   2.3762913E-01   4.3132904E-01
   2.5731242E-01   4.3487516E-01
   2.7552608E-01   4.3836433E-01
   2.8968558E-01   4.4128883E-01
   3.0998889E-01   4.4559938E-01
   3.2701096E-01   4.4912583E-01
   3.4233761E-01   4.5219252E-01
   3.6111838E-01   4.5569608E-01
   3.7586266E-01   4.5832700E-01
   3.9415306E-01   4.6129867E-01
   4.1249970E-01   4.6386692E-01
   4.2739156E-01   4.6558568E-01
   4.4651765E-01   4.6734157E-01
   4.6213734E-01   4.6818095E-01
   4.8169342E-01   4.6855786E-01
   4.9757433E-01   4.6797445E-01
   5.1364583E-01   4.6671712E-01
   5.3009629E-01   4.6476457E-01
   5.4709482E-01   4.6234879E-01
   5.6427014E-01   4.5975110E-01
   5.8195806E-01   4.5670444E-01
   6.0064900E-01   4.5306426E-01
   6.1556363E-01   4.4999999E-01
   6.3630688E-01   4.4577250E-01
   6.5253425E-01   4.4250000E-01
   6.6793942E-01   4.3937632E-01
   6.8708926E-01   4.3548796E-01
   7.0123178E-01   4.3271002E-01
   7.1839678E-01   4.3250000E-01
   7.3751324E-01   4.2651889E-01
   7.5324416E-01   4.2501682E-01
   7.7263623E-01   4.2120892E-01
   7.8682077E-01   4.2002535E-01
   8.0719799E-01   4.1750211E-01
   8.2325280E-01   4.1750005E-01
   8.3937037E-01   4.1390565E-01
   8.5637367E-01   4.1304180E-01
   8.7149030E-01   4.1255072E-01
   8.8898969E-01   4.1183579E-01
   9.0714538E-01   4.1161120E-01
   9.2514932E-01   4.1193107E-01
   9.4299966E-01   4.1272447E-01
   9.6081865E-01   4.1355839E-01
   9.7840118E-01   4.1508710E-01
   9.9466538E-01   4.1678569E-01
   1.0127569E+00   4.1896999E-01
   1.0294571E+00   4.2123678E-01
   1.0447443E+00   4.2330304E-01
   1.0602627E+00   4.2591527E-01
   1.0796940E+00   4.2929614E-01
   1.0968490E+00   4.3234426E-01
   1.1150023E+00   4.3565705E-01
   1.1289548E+00   4.3816528E-01
   1.1480912E+00   4.4174719E-01
   1.1661628E+00   4.4525105E-01
   1.1814238E+00   4.4807091E-01
   1.1985118E+00   4.5154774E-01
   1.2151841E+00   4.5465645E-01
   1.2347816E+00   4.5806879E-01
   1.2509049E+00   4.6066701E-01
   1.2670559E+00   4.6316093E-01
   1.2834070E+00   4.6523908E-01
   1.3034877E+00   4.6773657E-01
   1.3207511E+00   4.6922931E-01
   1.3379071E+00   4.6982676E-01
   1.3551849E+00   4.6911368E-01
   1.3692899E+00   4.6792924E-01
   1.3873516E+00   4.6592385E-01
   1.4052341E+00   4.6326229E-01
   1.4224315E+00   4.6030965E-01
   1.4402798E+00   4.5710158E-01
   1.4555391E+00   4.5404226E-01
   1.4750141E+00   4.4999999E-01
   1.4883634E+00   4.4719043E-01
   1.5081369E+00   4.4285378E-01
   1.5234122E+00   4.3962586E-01
   1.5434245E+00   4.3532833E-01
   1.5571868E+00   4.3249112E-01
   1.5746130E+00   4.3000671E-01
   1.5936016E+00   4.2575154E-01
   1.6087053E+00   4.2500427E-01
   1.6271938E+00   4.2046234E-01
   1.6451095E+00   4.1805434E-01
   1.6636462E+00   4.1616651E-01
   1.6794430E+00   4.1503072E-01
   1.6963551E+00   4.1330370E-01
   1.7137779E+00   4.1250849E-01
