  flscon:  version 22.2.0.05  win64 2022 
 FLOW-3D   14:05:34  12/12/2023 jjup     
   hydr3d   version  22.2.0.16 win64     09/12/2022 HYDRO    
 Simulation Template: Free Surface - TruVOF (Default)                            

Mesh Block   1
 printing p, p       
       1     1002      0.000E+00      1.688E+01
   time              p_1             p_2
   0.0000000E+00   4.1641318E+03   4.1488867E+03
   8.8658482E-03   4.0722009E+03   4.1519722E+03
   1.6887244E-02   4.2174937E+03   4.2025298E+03
   3.4082316E-02   4.2446167E+03   4.2285322E+03
   5.1569778E-02   4.2767539E+03   4.2598760E+03
   6.9030143E-02   4.3202256E+03   4.3023862E+03
   8.6531632E-02   4.3415693E+03   4.3230371E+03
   1.0196695E-01   4.3841445E+03   4.3643530E+03
   1.1574186E-01   4.3825015E+03   4.3619692E+03
   1.3909623E-01   4.4373047E+03   4.4150151E+03
   1.4764734E-01   4.4386826E+03   4.4156782E+03
   1.6520876E-01   4.4707080E+03   4.4461504E+03
   1.8227918E-01   4.5315200E+03   4.5054751E+03
   2.0447518E-01   4.5287183E+03   4.4999849E+03
   2.1775569E-01   4.5772578E+03   4.5474336E+03
   2.3459505E-01   4.5773877E+03   4.5451426E+03
   2.5093395E-01   4.6744556E+03   4.6420454E+03
   2.7061954E-01   4.6283813E+03   4.5925796E+03
   2.8834730E-01   4.6508096E+03   4.6128115E+03
   3.0473050E-01   4.6734136E+03   4.6346079E+03
   3.2012895E-01   4.6792661E+03   4.6380264E+03
   3.3833963E-01   4.6768931E+03   4.6342192E+03
   3.5571367E-01   4.7199834E+03   4.6775498E+03
   3.7251401E-01   4.7324902E+03   4.6901738E+03
   3.8890988E-01   4.7250698E+03   4.6809702E+03
   4.0494451E-01   4.7368760E+03   4.6948936E+03
   4.2047706E-01   4.7417700E+03   4.7018779E+03
   4.3872240E-01   4.7407783E+03   4.7008330E+03
   4.5699620E-01   4.7369321E+03   4.6995195E+03
   4.7246990E-01   4.7297056E+03   4.6944102E+03
   4.8835272E-01   4.7215977E+03   4.6884663E+03
   5.0796217E-01   4.7222207E+03   4.6904141E+03
   5.2477390E-01   4.6945347E+03   4.6682812E+03
   5.3854668E-01   4.6931270E+03   4.6677007E+03
   5.5633920E-01   4.6601445E+03   4.6400381E+03
   5.7504046E-01   4.6450928E+03   4.6282959E+03
   5.8993566E-01   4.6203252E+03   4.6070439E+03
   6.0630304E-01   4.6047256E+03   4.5944180E+03
   6.2655252E-01   4.5856196E+03   4.5792476E+03
   6.3986790E-01   4.5421304E+03   4.5389883E+03
   6.5719432E-01   4.4981938E+03   4.4993442E+03
   6.7669040E-01   4.4901841E+03   4.4934800E+03
   6.9080514E-01   4.4366128E+03   4.4437627E+03
   7.0950973E-01   4.4463984E+03   4.4549302E+03
   7.2460175E-01   4.3907969E+03   4.4017329E+03
   7.4029315E-01   4.3847554E+03   4.3979580E+03
   7.5674689E-01   4.3383999E+03   4.3541289E+03
   7.7569586E-01   4.2971431E+03   4.3152974E+03
   7.9299641E-01   4.2759932E+03   4.2969419E+03
   8.0913419E-01   4.2218662E+03   4.2453682E+03
   8.2846642E-01   4.1445474E+03   4.1701157E+03
   8.4259075E-01   4.1656304E+03   4.1936201E+03
   8.6109120E-01   4.1030405E+03   4.1330747E+03
   8.7891769E-01   4.0181770E+03   4.0494414E+03
   8.9405537E-01   4.0967632E+03   4.1308599E+03
   9.1183329E-01   4.0262229E+03   4.0619492E+03
   9.2874557E-01   3.9639070E+03   4.0005525E+03
   9.4469357E-01   3.9787043E+03   4.0182637E+03
   9.6379888E-01   3.9258379E+03   3.9669836E+03
   9.7876519E-01   3.8989092E+03   3.9416167E+03
   9.9734789E-01   3.8897842E+03   3.9347673E+03
   1.0122442E+00   3.8507368E+03   3.8962874E+03
   1.0310097E+00   3.8531521E+03   3.9010586E+03
   1.0461452E+00   3.8040520E+03   3.8517051E+03
   1.0653090E+00   3.8285669E+03   3.8787305E+03
   1.0809079E+00   3.7652192E+03   3.8140081E+03
   1.0966860E+00   3.7986929E+03   3.8490273E+03
   1.1126366E+00   3.7713098E+03   3.8205269E+03
   1.1326793E+00   3.7758159E+03   3.8253042E+03
   1.1478635E+00   3.7710613E+03   3.8183140E+03
   1.1654382E+00   3.7650103E+03   3.8117939E+03
   1.1819292E+00   3.7648289E+03   3.8085974E+03
   1.1971564E+00   3.7659382E+03   3.8087495E+03
   1.2150155E+00   3.7626663E+03   3.8024771E+03
   1.2337254E+00   3.7818818E+03   3.8176426E+03
   1.2492881E+00   3.7716604E+03   3.8058889E+03
   1.2646601E+00   3.7881313E+03   3.8189897E+03
   1.2846043E+00   3.7911040E+03   3.8178276E+03
   1.3004328E+00   3.8010356E+03   3.8256206E+03
   1.3160065E+00   3.8204326E+03   3.8407686E+03
   1.3316747E+00   3.8253601E+03   3.8429116E+03
   1.3518655E+00   3.8339414E+03   3.8488291E+03
   1.3676486E+00   3.8621917E+03   3.8728357E+03
   1.3832842E+00   3.8571182E+03   3.8665715E+03
   1.3991208E+00   3.8912712E+03   3.8973325E+03
   1.4196136E+00   3.8880767E+03   3.8920967E+03
   1.4368513E+00   3.9159768E+03   3.9170156E+03
   1.4501140E+00   3.9259685E+03   3.9255725E+03
   1.4679502E+00   3.9480005E+03   3.9454517E+03
   1.4862288E+00   3.9676604E+03   3.9631494E+03
   1.5005794E+00   3.9897351E+03   3.9833462E+03
   1.5205847E+00   3.9990723E+03   3.9914077E+03
   1.5360471E+00   4.0257278E+03   4.0162283E+03
   1.5520672E+00   4.1023618E+03   4.0888855E+03
   1.5695629E+00   4.0886746E+03   4.0745920E+03
   1.5880549E+00   4.0873372E+03   4.0725061E+03
   1.6010227E+00   4.0981885E+03   4.0824768E+03
   1.6214081E+00   4.1490176E+03   4.1301118E+03
   1.6350725E+00   4.1773945E+03   4.1563857E+03
   1.6556304E+00   4.2000288E+03   4.1765498E+03
   1.6693941E+00   4.2188672E+03   4.1936460E+03
   1.6902133E+00   4.3170190E+03   4.2876445E+03
   1.7042785E+00   4.2924297E+03   4.2619722E+03
   1.7185316E+00   4.2783833E+03   4.2466436E+03
   1.7400873E+00   4.3773472E+03   4.3412690E+03
   1.7539692E+00   4.3678691E+03   4.3301597E+03
   1.7738185E+00   4.3642046E+03   4.3243711E+03
   1.7864265E+00   4.4307256E+03   4.3885630E+03
   1.8044322E+00   4.4209883E+03   4.3767119E+03
   1.8214688E+00   4.4803916E+03   4.4339937E+03
   1.8376268E+00   4.4795913E+03   4.4310054E+03
   1.8573853E+00   4.5311997E+03   4.4807349E+03
   1.8717760E+00   4.5256016E+03   4.4735991E+03
   1.8895475E+00   4.6190146E+03   4.5661196E+03
   1.9061146E+00   4.5766323E+03   4.5215674E+03
   1.9254898E+00   4.6251133E+03   4.5690854E+03
   1.9426098E+00   4.6107852E+03   4.5532407E+03
   1.9586753E+00   4.6576519E+03   4.5992764E+03
   1.9744500E+00   4.6554253E+03   4.5969512E+03
   1.9906917E+00   4.6687427E+03   4.6100181E+03
   2.0096571E+00   4.6879932E+03   4.6289790E+03
   2.0250037E+00   4.7001050E+03   4.6416694E+03
   2.0430944E+00   4.7009248E+03   4.6427217E+03
   2.0579827E+00   4.7073281E+03   4.6497729E+03
   2.0753896E+00   4.7103911E+03   4.6533662E+03
   2.0924742E+00   4.7098608E+03   4.6542432E+03
   2.1094146E+00   4.7036870E+03   4.6504219E+03
   2.1263611E+00   4.7043013E+03   4.6508018E+03
   2.1435785E+00   4.6961792E+03   4.6458940E+03
   2.1607764E+00   4.6847861E+03   4.6360425E+03
   2.1787403E+00   4.6684375E+03   4.6231602E+03
   2.1943703E+00   4.6602070E+03   4.6167065E+03
   2.2104723E+00   4.6412988E+03   4.6007778E+03
   2.2270989E+00   4.6220342E+03   4.5846279E+03
   2.2443371E+00   4.5842178E+03   4.5510430E+03
   2.2614908E+00   4.5874546E+03   4.5561421E+03
   2.2796264E+00   4.5396221E+03   4.5134819E+03
   2.2945256E+00   4.5472080E+03   4.5222725E+03
   2.3141425E+00   4.5053506E+03   4.4850630E+03
   2.3290627E+00   4.4688887E+03   4.4521289E+03
   2.3446703E+00   4.4302798E+03   4.4169600E+03
   2.3652515E+00   4.4064521E+03   4.3965132E+03
   2.3820813E+00   4.2915112E+03   4.2867793E+03
   2.3982654E+00   4.3445054E+03   4.3405420E+03
   2.4118948E+00   4.2462461E+03   4.2452876E+03
   2.4313898E+00   4.2691470E+03   4.2704409E+03
   2.4471064E+00   4.1553892E+03   4.1595938E+03
   2.4641030E+00   4.2079097E+03   4.2131299E+03
   2.4809730E+00   4.1394302E+03   4.1470977E+03
   2.4962387E+00   4.0961021E+03   4.1050708E+03
   2.5129912E+00   4.0765415E+03   4.0874275E+03
   2.5338957E+00   4.0479238E+03   4.0605825E+03
   2.5512834E+00   3.9532183E+03   3.9678687E+03
   2.5630040E+00   3.9662869E+03   3.9818323E+03
   2.5825789E+00   3.9031809E+03   3.9200066E+03
   2.5993700E+00   3.8950862E+03   3.9136982E+03
   2.6151690E+00   3.8462102E+03   3.8658254E+03
   2.6325152E+00   3.7986653E+03   3.8187612E+03
   2.6486447E+00   3.8106775E+03   3.8320835E+03
   2.6683099E+00   3.7347119E+03   3.7559512E+03
   2.6820765E+00   3.6985916E+03   3.7200168E+03
   2.6995904E+00   3.7088035E+03   3.7315249E+03
   2.7167056E+00   3.6380066E+03   3.6603135E+03
   2.7338321E+00   3.6803962E+03   3.7044709E+03
   2.7510705E+00   3.6356030E+03   3.6591394E+03
   2.7685192E+00   3.6249622E+03   3.6490742E+03
   2.7861900E+00   3.5696335E+03   3.5923057E+03
   2.8041711E+00   3.5950251E+03   3.6192271E+03
   2.8179049E+00   3.5797876E+03   3.6032515E+03
   2.8365993E+00   3.5395481E+03   3.5623250E+03
   2.8509121E+00   3.5553848E+03   3.5785457E+03
   2.8701663E+00   3.5524294E+03   3.5744209E+03
   2.8847489E+00   3.5349995E+03   3.5561628E+03
   2.9044480E+00   3.5234131E+03   3.5436775E+03
   2.9192898E+00   3.5240879E+03   3.5434021E+03
   2.9380412E+00   3.5273843E+03   3.5449319E+03
   2.9559634E+00   3.5250159E+03   3.5420750E+03
   2.9687805E+00   3.5263484E+03   3.5407910E+03
   2.9888303E+00   3.5311616E+03   3.5450244E+03
   3.0037446E+00   3.5321772E+03   3.5436240E+03
   3.0213423E+00   3.5518938E+03   3.5604331E+03
   3.0379980E+00   3.5422559E+03   3.5503750E+03
   3.0538499E+00   3.5553188E+03   3.5612307E+03
   3.0719683E+00   3.5644409E+03   3.5683462E+03
   3.0892656E+00   3.5787151E+03   3.5805007E+03
   3.1058598E+00   3.5883835E+03   3.5884573E+03
   3.1218588E+00   3.6037468E+03   3.6019963E+03
   3.1399305E+00   3.6199712E+03   3.6163606E+03
   3.1574597E+00   3.6359316E+03   3.6306006E+03
   3.1746025E+00   3.6551125E+03   3.6479827E+03
   3.1892042E+00   3.6708040E+03   3.6622795E+03
   3.2082627E+00   3.6967649E+03   3.6861790E+03
   3.2245502E+00   3.7142791E+03   3.7020874E+03
   3.2406108E+00   3.7366848E+03   3.7226179E+03
   3.2589345E+00   3.7645039E+03   3.7481062E+03
   3.2757785E+00   3.7992615E+03   3.7801882E+03
   3.2913737E+00   3.8204119E+03   3.7991260E+03
   3.3068991E+00   3.8278540E+03   3.8050312E+03
   3.3257701E+00   3.8665986E+03   3.8403711E+03
   3.3425472E+00   3.8724722E+03   3.8441301E+03
   3.3608346E+00   3.9841162E+03   3.9503613E+03
   3.3731892E+00   3.9566089E+03   3.9218411E+03
   3.3916311E+00   3.9520046E+03   3.9144875E+03
   3.4100199E+00   4.0816345E+03   4.0386494E+03
   3.4284239E+00   4.0422495E+03   3.9968789E+03
   3.4406443E+00   4.0527463E+03   4.0049319E+03
   3.4591341E+00   4.1001309E+03   4.0489900E+03
   3.4771364E+00   4.2230811E+03   4.1662798E+03
   3.4933500E+00   4.1755962E+03   4.1165234E+03
   3.5128973E+00   4.2857461E+03   4.2219253E+03
   3.5263631E+00   4.2484097E+03   4.1818647E+03
   3.5430980E+00   4.3240649E+03   4.2547119E+03
   3.5622878E+00   4.3210903E+03   4.2472847E+03
   3.5799735E+00   4.3626060E+03   4.2860918E+03
   3.5965154E+00   4.3753394E+03   4.2956982E+03
   3.6123571E+00   4.4154668E+03   4.3335576E+03
   3.6277287E+00   4.4388369E+03   4.3548643E+03
   3.6456697E+00   4.4507222E+03   4.3643110E+03
   3.6630657E+00   4.4734272E+03   4.3855576E+03
   3.6790402E+00   4.4839038E+03   4.3946777E+03
   3.6960082E+00   4.4966377E+03   4.4074434E+03
   3.7141466E+00   4.5008262E+03   4.4106807E+03
   3.7301273E+00   4.5096509E+03   4.4210288E+03
   3.7473726E+00   4.5083652E+03   4.4202583E+03
   3.7642725E+00   4.5042534E+03   4.4180068E+03
   3.7812665E+00   4.5042412E+03   4.4198042E+03
   3.7987413E+00   4.4949287E+03   4.4135825E+03
   3.8142617E+00   4.4883809E+03   4.4097847E+03
   3.8326778E+00   4.4638799E+03   4.3905425E+03
   3.8488300E+00   4.4562891E+03   4.3864741E+03
   3.8655553E+00   4.4346221E+03   4.3694097E+03
   3.8829920E+00   4.4138408E+03   4.3539199E+03
   3.8982253E+00   4.3733140E+03   4.3193457E+03
   3.9174256E+00   4.3781055E+03   4.3282910E+03
   3.9336276E+00   4.3373330E+03   4.2931235E+03
   3.9501288E+00   4.3162949E+03   4.2771548E+03
   3.9673772E+00   4.2775342E+03   4.2437651E+03
   3.9819117E+00   4.2554546E+03   4.2259600E+03
   4.0009232E+00   4.2178901E+03   4.1935088E+03
   4.0170112E+00   4.1922622E+03   4.1722397E+03
   4.0340829E+00   4.1592856E+03   4.1433633E+03
   4.0523748E+00   4.1183164E+03   4.1066548E+03
   4.0693789E+00   4.0920044E+03   4.0839875E+03
   4.0839486E+00   4.0850334E+03   4.0795959E+03
   4.1044297E+00   4.0327683E+03   4.0312410E+03
   4.1193600E+00   4.0089390E+03   4.0098621E+03
   4.1339517E+00   3.9536724E+03   3.9569829E+03
   4.1536899E+00   3.9084746E+03   3.9138821E+03
   4.1687803E+00   3.9107615E+03   3.9188489E+03
   4.1877809E+00   3.8599102E+03   3.8701130E+03
   4.2030292E+00   3.8621233E+03   3.8740366E+03
   4.2177668E+00   3.8121292E+03   3.8250142E+03
   4.2376461E+00   3.7785005E+03   3.7933438E+03
   4.2519479E+00   3.7653164E+03   3.7813469E+03
   4.2706800E+00   3.7586304E+03   3.7764478E+03
   4.2886019E+00   3.7112100E+03   3.7290952E+03
   4.3059626E+00   3.6847729E+03   3.7036423E+03
   4.3234377E+00   3.6765220E+03   3.6962090E+03
   4.3365808E+00   3.6577126E+03   3.6776130E+03
   4.3529859E+00   3.6430225E+03   3.6634353E+03
   4.3713284E+00   3.6335322E+03   3.6550635E+03
   4.3897676E+00   3.6091912E+03   3.6307810E+03
   4.4037042E+00   3.6002214E+03   3.6221489E+03
   4.4223900E+00   3.5875667E+03   3.6097654E+03
   4.4408174E+00   3.5633669E+03   3.5850327E+03
   4.4545660E+00   3.5682461E+03   3.5905999E+03
   4.4749060E+00   3.5704531E+03   3.5933394E+03
   4.4890804E+00   3.5558015E+03   3.5781677E+03
   4.5055022E+00   3.5472759E+03   3.5692102E+03
   4.5239482E+00   3.5594895E+03   3.5815835E+03
   4.5412889E+00   3.5422144E+03   3.5631809E+03
   4.5577073E+00   3.5452261E+03   3.5655942E+03
   4.5749221E+00   3.5462734E+03   3.5657742E+03
   4.5894160E+00   3.5441404E+03   3.5627395E+03
   4.6063218E+00   3.5463511E+03   3.5638162E+03
   4.6234617E+00   3.5501335E+03   3.5663108E+03
   4.6406431E+00   3.5548430E+03   3.5695146E+03
   4.6579404E+00   3.5603611E+03   3.5735129E+03
   4.6754332E+00   3.5674548E+03   3.5788501E+03
   4.6932135E+00   3.5662761E+03   3.5771248E+03
   4.7111797E+00   3.5824951E+03   3.5906128E+03
   4.7247939E+00   3.5888569E+03   3.5956108E+03
   4.7431564E+00   3.6007639E+03   3.6055361E+03
   4.7617850E+00   3.6132346E+03   3.6161040E+03
   4.7759528E+00   3.6412712E+03   3.6414148E+03
   4.7951531E+00   3.6261670E+03   3.6263911E+03
   4.8098588E+00   3.6660085E+03   3.6625659E+03
   4.8298955E+00   3.6836135E+03   3.6785686E+03
   4.8451767E+00   3.6798726E+03   3.6745815E+03
   4.8608594E+00   3.6946086E+03   3.6877588E+03
   4.8769670E+00   3.7366731E+03   3.7272512E+03
   4.8937211E+00   3.7235195E+03   3.7142039E+03
   4.9112020E+00   3.8058640E+03   3.7914507E+03
   4.9288816E+00   3.7866606E+03   3.7729790E+03
   4.9454155E+00   3.7878037E+03   3.7727083E+03
   4.9632716E+00   3.8534897E+03   3.8344280E+03
   4.9807301E+00   3.8767344E+03   3.8554065E+03
   4.9969292E+00   3.9028640E+03   3.8788013E+03
   5.0132527E+00   3.9299243E+03   3.9032544E+03
   5.0317621E+00   3.9613772E+03   3.9315508E+03
   5.0470939E+00   3.9858528E+03   3.9534856E+03
   5.0651970E+00   4.0188252E+03   3.9830999E+03
   5.0789289E+00   4.0476121E+03   4.0091030E+03
   5.0973864E+00   4.0991509E+03   4.0568240E+03
   5.1155696E+00   4.1170835E+03   4.0713848E+03
   5.1336079E+00   4.1517749E+03   4.1022148E+03
   5.1466551E+00   4.1054644E+03   4.0543269E+03
   5.1634860E+00   4.2405786E+03   4.1841650E+03
   5.1836910E+00   4.2248672E+03   4.1647622E+03
   5.1989551E+00   4.3180527E+03   4.2542422E+03
   5.2162848E+00   4.3183896E+03   4.2510483E+03
   5.2340555E+00   4.3441782E+03   4.2734263E+03
   5.2511673E+00   4.3827383E+03   4.3087144E+03
   5.2676454E+00   4.4116665E+03   4.3351260E+03
   5.2834430E+00   4.4249160E+03   4.3459302E+03
   5.3015366E+00   4.4487886E+03   4.3673813E+03
   5.3160386E+00   4.4612891E+03   4.3780000E+03
   5.3350186E+00   4.4820918E+03   4.3977900E+03
   5.3516946E+00   4.4882632E+03   4.4024863E+03
   5.3672237E+00   4.5025874E+03   4.4177729E+03
   5.3840418E+00   4.4998447E+03   4.4141123E+03
   5.4024224E+00   4.5078091E+03   4.4242676E+03
   5.4174862E+00   4.5049443E+03   4.4231699E+03
   5.4361243E+00   4.4947812E+03   4.4144380E+03
   5.4528966E+00   4.4918354E+03   4.4142148E+03
   5.4703403E+00   4.4784375E+03   4.4053667E+03
   5.4857044E+00   4.4668745E+03   4.3960664E+03
   5.5016227E+00   4.4457451E+03   4.3800854E+03
   5.5210261E+00   4.4310469E+03   4.3700039E+03
   5.5357733E+00   4.4105332E+03   4.3539800E+03
   5.5547457E+00   4.3877510E+03   4.3368516E+03
   5.5711226E+00   4.3549043E+03   4.3095811E+03
   5.5877542E+00   4.3293823E+03   4.2895449E+03
   5.6045184E+00   4.3035205E+03   4.2682769E+03
   5.6219120E+00   4.2698799E+03   4.2400352E+03
   5.6367493E+00   4.2474199E+03   4.2215635E+03
   5.6556978E+00   4.2073062E+03   4.1869170E+03
   5.6702828E+00   4.1768750E+03   4.1603008E+03
   5.6872663E+00   4.1368174E+03   4.1245361E+03
   5.7053280E+00   4.1165562E+03   4.1078052E+03
   5.7216177E+00   4.0635745E+03   4.0584443E+03
   5.7406363E+00   4.0420708E+03   4.0404055E+03
   5.7558980E+00   4.0142412E+03   4.0148804E+03
   5.7748957E+00   3.9624836E+03   3.9663318E+03
   5.7904415E+00   3.9502932E+03   3.9561477E+03
   5.8059196E+00   3.9129521E+03   3.9207402E+03
   5.8223238E+00   3.8793401E+03   3.8891475E+03
   5.8385472E+00   3.8523088E+03   3.8638687E+03
   5.8585043E+00   3.8274666E+03   3.8411570E+03
   5.8741503E+00   3.7845986E+03   3.7989116E+03
   5.8921275E+00   3.7758640E+03   3.7927007E+03
   5.9095883E+00   3.7347002E+03   3.7518027E+03
   5.9258561E+00   3.7139558E+03   3.7323813E+03
   5.9421964E+00   3.6966326E+03   3.7157805E+03
   5.9580841E+00   3.6721895E+03   3.6918616E+03
   5.9740920E+00   3.6571953E+03   3.6776006E+03
   5.9934707E+00   3.6326094E+03   3.6534900E+03
   6.0100384E+00   3.6238433E+03   3.6456125E+03
   6.0269399E+00   3.6032053E+03   3.6253367E+03
   6.0441728E+00   3.5894639E+03   3.6122212E+03
   6.0582581E+00   3.5789924E+03   3.6021516E+03
   6.0762138E+00   3.5666235E+03   3.5902354E+03
   6.0944595E+00   3.5547976E+03   3.5787668E+03
   6.1090641E+00   3.5466855E+03   3.5708303E+03
   6.1273484E+00   3.5364158E+03   3.5606875E+03
   6.1442461E+00   3.5294163E+03   3.5536284E+03
   6.1602073E+00   3.5230042E+03   3.5470330E+03
   6.1782846E+00   3.5177588E+03   3.5415125E+03
   6.1955204E+00   3.5131667E+03   3.5365161E+03
   6.2126107E+00   3.5104299E+03   3.5334258E+03
   6.2291374E+00   3.5052925E+03   3.5274805E+03
   6.2458100E+00   3.5078181E+03   3.5298936E+03
   6.2626052E+00   3.5031875E+03   3.5238853E+03
   6.2797756E+00   3.5018103E+03   3.5220049E+03
   6.2969227E+00   3.5022197E+03   3.5212444E+03
   6.3140306E+00   3.5028838E+03   3.5207629E+03
   6.3311419E+00   3.5037305E+03   3.5204670E+03
   6.3482885E+00   3.5068142E+03   3.5223599E+03
   6.3654613E+00   3.5100979E+03   3.5242949E+03
   6.3826776E+00   3.5139224E+03   3.5266675E+03
   6.3955817E+00   3.5173396E+03   3.5290979E+03
   6.4128151E+00   3.5238933E+03   3.5341018E+03
   6.4301381E+00   3.5301768E+03   3.5388542E+03
   6.4475822E+00   3.5362793E+03   3.5434255E+03
   6.4651575E+00   3.5458103E+03   3.5511367E+03
   6.4828749E+00   3.5593533E+03   3.5626650E+03
   6.4999299E+00   3.5576094E+03   3.5603457E+03
   6.5170321E+00   3.5752910E+03   3.5758372E+03
   6.5313468E+00   3.5819321E+03   3.5816621E+03
   6.5507641E+00   3.5904355E+03   3.5887019E+03
   6.5682030E+00   3.6070398E+03   3.6039478E+03
   6.5812964E+00   3.6030115E+03   3.5997351E+03
   6.5987053E+00   3.6354214E+03   3.6300347E+03
   6.6161919E+00   3.6303079E+03   3.6241001E+03
   6.6337137E+00   3.6651279E+03   3.6569749E+03
   6.6512084E+00   3.6737961E+03   3.6647961E+03
   6.6687622E+00   3.6834036E+03   3.6734299E+03
   6.6863852E+00   3.7066240E+03   3.6951582E+03
   6.6996269E+00   3.7224641E+03   3.7099456E+03
   6.7171435E+00   3.7650667E+03   3.7501379E+03
   6.7344122E+00   3.7430671E+03   3.7282307E+03
   6.7515302E+00   3.8246418E+03   3.8062251E+03
   6.7681766E+00   3.7943840E+03   3.7758538E+03
   6.7845240E+00   3.8064463E+03   3.7861704E+03
   6.8007998E+00   3.8075442E+03   3.7865007E+03
   6.8207006E+00   3.8757690E+03   3.8509446E+03
   6.8370676E+00   3.8783833E+03   3.8523137E+03
   6.8530908E+00   3.9181379E+03   3.8895874E+03
   6.8688803E+00   3.9498667E+03   3.9193958E+03
   6.8881254E+00   3.9661255E+03   3.9337065E+03
   6.9022884E+00   3.9949438E+03   3.9610029E+03
   6.9198217E+00   4.0151790E+03   3.9793545E+03
   6.9374318E+00   4.0368960E+03   3.9992063E+03
   6.9543786E+00   4.0695842E+03   4.0303503E+03
   6.9723067E+00   4.0831772E+03   4.0421538E+03
   6.9892902E+00   4.1088247E+03   4.0663857E+03
   7.0064235E+00   4.1227178E+03   4.0787881E+03
   7.0232658E+00   4.1428618E+03   4.0979062E+03
   7.0398703E+00   4.1657896E+03   4.1201147E+03
   7.0569196E+00   4.1722236E+03   4.1254604E+03
   7.0744634E+00   4.1916011E+03   4.1444634E+03
   7.0885806E+00   4.2008906E+03   4.1535229E+03
   7.1061835E+00   4.2097168E+03   4.1623955E+03
   7.1234851E+00   4.2173330E+03   4.1702480E+03
   7.1403699E+00   4.2204263E+03   4.1734629E+03
   7.1573086E+00   4.2255576E+03   4.1795635E+03
   7.1742711E+00   4.2252764E+03   4.1800151E+03
   7.1906013E+00   4.2233125E+03   4.1793950E+03
   7.2071047E+00   4.2199761E+03   4.1774731E+03
   7.2245727E+00   4.2145938E+03   4.1738174E+03
   7.2416730E+00   4.2071479E+03   4.1685132E+03
   7.2585859E+00   4.1965620E+03   4.1602314E+03
   7.2756801E+00   4.1835132E+03   4.1498994E+03
   7.2922912E+00   4.1673340E+03   4.1367646E+03
   7.3085327E+00   4.1557080E+03   4.1276519E+03
   7.3244910E+00   4.1371221E+03   4.1121562E+03
   7.3442135E+00   4.1162017E+03   4.0948142E+03
   7.3585582E+00   4.1035884E+03   4.0846184E+03
   7.3763032E+00   4.0715701E+03   4.0564441E+03
   7.3942690E+00   4.0687559E+03   4.0560984E+03
   7.4096556E+00   4.0342080E+03   4.0248276E+03
   7.4273915E+00   3.9942178E+03   3.9883918E+03
   7.4451151E+00   3.9784890E+03   3.9751162E+03
   7.4626503E+00   3.9285032E+03   3.9285222E+03
   7.4765959E+00   3.9470095E+03   3.9481670E+03
   7.4937401E+00   3.8947566E+03   3.8986333E+03
   7.5102372E+00   3.8595107E+03   3.8656379E+03
   7.5294771E+00   3.8423513E+03   3.8505137E+03
   7.5454001E+00   3.8106953E+03   3.8207563E+03
   7.5609522E+00   3.7864475E+03   3.7982971E+03
   7.5799336E+00   3.7548499E+03   3.7687959E+03
   7.5960383E+00   3.7308257E+03   3.7465183E+03
   7.6124306E+00   3.7012117E+03   3.7186272E+03
   7.6284943E+00   3.6748560E+03   3.6937822E+03
   7.6482434E+00   3.6479592E+03   3.6686960E+03
   7.6646414E+00   3.6178525E+03   3.6397437E+03
   7.6801772E+00   3.6003511E+03   3.6234153E+03
   7.6988316E+00   3.5742922E+03   3.5985879E+03
   7.7145796E+00   3.5519221E+03   3.5772642E+03
   7.7305417E+00   3.5281172E+03   3.5544736E+03
   7.7466455E+00   3.5097351E+03   3.5371833E+03
   7.7662382E+00   3.4856226E+03   3.5143770E+03
   7.7826896E+00   3.4641646E+03   3.4939883E+03
   7.7992067E+00   3.4467573E+03   3.4777346E+03
   7.8151827E+00   3.4282300E+03   3.4603064E+03
   7.8312278E+00   3.4094646E+03   3.4424736E+03
   7.8506885E+00   3.3952373E+03   3.4295076E+03
   7.8668723E+00   3.3757119E+03   3.4106851E+03
   7.8831062E+00   3.3618247E+03   3.3974934E+03
   7.8998809E+00   3.3486985E+03   3.3848442E+03
   7.9167256E+00   3.3361968E+03   3.3726375E+03
   7.9339123E+00   3.3264451E+03   3.3632056E+03
   7.9513183E+00   3.3114402E+03   3.3477517E+03
   7.9688544E+00   3.2981187E+03   3.3341208E+03
   7.9830709E+00   3.3029014E+03   3.3386072E+03
   8.0006914E+00   3.2883894E+03   3.3232312E+03
   8.0183630E+00   3.2815542E+03   3.3150559E+03
   8.0359497E+00   3.2777078E+03   3.3101345E+03
   8.0533943E+00   3.2724360E+03   3.3031138E+03
   8.0672789E+00   3.2701150E+03   3.2997268E+03
   8.0845413E+00   3.2683115E+03   3.2961519E+03
   8.1017332E+00   3.2665925E+03   3.2924246E+03
   8.1189194E+00   3.2658545E+03   3.2895596E+03
   8.1360979E+00   3.2667568E+03   3.2884287E+03
   8.1531897E+00   3.2682715E+03   3.2879165E+03
   8.1702681E+00   3.2705647E+03   3.2881538E+03
   8.1873217E+00   3.2776150E+03   3.2921741E+03
   8.2043114E+00   3.2773186E+03   3.2912729E+03
   8.2213020E+00   3.2821641E+03   3.2934541E+03
   8.2382736E+00   3.2934124E+03   3.3022649E+03
   8.2552614E+00   3.2980159E+03   3.3053835E+03
   8.2721672E+00   3.2985317E+03   3.3040286E+03
   8.2890692E+00   3.3140349E+03   3.3177532E+03
   8.3058815E+00   3.3238589E+03   3.3248250E+03
   8.3225288E+00   3.3465110E+03   3.3457363E+03
   8.3384199E+00   3.3541294E+03   3.3518218E+03
   8.3565664E+00   3.3746733E+03   3.3704121E+03
   8.3717451E+00   3.3867070E+03   3.3812595E+03
   8.3893633E+00   3.4080449E+03   3.4007378E+03
   8.4059820E+00   3.4249258E+03   3.4162219E+03
   8.4232988E+00   3.4490181E+03   3.4383381E+03
   8.4400663E+00   3.4706804E+03   3.4584297E+03
   8.4576120E+00   3.4969785E+03   3.4825481E+03
   8.4724255E+00   3.5174194E+03   3.5012605E+03
   8.4900885E+00   3.5544402E+03   3.5355496E+03
   8.5078573E+00   3.5906836E+03   3.5690134E+03
   8.5229959E+00   3.6084028E+03   3.5847886E+03
   8.5416918E+00   3.6501396E+03   3.6231189E+03
   8.5574799E+00   3.6776978E+03   3.6481238E+03
   8.5737114E+00   3.7201306E+03   3.6872791E+03
   8.5934896E+00   3.7583276E+03   3.7216885E+03
   8.6095858E+00   3.7930732E+03   3.7530969E+03
   8.6256189E+00   3.8356824E+03   3.7924709E+03
   8.6422701E+00   3.8614929E+03   3.8151926E+03
   8.6592798E+00   3.9089307E+03   3.8594404E+03
   8.6753912E+00   3.9507402E+03   3.8983401E+03
   8.6937456E+00   3.9905991E+03   3.9352119E+03
   8.7091980E+00   3.9977302E+03   3.9398218E+03
   8.7280769E+00   4.0700771E+03   4.0097522E+03
   8.7440405E+00   4.0821946E+03   4.0195776E+03
   8.7602720E+00   4.1171572E+03   4.0528611E+03
   8.7789984E+00   4.1516846E+03   4.0857234E+03
   8.7936516E+00   4.1694336E+03   4.1023496E+03
   8.8101416E+00   4.1940903E+03   4.1266030E+03
   8.8283367E+00   4.2130024E+03   4.1451309E+03
   8.8452053E+00   4.2280220E+03   4.1607832E+03
   8.8619862E+00   4.2379814E+03   4.1714854E+03
   8.8787527E+00   4.2429429E+03   4.1772173E+03
   8.8955250E+00   4.2488638E+03   4.1854897E+03
   8.9127531E+00   4.2417534E+03   4.1795034E+03
   8.9301291E+00   4.2441582E+03   4.1862896E+03
   8.9467306E+00   4.2366196E+03   4.1808950E+03
   8.9643173E+00   4.2197334E+03   4.1682207E+03
   8.9798374E+00   4.2149268E+03   4.1672280E+03
   8.9982643E+00   4.1977979E+03   4.1549106E+03
   9.0138350E+00   4.1757524E+03   4.1379961E+03
   9.0306273E+00   4.1613774E+03   4.1279019E+03
   9.0488529E+00   4.1142437E+03   4.0885098E+03
   9.0647211E+00   4.1263374E+03   4.1028623E+03
   9.0805407E+00   4.0748948E+03   4.0576128E+03
   9.0982285E+00   4.0559741E+03   4.0431245E+03
   9.1160374E+00   4.0082637E+03   4.0015566E+03
   9.1330118E+00   3.9969304E+03   3.9933699E+03
   9.1502581E+00   3.9735139E+03   3.9738638E+03
   9.1668167E+00   3.9038032E+03   3.9082175E+03
   9.1832256E+00   3.8805652E+03   3.8880020E+03
   9.1992893E+00   3.8450923E+03   3.8544602E+03
   9.2154818E+00   3.8082385E+03   3.8205444E+03
   9.2320604E+00   3.7737927E+03   3.7884995E+03
   9.2502899E+00   3.7346648E+03   3.7515972E+03
   9.2663517E+00   3.7024717E+03   3.7214214E+03
   9.2842579E+00   3.6577073E+03   3.6788394E+03
   9.3012228E+00   3.6324551E+03   3.6554756E+03
   9.3168249E+00   3.5889612E+03   3.6135496E+03
   9.3340454E+00   3.5649807E+03   3.5910674E+03
   9.3508244E+00   3.5353330E+03   3.5629983E+03
   9.3677626E+00   3.4938967E+03   3.5220146E+03
   9.3850746E+00   3.4690625E+03   3.4984827E+03
   9.4020424E+00   3.4522900E+03   3.4833069E+03
   9.4186649E+00   3.4079116E+03   3.4388335E+03
   9.4350586E+00   3.3935320E+03   3.4253550E+03
   9.4536142E+00   3.3657959E+03   3.3982864E+03
   9.4697828E+00   3.3497764E+03   3.3828967E+03
   9.4863367E+00   3.3303853E+03   3.3639197E+03
   9.5029125E+00   3.3100593E+03   3.3439136E+03
   9.5195122E+00   3.2962290E+03   3.3304824E+03
   9.5368643E+00   3.2813215E+03   3.3154905E+03
   9.5542088E+00   3.2674529E+03   3.3016423E+03
   9.5709858E+00   3.2597332E+03   3.2936704E+03
   9.5888033E+00   3.2476108E+03   3.2812456E+03
   9.6039295E+00   3.2416865E+03   3.2746658E+03
   9.6216011E+00   3.2344312E+03   3.2665840E+03
   9.6387749E+00   3.2298926E+03   3.2609939E+03
   9.6564779E+00   3.2263904E+03   3.2563083E+03
   9.6715975E+00   3.2235132E+03   3.2522036E+03
   9.6892376E+00   3.2222212E+03   3.2493545E+03
   9.7066813E+00   3.2214248E+03   3.2469829E+03
   9.7231913E+00   3.2209307E+03   3.2448804E+03
   9.7392397E+00   3.2222493E+03   3.2445435E+03
   9.7572813E+00   3.2237852E+03   3.2442344E+03
   9.7731256E+00   3.2264783E+03   3.2452688E+03
   9.7893305E+00   3.2294607E+03   3.2466182E+03
   9.8078651E+00   3.2333538E+03   3.2486211E+03
   9.8245869E+00   3.2402256E+03   3.2534663E+03
   9.8414059E+00   3.2458010E+03   3.2575623E+03
   9.8590784E+00   3.2523586E+03   3.2620818E+03
   9.8737926E+00   3.2589570E+03   3.2673840E+03
   9.8914833E+00   3.2682551E+03   3.2749707E+03
   9.9072695E+00   3.2933381E+03   3.2970183E+03
   9.9257050E+00   3.2834443E+03   3.2872563E+03
   9.9414806E+00   3.2980901E+03   3.3001360E+03
   9.9598589E+00   3.3110686E+03   3.3116086E+03
   9.9755993E+00   3.3170837E+03   3.3164431E+03
   9.9938593E+00   3.3434771E+03   3.3407673E+03
   1.0009367E+01   3.3461895E+03   3.3426707E+03
   1.0026637E+01   3.3578523E+03   3.3536802E+03
   1.0043965E+01   3.3868721E+03   3.3807224E+03
   1.0059856E+01   3.4114465E+03   3.4032402E+03
   1.0078329E+01   3.4296951E+03   3.4198813E+03
   1.0094359E+01   3.4474419E+03   3.4365334E+03
   1.0110248E+01   3.4722849E+03   3.4596379E+03
   1.0128251E+01   3.4885999E+03   3.4747307E+03
   1.0144259E+01   3.5278347E+03   3.5114810E+03
   1.0160693E+01   3.5457625E+03   3.5276919E+03
   1.0179628E+01   3.5832812E+03   3.5626357E+03
   1.0196089E+01   3.6051431E+03   3.5824604E+03
   1.0213186E+01   3.6365598E+03   3.6112810E+03
   1.0228060E+01   3.6742336E+03   3.6463494E+03
   1.0245119E+01   3.6957026E+03   3.6650728E+03
   1.0261933E+01   3.7444758E+03   3.7105964E+03
   1.0280475E+01   3.7715161E+03   3.7344739E+03
   1.0296253E+01   3.8185479E+03   3.7784512E+03
   1.0314091E+01   3.8481245E+03   3.8051135E+03
   1.0329656E+01   3.8769358E+03   3.8312725E+03
   1.0347459E+01   3.9130537E+03   3.8644497E+03
   1.0365342E+01   3.9688557E+03   3.9175447E+03
   1.0380998E+01   3.9778796E+03   3.9242126E+03
   1.0398985E+01   4.0202361E+03   3.9641091E+03
   1.0414800E+01   4.0514668E+03   3.9933591E+03
   1.0432977E+01   4.0825784E+03   4.0224788E+03
   1.0448778E+01   4.1004731E+03   4.0386418E+03
   1.0466543E+01   4.1320376E+03   4.0691787E+03
   1.0482229E+01   4.1493735E+03   4.0854778E+03
   1.0498454E+01   4.1662817E+03   4.1019819E+03
   1.0516287E+01   4.1913818E+03   4.1280962E+03
   1.0533251E+01   4.1927246E+03   4.1293853E+03
   1.0549629E+01   4.2070254E+03   4.1452090E+03
   1.0567697E+01   4.2082651E+03   4.1468354E+03
   1.0583781E+01   4.2065635E+03   4.1477222E+03
   1.0601667E+01   4.2017544E+03   4.1447393E+03
   1.0617628E+01   4.1985503E+03   4.1445054E+03
   1.0634103E+01   4.1887983E+03   4.1383711E+03
   1.0650630E+01   4.1709243E+03   4.1245562E+03
   1.0669009E+01   4.1577310E+03   4.1156538E+03
   1.0684998E+01   4.1444683E+03   4.1068882E+03
   1.0702124E+01   4.1202471E+03   4.0880303E+03
   1.0719243E+01   4.1046836E+03   4.0768271E+03
   1.0735839E+01   4.0656665E+03   4.0437349E+03
   1.0752522E+01   4.0551711E+03   4.0368311E+03
   1.0768791E+01   4.0004341E+03   3.9874165E+03
   1.0786535E+01   3.9956965E+03   3.9867874E+03
   1.0802602E+01   3.9509373E+03   3.9458359E+03
   1.0820923E+01   3.9238813E+03   3.9229077E+03
   1.0836894E+01   3.8819053E+03   3.8841382E+03
   1.0854167E+01   3.8563967E+03   3.8616587E+03
   1.0871419E+01   3.8236846E+03   3.8317258E+03
   1.0886741E+01   3.7888845E+03   3.7989729E+03
   1.0904537E+01   3.7558755E+03   3.7685344E+03
   1.0920391E+01   3.6849905E+03   3.6992705E+03
   1.0938533E+01   3.6210562E+03   3.6369031E+03
   1.0955051E+01   3.6884355E+03   3.7073428E+03
   1.0971740E+01   3.6077136E+03   3.6279368E+03
   1.0988676E+01   3.5645933E+03   3.5851770E+03
   1.1005001E+01   3.5589316E+03   3.5831401E+03
   1.1023540E+01   3.5253845E+03   3.5494429E+03
   1.1039734E+01   3.5125981E+03   3.5398308E+03
   1.1055904E+01   3.4919121E+03   3.5181841E+03
   1.1073841E+01   3.4584946E+03   3.4860051E+03
   1.1090198E+01   3.4197156E+03   3.4481233E+03
   1.1106659E+01   3.4016445E+03   3.4310339E+03
   1.1123266E+01   3.3802263E+03   3.4104019E+03
   1.1140126E+01   3.3614761E+03   3.3922844E+03
   1.1157261E+01   3.3452048E+03   3.3767439E+03
   1.1174651E+01   3.3308452E+03   3.3629905E+03
   1.1192100E+01   3.3102471E+03   3.3427708E+03
   1.1207574E+01   3.3023064E+03   3.3356169E+03
   1.1225235E+01   3.2884038E+03   3.3216809E+03
   1.1242697E+01   3.2768765E+03   3.3098455E+03
   1.1258084E+01   3.2615198E+03   3.2941733E+03
   1.1275502E+01   3.2582222E+03   3.2905200E+03
   1.1292958E+01   3.2483193E+03   3.2802002E+03
   1.1310500E+01   3.2416399E+03   3.2724312E+03
   1.1326117E+01   3.2382515E+03   3.2684148E+03
   1.1343561E+01   3.2340024E+03   3.2630527E+03
   1.1360657E+01   3.2316848E+03   3.2594561E+03
   1.1377718E+01   3.2287251E+03   3.2554231E+03
   1.1394676E+01   3.2267219E+03   3.2519028E+03
   1.1409986E+01   3.2255588E+03   3.2489346E+03
   1.1427247E+01   3.2273020E+03   3.2492246E+03
   1.1444898E+01   3.2261050E+03   3.2451028E+03
   1.1460760E+01   3.2290779E+03   3.2478474E+03
   1.1477428E+01   3.2318149E+03   3.2494036E+03
   1.1494564E+01   3.2346494E+03   3.2505564E+03
   1.1511812E+01   3.2376526E+03   3.2520562E+03
   1.1529011E+01   3.2441589E+03   3.2566860E+03
   1.1546263E+01   3.2502842E+03   3.2610498E+03
   1.1563422E+01   3.2538013E+03   3.2633442E+03
   1.1580456E+01   3.2650293E+03   3.2725518E+03
   1.1597356E+01   3.2686299E+03   3.2750608E+03
   1.1614140E+01   3.2873899E+03   3.2914675E+03
   1.1630798E+01   3.2851802E+03   3.2886438E+03
   1.1647323E+01   3.3080359E+03   3.3092546E+03
   1.1663802E+01   3.3079600E+03   3.3084758E+03
   1.1680292E+01   3.3246382E+03   3.3236077E+03
   1.1698731E+01   3.3407705E+03   3.3381333E+03
   1.1715004E+01   3.3585349E+03   3.3543123E+03
   1.1731155E+01   3.3935110E+03   3.3866155E+03
   1.1749205E+01   3.4033860E+03   3.3975840E+03
   1.1765062E+01   3.4076719E+03   3.3993269E+03
   1.1782549E+01   3.4157715E+03   3.4081411E+03
   1.1799655E+01   3.4484407E+03   3.4363755E+03
   1.1816803E+01   3.4734832E+03   3.4600662E+03
   1.1833785E+01   3.4922375E+03   3.4770564E+03
   1.1850205E+01   3.5276626E+03   3.5106924E+03
   1.1866582E+01   3.5530532E+03   3.5339587E+03
   1.1882992E+01   3.5834998E+03   3.5620652E+03
   1.1900462E+01   3.6142148E+03   3.5896089E+03
   1.1917560E+01   3.6663979E+03   3.6399436E+03
   1.1934333E+01   3.6770320E+03   3.6469961E+03
   1.1951184E+01   3.7297261E+03   3.6972893E+03
   1.1967916E+01   3.7523867E+03   3.7167402E+03
   1.1984542E+01   3.7826301E+03   3.7444565E+03
   1.2001194E+01   3.8263086E+03   3.7849497E+03
   1.2017830E+01   3.8488538E+03   3.8049941E+03
   1.2036089E+01   3.8934617E+03   3.8465825E+03
   1.2052758E+01   3.9236497E+03   3.8742039E+03
   1.2069574E+01   3.9600925E+03   3.9082385E+03
   1.2086844E+01   3.9956174E+03   3.9414973E+03
   1.2102554E+01   4.0164983E+03   3.9603247E+03
   1.2119726E+01   4.0497480E+03   3.9918401E+03
   1.2136871E+01   4.0768901E+03   4.0175215E+03
   1.2154001E+01   4.1018208E+03   4.0412810E+03
   1.2171276E+01   4.1229834E+03   4.0615610E+03
   1.2186667E+01   4.1366646E+03   4.0749346E+03
   1.2204091E+01   4.1525923E+03   4.0913506E+03
   1.2221717E+01   4.1614707E+03   4.1008677E+03
   1.2238321E+01   4.1728726E+03   4.1142070E+03
   1.2255473E+01   4.1704575E+03   4.1116172E+03
   1.2271962E+01   4.1731162E+03   4.1176528E+03
   1.2288605E+01   4.1673799E+03   4.1140791E+03
   1.2305107E+01   4.1612012E+03   4.1108354E+03
   1.2321736E+01   4.1517500E+03   4.1048096E+03
   1.2339977E+01   4.1321006E+03   4.0898254E+03
   1.2355395E+01   4.1175391E+03   4.0795420E+03
   1.2373773E+01   4.1079033E+03   4.0738816E+03
   1.2390289E+01   4.0819155E+03   4.0534595E+03
   1.2406528E+01   4.0653679E+03   4.0405698E+03
   1.2424313E+01   4.0354829E+03   4.0160088E+03
   1.2440767E+01   4.0032085E+03   3.9889492E+03
   1.2457500E+01   3.9783000E+03   3.9683245E+03
   1.2473839E+01   3.9567227E+03   3.9500210E+03
   1.2490959E+01   3.9216506E+03   3.9195017E+03
   1.2508311E+01   3.8794683E+03   3.8807612E+03
   1.2524342E+01   3.8524307E+03   3.8560261E+03
   1.2542034E+01   3.8231550E+03   3.8294104E+03
   1.2559119E+01   3.7621975E+03   3.7725940E+03
   1.2576036E+01   3.7610266E+03   3.7724343E+03
   1.2593233E+01   3.6992812E+03   3.7127769E+03
   1.2609048E+01   3.6938867E+03   3.7092502E+03
   1.2626549E+01   3.6090938E+03   3.6292852E+03
   1.2642656E+01   3.5921482E+03   3.6133159E+03
   1.2660310E+01   3.5861414E+03   3.6062761E+03
   1.2677343E+01   3.5729783E+03   3.5954080E+03
   1.2694146E+01   3.4788701E+03   3.5026880E+03
   1.2711020E+01   3.5293643E+03   3.5564070E+03
   1.2727926E+01   3.4689768E+03   3.4959211E+03
   1.2744894E+01   3.4406418E+03   3.4685881E+03
   1.2761889E+01   3.4108777E+03   3.4400049E+03
   1.2777542E+01   3.3843701E+03   3.4146895E+03
   1.2794477E+01   3.3627793E+03   3.3932354E+03
   1.2811640E+01   3.3443113E+03   3.3756672E+03
   1.2828986E+01   3.2949209E+03   3.3257822E+03
   1.2844906E+01   3.3064189E+03   3.3392727E+03
   1.2862126E+01   3.2807397E+03   3.3151509E+03
   1.2879764E+01   3.2417356E+03   3.2768293E+03
   1.2897101E+01   3.2503816E+03   3.2841201E+03
   1.2912907E+01   3.2364692E+03   3.2718669E+03
   1.2930083E+01   3.2274246E+03   3.2624624E+03
   1.2947216E+01   3.2258330E+03   3.2597976E+03
   1.2964538E+01   3.2074180E+03   3.2411970E+03
   1.2980427E+01   3.2190164E+03   3.2536155E+03
   1.2998061E+01   3.1973613E+03   3.2305437E+03
   1.3014384E+01   3.1852703E+03   3.2169817E+03
   1.3030866E+01   3.1849475E+03   3.2158010E+03
   1.3047521E+01   3.1817764E+03   3.2113755E+03
   1.3064315E+01   3.1782253E+03   3.2064121E+03
   1.3081296E+01   3.1768276E+03   3.2035581E+03
   1.3098488E+01   3.1760476E+03   3.2013213E+03
   1.3115835E+01   3.1763442E+03   3.1999724E+03
   1.3133229E+01   3.1719146E+03   3.1926440E+03
   1.3148922E+01   3.1776194E+03   3.1980122E+03
   1.3166232E+01   3.1791206E+03   3.1976577E+03
   1.3183166E+01   3.1815171E+03   3.1983296E+03
   1.3199697E+01   3.1847021E+03   3.1999729E+03
   1.3216389E+01   3.1894807E+03   3.2029082E+03
   1.3234354E+01   3.1929849E+03   3.2049121E+03
   1.3250558E+01   3.2066072E+03   3.2161206E+03
   1.3267366E+01   3.2063342E+03   3.2150723E+03
   1.3284187E+01   3.2095618E+03   3.2167856E+03
   1.3301334E+01   3.2226506E+03   3.2280813E+03
   1.3318480E+01   3.2293674E+03   3.2333860E+03
   1.3335478E+01   3.2398020E+03   3.2424714E+03
   1.3352345E+01   3.2234343E+03   3.2261758E+03
   1.3369069E+01   3.2566211E+03   3.2561335E+03
   1.3385672E+01   3.2833425E+03   3.2811738E+03
   1.3402149E+01   3.2934409E+03   3.2896609E+03
   1.3420149E+01   3.2987703E+03   3.2944084E+03
   1.3436399E+01   3.3132949E+03   3.3069246E+03
   1.3454098E+01   3.3483511E+03   3.3405205E+03
   1.3470126E+01   3.4131140E+03   3.4019602E+03
   1.3487490E+01   3.3822019E+03   3.3713945E+03
   1.3504691E+01   3.4023789E+03   3.3903813E+03
   1.3520218E+01   3.4172095E+03   3.4034075E+03
   1.3537107E+01   3.4450925E+03   3.4288833E+03
   1.3554858E+01   3.4831941E+03   3.4648254E+03
   1.3571869E+01   3.4812385E+03   3.4622109E+03
   1.3588290E+01   3.5193865E+03   3.4988875E+03
   1.3605880E+01   3.5512080E+03   3.5256936E+03
   1.3622082E+01   3.6012688E+03   3.5739590E+03
   1.3638362E+01   3.6269431E+03   3.5962742E+03
   1.3656075E+01   3.6566077E+03   3.6226365E+03
   1.3672538E+01   3.7052166E+03   3.6687034E+03
   1.3689087E+01   3.7255276E+03   3.6860417E+03
   1.3707232E+01   3.7774573E+03   3.7345237E+03
   1.3724094E+01   3.8055691E+03   3.7598877E+03
   1.3739633E+01   3.8374246E+03   3.7892622E+03
   1.3756637E+01   3.8764829E+03   3.8255039E+03
   1.3774724E+01   3.9135984E+03   3.8597915E+03
   1.3790560E+01   3.9518450E+03   3.8959578E+03
   1.3807566E+01   3.9719297E+03   3.9137693E+03
   1.3824625E+01   4.0084158E+03   3.9484939E+03
   1.3841764E+01   4.0265366E+03   3.9647295E+03
   1.3858993E+01   4.0577292E+03   3.9949861E+03
   1.3874972E+01   4.0715186E+03   4.0079414E+03
   1.3892348E+01   4.0881467E+03   4.0240762E+03
   1.3908467E+01   4.1065659E+03   4.0433186E+03
   1.3925893E+01   4.1170854E+03   4.0555862E+03
   1.3943405E+01   4.1265322E+03   4.0680813E+03
   1.3959169E+01   4.1211919E+03   4.0619182E+03
   1.3976356E+01   4.1215986E+03   4.0633118E+03
   1.3994148E+01   4.1084150E+03   4.0544377E+03
   1.4010597E+01   4.1037266E+03   4.0532349E+03
   1.4027000E+01   4.0962378E+03   4.0490750E+03
   1.4043491E+01   4.0849216E+03   4.0417800E+03
   1.4061125E+01   4.0659985E+03   4.0278667E+03
   1.4078087E+01   3.9996763E+03   3.9750706E+03
   1.4095284E+01   4.0039937E+03   3.9727607E+03
   1.4111193E+01   4.0012000E+03   3.9766064E+03
   1.4128814E+01   3.9718433E+03   3.9543157E+03
   1.4145526E+01   3.9103215E+03   3.9002244E+03
   1.4162221E+01   3.9214153E+03   3.9123508E+03
   1.4179096E+01   3.8645137E+03   3.8622578E+03
   1.4196204E+01   3.8494431E+03   3.8485432E+03
   1.4213497E+01   3.7978652E+03   3.8018091E+03
   1.4229755E+01   3.7505137E+03   3.7575935E+03
   1.4246191E+01   3.7490896E+03   3.7586199E+03
   1.4264093E+01   3.6681792E+03   3.6797896E+03
   1.4280913E+01   3.6565774E+03   3.6717798E+03
   1.4297859E+01   3.6282971E+03   3.6437664E+03
   1.4314402E+01   3.6022021E+03   3.6199517E+03
   1.4330734E+01   3.5651858E+03   3.5857534E+03
   1.4348427E+01   3.5252375E+03   3.5476997E+03
   1.4365078E+01   3.5052026E+03   3.5289854E+03
   1.4381843E+01   3.4418093E+03   3.4649424E+03
   1.4398322E+01   3.4180686E+03   3.4448271E+03
   1.4415940E+01   3.3720269E+03   3.3982419E+03
   1.4432344E+01   3.3685122E+03   3.3964490E+03
   1.4448770E+01   3.3790974E+03   3.4048357E+03
   1.4466562E+01   3.3149187E+03   3.3451526E+03
   1.4483158E+01   3.2884688E+03   3.3196248E+03
   1.4499870E+01   3.2505635E+03   3.2816104E+03
   1.4516665E+01   3.2375037E+03   3.2688218E+03
   1.4533547E+01   3.2386885E+03   3.2722896E+03
   1.4550450E+01   3.2044600E+03   3.2372004E+03
   1.4567645E+01   3.1942861E+03   3.2274099E+03
   1.4584923E+01   3.1659312E+03   3.1996917E+03
   1.4600908E+01   3.1747698E+03   3.2083787E+03
   1.4618183E+01   3.1637556E+03   3.1962253E+03
   1.4634360E+01   3.1590427E+03   3.1920090E+03
   1.4651891E+01   3.1417854E+03   3.1743828E+03
   1.4669132E+01   3.1409114E+03   3.1730671E+03
   1.4684974E+01   3.1320317E+03   3.1633550E+03
   1.4701989E+01   3.1280999E+03   3.1584407E+03
   1.4719232E+01   3.1244541E+03   3.1535740E+03
   1.4736386E+01   3.1222559E+03   3.1500488E+03
   1.4753411E+01   3.1204790E+03   3.1468833E+03
   1.4770105E+01   3.1193291E+03   3.1443096E+03
   1.4786458E+01   3.1193164E+03   3.1427876E+03
   1.4803695E+01   3.1197786E+03   3.1416833E+03
   1.4820704E+01   3.1211072E+03   3.1414299E+03
   1.4837464E+01   3.1229978E+03   3.1417234E+03
   1.4854165E+01   3.1256763E+03   3.1428367E+03
   1.4870788E+01   3.1285376E+03   3.1442456E+03
   1.4888373E+01   3.1337271E+03   3.1475764E+03
   1.4904856E+01   3.1377480E+03   3.1501394E+03
   1.4921550E+01   3.1424167E+03   3.1533528E+03
   1.4939254E+01   3.1542422E+03   3.1629197E+03
   1.4955801E+01   3.1559675E+03   3.1637683E+03
   1.4972774E+01   3.1638071E+03   3.1701643E+03
   1.4989680E+01   3.1661965E+03   3.1713503E+03
   1.5006054E+01   3.1799700E+03   3.1834534E+03
   1.5023208E+01   3.1881460E+03   3.1903894E+03
   1.5040618E+01   3.1997520E+03   3.2004609E+03
   1.5057195E+01   3.2082678E+03   3.2078455E+03
   1.5073783E+01   3.2205994E+03   3.2185620E+03
   1.5090323E+01   3.2382512E+03   3.2347024E+03
   1.5108229E+01   3.2490532E+03   3.2443748E+03
   1.5124654E+01   3.2759512E+03   3.2696831E+03
   1.5140741E+01   3.2874421E+03   3.2800938E+03
   1.5158628E+01   3.3072153E+03   3.2982290E+03
   1.5174796E+01   3.3287856E+03   3.3182983E+03
   1.5191579E+01   3.3546841E+03   3.3421960E+03
   1.5208699E+01   3.3645010E+03   3.3508091E+03
   1.5226100E+01   3.4042446E+03   3.3882849E+03
   1.5242894E+01   3.4297761E+03   3.4116851E+03
   1.5259592E+01   3.4563489E+03   3.4359985E+03
   1.5276115E+01   3.4862937E+03   3.4642888E+03
   1.5293673E+01   3.5140261E+03   3.4880483E+03
   1.5310167E+01   3.5379807E+03   3.5098420E+03
   1.5326659E+01   3.5774380E+03   3.5461865E+03
   1.5344341E+01   3.6130520E+03   3.5787227E+03
   1.5361031E+01   3.7096101E+03   3.6736326E+03
   1.5377768E+01   3.6843130E+03   3.6441794E+03
   1.5394485E+01   3.7525444E+03   3.7079050E+03
   1.5411174E+01   3.7766472E+03   3.7287446E+03
   1.5428839E+01   3.7946858E+03   3.7442715E+03
   1.5445307E+01   3.8327844E+03   3.7796670E+03
   1.5462575E+01   3.8814890E+03   3.8256343E+03
   1.5478822E+01   3.9005632E+03   3.8418315E+03
   1.5495937E+01   3.9348542E+03   3.8737222E+03
   1.5513059E+01   3.9657109E+03   3.9022012E+03
   1.5529233E+01   4.0064680E+03   3.9418491E+03
   1.5546469E+01   4.0193647E+03   3.9531353E+03
   1.5563763E+01   4.0443113E+03   3.9769495E+03
   1.5580095E+01   4.0620496E+03   3.9949043E+03
   1.5597498E+01   4.0704751E+03   4.0031472E+03
   1.5614094E+01   4.0832793E+03   4.0174644E+03
   1.5630749E+01   4.1014937E+03   4.0415442E+03
   1.5647430E+01   4.0928730E+03   4.0364897E+03
   1.5664135E+01   4.0839309E+03   4.0228359E+03
   1.5681893E+01   4.0808081E+03   4.0235825E+03
   1.5698582E+01   4.0622515E+03   4.0095105E+03
   1.5715355E+01   4.0528062E+03   4.0039800E+03
   1.5732107E+01   4.0349597E+03   3.9921870E+03
   1.5748792E+01   4.0137312E+03   3.9753440E+03
   1.5765409E+01   3.9949380E+03   3.9627341E+03
   1.5782821E+01   3.9446292E+03   3.9181924E+03
   1.5799868E+01   3.9431001E+03   3.9219846E+03
   1.5816545E+01   3.9085171E+03   3.8922739E+03
   1.5833085E+01   3.8684199E+03   3.8575559E+03
   1.5849897E+01   3.8531274E+03   3.8471748E+03
   1.5866892E+01   3.8058921E+03   3.8041213E+03
   1.5884066E+01   3.7817527E+03   3.7831675E+03
   1.5901425E+01   3.7358696E+03   3.7400322E+03
   1.5918013E+01   3.6495498E+03   3.6581963E+03
   1.5934757E+01   3.6205405E+03   3.6320847E+03
   1.5951664E+01   3.6461846E+03   3.6581313E+03
   1.5968658E+01   3.6016914E+03   3.6152390E+03
   1.5985787E+01   3.5401392E+03   3.5526260E+03
   1.6002659E+01   3.5069407E+03   3.5286960E+03
   1.6019287E+01   3.5020496E+03   3.5208352E+03
   1.6035875E+01   3.4122617E+03   3.4301902E+03
   1.6052486E+01   3.4012034E+03   3.4247878E+03
   1.6070118E+01   3.3845500E+03   3.4078562E+03
   1.6086878E+01   3.3661130E+03   3.3910518E+03
   1.6103737E+01   3.3474561E+03   3.3737039E+03
   1.6120609E+01   3.3087268E+03   3.3365085E+03
   1.6137482E+01   3.2731467E+03   3.3009573E+03
   1.6154387E+01   3.2682808E+03   3.2978359E+03
   1.6171328E+01   3.2456438E+03   3.2756265E+03
   1.6188343E+01   3.2297502E+03   3.2605378E+03
   1.6204473E+01   3.2250410E+03   3.2560972E+03
   1.6221754E+01   3.1951233E+03   3.2256848E+03
   1.6238152E+01   3.1862371E+03   3.2180215E+03
   1.6255714E+01   3.1761670E+03   3.2077622E+03
   1.6272348E+01   3.1606885E+03   3.1921213E+03
   1.6289064E+01   3.1511125E+03   3.1820508E+03
   1.6305859E+01   3.1433748E+03   3.1741785E+03
   1.6322723E+01   3.1333635E+03   3.1635322E+03
   1.6339628E+01   3.1321685E+03   3.1621899E+03
   1.6356524E+01   3.1248650E+03   3.1541030E+03
   1.6373411E+01   3.1204084E+03   3.1488293E+03
   1.6390285E+01   3.1170769E+03   3.1445637E+03
   1.6407156E+01   3.1173335E+03   3.1440334E+03
   1.6423761E+01   3.1115840E+03   3.1363860E+03
   1.6441423E+01   3.1133784E+03   3.1376699E+03
   1.6457787E+01   3.1119956E+03   3.1352334E+03
   1.6474598E+01   3.1123406E+03   3.1343201E+03
   1.6491308E+01   3.1131301E+03   3.1338960E+03
   1.6508904E+01   3.1145566E+03   3.1340156E+03
   1.6525434E+01   3.1163145E+03   3.1345581E+03
   1.6542091E+01   3.1183264E+03   3.1356553E+03
   1.6559389E+01   3.1217439E+03   3.1374180E+03
   1.6576527E+01   3.1248638E+03   3.1392954E+03
   1.6592772E+01   3.1305288E+03   3.1436006E+03
   1.6610023E+01   3.1353164E+03   3.1469878E+03
   1.6626377E+01   3.1376633E+03   3.1482969E+03
   1.6643822E+01   3.1440493E+03   3.1532971E+03
   1.6660240E+01   3.1621353E+03   3.1691106E+03
   1.6677055E+01   3.1603252E+03   3.1667529E+03
   1.6693977E+01   3.1677529E+03   3.1729551E+03
   1.6711185E+01   3.1783254E+03   3.1817795E+03
   1.6728594E+01   3.1839365E+03   3.1865334E+03
   1.6745008E+01   3.1955044E+03   3.1965034E+03
   1.6761450E+01   3.2172563E+03   3.2162776E+03
   1.6778986E+01   3.2302920E+03   3.2282332E+03
   1.6795444E+01   3.2416663E+03   3.2384512E+03
   1.6813019E+01   3.2554949E+03   3.2508298E+03
   1.6829376E+01   3.2755437E+03   3.2693330E+03
   1.6846359E+01   3.2749392E+03   3.2681526E+03
   1.6862682E+01   3.3029143E+03   3.2939636E+03
   1.6880390E+01   3.3351235E+03   3.3243796E+03
