  flscon:  version 22.2.0.05  win64 2022 
 FLOW-3D   14:53:34  09/16/2023 bqrj     
   hydr3d   version  22.2.0.16 win64     09/12/2022 HYDRO    
 Simulation Template: Free Surface - TruVOF (Default)                            

Mesh Block   1
 printing pfxob, pfyob, pfzob, pfob       
       1     1002      0.000E+00      1.690E+01
   time              pfxob_1         pfyob_1         pfzob_1         pfob_1
   0.0000000E+00   1.8022986E-03   4.5282717E+00  -1.1417130E+00   4.6699848E+00
   9.4590866E-04  -9.5018059E-02  -4.2701489E+02   2.8693149E+00   4.2702457E+02
   1.7289400E-02   3.6611171E-03   4.2317085E+00  -1.0471704E+00   4.3593502E+00
   3.3269882E-02   5.6499988E-03   4.4552217E+00  -1.0789312E+00   4.5840073E+00
   4.9948502E-02   3.2252935E-03   4.7030849E+00  -1.1065511E+00   4.8315086E+00
   6.8598352E-02   3.7048000E-03   4.9793901E+00  -1.1377159E+00   5.1077132E+00
   8.4589377E-02   6.2700952E-03   5.2199445E+00  -1.1575112E+00   5.3467455E+00
   1.0124794E-01   6.8403822E-03   5.5419025E+00  -1.1792533E+00   5.6659837E+00
   1.1891903E-01   1.1239460E-02   5.8536601E+00  -1.1965950E+00   5.9747219E+00
   1.3548650E-01   1.0681339E-02   6.1642799E+00  -1.2204077E+00   6.2839365E+00
   1.5229796E-01   1.1759804E-02   6.4474716E+00  -1.2297360E+00   6.5637093E+00
   1.6854662E-01   1.4136324E-02   6.7820535E+00  -1.2430732E+00   6.8950477E+00
   1.8580629E-01   1.8519929E-02   7.0787916E+00  -1.2578859E+00   7.1897087E+00
   2.0296468E-01   1.5830601E-02   7.4188271E+00  -1.2648548E+00   7.5258956E+00
   2.1984044E-01   2.0994494E-02   7.6920447E+00  -1.2763584E+00   7.7972484E+00
   2.3681687E-01   2.8617496E-02   7.8908257E+00  -1.3058127E+00   7.9981933E+00
   2.5317514E-01   3.6168817E-02   8.0679836E+00  -1.3203809E+00   8.1753950E+00
   2.7010363E-01   2.0587714E-02   8.1910191E+00  -1.3656199E+00   8.3041029E+00
   2.8726614E-01   2.9636430E-02   8.3266211E+00  -1.3980048E+00   8.4432163E+00
   3.0404621E-01   2.2341305E-02   8.3684254E+00  -1.4220752E+00   8.4884243E+00
   3.2104805E-01   2.9237043E-02   8.2910070E+00  -1.4521713E+00   8.4172707E+00
   3.3821693E-01   3.1209098E-02   8.2964945E+00  -1.4696357E+00   8.4257116E+00
   3.5515565E-01   5.1120855E-02   7.9425607E+00  -1.4854198E+00   8.0804300E+00
   3.7186828E-01   6.0168516E-02   7.5808687E+00  -1.5022225E+00   7.7285094E+00
   3.8861641E-01   5.8791414E-02   7.2945924E+00  -1.5215487E+00   7.4518218E+00
   4.0533996E-01   5.6261316E-02   6.8725195E+00  -1.5415144E+00   7.0435047E+00
   4.2251199E-01   5.8595490E-02   6.3609653E+00  -1.5493684E+00   6.5472021E+00
   4.3929264E-01   6.3786976E-02   5.8376751E+00  -1.5693016E+00   6.0452647E+00
   4.5630533E-01   8.3838478E-02   5.0814571E+00  -1.5826006E+00   5.3228617E+00
   4.7349021E-01   6.8173788E-02   4.5147829E+00  -1.5995011E+00   4.7902312E+00
   4.9005255E-01   7.2869867E-02   3.7939961E+00  -1.6181638E+00   4.1253085E+00
   5.0692481E-01   3.7338033E-02   2.9600782E+00  -1.6435593E+00   3.3859627E+00
   5.2364099E-01   5.3921249E-02   2.2901192E+00  -1.6674997E+00   2.8333919E+00
   5.4072988E-01   3.2993253E-02   1.6112598E+00  -1.6702633E+00   2.3209968E+00
   5.5773735E-01   4.1133288E-02   7.3721462E-01  -1.6941671E+00   1.8480746E+00
   5.7437503E-01   5.0001338E-02  -5.0149772E-02  -1.6928496E+00   1.6943303E+00
   5.9163493E-01   3.7843388E-02  -8.2565910E-01  -1.6936008E+00   1.8845234E+00
   6.0820401E-01   2.9338722E-03  -1.5319166E+00  -1.6819668E+00   2.2750361E+00
   6.2568951E-01   1.0634755E-02  -2.2086699E+00  -1.6733317E+00   2.7709882E+00
   6.4242107E-01  -1.7302299E-04  -2.9023840E+00  -1.6527630E+00   3.3399789E+00
   6.5929502E-01   2.2006195E-02  -3.5367451E+00  -1.6283848E+00   3.8936727E+00
   6.7634386E-01   6.2479593E-02  -4.1267176E+00  -1.6089795E+00   4.4297309E+00
   6.9335002E-01  -1.8324865E-03  -4.6289749E+00  -1.5822641E+00   4.8919291E+00
   7.1015573E-01  -2.6352778E-02  -5.1228056E+00  -1.5509566E+00   5.3525038E+00
   7.2672993E-01  -1.4082864E-02  -5.5516639E+00  -1.5337178E+00   5.7596407E+00
   7.4308753E-01   3.1690162E-02  -6.0007548E+00  -1.5095532E+00   6.1877952E+00
   7.6022637E-01   1.1843399E-03  -6.4137931E+00  -1.4818982E+00   6.5827627E+00
   7.7730513E-01   2.6003500E-02  -6.7015553E+00  -1.4490826E+00   6.8564830E+00
   7.9389119E-01  -7.9081906E-03  -6.9424958E+00  -1.4010843E+00   7.0824676E+00
   8.1142008E-01   2.3356052E-04  -7.2055812E+00  -1.3751448E+00   7.3356271E+00
   8.2821590E-01  -7.1479343E-03  -7.4375057E+00  -1.3515630E+00   7.5593166E+00
   8.4530175E-01  -4.2766617E-03  -7.6366343E+00  -1.3165332E+00   7.7492876E+00
   8.6149848E-01   5.1398092E-04  -7.7767749E+00  -1.2988248E+00   7.8844895E+00
   8.7876397E-01   1.0221589E-02  -7.9078703E+00  -1.2819378E+00   8.0111103E+00
   8.9606476E-01   1.1263278E-02  -7.9112864E+00  -1.2629880E+00   8.0114737E+00
   9.1262293E-01   2.3858225E-02  -7.9551711E+00  -1.2400070E+00   8.0512695E+00
   9.2920411E-01   3.2324057E-02  -7.9078999E+00  -1.2180903E+00   8.0012293E+00
   9.4693500E-01   9.8439194E-03  -7.8546782E+00  -1.2003094E+00   7.9458675E+00
   9.6289575E-01   4.7814436E-03  -7.7554965E+00  -1.1850588E+00   7.8455157E+00
   9.8022860E-01   1.2290842E-02  -7.6115804E+00  -1.1723366E+00   7.7013426E+00
   9.9722826E-01   4.3320652E-02  -7.1994548E+00  -1.1478381E+00   7.2905116E+00
   1.0141619E+00   1.4984363E-02  -7.2005291E+00  -1.1330798E+00   7.2891507E+00
   1.0310711E+00   6.8312665E-03  -6.9985099E+00  -1.1118717E+00   7.0862856E+00
   1.0477817E+00   1.0322472E-02  -6.7264457E+00  -1.1053189E+00   6.8166642E+00
   1.0643158E+00  -3.5612041E-03  -6.4773507E+00  -1.0909512E+00   6.5685811E+00
   1.0816318E+00   1.2380065E-02  -6.1777272E+00  -1.0815997E+00   6.2717080E+00
   1.0985019E+00   1.3167101E-02  -5.8576598E+00  -1.0731413E+00   5.9551644E+00
   1.1150067E+00   4.6512568E-03  -5.5650430E+00  -1.0609521E+00   5.6652756E+00
   1.1320951E+00   1.3536956E-02  -5.2402959E+00  -1.0524222E+00   5.3449488E+00
   1.1490010E+00   5.7490589E-03  -4.9298463E+00  -1.0378910E+00   5.0379195E+00
   1.1662709E+00  -8.7422477E-03  -4.5913148E+00  -1.0239028E+00   4.7041068E+00
   1.1834000E+00   1.0356228E-03  -4.2460923E+00  -1.0144815E+00   4.3656011E+00
   1.1998832E+00   1.0525263E-02  -3.9581013E+00  -1.0035830E+00   4.0833631E+00
   1.2166111E+00   3.9861942E-04  -3.6364584E+00  -9.9393427E-01   3.7698455E+00
   1.2335322E+00   1.5451751E-03  -3.3198094E+00  -9.8602682E-01   3.4631469E+00
   1.2507933E+00   2.5581594E-03  -3.0158427E+00  -9.7753853E-01   3.1703146E+00
   1.2678485E+00  -2.0692443E-02  -2.6968365E+00  -9.7065026E-01   2.8662722E+00
   1.2847315E+00  -6.5257042E-03  -2.3732624E+00  -9.6604943E-01   2.5623560E+00
   1.3014687E+00   2.1999702E-03  -2.0701356E+00  -9.6365678E-01   2.2834406E+00
   1.3180819E+00  -5.1267953E-03  -1.7231830E+00  -9.6044934E-01   1.9727770E+00
   1.3346435E+00  -6.4130616E-03  -1.3798941E+00  -9.5699155E-01   1.6792802E+00
   1.3517245E+00  -7.5754058E-03  -1.0401833E+00  -9.5768958E-01   1.4139335E+00
   1.3684789E+00  -7.7775889E-04  -7.1278918E-01  -9.5594716E-01   1.1924362E+00
   1.3858503E+00  -1.6088564E-02  -4.0541327E-01  -9.5518875E-01   1.0377882E+00
   1.4028332E+00  -1.4060985E-02  -2.2469277E-02  -9.5787102E-01   9.5823765E-01
   1.4199744E+00  -1.4680816E-02   3.8563299E-01  -9.6068597E-01   1.0352999E+00
   1.4365019E+00  -1.6172312E-02   7.3161393E-01  -9.6335351E-01   1.2097812E+00
   1.4537193E+00  -1.0889791E-02   1.0726147E+00  -9.6752870E-01   1.4445527E+00
   1.4703715E+00  -1.8026704E-02   1.4602621E+00  -9.7197658E-01   1.7542602E+00
   1.4871254E+00  -1.6429625E-02   1.8098050E+00  -9.7614557E-01   2.0563376E+00
   1.5042216E+00  -1.5436728E-02   2.1741791E+00  -9.8060936E-01   2.3851388E+00
   1.5207002E+00  -1.5727431E-02   2.5557411E+00  -9.8559767E-01   2.7392449E+00
   1.5378021E+00  -9.3443459E-03   2.9619637E+00  -9.9025369E-01   3.1231265E+00
   1.5545591E+00  -9.7583430E-03   3.2455988E+00  -9.9529111E-01   3.3947916E+00
   1.5712849E+00  -1.7548127E-02   3.6771727E+00  -9.9843472E-01   3.8103516E+00
   1.5882286E+00   2.0669294E-03   4.1769080E+00  -1.0095571E+00   4.2971816E+00
   1.6054889E+00  -9.3733175E-03   4.5846710E+00  -1.0146170E+00   4.6956091E+00
   1.6219023E+00  -4.4578477E-03   4.9347959E+00  -1.0205733E+00   5.0392261E+00
   1.6393917E+00  -9.9824462E-03   5.3165073E+00  -1.0319288E+00   5.4157386E+00
   1.6559117E+00  -4.7979420E-03   5.7847643E+00  -1.0261049E+00   5.8750668E+00
   1.6733657E+00   1.7182760E-02   6.2146378E+00  -1.0282397E+00   6.2991505E+00
   1.6903162E+00   4.1322210E-03   6.6572628E+00  -1.0404338E+00   6.7380757E+00
   1.7069110E+00   3.8948577E-04   7.1445103E+00  -1.0432212E+00   7.2202730E+00
   1.7239321E+00   1.4185432E-02   7.5054197E+00  -1.0447314E+00   7.5777960E+00
   1.7406069E+00   1.2559085E-02   7.9046965E+00  -1.0597273E+00   7.9754252E+00
   1.7575598E+00   1.8071757E-03   8.2810965E+00  -1.0629821E+00   8.3490410E+00
   1.7745270E+00   2.4891293E-02   8.6993732E+00  -1.0719023E+00   8.7651978E+00
   1.7912065E+00   2.4466876E-02   9.0869980E+00  -1.0861400E+00   9.1517115E+00
   1.8084160E+00   2.9545842E-02   9.4664936E+00  -1.1018746E+00   9.5304518E+00
   1.8248465E+00   1.9600157E-02   9.8114567E+00  -1.1174802E+00   9.8749094E+00
   1.8421992E+00   2.2640930E-02   1.0202243E+01  -1.1380801E+00   1.0265549E+01
   1.8589443E+00   1.2176750E-02   1.0544413E+01  -1.1490327E+00   1.0606840E+01
   1.8760997E+00   2.5584802E-02   1.0873623E+01  -1.1705390E+00   1.0936476E+01
   1.8925765E+00   2.0964906E-02   1.1100254E+01  -1.1895704E+00   1.1163833E+01
   1.9094156E+00   3.1132124E-02   1.1321104E+01  -1.2059206E+00   1.1385193E+01
   1.9268017E+00   1.1023754E-02   1.1517512E+01  -1.2285832E+00   1.1582859E+01
   1.9432389E+00   9.1282323E-02   1.1689381E+01  -1.2337939E+00   1.1754667E+01
   1.9605876E+00   6.2187288E-02   1.1679982E+01  -1.2504463E+00   1.1746892E+01
   1.9773412E+00   8.6353384E-02   1.1740372E+01  -1.2719383E+00   1.1809387E+01
   1.9942313E+00   5.7463091E-02   1.1740142E+01  -1.2887132E+00   1.1810801E+01
   2.0113771E+00   8.2835995E-02   1.1700905E+01  -1.2920935E+00   1.1772322E+01
   2.0281405E+00   9.1805033E-02   1.1558789E+01  -1.3085724E+00   1.1632988E+01
   2.0448477E+00   8.5997574E-02   1.1254531E+01  -1.3379335E+00   1.1334105E+01
   2.0618265E+00   9.6486770E-02   1.0976190E+01  -1.3587426E+00   1.1060390E+01
   2.0785515E+00   1.1880183E-01   1.0645125E+01  -1.3899672E+00   1.0736145E+01
   2.0957224E+00   1.0726217E-01   1.0297109E+01  -1.4026134E+00   1.0392751E+01
   2.1126297E+00   1.2137005E-01   9.6268196E+00  -1.4329857E+00   9.7336445E+00
   2.1294158E+00   1.2642924E-01   9.2680483E+00  -1.4377240E+00   9.3797522E+00
   2.1465101E+00   1.2657377E-01   8.6234484E+00  -1.4602545E+00   8.7471266E+00
   2.1633220E+00   1.1001834E-01   8.0223274E+00  -1.4780259E+00   8.1580877E+00
   2.1799462E+00   1.0870004E-01   7.3731637E+00  -1.4909880E+00   7.5231910E+00
   2.1972229E+00   1.0934464E-01   6.6375170E+00  -1.5062050E+00   6.8071465E+00
   2.2138267E+00   8.8959225E-02   5.9296870E+00  -1.5129765E+00   6.1203103E+00
   2.2310407E+00   9.1162197E-02   5.1758394E+00  -1.5269688E+00   5.3971524E+00
   2.2480466E+00   8.5482784E-02   4.4237742E+00  -1.5358721E+00   4.6835871E+00
   2.2641230E+00   7.3721923E-02   3.7981083E+00  -1.5426716E+00   4.1001096E+00
   2.2814550E+00   6.9984525E-02   2.9787507E+00  -1.5450244E+00   3.3563304E+00
   2.2983291E+00   5.7820473E-02   2.2873960E+00  -1.5388061E+00   2.7574348E+00
   2.3150017E+00   5.2218925E-02   1.7628194E+00  -1.5067753E+00   2.3196187E+00
   2.3321638E+00   2.2102103E-02   1.1254932E+00  -1.4658689E+00   1.8482411E+00
   2.3493860E+00   3.7407961E-02   5.7902217E-01  -1.4320358E+00   1.5451189E+00
   2.3663783E+00   2.3641752E-02  -4.0361501E-02  -1.3997856E+00   1.4005671E+00
   2.3826606E+00   5.0144840E-02  -4.5061842E-01  -1.3701538E+00   1.4432231E+00
   2.3996158E+00   3.9385460E-02  -9.5656097E-01  -1.3357261E+00   1.6433882E+00
   2.4167213E+00   2.6578331E-02  -1.2702154E+00  -1.3068991E+00   1.8226734E+00
   2.4339726E+00   2.2480780E-02  -1.5807223E+00  -1.2866496E+00   2.0382972E+00
   2.4503868E+00   1.8690011E-02  -1.8600808E+00  -1.2326653E+00   2.2315271E+00
   2.4675734E+00   1.4641733E-02  -2.1196716E+00  -1.1811217E+00   2.4265759E+00
   2.4841073E+00   1.1940235E-03  -2.3164783E+00  -1.1299990E+00   2.5773959E+00
   2.5012467E+00   3.0446723E-02  -2.4433489E+00  -1.0915184E+00   2.6762459E+00
   2.5179324E+00   4.4904288E-02  -2.5592501E+00  -1.0465437E+00   2.7653267E+00
   2.5350671E+00   2.5395902E-02  -2.6365817E+00  -1.0095416E+00   2.8233635E+00
   2.5521369E+00   5.9404802E-02  -2.6441543E+00  -9.7728682E-01   2.8196046E+00
   2.5690432E+00   5.1674694E-02  -2.6280680E+00  -9.5660859E-01   2.7972329E+00
   2.5855148E+00   5.0327126E-02  -2.6149738E+00  -9.1982675E-01   2.7724903E+00
   2.6028190E+00  -1.9134955E-03  -2.5529194E+00  -8.8661462E-01   2.7024963E+00
   2.6195123E+00   1.9084804E-02  -2.5394180E+00  -8.5109937E-01   2.6783164E+00
   2.6364677E+00  -5.7649990E-03  -2.4013643E+00  -8.2061148E-01   2.5377128E+00
   2.6533127E+00  -1.7200779E-02  -2.3515539E+00  -7.9430628E-01   2.4821410E+00
   2.6704137E+00  -5.1814397E-03  -2.2491262E+00  -7.6811707E-01   2.3766782E+00
   2.6870582E+00   2.5502551E-02  -2.1504047E+00  -7.4714267E-01   2.2766449E+00
   2.7039626E+00  -1.7066717E-02  -2.0110438E+00  -7.2381735E-01   2.1374049E+00
   2.7209036E+00  -1.0485095E-02  -1.7758579E+00  -7.0164597E-01   1.9094733E+00
   2.7375357E+00  -1.5017116E-02  -1.6309580E+00  -6.8352860E-01   1.7684628E+00
   2.7546477E+00   8.3852516E-05  -1.4875760E+00  -6.6328198E-01   1.6287496E+00
   2.7713566E+00   2.8063939E-04  -1.2813345E+00  -6.4920580E-01   1.4364144E+00
   2.7882042E+00  -3.7921178E-03  -1.0985157E+00  -6.3354748E-01   1.2681221E+00
   2.8051338E+00  -8.7432209E-03  -8.8868004E-01  -6.1409760E-01   1.0802521E+00
   2.8225901E+00  -9.2291171E-03  -6.1919898E-01  -6.0876560E-01   8.6838245E-01
   2.8390400E+00   2.1963515E-03  -4.1401854E-01  -5.9762722E-01   7.2703129E-01
   2.8561404E+00   1.7870131E-03  -2.1645665E-01  -5.9191102E-01   6.3025022E-01
   2.8727710E+00  -1.7262329E-04   1.8481022E-01  -5.8097309E-01   6.0965937E-01
   2.8899639E+00   1.2790126E-03   5.0866414E-02  -5.8360589E-01   5.8581978E-01
   2.9067256E+00   6.0567441E-03   4.6779773E-01  -5.7577264E-01   7.4187970E-01
   2.9235506E+00   5.2783121E-03   5.9180444E-01  -5.6737721E-01   8.1986415E-01
   2.9404302E+00   8.9545399E-03   7.8814918E-01  -5.6114519E-01   9.6754491E-01
   2.9573572E+00   7.3951823E-03   1.0126380E+00  -5.6327772E-01   1.1587805E+00
   2.9743257E+00   3.9056863E-03   1.1628863E+00  -5.5613559E-01   1.2890332E+00
   2.9913306E+00   5.6173955E-04   1.4060279E+00  -5.5109209E-01   1.5101713E+00
   3.0082088E+00   1.2072635E-02   1.5581901E+00  -5.5148029E-01   1.6529467E+00
   3.0251272E+00  -1.5226602E-02   1.8271475E+00  -5.7124412E-01   1.9144241E+00
   3.0419009E+00  -1.0585386E-02   1.9547598E+00  -5.3705341E-01   2.0272210E+00
   3.0590370E+00  -6.0035649E-04   2.2117426E+00  -5.3997982E-01   2.2767045E+00
   3.0758910E+00  -5.0287750E-03   2.4319248E+00  -5.3689432E-01   2.4904897E+00
   3.0927820E+00   2.3364497E-03   2.7023239E+00  -5.3499705E-01   2.7547743E+00
   3.1097064E+00   1.7329832E-03   2.9410694E+00  -5.3434843E-01   2.9892173E+00
   3.1263876E+00  -9.1419934E-04   3.1685066E+00  -5.3624636E-01   3.2135642E+00
   3.1434231E+00   4.3629119E-03   3.4734478E+00  -6.0063177E-01   3.5249989E+00
   3.1603229E+00   1.7725836E-03   3.7674007E+00  -5.3736669E-01   3.8055322E+00
   3.1771123E+00  -5.4684808E-03   4.0601048E+00  -5.3740686E-01   4.0955205E+00
   3.1941803E+00  -7.6160566E-03   4.3966112E+00  -5.3413314E-01   4.4289441E+00
   3.2110293E+00  -6.1832122E-03   4.7154212E+00  -5.3636372E-01   4.7458320E+00
   3.2279079E+00  -7.5696050E-03   5.0875616E+00  -5.3866130E-01   5.1160040E+00
   3.2448139E+00  -5.3072027E-03   5.5223203E+00  -5.4141909E-01   5.5488005E+00
   3.2617455E+00   1.2136444E-03   5.8853197E+00  -5.4600680E-01   5.9105935E+00
   3.2787004E+00   1.1923653E-02   6.2986555E+00  -5.4613835E-01   6.3222995E+00
   3.2954676E+00   2.1007173E-02   6.7246218E+00  -5.4863888E-01   6.7469983E+00
   3.3124695E+00   3.1638756E-02   7.2069664E+00  -5.5496734E-01   7.2283716E+00
   3.3292902E+00   2.3643879E-02   7.6752462E+00  -5.6152898E-01   7.6957960E+00
   3.3461368E+00   2.7359089E-02   8.2077789E+00  -5.7297486E-01   8.2277994E+00
   3.3630083E+00   3.6845315E-02   8.5803108E+00  -5.8230430E-01   8.6001263E+00
   3.3800907E+00   4.0701114E-02   9.0640831E+00  -5.9548277E-01   9.0837145E+00
   3.3968194E+00   4.3494936E-02   9.4929466E+00  -6.0865593E-01   9.5125380E+00
   3.4137559E+00   5.9878830E-02   9.9768982E+00  -6.2396628E-01   9.9965706E+00
   3.4307117E+00   7.3024087E-02   1.0431627E+01  -6.3659799E-01   1.0451289E+01
   3.4476857E+00   8.1073709E-02   1.0900965E+01  -6.5326536E-01   1.0920823E+01
   3.4645066E+00   9.2251107E-02   1.1333339E+01  -6.7070585E-01   1.1353542E+01
   3.4813499E+00   1.0118035E-01   1.1737343E+01  -6.8857676E-01   1.1757958E+01
   3.4983785E+00   7.7193856E-02   1.2077846E+01  -7.1143275E-01   1.2099027E+01
   3.5152602E+00   6.6385441E-02   1.2401589E+01  -7.2844011E-01   1.2423141E+01
   3.5321610E+00   7.4635133E-02   1.2688938E+01  -7.4619949E-01   1.2711079E+01
   3.5489244E+00   9.6650636E-03   1.2945065E+01  -7.4915928E-01   1.2966727E+01
   3.5658631E+00  -7.2623901E-02   1.3156567E+01  -7.5608784E-01   1.3178474E+01
   3.5828183E+00   8.5028172E-02   1.3360808E+01  -7.7364528E-01   1.3383459E+01
   3.5996408E+00   9.9393219E-02   1.3452475E+01  -7.8157449E-01   1.3475527E+01
   3.6166284E+00   9.4131961E-02   1.3455313E+01  -8.0435592E-01   1.3479662E+01
   3.6334867E+00   4.8881836E-02   1.3369648E+01  -8.2279944E-01   1.3395032E+01
   3.6503630E+00   8.2578473E-02   1.3117140E+01  -8.4692258E-01   1.3144711E+01
   3.6672561E+00   1.2451199E-01   1.2866985E+01  -8.6730355E-01   1.2896784E+01
   3.6841652E+00   2.4040423E-01   1.2385650E+01  -8.6335433E-01   1.2418031E+01
   3.7010899E+00   1.6552527E-01   1.1926070E+01  -9.1437525E-01   1.1962217E+01
   3.7180293E+00   1.6214511E-01   1.1233268E+01  -9.7267246E-01   1.1276466E+01
   3.7348523E+00   1.0698243E-01   1.0610488E+01  -9.6763378E-01   1.0655056E+01
   3.7518213E+00   1.2057548E-01   9.9987869E+00  -9.8214418E-01   1.0047631E+01
   3.7686760E+00   8.6353756E-02   9.2692356E+00  -1.0084127E+00   9.3243275E+00
   3.7855470E+00   2.0968704E-02   8.5618896E+00  -1.0308799E+00   8.6237516E+00
   3.8024371E+00  -1.3129387E-02   7.6960607E+00  -1.0469018E+00   7.7669506E+00
   3.8193755E+00  -8.1374958E-02   6.9128184E+00  -1.0535456E+00   6.9931140E+00
   3.8363562E+00  -1.4734577E-01   6.1404057E+00  -1.0644189E+00   6.2337213E+00
   3.8532450E+00  -2.2415322E-01   5.4667945E+00  -1.0714636E+00   5.5753136E+00
   3.8700457E+00  -8.6602792E-02   4.7445741E+00  -1.0737497E+00   4.8653283E+00
   3.8870189E+00   5.2195854E-02   3.9490659E+00  -1.0748094E+00   4.0930505E+00
   3.9039059E+00  -1.7013177E-01   3.4168019E+00  -1.0269582E+00   3.5718515E+00
   3.9205778E+00  -1.5618503E-01   2.8953226E+00  -1.0265907E+00   3.0759022E+00
   3.9374363E+00  -1.8230084E-01   2.4118533E+00  -1.0134969E+00   2.6224885E+00
   3.9543724E+00  -1.7018840E-01   1.8418920E+00  -1.0077325E+00   2.1064317E+00
   3.9714546E+00  -9.0785667E-02   1.4900006E+00  -9.8946899E-01   1.7909195E+00
   3.9886746E+00  -1.2036617E-01   1.1736184E+00  -9.6853209E-01   1.5264084E+00
   4.0053234E+00  -1.4775589E-01   8.0079895E-01  -9.3335170E-01   1.2386509E+00
   4.0223336E+00  -1.7702876E-01   4.1585127E-01  -9.0155220E-01   1.0084978E+00
   4.0387683E+00  -1.3500719E-01   2.6106814E-01  -8.5173982E-01   9.0102398E-01
   4.0557399E+00  -6.8418793E-02   1.0755107E-01  -8.1866181E-01   8.2852608E-01
   4.0727735E+00  -1.0990126E-01  -3.3876337E-02  -7.9940897E-01   8.0763888E-01
   4.0897527E+00  -1.3752289E-01  -2.4755234E-01  -7.7024716E-01   8.2065547E-01
   4.1070423E+00  -1.0777977E-01  -4.4332621E-01  -7.4293536E-01   8.7184143E-01
   4.1237650E+00  -1.5551393E-01  -4.2813128E-01  -7.1513391E-01   8.4787822E-01
   4.1406131E+00  -1.3888696E-01  -5.6685102E-01  -6.9000512E-01   9.0372384E-01
   4.1572599E+00  -1.4782339E-01  -6.0070604E-01  -6.7484003E-01   9.1548270E-01
   4.1739292E+00  -1.2142584E-01  -7.1199620E-01  -6.5411979E-01   9.7445136E-01
   4.1914396E+00  -1.5881127E-01  -7.6712555E-01  -6.3897747E-01   1.0109376E+00
   4.2083106E+00  -1.2508841E-01  -7.8785950E-01  -6.2098366E-01   1.0109354E+00
   4.2252731E+00  -1.2566169E-01  -8.3937925E-01  -6.0055083E-01   1.0397161E+00
   4.2418942E+00  -1.1639416E-01  -8.7426955E-01  -5.8136594E-01   1.0563529E+00
   4.2586236E+00  -1.3842796E-01  -9.5264274E-01  -5.5840373E-01   1.1128815E+00
   4.2754326E+00  -1.3640234E-01  -9.2735726E-01  -5.4497647E-01   1.0842493E+00
   4.2923079E+00  -1.4184657E-01  -9.3421799E-01  -5.2852654E-01   1.0826930E+00
   4.3093767E+00  -1.4035693E-01  -9.5482761E-01  -5.1520234E-01   1.0939969E+00
   4.3264618E+00  -1.1849921E-01  -9.2574966E-01  -5.0229162E-01   1.0598826E+00
   4.3431740E+00  -1.1850554E-01  -9.5307463E-01  -4.9258733E-01   1.0793688E+00
   4.3603487E+00  -1.0125102E-01  -9.7243208E-01  -4.8223767E-01   1.0901510E+00
   4.3772392E+00  -1.0401885E-01  -9.9286157E-01  -4.7519195E-01   1.1056226E+00
   4.3938904E+00  -1.0224199E-01  -1.0269734E+00  -4.6529809E-01   1.1320910E+00
   4.4110818E+00  -8.5125148E-02  -9.9798471E-01  -4.5692223E-01   1.1009077E+00
   4.4280853E+00  -9.4679460E-02  -1.0358301E+00  -4.5158902E-01   1.1339493E+00
   4.4449296E+00  -9.4796292E-02  -1.0660264E+00  -4.4530934E-01   1.1591804E+00
   4.4615011E+00  -9.7790554E-02  -1.0363554E+00  -4.4219297E-01   1.1309863E+00
   4.4787126E+00  -9.3030825E-02  -9.9545485E-01  -4.3896925E-01   1.0919154E+00
   4.4957500E+00  -8.0322511E-02  -9.4726610E-01  -4.3621331E-01   1.0459670E+00
   4.5126376E+00  -1.0079411E-01  -8.8674831E-01  -4.3556896E-01   9.9307722E-01
   4.5293951E+00  -1.0144281E-01  -8.2016730E-01  -4.3522772E-01   9.3401724E-01
   4.5460391E+00  -1.0533879E-01  -7.4155504E-01  -4.3615532E-01   8.6673617E-01
   4.5633016E+00  -1.0881116E-01  -6.3719517E-01  -4.3834046E-01   7.8102487E-01
   4.5797567E+00  -1.0374948E-01  -5.2038163E-01  -4.3992174E-01   6.8926930E-01
   4.5965276E+00  -9.8711699E-02  -4.1703692E-01  -4.4299293E-01   6.1636561E-01
   4.6135478E+00  -1.1248123E-01  -2.3744605E-01  -4.4659439E-01   5.1814979E-01
   4.6305051E+00  -1.0824021E-01  -7.7727571E-02  -4.5048743E-01   4.6978340E-01
   4.6474080E+00  -9.9151358E-02   1.0187525E-01  -4.5453483E-01   4.7624728E-01
   4.6642623E+00  -9.9836260E-02   3.2844076E-01  -4.5971370E-01   5.7373977E-01
   4.6810746E+00  -1.1134073E-01   5.0065041E-01  -4.6438387E-01   6.9188148E-01
   4.6985478E+00  -1.1254501E-01   7.5022709E-01  -4.7083536E-01   8.9285666E-01
   4.7152896E+00  -1.0412559E-01   9.7190350E-01  -4.7688934E-01   1.0875946E+00
   4.7320023E+00  -9.1504686E-02   1.2446500E+00  -4.8378083E-01   1.3384957E+00
   4.7486901E+00  -1.1154237E-01   1.5431219E+00  -4.9017391E-01   1.6229410E+00
   4.7660499E+00  -1.0691734E-01   1.8460649E+00  -4.9840227E-01   1.9151479E+00
   4.7826953E+00  -1.1333069E-01   2.1758537E+00  -5.0557774E-01   2.2366922E+00
   4.7993236E+00  -9.9795371E-02   2.5448008E+00  -5.1462632E-01   2.5982323E+00
   4.8166285E+00  -1.0223765E-01   2.9429758E+00  -5.2237087E-01   2.9907241E+00
   4.8332281E+00  -1.0161862E-01   3.3254433E+00  -5.2400309E-01   3.3680081E+00
   4.8505063E+00  -1.2890513E-01   3.7785103E+00  -5.3005391E-01   3.8176844E+00
   4.8670835E+00  -1.1506723E-01   4.2551360E+00  -5.3332758E-01   4.2899723E+00
   4.8843412E+00  -1.1069615E-01   4.7715974E+00  -5.4640657E-01   4.8040562E+00
   4.9009008E+00  -1.0429826E-01   5.2893796E+00  -5.6269115E-01   5.3202477E+00
   4.9181428E+00  -1.2955938E-01   5.8168230E+00  -5.7210261E-01   5.8463249E+00
   4.9346890E+00  -1.4282574E-01   6.3990860E+00  -5.8304685E-01   6.4271803E+00
   4.9519186E+00  -1.2220630E-01   6.9228663E+00  -5.9914100E-01   6.9498186E+00
   4.9684539E+00  -1.2312207E-01   7.4589643E+00  -6.0655820E-01   7.4845991E+00
   4.9856739E+00  -1.2118125E-01   8.0226002E+00  -6.2042940E-01   8.0474672E+00
   5.0027156E+00  -1.3838291E-01   8.5515919E+00  -6.3271034E-01   8.5760822E+00
   5.0194178E+00  -1.3673294E-01   9.1130409E+00  -6.4575320E-01   9.1369152E+00
   5.0362787E+00  -1.4518437E-01   9.6130190E+00  -6.6707522E-01   9.6372299E+00
   5.0532069E+00  -1.4418834E-01   1.0081102E+01  -6.9160616E-01   1.0105826E+01
   5.0698910E+00  -1.3717347E-01   1.0508181E+01  -7.1469349E-01   1.0533350E+01
   5.0867071E+00  -1.4682324E-01   1.0876754E+01  -7.3238367E-01   1.0902372E+01
   5.1037908E+00  -1.5711518E-01   1.1264979E+01  -7.3729634E-01   1.1290175E+01
   5.1205783E+00  -1.1829566E-01   1.1534346E+01  -7.5312972E-01   1.1559512E+01
   5.1375165E+00  -1.3956994E-01   1.1741466E+01  -7.5349909E-01   1.1766446E+01
   5.1545510E+00  -1.0648814E-01   1.1959998E+01  -8.0440879E-01   1.1987493E+01
   5.1713934E+00  -1.2586914E-01   1.2057608E+01  -8.3747119E-01   1.2087311E+01
   5.1884561E+00  -1.1990531E-01   1.2051590E+01  -8.7252504E-01   1.2083729E+01
   5.2051806E+00  -4.1363303E-02   1.2031225E+01  -8.9511317E-01   1.2064548E+01
   5.2218771E+00  -8.9379370E-02   1.1760790E+01  -9.3247306E-01   1.1798037E+01
   5.2392030E+00  -4.6377484E-02   1.1510595E+01  -9.5998800E-01   1.1550651E+01
   5.2557793E+00  -3.7179250E-02   1.1043318E+01  -9.7030818E-01   1.1085925E+01
   5.2728801E+00  -3.8496502E-02   1.0769172E+01  -1.0008719E+00   1.0815650E+01
   5.2897906E+00  -1.2473400E-01   1.0120233E+01  -1.0263880E+00   1.0172912E+01
   5.3068585E+00  -1.2310756E-01   9.4816952E+00  -1.0487771E+00   9.5403166E+00
   5.3235831E+00  -1.1725066E-01   8.8499088E+00  -1.0813159E+00   8.9164953E+00
   5.3404965E+00  -1.1788759E-01   8.1738901E+00  -1.1109825E+00   8.2498884E+00
   5.3570428E+00  -1.0942622E-01   7.2989883E+00  -1.1297082E+00   7.3867073E+00
   5.3744321E+00  -9.1231115E-02   6.4231410E+00  -1.1709127E+00   6.5296326E+00
   5.3911662E+00  -8.3782785E-02   5.8283849E+00  -1.1868019E+00   5.9485784E+00
   5.4078689E+00   2.2937009E-02   5.0703807E+00  -1.2054899E+00   5.2117648E+00
   5.4246883E+00  -7.9809323E-02   4.1997857E+00  -1.2152129E+00   4.3727922E+00
   5.4417543E+00  -5.7916306E-02   3.5524290E+00  -1.2236065E+00   3.7577014E+00
   5.4589124E+00  -4.9035426E-02   2.7583480E+00  -1.2135082E+00   3.0138831E+00
   5.4755659E+00  -7.4413076E-02   1.9721346E+00  -1.2345487E+00   2.3278666E+00
   5.4927435E+00  -7.8260005E-02   1.5694404E+00  -1.1462795E+00   1.9450512E+00
   5.5093184E+00  -1.3341153E-01   8.5779023E-01  -1.1187164E+00   1.4160258E+00
   5.5264249E+00   2.8676478E-02   5.6071121E-01  -1.0917845E+00   1.2276859E+00
   5.5429530E+00  -9.0847328E-02   1.4502355E-01  -1.0714724E+00   1.0850521E+00
   5.5602880E+00  -6.9765560E-02  -4.0760034E-01  -1.0551562E+00   1.1332961E+00
   5.5767035E+00  -5.6732673E-02  -6.2478971E-01  -1.0265219E+00   1.2030494E+00
   5.5935612E+00  -1.1709256E-01  -9.1385704E-01  -1.0114270E+00   1.3681484E+00
   5.6106477E+00  -3.8126327E-02  -1.1386547E+00  -9.8244792E-01   1.5043910E+00
   5.6277165E+00  -9.9465564E-02  -1.3436487E+00  -9.5460492E-01   1.6512285E+00
   5.6447439E+00  -8.1442237E-02  -1.4898459E+00  -9.2707002E-01   1.7566253E+00
   5.6613026E+00  -9.3330845E-02  -1.6282650E+00  -8.9625823E-01   1.8609773E+00
   5.6780529E+00  -7.6811552E-02  -1.7469344E+00  -8.5553873E-01   1.9466963E+00
   5.6950283E+00  -7.5226367E-02  -1.7840413E+00  -8.2537609E-01   1.9671574E+00
   5.7118278E+00  -8.2948267E-02  -1.8662007E+00  -8.0458486E-01   2.0339475E+00
   5.7292700E+00  -7.9164177E-02  -1.9129865E+00  -7.7752370E-01   2.0664771E+00
   5.7457356E+00  -8.2561068E-02  -1.8811370E+00  -7.5286043E-01   2.0278785E+00
   5.7627563E+00  -7.4184246E-02  -1.9022425E+00  -7.3143494E-01   2.0393693E+00
   5.7795935E+00  -6.4463690E-02  -1.9316394E+00  -7.1156532E-01   2.0595417E+00
   5.7968984E+00  -5.1848490E-02  -1.8875741E+00  -6.9100755E-01   2.0107501E+00
   5.8134122E+00  -4.8717178E-02  -1.8611734E+00  -6.7201871E-01   1.9793808E+00
   5.8303809E+00  -4.8361700E-02  -1.8248185E+00  -6.5220177E-01   1.9384706E+00
   5.8471999E+00  -4.5470268E-02  -1.8328958E+00  -6.3715076E-01   1.9410141E+00
   5.8644137E+00  -3.8478602E-02  -1.8229282E+00  -6.1960572E-01   1.9257360E+00
   5.8809628E+00  -3.7506949E-02  -1.7983688E+00  -5.9971458E-01   1.8960999E+00
   5.8978977E+00  -3.7887264E-02  -1.7864362E+00  -5.8790505E-01   1.8810694E+00
   5.9150639E+00  -4.8606213E-02  -1.7262493E+00  -5.6889510E-01   1.8182247E+00
   5.9319396E+00  -4.4380441E-02  -1.6697190E+00  -5.5822563E-01   1.7611209E+00
   5.9488926E+00  -4.7567915E-02  -1.6652471E+00  -5.4846799E-01   1.7538893E+00
   5.9659343E+00  -4.2547870E-02  -1.6975594E+00  -5.3667915E-01   1.7808825E+00
   5.9825058E+00  -4.4865798E-02  -1.6965091E+00  -5.3076655E-01   1.7781646E+00
   5.9997621E+00  -3.6243610E-02  -1.7228633E+00  -5.2351594E-01   1.8010110E+00
   6.0164957E+00  -5.0435551E-02  -1.7261634E+00  -5.1644814E-01   1.8024713E+00
   6.0333076E+00  -7.0042446E-02  -1.7061015E+00  -5.1073050E-01   1.7822833E+00
   6.0501842E+00  -4.6149388E-02  -1.7526631E+00  -5.0535208E-01   1.8246474E+00
   6.0668063E+00  -4.6715949E-02  -1.7449280E+00  -5.0113553E-01   1.8160652E+00
   6.0841379E+00  -3.9335832E-02  -1.7479167E+00  -4.9630755E-01   1.8174380E+00
   6.1008244E+00  -4.1345686E-02  -1.7705896E+00  -4.9206364E-01   1.8381577E+00
   6.1176119E+00  -3.2180589E-02  -1.7667294E+00  -4.8952544E-01   1.8335767E+00
   6.1345086E+00  -2.7542839E-02  -1.7265725E+00  -4.8599803E-01   1.7938799E+00
   6.1515222E+00  -3.2841615E-02  -1.7540814E+00  -4.8292854E-01   1.8196428E+00
   6.1686606E+00  -3.0749522E-02  -1.7793777E+00  -4.7989228E-01   1.8432111E+00
   6.1853428E+00  -2.9526589E-02  -1.7880160E+00  -4.7670132E-01   1.8507072E+00
   6.2021923E+00  -3.1210778E-02  -1.8137436E+00  -4.7539309E-01   1.8752702E+00
   6.2192125E+00  -3.5457738E-02  -1.7765651E+00  -4.7370023E-01   1.8389760E+00
   6.2358580E+00  -3.2860395E-02  -1.8186306E+00  -4.6945179E-01   1.8785318E+00
   6.2532411E+00  -3.8041424E-02  -1.8302544E+00  -4.6745250E-01   1.8893889E+00
   6.2697501E+00  -4.2711444E-02  -1.9399152E+00  -4.6478692E-01   1.9952749E+00
   6.2870007E+00  -3.7166115E-02  -1.8589537E+00  -4.6365887E-01   1.9162645E+00
   6.3039470E+00  -3.5440076E-02  -1.7831900E+00  -4.6351191E-01   1.8427875E+00
   6.3206172E+00  -3.8809970E-02  -1.8807068E+00  -4.6311849E-01   1.9372772E+00
   6.3375278E+00  -3.8723815E-02  -1.8113598E+00  -4.6318930E-01   1.8700448E+00
   6.3541932E+00  -3.6854461E-02  -1.8381207E+00  -4.6321183E-01   1.8959460E+00
   6.3711128E+00  -3.9656952E-02  -1.7949103E+00  -4.6471795E-01   1.8545184E+00
   6.3882871E+00  -3.6490176E-02  -1.7240102E+00  -4.6648091E-01   1.7863783E+00
   6.4052482E+00  -3.6075212E-02  -1.6382010E+00  -4.6881154E-01   1.7043439E+00
   6.4220114E+00  -3.6170926E-02  -1.5657412E+00  -4.7144905E-01   1.6355789E+00
   6.4390512E+00  -4.2244777E-02  -1.3880146E+00  -4.7535077E-01   1.4677627E+00
   6.4559131E+00  -3.7250012E-02  -1.3166007E+00  -4.7817191E-01   1.4012400E+00
   6.4726105E+00  -3.8413521E-02  -1.1558422E+00  -4.8296729E-01   1.2532774E+00
   6.4895997E+00  -3.7577484E-02  -9.7713959E-01  -4.8686594E-01   1.0923609E+00
   6.5064397E+00  -3.8613059E-02  -7.8392959E-01  -4.9225190E-01   9.2647099E-01
   6.5235777E+00  -3.5481449E-02  -5.8617085E-01  -4.9692851E-01   7.6928091E-01
   6.5401454E+00  -4.0296979E-02  -3.6644590E-01  -5.0187147E-01   6.2272096E-01
   6.5570230E+00  -3.7954491E-02  -1.4422223E-01  -5.0677520E-01   5.2826285E-01
   6.5740280E+00  -5.8351427E-02   9.1835827E-02  -5.1117879E-01   5.2263033E-01
   6.5910940E+00  -4.1899949E-02   3.2492927E-01  -5.1951838E-01   6.1419380E-01
   6.6078100E+00  -4.5634616E-02   5.6509936E-01  -5.2069396E-01   7.6976746E-01
   6.6249480E+00  -4.2987883E-02   8.3384395E-01  -5.2290434E-01   9.8517644E-01
   6.6417580E+00  -4.4766702E-02   1.0811182E+00  -5.2676934E-01   1.2034562E+00
   6.6586132E+00  -4.9403146E-02   1.3802032E+00  -5.3108913E-01   1.4796815E+00
   6.6755099E+00  -3.2899152E-02   1.5972379E+00  -5.3313148E-01   1.6841855E+00
   6.6924434E+00  -5.4933988E-02   1.8363792E+00  -5.3686821E-01   1.9140359E+00
   6.7094097E+00  -4.9760785E-02   2.1966267E+00  -5.4372329E-01   2.2634664E+00
   6.7261124E+00  -5.2530363E-02   2.3463781E+00  -5.4137397E-01   2.4085960E+00
   6.7431445E+00  -5.7274967E-02   2.6503508E+00  -5.4295576E-01   2.7060008E+00
   6.7599258E+00  -5.8350459E-02   2.9604788E+00  -5.5003029E-01   3.0117059E+00
   6.7770119E+00  -5.9888802E-02   3.2869959E+00  -5.5919367E-01   3.3347602E+00
   6.7938585E+00  -6.8731785E-02   3.5466788E+00  -5.6944609E-01   3.5927598E+00
   6.8107371E+00  -6.5893903E-02   3.8437378E+00  -5.8265692E-01   3.8882067E+00
   6.8276458E+00  -6.2830575E-02   4.1513724E+00  -5.9740204E-01   4.1946073E+00
   6.8445816E+00  -6.5387323E-02   4.4667535E+00  -6.1160719E-01   4.5089049E+00
   6.8613100E+00  -5.9718419E-02   4.7669511E+00  -6.3006341E-01   4.8087802E+00
   6.8783002E+00  -5.2509382E-02   5.0169401E+00  -6.4507258E-01   5.0585141E+00
   6.8950911E+00  -5.3047899E-02   5.3034935E+00  -6.6049719E-01   5.3447275E+00
   6.9121275E+00  -5.5829175E-02   5.5408177E+00  -6.7755276E-01   5.5823698E+00
   6.9289718E+00  -5.1528092E-02   5.8124623E+00  -6.9263631E-01   5.8538122E+00
   6.9458427E+00  -5.3793404E-02   6.0589972E+00  -7.0579356E-01   6.1002040E+00
   6.9627380E+00  -5.8591958E-02   6.2533302E+00  -7.1756589E-01   6.2946386E+00
   6.9796572E+00  -6.4181790E-02   6.4257345E+00  -7.3245829E-01   6.4676638E+00
   6.9965973E+00  -6.9140621E-02   6.5597124E+00  -7.4520749E-01   6.6022677E+00
   7.0135579E+00  -6.2130988E-02   6.6682196E+00  -7.6141423E-01   6.7118378E+00
   7.0303531E+00  -5.7683952E-02   6.6938891E+00  -7.8197652E-01   6.7396564E+00
   7.0473547E+00  -6.1675314E-02   6.7412968E+00  -7.8693688E-01   6.7873526E+00
   7.0641952E+00  -3.7666772E-02   6.7154183E+00  -8.0201650E-01   6.7632456E+00
   7.0812020E+00  -5.0516728E-02   6.5996518E+00  -8.1755733E-01   6.6502900E+00
   7.0980911E+00  -3.2537282E-02   6.5512033E+00  -8.2609111E-01   6.6031623E+00
   7.1147041E+00  -4.6418890E-02   6.3860235E+00  -8.2955104E-01   6.4398451E+00
   7.1315212E+00  -2.6998851E-02   6.0831804E+00  -8.4463853E-01   6.1415982E+00
   7.1489353E+00  -2.4208643E-02   5.8231525E+00  -8.6108166E-01   5.8865228E+00
   7.1652317E+00  -1.5688250E-02   5.4617982E+00  -8.7670928E-01   5.5317364E+00
   7.1822562E+00  -6.3807028E-03   4.9153771E+00  -8.9082068E-01   4.9954515E+00
   7.1995678E+00  -2.3510396E-02   4.4426761E+00  -8.9800167E-01   4.5325856E+00
   7.2158895E+00  -2.8461831E-02   3.8617635E+00  -9.0898472E-01   3.9674022E+00
   7.2329650E+00  -2.9553529E-02   3.2666500E+00  -9.0889800E-01   3.3908658E+00
   7.2502279E+00  -3.4833185E-02   2.7125711E+00  -9.2095494E-01   2.8648584E+00
   7.2670822E+00  -6.8730943E-02   1.8409512E+00  -9.2987937E-01   2.0636137E+00
   7.2838469E+00  -2.7435372E-02   1.4810418E+00  -9.1916770E-01   1.7433033E+00
   7.3005743E+00  -2.9034259E-02   7.3026115E-01  -9.1208911E-01   1.1687732E+00
   7.3177066E+00  -1.8525844E-02   1.4790983E-01  -9.0381444E-01   9.1602463E-01
   7.3344278E+00  -2.3193046E-02  -4.9927369E-01  -9.0168923E-01   1.0309489E+00
   7.3515539E+00  -4.2021707E-02  -1.2552100E+00  -8.9600253E-01   1.5427698E+00
   7.3685760E+00  -2.8276365E-02  -1.6734639E+00  -8.8363993E-01   1.8926438E+00
   7.3851666E+00  -3.9039593E-02  -2.2098424E+00  -8.6796325E-01   2.3745079E+00
   7.4018879E+00  -4.9258437E-02  -2.7086079E+00  -8.5220510E-01   2.8399363E+00
   7.4193945E+00  -2.9254172E-02  -3.2201650E+00  -8.2995057E-01   3.3255279E+00
   7.4358020E+00  -2.0471374E-02  -3.6422341E+00  -8.1386787E-01   3.7321131E+00
   7.4525638E+00  -3.6916941E-02  -4.0226011E+00  -7.9362202E-01   4.1003075E+00
   7.4701719E+00  -5.0780326E-02  -4.4245663E+00  -7.6651061E-01   4.4907579E+00
   7.4862809E+00  -4.1531134E-02  -4.7267833E+00  -7.4400759E-01   4.7851596E+00
   7.5039330E+00  -4.1432180E-02  -5.0653338E+00  -7.1867514E-01   5.1162310E+00
   7.5203595E+00  -1.7253419E-02  -5.3494997E+00  -6.9418484E-01   5.3943806E+00
   7.5377378E+00  -3.0165879E-02  -5.5681639E+00  -6.7272925E-01   5.6087365E+00
   7.5542903E+00  -2.6038554E-02  -5.7665734E+00  -6.5465993E-01   5.8036737E+00
   7.5715957E+00  -4.3216456E-02  -5.9359436E+00  -6.3742161E-01   5.9702258E+00
   7.5881076E+00  -1.2525844E-02  -6.1207838E+00  -6.1890835E-01   6.1520076E+00
   7.6048923E+00  -2.0252932E-02  -6.2281976E+00  -5.9677827E-01   6.2567563E+00
   7.6216230E+00  -2.7961677E-02  -6.3009114E+00  -5.8645260E-01   6.3282061E+00
   7.6383791E+00  -1.7371668E-02  -6.3840270E+00  -5.6838173E-01   6.4093027E+00
   7.6559863E+00  -2.8881000E-03  -6.3396220E+00  -5.5947244E-01   6.3642616E+00
   7.6726975E+00  -5.2367389E-04  -6.3613381E+00  -5.4157311E-01   6.3843498E+00
   7.6895804E+00   8.9160828E-03  -6.3417048E+00  -5.2228683E-01   6.3631816E+00
   7.7063241E+00   3.5927072E-02  -6.2910247E+00  -5.1463151E-01   6.3121414E+00
   7.7232223E+00   1.3904214E-03  -6.2088008E+00  -4.9951547E-01   6.2288623E+00
   7.7398968E+00   2.5733849E-02  -6.1318789E+00  -4.8841715E-01   6.1513538E+00
   7.7573557E+00   4.1751325E-02  -6.0099778E+00  -4.7684106E-01   6.0290093E+00
   7.7742753E+00   4.0408313E-02  -5.9270511E+00  -4.6721929E-01   5.9455748E+00
   7.7912169E+00   2.5469510E-02  -5.8131375E+00  -4.5905656E-01   5.8312907E+00
   7.8079486E+00   1.6190937E-02  -5.6914763E+00  -4.5107746E-01   5.7093463E+00
   7.8250542E+00   2.5351431E-02  -5.5186729E+00  -4.4422284E-01   5.5365806E+00
   7.8418798E+00   2.4918871E-02  -5.3918562E+00  -4.3625489E-01   5.4095335E+00
   7.8586602E+00   2.8355468E-02  -5.2370501E+00  -4.3051973E-01   5.2547927E+00
   7.8753486E+00  -5.2630897E-03  -5.1021180E+00  -4.2271370E-01   5.1196017E+00
   7.8924861E+00   2.6951870E-02  -4.9125495E+00  -4.1692412E-01   4.9302835E+00
   7.9089699E+00   3.0549470E-02  -4.7947326E+00  -4.1180253E-01   4.8124814E+00
   7.9263096E+00   2.4753271E-02  -4.6538911E+00  -4.0448830E-01   4.6715012E+00
   7.9426856E+00   2.7926464E-02  -4.5126414E+00  -3.9910614E-01   4.5303421E+00
   7.9599738E+00   2.8571393E-02  -4.3466291E+00  -3.9278457E-01   4.3644338E+00
   7.9768076E+00   2.6487755E-02  -4.2060776E+00  -3.8541257E-01   4.2237816E+00
   7.9940000E+00   1.9523568E-02  -4.0691934E+00  -3.8025239E-01   4.0869679E+00
   8.0105953E+00   2.0842871E-02  -3.9230855E+00  -3.7483469E-01   3.9410067E+00
   8.0273981E+00   2.0805562E-02  -3.7931421E+00  -3.6793116E-01   3.8110015E+00
   8.0446777E+00   2.7094640E-02  -3.6618819E+00  -3.6203137E-01   3.6798341E+00
   8.0614100E+00   9.9535184E-03  -3.5327787E+00  -3.5483506E-01   3.5505681E+00
   8.0778189E+00   2.0088281E-02  -3.4117098E+00  -3.4856734E-01   3.4295285E+00
   8.0954571E+00   1.5111578E-02  -3.2625577E+00  -3.4496307E-01   3.2807791E+00
   8.1119556E+00   1.5695510E-02  -3.1325562E+00  -3.3972415E-01   3.1509628E+00
   8.1288061E+00   1.7138749E-02  -2.9931245E+00  -3.3540055E-01   3.0119066E+00
   8.1461363E+00   8.4269792E-03  -2.8401377E+00  -3.3097273E-01   2.8593698E+00
   8.1629324E+00   1.7614363E-02  -2.7119348E+00  -3.2744852E-01   2.7316885E+00
   8.1798458E+00   1.7458895E-02  -2.5850770E+00  -3.2419237E-01   2.6053846E+00
   8.1963139E+00   2.0877343E-02  -2.4531837E+00  -3.2233110E-01   2.4743571E+00
   8.2137003E+00   1.8279282E-02  -2.3158250E+00  -3.1182700E-01   2.3367960E+00
   8.2300043E+00  -1.6251735E-02  -2.2171910E+00  -3.0809808E-01   2.2385542E+00
   8.2470388E+00   1.5820113E-01  -2.0491905E+00  -2.9879656E-01   2.0768940E+00
   8.2639542E+00   5.3827554E-02  -1.9467051E+00  -2.8995949E-01   1.9689171E+00
   8.2810583E+00   1.8330848E-02  -1.9078349E+00  -2.8323054E-01   1.9288311E+00
   8.2981052E+00   8.4140496E-03  -1.7915897E+00  -2.7451274E-01   1.8125181E+00
   8.3150663E+00   8.9373551E-03  -1.6838827E+00  -2.6419631E-01   1.7045059E+00
   8.3319540E+00   2.6715167E-02  -1.5903465E+00  -2.5403228E-01   1.6107290E+00
   8.3484640E+00   2.3922917E-02  -1.4980103E+00  -2.4684311E-01   1.5184001E+00
   8.3657827E+00  -5.3265751E-03  -1.4034628E+00  -2.3910177E-01   1.4236944E+00
   8.3822279E+00   1.3727453E-02  -1.2981787E+00  -2.3222460E-01   1.3188572E+00
   8.3991728E+00   6.0240305E-03  -1.1955094E+00  -2.2841077E-01   1.2171485E+00
   8.4159384E+00  -7.7065808E-05  -1.0392835E+00  -2.2505155E-01   1.0633713E+00
   8.4328585E+00  -5.8660498E-03  -9.2926401E-01  -2.2163823E-01   9.5534784E-01
   8.4498701E+00  -2.3260979E-02  -8.1189018E-01  -2.1957967E-01   8.4138095E-01
   8.4668703E+00  -2.2302230E-03  -7.2013104E-01  -2.1817818E-01   7.5245959E-01
   8.4836617E+00  -2.7055640E-03  -5.8880395E-01  -2.1821989E-01   6.2794691E-01
   8.5006332E+00  -4.0646340E-03  -4.9330598E-01  -2.1704385E-01   5.3895766E-01
   8.5178165E+00  -2.6999502E-03  -3.3947086E-01  -2.1893573E-01   4.0395620E-01
   8.5344696E+00  -9.2894034E-03  -1.7176929E-01  -2.1786882E-01   2.7759287E-01
   8.5516233E+00  -1.2349650E-02  -4.4319004E-02  -2.1916068E-01   2.2393771E-01
   8.5685806E+00  -1.7537100E-02   1.3329805E-01  -2.1954010E-01   2.5743693E-01
   8.5854139E+00  -8.7813716E-03   3.1961459E-01  -2.2106162E-01   3.8871431E-01
   8.6021156E+00  -1.0377307E-02   5.4743892E-01  -2.2317256E-01   5.9127241E-01
   8.6187201E+00  -1.5788160E-02   6.6881144E-01  -2.2540465E-01   7.0594990E-01
   8.6361818E+00  -8.5553210E-03   9.8019820E-01  -2.2788501E-01   1.0063764E+00
   8.6530075E+00  -2.4971733E-02   1.1685460E+00  -2.3016962E-01   1.1912605E+00
   8.6697464E+00  -1.9675858E-02   1.4066637E+00  -2.3229122E-01   1.4258503E+00
   8.6864204E+00  -3.2508906E-02   1.7031336E+00  -2.3502792E-01   1.7195810E+00
   8.7035875E+00  -2.5032032E-02   2.0012181E+00  -2.3732866E-01   2.0153971E+00
   8.7206621E+00  -1.5781302E-02   2.3377423E+00  -2.3878948E-01   2.3499591E+00
   8.7371006E+00  -1.1886851E-02   2.6469328E+00  -2.4168000E-01   2.6579697E+00
   8.7540693E+00  -2.3414208E-02   3.0203524E+00  -2.3302168E-01   3.0294185E+00
   8.7713156E+00  -1.5095687E-02   3.4418316E+00  -2.3760773E-01   3.4500566E+00
   8.7880297E+00  -1.8892495E-02   3.7936339E+00  -2.3117165E-01   3.8007176E+00
   8.8047943E+00  -2.5968974E-02   4.2181177E+00  -2.3390058E-01   4.2246776E+00
   8.8216257E+00  -1.8126423E-02   4.6701698E+00  -2.2697946E-01   4.6757174E+00
   8.8385372E+00  -6.1306679E-03   5.1451759E+00  -2.2949618E-01   5.1502953E+00
   8.8555403E+00  -3.5891484E-02   5.6891646E+00  -2.3068081E-01   5.6939526E+00
   8.8726482E+00  -1.4546325E-02   6.1635184E+00  -2.2858585E-01   6.1677728E+00
   8.8894100E+00   1.2340980E-02   6.7271686E+00  -2.3235922E-01   6.7311916E+00
   8.9063129E+00  -1.0755744E-02   7.1807241E+00  -2.4222571E-01   7.1848168E+00
   8.9233646E+00   4.2502280E-02   7.6449146E+00  -2.6749298E-01   7.6497107E+00
   8.9401340E+00  -1.2029492E-02   8.1831665E+00  -2.6723903E-01   8.1875381E+00
   8.9570789E+00  -2.1618104E-02   8.7055225E+00  -2.8623924E-01   8.7102537E+00
   8.9738655E+00   1.6066540E-02   9.1486416E+00  -3.1308898E-01   9.1540108E+00
   8.9907608E+00   2.4238113E-02   9.6065903E+00  -3.3975431E-01   9.6126270E+00
   9.0074425E+00   4.6943057E-02   9.9192419E+00  -3.5888290E-01   9.9258423E+00
   9.0244532E+00   3.4645021E-02   1.0271031E+01  -3.8796920E-01   1.0278415E+01
   9.0412827E+00   5.6978468E-02   1.0555565E+01  -4.0019527E-01   1.0563302E+01
   9.0585175E+00   4.3142512E-02   1.0740900E+01  -4.2026058E-01   1.0749205E+01
   9.0754662E+00  -1.4823025E-02   1.0778673E+01  -4.3589863E-01   1.0787494E+01
   9.0919685E+00   9.3300445E-03   1.0786270E+01  -5.1568991E-01   1.0798594E+01
   9.1090918E+00  -4.7802221E-02   1.0812309E+01  -5.9697437E-01   1.0828882E+01
   9.1261387E+00  -6.7695357E-02   1.0503201E+01  -6.1260122E-01   1.0521268E+01
   9.1428089E+00  -1.7204308E-03   9.9187469E+00  -6.6697484E-01   9.9411469E+00
   9.1599665E+00  -5.9218526E-02   9.1324158E+00  -6.8801695E-01   9.1584873E+00
   9.1766024E+00  -4.7305759E-02   8.1697397E+00  -7.3361051E-01   8.2027483E+00
   9.1936541E+00  -3.9472390E-02   6.9708276E+00  -8.0171764E-01   7.0168900E+00
   9.2104158E+00   7.3485211E-02   5.8079987E+00  -8.6323029E-01   5.8722577E+00
   9.2275362E+00  -1.3875449E-01   4.4749627E+00  -8.9500028E-01   4.5656948E+00
   9.2443295E+00  -1.2645312E-01   2.8837676E+00  -9.3360078E-01   3.0337627E+00
   9.2613106E+00  -2.2250151E-02   1.2990963E+00  -9.3788159E-01   1.6024257E+00
   9.2781315E+00  -4.2545479E-02  -7.9956397E-02  -9.5026225E-01   9.5456874E-01
   9.2953615E+00  -6.7645565E-02  -1.3546286E+00  -9.6360272E-01   1.6637683E+00
   9.3116837E+00  -3.4780063E-02  -2.5174787E+00  -9.7274649E-01   2.6991007E+00
   9.3287287E+00  -4.6184674E-02  -3.5614841E+00  -9.3381125E-01   3.6821604E+00
   9.3455601E+00   1.2999160E-02  -4.5161686E+00  -9.1622269E-01   4.6081896E+00
   9.3623762E+00   7.0704095E-02  -5.3434491E+00  -9.1042382E-01   5.4209151E+00
   9.3792734E+00   3.3431426E-02  -6.1507134E+00  -8.6141914E-01   6.2108326E+00
   9.3967066E+00  -3.7065074E-02  -6.7234764E+00  -7.9940480E-01   6.7709346E+00
   9.4134216E+00  -1.8630790E-02  -7.4321084E+00  -7.1347600E-01   7.4662995E+00
   9.4302120E+00  -2.6119050E-02  -7.8750944E+00  -6.7665809E-01   7.9041543E+00
   9.4470758E+00  -9.4091535E-02  -8.7193861E+00  -6.4453113E-01   8.7436819E+00
   9.4640961E+00  -5.5131294E-02  -9.2758188E+00  -6.4982510E-01   9.2987165E+00
   9.4810600E+00  -4.5767136E-02  -9.5297318E+00  -6.3191247E-01   9.5507698E+00
   9.4979095E+00  -7.1673788E-02  -9.8735209E+00  -6.0273230E-01   9.8921604E+00
   9.5149746E+00  -9.4163613E-03  -9.8763456E+00  -5.6627280E-01   9.8925714E+00
   9.5318213E+00  -1.1979222E-02  -9.8868704E+00  -5.1593518E-01   9.9003305E+00
   9.5486202E+00   2.8426606E-02  -9.7716274E+00  -4.5903683E-01   9.7824450E+00
   9.5653811E+00   1.5280136E-02  -9.4731312E+00  -4.2476195E-01   9.4826622E+00
   9.5825024E+00   1.6368447E-02  -9.3290958E+00  -3.8396490E-01   9.3370085E+00
   9.5990210E+00  -2.6593339E-03  -9.0287695E+00  -3.7147048E-01   9.0364084E+00
   9.6161413E+00   5.7464335E-03  -8.7411947E+00  -3.3498389E-01   8.7476130E+00
   9.6329031E+00   2.5872096E-02  -8.3137894E+00  -3.2923475E-01   8.3203459E+00
   9.6500902E+00   3.2646947E-02  -7.8671560E+00  -3.0654311E-01   7.8731933E+00
   9.6665964E+00   6.6014469E-02  -7.4545441E+00  -2.8938684E-01   7.4604506E+00
   9.6834040E+00   2.6565602E-01  -6.8201518E+00  -2.7700299E-01   6.8309426E+00
   9.7004824E+00   2.2105094E-02  -6.5140681E+00  -2.5327420E-01   6.5190277E+00
   9.7177963E+00   1.7890081E-02  -6.1015182E+00  -2.4562182E-01   6.1064863E+00
   9.7346430E+00   4.2864051E-02  -5.5303378E+00  -2.2879958E-01   5.5352345E+00
   9.7513723E+00  -4.3398865E-02  -5.0354662E+00  -2.0499943E-01   5.0398245E+00
   9.7684116E+00   3.0031336E-02  -4.6133847E+00  -2.1391970E-01   4.6184392E+00
   9.7852173E+00  -5.2576955E-02  -4.1929984E+00  -1.9474134E-01   4.1978474E+00
   9.8019238E+00  -5.0864533E-02  -3.8631740E+00  -1.8130903E-01   3.8677609E+00
   9.8188524E+00  -8.4064908E-02  -3.5389507E+00  -1.7302841E-01   3.5441751E+00
   9.8356838E+00  -3.6949292E-02  -3.2531714E+00  -1.6380130E-01   3.2575023E+00
   9.8529711E+00  -1.7756976E-02  -2.9713526E+00  -1.6075888E-01   2.9757512E+00
   9.8694372E+00  -7.7416599E-03  -2.6769247E+00  -1.6432326E-01   2.6819746E+00
   9.8863916E+00  -3.7201489E-03  -2.4691956E+00  -1.5428500E-01   2.4740138E+00
   9.9033985E+00   1.3347470E-02  -2.2294357E+00  -1.4983162E-01   2.2345047E+00
   9.9201899E+00   1.6820002E-02  -2.0042288E+00  -1.5007748E-01   2.0099103E+00
   9.9370232E+00   3.8702577E-02  -1.7893994E+00  -1.4913900E-01   1.7960207E+00
   9.9542398E+00   2.1675754E-02  -1.5690116E+00  -1.4974454E-01   1.5762901E+00
   9.9708157E+00   7.7457628E-03  -1.4316508E+00  -1.5447520E-01   1.4399813E+00
   9.9876080E+00   3.5233874E-02  -1.1653898E+00  -1.5069687E-01   1.1756208E+00
   1.0005041E+01   3.8746223E-02  -9.9176586E-01  -1.5656027E-01   1.0047945E+00
   1.0021942E+01   6.1728552E-02  -8.0990362E-01  -1.5965098E-01   8.2779390E-01
   1.0038401E+01   1.1583591E-02  -6.2198657E-01  -1.6365169E-01   6.4325994E-01
   1.0055435E+01  -1.3182770E-02  -4.8222348E-01  -1.6726197E-01   5.1057798E-01
   1.0072507E+01   4.3769043E-02  -3.3908194E-01  -1.6885138E-01   3.8131756E-01
   1.0089184E+01   4.4114660E-02  -1.9190320E-01  -1.7163634E-01   2.6121250E-01
   1.0106338E+01   5.6932427E-02  -1.4649244E-02  -1.7434578E-01   1.8399009E-01
   1.0123123E+01   3.1056175E-02   1.3396089E-01  -1.7841733E-01   2.2526151E-01
   1.0139961E+01   4.0037267E-02   2.8812671E-01  -1.8149123E-01   3.4286886E-01
   1.0156847E+01   2.5714662E-02   4.4715092E-01  -1.8400340E-01   4.8421320E-01
   1.0173774E+01   2.8752828E-02   5.8671421E-01  -1.8782499E-01   6.1671591E-01
   1.0190737E+01   2.6246512E-02   7.6670641E-01  -1.9063061E-01   7.9048568E-01
   1.0207733E+01   3.6446679E-02   9.4608772E-01  -1.9466616E-01   9.6659464E-01
   1.0224448E+01   3.2985579E-02   1.1841016E+00  -1.9872037E-01   1.2011138E+00
   1.0241511E+01   3.9052241E-02   1.4364250E+00  -2.0367828E-01   1.4513189E+00
   1.0258307E+01   4.2619798E-02   1.8073103E+00  -2.0897424E-01   1.8198509E+00
   1.0275142E+01   4.2350411E-02   1.9425076E+00  -2.1309105E-01   1.9546195E+00
   1.0292012E+01   4.3224502E-02   2.2495923E+00  -2.1902937E-01   2.2606432E+00
   1.0308915E+01   5.6323379E-02   2.6413751E+00  -2.2521460E-01   2.6515574E+00
   1.0325848E+01   3.3346709E-02   2.9847987E+00  -2.3162641E-01   2.9939582E+00
   1.0342808E+01  -1.7484631E-02   3.4112382E+00  -2.3743710E-01   3.4195361E+00
   1.0359793E+01   2.1233492E-02   3.8951864E+00  -2.4176243E-01   3.9027395E+00
   1.0376565E+01   5.5516880E-02   4.2889233E+00  -2.4122576E-01   4.2960606E+00
   1.0393600E+01   2.6977535E-02   4.8706498E+00  -2.4068314E-01   4.8766675E+00
   1.0410431E+01   4.4606752E-03   5.3667092E+00  -2.3214932E-01   5.3717299E+00
   1.0427290E+01  -2.8826518E-03   5.8586149E+00  -2.2434898E-01   5.8629098E+00
   1.0444177E+01  -7.8402944E-03   6.4218740E+00  -2.3010281E-01   6.4260001E+00
   1.0461087E+01  -3.3076264E-02   7.0022426E+00  -2.2018459E-01   7.0057817E+00
   1.0478022E+01  -1.3769171E-02   7.5297542E+00  -2.4515189E-01   7.5337563E+00
   1.0494978E+01  -9.8259766E-03   8.1823654E+00  -2.5899246E-01   8.1864691E+00
   1.0511760E+01  -2.6671687E-02   8.8701973E+00  -2.7027705E-01   8.8743544E+00
   1.0528759E+01  -2.2196526E-02   9.5733910E+00  -2.7993187E-01   9.5775080E+00
   1.0545589E+01  -3.2988891E-02   1.0305343E+01  -3.0642220E-01   1.0309950E+01
   1.0562445E+01  -9.7621955E-02   1.0942738E+01  -2.9821587E-01   1.0947235E+01
   1.0579322E+01   1.7735945E-02   1.1436048E+01  -3.7779573E-01   1.1442300E+01
   1.0596221E+01   6.0589064E-02   1.1959568E+01  -3.9628711E-01   1.1966285E+01
   1.0613139E+01   7.8438148E-03   1.2564148E+01  -3.8590625E-01   1.2570076E+01
   1.0630077E+01  -1.1063762E-02   1.3060176E+01  -4.1983607E-01   1.3066926E+01
   1.0647034E+01  -2.0834137E-02   1.3554405E+01  -4.6706620E-01   1.3562467E+01
   1.0663843E+01   2.1602802E-02   1.4166827E+01  -5.2093065E-01   1.4176417E+01
   1.0680658E+01   1.4596689E-01   1.4765442E+01  -5.6237876E-01   1.4776869E+01
   1.0697550E+01   1.5953762E-02   1.5170701E+01  -6.1944073E-01   1.5183351E+01
   1.0714649E+01   2.9948223E-01   1.6507692E+01  -6.9801509E-01   1.6525158E+01
   1.0731564E+01   8.0658540E-02   1.6055769E+01  -6.5033656E-01   1.6069136E+01
   1.0748563E+01   2.7696174E-01   1.4810296E+01  -7.4668014E-01   1.4831693E+01
   1.0765467E+01   1.2503758E-01   1.2729558E+01  -8.6889690E-01   1.2759790E+01
   1.0782216E+01   1.6286129E-01   1.0341870E+01  -8.8892192E-01   1.0381281E+01
   1.0798959E+01  -7.2299063E-02   8.1946449E+00  -9.8870033E-01   8.2543907E+00
   1.0816094E+01  -1.0998451E-02   5.9531269E+00  -1.0303192E+00   6.0416389E+00
   1.0832808E+01   2.6194060E-03   3.7165842E+00  -1.0972707E+00   3.8751786E+00
   1.0849845E+01   1.9427041E-02   1.2444165E+00  -1.1096852E+00   1.6674385E+00
   1.0866716E+01  -3.1369280E-02  -7.8473181E-01  -1.1070075E+00   1.3572965E+00
   1.0883597E+01   2.4483493E-02  -2.6102116E+00  -1.1258428E+00   2.8427675E+00
   1.0900496E+01   1.9209932E-01  -4.2887063E+00  -1.1361792E+00   4.4408116E+00
   1.0917413E+01  -1.6968591E-02  -5.3120046E+00  -1.0871730E+00   5.4221420E+00
   1.0934348E+01   2.0293011E-01  -5.6155443E+00  -1.0754598E+00   5.7212005E+00
   1.0951294E+01  -2.7368501E-01  -6.6488991E+00  -9.8578143E-01   6.7271485E+00
   1.0968069E+01  -2.2192113E-02  -6.8308382E+00  -9.5462042E-01   6.8972564E+00
   1.0984852E+01   2.5293395E-02  -7.5304918E+00  -8.5695565E-01   7.5791373E+00
   1.1002065E+01   4.3956358E-02  -8.1513834E+00  -7.9750609E-01   8.1904211E+00
   1.1018845E+01  -2.3118559E-02  -8.9762077E+00  -7.9163855E-01   9.0110788E+00
   1.1035556E+01   2.9661159E-03  -9.2303448E+00  -7.5359744E-01   9.2610569E+00
   1.1052722E+01   2.1524587E-01  -9.3541050E+00  -6.6145897E-01   9.3799334E+00
   1.1069525E+01   1.2706439E-01  -9.2784824E+00  -6.8721908E-01   9.3047647E+00
   1.1086402E+01   8.2519809E-03  -9.2938309E+00  -6.7789352E-01   9.3185253E+00
   1.1103310E+01   7.7706352E-02  -9.2209291E+00  -6.1004239E-01   9.2414141E+00
   1.1120248E+01   7.2202332E-02  -8.7244720E+00  -5.4894954E-01   8.7420225E+00
   1.1137262E+01   2.4898732E-02  -8.1939659E+00  -4.9346226E-01   8.2088490E+00
   1.1153954E+01   1.0962097E-01  -7.5338459E+00  -4.5582458E-01   7.5484185E+00
   1.1170964E+01   9.1978878E-02  -7.0190997E+00  -4.3099543E-01   7.0329208E+00
   1.1187805E+01   3.1901225E-02  -6.6793494E+00  -3.9653584E-01   6.6911860E+00
   1.1204575E+01  -6.9487551E-03  -6.0903358E+00  -3.7742075E-01   6.1020231E+00
   1.1221768E+01   4.7060382E-02  -5.8401442E+00  -3.4568295E-01   5.8505549E+00
   1.1238687E+01   1.5849065E-02  -5.4804907E+00  -3.2273030E-01   5.4900079E+00
   1.1255527E+01   1.9970087E-02  -4.8745470E+00  -3.2178608E-01   4.8851972E+00
   1.1272526E+01   4.8846263E-02  -4.6034975E+00  -2.9473433E-01   4.6131811E+00
   1.1288940E+01   1.5117119E-02  -4.1881533E+00  -2.9442492E-01   4.1985164E+00
   1.1306316E+01  -7.9452116E-03  -3.6188967E+00  -2.8556386E-01   3.6301548E+00
   1.1323087E+01  -1.6811643E-02  -3.2373254E+00  -2.7932388E-01   3.2493970E+00
   1.1339813E+01   5.5869920E-03  -2.8232608E+00  -2.6328206E-01   2.8355160E+00
   1.1356993E+01   8.1502087E-02  -2.2681997E+00  -2.6557910E-01   2.2851486E+00
   1.1373706E+01  -2.2975208E-02  -1.9965991E+00  -2.6189926E-01   2.0138338E+00
   1.1390720E+01  -3.0659186E-03  -1.6552049E+00  -2.6350412E-01   1.6760510E+00
   1.1407339E+01  -2.8342335E-02  -1.3124791E+00  -2.5619340E-01   1.3375499E+00
   1.1424265E+01  -6.6516429E-02  -1.0514522E+00  -2.5666112E-01   1.0843667E+00
   1.1441110E+01  -4.8815802E-02  -7.5707138E-01  -2.5438413E-01   8.0015707E-01
   1.1458004E+01  -3.5453275E-02  -5.3384531E-01  -2.5078776E-01   5.9088260E-01
   1.1474953E+01  -6.4941101E-02  -3.0793083E-01  -2.5046766E-01   4.0220988E-01
   1.1491946E+01  -5.8374614E-02  -1.2898907E-01  -2.4906868E-01   2.8649777E-01
   1.1508980E+01  -3.8497150E-02   8.9142300E-02  -2.4092251E-01   2.5975379E-01
   1.1525650E+01  -3.4969639E-02   1.9137904E-01  -2.4245760E-01   3.1086090E-01
   1.1542765E+01  -1.8386567E-02   3.4958073E-01  -2.4152948E-01   4.2530134E-01
   1.1559539E+01  -2.1227516E-02   4.6679318E-01  -2.4194320E-01   5.2619672E-01
   1.1576363E+01  -1.0619287E-02   5.5405867E-01  -2.4521643E-01   6.0599083E-01
   1.1593233E+01  -6.0419957E-03   6.5023321E-01  -2.4833386E-01   6.9606715E-01
   1.1610143E+01  -4.1390155E-03   7.1175748E-01  -2.5611052E-01   7.5644457E-01
   1.1627088E+01   1.0205900E-02   7.3973823E-01  -2.5784206E-01   7.8345346E-01
   1.1644073E+01   2.2678269E-02   7.6957077E-01  -2.6111826E-01   8.1297982E-01
   1.1661196E+01   2.0526862E-02   8.0782974E-01  -2.6591462E-01   8.5071784E-01
   1.1677919E+01   7.2199721E-03   8.0861694E-01  -2.6447961E-01   8.5080135E-01
   1.1694624E+01   2.5670188E-02   7.9160041E-01  -2.6599687E-01   8.3549058E-01
   1.1711313E+01   1.8568980E-02   8.1633085E-01  -2.6815525E-01   8.5944641E-01
   1.1728601E+01   3.1374246E-02   8.7584835E-01  -2.7476171E-01   9.1847086E-01
   1.1745140E+01   2.6886879E-02   8.5956234E-01  -2.7593786E-01   9.0316778E-01
   1.1762577E+01   2.9385021E-02   8.8611478E-01  -2.8915134E-01   9.3256170E-01
   1.1779208E+01   2.0402918E-02   9.5139480E-01  -2.9554856E-01   9.9645233E-01
   1.1795828E+01   4.0452346E-02   9.9400407E-01  -3.0293235E-01   1.0399271E+00
   1.1813227E+01   3.8179856E-02   1.0685900E+00  -3.0741218E-01   1.1125846E+00
   1.1829823E+01   4.5788806E-02   1.2081220E+00  -3.1614482E-01   1.2496412E+00
   1.1847184E+01   3.8324460E-02   1.2954171E+00  -3.1893644E-01   1.3346515E+00
   1.1863557E+01   3.6910105E-02   1.4421747E+00  -3.2113448E-01   1.4779571E+00
   1.1880480E+01   3.8478542E-02   1.5838610E+00  -3.2257935E-01   1.6168344E+00
   1.1897959E+01   3.9780527E-02   1.8144523E+00  -3.2437104E-01   1.8436475E+00
   1.1914501E+01   5.0161745E-02   2.0795162E+00  -3.2453203E-01   2.1052849E+00
   1.1931639E+01   4.2866230E-02   2.3814332E+00  -3.2726577E-01   2.4041975E+00
   1.1948636E+01   4.2769816E-02   2.6003180E+00  -3.2945317E-01   2.6214542E+00
   1.1965513E+01   4.1590821E-02   2.9928443E+00  -3.3096355E-01   3.0113759E+00
   1.1982286E+01   5.3299762E-02   3.3325036E+00  -3.3351266E-01   3.3495748E+00
   1.1999336E+01   3.8160738E-02   3.7551181E+00  -3.3722615E-01   3.7704229E+00
   1.2015954E+01   4.1814655E-02   4.1811886E+00  -3.4043953E-01   4.1952338E+00
   1.2032799E+01   1.4721770E-02   4.5706639E+00  -3.4372899E-01   4.5835938E+00
   1.2049832E+01   3.0030407E-02   5.0333085E+00  -3.4557641E-01   5.0452471E+00
   1.2066465E+01   2.9220618E-02   5.5641794E+00  -3.4794360E-01   5.5751247E+00
   1.2083308E+01   2.8021734E-02   6.0598636E+00  -3.4991437E-01   6.0700226E+00
   1.2100314E+01   3.2019967E-03   6.6320734E+00  -3.5492912E-01   6.6415648E+00
   1.2117458E+01   3.2724001E-02   7.1571870E+00  -3.5938942E-01   7.1662793E+00
   1.2134280E+01   1.4468359E-02   7.8003588E+00  -3.6264518E-01   7.8087974E+00
   1.2150879E+01  -9.0542464E-03   8.3666811E+00  -3.6025983E-01   8.3744383E+00
   1.2168064E+01   2.3841649E-02   9.0960903E+00  -3.6669311E-01   9.1035099E+00
   1.2185065E+01   4.5348923E-03   9.7893267E+00  -3.7951231E-01   9.7966814E+00
   1.2201703E+01  -3.5796613E-03   1.0411175E+01  -3.9891952E-01   1.0418816E+01
   1.2218638E+01   3.2183792E-02   1.1075153E+01  -4.0883651E-01   1.1082744E+01
   1.2235695E+01   1.5236876E-02   1.1668844E+01  -4.2352369E-01   1.1676538E+01
   1.2252421E+01   4.5087021E-02   1.2269229E+01  -4.5964006E-01   1.2277918E+01
   1.2269352E+01   9.9835182E-03   1.2905637E+01  -5.0813204E-01   1.2915640E+01
   1.2286271E+01   3.0835664E-02   1.3461016E+01  -4.9683216E-01   1.3470217E+01
   1.2303254E+01   4.7531281E-02   1.3826798E+01  -5.9043157E-01   1.3839481E+01
   1.2320176E+01   3.4592960E-02   1.3993447E+01  -6.3690329E-01   1.4007977E+01
   1.2336970E+01   6.5711088E-02   1.3953920E+01  -6.4861357E-01   1.3969141E+01
   1.2354007E+01  -3.0320570E-02   1.3187411E+01  -7.1357363E-01   1.3206738E+01
   1.2370790E+01  -3.9642513E-02   1.2113653E+01  -7.9799789E-01   1.2139974E+01
   1.2387690E+01   1.6140636E-02   1.0793679E+01  -8.6841857E-01   1.0828569E+01
   1.2404693E+01  -2.9605958E-03   9.1941042E+00  -9.3285388E-01   9.2413082E+00
   1.2421577E+01  -4.5934986E-02   7.3905072E+00  -9.8190886E-01   7.4555922E+00
   1.2438475E+01   6.2212117E-02   5.4235153E+00  -1.0406765E+00   5.5228071E+00
   1.2455214E+01   2.7461842E-02   3.6304789E+00  -1.0451367E+00   3.7780209E+00
   1.2472205E+01   6.2700652E-02   1.8734841E+00  -1.0610526E+00   2.1539979E+00
   1.2489071E+01  -1.2753332E-01   6.6936809E-01  -1.0776608E+00   1.2750181E+00
   1.2506062E+01   8.9866273E-02  -1.0278630E+00  -1.1040456E+00   1.5111238E+00
   1.2522904E+01   2.1148289E-02  -2.5554361E+00  -1.1342155E+00   2.7959158E+00
   1.2539801E+01  -3.9844695E-01  -3.3633165E+00  -1.0864412E+00   3.5568261E+00
   1.2556720E+01  -4.9697766E-01  -3.5520031E+00  -1.1720356E+00   3.7732453E+00
   1.2573490E+01   3.1483885E-02  -4.4351325E+00  -9.9446452E-01   4.5453658E+00
   1.2590426E+01   9.9154204E-02  -4.6925073E+00  -9.2185622E-01   4.7832284E+00
   1.2607469E+01  -6.9371194E-02  -4.8248925E+00  -8.2121009E-01   4.8947716E+00
   1.2624172E+01  -1.0517587E-02  -5.1506305E+00  -7.2484106E-01   5.2013941E+00
   1.2641227E+01  -1.3056520E-01  -5.6486359E+00  -7.1330035E-01   5.6949916E+00
   1.2657974E+01  -3.9648049E-02  -5.8519974E+00  -6.9541937E-01   5.8933058E+00
   1.2674927E+01  -4.7084346E-02  -6.1071205E+00  -6.7355931E-01   6.1443324E+00
   1.2692020E+01  -1.0908940E-03  -6.0605154E+00  -6.4443082E-01   6.0946813E+00
   1.2708833E+01  -5.2832291E-02  -5.9247918E+00  -6.2711376E-01   5.9581223E+00
   1.2725696E+01  -8.9446917E-02  -6.0355415E+00  -5.7001108E-01   6.0630584E+00
   1.2742608E+01   2.2473572E-02  -5.6852212E+00  -5.0965542E-01   5.7080636E+00
   1.2759470E+01   1.8854091E-02  -5.5201850E+00  -4.8969015E-01   5.5418944E+00
   1.2776498E+01  -2.6205564E-02  -5.1555214E+00  -4.5256114E-01   5.1754127E+00
   1.2793142E+01  -8.5316099E-02  -4.7434754E+00  -4.2610887E-01   4.7633400E+00
   1.2810130E+01   4.7569558E-02  -4.7249255E+00  -3.9730844E-01   4.7418394E+00
   1.2826900E+01   1.2234488E-01  -4.2828970E+00  -3.9060092E-01   4.3024111E+00
   1.2843912E+01   4.0016756E-03  -4.0058622E+00  -3.7692907E-01   4.0235586E+00
   1.2860682E+01   4.8735190E-02  -3.7081409E+00  -3.6818939E-01   3.7266939E+00
   1.2877699E+01  -4.3773323E-02  -3.4474943E+00  -3.4524602E-01   3.4650147E+00
   1.2894927E+01  -2.8692706E-02  -3.1837261E+00  -3.3247390E-01   3.2011676E+00
   1.2911816E+01  -1.6726226E-02  -2.8314612E+00  -3.2658404E-01   2.8502822E+00
   1.2928342E+01  -1.8296512E-02  -2.5165021E+00  -3.1448430E-01   2.5361423E+00
   1.2945529E+01  -5.0347794E-02  -2.3207459E+00  -3.1272915E-01   2.3422630E+00
   1.2962302E+01  -2.1473609E-02  -2.0120943E+00  -3.0867192E-01   2.0357463E+00
   1.2979144E+01  -1.4759156E-01  -1.4904345E+00  -3.2180634E-01   1.5319065E+00
   1.2996047E+01  -1.4438638E-01  -1.3495842E+00  -2.9724026E-01   1.3894520E+00
   1.3013214E+01  -4.6776384E-02  -1.5677804E+00  -2.8644568E-01   1.5944198E+00
   1.3029691E+01  -2.2784479E-02  -1.0837710E+00  -2.8850794E-01   1.1217467E+00
   1.3046752E+01  -1.8682871E-03  -1.1870426E+00  -2.7298218E-01   1.2180282E+00
   1.3063873E+01  -9.7383419E-03  -1.0302364E+00  -2.7698702E-01   1.0668662E+00
   1.3080521E+01   6.3716667E-03  -9.7480959E-01  -2.7935931E-01   1.0140690E+00
   1.3097236E+01   3.6714540E-03  -9.5518398E-01  -2.8024232E-01   9.9545246E-01
   1.3114570E+01  -1.7852386E-02  -8.6402166E-01  -2.8363419E-01   9.0956062E-01
   1.3131438E+01  -9.4778640E-03  -8.7314612E-01  -2.8376684E-01   9.1814899E-01
   1.3148385E+01  -1.3786460E-02  -8.4927922E-01  -2.8195640E-01   8.9496630E-01
   1.3164868E+01  -1.7122120E-02  -8.8449740E-01  -2.8225777E-01   9.2860013E-01
   1.3181993E+01  -3.5489518E-02  -7.9767048E-01  -2.8076178E-01   8.4638345E-01
   1.3198662E+01  -2.8321698E-02  -8.0456084E-01  -2.8039762E-01   8.5249227E-01
   1.3215990E+01  -4.1237552E-02  -7.9073274E-01  -2.8207350E-01   8.4055001E-01
   1.3232866E+01  -3.7360959E-02  -7.8112203E-01  -2.8136536E-01   8.3109206E-01
   1.3249787E+01  -3.1396788E-02  -7.8121024E-01  -2.7848259E-01   8.2995647E-01
   1.3266501E+01  -2.7735598E-02  -7.8168690E-01  -2.8041270E-01   8.3092415E-01
   1.3283316E+01  -2.4368741E-02  -7.9430127E-01  -2.6934248E-01   8.3907908E-01
   1.3300215E+01  -1.4866667E-02  -7.6626736E-01  -2.7566117E-01   8.1447881E-01
   1.3317068E+01  -1.5843466E-02  -7.8353876E-01  -2.6915959E-01   8.2863194E-01
   1.3334315E+01   6.6017294E-03  -8.0169302E-01  -2.6766086E-01   8.4522045E-01
   1.3351100E+01  -2.9041956E-03  -7.4537015E-01  -2.6734701E-01   7.9187089E-01
   1.3367949E+01   2.9050121E-03  -7.1990722E-01  -2.6681551E-01   7.6776648E-01
   1.3384878E+01   7.0490451E-03  -5.8880192E-01  -2.4072726E-01   6.3615012E-01
   1.3401877E+01  -1.1253671E-02  -6.0120827E-01  -2.6100785E-01   6.5551746E-01
   1.3418756E+01   4.0903618E-03  -5.6196767E-01  -2.6126429E-01   6.1974466E-01
   1.3435733E+01   1.3812028E-03  -4.0613496E-01  -2.5945204E-01   4.8193660E-01
   1.3452198E+01   6.0094194E-03  -3.5108411E-01  -2.5401008E-01   4.3337893E-01
   1.3469378E+01   8.2501760E-03  -1.3724411E-01  -2.5420338E-01   2.8900409E-01
   1.3486049E+01   1.0087226E-02  -4.0997412E-02  -2.5413582E-01   2.5761902E-01
   1.3503399E+01   6.7818451E-05   1.5451513E-01  -2.5403538E-01   2.9733634E-01
   1.3520164E+01   3.2470105E-03   3.5785672E-01  -2.5214288E-01   4.3777621E-01
   1.3536969E+01   6.7306119E-03   5.6448412E-01  -2.5139391E-01   6.1796969E-01
   1.3553821E+01   4.2970004E-03   8.6117405E-01  -2.5096008E-01   8.9700621E-01
   1.3570701E+01   1.2371039E-02   1.1171874E+00  -2.5508073E-01   1.1460048E+00
   1.3587587E+01   9.5064146E-03   1.4950079E+00  -2.5593978E-01   1.5167874E+00
   1.3604460E+01   1.9872027E-02   1.8095206E+00  -2.6076630E-01   1.8283212E+00
   1.3621295E+01   2.2578033E-02   2.2181621E+00  -2.6016521E-01   2.2334814E+00
   1.3638054E+01   8.1670852E-03   2.6807740E+00  -2.6076680E-01   2.6934392E+00
   1.3655295E+01   1.7189922E-02   3.0868547E+00  -2.6513290E-01   3.0982676E+00
   1.3672336E+01   2.9618878E-02   3.5511613E+00  -2.5481084E-01   3.5604148E+00
   1.3689128E+01   3.3103559E-02   4.0739040E+00  -2.4215722E-01   4.0812292E+00
   1.3705680E+01   2.3971459E-02   4.5134568E+00  -2.3018776E-01   4.5193863E+00
   1.3723115E+01   2.2690937E-02   5.1141157E+00  -2.1791083E-01   5.1188064E+00
   1.3739456E+01   2.0495985E-02   5.6812472E+00  -2.0846452E-01   5.6851077E+00
   1.3756532E+01   2.1726048E-02   6.3697000E+00  -2.0023046E-01   6.3728833E+00
   1.3773281E+01   1.2246085E-02   7.0732632E+00  -2.0378907E-01   7.0762086E+00
   1.3790202E+01   1.9471267E-02   7.7999492E+00  -2.1567604E-01   7.8029547E+00
   1.3807446E+01   2.8345698E-02   8.6327553E+00  -2.2833355E-01   8.6358213E+00
   1.3824015E+01   3.5562761E-02   9.3617487E+00  -2.3624870E-01   9.3647966E+00
   1.3841210E+01   4.8070114E-02   1.0197785E+01  -2.6618719E-01   1.0201372E+01
   1.3858042E+01  -1.3542148E-02   1.0986494E+01  -2.9564753E-01   1.0990479E+01
   1.3874866E+01  -3.1061489E-02   1.1779078E+01  -3.3954057E-01   1.1784011E+01
   1.3891596E+01   3.2875136E-02   1.2377899E+01  -3.7143534E-01   1.2383514E+01
   1.3908829E+01   4.9189962E-02   1.3026902E+01  -3.7658173E-01   1.3032437E+01
   1.3925714E+01   8.1905521E-02   1.3528034E+01  -4.3205929E-01   1.3535180E+01
   1.3942334E+01   6.1271343E-02   1.3818623E+01  -4.9153680E-01   1.3827497E+01
   1.3959355E+01   6.7405038E-02   1.3907926E+01  -5.4107946E-01   1.3918610E+01
   1.3976172E+01   2.7726494E-02   1.3683783E+01  -6.1245894E-01   1.3697510E+01
   1.3993155E+01   1.1561757E-01   1.3207300E+01  -6.7706490E-01   1.3225149E+01
   1.4010110E+01   4.6555694E-02   1.2263504E+01  -6.8571454E-01   1.2282748E+01
   1.4026889E+01   4.5379829E-02   1.1119445E+01  -7.5522280E-01   1.1145155E+01
   1.4044005E+01   1.2084901E-02   9.8651476E+00  -7.9321378E-01   9.8969927E+00
   1.4060783E+01   8.7207108E-04   8.7006950E+00  -8.5200143E-01   8.7423105E+00
   1.4077605E+01  -2.6649663E-02   6.7880821E+00  -8.4413165E-01   6.8404183E+00
   1.4094580E+01   1.0793012E-01   5.9401774E+00  -9.1097158E-01   6.0105929E+00
   1.4111421E+01  -1.0542301E-01   4.6422453E+00  -9.1515839E-01   4.7327657E+00
   1.4128350E+01   7.4912377E-02   3.3682985E+00  -9.5315117E-01   3.5013630E+00
   1.4145377E+01  -1.8376876E-02   2.1535344E+00  -9.4337821E-01   2.3511722E+00
   1.4162235E+01   6.7386024E-02   1.1587119E+00  -9.3188554E-01   1.4884773E+00
   1.4179147E+01   6.4059552E-03   8.3517343E-02  -9.6191859E-01   9.6555871E-01
   1.4196086E+01  -1.7223435E-02  -6.2397736E-01  -9.3815613E-01   1.1268457E+00
   1.4212889E+01  -5.5623483E-02  -1.4213653E+00  -9.1404396E-01   1.6908133E+00
   1.4229756E+01   1.3702830E-02  -1.9800407E+00  -8.8457203E-01   2.1686900E+00
   1.4246675E+01  -2.9070884E-02  -2.5600319E+00  -8.5744989E-01   2.6999683E+00
   1.4263682E+01   1.2188330E-01  -2.9169011E+00  -8.1506908E-01   3.0310898E+00
   1.4280542E+01   2.6626670E-01  -3.2427368E+00  -7.6383710E-01   3.3421082E+00
   1.4297478E+01  -8.0651805E-02  -3.7446468E+00  -7.5958276E-01   3.8217602E+00
   1.4314303E+01   5.5330016E-02  -3.9401057E+00  -7.4296075E-01   4.0099235E+00
   1.4331277E+01  -9.4139151E-02  -4.1217737E+00  -7.0429742E-01   4.1825728E+00
   1.4348090E+01  -6.4185150E-02  -4.3549790E+00  -6.5664029E-01   4.4046726E+00
   1.4365031E+01  -9.1647550E-02  -4.6018639E+00  -5.9000808E-01   4.6404376E+00
   1.4381803E+01  -4.2804345E-02  -4.6911311E+00  -5.1692295E-01   4.7197194E+00
   1.4398800E+01  -4.8373763E-02  -4.7674456E+00  -4.5763081E-01   4.7896037E+00
   1.4415730E+01   7.2900886E-03  -5.0041928E+00  -4.2927462E-01   5.0225768E+00
   1.4432615E+01  -4.5731876E-02  -4.9522638E+00  -4.0373781E-01   4.9689045E+00
   1.4449574E+01   2.6980678E-02  -4.9934893E+00  -3.9027521E-01   5.0087900E+00
   1.4466486E+01   1.4522917E-02  -4.8541665E+00  -3.7351850E-01   4.8685379E+00
   1.4483324E+01   2.6509842E-02  -4.7026424E+00  -3.5962161E-01   4.7164474E+00
   1.4500152E+01  -5.3718749E-02  -4.4905424E+00  -3.4461939E-01   4.5040669E+00
   1.4517018E+01  -1.4007074E-02  -4.4590735E+00  -3.3600855E-01   4.4717369E+00
   1.4533916E+01  -3.6724743E-02  -4.3089452E+00  -3.1466401E-01   4.3205752E+00
   1.4550806E+01   1.0531919E-01  -4.2961402E+00  -2.9337546E-01   4.3074336E+00
   1.4567715E+01  -3.6058921E-02  -4.1021953E+00  -2.7818999E-01   4.1117749E+00
   1.4584619E+01   2.1500615E-03  -3.9414248E+00  -2.7167255E-01   3.9507771E+00
   1.4601541E+01  -2.6957301E-02  -3.7365937E+00  -2.5106445E-01   3.7451158E+00
   1.4618499E+01  -3.1826653E-02  -3.8325744E+00  -2.3973566E-01   3.8401968E+00
   1.4635459E+01  -1.7919619E-02  -3.4915943E+00  -2.3314233E-01   3.4994152E+00
   1.4652181E+01  -1.0403426E-01  -3.2988074E+00  -2.3050085E-01   3.3084867E+00
   1.4669152E+01   9.3066804E-03  -3.1176937E+00  -2.2866538E-01   3.1260819E+00
   1.4686069E+01  -7.7781759E-02  -2.8690796E+00  -2.1378402E-01   2.8780847E+00
   1.4702920E+01  -3.7569426E-02  -2.6186643E+00  -2.1159594E-01   2.6274679E+00
   1.4719966E+01  -3.4558985E-02  -2.4756949E+00  -2.0816042E-01   2.4846711E+00
   1.4736676E+01   1.0807471E-02  -2.2901907E+00  -2.0643915E-01   2.2995014E+00
   1.4753568E+01   7.5386348E-03  -2.1124492E+00  -2.0254087E-01   2.1221502E+00
   1.4770617E+01   1.0514934E-02  -1.9441371E+00  -2.0170088E-01   1.9546005E+00
   1.4787545E+01   9.4578499E-03  -1.7949293E+00  -1.9724271E-01   1.8057588E+00
   1.4804347E+01   8.9247823E-03  -1.6090434E+00  -1.9606388E-01   1.6209692E+00
   1.4821296E+01  -7.6767569E-03  -1.5185183E+00  -1.9288486E-01   1.5307388E+00
   1.4838113E+01   1.0922219E-02  -1.4050207E+00  -1.9327703E-01   1.4182942E+00
   1.4855078E+01   7.6188878E-03  -1.3083473E+00  -1.9101010E-01   1.3222389E+00
   1.4871906E+01   1.6426169E-03  -1.1507622E+00  -1.9112019E-01   1.1665262E+00
   1.4888874E+01  -7.2244001E-03  -1.0462723E+00  -1.8975781E-01   1.0633655E+00
   1.4905685E+01   4.7523631E-03  -1.0870582E+00  -1.9097847E-01   1.1037169E+00
   1.4922626E+01  -5.5078295E-04  -9.1895056E-01  -1.9079387E-01   9.3854821E-01
   1.4939689E+01  -8.7464945E-03  -8.5123897E-01  -1.9155715E-01   8.7256998E-01
   1.4956579E+01  -9.6175568E-03  -8.4406108E-01  -1.9177125E-01   8.6562568E-01
   1.4973295E+01  -5.4780156E-03  -7.2316843E-01  -1.9206589E-01   7.4825925E-01
   1.4990438E+01  -3.7009181E-03  -6.9613713E-01  -1.9284689E-01   7.2236454E-01
   1.5007103E+01  -2.5025792E-02  -6.6308039E-01  -1.9472508E-01   6.9153440E-01
   1.5024201E+01  -5.9434362E-03  -5.0557452E-01  -1.9403177E-01   5.4156184E-01
   1.5041125E+01  -1.7852729E-02  -4.3153813E-01  -1.9424996E-01   4.7357884E-01
   1.5057872E+01  -1.1659144E-02  -3.3115590E-01  -1.9529147E-01   3.8462830E-01
   1.5074751E+01   4.1411105E-05  -1.8149751E-01  -1.9615306E-01   2.6724029E-01
   1.5091764E+01  -3.5990174E-03   2.2909854E-02  -1.9746819E-01   1.9882531E-01
   1.5108601E+01  -1.5703378E-02   1.1231704E-01  -1.9926856E-01   2.2928078E-01
   1.5125577E+01  -1.9504569E-03   2.7813295E-01  -2.0102316E-01   3.4317932E-01
   1.5142376E+01  -4.7163195E-03   6.2765855E-01  -2.0329672E-01   6.5977800E-01
   1.5159322E+01  -2.3130360E-03   9.8999894E-01  -2.0625128E-01   1.0112580E+00
   1.5176080E+01   1.0515992E-03   1.0363252E+00  -2.0835823E-01   1.0570639E+00
   1.5192935E+01   3.1132456E-03   1.5042292E+00  -2.1262056E-01   1.5191848E+00
   1.5209847E+01   7.5945384E-03   1.5656545E+00  -2.1534027E-01   1.5804123E+00
   1.5226793E+01   2.2596702E-02   2.1239560E+00  -2.1831869E-01   2.1352665E+00
   1.5243745E+01   2.2803118E-02   2.5580277E+00  -2.2269987E-01   2.5678048E+00
   1.5260665E+01   2.9954715E-02   3.0483441E+00  -2.2529635E-01   3.0568051E+00
   1.5277506E+01   2.1347810E-02   3.4593885E+00  -2.2229001E-01   3.4665887E+00
   1.5294561E+01   3.3756807E-02   4.0171275E+00  -2.2070092E-01   4.0233269E+00
   1.5311279E+01   3.2507382E-02   4.5779047E+00  -2.2226694E-01   4.5834126E+00
   1.5328141E+01   2.5880355E-02   5.1276312E+00  -2.2113968E-01   5.1324625E+00
   1.5345115E+01   3.7503935E-02   5.7320175E+00  -1.8949182E-01   5.7352715E+00
   1.5362247E+01   4.8041817E-02   6.3821287E+00  -2.1303144E-01   6.3858638E+00
   1.5378826E+01   2.6452091E-02   7.0467858E+00  -2.0823866E-01   7.0499120E+00
   1.5395964E+01   2.5675904E-02   7.7182722E+00  -2.0730633E-01   7.7210984E+00
   1.5412875E+01   2.3022553E-02   8.4278355E+00  -2.1672669E-01   8.4306526E+00
   1.5429540E+01   5.5519906E-03   9.0813103E+00  -2.2896199E-01   9.0841980E+00
   1.5446604E+01   2.4729447E-02   9.8329077E+00  -2.4487373E-01   9.8359871E+00
   1.5463558E+01   1.4186683E-02   1.0546206E+01  -2.7550170E-01   1.0549814E+01
   1.5480318E+01   7.9957461E-03   1.1248235E+01  -3.0274495E-01   1.1252311E+01
   1.5497208E+01   6.8062702E-03   1.1908668E+01  -3.5473579E-01   1.1913952E+01
   1.5514297E+01   4.2457856E-02   1.2407777E+01  -3.8558993E-01   1.2413839E+01
   1.5531218E+01   4.2102620E-02   1.2865562E+01  -4.2384699E-01   1.2872611E+01
   1.5547982E+01   8.9752063E-02   1.3254920E+01  -4.3232396E-01   1.3262273E+01
   1.5564964E+01   1.6677283E-01   1.3447196E+01  -4.7273958E-01   1.3456537E+01
   1.5581720E+01   1.1863302E-01   1.3626708E+01  -5.3733391E-01   1.3637815E+01
   1.5598784E+01   2.8430676E-01   1.3631396E+01  -5.8545101E-01   1.3646924E+01
   1.5615578E+01   2.1214098E-01   1.3406163E+01  -6.6329569E-01   1.3424238E+01
   1.5632393E+01   1.5009631E-01   1.2944010E+01  -6.8270862E-01   1.2962870E+01
   1.5649396E+01  -2.9929566E-01   1.2065228E+01  -3.4777167E-01   1.2073950E+01
   1.5666269E+01   8.5763745E-02   1.1516319E+01  -7.6538765E-01   1.1542044E+01
   1.5683144E+01   3.9759949E-02   1.0552592E+01  -7.9881370E-01   1.0582858E+01
   1.5699981E+01   2.5980597E-02   9.3854828E+00  -8.2924384E-01   9.4220810E+00
   1.5717013E+01  -4.3584418E-02   8.1997433E+00  -8.3824146E-01   8.2425928E+00
   1.5733919E+01  -6.8019122E-02   6.8040814E+00  -8.6636430E-01   6.8593540E+00
   1.5750816E+01   2.8130082E-02   5.4176416E+00  -8.8887590E-01   5.4901485E+00
   1.5767723E+01  -8.0345668E-02   3.9864364E+00  -9.0597111E-01   4.0888767E+00
   1.5784657E+01  -2.1029821E-01   2.7540486E+00  -9.2888510E-01   2.9140754E+00
   1.5801509E+01  -2.2507230E-02   1.4863675E+00  -9.2607224E-01   1.7514008E+00
   1.5818380E+01  -3.1535644E-02   4.9090213E-01  -9.0964460E-01   1.0341338E+00
   1.5835270E+01  -8.2284681E-02  -5.4929411E-01  -9.3588668E-01   1.0882916E+00
   1.5852135E+01  -2.5968850E-02  -1.5639279E+00  -9.0061450E-01   1.8048965E+00
   1.5869156E+01  -8.9489020E-02  -2.0692923E+00  -8.5254776E-01   2.2398252E+00
   1.5885956E+01  -4.9098775E-02  -2.5837464E+00  -7.8138655E-01   2.6997631E+00
   1.5902883E+01  -9.5617184E-03  -2.9757090E+00  -7.3200345E-01   3.0644355E+00
   1.5919802E+01   7.1703665E-02  -3.4265528E+00  -6.9630271E-01   3.4973192E+00
   1.5936726E+01   1.2559463E-01  -3.7969689E+00  -6.7386270E-01   3.8583467E+00
   1.5953652E+01   6.9113635E-02  -3.9573817E+00  -6.1533028E-01   4.0055308E+00
   1.5970456E+01  -1.6315094E-01  -4.1605563E+00  -5.5115443E-01   4.2000737E+00
   1.5987388E+01   5.2469391E-02  -4.4629374E+00  -4.3635300E-01   4.4845252E+00
   1.6004290E+01   5.4977607E-02  -4.5582781E+00  -3.9014506E-01   4.5752745E+00
   1.6021215E+01   4.8899003E-03  -4.7671447E+00  -3.6611363E-01   4.7811852E+00
   1.6038141E+01  -3.6080338E-02  -4.9254060E+00  -3.6421394E-01   4.9389853E+00
   1.6054941E+01   1.0770451E-01  -4.9027052E+00  -3.4638202E-01   4.9161062E+00
   1.6071869E+01  -6.7248426E-02  -4.6004949E+00  -3.1182837E-01   4.6115413E+00
   1.6088799E+01  -1.4539935E-01  -4.3650637E+00  -2.9310542E-01   4.3773088E+00
   1.6105726E+01  -1.6113485E-01  -4.1106739E+00  -2.7815071E-01   4.1232233E+00
   1.6122658E+01  -9.6802332E-02  -3.9940152E+00  -2.5967422E-01   4.0036182E+00
   1.6139460E+01  -1.1399808E-01  -3.8359482E+00  -2.4627291E-01   3.8455358E+00
   1.6156389E+01  -7.2881430E-02  -3.6157086E+00  -2.2704008E-01   3.6235628E+00
   1.6173321E+01  -1.9025846E-01  -3.3708692E+00  -2.1164736E-01   3.3828614E+00
   1.6190252E+01   8.1211939E-02  -2.9298973E+00  -2.0221040E-01   2.9379897E+00
   1.6207056E+01  -9.1723859E-02  -2.9013100E+00  -1.9516578E-01   2.9093132E+00
   1.6223988E+01  -7.0325576E-02  -2.6270158E+00  -1.9030198E-01   2.6348383E+00
   1.6240921E+01  -3.3632908E-02  -2.4272375E+00  -1.9427130E-01   2.4352319E+00
   1.6257853E+01  -2.5669362E-02  -2.3007922E+00  -1.9512755E-01   2.3091943E+00
   1.6274656E+01  -8.4451430E-02  -2.1110983E+00  -1.9341967E-01   2.1216218E+00
   1.6291590E+01  -1.7120706E-02  -1.9512957E+00  -1.9607304E-01   1.9611968E+00
   1.6308523E+01  -9.1571100E-03  -1.8247349E+00  -1.9787343E-01   1.8354551E+00
   1.6325457E+01  -7.3614013E-03  -1.7453845E+00  -1.9983742E-01   1.7568028E+00
   1.6342262E+01  -4.4638044E-03  -1.6998271E+00  -2.0386344E-01   1.7120141E+00
   1.6359196E+01   1.1920436E-02  -1.6586012E+00  -2.0385846E-01   1.6711248E+00
   1.6376129E+01   5.0682705E-03  -1.6366074E+00  -2.0535536E-01   1.6494484E+00
   1.6393063E+01  -1.1099558E-02  -1.6385607E+00  -2.0535864E-01   1.6514164E+00
   1.6409868E+01  -3.6560866E-04  -1.6750644E+00  -2.0379698E-01   1.6874164E+00
   1.6426802E+01  -1.1333115E-03  -1.6965050E+00  -2.0160335E-01   1.7084421E+00
   1.6443735E+01  -7.1439631E-03  -1.7590364E+00  -1.9853540E-01   1.7702193E+00
   1.6460541E+01  -1.4168213E-02  -1.9400606E+00  -1.9937137E-01   1.9503294E+00
   1.6477476E+01   1.3294891E-02  -1.9550738E+00  -2.0028150E-01   1.9653506E+00
   1.6494410E+01   6.0136500E-03  -2.0465720E+00  -2.0839462E-01   2.0571632E+00
   1.6511345E+01   7.4065356E-03  -2.0903652E+00  -2.0239970E-01   2.1001539E+00
   1.6528151E+01   1.8070439E-02  -2.1751776E+00  -1.9597496E-01   2.1840627E+00
   1.6545086E+01   2.0271771E-02  -2.3075438E+00  -1.9686855E-01   2.3160152E+00
   1.6562019E+01   1.6307956E-02  -2.2514408E+00  -1.9701190E-01   2.2601030E+00
   1.6578955E+01   1.9886987E-02  -2.3220530E+00  -2.0145489E-01   2.3308604E+00
   1.6595762E+01   2.2767726E-02  -2.3620274E+00  -1.9940767E-01   2.3705392E+00
   1.6612696E+01   1.7714310E-02  -2.3204556E+00  -1.9798186E-01   2.3289535E+00
   1.6629631E+01   2.4333533E-02  -2.2997911E+00  -1.9612065E-01   2.3082666E+00
   1.6646439E+01   2.6977723E-02  -2.2343211E+00  -1.9336897E-01   2.2428353E+00
   1.6663372E+01   3.2928735E-02  -2.1622968E+00  -1.9192542E-01   2.1710474E+00
   1.6680307E+01   1.8279660E-02  -2.1039505E+00  -1.8952520E-01   2.1125486E+00
   1.6697243E+01   4.3158880E-03  -2.0241249E+00  -1.8725546E-01   2.0327728E+00
   1.6714050E+01  -2.1020181E-03  -1.9259135E+00  -1.8438073E-01   1.9347204E+00
   1.6730986E+01  -1.4742339E-02  -1.8057495E+00  -1.8241987E-01   1.8150002E+00
   1.6747921E+01  -8.9565860E-03  -1.6214556E+00  -1.7892784E-01   1.6313226E+00
   1.6764856E+01  -2.2418549E-02  -1.4827796E+00  -1.7705186E-01   1.4934810E+00
   1.6781662E+01  -2.1900065E-02  -1.3095481E+00  -1.7377532E-01   1.3212092E+00
   1.6798599E+01  -1.7762065E-02  -1.1146543E+00  -1.7178729E-01   1.1279541E+00
   1.6815535E+01  -2.7194215E-02  -9.1542017E-01  -1.6940287E-01   9.3135971E-01
   1.6832340E+01  -2.6194787E-02  -6.9042206E-01  -1.6777040E-01   7.1099627E-01
   1.6849276E+01  -2.5034022E-02  -4.0773252E-01  -1.6681316E-01   4.4124725E-01
   1.6866213E+01  -1.2280889E-02  -1.4374867E-01  -1.6704881E-01   2.2072564E-01
   1.6883148E+01  -6.1334334E-03   2.3458120E-01  -1.6839962E-01   2.8883281E-01
   1.6900084E+01  -7.0695188E-03   5.1987773E-01  -1.7016193E-01   5.4706299E-01
