  flscon:  version 22.2.0.05  win64 2022 
 FLOW-3D   05:49:09  10/08/2023 yumj     
   hydr3d   version  22.2.0.16 win64     09/12/2022 HYDRO    
 Simulation Template: Free Surface - TruVOF (Default)                            

Mesh Block   1
 printing pfxob, pfyob, pfzob, pfob       
       1     1002      0.000E+00      8.160E+00
   time              pfxob_1         pfyob_1         pfzob_1         pfob_1
   0.0000000E+00   1.8702253E-03  -1.2445152E+00   6.5546298E-01   1.4065750E+00
   1.6165863E-03   1.4562066E-01   1.7342520E+02   1.2135749E-01   1.7342529E+02
   7.8014056E-03  -1.3721623E-02  -3.1991562E-01   6.2698603E-01   7.0402116E-01
   1.5789349E-02  -6.8254638E-03  -5.7002383E-01   6.2780732E-01   8.4800696E-01
   2.4352623E-02  -1.5699123E-03  -8.3264232E-01   6.2929273E-01   1.0436977E+00
   3.2825228E-02  -3.4928424E-03  -9.9654245E-01   6.3201499E-01   1.1800643E+00
   4.0250912E-02  -5.9559415E-03  -1.1350898E+00   6.3405573E-01   1.3001888E+00
   4.8194125E-02   2.4087715E-03  -1.2953590E+00   6.3406318E-01   1.4422194E+00
   5.7216473E-02  -7.0777844E-04  -1.4713070E+00   6.2810636E-01   1.5997696E+00
   6.6006660E-02   1.7080030E-03  -1.6071999E+00   6.2998307E-01   1.7262599E+00
   7.4039079E-02  -1.1959041E-02  -1.7433977E+00   6.3016909E-01   1.8538315E+00
   8.1476524E-02   1.7799374E-03  -1.8718175E+00   6.3275260E-01   1.9758744E+00
   8.9747831E-02   1.3627055E-02  -2.0379858E+00   6.3997453E-01   2.1361506E+00
   9.8231785E-02   1.4542314E-03  -2.1476402E+00   6.4649230E-01   2.2428358E+00
   1.0617597E-01  -2.7783733E-02  -2.2477608E+00   6.4979726E-01   2.3399651E+00
   1.1402792E-01  -1.2419290E-03  -2.3106873E+00   6.5367109E-01   2.4013669E+00
   1.2245400E-01   2.3946604E-02  -2.4523375E+00   6.5787446E-01   2.5391595E+00
   1.3073026E-01   2.5313084E-03  -2.5480969E+00   6.6229397E-01   2.6327624E+00
   1.3865127E-01   7.0401141E-03  -2.6037748E+00   6.6925907E-01   2.6884198E+00
   1.4734057E-01  -7.1010385E-03  -2.6706374E+00   6.7544448E-01   2.7547376E+00
   1.5474108E-01  -9.6829450E-03  -2.7490621E+00   6.7983878E-01   2.8318927E+00
   1.6318539E-01  -1.0435724E-02  -2.7658548E+00   6.8346524E-01   2.8490677E+00
   1.7099676E-01   1.2788440E-02  -2.8029673E+00   6.8831784E-01   2.8862729E+00
   1.7906255E-01   4.3168021E-03  -2.8376324E+00   6.9176757E-01   2.9207394E+00
   1.8747480E-01   1.4771920E-02  -2.8974781E+00   6.9678777E-01   2.9801192E+00
   1.9597653E-01   1.7192902E-02  -2.9049282E+00   7.0317322E-01   2.9888721E+00
   2.0389389E-01   1.3521858E-02  -2.9117942E+00   7.0465517E-01   2.9958751E+00
   2.1163152E-01  -8.9337835E-03  -2.8879330E+00   7.0761520E-01   2.9733746E+00
   2.2067618E-01  -6.3521108E-03  -2.8558543E+00   7.0980483E-01   2.9427483E+00
   2.2841640E-01  -3.2355245E-03  -2.7958076E+00   7.0859313E-01   2.8842077E+00
   2.3622113E-01   1.7772848E-02  -2.7612848E+00   7.1522588E-01   2.8524652E+00
   2.4481538E-01  -6.2502797E-05  -2.6524644E+00   7.1253246E-01   2.7465014E+00
   2.5332615E-01  -1.2700985E-02  -2.5681100E+00   7.0998800E-01   2.6644762E+00
   2.6062953E-01  -1.8017357E-02  -2.4815454E+00   7.1212399E-01   2.5817654E+00
   2.6887059E-01  -9.8612383E-03  -2.3723712E+00   7.1375787E-01   2.4774365E+00
   2.7741480E-01   2.0023111E-02  -2.2082717E+00   7.1471441E-01   2.3211381E+00
   2.8530884E-01  -3.5456817E-03  -2.1050823E+00   7.1388149E-01   2.2228384E+00
   2.9317749E-01   3.9057403E-03  -1.9994310E+00   7.1902919E-01   2.1247923E+00
   3.0184057E-01  -1.6308896E-02  -1.8149028E+00   7.2213888E-01   1.9533619E+00
   3.1000248E-01   3.6382020E-02  -1.6578629E+00   7.2561568E-01   1.8100693E+00
   3.1812939E-01  -1.1235603E-02  -1.4618661E+00   7.3478460E-01   1.6361808E+00
   3.2602966E-01   1.0442319E-02  -1.3106965E+00   7.3659033E-01   1.5035291E+00
   3.3480093E-01   1.3803991E-02  -1.1816783E+00   7.3785043E-01   1.3931897E+00
   3.4306911E-01  -4.7015507E-02  -9.6770269E-01   7.4195796E-01   1.2203116E+00
   3.5070163E-01   3.6605942E-04  -8.5147452E-01   7.4521226E-01   1.1315256E+00
   3.5901386E-01   8.8612717E-03  -6.4567131E-01   7.4753928E-01   9.8781830E-01
   3.6678439E-01   1.6464174E-02  -4.5693520E-01   7.4988031E-01   8.7828320E-01
   3.7503773E-01   2.1123472E-03  -2.7031317E-01   7.5131732E-01   7.9846817E-01
   3.8409916E-01   2.3036297E-02  -1.1477009E-01   7.5522691E-01   7.6424509E-01
   3.9121687E-01  -1.5866499E-02   1.1113694E-02   7.5698960E-01   7.5723743E-01
   3.9973164E-01   9.8130740E-03   2.9680434E-01   7.5934786E-01   8.1535161E-01
   4.0759906E-01   2.3631947E-02   4.3000010E-01   7.6191252E-01   8.7519670E-01
   4.1571468E-01   2.1331929E-02   5.7666063E-01   7.7877957E-01   9.6927297E-01
   4.2445540E-01   1.0433255E-02   7.7964967E-01   7.7299106E-01   1.0979425E+00
   4.3240243E-01   2.2037148E-02   9.2258108E-01   7.9241115E-01   1.2163703E+00
   4.4117823E-01   1.6054612E-02   1.1470124E+00   7.9176968E-01   1.3938415E+00
   4.4893324E-01   7.6139225E-03   1.2766377E+00   7.9262555E-01   1.5027033E+00
   4.5708910E-01  -6.1180545E-03   1.4464833E+00   7.9898643E-01   1.6524923E+00
   4.6534729E-01   4.0975926E-03   1.6158946E+00   7.9060060E-01   1.7989389E+00
   4.7326612E-01   2.3133773E-04   1.7717214E+00   7.9867697E-01   1.9434202E+00
   4.8110527E-01  -3.4596012E-03   1.8725169E+00   7.9572117E-01   2.0345769E+00
   4.8951396E-01  -4.4713062E-03   2.0702760E+00   8.0815464E-01   2.2224257E+00
   4.9742582E-01  -1.1620726E-02   2.2059784E+00   8.0877495E-01   2.3495941E+00
   5.0558805E-01  -1.2758293E-03   2.3479598E+00   8.0443114E-01   2.4819400E+00
   5.1361954E-01   3.6248909E-03   2.4768708E+00   8.0437207E-01   2.6042113E+00
   5.2170926E-01  -1.6319271E-02   2.5738041E+00   8.0587292E-01   2.6970658E+00
   5.3035718E-01  -1.5630277E-02   2.6836271E+00   8.0362689E-01   2.8014131E+00
   5.3868043E-01  -1.8617498E-02   2.8330808E+00   8.0112946E-01   2.9442320E+00
   5.4654258E-01   2.9376995E-02   2.8931031E+00   8.0182987E-01   3.0023057E+00
   5.5466193E-01   3.9620041E-03   3.0064223E+00   7.9319280E-01   3.1092999E+00
   5.6259853E-01  -3.8637105E-02   3.1168010E+00   7.8595233E-01   3.2146015E+00
   5.7097381E-01   5.5806842E-02   3.1966569E+00   7.8629714E-01   3.2924147E+00
   5.7919765E-01  -2.0409651E-02   3.2592680E+00   7.7453119E-01   3.3500960E+00
   5.8783031E-01  -4.4123858E-02   3.3312404E+00   7.6885253E-01   3.4190998E+00
   5.9589201E-01   9.5443819E-03   3.3783383E+00   7.6136482E-01   3.4630821E+00
   6.0346276E-01   1.8850580E-02   3.4024713E+00   7.5671697E-01   3.4856546E+00
   6.1163181E-01   7.4655334E-03   3.4292319E+00   7.4640870E-01   3.5095317E+00
   6.2044448E-01   2.2725090E-03   3.4675009E+00   7.3797399E-01   3.5451620E+00
   6.2810791E-01  -3.0508175E-02   3.4654272E+00   7.2991765E-01   3.5415952E+00
   6.3671982E-01  -6.7355381E-03   3.4717259E+00   7.1999818E-01   3.5456061E+00
   6.4427924E-01  -1.0359099E-02   3.4190750E+00   7.1337318E-01   3.4927185E+00
   6.5252244E-01  -4.6568215E-03   3.3521216E+00   7.0368546E-01   3.4251883E+00
   6.6088951E-01   1.1514331E-02   3.3324883E+00   6.9787610E-01   3.4047968E+00
   6.6924208E-01   3.1240508E-02   3.1858737E+00   6.8897945E-01   3.2596719E+00
   6.7724174E-01   1.5113724E-02   3.1470723E+00   6.7887938E-01   3.2194984E+00
   6.8514764E-01   9.4568264E-03   3.0347061E+00   6.7606729E-01   3.1091151E+00
   6.9399005E-01  -4.4314512E-03   2.8836451E+00   6.6978794E-01   2.9604130E+00
   7.0159620E-01  -1.7605189E-02   2.7640061E+00   6.6208327E-01   2.8422515E+00
   7.0972669E-01  -7.4210227E-03   2.6155043E+00   6.5420252E-01   2.6960895E+00
   7.1804601E-01  -7.9781543E-03   2.4140410E+00   6.4479494E-01   2.4986835E+00
   7.2591877E-01  -1.1049091E-02   2.2498229E+00   6.3788891E-01   2.3385310E+00
   7.3488963E-01  -1.6478322E-02   2.0633242E+00   6.2847841E-01   2.1569800E+00
   7.4242234E-01  -1.2684996E-02   1.8740160E+00   6.2693316E-01   1.9761432E+00
   7.5087082E-01  -3.3292115E-02   1.6428469E+00   6.2133223E-01   1.7567323E+00
   7.5884289E-01  -2.1984283E-02   1.4417279E+00   6.1752200E-01   1.5685649E+00
   7.6668626E-01  -1.1323877E-02   1.1854054E+00   6.1590159E-01   1.3359075E+00
   7.7545309E-01  -1.6718838E-02   9.0460032E-01   6.1118257E-01   1.0918449E+00
   7.8297955E-01  -7.6804892E-03   7.7877164E-01   6.1208153E-01   9.9054939E-01
   7.9146904E-01  -6.2551107E-03   4.6045491E-01   6.1262381E-01   7.6639795E-01
   7.9977250E-01   2.8334991E-03   2.5754845E-01   6.1368990E-01   6.6554826E-01
   8.0808365E-01  -8.4165744E-03   2.2649614E-02   6.1198670E-01   6.1246353E-01
   8.1579399E-01  -3.1471223E-05  -1.7555681E-01   6.1716610E-01   6.4164954E-01
   8.2443255E-01  -2.4325277E-03  -4.8050657E-01   6.1770868E-01   7.8259599E-01
   8.3217907E-01  -5.9573131E-04  -6.5248829E-01   6.1671597E-01   8.9781952E-01
   8.4037620E-01   1.1289831E-02  -8.5908657E-01   6.0427541E-01   1.0503837E+00
   8.4842479E-01  -6.3741677E-03  -1.0777878E+00   6.1777115E-01   1.2422997E+00
   8.5703224E-01   1.6476607E-02  -1.2712585E+00   6.2070370E-01   1.4147942E+00
   8.6520177E-01   1.9934259E-03  -1.4691410E+00   6.2464929E-01   1.5964228E+00
   8.7346303E-01   8.7564206E-03  -1.6917591E+00   6.2896729E-01   1.8049170E+00
   8.8085169E-01   2.3243554E-02  -1.8137003E+00   6.3076866E-01   1.9203954E+00
   8.8914365E-01   1.4726176E-02  -2.0004470E+00   6.3442886E-01   2.0986912E+00
   8.9808482E-01   8.0284216E-03  -2.1671457E+00   6.3952047E-01   2.2595513E+00
   9.0596020E-01   9.8077087E-03  -2.3281884E+00   6.4505041E-01   2.4159153E+00
   9.1385573E-01   8.6890403E-03  -2.4571257E+00   6.4856416E-01   2.5412943E+00
   9.2185783E-01   1.4534346E-02  -2.5904396E+00   6.5201312E-01   2.6712749E+00
   9.3070644E-01   9.0056499E-03  -2.7144082E+00   6.5668648E-01   2.7927282E+00
   9.3780446E-01   1.2829847E-02  -2.8274388E+00   6.5860701E-01   2.9031601E+00
   9.4680035E-01  -3.4483215E-03  -2.8852677E+00   6.6324937E-01   2.9605205E+00
   9.5518351E-01   2.0642720E-02  -3.0016017E+00   6.6725826E-01   3.0749428E+00
   9.6328044E-01   1.4696065E-02  -3.0513427E+00   6.7219502E-01   3.1245406E+00
   9.7120452E-01   3.7204390E-03  -3.1174095E+00   6.7932016E-01   3.1905692E+00
   9.7914839E-01   2.3524726E-03  -3.1740949E+00   6.8031281E-01   3.2461839E+00
   9.8716962E-01   5.2848221E-03  -3.1936331E+00   6.8196982E-01   3.2656398E+00
   9.9533111E-01   4.4327555E-03  -3.2126489E+00   6.8762869E-01   3.2854173E+00
   1.0037087E+00   5.9491186E-03  -3.2179537E+00   6.9272560E-01   3.2916760E+00
   1.0113477E+00  -1.6743354E-02  -3.1905878E+00   6.9645733E-01   3.2657592E+00
   1.0199510E+00   3.5528382E-03  -3.1730251E+00   7.0116168E-01   3.2495735E+00
   1.0284020E+00  -2.1976181E-03  -3.1018453E+00   7.0715439E-01   3.1814332E+00
   1.0366094E+00  -1.1209445E-02  -3.0557466E+00   7.0927179E-01   3.1370018E+00
   1.0445211E+00  -2.7349234E-02  -2.9625282E+00   7.1489131E-01   3.0476861E+00
   1.0527523E+00  -3.5466657E-03  -2.8940623E+00   7.1735603E-01   2.9816453E+00
   1.0608742E+00  -1.7503615E-02  -2.8007357E+00   7.1817309E-01   2.8914011E+00
   1.0687809E+00  -1.0881122E-02  -2.7338605E+00   7.2207636E-01   2.8276324E+00
   1.0768200E+00  -1.4628606E-02  -2.5789421E+00   7.2282457E-01   2.6783636E+00
   1.0856158E+00  -2.0622874E-02  -2.4301586E+00   7.2656012E-01   2.5365303E+00
   1.0932578E+00  -9.8331757E-03  -2.3503406E+00   7.2658861E-01   2.4601076E+00
   1.1018203E+00  -4.7730226E-03  -2.1720104E+00   7.2888589E-01   2.2910535E+00
   1.1101123E+00  -1.1242311E-02  -2.0695715E+00   7.3195326E-01   2.1952240E+00
   1.1181618E+00  -9.6035218E-03  -1.9130119E+00   7.3638082E-01   2.0498691E+00
   1.1259922E+00   4.4896179E-03  -1.7311255E+00   7.3623210E-01   1.8811840E+00
   1.1343766E+00   2.9091423E-03  -1.5688709E+00   7.3969716E-01   1.7345074E+00
   1.1425433E+00  -1.4687066E-02  -1.4154117E+00   7.4479795E-01   1.5994780E+00
   1.1505119E+00  -7.9284860E-03  -1.2525421E+00   7.4677092E-01   1.4582838E+00
   1.1589984E+00   1.2202927E-02  -1.0488309E+00   7.5149870E-01   1.2903277E+00
   1.1666043E+00   1.3954477E-02  -8.9627701E-01   7.5006431E-01   1.1688044E+00
   1.1747280E+00   4.7187850E-02  -7.4189979E-01   7.5115722E-01   1.0568250E+00
   1.1833404E+00  -1.7146507E-03  -5.4860198E-01   7.5082451E-01   9.2989486E-01
   1.1911300E+00   1.4936117E-02  -2.9235736E-01   7.5595540E-01   8.1065685E-01
   1.1994088E+00   2.9622201E-02  -1.3236065E-01   7.6049942E-01   7.7249998E-01
   1.2075330E+00   1.2171314E-02   5.2008744E-02   7.5648242E-01   7.5836581E-01
   1.2161223E+00  -1.0030573E-02   2.6601383E-01   7.6373500E-01   8.0879855E-01
   1.2239602E+00   2.1177260E-03   4.1971424E-01   7.7539217E-01   8.8170147E-01
   1.2322628E+00  -6.4272090E-04   6.3751245E-01   7.7292675E-01   1.0019172E+00
   1.2404319E+00  -3.5828006E-02   8.0287308E-01   7.7853024E-01   1.1189272E+00
   1.2484761E+00   5.7022031E-03   9.7636783E-01   7.7977371E-01   1.2495494E+00
   1.2564037E+00   9.0848776E-03   1.1286216E+00   7.8222060E-01   1.3732219E+00
   1.2647761E+00   4.3665729E-03   1.3296269E+00   7.8009045E-01   1.5415797E+00
   1.2730308E+00   1.0399702E-02   1.4913454E+00   7.9033142E-01   1.6878517E+00
   1.2811751E+00   4.1289204E-03   1.6635715E+00   7.8978813E-01   1.8415353E+00
   1.2892157E+00   8.1121940E-03   1.8423361E+00   8.0355567E-01   2.0099676E+00
   1.2976847E+00   5.4020500E-03   2.0052474E+00   8.0809295E-01   2.1619575E+00
   1.3055292E+00  -9.7819036E-03   2.1447742E+00   8.0537909E-01   2.2910233E+00
   1.3138013E+00  -2.5740636E-03   2.3046622E+00   8.0957216E-01   2.4427202E+00
   1.3219800E+00   4.8112948E-03   2.4534369E+00   8.1328827E-01   2.5847268E+00
   1.3300707E+00  -1.9486612E-02   2.5600727E+00   8.1228930E-01   2.6859198E+00
   1.3380781E+00   1.8120702E-02   2.6937985E+00   8.1360781E-01   2.8140428E+00
   1.3464997E+00  -1.3218967E-02   2.8287179E+00   8.1560975E-01   2.9439838E+00
   1.3543487E+00  -1.3625959E-03   2.9380848E+00   8.0684394E-01   3.0468576E+00
   1.3626106E+00  -8.6148679E-03   3.0430133E+00   8.0172831E-01   3.1468673E+00
   1.3711274E+00  -8.5442206E-03   3.1417348E+00   7.9478663E-01   3.2407186E+00
   1.3795393E+00  -1.7944582E-02   3.2392485E+00   7.8772324E-01   3.3337009E+00
   1.3876410E+00  -3.0333474E-02   3.3162489E+00   7.7874798E-01   3.4065928E+00
   1.3949231E+00  -1.4031749E-02   3.3959701E+00   7.7394187E-01   3.4830730E+00
   1.4033829E+00  -1.7357623E-02   3.4318893E+00   7.6463747E-01   3.5160823E+00
   1.4115022E+00  -3.6708694E-02   3.4802885E+00   7.5918573E-01   3.5623193E+00
   1.4201877E+00  -1.7886437E-02   3.5400612E+00   7.4782962E-01   3.6182320E+00
   1.4276597E+00  -1.4441162E-02   3.5430200E+00   7.3903197E-01   3.6193049E+00
   1.4359362E+00  -1.6827645E-02   3.5524681E+00   7.2850466E-01   3.6264350E+00
   1.4439644E+00  -3.1871058E-02   3.5114341E+00   7.1896416E-01   3.5844240E+00
   1.4521494E+00  -2.9635653E-02   3.4834595E+00   7.1047765E-01   3.5552983E+00
   1.4608814E+00  -2.9264519E-04   3.4265909E+00   7.0462519E-01   3.4982884E+00
   1.4686276E+00  -1.0085054E-02   3.3900638E+00   6.9386858E-01   3.4603593E+00
   1.4772656E+00  -3.9421725E-03   3.3064802E+00   6.8678147E-01   3.3770545E+00
   1.4850733E+00   2.2145249E-03   3.1578076E+00   6.7523313E-01   3.2291939E+00
   1.4935511E+00   1.3356681E-02   3.0737243E+00   6.6876119E-01   3.1456637E+00
   1.5014884E+00   4.6696183E-03   2.9129982E+00   6.6412324E-01   2.9877484E+00
   1.5098252E+00   7.1065566E-03   2.7604094E+00   6.5414405E-01   2.8368671E+00
   1.5180045E+00  -1.5071256E-02   2.6189096E+00   6.5078592E-01   2.6985991E+00
   1.5263791E+00  -2.3356369E-03   2.4307773E+00   6.4263248E-01   2.5142910E+00
   1.5336984E+00  -5.7632034E-03   2.2766657E+00   6.3667905E-01   2.3640220E+00
   1.5421133E+00   5.1700044E-03   2.0595555E+00   6.2671471E-01   2.1528044E+00
   1.5503951E+00   3.6581107E-03   1.8775272E+00   6.2523407E-01   1.9788986E+00
   1.5583937E+00  -3.9629705E-04   1.6401742E+00   6.1757416E-01   1.7525892E+00
   1.5661839E+00  -1.7104797E-03   1.4383056E+00   6.1538160E-01   1.5644233E+00
   1.5749940E+00  -2.3990325E-03   1.1961105E+00   6.1702323E-01   1.3458840E+00
   1.5834932E+00  -3.6450585E-03   9.8298514E-01   6.1044645E-01   1.1571162E+00
   1.5907704E+00  -4.5834336E-04   7.5184923E-01   6.0778743E-01   9.6679008E-01
   1.5991278E+00  -7.4233464E-04   4.8217016E-01   6.0765672E-01   7.7571601E-01
   1.6074649E+00  -2.5145956E-03   2.7895495E-01   6.1048859E-01   6.7120677E-01
   1.6155386E+00   6.4600515E-03   6.8725176E-02   6.0943294E-01   6.1332977E-01
   1.6235267E+00  -1.0908865E-02  -2.1578340E-01   6.1391658E-01   6.5082645E-01
   1.6316401E+00   9.0973107E-03  -4.4389147E-01   6.1320192E-01   7.5705940E-01
   1.6401310E+00  -6.3724616E-03  -6.4264709E-01   6.1337727E-01   8.8840735E-01
   1.6488587E+00  -2.0090858E-03  -9.1387826E-01   6.0611409E-01   1.0966092E+00
   1.6561431E+00  -1.4419170E-02  -1.0582682E+00   6.1444831E-01   1.2237998E+00
   1.6648738E+00  -6.8756077E-04  -1.2788895E+00   6.1606985E-01   1.4195426E+00
   1.6726768E+00  -5.4745334E-03  -1.4669775E+00   6.1803424E-01   1.5918603E+00
   1.6812257E+00   1.6184805E-04  -1.6669708E+00   6.2230390E-01   1.7793409E+00
   1.6889493E+00   7.1415799E-03  -1.8257910E+00   6.2380588E-01   1.9294293E+00
   1.6976000E+00  -5.8953739E-03  -2.0239782E+00   6.3184834E-01   2.1203196E+00
   1.7055825E+00  -9.3100732E-04  -2.1620049E+00   6.3777059E-01   2.2541113E+00
   1.7139508E+00  -2.6278426E-03  -2.3451493E+00   6.4437467E-01   2.4320672E+00
   1.7213458E+00  -1.6341625E-02  -2.4526098E+00   6.4953434E-01   2.5372143E+00
   1.7301514E+00  -2.3401424E-02  -2.5831065E+00   6.5222031E-01   2.6642780E+00
   1.7377348E+00  -2.0443089E-03  -2.6871567E+00   6.5622938E-01   2.7661259E+00
   1.7464399E+00  -9.9825021E-03  -2.7836499E+00   6.5776026E-01   2.8603241E+00
   1.7545987E+00   9.2880437E-03  -2.8562176E+00   6.6117465E-01   2.9317601E+00
   1.7624390E+00   9.7897248E-03  -2.9409165E+00   6.6729146E-01   3.0156863E+00
   1.7708310E+00   8.2419887E-03  -3.0135829E+00   6.7097718E-01   3.0873873E+00
   1.7793057E+00   8.7377606E-03  -3.0556982E+00   6.7204243E-01   3.1287391E+00
   1.7872506E+00   3.1470577E-03  -3.0916135E+00   6.7591304E-01   3.1646395E+00
   1.7955517E+00   1.1327317E-02  -3.1272099E+00   6.8137169E-01   3.2005997E+00
   1.8035440E+00  -1.0609643E-02  -3.1305215E+00   6.8774539E-01   3.2051945E+00
   1.8111975E+00   3.9466182E-03  -3.1085830E+00   6.9388360E-01   3.1850870E+00
   1.8196990E+00  -1.1416749E-02  -3.0716074E+00   6.9976813E-01   3.1503298E+00
   1.8280210E+00  -1.3391383E-02  -3.0079207E+00   7.0448428E-01   3.0893471E+00
   1.8361598E+00  -1.3938326E-02  -2.9664278E+00   7.0690769E-01   3.0495255E+00
   1.8442008E+00  -7.7700163E-03  -2.8720326E+00   7.0868856E-01   2.9581873E+00
   1.8523130E+00   2.0171430E-02  -2.7335477E+00   7.0802915E-01   2.8238263E+00
   1.8601910E+00  -1.2833262E-02  -2.6989553E+00   7.1600658E-01   2.7923448E+00
   1.8684828E+00  -2.0920806E-02  -2.6087768E+00   7.1670538E-01   2.7055166E+00
   1.8769197E+00   3.9360416E-03  -2.4401639E+00   7.1844035E-01   2.5437317E+00
   1.8850625E+00  -2.7904643E-02  -2.3409884E+00   7.2325581E-01   2.4503274E+00
   1.8929036E+00  -7.5627216E-03  -2.1755445E+00   7.2847790E-01   2.2942822E+00
   1.9008806E+00  -1.7297581E-02  -2.0193167E+00   7.3128760E-01   2.1477244E+00
   1.9090861E+00  -1.1613431E-02  -1.9015070E+00   7.3054779E-01   2.0370479E+00
   1.9176973E+00   9.1360230E-03  -1.7222165E+00   7.3672348E-01   1.8731991E+00
   1.9255282E+00  -9.2893420E-03  -1.5564375E+00   7.4199903E-01   1.7242814E+00
   1.9337031E+00  -9.0872357E-03  -1.3988761E+00   7.4216336E-01   1.5835856E+00
   1.9421244E+00  -1.2899681E-03  -1.1832132E+00   7.4714667E-01   1.3993653E+00
   1.9503154E+00   2.2757326E-03  -9.8963797E-01   7.5175399E-01   1.2427882E+00
   1.9582754E+00   9.0100225E-03  -8.1346059E-01   7.5365907E-01   1.1089641E+00
   1.9662799E+00   2.3313858E-02  -5.6442457E-01   7.5554949E-01   9.4338417E-01
   1.9745305E+00   1.8617827E-02  -3.5311863E-01   7.5660169E-01   8.3515602E-01
   1.9833559E+00  -1.4655326E-02  -2.4303000E-01   7.5941348E-01   7.9748809E-01
   1.9905066E+00  -1.6129382E-02  -1.1830658E-01   7.6052147E-01   7.6983732E-01
   1.9992863E+00   1.4491426E-02   1.5809947E-01   7.6247329E-01   7.7882665E-01
   2.0075295E+00   1.0806387E-03   3.1216559E-01   7.6505107E-01   8.2628787E-01
   2.0157847E+00  -1.2086615E-02   5.9727561E-01   7.6748872E-01   9.7258586E-01
   2.0241208E+00   1.2060327E-02   7.2793263E-01   7.6745826E-01   1.0578392E+00
   2.0317829E+00  -3.7163338E-03   9.2034227E-01   7.7273226E-01   1.2017316E+00
   2.0399840E+00   9.6789999E-03   1.1259689E+00   7.7582204E-01   1.3674061E+00
   2.0477436E+00   1.1508311E-02   1.3067224E+00   7.8780168E-01   1.5258727E+00
   2.0565097E+00  -5.1161583E-04   1.5501264E+00   7.9295874E-01   1.7411709E+00
   2.0644717E+00  -3.1025937E-02   1.6915836E+00   7.9299319E-01   1.8684902E+00
   2.0727930E+00   1.6365020E-02   1.8925474E+00   7.9814363E-01   2.0540295E+00
   2.0811508E+00   3.0007691E-03   2.0924895E+00   7.9713005E-01   2.2391822E+00
   2.0893955E+00   1.2010545E-02   2.2124896E+00   7.9323190E-01   2.3504195E+00
   2.0978889E+00  -1.7024151E-03   2.3881068E+00   8.0780411E-01   2.5210326E+00
   2.1054718E+00   1.5068514E-03   2.5768569E+00   8.1227696E-01   2.7018490E+00
   2.1131377E+00  -1.1081237E-02   2.7069550E+00   8.0588090E-01   2.8243887E+00
   2.1217587E+00   2.0312322E-03   2.8642671E+00   8.2147872E-01   2.9797411E+00
   2.1302683E+00   9.1911107E-04   3.0322609E+00   8.2055962E-01   3.1413252E+00
   2.1379347E+00   1.8386232E-02   3.1961966E+00   8.2296145E-01   3.3004963E+00
   2.1460929E+00   9.5893247E-03   3.2956777E+00   8.2607913E-01   3.3976448E+00
   2.1543067E+00   1.0560792E-02   3.4239683E+00   8.1846029E-01   3.5204470E+00
   2.1628144E+00   3.2233655E-02   3.5554721E+00   8.1488103E-01   3.6478009E+00
   2.1705899E+00   8.3845770E-03   3.6342463E+00   8.0746090E-01   3.7228765E+00
   2.1786947E+00   9.8707089E-03   3.7230060E+00   7.9901809E-01   3.8077948E+00
   2.1870842E+00  -4.4740876E-03   3.7841620E+00   7.8922474E-01   3.8655889E+00
   2.1947818E+00  -4.2113387E-03   3.8831234E+00   7.8252602E-01   3.9611881E+00
   2.2037508E+00  -9.5956614E-03   3.9544849E+00   7.7211380E-01   4.0291691E+00
   2.2112885E+00  -1.8029111E-02   3.9838035E+00   7.6506793E-01   4.0566421E+00
   2.2196376E+00  -5.1994259E-03   4.0132875E+00   7.5725508E-01   4.0841079E+00
   2.2277718E+00  -2.1969471E-03   4.0093513E+00   7.4814659E-01   4.0785570E+00
   2.2354980E+00   1.9242176E-03   4.0256228E+00   7.3984224E-01   4.0930438E+00
   2.2439337E+00  -3.4996604E-03   4.0069604E+00   7.2877038E-01   4.0726957E+00
   2.2521651E+00  -5.1376014E-03   3.9683402E+00   7.2007322E-01   4.0331445E+00
   2.2602739E+00  -2.3164474E-03   3.8904333E+00   7.0949227E-01   3.9545994E+00
   2.2684391E+00  -1.0556694E-02   3.8295505E+00   7.0052785E-01   3.8931103E+00
   2.2763278E+00  -8.6351968E-03   3.7345705E+00   6.9185704E-01   3.7981255E+00
   2.2850850E+00   8.3522340E-03   3.5881398E+00   6.8415964E-01   3.6527922E+00
   2.2926259E+00   2.5722464E-03   3.4861121E+00   6.7398101E-01   3.5506668E+00
   2.3011661E+00  -4.0658675E-03   3.3458281E+00   6.6725576E-01   3.4117169E+00
   2.3088324E+00   9.7777871E-03   3.1722195E+00   6.5749496E-01   3.2396560E+00
   2.3172514E+00   6.4644786E-03   3.0455022E+00   6.5249169E-01   3.1146221E+00
   2.3251457E+00  -3.3708317E-03   2.8379018E+00   6.4910948E-01   2.9111924E+00
   2.3336680E+00  -8.7890774E-03   2.6292744E+00   6.4027464E-01   2.7061248E+00
   2.3418562E+00  -1.7156314E-02   2.4137173E+00   6.3548964E-01   2.4960313E+00
   2.3505473E+00  -8.2664303E-03   2.1849320E+00   6.3107568E-01   2.2742589E+00
   2.3579476E+00   2.9337055E-03   1.9789869E+00   6.2819731E-01   2.0763018E+00
   2.3661160E+00  -2.7031599E-02   1.7164185E+00   6.2527156E-01   1.8269614E+00
   2.3748629E+00  -1.3573566E-02   1.4930012E+00   6.2704641E-01   1.6193900E+00
   2.3828242E+00  -1.6352111E-02   1.2699212E+00   6.2265074E-01   1.4144473E+00
   2.3907542E+00  -1.4699553E-02   1.0383049E+00   6.2218672E-01   1.2105410E+00
   2.3990827E+00  -1.0375000E-02   7.9343891E-01   6.2084413E-01   1.0075219E+00
   2.4073324E+00  -1.4670729E-02   5.9223229E-01   6.2258911E-01   8.5940188E-01
   2.4153409E+00  -4.0903068E-03   3.6000219E-01   6.2366748E-01   7.2012460E-01
   2.4231756E+00  -1.0295806E-02   1.0149948E-01   6.2379968E-01   6.3208717E-01
   2.4311938E+00   1.5074462E-03  -8.8929012E-02   6.2733865E-01   6.3361222E-01
   2.4395278E+00  -1.6764432E-02  -3.1404427E-01   6.2700814E-01   7.0145851E-01
   2.4482439E+00  -6.8423473E-03  -5.5991060E-01   6.3178778E-01   8.4421712E-01
   2.4562719E+00   2.3241488E-02  -7.8973240E-01   6.3640833E-01   1.0145112E+00
   2.4642541E+00  -1.3501183E-02  -9.4247431E-01   6.4296907E-01   1.1409861E+00
   2.4727845E+00  -1.8572325E-02  -1.1585008E+00   6.4813876E-01   1.3276117E+00
   2.4805374E+00  -1.1560361E-02  -1.3488710E+00   6.5204883E-01   1.4982504E+00
   2.4893858E+00  -7.6550166E-03  -1.5250636E+00   6.5613133E-01   1.6602367E+00
   2.4971697E+00  -3.9253370E-03  -1.6602217E+00   6.5774453E-01   1.7857714E+00
   2.5052142E+00  -1.7874940E-04  -1.8267415E+00   6.6170245E-01   1.9428934E+00
   2.5133026E+00  -6.8355487E-03  -1.9599845E+00   6.6615051E-01   2.0701070E+00
   2.5211425E+00  -2.4075244E-02  -2.0764601E+00   6.6890347E-01   2.1816733E+00
   2.5296297E+00   4.9359770E-03  -2.2154591E+00   6.7083752E-01   2.3148017E+00
   2.5374138E+00  -2.6604370E-03  -2.3414145E+00   6.7102039E-01   2.4356718E+00
   2.5460563E+00  -5.4099401E-03  -2.4181616E+00   6.7251790E-01   2.5099432E+00
   2.5537107E+00   3.5337731E-03  -2.5079107E+00   6.7805046E-01   2.5979571E+00
   2.5622635E+00  -1.9248649E-04  -2.5602357E+00   6.7799491E-01   2.6484871E+00
   2.5709398E+00   6.9794673E-03  -2.6019289E+00   6.8578362E-01   2.6907959E+00
   2.5782056E+00   7.1693398E-03  -2.6211412E+00   6.9056922E-01   2.7105937E+00
   2.5868986E+00   8.2624573E-03  -2.6471016E+00   6.9819272E-01   2.7376430E+00
   2.5952318E+00  -4.8232172E-03  -2.6880698E+00   7.0489401E-01   2.7789600E+00
   2.6029110E+00   5.9769739E-04  -2.6580806E+00   7.1070027E-01   2.7514520E+00
   2.6107833E+00   3.4454484E-02  -2.6212940E+00   7.1478701E-01   2.7172210E+00
   2.6193671E+00   9.5838431E-04  -2.6059349E+00   7.2070253E-01   2.7037585E+00
   2.6272216E+00  -9.3872324E-03  -2.5423868E+00   7.2611421E-01   2.6440613E+00
   2.6358399E+00   8.8648591E-03  -2.4584959E+00   7.3245901E-01   2.5653024E+00
   2.6439111E+00  -9.3051308E-04  -2.3833330E+00   7.3500735E-01   2.4940956E+00
   2.6521180E+00   4.7259904E-03  -2.3233230E+00   7.3708040E-01   2.4374454E+00
   2.6604717E+00   2.7275244E-03  -2.1941602E+00   7.3857927E-01   2.3151340E+00
   2.6684992E+00  -8.0183139E-03  -2.0961742E+00   7.4570334E-01   2.2248783E+00
   2.6764836E+00  -5.9809000E-03  -2.0360508E+00   7.4918652E-01   2.1695204E+00
   2.6850235E+00  -7.3259287E-03  -1.8812813E+00   7.5431836E-01   2.0268865E+00
   2.6931713E+00   7.3730350E-03  -1.7041276E+00   7.5954908E-01   1.8657491E+00
   2.7009921E+00  -9.5407451E-03  -1.5240347E+00   7.6433480E-01   1.7049869E+00
   2.7094805E+00   3.1297700E-03  -1.4201285E+00   7.6718825E-01   1.6141105E+00
   2.7173860E+00   2.2553606E-03  -1.2590922E+00   7.7151275E-01   1.4766686E+00
   2.7256103E+00   6.6384706E-03  -1.0376222E+00   7.7335644E-01   1.2941345E+00
   2.7330756E+00   1.2015178E-02  -9.3410254E-01   7.7686650E-01   1.2149953E+00
   2.7416463E+00   3.4189466E-03  -7.4785435E-01   7.7967376E-01   1.0803652E+00
   2.7501822E+00   6.7065903E-03  -4.9440730E-01   7.8344458E-01   9.2642808E-01
   2.7580252E+00   2.1776639E-02  -3.3081594E-01   7.8409314E-01   8.5130221E-01
   2.7669535E+00   1.8283049E-02  -1.4126675E-01   7.8772289E-01   8.0049855E-01
   2.7738173E+00   2.7676267E-03   2.3295112E-02   7.8881478E-01   7.8916359E-01
   2.7819681E+00   1.3823123E-02   2.0588507E-01   7.9112774E-01   8.1759578E-01
   2.7903197E+00  -1.3225324E-02   4.4784108E-01   7.9019636E-01   9.0837592E-01
   2.7992573E+00  -8.2131941E-03   6.1788011E-01   7.9334372E-01   1.0056031E+00
   2.8071682E+00  -1.7877536E-02   8.0833972E-01   7.9357350E-01   1.1329129E+00
   2.8149025E+00   1.3932251E-02   9.9008459E-01   7.9427046E-01   1.2693807E+00
   2.8230796E+00  -5.1922761E-03   1.1806277E+00   7.9642230E-01   1.4241478E+00
   2.8319521E+00  -2.7647052E-02   1.4216025E+00   7.9768121E-01   1.6303414E+00
   2.8399413E+00  -1.9187856E-02   1.5794084E+00   8.0172902E-01   1.7713464E+00
   2.8478141E+00  -8.3941938E-03   1.7911944E+00   8.1031346E-01   1.9659746E+00
   2.8563800E+00  -9.7569302E-03   1.9266007E+00   8.1495881E-01   2.0918994E+00
   2.8642659E+00  -4.8114178E-03   2.0992126E+00   8.1885380E-01   2.2532728E+00
   2.8729782E+00   1.6359981E-02   2.3130128E+00   8.3291614E-01   2.4584641E+00
   2.8798165E+00   1.0175080E-02   2.3918564E+00   8.2190871E-01   2.5291531E+00
   2.8887177E+00   1.1720951E-02   2.6270938E+00   8.3091801E-01   2.7553918E+00
   2.8973539E+00   4.1415319E-03   2.7613840E+00   8.3257556E-01   2.8841708E+00
   2.9053869E+00   2.9214466E-02   2.9294825E+00   8.3457655E-01   3.0461843E+00
   2.9125347E+00   1.5971266E-02   3.0738604E+00   8.3184457E-01   3.1844683E+00
   2.9209483E+00   8.9871427E-03   3.1860609E+00   8.3211708E-01   3.2929444E+00
   2.9295609E+00   3.6893707E-02   3.3570263E+00   8.3366340E-01   3.4591880E+00
   2.9379323E+00   1.9032229E-02   3.4250939E+00   8.2900292E-01   3.5240426E+00
   2.9456902E+00   1.2743856E-02   3.5563231E+00   8.3658594E-01   3.6534193E+00
   2.9539382E+00   1.2422108E-02   3.6470397E+00   8.3094072E-01   3.7405233E+00
   2.9617338E+00   8.0039240E-03   3.7156289E+00   8.3678049E-01   3.8086958E+00
   2.9703400E+00   9.8696938E-03   3.8017511E+00   8.2282341E-01   3.8897877E+00
   2.9779286E+00  -5.0280839E-03   3.8798046E+00   8.1539977E-01   3.9645665E+00
   2.9864585E+00   8.8911382E-03   3.9529030E+00   8.1239969E-01   4.0355315E+00
   2.9947934E+00   2.4284020E-02   3.9747078E+00   8.0371577E-01   4.0552254E+00
   3.0029531E+00   9.9817533E-03   3.9981277E+00   7.8967470E-01   4.0753784E+00
   3.0109551E+00  -2.5735931E-03   3.9927270E+00   7.8055900E-01   4.0683103E+00
   3.0192685E+00  -4.6884255E-03   3.9720469E+00   7.7196223E-01   4.0463691E+00
   3.0273609E+00  -5.7448223E-03   3.9549365E+00   7.6140803E-01   4.0275674E+00
   3.0351737E+00  -6.9572334E-03   3.8854938E+00   7.5125867E-01   3.9574614E+00
   3.0436685E+00  -1.9991717E-03   3.8272364E+00   7.4079955E-01   3.8982723E+00
   3.0520897E+00   2.6402674E-03   3.7539611E+00   7.2985423E-01   3.8242540E+00
   3.0600369E+00  -4.2743259E-03   3.6034427E+00   7.1999633E-01   3.6746716E+00
   3.0685856E+00  -3.6872805E-03   3.4739685E+00   7.0836800E-01   3.5454557E+00
   3.0763385E+00   6.3850069E-03   3.3480382E+00   6.9870186E-01   3.4201734E+00
   3.0841086E+00  -3.4178856E-03   3.1711829E+00   6.8941712E-01   3.2452595E+00
   3.0930815E+00  -1.1113090E-02   2.9561203E+00   6.7873102E-01   3.0330589E+00
   3.1006136E+00  -1.2410231E-02   2.7813299E+00   6.6978532E-01   2.8608673E+00
   3.1084082E+00  -1.5074338E-02   2.5705795E+00   6.6152495E-01   2.6543779E+00
   3.1173880E+00  -1.8696619E-02   2.3321455E+00   6.5894526E-01   2.4235225E+00
   3.1254625E+00  -2.9740911E-02   2.1008778E+00   6.4844513E-01   2.1988754E+00
   3.1332395E+00  -6.8540676E-03   1.8524116E+00   6.4841831E-01   1.9626315E+00
   3.1416783E+00  -2.0417767E-02   1.5405868E+00   6.4538658E-01   1.6704336E+00
   3.1502883E+00  -2.4091162E-02   1.2629247E+00   6.4210820E-01   1.4169905E+00
   3.1583159E+00  -2.4731327E-02   1.0287764E+00   6.3957447E-01   1.2116303E+00
   3.1657708E+00  -2.3033977E-02   7.3837018E-01   6.3795716E-01   9.7606891E-01
   3.1745117E+00  -1.8562637E-02   4.9622810E-01   6.3997185E-01   8.1003141E-01
   3.1819615E+00   3.0492570E-03   2.3995180E-01   6.3692772E-01   6.8063432E-01
   3.1901319E+00  -1.7931085E-02  -1.0685829E-02   6.3910645E-01   6.3944721E-01
   3.1984296E+00  -2.4173876E-02  -3.3764505E-01   6.3821441E-01   7.2243071E-01
   3.2070756E+00  -2.4495268E-02  -5.4860288E-01   6.4042652E-01   8.4362978E-01
   3.2155280E+00  -1.3745776E-02  -8.3522719E-01   6.4167404E-01   1.0533466E+00
   3.2228389E+00  -2.5750540E-02  -1.0170765E+00   6.4466619E-01   1.2044510E+00
   3.2312140E+00   6.8707316E-04  -1.2878405E+00   6.4920598E-01   1.4422212E+00
   3.2396617E+00  -3.2175498E-03  -1.5411658E+00   6.5411681E-01   1.6742375E+00
   3.2471554E+00  -9.0533291E-04  -1.7587907E+00   6.6023213E-01   1.8786304E+00
   3.2559371E+00   1.3812712E-03  -1.9226114E+00   6.6703534E-01   2.0350361E+00
   3.2642667E+00  -2.9450459E-03  -2.1253948E+00   6.7290610E-01   2.2293754E+00
   3.2716272E+00   6.4452668E-03  -2.2899473E+00   6.7695248E-01   2.3879206E+00
   3.2802589E+00   1.1511431E-03  -2.4862733E+00   6.7981631E-01   2.5775390E+00
   3.2888522E+00   1.9753000E-03  -2.6648278E+00   6.7928380E-01   2.7500432E+00
   3.2965460E+00  -3.0147803E-03  -2.8100662E+00   6.7750633E-01   2.8905873E+00
   3.3042893E+00   1.1763724E-02  -2.9278049E+00   6.7681837E-01   3.0050397E+00
   3.3134160E+00   4.8060687E-03  -3.0744574E+00   6.7816854E-01   3.1483686E+00
   3.3214147E+00   8.3770258E-03  -3.1512952E+00   6.7851824E-01   3.2235258E+00
   3.3292952E+00   1.1819197E-02  -3.2427135E+00   6.8372595E-01   3.3140326E+00
   3.3378971E+00   2.7856340E-03  -3.3235891E+00   6.9074142E-01   3.3946097E+00
   3.3452654E+00  -1.2458467E-02  -3.3805447E+00   7.0186126E-01   3.4526579E+00
   3.3539062E+00   1.0954021E-02  -3.4230905E+00   7.0975471E-01   3.4959149E+00
   3.3618212E+00   1.6045733E-03  -3.4680905E+00   7.2032619E-01   3.5421073E+00
   3.3698969E+00   2.6542934E-02  -3.4797435E+00   7.2298706E-01   3.5541565E+00
   3.3782470E+00   9.1808010E-03  -3.5000389E+00   7.3497742E-01   3.5763874E+00
   3.3867474E+00  -1.1609626E-02  -3.4751530E+00   7.4292445E-01   3.5536966E+00
   3.3947513E+00   2.9438920E-02  -3.3996923E+00   7.4201190E-01   3.4798501E+00
   3.4026217E+00  -5.5969669E-03  -3.3838763E+00   7.4399853E-01   3.4647055E+00
   3.4111211E+00  -5.8494685E-03  -3.2650247E+00   7.4380654E-01   3.3486817E+00
   3.4190290E+00  -4.4303946E-03  -3.1762862E+00   7.4453026E-01   3.2623825E+00
   3.4276145E+00  -4.0321695E-03  -3.1304324E+00   7.4854720E-01   3.2186871E+00
   3.4349883E+00  -5.0196634E-03  -3.0244577E+00   7.5297534E-01   3.1167839E+00
   3.4433692E+00  -2.5818523E-02  -2.9147868E+00   7.6211631E-01   3.0128839E+00
   3.4521708E+00  -3.6019329E-02  -2.7925034E+00   7.6600552E-01   2.8958828E+00
   3.4595096E+00   8.0910614E-03  -2.6301029E+00   7.6850945E-01   2.7400937E+00
   3.4680810E+00   1.7698877E-03  -2.5392838E+00   7.7350694E-01   2.6544826E+00
   3.4766171E+00  -1.9490059E-02  -2.3362262E+00   7.7592975E-01   2.4617879E+00
   3.4843175E+00  -2.6990945E-02  -2.2203526E+00   7.7998793E-01   2.3535240E+00
   3.4925747E+00  -1.0658472E-02  -2.0589924E+00   7.8251737E-01   2.2027023E+00
   3.5007110E+00  -5.7356795E-03  -1.8692718E+00   7.8540009E-01   2.0275757E+00
   3.5089264E+00  -8.7863524E-03  -1.6579951E+00   7.8817296E-01   1.8358217E+00
   3.5167651E+00  -3.1448633E-03  -1.4776422E+00   7.8991652E-01   1.6755310E+00
   3.5250850E+00  -9.7583178E-03  -1.2617266E+00   7.9175270E-01   1.4896045E+00
   3.5333929E+00  -1.4817602E-02  -1.0696678E+00   7.9407173E-01   1.3322757E+00
   3.5414598E+00  -7.1319332E-03  -7.9344577E-01   7.9498273E-01   1.1232117E+00
   3.5496292E+00   1.2089090E-03  -7.1116209E-01   7.9573816E-01   1.0672170E+00
   3.5575130E+00  -1.0383325E-02  -4.3027833E-01   7.9729033E-01   9.0604585E-01
   3.5653780E+00   1.4833602E-02  -2.9620743E-01   7.9677677E-01   8.5018355E-01
   3.5742822E+00  -4.6710189E-02  -3.9707363E-02   7.9734290E-01   7.9969633E-01
   3.5824928E+00   8.8443859E-03   1.9303256E-01   7.9864162E-01   8.2168621E-01
   3.5903223E+00  -5.1123793E-03   3.6338457E-01   8.0009586E-01   8.7876499E-01
   3.5985811E+00  -9.4143841E-03   5.6584746E-01   8.0009180E-01   9.8000962E-01
   3.6064539E+00   3.7921800E-03   7.7200943E-01   8.0068350E-01   1.1122532E+00
   3.6146755E+00   1.6599892E-02   9.6662140E-01   8.0485517E-01   1.2579445E+00
   3.6229877E+00   1.5263948E-02   1.2039599E+00   8.2151902E-01   1.4576166E+00
   3.6315217E+00   7.5072413E-03   1.3495606E+00   8.1455624E-01   1.5763477E+00
   3.6389441E+00   1.0278234E-02   1.5114236E+00   8.1706935E-01   1.7181703E+00
   3.6479459E+00   5.1225986E-02   1.7703420E+00   8.3088857E-01   1.9563003E+00
   3.6553884E+00   3.9802123E-02   1.9204929E+00   8.2935977E-01   2.0922990E+00
   3.6641233E+00   5.4404840E-02   2.0910711E+00   8.3543062E-01   2.2524393E+00
   3.6722853E+00   3.6032438E-02   2.2378240E+00   8.4849668E-01   2.3935540E+00
   3.6803124E+00   3.0273879E-02   2.3988864E+00   8.3735615E-01   2.5410111E+00
   3.6881638E+00   3.0345690E-02   2.5495439E+00   8.3549166E-01   2.6831214E+00
   3.6963046E+00   2.3125079E-02   2.7125671E+00   8.4000152E-01   2.8397460E+00
   3.7047863E+00   1.6786678E-02   2.8291049E+00   8.3980912E-01   2.9511685E+00
   3.7131636E+00   1.7642753E-02   3.0070815E+00   8.3341658E-01   3.1204860E+00
   3.7210257E+00   2.3155844E-02   3.1230953E+00   8.2908046E-01   3.2313519E+00
   3.7291446E+00   6.6168290E-03   3.2054970E+00   8.2255352E-01   3.3093579E+00
   3.7374711E+00   6.2708935E-04   3.2941236E+00   8.1914765E-01   3.3944445E+00
   3.7453783E+00  -5.3791250E-03   3.4011185E+00   8.1570941E-01   3.4975731E+00
   3.7535045E+00  -1.2831800E-02   3.3998516E+00   8.0854720E-01   3.4946964E+00
   3.7617533E+00  -1.9086648E-02   3.4694631E+00   7.8527468E-01   3.5572736E+00
   3.7697492E+00  -1.9301552E-02   3.4891410E+00   7.7626216E-01   3.5745013E+00
   3.7785265E+00  -2.0981235E-02   3.4748654E+00   7.6360857E-01   3.5578403E+00
   3.7861190E+00  -2.3084924E-02   3.4449761E+00   7.5281602E-01   3.5263472E+00
   3.7945883E+00  -1.2603668E-02   3.4294937E+00   7.4328256E-01   3.5091388E+00
   3.8028386E+00  -1.5045771E-02   3.3861215E+00   7.3316526E-01   3.4646177E+00
   3.8109038E+00  -1.8071465E-02   3.3243124E+00   7.2245306E-01   3.4019580E+00
   3.8193142E+00  -1.9577371E-02   3.2180302E+00   7.0932031E-01   3.2953355E+00
   3.8271849E+00  -1.4243905E-02   3.1180906E+00   7.0253038E-01   3.1962855E+00
   3.8350368E+00  -1.1909538E-02   3.0319214E+00   6.9255912E-01   3.1100366E+00
   3.8429396E+00  -7.8377500E-03   2.8554618E+00   6.8372488E-01   2.9361885E+00
   3.8519180E+00  -2.8312919E-03   2.7608716E+00   6.7537785E-01   2.8422801E+00
   3.8601902E+00   1.7404616E-02   2.5386393E+00   6.6742593E-01   2.6249666E+00
   3.8678527E+00   1.4655964E-02   2.3884845E+00   6.6393691E-01   2.4790895E+00
   3.8761342E+00   1.5637489E-02   2.2177658E+00   6.5318567E-01   2.3120079E+00
   3.8843548E+00   3.4637998E-03   2.0079448E+00   6.4875114E-01   2.1101499E+00
   3.8922555E+00  -5.4815033E-04   1.8374546E+00   6.4227438E-01   1.9464728E+00
   3.9008377E+00   1.8177295E-02   1.5869688E+00   6.4053774E-01   1.7114581E+00
   3.9082768E+00  -3.8191590E-02   1.3900614E+00   6.3677353E-01   1.5294476E+00
   3.9164417E+00  -8.4065944E-03   1.1799983E+00   6.3173920E-01   1.3384920E+00
   3.9246356E+00  -2.8437670E-02   9.1855097E-01   6.2741649E-01   1.1127425E+00
   3.9327819E+00  -1.5850566E-02   7.2779489E-01   6.2572640E-01   9.5993239E-01
   3.9408469E+00  -4.1984923E-02   4.2922604E-01   6.2237471E-01   7.5719744E-01
   3.9496665E+00  -4.2893416E-03   3.1034648E-01   6.2342376E-01   6.9641262E-01
   3.9577758E+00  -1.8816598E-02  -9.2280351E-02   6.2456477E-01   6.3162553E-01
   3.9658012E+00   7.8551116E-04  -1.6538271E-01   6.2493777E-01   6.4645129E-01
   3.9735937E+00  -2.8710731E-03  -3.7706020E-01   6.2527752E-01   7.3017436E-01
   3.9820783E+00  -7.5140991E-03  -6.3374996E-01   6.2937140E-01   8.9319867E-01
   3.9903998E+00  -3.5212550E-03  -8.1062460E-01   6.3490051E-01   1.0296714E+00
   3.9984705E+00  -1.8633483E-03  -1.0285183E+00   6.3674510E-01   1.2096684E+00
   4.0062943E+00  -5.7926183E-03  -1.1993927E+00   6.4234781E-01   1.3605834E+00
   4.0148187E+00  -5.9088634E-04  -1.4163960E+00   6.4666253E-01   1.5570326E+00
   4.0225735E+00   1.4185991E-02  -1.5572311E+00   6.5127981E-01   1.6879975E+00
   4.0311022E+00   1.0911670E-02  -1.7601485E+00   6.5733558E-01   1.8789177E+00
   4.0388494E+00  -3.5707233E-04  -1.9378405E+00   6.5998340E-01   2.0471454E+00
   4.0474076E+00  -3.2566718E-03  -2.1072330E+00   6.6585493E-01   2.2099333E+00
   4.0552306E+00  -1.2325747E-02  -2.2276626E+00   6.6905057E-01   2.3259969E+00
   4.0633054E+00  -3.7998249E-04  -2.3576844E+00   6.7342132E-01   2.4519732E+00
   4.0722313E+00  -1.3545122E-02  -2.4912143E+00   6.7390549E-01   2.5807905E+00
   4.0796714E+00  -1.4760379E-03  -2.5957439E+00   6.7695624E-01   2.6825655E+00
   4.0882058E+00  -1.5905021E-03  -2.7136548E+00   6.7887533E-01   2.7972836E+00
   4.0963082E+00  -1.1346310E-02  -2.7993002E+00   6.7982084E-01   2.8806887E+00
   4.1046300E+00   3.8379364E-02  -2.8628016E+00   6.8250686E-01   2.9432840E+00
   4.1122727E+00  -8.0433179E-04  -2.9108872E+00   6.8444169E-01   2.9902718E+00
   4.1212592E+00  -4.9651447E-03  -2.9488571E+00   6.9141221E-01   3.0288336E+00
   4.1284595E+00   1.1617777E-02  -2.9766624E+00   6.9673914E-01   3.0571392E+00
   4.1371980E+00  -2.3415992E-03  -3.0131967E+00   7.0560497E-01   3.0947115E+00
   4.1448793E+00  -1.2129591E-02  -2.9947381E+00   7.1664059E-01   3.0793142E+00
   4.1536570E+00  -9.0002082E-04  -3.0142181E+00   7.1830595E-01   3.0986245E+00
   4.1615610E+00   6.9376598E-03  -2.9699442E+00   7.2414982E-01   3.0569608E+00
   4.1699286E+00  -1.2867141E-02  -2.9424100E+00   7.3472959E-01   3.0327826E+00
   4.1781273E+00  -6.8856403E-03  -2.8845139E+00   7.3274302E-01   2.9761350E+00
   4.1862688E+00  -1.1572157E-02  -2.7963157E+00   7.4080235E-01   2.8928020E+00
   4.1946688E+00  -2.8867897E-02  -2.7111328E+00   7.4004179E-01   2.8104692E+00
   4.2019167E+00   7.9525716E-04  -2.6388319E+00   7.4146944E-01   2.7410238E+00
   4.2100296E+00  -2.7217412E-02  -2.5303793E+00   7.4664056E-01   2.6383767E+00
   4.2180991E+00  -3.6943473E-02  -2.4167907E+00   7.5388634E-01   2.5319138E+00
   4.2263570E+00  -5.0069615E-03  -2.2828536E+00   7.5670356E-01   2.4050043E+00
   4.2348723E+00  -8.0077546E-03  -2.1804843E+00   7.6225537E-01   2.3098938E+00
   4.2435856E+00  -1.5611637E-02  -1.9812300E+00   7.6564074E-01   2.1240814E+00
   4.2508836E+00  -2.6306503E-03  -1.9390092E+00   7.7066034E-01   2.0865476E+00
   4.2601585E+00  -7.2331144E-03  -1.7118914E+00   7.7326113E-01   1.8784455E+00
   4.2672191E+00  -3.0738534E-04  -1.5907944E+00   7.7591091E-01   1.7699336E+00
   4.2757564E+00   5.4019378E-03  -1.3706977E+00   7.7925599E-01   1.5767312E+00
   4.2844787E+00  -9.6375542E-03  -1.1875608E+00   7.8321773E-01   1.4226115E+00
   4.2918468E+00  -9.4636213E-03  -1.0708052E+00   7.8612876E-01   1.3284246E+00
   4.2999592E+00  -1.9201471E-02  -8.9146739E-01   7.8864807E-01   1.1903985E+00
   4.3087764E+00  -5.0207544E-03  -6.7252713E-01   7.9047155E-01   1.0378647E+00
   4.3161187E+00  -9.1205956E-03  -5.2872288E-01   7.9268962E-01   9.5288402E-01
   4.3246713E+00  -1.4499968E-02  -2.7350605E-01   7.9357094E-01   8.3950615E-01
   4.3329067E+00  -8.6132204E-03  -1.3424234E-01   7.9564440E-01   8.0693567E-01
   4.3410892E+00  -1.1209515E-02   5.8156475E-02   7.9522943E-01   7.9743189E-01
   4.3491778E+00   5.2920440E-03   2.7717862E-01   7.9620451E-01   8.4308815E-01
   4.3571177E+00   3.1235475E-02   4.9211183E-01   7.9653823E-01   9.3681526E-01
   4.3659830E+00   3.1181774E-03   6.8451869E-01   7.9796821E-01   1.0513462E+00
   4.3742800E+00   2.4523832E-02   8.4620368E-01   7.9940122E-01   1.1643472E+00
   4.3816557E+00   2.9683656E-03   1.0543768E+00   7.9832697E-01   1.3225147E+00
   4.3903251E+00  -4.2436030E-03   1.2524846E+00   8.0662429E-01   1.4897578E+00
   4.3978395E+00   1.1967828E-02   1.4238635E+00   8.1647640E-01   1.6413909E+00
   4.4061794E+00  -2.1590650E-02   1.6132481E+00   8.1848359E-01   1.8091298E+00
   4.4144340E+00   2.0541921E-03   1.7809812E+00   8.2712722E-01   1.9636796E+00
   4.4227033E+00  -7.5790174E-03   1.9173921E+00   8.2226777E-01   2.0862825E+00
   4.4309721E+00  -1.1479173E-02   2.0933914E+00   8.2534158E-01   2.2502463E+00
   4.4392414E+00   3.6890284E-04   2.2636914E+00   8.2921773E-01   2.4107885E+00
   4.4475102E+00   2.1421695E-02   2.4271505E+00   8.1082016E-01   2.5590911E+00
   4.4556360E+00   2.5785150E-02   2.5865877E+00   8.3493543E-01   2.7181275E+00
   4.4637337E+00   1.1070867E-02   2.7379355E+00   8.4448230E-01   2.8652337E+00
   4.4720030E+00   3.0206002E-02   2.8296452E+00   8.3111602E-01   2.9493318E+00
   4.4796634E+00   1.0333619E-03   2.9851046E+00   8.3258826E-01   3.0990407E+00
   4.4878149E+00   2.7418174E-02   3.1093771E+00   8.3209437E-01   3.2189066E+00
   4.4963679E+00  -1.6810227E-02   3.1796033E+00   8.3799154E-01   3.2882199E+00
   4.5044122E+00   1.8541012E-02   3.3469498E+00   8.2573253E-01   3.4473541E+00
   4.5121565E+00   1.0203704E-02   3.4112170E+00   8.1614655E-01   3.5075064E+00
   4.5202279E+00  -1.3986571E-02   3.5130830E+00   8.1974530E-01   3.6074824E+00
   4.5286050E+00   1.1001633E-02   3.5728457E+00   8.1060410E-01   3.6636629E+00
   4.5368242E+00  -1.8799122E-02   3.6236672E+00   8.0273515E-01   3.7115633E+00
   4.5447407E+00   4.2349501E-03   3.6650512E+00   7.9273218E-01   3.7498057E+00
   4.5535860E+00  -6.1578732E-03   3.6550162E+00   7.7754402E-01   3.7368109E+00
   4.5611305E+00  -9.5009459E-03   3.6606712E+00   7.6759827E-01   3.7402956E+00
   4.5697145E+00  -4.5012482E-03   3.6660190E+00   7.5655437E-01   3.7432728E+00
   4.5776958E+00  -6.5496322E-03   3.6207387E+00   7.4497575E-01   3.6965904E+00
   4.5857840E+00  -5.0766864E-03   3.5449295E+00   7.3496836E-01   3.6203218E+00
   4.5938091E+00  -1.6345162E-02   3.4948323E+00   7.2728485E-01   3.5697427E+00
   4.6024990E+00  -9.1939885E-03   3.3950582E+00   7.1699566E-01   3.4699550E+00
   4.6105475E+00  -4.2333617E-03   3.2527976E+00   7.0210928E-01   3.3277121E+00
   4.6184282E+00   5.8157686E-03   3.1382680E+00   6.9284707E-01   3.2138445E+00
   4.6265745E+00  -7.1613176E-04   2.9778337E+00   6.8244141E-01   3.0550320E+00
   4.6348643E+00   1.2530663E-02   2.7574100E+00   6.6972655E-01   2.8376048E+00
   4.6433644E+00  -2.8382703E-03   2.5953913E+00   6.6388255E-01   2.6789558E+00
   4.6508780E+00  -6.3099451E-03   2.3713279E+00   6.5667450E-01   2.4605806E+00
   4.6593590E+00   2.5724627E-02   2.1749816E+00   6.4819843E-01   2.2696624E+00
   4.6672530E+00  -1.0860540E-02   1.8898524E+00   6.3860863E-01   1.9948636E+00
   4.6753840E+00  -1.4821787E-02   1.6641036E+00   6.3584775E-01   1.7815058E+00
   4.6839018E+00  -2.7110429E-02   1.3599982E+00   6.3214636E-01   1.4999797E+00
   4.6921287E+00   1.8228671E-02   1.1429801E+00   6.2765354E-01   1.3041030E+00
   4.7003331E+00   3.4106102E-02   8.9405459E-01   6.2283492E-01   1.0901469E+00
   4.7082300E+00  -1.2347535E-02   6.4416516E-01   6.2365448E-01   8.9668620E-01
   4.7162704E+00  -8.2241660E-03   3.5710889E-01   6.2262666E-01   7.1781498E-01
   4.7248797E+00  -3.4078922E-02   1.1880343E-01   6.2245744E-01   6.3460928E-01
   4.7327623E+00  -1.6414776E-02  -1.1537576E-01   6.2137103E-01   6.3220489E-01
   4.7408648E+00  -3.0728953E-02  -3.8545075E-01   6.2063885E-01   7.3123813E-01
   4.7493229E+00  -1.7438931E-02  -6.0597736E-01   6.2207764E-01   8.6861575E-01
   4.7571220E+00  -1.0697621E-02  -8.4080321E-01   6.2467772E-01   1.0475146E+00
   4.7652354E+00  -2.9192038E-03  -1.0567011E+00   6.2758917E-01   1.2290215E+00
   4.7733603E+00   1.1766813E-02  -1.2814100E+00   6.3318151E-01   1.4293596E+00
   4.7815309E+00   5.4753721E-03  -1.5011171E+00   6.3758630E-01   1.6309196E+00
   4.7897682E+00   2.2038672E-02  -1.6400020E+00   6.4586514E-01   1.7627349E+00
   4.7980771E+00  -2.6810793E-02  -1.9146012E+00   6.4978343E-01   2.0220373E+00
   4.8064461E+00  -3.1688608E-02  -2.0720134E+00   6.5859747E-01   2.1743951E+00
   4.8141947E+00  -6.8383138E-03  -2.2444313E+00   6.6303855E-01   2.3403287E+00
   4.8224235E+00  -1.3998952E-02  -2.3967962E+00   6.6736299E-01   2.4880116E+00
   4.8307080E+00  -2.3511197E-02  -2.5636787E+00   6.6901696E-01   2.6496387E+00
   4.8390326E+00  -4.3972395E-03  -2.7133942E+00   6.7204094E-01   2.7953830E+00
   4.8469105E+00   5.2382163E-04  -2.8454559E+00   6.7459732E-01   2.9243293E+00
   4.8554564E+00  -8.3311787E-03  -2.9462490E+00   6.7339832E-01   3.0222373E+00
   4.8632159E+00  -2.2090586E-02  -3.0105224E+00   6.7442781E-01   3.0852206E+00
   4.8713574E+00  -5.9383116E-03  -3.1106377E+00   6.7661786E-01   3.1833808E+00
   4.8798099E+00  -8.5679274E-03  -3.1713214E+00   6.7855477E-01   3.2431142E+00
   4.8879604E+00  -2.6713654E-02  -3.1994200E+00   6.8201095E-01   3.2714126E+00
   4.8957648E+00  -2.3165798E-02  -3.2295499E+00   6.9371790E-01   3.3032975E+00
   4.9038486E+00   2.7291535E-03  -3.2651329E+00   7.0314687E-01   3.3399875E+00
   4.9123788E+00  -1.0166193E-02  -3.2969959E+00   7.0898646E-01   3.3723800E+00
   4.9206748E+00  -3.3648469E-02  -3.2938197E+00   7.1626657E-01   3.3709669E+00
   4.9286499E+00   9.4283149E-03  -3.2352648E+00   7.2704536E-01   3.3159647E+00
   4.9367371E+00  -3.2612458E-02  -3.2023926E+00   7.1613574E-01   3.2816510E+00
   4.9450402E+00   3.6763324E-04  -3.2004724E+00   7.3325890E-01   3.2833965E+00
   4.9529953E+00  -8.3884727E-03  -3.0884154E+00   7.3349136E-01   3.1743329E+00
   4.9608741E+00  -3.9436496E-03  -2.9981627E+00   7.3641992E-01   3.0872819E+00
   4.9694262E+00  -1.4025108E-02  -2.9266651E+00   7.3732799E-01   3.0181479E+00
   4.9780593E+00  -4.2126834E-02  -2.7672558E+00   7.3998600E-01   2.8647964E+00
   4.9862061E+00  -9.8751055E-04  -2.7185750E+00   7.4521625E-01   2.8188646E+00
   4.9934535E+00  -1.2156941E-02  -2.6049972E+00   7.5101930E-01   2.7111230E+00
   5.0020585E+00  -5.6108055E-03  -2.4415576E+00   7.5760138E-01   2.5564027E+00
   5.0100350E+00   3.0155685E-02  -2.2922778E+00   7.6012731E-01   2.4152102E+00
   5.0184073E+00  -2.0983011E-02  -2.0995603E+00   7.6653904E-01   2.2352128E+00
   5.0263891E+00  -4.1391686E-02  -1.9491473E+00   7.6849127E-01   2.0955830E+00
   5.0346060E+00   2.4495339E-03  -1.7851777E+00   7.7226323E-01   1.9450594E+00
   5.0433087E+00   1.6195996E-02  -1.6611449E+00   7.7709585E-01   1.8339963E+00
   5.0511765E+00  -4.7741155E-04  -1.4569901E+00   7.7931511E-01   1.6523174E+00
   5.0594826E+00   1.7220472E-03  -1.2698101E+00   7.8036320E-01   1.4904319E+00
   5.0676780E+00   2.6496457E-02  -1.0659561E+00   7.8352606E-01   1.3232073E+00
   5.0749426E+00  -7.2048600E-03  -9.2750019E-01   7.8713679E-01   1.2165085E+00
   5.0833740E+00  -1.5370112E-02  -6.8734121E-01   7.8915727E-01   1.0466343E+00
   5.0922518E+00  -2.4940338E-02  -5.1662290E-01   7.9079384E-01   9.4492126E-01
   5.0995793E+00  -1.7993705E-02  -2.9455623E-01   7.9119039E-01   8.4443432E-01
   5.1084919E+00  -1.0232184E-02  -1.1317405E-01   7.9068959E-01   7.9881358E-01
   5.1160564E+00  -2.9579025E-02   1.5054411E-01   7.9167283E-01   8.0640203E-01
   5.1240253E+00  -1.3432242E-02   3.2329312E-01   7.9166448E-01   8.5523766E-01
   5.1330409E+00  -1.4807858E-02   5.5759633E-01   7.9350907E-01   9.6994311E-01
   5.1406803E+00  -1.9630000E-02   6.8564779E-01   7.9504657E-01   1.0500463E+00
   5.1486626E+00   1.3393949E-02   8.4794092E-01   7.9548144E-01   1.1627442E+00
   5.1569796E+00  -7.6509863E-03   1.0833424E+00   8.0664968E-01   1.3506936E+00
   5.1653929E+00   1.0003986E-02   1.2727145E+00   8.1209773E-01   1.5097698E+00
   5.1730671E+00  -1.5640324E-02   1.4239783E+00   8.1273311E-01   1.6396627E+00
   5.1816216E+00   2.0647980E-02   1.6098576E+00   8.1445080E-01   1.8042721E+00
   5.1894975E+00   8.9380583E-03   1.7878640E+00   8.2070601E-01   1.9672559E+00
   5.1978030E+00  -2.0406311E-03   2.0398517E+00   8.2314497E-01   2.1996741E+00
   5.2058778E+00  -1.0920509E-02   2.1667643E+00   8.2582337E-01   2.3188295E+00
   5.2145319E+00   9.9348249E-03   2.3281031E+00   7.9938394E-01   2.4615397E+00
   5.2220125E+00   4.1226506E-02   2.4312170E+00   8.1912690E-01   2.5658300E+00
   5.2310734E+00   2.6580337E-02   2.5907233E+00   8.2173443E-01   2.7180510E+00
   5.2390242E+00   3.9191946E-02   2.7281785E+00   8.2212889E-01   2.8496299E+00
   5.2471704E+00   1.8732455E-02   2.8650236E+00   8.3966267E-01   2.9855895E+00
   5.2550497E+00   2.9221047E-02   3.0280757E+00   8.3209497E-01   3.1404583E+00
   5.2627273E+00   9.1746710E-03   3.1085711E+00   8.1969744E-01   3.2148409E+00
   5.2714167E+00   3.9677806E-03   3.1985683E+00   8.2808888E-01   3.3040257E+00
   5.2799058E+00   1.4116277E-04   3.3150954E+00   8.0829453E-01   3.4122131E+00
   5.2873397E+00   3.1052504E-03   3.3986742E+00   8.1173450E-01   3.4942682E+00
   5.2955370E+00   8.8105397E-03   3.4497674E+00   8.0623877E-01   3.5427380E+00
   5.3035617E+00   5.1586218E-03   3.4902873E+00   7.9713434E-01   3.5801613E+00
   5.3123732E+00   7.4079130E-03   3.5580990E+00   7.8778791E-01   3.6442740E+00
   5.3206711E+00   2.9423335E-03   3.5574863E+00   7.8114504E-01   3.6422389E+00
   5.3286052E+00  -3.0691912E-03   3.6031740E+00   7.6761758E-01   3.6840343E+00
   5.3369546E+00  -1.1306513E-02   3.5730128E+00   7.5964111E-01   3.6528897E+00
   5.3447857E+00  -4.3347515E-03   3.5878367E+00   7.4794728E-01   3.6649716E+00
   5.3527608E+00   7.5117960E-03   3.5166991E+00   7.3873943E-01   3.5934615E+00
   5.3610415E+00   6.8598134E-03   3.4640322E+00   7.2600973E-01   3.5393016E+00
   5.3694849E+00   1.2682440E-02   3.3977337E+00   7.1487123E-01   3.4721456E+00
   5.3773847E+00  -4.9068085E-03   3.3132732E+00   7.0873499E-01   3.3882310E+00
   5.3858929E+00   2.3134954E-03   3.1794558E+00   6.9731557E-01   3.2550259E+00
   5.3937278E+00   6.0262862E-03   3.0602469E+00   6.8935597E-01   3.1369348E+00
   5.4021749E+00   1.4729333E-03   2.9301355E+00   6.7800695E-01   3.0075555E+00
   5.4098096E+00   5.0554206E-03   2.7749162E+00   6.7153716E-01   2.8550212E+00
   5.4179816E+00   4.4983067E-03   2.5281944E+00   6.6028136E-01   2.6129980E+00
   5.4261193E+00   1.4011379E-02   2.3765402E+00   6.5417773E-01   2.4649723E+00
   5.4348454E+00   3.8378774E-03   2.1637990E+00   6.4945829E-01   2.2591672E+00
   5.4427857E+00   1.2280971E-02   1.9655880E+00   6.4288169E-01   2.0680869E+00
   5.4510508E+00  -3.0854339E-02   1.7243320E+00   6.4089584E-01   1.8398426E+00
   5.4589334E+00  -3.8443399E-03   1.4849737E+00   6.3670886E-01   1.6157227E+00
   5.4671717E+00  -9.8268492E-03   1.2604433E+00   6.3399750E-01   1.4109454E+00
   5.4755578E+00  -9.1024740E-03   1.0105474E+00   6.2925249E-01   1.1904820E+00
   5.4836798E+00  -3.1231572E-03   7.8468817E-01   6.3774592E-01   1.0111701E+00
   5.4916654E+00  -5.5736722E-03   5.1688266E-01   6.2873751E-01   8.1394696E-01
   5.4999385E+00   2.8672630E-03   2.6132879E-01   6.3025308E-01   6.8229020E-01
   5.5081539E+00  -8.5220728E-03   3.3178449E-02   6.2825996E-01   6.2919313E-01
   5.5162983E+00   2.1112764E-03  -1.8883692E-01   6.2843752E-01   6.5619928E-01
   5.5244341E+00   7.6926076E-03  -4.2152914E-01   6.3202488E-01   7.5973773E-01
   5.5326028E+00   2.3139748E-03  -6.2974644E-01   6.3222790E-01   8.9235532E-01
   5.5408125E+00   1.1536092E-02  -8.8093495E-01   6.3471621E-01   1.0858380E+00
   5.5486341E+00   7.2394460E-03  -1.0935721E+00   6.3776594E-01   1.2659770E+00
   5.5568347E+00   2.0173023E-02  -1.2938094E+00   6.4201754E-01   1.4444848E+00
   5.5653014E+00   6.5705646E-03  -1.5058422E+00   6.4610142E-01   1.6386125E+00
   5.5731759E+00   7.5082537E-03  -1.6888317E+00   6.5106499E-01   1.8099984E+00
   5.5814695E+00   1.0107895E-02  -1.8725743E+00   6.5748823E-01   1.9846731E+00
   5.5897942E+00   7.9405094E-03  -2.0543807E+00   6.6398370E-01   2.1590316E+00
   5.5975909E+00   1.2219353E-02  -2.2372782E+00   6.6695851E-01   2.3346086E+00
   5.6057725E+00   2.0425139E-02  -2.3922219E+00   6.7299300E-01   2.4851685E+00
   5.6141224E+00   7.8816554E-03  -2.5311325E+00   6.7693967E-01   2.6201031E+00
   5.6221108E+00   1.5642202E-02  -2.6608541E+00   6.7822504E-01   2.7459750E+00
   5.6302309E+00   1.1440770E-02  -2.7725601E+00   6.8006444E-01   2.8547692E+00
   5.6385574E+00   6.9849757E-03  -2.9164221E+00   6.8233585E-01   2.9951875E+00
   5.6467986E+00   1.0224261E-03  -2.9850507E+00   6.8600345E-01   3.0628629E+00
   5.6547451E+00   1.7905599E-03  -3.0537775E+00   6.8510062E-01   3.1296840E+00
   5.6630654E+00  -4.2421030E-04  -3.1345937E+00   6.8979609E-01   3.2095945E+00
   5.6712661E+00  -1.6008524E-02  -3.1671946E+00   6.9446218E-01   3.2424767E+00
   5.6795869E+00  -7.1439729E-03  -3.2139776E+00   7.0177758E-01   3.2897105E+00
   5.6877604E+00  -9.7042341E-03  -3.2445276E+00   7.1059507E-01   3.3214452E+00
   5.6957335E+00  -7.1704770E-03  -3.2746582E+00   7.1608001E-01   3.3520453E+00
   5.7040453E+00  -1.1274772E-02  -3.2517323E+00   7.2625929E-01   3.3318679E+00
   5.7121034E+00  -3.7441000E-03  -3.2678232E+00   7.2820604E-01   3.3479793E+00
   5.7201271E+00  -2.2896623E-02  -3.2135415E+00   7.3052490E-01   3.2956090E+00
   5.7284865E+00  -2.6363153E-02  -3.1261377E+00   7.3826206E-01   3.2122364E+00
   5.7367969E+00   8.1002768E-03  -3.1270478E+00   7.4234927E-01   3.2139659E+00
   5.7449455E+00   1.9993202E-03  -2.9988828E+00   7.4384421E-01   3.0897584E+00
   5.7529531E+00  -1.3586971E-02  -2.9329689E+00   7.4521708E-01   3.0261922E+00
   5.7614074E+00  -2.5212837E-02  -2.8275959E+00   7.4867123E-01   2.9251399E+00
   5.7691388E+00  -3.6685891E-02  -2.7336648E+00   7.5441939E-01   2.8360920E+00
   5.7770910E+00  -1.5916452E-02  -2.6500781E+00   7.6150370E-01   2.7573636E+00
   5.7855930E+00  -1.9410115E-02  -2.5064297E+00   7.6320404E-01   2.6201234E+00
   5.7938924E+00  -2.0997724E-02  -2.3534951E+00   7.6747495E-01   2.4755599E+00
   5.8016505E+00  -1.2465740E-02  -2.2574909E+00   7.7212214E-01   2.3859155E+00
   5.8101282E+00   1.0322901E-02  -2.1011336E+00   7.7599555E-01   2.2398746E+00
   5.8176517E+00  -9.8626968E-03  -1.9499359E+00   7.7832347E-01   2.0995557E+00
   5.8263540E+00  -3.8322728E-02  -1.8029101E+00   7.8179532E-01   1.9654917E+00
   5.8340402E+00  -1.0584393E-02  -1.6103425E+00   7.8335565E-01   1.7907990E+00
   5.8428035E+00  -3.6424424E-03  -1.4569458E+00   7.8546494E-01   1.6551917E+00
   5.8504114E+00  -2.5811622E-02  -1.2571204E+00   7.8739059E-01   1.4835774E+00
   5.8584142E+00   2.9490229E-03  -1.0951352E+00   7.9155886E-01   1.3512568E+00
   5.8668842E+00  -2.0246632E-02  -8.8758874E-01   7.9300398E-01   1.1904113E+00
   5.8750391E+00  -3.5129268E-02  -6.9001842E-01   7.9328454E-01   1.0519791E+00
   5.8836889E+00  -2.2883574E-02  -4.5874259E-01   7.9344714E-01   9.1680247E-01
   5.8920321E+00  -1.6648911E-02  -3.2048902E-01   7.9292911E-01   8.5541040E-01
   5.8994055E+00  -4.3377168E-03  -1.2183294E-01   7.9386401E-01   8.0317003E-01
   5.9075975E+00  -2.1680612E-02   4.0834527E-02   7.9468107E-01   7.9602480E-01
   5.9158983E+00  -1.8479867E-02   2.8578395E-01   7.9529393E-01   8.4528482E-01
   5.9244595E+00  -1.1192541E-02   4.6648538E-01   7.9643244E-01   9.2305928E-01
   5.9319019E+00  -3.8837066E-03   6.0261309E-01   7.9567593E-01   9.9812716E-01
   5.9406753E+00  -5.2149631E-02   8.2656640E-01   7.9529905E-01   1.1482301E+00
   5.9490085E+00   5.5343118E-03   9.9283350E-01   8.0249947E-01   1.2766184E+00
   5.9566660E+00   6.7585707E-03   1.1709396E+00   8.0272007E-01   1.4196846E+00
   5.9646854E+00   7.8050653E-03   1.3217314E+00   8.1137639E-01   1.5509244E+00
   5.9734688E+00   2.3351513E-02   1.5213954E+00   8.1149936E-01   1.7244480E+00
   5.9812407E+00   3.6556464E-02   1.6500552E+00   8.1762236E-01   1.8418808E+00
   5.9897919E+00   3.5762880E-02   1.8492800E+00   8.2035989E-01   2.0233898E+00
   5.9979362E+00   4.5923483E-02   2.0164447E+00   8.1020206E-01   2.1736112E+00
   6.0054226E+00   1.2242328E-02   2.1134131E+00   8.3436036E-01   2.2721844E+00
   6.0139728E+00  -8.8399313E-03   2.3002064E+00   8.2183200E-01   2.4426289E+00
   6.0220757E+00   3.0267788E-02   2.3842237E+00   8.1964242E-01   2.5213592E+00
   6.0299783E+00   4.5695879E-02   2.5255258E+00   8.2003736E-01   2.6557164E+00
   6.0386567E+00   1.5380302E-02   2.6571944E+00   8.2082289E-01   2.7811272E+00
   6.0464325E+00   1.6333031E-02   2.7534699E+00   8.3454114E-01   2.8772075E+00
   6.0548630E+00   9.1637587E-03   2.8533905E+00   8.1597155E-01   2.9677820E+00
   6.0631585E+00   1.4274696E-02   2.9473176E+00   8.1292158E-01   3.0574052E+00
   6.0713091E+00   1.7482579E-04   3.0249400E+00   8.0609572E-01   3.1305037E+00
   6.0793080E+00   5.7648704E-03   3.0819607E+00   8.0248916E-01   3.1847296E+00
   6.0871320E+00  -2.2972221E-03   3.1324596E+00   8.1340969E-01   3.2363474E+00
   6.0955291E+00   1.1628455E-02   3.1689799E+00   7.8484607E-01   3.2647438E+00
   6.1035681E+00   4.2067869E-03   3.1876812E+00   7.7714354E-01   3.2810488E+00
   6.1118574E+00  -3.9959401E-03   3.1995637E+00   7.7184999E-01   3.2913487E+00
   6.1199956E+00  -1.1155144E-03   3.1477239E+00   7.5792003E-01   3.2376859E+00
   6.1282954E+00  -4.9154850E-04   3.1457124E+00   7.4985737E-01   3.2338510E+00
   6.1362362E+00   2.4036251E-03   3.1070728E+00   7.3963392E-01   3.1938951E+00
   6.1443973E+00  -2.6333980E-02   3.0382257E+00   7.3055607E-01   3.1249354E+00
   6.1524081E+00   1.8411730E-03   2.9654961E+00   7.2064173E-01   3.0518019E+00
   6.1609092E+00   1.2593616E-03   2.9204667E+00   7.1823794E-01   3.0074894E+00
   6.1690826E+00  -1.4704253E-02   2.7712481E+00   7.0212382E-01   2.8588476E+00
   6.1769996E+00  -1.8976135E-04   2.6803284E+00   6.9618046E-01   2.7692649E+00
   6.1852016E+00   8.9729595E-04   2.5456185E+00   6.8867576E-01   2.6371291E+00
   6.1933384E+00   1.9284887E-02   2.3956244E+00   6.8494135E-01   2.4916928E+00
   6.2015638E+00  -6.5056388E-03   2.2070086E+00   6.6674703E-01   2.3055327E+00
   6.2096467E+00  -7.2511872E-03   2.0757909E+00   6.6855359E-01   2.1808083E+00
   6.2178025E+00   6.3353898E-03   1.8851885E+00   6.6209257E-01   1.9980847E+00
   6.2260952E+00  -2.1289997E-02   1.6772147E+00   6.5501690E-01   1.8007081E+00
   6.2343884E+00  -9.5512345E-03   1.4792799E+00   6.5016669E-01   1.6158826E+00
   6.2422895E+00  -3.1084159E-02   1.2779574E+00   6.4709496E-01   1.4327852E+00
   6.2504187E+00   3.1389769E-02   1.0440886E+00   6.4769983E-01   1.2290734E+00
   6.2586308E+00  -8.4949341E-03   8.4544027E-01   6.4380521E-01   1.0626978E+00
   6.2667236E+00  -3.9194804E-02   6.1975032E-01   6.4112908E-01   8.9256549E-01
   6.2751179E+00  -5.7907626E-03   3.8798106E-01   6.4154029E-01   7.4975783E-01
   6.2831001E+00  -1.6200215E-02   1.5883642E-01   6.4027750E-01   6.5988392E-01
   6.2913957E+00  -1.5592691E-02  -4.1162517E-02   6.4016408E-01   6.4167559E-01
   6.2996016E+00  -6.9831819E-03  -2.5754228E-01   6.4109039E-01   6.9092238E-01
   6.3076835E+00  -6.8825991E-03  -4.6905881E-01   6.4216852E-01   7.9526347E-01
   6.3157105E+00   2.5993795E-05  -6.9477713E-01   6.4309889E-01   9.4672668E-01
   6.3240538E+00  -7.1900929E-03  -8.9925629E-01   6.4511341E-01   1.1067452E+00
   6.3320413E+00  -8.3078379E-03  -1.1132549E+00   6.4777547E-01   1.2880290E+00
   6.3403826E+00   2.0861132E-03  -1.3535354E+00   6.5199399E-01   1.5023843E+00
   6.3484006E+00  -2.2458204E-03  -1.5175548E+00   6.5513498E-01   1.6529306E+00
   6.3564734E+00   1.9117575E-02  -1.7466863E+00   6.6007221E-01   1.8673440E+00
   6.3647208E+00  -1.1115184E-02  -1.8448868E+00   6.6335511E-01   1.9605536E+00
   6.3728294E+00   6.3544293E-03  -2.0622931E+00   6.6896820E-01   2.1680894E+00
   6.3812532E+00  -1.7520618E-03  -2.2255564E+00   6.7432117E-01   2.3254707E+00
   6.3893805E+00  -3.5993115E-03  -2.3542280E+00   6.7829502E-01   2.4499972E+00
   6.3972602E+00  -2.6725493E-03  -2.5194085E+00   6.8213433E-01   2.6101215E+00
   6.4056015E+00   4.0902086E-03  -2.6436653E+00   6.8361503E-01   2.7306249E+00
   6.4137597E+00   1.8543774E-02  -2.7500415E+00   6.8559784E-01   2.8342752E+00
   6.4217563E+00   1.1872022E-02  -2.8744643E+00   6.8832082E-01   2.9557521E+00
   6.4302750E+00   1.1817905E-03  -2.9652824E+00   6.9169700E-01   3.0448885E+00
   6.4380350E+00   7.3363129E-03  -3.0474944E+00   6.9332600E-01   3.1253765E+00
   6.4462867E+00   1.2359179E-02  -3.1052518E+00   6.9787699E-01   3.1827304E+00
   6.4546971E+00   1.5873171E-03  -3.1416409E+00   7.1099508E-01   3.2210906E+00
   6.4628787E+00   1.1397266E-02  -3.2359161E+00   7.1253026E-01   3.3134549E+00
   6.4709187E+00  -4.8427586E-02  -3.1907146E+00   7.1735120E-01   3.2707183E+00
   6.4791565E+00   4.5311688E-03  -3.2925816E+00   7.2355360E-01   3.3711486E+00
   6.4872117E+00   1.8303048E-02  -3.2702394E+00   7.3566830E-01   3.3520155E+00
   6.4955602E+00  -8.9259213E-03  -3.2844753E+00   7.3884898E-01   3.3665643E+00
   6.5033541E+00  -1.8354466E-02  -3.2410264E+00   7.3986536E-01   3.3244534E+00
   6.5118346E+00   1.6893588E-02  -3.2752416E+00   7.4057066E-01   3.3579664E+00
   6.5196161E+00  -2.9733852E-02  -3.2023196E+00   7.4876446E-01   3.2888269E+00
   6.5279155E+00  -3.9899750E-03  -3.1194756E+00   7.5192606E-01   3.2088218E+00
   6.5358443E+00  -3.4031853E-02  -3.1280956E+00   7.5611961E-01   3.2183626E+00
   6.5440769E+00   2.9281370E-02  -2.9755580E+00   7.6058698E-01   3.0713670E+00
   6.5526032E+00   3.4245580E-02  -2.8839219E+00   7.6107109E-01   2.9828522E+00
   6.5606151E+00  -2.1547573E-02  -2.8078635E+00   7.7009290E-01   2.9116325E+00
   6.5687523E+00  -2.7301503E-02  -2.7220576E+00   7.7484590E-01   2.8303232E+00
   6.5769653E+00  -2.9751400E-03  -2.5852225E+00   7.7994931E-01   2.7003157E+00
   6.5852599E+00  -1.1722657E-02  -2.5145984E+00   7.8263009E-01   2.6336005E+00
   6.5928741E+00  -2.8258361E-02  -2.3182080E+00   7.8588992E-01   2.4479604E+00
   6.6014686E+00  -5.3453343E-03  -2.2667596E+00   7.8913981E-01   2.4002018E+00
   6.6091871E+00  -1.7678805E-02  -2.1110525E+00   7.9274279E-01   2.2550602E+00
   6.6175914E+00  -2.2260781E-02  -1.9218123E+00   7.9598147E-01   2.0802510E+00
   6.6258121E+00  -3.1875312E-02  -1.8250098E+00   7.9819095E-01   1.9921811E+00
   6.6345067E+00   4.4051284E-04  -1.6260840E+00   8.0244654E-01   1.8133036E+00
   6.6426706E+00  -9.1698030E-03  -1.4799060E+00   8.0435336E-01   1.6843961E+00
   6.6499610E+00  -1.5237769E-02  -1.3486946E+00   8.0464947E-01   1.5705636E+00
   6.6581225E+00  -3.7071377E-02  -1.2101997E+00   8.0595410E-01   1.4544827E+00
   6.6668868E+00  -2.9328263E-03  -9.4339657E-01   8.0893093E-01   1.2427288E+00
   6.6745849E+00  -1.6983494E-02  -8.4837687E-01   8.0867273E-01   1.1721704E+00
   6.6833768E+00  -1.6909176E-02  -6.0225320E-01   8.0975592E-01   1.0093064E+00
   6.6913385E+00  -1.5992334E-02  -4.6779960E-01   8.0958927E-01   9.3516147E-01
   6.6993647E+00  -2.0461760E-02  -2.7806237E-01   8.0879486E-01   8.5550362E-01
   6.7074471E+00  -2.0673160E-02  -1.7927961E-01   8.0901325E-01   8.2889742E-01
   6.7155480E+00  -2.2132915E-02   4.7563738E-03   8.0900240E-01   8.0931908E-01
   6.7236671E+00  -9.1401563E-04   2.4468654E-01   8.0925208E-01   8.4543556E-01
   6.7318082E+00  -7.7405307E-03   3.1346643E-01   8.0974084E-01   8.6833251E-01
   6.7399826E+00  -2.0516846E-02   5.2606595E-01   8.0682814E-01   9.6339917E-01
   6.7481680E+00  -2.2770440E-02   6.4906144E-01   8.0761778E-01   1.0363618E+00
   6.7563529E+00   4.9135108E-03   9.0448081E-01   8.0882430E-01   1.2133864E+00
   6.7647939E+00  -9.2182504E-03   1.0361798E+00   8.1088883E-01   1.3157865E+00
   6.7723446E+00  -1.9027192E-04   1.1710017E+00   8.1041658E-01   1.4240856E+00
   6.7805586E+00  -1.5460949E-02   1.3241916E+00   8.1367904E-01   1.5542831E+00
   6.7887249E+00  -8.0603626E-05   1.5161096E+00   8.1508720E-01   1.7213237E+00
   6.7968674E+00   1.7562008E-02   1.6699290E+00   8.2219803E-01   1.8614459E+00
   6.8058686E+00   4.5908269E-02   1.8080777E+00   8.1989348E-01   1.9858192E+00
   6.8138418E+00   5.2831811E-03   1.9531977E+00   8.1799090E-01   2.1175737E+00
   6.8216357E+00   2.4052871E-02   2.0726919E+00   8.2068980E-01   2.2293861E+00
   6.8301601E+00   2.9069154E-02   2.2725458E+00   8.2182002E-01   2.4167535E+00
   6.8382463E+00   3.2144962E-03   2.2790141E+00   8.1593424E-01   2.4206743E+00
   6.8462811E+00  -3.6487967E-02   2.4503970E+00   8.1679231E-01   2.5832009E+00
   6.8542056E+00   2.9740781E-02   2.5141068E+00   8.1344867E-01   2.6425965E+00
   6.8627033E+00   1.7062286E-02   2.5656021E+00   8.2315665E-01   2.6944745E+00
   6.8709779E+00  -5.3963633E-03   2.6484561E+00   8.1474519E-01   2.7709489E+00
   6.8790398E+00   1.0951011E-02   2.7285981E+00   8.0933285E-01   2.8461177E+00
   6.8871078E+00   3.8978490E-03   2.7964962E+00   8.1199265E-01   2.9119990E+00
   6.8952880E+00  -1.8443399E-03   2.8276036E+00   8.0715787E-01   2.9405527E+00
   6.9033451E+00   2.6042119E-02   2.8292975E+00   7.9810148E-01   2.9398246E+00
   6.9117236E+00  -8.4302053E-03   2.8923671E+00   7.8500891E-01   2.9970148E+00
   6.9194589E+00  -2.8014075E-02   2.8761735E+00   7.7929145E-01   2.9800091E+00
   6.9277420E+00  -8.7444047E-03   2.8751597E+00   7.7648026E-01   2.9781775E+00
   6.9362268E+00  -7.6802573E-03   2.8172240E+00   7.6897246E-01   2.9202960E+00
   6.9439497E+00  -2.2991739E-02   2.7732987E+00   7.6012135E-01   2.8756735E+00
   6.9522128E+00  -6.8072992E-04   2.7321005E+00   7.5159514E-01   2.8335965E+00
   6.9606800E+00  -1.3795003E-02   2.6630845E+00   7.4183470E-01   2.7645121E+00
   6.9688954E+00  -9.5359143E-03   2.5691624E+00   7.3598903E-01   2.6725206E+00
   6.9768066E+00   7.8080053E-04   2.4727275E+00   7.2664988E-01   2.5772858E+00
   6.9852190E+00   7.7134762E-05   2.3867254E+00   7.2046256E-01   2.4930954E+00
   6.9931808E+00   2.7738500E-03   2.2505164E+00   7.1134913E-01   2.3602648E+00
   7.0015635E+00   1.6263941E-02   2.1162736E+00   7.0583880E-01   2.2309384E+00
   7.0096774E+00   2.4921617E-03   1.9867045E+00   6.9949704E-01   2.1062520E+00
   7.0174804E+00   3.6642852E-03   1.8520349E+00   6.9860953E-01   1.9794196E+00
   7.0256095E+00   5.8282069E-03   1.6743639E+00   6.8890452E-01   1.8105572E+00
   7.0341015E+00   4.8259026E-03   1.5048262E+00   6.8186313E-01   1.6521084E+00
   7.0422535E+00   1.3924043E-02   1.3160329E+00   6.8094587E-01   1.4818312E+00
   7.0503621E+00   5.3477357E-03   1.1473593E+00   6.7635101E-01   1.3318831E+00
   7.0582366E+00   1.2660812E-02   9.8708034E-01   6.7273885E-01   1.1945984E+00
   7.0666780E+00   6.5887836E-03   8.1377131E-01   6.6957474E-01   1.0538489E+00
   7.0747418E+00   1.6653991E-03   5.8938080E-01   6.6738772E-01   8.9038134E-01
   7.0829167E+00   5.6736614E-03   3.7649754E-01   6.6627240E-01   7.6531136E-01
   7.0911546E+00   1.6813504E-02   1.5387200E-01   6.6575295E-01   6.8351024E-01
   7.0990863E+00   5.8638924E-03  -1.3982646E-02   6.6535687E-01   6.6552961E-01
   7.1073685E+00   2.7624036E-03  -1.8807206E-01   6.6536069E-01   6.9143593E-01
   7.1155558E+00   8.1255836E-03  -3.7411290E-01   6.6569495E-01   7.6365983E-01
   7.1235704E+00   6.1877184E-03  -6.1736298E-01   6.6763717E-01   9.0934855E-01
   7.1318064E+00   1.4361800E-02  -8.2959145E-01   6.6897100E-01   1.0658097E+00
   7.1400728E+00   7.4878507E-03  -1.0105100E+00   6.7098397E-01   1.2130152E+00
   7.1482234E+00   7.0970110E-03  -1.1775850E+00   6.7411590E-01   1.3569041E+00
   7.1563849E+00   1.2201733E-02  -1.3879856E+00   6.7686528E-01   1.5442796E+00
   7.1644173E+00   1.5130396E-02  -1.5178945E+00   6.7936343E-01   1.6630596E+00
   7.1727009E+00   1.4285104E-02  -1.7185473E+00   6.8433857E-01   1.8498454E+00
   7.1806998E+00   8.7902145E-03  -1.8818457E+00   6.8661940E-01   2.0032141E+00
   7.1888795E+00   1.0891137E-02  -2.0091362E+00   6.9246662E-01   2.1251485E+00
   7.1971531E+00   1.1022896E-02  -2.1787686E+00   6.9422114E-01   2.2867219E+00
   7.2051950E+00   1.5331589E-02  -2.3148763E+00   6.9407809E-01   2.4167399E+00
   7.2133427E+00   1.5241941E-02  -2.4610395E+00   6.9754922E-01   2.5580311E+00
   7.2216959E+00   6.4669349E-03  -2.5670030E+00   6.9888180E-01   2.6604476E+00
   7.2298088E+00   1.7020505E-02  -2.6862457E+00   6.9754130E-01   2.7753863E+00
   7.2380052E+00  -8.5437176E-04  -2.7816484E+00   7.0006722E-01   2.8683903E+00
   7.2462363E+00  -3.1871947E-03  -2.8705523E+00   7.0974791E-01   2.9569957E+00
   7.2543020E+00   1.7465021E-02  -2.9738777E+00   7.0880753E-01   3.0572309E+00
   7.2625155E+00  -6.9156982E-04  -3.0215268E+00   7.1864349E-01   3.1058128E+00
   7.2704878E+00  -4.1503686E-02  -3.0818734E+00   7.2336483E-01   3.1659000E+00
   7.2786613E+00   5.7040839E-03  -3.1138327E+00   7.3329103E-01   3.1990159E+00
   7.2868323E+00  -3.1004238E-03  -3.1404395E+00   7.3662853E-01   3.2256770E+00
   7.2948599E+00  -7.5188610E-03  -3.1597543E+00   7.4535453E-01   3.2464838E+00
   7.3031321E+00   1.4879121E-02  -3.1459124E+00   7.4505049E-01   3.2329688E+00
   7.3113556E+00   9.5882564E-04  -3.1850457E+00   7.4949163E-01   3.2720413E+00
   7.3196893E+00  -1.6105883E-02  -3.1415198E+00   7.5397831E-01   3.2307723E+00
   7.3275919E+00  -2.2312995E-02  -3.1466689E+00   7.5700992E-01   3.2365239E+00
   7.3360791E+00  -9.8769497E-03  -3.0996542E+00   7.6400882E-01   3.1924384E+00
   7.3437014E+00   1.0543160E-02  -3.0327275E+00   7.6615280E-01   3.1280246E+00
   7.3518524E+00  -2.0578051E-02  -3.0018461E+00   7.7473623E-01   3.1002774E+00
   7.3604159E+00  -1.8697355E-02  -2.9690247E+00   7.7989006E-01   3.0698023E+00
   7.3686690E+00  -1.2001921E-02  -2.8588383E+00   7.8462517E-01   2.9645803E+00
   7.3764868E+00  -3.8268846E-02  -2.8330991E+00   7.8741693E-01   2.9407382E+00
   7.3844943E+00  -2.2110721E-02  -2.7288814E+00   7.9076445E-01   2.8412304E+00
   7.3926497E+00  -1.3761119E-02  -2.6388967E+00   7.9573709E-01   2.7562952E+00
   7.4009261E+00  -2.4169529E-02  -2.5064499E+00   7.9845232E-01   2.6306655E+00
   7.4092741E+00  -2.6252553E-02  -2.4318550E+00   8.0276215E-01   2.5610614E+00
   7.4176946E+00  -1.8150005E-02  -2.2763093E+00   8.0591142E-01   2.4148307E+00
   7.4254379E+00   7.6974076E-03  -2.1716137E+00   8.0922306E-01   2.3175004E+00
   7.4340868E+00  -1.9474104E-02  -1.9965136E+00   8.1235433E-01   2.1555429E+00
   7.4420857E+00  -4.0853061E-03  -1.8592440E+00   8.1588686E-01   2.0303884E+00
   7.4502072E+00  -8.1835221E-03  -1.7275957E+00   8.1834584E-01   1.9116338E+00
   7.4583702E+00  -1.1253105E-02  -1.5625097E+00   8.2083637E-01   1.7650312E+00
   7.4665155E+00  -1.1333614E-02  -1.4251488E+00   8.2160258E-01   1.6450558E+00
   7.4747462E+00  -1.2752538E-02  -1.2840729E+00   8.2296431E-01   1.5252134E+00
   7.4831314E+00  -2.0804258E-02  -1.1266314E+00   8.2420641E-01   1.3960828E+00
   7.4908109E+00  -9.9468110E-03  -9.5960522E-01   8.2610816E-01   1.2662526E+00
   7.4991198E+00  -1.0001897E-02  -7.6108730E-01   8.2713735E-01   1.1240597E+00
   7.5071287E+00  -4.4400625E-02  -6.5782005E-01   8.2491058E-01   1.0560189E+00
   7.5151691E+00  -9.1892825E-03  -4.3227848E-01   8.2717746E-01   9.3336582E-01
   7.5232887E+00  -1.7706752E-02  -3.0923021E-01   8.2659942E-01   8.8272500E-01
   7.5314565E+00  -1.3351550E-02  -1.7714226E-01   8.2723832E-01   8.4609747E-01
   7.5396829E+00  -1.5632147E-02   3.3608776E-02   8.2790792E-01   8.2873726E-01
   7.5479646E+00  -1.9104001E-03   1.8037336E-01   8.2632399E-01   8.4578341E-01
   7.5563121E+00  -1.4758626E-02   3.8273051E-01   8.2678729E-01   9.1119576E-01
   7.5647368E+00  -3.0151769E-03   5.7453704E-01   8.2455587E-01   1.0049847E+00
   7.5723939E+00   9.5051518E-03   6.9062912E-01   8.2489842E-01   1.0758793E+00
   7.5809822E+00  -9.1150524E-03   8.6359578E-01   8.2464242E-01   1.1941172E+00
   7.5887918E+00  -6.6213817E-03   1.0395044E+00   8.2458913E-01   1.3268611E+00
   7.5972381E+00  -2.6113489E-03   1.1839453E+00   8.2323003E-01   1.4420267E+00
   7.6048899E+00  -3.7623220E-03   1.3349651E+00   8.2281148E-01   1.5681725E+00
   7.6133003E+00   1.4957053E-02   1.5111966E+00   8.2241273E-01   1.7205527E+00
   7.6214795E+00   4.6617223E-04   1.6930319E+00   8.1876826E-01   1.8806219E+00
   7.6295118E+00   5.2106711E-03   1.7911958E+00   8.2088053E-01   1.9703437E+00
   7.6374931E+00   1.3610255E-02   1.9184624E+00   8.2231742E-01   2.0873163E+00
   7.6462383E+00   1.5936403E-02   2.0535533E+00   8.2885754E-01   2.2145746E+00
   7.6543584E+00   9.0759946E-03   2.1937928E+00   8.1961489E-01   2.3419175E+00
   7.6623988E+00   4.0422969E-02   2.3229291E+00   8.1944084E-01   2.4635580E+00
   7.6702919E+00   2.6673425E-03   2.4292870E+00   8.2284427E-01   2.5648615E+00
   7.6786675E+00   2.4950109E-02   2.5372224E+00   8.2064581E-01   2.6667545E+00
   7.6870842E+00   3.5632837E-03   2.6571350E+00   8.2586223E-01   2.7825217E+00
   7.6945639E+00  -3.5910429E-03   2.7693443E+00   8.3158487E-01   2.8915071E+00
   7.7032952E+00  -2.6143951E-02   2.8269563E+00   8.1646764E-01   2.9426153E+00
   7.7112079E+00   1.0580255E-02   2.9057531E+00   8.1318301E-01   3.0174127E+00
   7.7191100E+00   3.9045608E-03   2.9914622E+00   8.1087834E-01   3.0994170E+00
   7.7272644E+00   3.1084027E-02   3.0630515E+00   8.1457037E-01   3.1696649E+00
   7.7357755E+00  -5.7755649E-04   3.0941799E+00   8.0958056E-01   3.1983387E+00
   7.7436433E+00  -5.1411786E-03   3.1429629E+00   8.0141705E-01   3.2435338E+00
   7.7517099E+00  -8.4343096E-03   3.1839304E+00   8.0331105E-01   3.2837164E+00
   7.7602038E+00  -1.0628226E-02   3.1908767E+00   7.9995757E-01   3.2896411E+00
   7.7685905E+00  -1.9146841E-02   3.2086837E+00   7.9727715E-01   3.3063073E+00
   7.7765594E+00  -7.7193817E-03   3.1968441E+00   7.8491598E-01   3.2918026E+00
   7.7846622E+00  -2.2689737E-02   3.1892569E+00   7.7904266E-01   3.2831056E+00
   7.7927928E+00  -1.9674543E-02   3.1491189E+00   7.7316767E-01   3.2427034E+00
   7.8007684E+00   1.4515790E-02   3.1108623E+00   7.6556647E-01   3.2037115E+00
   7.8091993E+00  -5.9674662E-03   3.0560436E+00   7.6161408E-01   3.1495228E+00
   7.8174181E+00  -8.2786911E-04   2.9407341E+00   7.4905193E-01   3.0346329E+00
   7.8254542E+00  -7.3283148E-04   2.8922236E+00   7.4141651E-01   2.9857421E+00
   7.8336253E+00   1.0308565E-02   2.8052263E+00   7.3370284E-01   2.8996069E+00
   7.8419433E+00   1.1853111E-02   2.6953421E+00   7.2826397E-01   2.7920203E+00
   7.8497481E+00   8.7505020E-03   2.5796888E+00   7.2208852E-01   2.6788585E+00
   7.8582711E+00   4.5980536E-03   2.4542689E+00   7.1521240E-01   2.5563619E+00
   7.8660722E+00   2.2821207E-02   2.3071306E+00   7.0576435E-01   2.4127734E+00
   7.8743777E+00   6.2051909E-03   2.1843915E+00   7.0418417E-01   2.2950990E+00
   7.8825703E+00   7.5610671E-03   2.0250285E+00   6.9871920E-01   2.1421967E+00
   7.8905635E+00   1.3885521E-02   1.8669224E+00   6.9444317E-01   1.9919446E+00
   7.8987794E+00   9.4171958E-03   1.6968598E+00   6.9232023E-01   1.8326837E+00
   7.9071140E+00   9.5996810E-03   1.5079330E+00   6.8530369E-01   1.6563802E+00
   7.9152613E+00   8.8414773E-03   1.3063622E+00   6.8287379E-01   1.4741020E+00
   7.9232254E+00   9.7121606E-03   1.1617084E+00   6.8079042E-01   1.3465276E+00
   7.9316483E+00   5.2443407E-03   9.8984665E-01   6.7978066E-01   1.2008021E+00
   7.9395838E+00   5.6144060E-03   8.5061002E-01   6.7722476E-01   1.0872912E+00
   7.9477196E+00   1.6029693E-02   6.6910702E-01   6.7642951E-01   9.5158714E-01
   7.9558530E+00  -5.4837307E-03   3.6212233E-01   6.7494309E-01   7.6597053E-01
   7.9641738E+00   1.0670952E-02   2.3123218E-01   6.7584437E-01   7.1438634E-01
   7.9724655E+00   1.0146816E-02   4.4914547E-02   6.7646915E-01   6.7803448E-01
   7.9804101E+00   1.0019002E-02  -1.5891469E-01   6.7727715E-01   6.9574320E-01
   7.9886036E+00   1.2214055E-02  -3.1712309E-01   6.7792654E-01   7.4853230E-01
   7.9967446E+00   8.7896120E-03  -5.3841114E-01   6.8089718E-01   8.6809266E-01
   8.0048485E+00   9.6699204E-03  -7.3835713E-01   6.8296075E-01   1.0058330E+00
   8.0132275E+00   7.3805870E-03  -8.6157185E-01   6.8454325E-01   1.1004362E+00
   8.0213499E+00   1.1289761E-02  -9.9081278E-01   6.8823701E-01   1.2064443E+00
   8.0295067E+00   1.0144368E-02  -1.2044165E+00   6.9041997E-01   1.3883089E+00
   8.0376339E+00   9.9852514E-03  -1.3393399E+00   6.9338000E-01   1.5082132E+00
   8.0458384E+00   1.0088778E-02  -1.5229599E+00   6.9509447E-01   1.6741163E+00
   8.0538197E+00   1.0291887E-02  -1.6503088E+00   6.9804072E-01   1.7918946E+00
   8.0621691E+00   8.9653358E-03  -1.7473801E+00   7.0113808E-01   1.8828202E+00
   8.0702782E+00   7.7664205E-03  -1.8852488E+00   7.0240933E-01   2.0118654E+00
   8.0784683E+00   1.0964627E-02  -1.9980129E+00   7.0412987E-01   2.1184840E+00
   8.0864391E+00   7.8644650E-03  -2.0788224E+00   7.0387679E-01   2.1947680E+00
   8.0948019E+00  -5.5863601E-03  -2.1631534E+00   7.0496315E-01   2.2751346E+00
   8.1029367E+00   1.3523528E-02  -2.2877910E+00   7.0450038E-01   2.3938446E+00
   8.1111012E+00   3.2683571E-03  -2.3402009E+00   7.0804459E-01   2.4449701E+00
   8.1193552E+00  -2.0502976E-03  -2.3847234E+00   7.1152353E-01   2.4886093E+00
   8.1274261E+00   5.1704911E-03  -2.4289687E+00   7.1629059E-01   2.5323877E+00
   8.1356010E+00  -6.3638114E-03  -2.4509175E+00   7.1898431E-01   2.5542076E+00
   8.1435461E+00   1.5333521E-02  -2.4766514E+00   7.2631925E-01   2.5810032E+00
   8.1519899E+00  -1.0589272E-02  -2.5225987E+00   7.3350662E-01   2.6270988E+00
   8.1603689E+00   1.1516462E-02  -2.5256443E+00   7.3276526E-01   2.6298208E+00
