  flscon:  version 22.2.0.05  win64 2022 
 FLOW-3D   13:10:50  09/09/2023 upci     
   hydr3d   version  22.2.0.16 win64     09/12/2022 HYDRO    
 Simulation Template: Free Surface - TruVOF (Default)                            

Mesh Block   1
 printing pfxob, pfyob, pfzob, pfob       
       1     1002      0.000E+00      2.280E+01
   time              pfxob_1         pfyob_1         pfzob_1         pfob_1
   0.0000000E+00  -6.8491272E-04  -1.1749821E+00  -1.3976775E+00   1.8259479E+00
   1.1838196E-03   1.6551879E-01   4.4954611E+02  -2.3906171E+00   4.4955249E+02
   2.3269011E-02   3.4112369E-03  -5.5879211E-01  -1.3774729E+00   1.4865032E+00
   4.6316102E-02   8.0728400E-03  -7.4002421E-01  -1.3777581E+00   1.5639433E+00
   6.7579046E-02   8.2561355E-03  -7.4989593E-01  -1.3910729E+00   1.5803467E+00
   9.1626272E-02   5.5762171E-03  -9.6219862E-01  -1.3869854E+00   1.6880716E+00
   1.1407181E-01   5.7634949E-03  -1.1341618E+00  -1.3847739E+00   1.7899594E+00
   1.3691631E-01  -6.1284704E-03  -1.3241332E+00  -1.3804209E+00   1.9128324E+00
   1.5978934E-01  -9.7426707E-03  -1.4612341E+00  -1.3687159E+00   2.0021696E+00
   1.8289450E-01   1.6005111E-03  -1.6295210E+00  -1.3635029E+00   2.1247308E+00
   2.0561723E-01   2.5737975E-03  -1.7084637E+00  -1.3553685E+00   2.1807976E+00
   2.2807990E-01  -4.7977902E-03  -1.8107029E+00  -1.3434564E+00   2.2546713E+00
   2.5143573E-01   7.0499466E-04  -1.8784249E+00  -1.3356435E+00   2.3048697E+00
   2.7341288E-01   3.0497534E-03  -1.9084235E+00  -1.3271481E+00   2.3245239E+00
   2.9694191E-01  -4.6182325E-04  -1.9304904E+00  -1.3169771E+00   2.3369257E+00
   3.2015413E-01   2.4454342E-04  -1.9408773E+00  -1.3073184E+00   2.3401039E+00
   3.4169528E-01   2.1901934E-03  -1.9448936E+00  -1.2916396E+00   2.3347268E+00
   3.6469957E-01   1.7735848E-03  -1.9396036E+00  -1.2863309E+00   2.3273833E+00
   3.8726136E-01  -5.9431684E-03  -1.9616494E+00  -1.2706052E+00   2.3372080E+00
   4.1035911E-01   5.8969250E-03  -1.9492271E+00  -1.2369622E+00   2.3085918E+00
   4.3376458E-01   4.6135383E-04  -1.9598287E+00  -1.2419004E+00   2.3201821E+00
   4.5684278E-01  -3.5031626E-04  -1.9657078E+00  -1.2310623E+00   2.3193796E+00
   4.7927475E-01   1.7153487E-03  -1.9586182E+00  -1.2219480E+00   2.3085375E+00
   5.0261426E-01  -2.0506154E-04  -1.9859517E+00  -1.2104549E+00   2.3257699E+00
   5.2511525E-01  -8.3480513E-04  -1.9370853E+00  -1.2044162E+00   2.2809906E+00
   5.4617947E-01   1.3319241E-03  -1.9211996E+00  -1.1953688E+00   2.2627232E+00
   5.6992549E-01   8.1108743E-04  -1.8468418E+00  -1.1898599E+00   2.1969507E+00
   5.9371126E-01   8.2963955E-04  -1.7565680E+00  -1.1799814E+00   2.1161020E+00
   6.1628240E-01   8.6251477E-04  -1.6483513E+00  -1.1748188E+00   2.0241694E+00
   6.3862747E-01   2.7565178E-03  -1.6809386E+00  -1.1707393E+00   2.0484610E+00
   6.6207445E-01   2.3210798E-03  -1.5518379E+00  -1.1628188E+00   1.9391632E+00
   6.8470424E-01   2.4826592E-03  -1.4888594E+00  -1.1572540E+00   1.8857213E+00
   7.0751899E-01   3.5395180E-03  -1.3917096E+00  -1.1520692E+00   1.8066908E+00
   7.3077261E-01   2.0382209E-03  -1.3330516E+00  -1.1495895E+00   1.7602804E+00
   7.5287050E-01   2.0129883E-03  -1.2855573E+00  -1.1474748E+00   1.7231830E+00
   7.7500874E-01   1.0015008E-03  -1.1820058E+00  -1.1450042E+00   1.6456528E+00
   7.9779297E-01   3.0241976E-03  -1.0947800E+00  -1.1428527E+00   1.5826132E+00
   8.2040125E-01   1.5631871E-03  -9.8167592E-01  -1.1404378E+00   1.5047553E+00
   8.4349990E-01  -9.7869174E-04  -8.9594662E-01  -1.1384325E+00   1.4487063E+00
   8.6729491E-01   1.8829610E-03  -8.1379747E-01  -1.1354507E+00   1.3969675E+00
   8.8871688E-01   2.4173607E-03  -7.2387463E-01  -1.1339908E+00   1.3453385E+00
   9.1299433E-01   2.1576015E-03  -6.2078065E-01  -1.1329496E+00   1.2918777E+00
   9.3454218E-01   1.7218245E-03  -5.1107776E-01  -1.1322027E+00   1.2422104E+00
   9.5707130E-01   2.4398793E-03  -4.0304217E-01  -1.1312741E+00   1.2009288E+00
   9.8024857E-01   2.5262777E-03  -2.8749725E-01  -1.1316292E+00   1.1675812E+00
   1.0031339E+00   2.6309253E-03  -1.7734733E-01  -1.1316321E+00   1.1454475E+00
   1.0256907E+00   2.4571617E-03  -6.3358486E-02  -1.1320051E+00   1.1337795E+00
   1.0492463E+00   2.1690393E-03   5.4269124E-02  -1.1320119E+00   1.1333140E+00
   1.0700281E+00   2.4398200E-03   1.3884076E-01  -1.1318922E+00   1.1403782E+00
   1.0945886E+00   1.6248889E-03   2.8763205E-01  -1.1324748E+00   1.1684322E+00
   1.1165034E+00   1.3810882E-03   3.7655443E-01  -1.1337053E+00   1.1946056E+00
   1.1390860E+00   3.7426947E-04   5.0621450E-01  -1.1357042E+00   1.2434134E+00
   1.1638618E+00   1.6064626E-04   5.8947563E-01  -1.1378710E+00   1.2814960E+00
   1.1852714E+00   4.3477450E-04   6.7232335E-01  -1.1397176E+00   1.3232442E+00
   1.2097417E+00   1.2130805E-05   8.1357276E-01  -1.1430560E+00   1.4030246E+00
   1.2314587E+00   1.0485774E-04   9.1994739E-01  -1.1459439E+00   1.4695204E+00
   1.2550017E+00  -5.8218103E-04   1.0425520E+00  -1.1500955E+00   1.5522999E+00
   1.2759757E+00   3.4052038E-04   1.1274617E+00  -1.1527910E+00   1.6124816E+00
   1.2991588E+00   1.3082389E-03   1.2438462E+00  -1.1577069E+00   1.6992470E+00
   1.3220551E+00   1.6091790E-03   1.3445584E+00  -1.1628007E+00   1.7776235E+00
   1.3458220E+00   1.3472864E-03   1.4586909E+00  -1.1687660E+00   1.8691696E+00
   1.3698518E+00   1.2076293E-03   1.5349787E+00  -1.1741132E+00   1.9325379E+00
   1.3916067E+00   4.5519019E-04   1.6284769E+00  -1.1797050E+00   2.0108807E+00
   1.4127861E+00   4.4924708E-04   1.7110996E+00  -1.1856513E+00   2.0817375E+00
   1.4374347E+00  -1.6421950E-04   1.8204130E+00  -1.1938102E+00   2.1769443E+00
   1.4580230E+00   1.0189904E-03   1.9165167E+00  -1.2007539E+00   2.2616029E+00
   1.4810634E+00   4.6020088E-04   2.0142882E+00  -1.2095941E+00   2.3495691E+00
   1.5037532E+00   1.3710433E-03   2.0884113E+00  -1.2163261E+00   2.4167981E+00
   1.5266491E+00   1.5852853E-03   2.1725061E+00  -1.2245144E+00   2.4938364E+00
   1.5511447E+00   1.4262947E-03   2.2788916E+00  -1.2331555E+00   2.5911429E+00
   1.5725060E+00   3.5621430E-04   2.3550034E+00  -1.2424355E+00   2.6626465E+00
   1.5948210E+00   7.1252958E-04   2.4469893E+00  -1.2511921E+00   2.7483156E+00
   1.6190315E+00   3.7277672E-03   2.5305247E+00  -1.2615151E+00   2.8275414E+00
   1.6415229E+00   2.0809674E-03   2.6045744E+00  -1.2732145E+00   2.8991184E+00
   1.6650946E+00   3.7310305E-03   2.6706111E+00  -1.2792515E+00   2.9611926E+00
   1.6866056E+00   3.5999278E-03   2.6939788E+00  -1.2938054E+00   2.9885561E+00
   1.7093680E+00   7.0197550E-03   2.7325230E+00  -1.3014307E+00   3.0266240E+00
   1.7330308E+00   1.0936744E-02   2.7706525E+00  -1.3117021E+00   3.0654850E+00
   1.7550645E+00   6.8738060E-03   2.7722297E+00  -1.3211620E+00   3.0709565E+00
   1.7789600E+00   6.3398196E-03   2.7699370E+00  -1.3306139E+00   3.0729668E+00
   1.8018800E+00   8.2249260E-03   2.7379696E+00  -1.3385832E+00   3.0476794E+00
   1.8239641E+00   7.8272186E-03   2.6964085E+00  -1.3473380E+00   3.0142992E+00
   1.8477089E+00   8.3405375E-03   2.6343105E+00  -1.3530991E+00   2.9615095E+00
   1.8695318E+00   9.0724332E-03   2.5698020E+00  -1.3579739E+00   2.9065542E+00
   1.8922929E+00   8.5588144E-03   2.4594102E+00  -1.3638160E+00   2.8122528E+00
   1.9142410E+00   1.0967281E-02   2.3553185E+00  -1.3706528E+00   2.7251301E+00
   1.9370959E+00   1.2666454E-02   2.2157929E+00  -1.3782814E+00   2.6095130E+00
   1.9614639E+00   1.5609083E-02   2.0657742E+00  -1.3844295E+00   2.4868279E+00
   1.9840615E+00   1.5005302E-02   1.7706680E+00  -1.3820968E+00   2.2462595E+00
   2.0071847E+00   1.8515229E-02   1.7108403E+00  -1.3939967E+00   2.2069309E+00
   2.0302868E+00   1.7142570E-02   1.5402199E+00  -1.3952361E+00   2.0782819E+00
   2.0529275E+00   1.6548578E-02   1.2916576E+00  -1.3942989E+00   1.9007163E+00
   2.0760870E+00   1.4975172E-02   1.0570819E+00  -1.3963857E+00   1.7514393E+00
   2.0968370E+00   1.5234804E-02   8.4581751E-01  -1.3974749E+00   1.6335775E+00
   2.1202192E+00   1.3946448E-02   7.5814515E-01  -1.3988563E+00   1.5911560E+00
   2.1443112E+00   1.1970603E-02   4.4078183E-01  -1.3998224E+00   1.4676290E+00
   2.1664672E+00   1.0050147E-02   2.4683867E-01  -1.4002022E+00   1.4218285E+00
   2.1880796E+00   8.7737236E-03  -7.2531868E-03  -1.3999833E+00   1.4000295E+00
   2.2105618E+00   8.1871832E-03  -1.8677226E-01  -1.3984219E+00   1.4108630E+00
   2.2345381E+00   5.5156052E-03  -4.1409540E-01  -1.3959731E+00   1.4561065E+00
   2.2575510E+00   5.6829141E-03  -6.1712331E-01  -1.3957709E+00   1.5261225E+00
   2.2797313E+00   4.6708188E-03  -7.6641774E-01  -1.3916968E+00   1.5887851E+00
   2.3026965E+00   4.6796640E-03  -9.3170518E-01  -1.3863209E+00   1.6703241E+00
   2.3259666E+00   4.1276761E-03  -1.0718349E+00  -1.3822862E+00   1.7491604E+00
   2.3481452E+00   3.9148508E-03  -1.2080858E+00  -1.3750623E+00   1.8303778E+00
   2.3712411E+00   2.5179179E-03  -1.3414842E+00  -1.3681244E+00   1.9160769E+00
   2.3942971E+00   6.7802949E-04  -1.4549805E+00  -1.3633947E+00   1.9939444E+00
   2.4175587E+00  -2.9608649E-03  -1.5278227E+00  -1.3566470E+00   2.0432186E+00
   2.4395602E+00   3.2667182E-03  -1.5615729E+00  -1.3479745E+00   2.0628998E+00
   2.4624765E+00   1.0757125E-03  -1.6760314E+00  -1.3388183E+00   2.1451147E+00
   2.4853520E+00  -2.8778480E-03  -1.7689347E+00  -1.3108135E+00   2.2016745E+00
   2.5076210E+00  -4.4132364E-03  -1.7325149E+00  -1.3179686E+00   2.1768484E+00
   2.5313630E+00  -2.0690549E-03  -1.7721841E+00  -1.3042388E+00   2.2003818E+00
   2.5527494E+00  -7.7305059E-04  -1.7944025E+00  -1.2876865E+00   2.2086234E+00
   2.5758004E+00  -2.9913003E-03  -1.8132417E+00  -1.2745154E+00   2.2163582E+00
   2.6000593E+00  -2.3750421E-03  -1.7923287E+00  -1.2429551E+00   2.1811433E+00
   2.6213102E+00   1.2467369E-03  -1.8054053E+00  -1.2465498E+00   2.1939409E+00
   2.6453671E+00  -1.8930997E-03  -1.8029447E+00  -1.2293108E+00   2.1821589E+00
   2.6667540E+00  -3.6059371E-03  -1.7869658E+00  -1.2224953E+00   2.1651223E+00
   2.6898060E+00  -3.0085617E-03  -1.7228582E+00  -1.2074342E+00   2.1038411E+00
   2.7126610E+00  -1.4145663E-03  -1.7260351E+00  -1.1904199E+00   2.0967352E+00
   2.7365854E+00  -2.9373574E-03  -1.6646420E+00  -1.1816558E+00   2.0414093E+00
   2.7579730E+00  -1.7786206E-03  -1.6014998E+00  -1.1689601E+00   1.9827436E+00
   2.7821412E+00  -3.3458622E-04  -1.5854951E+00  -1.1657196E+00   1.9679170E+00
   2.8053234E+00  -9.7732322E-05  -1.5026381E+00  -1.1610858E+00   1.8989581E+00
   2.8270872E+00   3.2334183E-03  -1.4080286E+00  -1.1331562E+00   1.8073732E+00
   2.8506191E+00   1.5985912E-03  -1.4425828E+00  -1.1430446E+00   1.8405430E+00
   2.8718073E+00   2.6151296E-03  -1.3126128E+00  -1.1375680E+00   1.7369572E+00
   2.8948233E+00   4.5351041E-03  -1.1994314E+00  -1.1312937E+00   1.6487819E+00
   2.9193108E+00   7.7539455E-04  -1.1171227E+00  -1.1268082E+00   1.5867137E+00
   2.9416628E+00  -8.8633671E-03  -1.1027365E+00  -1.1221293E+00   1.5733024E+00
   2.9642344E+00  -1.1533848E-03  -9.2067361E-01  -1.1148084E+00   1.4458351E+00
   2.9870107E+00   3.6853421E-04  -8.3794326E-01  -1.1014683E+00   1.3839730E+00
   3.0092680E+00   6.6292915E-03  -7.1799010E-01  -1.1053501E+00   1.3180867E+00
   3.0328839E+00   6.9082147E-03  -6.6864860E-01  -1.0960190E+00   1.2838989E+00
   3.0552101E+00  -9.8671869E-04  -5.8515781E-01  -1.0914248E+00   1.2383937E+00
   3.0785625E+00  -3.2874695E-03  -5.4424340E-01  -1.0909581E+00   1.2191807E+00
   3.1012013E+00  -2.0188105E-03  -4.5783570E-01  -1.0851083E+00   1.1777426E+00
   3.1236298E+00   1.9545243E-03  -3.5901839E-01  -1.0823693E+00   1.1403601E+00
   3.1467907E+00   7.7534397E-03  -1.1382417E-01  -1.0781152E+00   1.0841348E+00
   3.1694071E+00  -2.5635138E-02  -2.8319046E-01  -1.0791156E+00   1.1159501E+00
   3.1920364E+00   3.8334935E-03  -2.1545990E-01  -1.0786469E+00   1.0999622E+00
   3.2152247E+00   6.0723680E-03  -9.9089637E-02  -1.0725588E+00   1.0771434E+00
   3.2383535E+00   1.3135643E-03   1.6163852E-02  -1.0702560E+00   1.0703788E+00
   3.2597928E+00  -2.6593130E-04   8.9110844E-02  -1.0687931E+00   1.0725015E+00
   3.2828150E+00   8.7842122E-03   1.8451773E-01  -1.0662121E+00   1.0820961E+00
   3.3057106E+00  -2.4117439E-04   2.5136670E-01  -1.0682529E+00   1.0974286E+00
   3.3283510E+00  -2.7230717E-04   3.5858592E-01  -1.0686276E+00   1.1271863E+00
   3.3513958E+00  -3.6693548E-04   4.4920364E-01  -1.0693411E+00   1.1598597E+00
   3.3747821E+00  -1.9210807E-04   5.3724271E-01  -1.0705041E+00   1.1977516E+00
   3.3974793E+00  -2.7284239E-04   6.2489939E-01  -1.0720997E+00   1.2409259E+00
   3.4196196E+00  -6.4033072E-04   6.9790816E-01  -1.0737180E+00   1.2806040E+00
   3.4429789E+00   2.1450754E-04   7.8407019E-01  -1.0757853E+00   1.3311950E+00
   3.4663138E+00   2.9099244E-04   8.8357395E-01  -1.0781273E+00   1.3939373E+00
   3.4895117E+00   1.8916691E-04   9.6645212E-01  -1.0808636E+00   1.4499296E+00
   3.5121536E+00  -7.4189116E-04   1.0570887E+00  -1.0832993E+00   1.5135965E+00
   3.5338793E+00  -6.5418758E-04   1.1496247E+00  -1.0867530E+00   1.5819827E+00
   3.5557358E+00   3.4778219E-04   1.2508361E+00  -1.0896139E+00   1.6588700E+00
   3.5791614E+00   2.5423618E-03   1.3344228E+00  -1.0946757E+00   1.7259796E+00
   3.6020675E+00   4.5789155E-04   1.3956102E+00  -1.0934066E+00   1.7729259E+00
   3.6259570E+00   8.6931000E-04   1.5275122E+00  -1.0958890E+00   1.8799646E+00
   3.6476259E+00   1.0484026E-03   1.6225663E+00  -1.0968559E+00   1.9585238E+00
   3.6707809E+00  -4.1410578E-03   1.7598801E+00  -1.1001848E+00   2.0754762E+00
   3.6927016E+00   4.3834667E-04   1.7993840E+00  -1.0991193E+00   2.1085176E+00
   3.7161036E+00   1.0195462E-03   1.8881682E+00  -1.1071320E+00   2.1888173E+00
   3.7382684E+00  -2.7000634E-03   1.9844022E+00  -1.1109626E+00   2.2742245E+00
   3.7607932E+00   9.7973633E-04   2.0562854E+00  -1.1162781E+00   2.3397408E+00
   3.7850940E+00   1.6007839E-03   2.1918137E+00  -1.1264880E+00   2.4643509E+00
   3.8085666E+00   3.9718640E-03   2.2477174E+00  -1.1320214E+00   2.5166886E+00
   3.8308740E+00   7.5695091E-03   2.3293951E+00  -1.1375356E+00   2.5923204E+00
   3.8535304E+00   2.3833090E-03   2.4045079E+00  -1.1475844E+00   2.6643224E+00
   3.8753684E+00   4.2661121E-03   2.4969456E+00  -1.1567221E+00   2.7518651E+00
   3.8997760E+00   4.0111048E-03   2.5651586E+00  -1.1670865E+00   2.8181813E+00
   3.9215906E+00   8.6930143E-03   2.6691413E+00  -1.1809316E+00   2.9187307E+00
   3.9450650E+00   7.0446637E-03   2.6580527E+00  -1.1866697E+00   2.9109240E+00
   3.9672544E+00   8.1161670E-03   2.7164071E+00  -1.2023529E+00   2.9706204E+00
   3.9901726E+00   8.8179382E-03   2.7329662E+00  -1.2137313E+00   2.9903722E+00
   4.0130930E+00   8.9579932E-03   2.7218244E+00  -1.2253954E+00   2.9849627E+00
   4.0350113E+00   9.7141331E-03   2.7115285E+00  -1.2336303E+00   2.9789805E+00
   4.0584707E+00   1.3320362E-02   2.6568203E+00  -1.2543259E+00   2.9380612E+00
   4.0815535E+00   1.0289757E-02   2.6448433E+00  -1.2575769E+00   2.9286177E+00
   4.1035318E+00   1.2170471E-02   2.4961524E+00  -1.2681136E+00   2.7998281E+00
   4.1275826E+00   2.0448837E-02   2.4749184E+00  -1.2762110E+00   2.7846639E+00
   4.1491694E+00   1.6944362E-02   2.4176486E+00  -1.2855430E+00   2.7382352E+00
   4.1727233E+00   1.7131580E-02   2.2713988E+00  -1.2920538E+00   2.6132257E+00
   4.1957231E+00   1.8488817E-02   2.1033542E+00  -1.3021035E+00   2.4738460E+00
   4.2189407E+00   1.9222951E-02   2.1282468E+00  -1.3056637E+00   2.4969103E+00
   4.2400236E+00   2.1096328E-02   1.8611001E+00  -1.3133749E+00   2.2779579E+00
   4.2636981E+00   1.8117242E-02   1.6676891E+00  -1.3184814E+00   2.1260076E+00
   4.2871718E+00   1.7359858E-02   1.4731681E+00  -1.3243605E+00   1.9810240E+00
   4.3095446E+00   1.7480901E-02   1.2788266E+00  -1.3286685E+00   1.8441972E+00
   4.3325872E+00   1.6308812E-02   1.0787797E+00  -1.3321693E+00   1.7142656E+00
   4.3556404E+00   1.6175315E-02   8.6278099E-01  -1.3356781E+00   1.5901852E+00
   4.3782315E+00   1.5305526E-02   6.3146293E-01  -1.3382427E+00   1.4798219E+00
   4.4004107E+00   1.1590698E-02   4.0370703E-01  -1.3393131E+00   1.3988829E+00
   4.4238997E+00   1.1361809E-02   1.5835075E-01  -1.3410282E+00   1.3503927E+00
   4.4465575E+00   9.3931276E-03  -6.2212445E-02  -1.3411291E+00   1.3426040E+00
   4.4699755E+00   7.5765946E-03  -3.0467469E-01  -1.3401344E+00   1.3743522E+00
   4.4914474E+00   6.4502205E-03  -5.2086425E-01  -1.3389205E+00   1.4366798E+00
   4.5135918E+00   6.8000960E-03  -7.2510207E-01  -1.3364763E+00   1.5205224E+00
   4.5381522E+00   6.2705502E-03  -9.6667212E-01  -1.3327297E+00   1.6464090E+00
   4.5595160E+00   5.3371573E-03  -1.1160316E+00  -1.3284365E+00   1.7350211E+00
   4.5839596E+00   3.5062372E-03  -1.2761854E+00  -1.3251855E+00   1.8397766E+00
   4.6053562E+00   3.2814385E-03  -1.4615546E+00  -1.3169862E+00   1.9673854E+00
   4.6281939E+00   8.8194665E-04  -1.6004726E+00  -1.3124830E+00   2.0698128E+00
   4.6505466E+00   5.4216373E-04  -1.7902287E+00  -1.3004283E+00   2.2126980E+00
   4.6743550E+00  -8.4169960E-04  -1.8995378E+00  -1.2943259E+00   2.2985919E+00
   4.6974850E+00  -2.2363709E-03  -2.0219154E+00  -1.2825381E+00   2.3943789E+00
   4.7201109E+00  -2.3999414E-03  -2.1106446E+00  -1.2753983E+00   2.4660630E+00
   4.7426605E+00  -3.7631709E-03  -2.1724479E+00  -1.2642212E+00   2.5135231E+00
   4.7649627E+00  -1.0005363E-03  -2.2715161E+00  -1.2488160E+00   2.5921667E+00
   4.7874541E+00  -1.4838902E-03  -2.3168657E+00  -1.2389230E+00   2.6273177E+00
   4.8098507E+00  -1.8288068E-03  -2.3624406E+00  -1.2282351E+00   2.6626472E+00
   4.8347378E+00  -4.6361366E-04  -2.4050877E+00  -1.2142649E+00   2.6942320E+00
   4.8551464E+00  -8.8324619E-04  -2.4430301E+00  -1.2025889E+00   2.7229795E+00
   4.8786807E+00  -8.1863938E-05  -2.4766531E+00  -1.1907346E+00   2.7480283E+00
   4.9024186E+00  -3.8703417E-03  -2.4688377E+00  -1.1777875E+00   2.7353899E+00
   4.9239669E+00  -5.0641241E-04  -2.4759014E+00  -1.1683984E+00   2.7377441E+00
   4.9483752E+00   1.8850287E-03  -2.4620483E+00  -1.1589893E+00   2.7212021E+00
   4.9710703E+00   2.6625984E-03  -2.4482288E+00  -1.1535261E+00   2.7063730E+00
   4.9926023E+00   1.2451846E-03  -2.4109318E+00  -1.1482353E+00   2.6704004E+00
   5.0163336E+00   3.5477518E-03  -2.3444343E+00  -1.1426197E+00   2.6080577E+00
   5.0389838E+00   3.5487358E-03  -2.3092964E+00  -1.1394218E+00   2.5751009E+00
   5.0619326E+00  -2.3786044E-03  -2.2116439E+00  -1.1351274E+00   2.4859383E+00
   5.0839562E+00   3.8107992E-03  -2.1057956E+00  -1.1298814E+00   2.3897746E+00
   5.1074214E+00   2.7571891E-03  -2.0240388E+00  -1.1298544E+00   2.3180406E+00
   5.1307149E+00   5.5514174E-03  -1.9193649E+00  -1.1271745E+00   2.2258739E+00
   5.1525235E+00   5.0635878E-03  -1.8202163E+00  -1.1230469E+00   2.1387959E+00
   5.1750450E+00  -3.3868066E-04  -1.6657752E+00  -1.1164049E+00   2.0052848E+00
   5.1984406E+00   5.2394015E-03  -1.5477515E+00  -1.1135880E+00   1.9067355E+00
   5.2211699E+00   7.1505224E-03  -1.4055997E+00  -1.1097094E+00   1.7908703E+00
   5.2434969E+00   9.2614107E-03  -1.2599539E+00  -1.1054459E+00   1.6761802E+00
   5.2669964E+00   1.4464579E-02  -1.1304698E+00  -1.0974141E+00   1.5755916E+00
   5.2890515E+00   7.0467673E-04  -1.0253676E+00  -1.0936058E+00   1.4991174E+00
   5.3116879E+00   3.8790626E-03  -9.0812695E-01  -1.0903537E+00   1.4190069E+00
   5.3356328E+00   7.7222134E-03  -7.6032495E-01  -1.0862999E+00   1.3259718E+00
   5.3577042E+00   5.9706019E-03  -6.3096040E-01  -1.0824153E+00   1.2529045E+00
   5.3806458E+00   4.6226541E-03  -5.1185215E-01  -1.0795628E+00   1.1947677E+00
   5.4042621E+00   6.3557564E-03  -3.9954790E-01  -1.0764766E+00   1.1482512E+00
   5.4262371E+00   4.6811630E-03  -2.7955574E-01  -1.0736550E+00   1.1094631E+00
   5.4490423E+00   2.9406748E-03  -1.5369341E-01  -1.0701470E+00   1.0811313E+00
   5.4719844E+00   5.0894422E-03  -7.7771947E-02  -1.0679469E+00   1.0707871E+00
   5.4936757E+00   3.6927955E-03   1.9621532E-02  -1.0661387E+00   1.0663257E+00
   5.5175304E+00   2.7043940E-03   1.3695262E-01  -1.0637234E+00   1.0725068E+00
   5.5411739E+00   2.8263337E-03   2.3439723E-01  -1.0616428E+00   1.0872146E+00
   5.5624142E+00   2.0819653E-03   3.2403573E-01  -1.0607491E+00   1.1091403E+00
   5.5860400E+00   1.2613893E-03   4.0458551E-01  -1.0590529E+00   1.1337038E+00
   5.6077485E+00  -1.6147947E-05   4.9931166E-01  -1.0582664E+00   1.1701453E+00
   5.6303196E+00  -7.7975320E-04   5.8232415E-01  -1.0576134E+00   1.2073309E+00
   5.6540556E+00  -6.2442099E-04   6.7201114E-01  -1.0578598E+00   1.2532624E+00
   5.6782808E+00  -5.4424140E-04   7.4161160E-01  -1.0579406E+00   1.2919855E+00
   5.7002969E+00   3.2004132E-04   8.4258592E-01  -1.0588008E+00   1.3531483E+00
   5.7211785E+00  -8.8327448E-04   8.9999706E-01  -1.0599588E+00   1.3905064E+00
   5.7471066E+00  -3.6749183E-04   1.0001971E+00  -1.0614309E+00   1.4584341E+00
   5.7692699E+00   8.5211452E-04   1.0775205E+00  -1.0638082E+00   1.5141793E+00
   5.7914476E+00   9.5846923E-04   1.1507118E+00  -1.0657644E+00   1.5684363E+00
   5.8136725E+00   8.9813833E-04   1.2239006E+00  -1.0679969E+00   1.6243616E+00
   5.8358116E+00  -5.1841722E-04   1.3416598E+00  -1.0723859E+00   1.7175747E+00
   5.8597217E+00   1.3296187E-03   1.3968267E+00  -1.0753520E+00   1.7628126E+00
   5.8840699E+00  -2.8573870E-04   1.4649409E+00  -1.0775249E+00   1.8185467E+00
   5.9051929E+00   4.0434161E-03   1.5546434E+00  -1.0816286E+00   1.8938987E+00
   5.9283681E+00   1.2087931E-03   1.6346631E+00  -1.0852338E+00   1.9621054E+00
   5.9510412E+00  -1.4740078E-03   1.6960061E+00  -1.0870937E+00   2.0145004E+00
   5.9743986E+00  -5.1480364E-03   1.7763003E+00  -1.0902177E+00   2.0841889E+00
   5.9960322E+00  -2.1239200E-04   1.8506413E+00  -1.0916531E+00   2.1486228E+00
   6.0189424E+00  -2.8464373E-03   1.9348726E+00  -1.0952388E+00   2.2233508E+00
   6.0421481E+00  -1.1772820E-03   1.9934902E+00  -1.1000938E+00   2.2768862E+00
   6.0648518E+00  -1.1273582E-05   2.0674381E+00  -1.1004200E+00   2.3420556E+00
   6.0879092E+00   1.5500082E-03   2.1490905E+00  -1.1088109E+00   2.4182751E+00
   6.1108837E+00   7.5568823E-04   2.2185943E+00  -1.1118848E+00   2.4816222E+00
   6.1326280E+00  -6.9942721E-04   2.2784379E+00  -1.1194420E+00   2.5385883E+00
   6.1557698E+00   1.9341200E-03   2.3355422E+00  -1.1256354E+00   2.5926466E+00
   6.1789646E+00   2.4278786E-03   2.4086392E+00  -1.1335983E+00   2.6620657E+00
   6.2006621E+00   1.0421271E-03   2.4297388E+00  -1.1427661E+00   2.6850598E+00
   6.2252469E+00   9.4360358E-04   2.4702854E+00  -1.1512477E+00   2.7253773E+00
   6.2472692E+00   1.5875109E-03   2.4664743E+00  -1.1592985E+00   2.7253387E+00
   6.2689781E+00   2.1029140E-03   2.4789376E+00  -1.1705872E+00   2.7414248E+00
   6.2926946E+00   4.3069455E-03   2.4587908E+00  -1.1805496E+00   2.7275205E+00
   6.3163323E+00   4.2505083E-03   2.4222343E+00  -1.1916087E+00   2.6994755E+00
   6.3385029E+00   6.5038359E-04   2.3675561E+00  -1.2013303E+00   2.6549044E+00
   6.3619947E+00   3.5545577E-03   2.3041630E+00  -1.2115129E+00   2.6032565E+00
   6.3830919E+00   5.8054989E-03   2.2239320E+00  -1.2178791E+00   2.5355742E+00
   6.4067516E+00   5.1977934E-04   2.0302711E+00  -1.2362804E+00   2.3770549E+00
   6.4306884E+00   4.1062445E-03   1.9568821E+00  -1.2400907E+00   2.3167281E+00
   6.4526930E+00   4.6050539E-03   1.8416961E+00  -1.2481228E+00   2.2247868E+00
   6.4750404E+00   6.9234129E-03   1.6824673E+00  -1.2564799E+00   2.0998776E+00
   6.4978962E+00   4.8804041E-03   1.5417084E+00  -1.2608224E+00   1.9916228E+00
   6.5213108E+00   5.8174976E-03   1.3553222E+00  -1.2676103E+00   1.8557392E+00
   6.5429983E+00   6.6716769E-03   1.1834620E+00  -1.2721632E+00   1.7375344E+00
   6.5675335E+00   6.6830255E-03   9.6842408E-01  -1.2776169E+00   1.6031827E+00
   6.5897927E+00   5.4200124E-03   7.5408268E-01  -1.2809912E+00   1.4864751E+00
   6.6122198E+00   5.2742874E-03   5.6478947E-01  -1.2838249E+00   1.4025767E+00
   6.6347051E+00   3.9586327E-03   4.3043792E-01  -1.2860332E+00   1.3561614E+00
   6.6574030E+00   3.4476102E-03   2.4619555E-01  -1.2877742E+00   1.3111013E+00
   6.6803155E+00   1.4227682E-03  -5.8080815E-02  -1.2887522E+00   1.2900611E+00
   6.7032022E+00   1.0893771E-03  -2.2112484E-01  -1.2888085E+00   1.3076408E+00
   6.7264013E+00   7.7221025E-04  -4.3798199E-01  -1.2880108E+00   1.3604413E+00
   6.7498550E+00   9.4568863E-04  -6.3010693E-01  -1.2861953E+00   1.4322478E+00
   6.7709308E+00   4.3112171E-04  -9.1405517E-01  -1.2829309E+00   1.5752487E+00
   6.7950072E+00  -1.8640624E-03  -1.0017655E+00  -1.2803202E+00   1.6256560E+00
   6.8169560E+00  -1.3870117E-03  -1.1737751E+00  -1.2755044E+00   1.7333958E+00
   6.8393764E+00  -9.2234544E-04  -1.3263624E+00  -1.2702633E+00   1.8365203E+00
   6.8625026E+00  -3.1637838E-03  -1.5676172E+00  -1.2637148E+00   2.0135562E+00
   6.8863544E+00  -4.3804166E-03  -1.6898001E+00  -1.2558867E+00   2.1053967E+00
   6.9076853E+00  -5.1649334E-03  -1.8175758E+00  -1.2485781E+00   2.2051203E+00
   6.9322004E+00  -5.0047645E-03  -1.9607162E+00  -1.2386100E+00   2.3191783E+00
   6.9536972E+00  -2.1654824E-03  -2.0520759E+00  -1.2286730E+00   2.3917897E+00
   6.9778943E+00  -6.7589195E-03  -2.1223137E+00  -1.2189538E+00   2.4474702E+00
   7.0005517E+00  -4.0870537E-03  -2.2098370E+00  -1.2093940E+00   2.5191329E+00
   7.0214911E+00  -4.8961416E-03  -2.3131137E+00  -1.1966568E+00   2.6043246E+00
   7.0457668E+00  -3.8001030E-03  -2.3670273E+00  -1.1862751E+00   2.6476560E+00
   7.0683365E+00  -3.0991121E-03  -2.4505253E+00  -1.1734442E+00   2.7169938E+00
   7.0902047E+00  -5.0299824E-03  -2.5048909E+00  -1.1620562E+00   2.7613182E+00
   7.1133490E+00  -1.6665418E-03  -2.5623617E+00  -1.1520255E+00   2.8094242E+00
   7.1364422E+00  -9.2307216E-04  -2.5855885E+00  -1.1416357E+00   2.8264112E+00
   7.1596255E+00   2.1119146E-03  -2.6354430E+00  -1.1337285E+00   2.8689554E+00
   7.1822672E+00   2.2516102E-03  -2.6639347E+00  -1.1268981E+00   2.8924820E+00
   7.2044091E+00   1.7669095E-03  -2.6746314E+00  -1.1223379E+00   2.9005685E+00
   7.2269025E+00   3.8563677E-03  -2.6911473E+00  -1.1168857E+00   2.9137127E+00
   7.2504869E+00   3.9368970E-03  -2.6619308E+00  -1.1139363E+00   2.8856099E+00
   7.2725573E+00   6.1422586E-03  -2.6488640E+00  -1.1083995E+00   2.8714228E+00
   7.2953863E+00   7.1999896E-03  -2.6287913E+00  -1.1002790E+00   2.8497736E+00
   7.3185258E+00  -4.6913703E-03  -2.6080451E+00  -1.1009985E+00   2.8309219E+00
   7.3415875E+00   1.0031190E-02  -2.5128536E+00  -1.0858650E+00   2.7374508E+00
   7.3647747E+00   1.0829559E-02  -2.4426181E+00  -1.0794532E+00   2.6705282E+00
   7.3875074E+00   2.7285805E-03  -2.3650053E+00  -1.0710294E+00   2.5962207E+00
   7.4097095E+00   1.1703116E-03  -2.2885780E+00  -1.0647696E+00   2.5241485E+00
   7.4322634E+00   4.7196355E-03  -2.2253618E+00  -1.0585070E+00   2.4642839E+00
   7.4561052E+00   7.0804795E-03  -2.1418266E+00  -1.0508269E+00   2.3857303E+00
   7.4788513E+00   1.1381892E-02  -2.0442193E+00  -1.0445931E+00   2.2956779E+00
   7.5014248E+00   1.2762530E-02  -1.9658982E+00  -1.0379163E+00   2.2231033E+00
   7.5247035E+00   9.1856197E-03  -1.8660430E+00  -1.0305672E+00   2.1317291E+00
   7.5461855E+00   1.0067397E-02  -1.7628922E+00  -1.0251268E+00   2.0393076E+00
   7.5702233E+00   1.0156681E-02  -1.6716762E+00  -1.0192534E+00   1.9579279E+00
   7.5931458E+00   1.1563928E-02  -1.5605069E+00  -1.0131670E+00   1.8605975E+00
   7.6161289E+00   1.1181534E-02  -1.4414504E+00  -1.0077837E+00   1.7588440E+00
   7.6373734E+00   1.0429563E-02  -1.3391366E+00  -1.0025144E+00   1.6728511E+00
   7.6608043E+00   1.0365107E-02  -1.2132468E+00  -9.9677175E-01   1.5702323E+00
   7.6845036E+00   9.0500414E-03  -1.0961087E+00  -9.9118185E-01   1.4778286E+00
   7.7066154E+00   1.0120210E-02  -9.9333090E-01  -9.8604077E-01   1.3996732E+00
   7.7291622E+00   8.2319127E-03  -8.8519526E-01  -9.8119247E-01   1.3215055E+00
   7.7519817E+00   7.6613454E-03  -7.6682550E-01  -9.7642565E-01   1.2415664E+00
   7.7748590E+00   6.5518729E-03  -6.2454671E-01  -9.7096342E-01   1.1545005E+00
   7.7977037E+00   8.5809231E-03  -5.3204298E-01  -9.6802628E-01   1.1046349E+00
   7.8208618E+00   7.1531059E-03  -4.5016840E-01  -9.6378332E-01   1.0637580E+00
   7.8425651E+00   7.8086234E-03  -3.1675693E-01  -9.6054292E-01   1.0114537E+00
   7.8650031E+00   5.4422896E-03  -2.1614750E-01  -9.5731151E-01   9.8142487E-01
   7.8881054E+00   6.7534815E-03  -1.3192330E-01  -9.5444202E-01   9.6353978E-01
   7.9116278E+00   6.9154096E-03  -3.8222995E-02  -9.5227557E-01   9.5306742E-01
   7.9354873E+00   4.1439049E-03   1.0020681E-01  -9.5046967E-01   9.5574641E-01
   7.9572744E+00   4.8517925E-03   2.2723027E-01  -9.4884866E-01   9.7569001E-01
   7.9793868E+00   3.7609171E-03   3.0767322E-01  -9.4724655E-01   9.9596840E-01
   8.0020771E+00   2.4257207E-03   4.5163277E-01  -9.4703263E-01   1.0492134E+00
   8.0252447E+00   1.3009205E-03   5.9928703E-01  -9.4715124E-01   1.1208221E+00
   8.0486250E+00   7.2337082E-04   6.5882778E-01  -9.4728428E-01   1.1538640E+00
   8.0725212E+00   3.3814521E-04   7.7090037E-01  -9.4888145E-01   1.2225643E+00
   8.0942163E+00   7.0366467E-04   9.0881371E-01  -9.5032084E-01   1.3149345E+00
   8.1162958E+00   2.8736872E-04   1.0081968E+00  -9.5229626E-01   1.3868414E+00
   8.1384821E+00   6.6801877E-04   1.0858552E+00  -9.5449769E-01   1.4457344E+00
   8.1634731E+00  -2.5188149E-04   1.2403167E+00  -9.5887393E-01   1.5677451E+00
   8.1857643E+00   2.2378222E-03   1.3212122E+00  -9.6180040E-01   1.6342174E+00
   8.2081375E+00   2.1747528E-03   1.4034424E+00  -9.6581149E-01   1.7036570E+00
   8.2307081E+00   2.4276976E-03   1.5113374E+00  -9.7079992E-01   1.7962736E+00
   8.2534714E+00   2.5254639E-03   1.6376494E+00  -9.7661543E-01   1.9067459E+00
   8.2761936E+00   3.0058895E-03   1.7862200E+00  -9.8414713E-01   2.0393960E+00
   8.2979231E+00   2.1144361E-03   1.8615481E+00  -9.8846155E-01   2.1077054E+00
   8.3212910E+00   1.9372314E-03   1.9547962E+00  -9.9471271E-01   2.1933274E+00
   8.3438234E+00  -2.9401682E-04   2.1642442E+00  -1.0053984E+00   2.3863735E+00
   8.3681173E+00   5.9015380E-04   2.1792638E+00  -1.0102863E+00   2.4020553E+00
   8.3902388E+00   1.1246386E-03   2.2507353E+00  -1.0172539E+00   2.4699426E+00
   8.4130030E+00   5.6271987E-05   2.3806078E+00  -1.0251426E+00   2.5919511E+00
   8.4352045E+00  -5.2558738E-03   2.5538356E+00  -1.0398368E+00   2.7574198E+00
   8.4583139E+00   4.9463846E-03   2.5661285E+00  -1.0422907E+00   2.7697310E+00
   8.4824009E+00   2.3949652E-03   2.6878903E+00  -1.0568672E+00   2.8882051E+00
   8.5038157E+00   3.4209746E-03   2.7551467E+00  -1.0590303E+00   2.9516759E+00
   8.5265875E+00   3.5804987E-03   2.8273563E+00  -1.0684843E+00   3.0225179E+00
   8.5491810E+00   2.6870223E-03   2.8850186E+00  -1.0700214E+00   3.0770578E+00
   8.5724964E+00   3.6416813E-03   2.9461043E+00  -1.0761673E+00   3.1365075E+00
   8.5963125E+00   1.6359554E-03   2.9907734E+00  -1.0844381E+00   3.1813102E+00
   8.6191511E+00  -2.5644649E-03   3.0302615E+00  -1.0944799E+00   3.2218595E+00
   8.6417694E+00   3.9197076E-03   3.0476866E+00  -1.1102732E+00   3.2436268E+00
   8.6639709E+00   7.5453022E-03   3.0276318E+00  -1.1208233E+00   3.2284448E+00
   8.6867046E+00  -1.9314176E-04   2.9771500E+00  -1.1318487E+00   3.1850438E+00
   8.7100992E+00  -4.1688344E-04   2.9067228E+00  -1.1426868E+00   3.1232629E+00
   8.7329216E+00   1.9804409E-03   2.8092935E+00  -1.1534431E+00   3.0368676E+00
   8.7545738E+00   2.4697622E-03   2.7224419E+00  -1.1639974E+00   2.9608421E+00
   8.7781687E+00   1.7808711E-03   2.5874648E+00  -1.1747394E+00   2.8416526E+00
   8.8006334E+00   1.5386518E-03   2.4072552E+00  -1.1855245E+00   2.6833463E+00
   8.8238859E+00   2.6690706E-03   2.1699915E+00  -1.1976476E+00   2.4785540E+00
   8.8470678E+00   4.3214401E-03   2.0516634E+00  -1.2064956E+00   2.3801203E+00
   8.8696756E+00   5.7884208E-03   1.8280846E+00  -1.2147071E+00   2.1948669E+00
   8.8909721E+00   5.3174086E-03   1.6303041E+00  -1.2233790E+00   2.0382776E+00
   8.9150829E+00   5.9672543E-03   1.2926780E+00  -1.2309591E+00   1.7850244E+00
   8.9369221E+00   6.5404228E-03   1.0758884E+00  -1.2370878E+00   1.6395015E+00
   8.9596252E+00   6.6605778E-03   8.3277494E-01  -1.2414870E+00   1.4949410E+00
   8.9829597E+00   4.8989477E-03   5.7457578E-01  -1.2460045E+00   1.3721110E+00
   9.0060549E+00   2.4230122E-03   2.6032862E-01  -1.2488447E+00   1.2756920E+00
   9.0292015E+00   1.8403275E-03   1.0437652E-02  -1.2503223E+00   1.2503673E+00
   9.0518341E+00  -3.5101618E-04  -2.6456246E-01  -1.2506399E+00   1.2783166E+00
   9.0748053E+00  -1.9816025E-03  -5.1714689E-01  -1.2494160E+00   1.3522148E+00
   9.0966921E+00  -3.9176131E-03  -7.4078357E-01  -1.2472736E+00   1.4506781E+00
   9.1204805E+00  -3.6114932E-03  -9.7797900E-01  -1.2436498E+00   1.5821254E+00
   9.1418400E+00  -4.3181591E-03  -1.1925843E+00  -1.2392924E+00   1.7199191E+00
   9.1663094E+00  -4.4822525E-03  -1.3768269E+00  -1.2335562E+00   1.8486030E+00
   9.1890230E+00  -3.0316932E-03  -1.5414499E+00  -1.2261676E+00   1.9696609E+00
   9.2124329E+00  -5.0325962E-03  -1.7235771E+00  -1.2192115E+00   2.1112130E+00
   9.2353497E+00  -4.1770097E-03  -1.8576041E+00  -1.2111572E+00   2.2175691E+00
   9.2572813E+00  -3.3762171E-03  -2.0207779E+00  -1.2005470E+00   2.3505037E+00
   9.2793331E+00  -5.6782570E-03  -2.1567390E+00  -1.1906776E+00   2.4635885E+00
   9.3012552E+00  -5.6497380E-03  -2.2329941E+00  -1.1811330E+00   2.5261374E+00
   9.3259907E+00  -4.7940742E-03  -2.3095212E+00  -1.1710390E+00   2.5894485E+00
   9.3487692E+00  -5.3799846E-03  -2.3778093E+00  -1.1589559E+00   2.6452193E+00
   9.3706236E+00  -5.0901365E-03  -2.4498723E+00  -1.1506147E+00   2.7066240E+00
   9.3936272E+00  -3.6868418E-03  -2.4977431E+00  -1.1404376E+00   2.7457845E+00
   9.4160805E+00  -4.5045177E-03  -2.5318604E+00  -1.1319736E+00   2.7733917E+00
   9.4397287E+00  -1.8739193E-03  -2.5629625E+00  -1.1239034E+00   2.7985601E+00
   9.4620476E+00  -1.6507249E-03  -2.5861757E+00  -1.1207508E+00   2.8185794E+00
   9.4847870E+00  -1.2302849E-02  -2.5875423E+00  -1.1106282E+00   2.8158519E+00
   9.5080299E+00   1.1970398E-03  -2.5831952E+00  -1.1042087E+00   2.8093016E+00
   9.5300007E+00  -1.0687283E-02  -2.5832598E+00  -1.0941156E+00   2.8054295E+00
   9.5531435E+00   1.2731495E-02  -2.5387917E+00  -1.0895090E+00   2.7627261E+00
   9.5753937E+00   1.2523852E-02  -2.4749053E+00  -1.0811315E+00   2.7007699E+00
   9.5982542E+00   1.2815324E-02  -2.4335635E+00  -1.0746734E+00   2.6603229E+00
   9.6209764E+00   5.1148301E-03  -2.3709540E+00  -1.0691637E+00   2.6008768E+00
   9.6438694E+00   4.6767653E-03  -2.2912412E+00  -1.0612600E+00   2.5250902E+00
   9.6665812E+00   3.5432950E-04  -2.2246058E+00  -1.0546570E+00   2.4619448E+00
   9.6901026E+00   5.1130233E-03  -2.1371694E+00  -1.0474976E+00   2.3800778E+00
   9.7123804E+00   6.2426543E-03  -2.0387893E+00  -1.0394228E+00   2.2884712E+00
   9.7351646E+00   6.6479235E-03  -1.9642688E+00  -1.0327560E+00   2.2192299E+00
   9.7581987E+00   5.2531222E-03  -1.8562757E+00  -1.0255290E+00   2.1207302E+00
   9.7808447E+00   4.4613266E-03  -1.7654874E+00  -1.0182743E+00   2.0380993E+00
   9.8034515E+00   6.1410931E-03  -1.6383492E+00  -1.0115275E+00   1.9254645E+00
   9.8277264E+00   8.2924906E-03  -1.5436705E+00  -1.0043983E+00   1.8416851E+00
   9.8500605E+00   1.0707200E-02  -1.4175382E+00  -9.9838215E-01   1.7338673E+00
   9.8727560E+00   8.5301166E-03  -1.3487461E+00  -9.9265587E-01   1.6746804E+00
   9.8958197E+00   9.5529947E-03  -1.2159083E+00  -9.8483092E-01   1.5647416E+00
   9.9174118E+00   9.3605667E-03  -1.1131901E+00  -9.7982937E-01   1.4830190E+00
   9.9411840E+00   7.1782493E-03  -9.8671460E-01  -9.7380590E-01   1.3863460E+00
   9.9630795E+00   7.7431975E-03  -8.9469701E-01  -9.6853840E-01   1.3185633E+00
   9.9855623E+00   6.7330017E-03  -7.7491510E-01  -9.6300733E-01   1.2360914E+00
   1.0008424E+01   5.9913732E-03  -6.6574407E-01  -9.5812321E-01   1.1667267E+00
   1.0032034E+01   6.6336719E-03  -5.5912745E-01  -9.5315921E-01   1.1050701E+00
   1.0053949E+01   6.2319250E-03  -4.9380130E-01  -9.4864500E-01   1.0694886E+00
   1.0078363E+01   6.4193220E-03  -3.0386409E-01  -9.4360340E-01   9.9134356E-01
   1.0101379E+01   5.4285983E-03  -2.6388407E-01  -9.4133312E-01   9.7763604E-01
   1.0122587E+01   5.7398155E-03  -1.7381255E-01  -9.3839532E-01   9.5437390E-01
   1.0146898E+01   4.9329088E-03  -3.3240113E-02  -9.3515456E-01   9.3575811E-01
   1.0169439E+01   4.1351179E-03   4.2553961E-02  -9.3300158E-01   9.3398064E-01
   1.0192656E+01   4.8516351E-03   1.3482429E-01  -9.3079233E-01   9.4051874E-01
   1.0213600E+01   2.9084242E-03   2.3646393E-01  -9.2954868E-01   9.5915818E-01
   1.0237424E+01   5.0250096E-03   3.6325455E-01  -9.2706537E-01   9.9570543E-01
   1.0258892E+01   2.8800119E-03   4.4700214E-01  -9.2650568E-01   1.0287040E+00
   1.0282808E+01   3.7216239E-03   5.1292163E-01  -9.2592335E-01   1.0585067E+00
   1.0305972E+01   2.3716604E-03   6.7283493E-01  -9.2616403E-01   1.1447673E+00
   1.0327181E+01   1.2692877E-03   7.0367050E-01  -9.2667657E-01   1.1635649E+00
   1.0351274E+01   1.2987551E-03   7.9293925E-01  -9.2717654E-01   1.2200043E+00
   1.0373642E+01   1.2001616E-03   8.4907347E-01  -9.2831123E-01   1.2580496E+00
   1.0396552E+01   1.0112640E-03   9.3733013E-01  -9.2987657E-01   1.3203254E+00
   1.0420032E+01   1.0378528E-03   1.0422543E+00  -9.3181998E-01   1.3980643E+00
   1.0440921E+01   1.5728114E-03   1.1041384E+00  -9.3391228E-01   1.4461384E+00
   1.0464987E+01   1.9246553E-03   1.1995845E+00  -9.3667632E-01   1.5219623E+00
   1.0489261E+01   2.3225692E-04   1.3071767E+00  -9.4093353E-01   1.6106107E+00
   1.0510628E+01   1.6350432E-03   1.3438385E+00  -9.4294989E-01   1.6416634E+00
   1.0532087E+01  -2.7840384E-04   1.4345317E+00  -9.4717312E-01   1.7190166E+00
   1.0556928E+01   1.9527966E-03   1.5258158E+00  -9.5127809E-01   1.7980678E+00
   1.0578540E+01   2.7046632E-03   1.5926666E+00  -9.5482230E-01   1.8569546E+00
   1.0602237E+01   1.3724909E-03   1.6744373E+00  -9.6015978E-01   1.9301940E+00
   1.0625158E+01   2.5015899E-03   1.7680022E+00  -9.6622854E-01   2.0148041E+00
   1.0647312E+01  -2.1788570E-04   1.8537551E+00  -9.7165233E-01   2.0929682E+00
   1.0671498E+01   2.0836007E-03   1.9707714E+00  -9.7903788E-01   2.2005589E+00
   1.0692358E+01   1.2450292E-03   2.0670393E+00  -9.8625278E-01   2.2902722E+00
   1.0717095E+01   1.9221960E-03   2.1769006E+00  -9.9589366E-01   2.3938890E+00
   1.0738166E+01   1.7056167E-03   2.2226143E+00  -1.0000348E+00   2.4372292E+00
   1.0760565E+01   1.8257243E-03   2.3273273E+00  -1.0088215E+00   2.5365679E+00
   1.0784305E+01  -8.0584241E-03   2.4467323E+00  -1.0200462E+00   2.6508598E+00
   1.0807360E+01  -1.0901460E-03   2.5052469E+00  -1.0257645E+00   2.7071121E+00
   1.0829812E+01   1.2411496E-03   2.5854993E+00  -1.0357550E+00   2.7852461E+00
   1.0851936E+01   3.9462033E-05   2.6538470E+00  -1.0445319E+00   2.8520081E+00
   1.0875896E+01  -2.3557288E-03   2.7158608E+00  -1.0525966E+00   2.9127073E+00
   1.0899033E+01   8.3611654E-03   2.7729497E+00  -1.0622281E+00   2.9694524E+00
   1.0921032E+01   4.0297229E-03   2.8122013E+00  -1.0698223E+00   3.0088222E+00
   1.0944547E+01  -1.2100514E-03   2.8508019E+00  -1.0754334E+00   3.0469050E+00
   1.0965954E+01   2.7170582E-03   2.8544502E+00  -1.0809420E+00   3.0522661E+00
   1.0989075E+01   3.3056503E-03   2.8464448E+00  -1.0906143E+00   3.0482287E+00
   1.1011842E+01   2.4968805E-03   2.8426588E+00  -1.1010816E+00   3.0484579E+00
   1.1035088E+01   5.4443870E-03   2.7175179E+00  -1.1173780E+00   2.9382761E+00
   1.1058200E+01   5.0486713E-03   2.7242792E+00  -1.1228646E+00   2.9466162E+00
   1.1081098E+01   5.8321133E-03   2.6234691E+00  -1.1322100E+00   2.8573632E+00
   1.1104248E+01   7.0593045E-03   2.5176890E+00  -1.1411271E+00   2.7642319E+00
   1.1127283E+01   7.0227273E-03   2.3050592E+00  -1.1517949E+00   2.5768156E+00
   1.1149925E+01   6.5312283E-03   2.1887608E+00  -1.1580338E+00   2.4762387E+00
   1.1172204E+01   4.7280975E-03   1.9912506E+00  -1.1664701E+00   2.3077595E+00
   1.1194755E+01   7.0362696E-03   1.8093644E+00  -1.1753724E+00   2.1576259E+00
   1.1218260E+01   5.6074271E-03   1.5634245E+00  -1.1829846E+00   1.9605561E+00
   1.1241244E+01   7.6848757E-03   1.2205199E+00  -1.1911570E+00   1.7054569E+00
   1.1262770E+01   7.0976196E-03   1.0137570E+00  -1.1966007E+00   1.5683134E+00
   1.1286815E+01   8.8987080E-03   7.7929211E-01  -1.2019020E+00   1.4324608E+00
   1.1309100E+01   8.4340330E-03   5.7906961E-01  -1.2055750E+00   1.3374617E+00
   1.1330810E+01   6.4276159E-03   3.1788364E-01  -1.2085893E+00   1.2497118E+00
   1.1353528E+01   5.4160156E-03   1.8983170E-02  -1.2100922E+00   1.2102532E+00
   1.1377400E+01   3.8454924E-03  -2.4691267E-01  -1.2105570E+00   1.2354873E+00
   1.1400071E+01   2.2883501E-03  -5.2341735E-01  -1.2096785E+00   1.3180642E+00
   1.1423141E+01  -1.7001190E-03  -7.7519977E-01  -1.2082514E+00   1.4355519E+00
   1.1444781E+01  -4.0877089E-03  -1.0392569E+00  -1.2048630E+00   1.5911525E+00
   1.1468863E+01  -5.5438280E-03  -1.2661479E+00  -1.2001883E+00   1.7445954E+00
   1.1491159E+01  -7.7195088E-03  -1.4801637E+00  -1.1939656E+00   1.9017092E+00
   1.1514579E+01  -4.9255434E-03  -1.6567774E+00  -1.1881690E+00   2.0387940E+00
   1.1535880E+01  -3.0238174E-03  -1.8386824E+00  -1.1794699E+00   2.1844707E+00
   1.1559868E+01  -2.6553667E-03  -1.9716109E+00  -1.1702092E+00   2.2927377E+00
   1.1582768E+01  -2.8810857E-04  -2.1474268E+00  -1.1609397E+00   2.4411519E+00
   1.1605434E+01   2.2841117E-04  -2.2517114E+00  -1.1512561E+00   2.5289514E+00
   1.1627965E+01   1.8402872E-03  -2.3468606E+00  -1.1412216E+00   2.6096256E+00
   1.1650986E+01  -6.8142120E-04  -2.4419844E+00  -1.1331952E+00   2.6921031E+00
   1.1674204E+01  -3.2227347E-03  -2.5231464E+00  -1.1202893E+00   2.7606750E+00
   1.1696324E+01  -7.5877658E-03  -2.5680444E+00  -1.1144611E+00   2.7994523E+00
   1.1719110E+01  -5.1598698E-03  -2.6078641E+00  -1.1045941E+00   2.8321564E+00
   1.1741663E+01   6.6212732E-03  -2.6781700E+00  -1.0942279E+00   2.8930905E+00
   1.1765066E+01  -5.4673352E-03  -2.6603889E+00  -1.0824219E+00   2.8721659E+00
   1.1787876E+01  -2.6658468E-02  -2.6653211E+00  -1.0694276E+00   2.8719893E+00
   1.1810565E+01   1.4286945E-02  -2.6576240E+00  -1.0617630E+00   2.8619068E+00
   1.1833748E+01  -3.8960020E-03  -2.6361644E+00  -1.0510890E+00   2.8379865E+00
   1.1856056E+01   7.6856958E-03  -2.5850041E+00  -1.0416713E+00   2.7870028E+00
   1.1878508E+01   2.7000511E-03  -2.5393472E+00  -1.0306100E+00   2.7405195E+00
   1.1901813E+01   7.1939826E-03  -2.4675901E+00  -1.0209110E+00   2.6704516E+00
   1.1923972E+01  -8.3336112E-04  -2.3477504E+00  -1.0080483E+00   2.5550134E+00
   1.1947352E+01   6.0870531E-03  -2.3025508E+00  -1.0038414E+00   2.5118668E+00
   1.1970741E+01   8.9553930E-03  -2.2219145E+00  -9.9380177E-01   2.4340556E+00
   1.1993146E+01   6.9509810E-03  -2.0885451E+00  -9.8653686E-01   2.3098321E+00
   1.2016330E+01   6.2875133E-03  -1.9635257E+00  -9.7596174E-01   2.1927092E+00
   1.2038888E+01   7.5292923E-03  -1.8425623E+00  -9.6859968E-01   2.0816526E+00
   1.2060219E+01   6.0456297E-03  -1.7246306E+00  -9.6160108E-01   1.9746047E+00
   1.2084065E+01   5.7882322E-03  -1.5667434E+00  -9.5322216E-01   1.8339441E+00
   1.2107606E+01   3.5471844E-03  -1.4280894E+00  -9.4523555E-01   1.7125777E+00
   1.2128809E+01   5.2408585E-03  -1.2888759E+00  -9.3857664E-01   1.5944136E+00
   1.2152500E+01   3.9333291E-03  -1.1412047E+00  -9.2974013E-01   1.4719988E+00
   1.2176154E+01   5.4914956E-03  -1.0226227E+00  -9.2473829E-01   1.3787415E+00
   1.2197773E+01   3.6837035E-03  -8.6269397E-01  -9.1732466E-01   1.2592613E+00
   1.2220044E+01   5.3349179E-03  -7.4781489E-01  -9.1391194E-01   1.1808856E+00
   1.2243904E+01   7.0200083E-03  -6.1491364E-01  -9.0779763E-01   1.0964782E+00
   1.2267380E+01   8.8151284E-03  -4.7983223E-01  -9.0331334E-01   1.0228840E+00
   1.2288877E+01   6.6262628E-03  -3.6080584E-01  -9.0010893E-01   9.6975297E-01
   1.2312304E+01   6.6258023E-03  -2.2638665E-01  -8.9541668E-01   9.2361563E-01
   1.2335796E+01   5.1116287E-03  -1.1380565E-01  -8.9171833E-01   8.9896578E-01
   1.2358690E+01   2.9710839E-03  -9.3998425E-03  -8.8762975E-01   8.8768446E-01
   1.2380999E+01   2.5097854E-03   8.4084369E-02  -8.8472784E-01   8.8871807E-01
   1.2403624E+01   2.2449091E-03   1.8805961E-01  -8.8285238E-01   9.0266258E-01
   1.2425947E+01   3.1944653E-03   2.6842761E-01  -8.7973648E-01   9.1978252E-01
   1.2448782E+01   5.3826869E-03   3.6528778E-01  -8.8040739E-01   9.5319527E-01
   1.2472545E+01   3.0671023E-03   4.2185009E-01  -8.7791258E-01   9.7401094E-01
   1.2493960E+01   3.3626538E-03   4.8798862E-01  -8.7719607E-01   1.0038013E+00
   1.2516258E+01   3.1815406E-03   5.5641001E-01  -8.7680262E-01   1.0384532E+00
   1.2538793E+01   3.2622549E-03   6.2060976E-01  -8.7642545E-01   1.0739127E+00
   1.2563392E+01   2.3181380E-03   6.9456065E-01  -8.7667841E-01   1.1184744E+00
   1.2585006E+01   4.9186370E-04   7.4573129E-01  -8.7591124E-01   1.1503634E+00
   1.2608212E+01   1.1263854E-03   8.0349797E-01  -8.7854737E-01   1.1905695E+00
   1.2631575E+01  -4.7571008E-05   8.5152537E-01  -8.8031632E-01   1.2247663E+00
   1.2653264E+01  -1.7538352E-04   8.9790469E-01  -8.8162482E-01   1.2583700E+00
   1.2677829E+01  -7.2431302E-04   9.5280224E-01  -8.8345343E-01   1.2993547E+00
   1.2699738E+01   1.0970524E-03   9.8242658E-01  -8.8562143E-01   1.3226823E+00
   1.2723886E+01  -1.2185759E-03   1.0870107E+00  -8.8883030E-01   1.4041414E+00
   1.2745554E+01  -1.1483701E-03   1.1054337E+00  -8.9097768E-01   1.4197979E+00
   1.2767709E+01  -6.6130143E-04   1.1637976E+00  -8.9383465E-01   1.4674351E+00
   1.2789490E+01  -4.6479536E-04   1.2076178E+00  -8.9664429E-01   1.5040984E+00
   1.2814590E+01  -1.0154761E-03   1.3051605E+00  -9.0084505E-01   1.5858647E+00
   1.2836734E+01  -3.0779454E-05   1.3705322E+00  -9.0433663E-01   1.6420058E+00
   1.2858136E+01   7.3979434E-04   1.4437990E+00  -9.0804338E-01   1.7056081E+00
   1.2881917E+01   1.0109380E-03   1.5414611E+00  -9.1300410E-01   1.7915579E+00
   1.2906251E+01   1.3262222E-03   1.6532278E+00  -9.1940963E-01   1.8916866E+00
   1.2926806E+01   2.3477119E-03   1.7130845E+00  -9.2278522E-01   1.9458151E+00
   1.2949123E+01   2.4351366E-03   1.7911052E+00  -9.2760330E-01   2.0170553E+00
   1.2972729E+01   2.4032327E-03   1.8838812E+00  -9.3376887E-01   2.1026027E+00
   1.2995057E+01  -2.6278514E-03   2.0507832E+00  -9.4390994E-01   2.2575839E+00
   1.3018660E+01   1.6813122E-03   2.1276772E+00  -9.5019168E-01   2.3302097E+00
   1.3041261E+01   3.6945385E-03   2.2056239E+00  -9.5689988E-01   2.4042563E+00
   1.3065234E+01  -8.2572334E-04   2.3404267E+00  -9.6618766E-01   2.5320182E+00
   1.3086408E+01  -5.2596949E-04   2.4724896E+00  -9.7603363E-01   2.6581662E+00
   1.3109193E+01  -2.5677922E-05   2.5665312E+00  -9.8698843E-01   2.7497687E+00
   1.3133592E+01  -2.7580652E-04   2.6704485E+00  -9.9811941E-01   2.8508837E+00
   1.3155678E+01  -2.1994538E-03   2.7516117E+00  -1.0096123E+00   2.9309878E+00
   1.3177694E+01  -7.0029940E-04   2.8306479E+00  -1.0193878E+00   3.0086076E+00
   1.3201476E+01   3.0626240E-04   2.9006033E+00  -1.0309066E+00   3.0783548E+00
   1.3224937E+01   1.1596796E-03   2.9434111E+00  -1.0416778E+00   3.1223009E+00
   1.3246052E+01   2.7169504E-03   2.9638684E+00  -1.0524071E+00   3.1451683E+00
   1.3268742E+01  -7.0686551E-04   2.9824295E+00  -1.0597469E+00   3.1651146E+00
   1.3292213E+01   9.1717532E-04   2.9275129E+00  -1.0720465E+00   3.1176300E+00
   1.3314320E+01  -1.9305096E-03   2.8775032E+00  -1.0797577E+00   3.0734191E+00
   1.3338217E+01   5.1401285E-03   2.8087909E+00  -1.0878143E+00   3.0120878E+00
   1.3360487E+01   7.1643246E-03   2.7085762E+00  -1.0967915E+00   2.9222231E+00
   1.3382955E+01   7.5924536E-03   2.5993152E+00  -1.1060456E+00   2.8248601E+00
   1.3405893E+01   6.1396230E-03   2.4633195E+00  -1.1119449E+00   2.7026658E+00
   1.3429108E+01   6.4877849E-03   2.2549088E+00  -1.1200513E+00   2.5177710E+00
   1.3451341E+01   9.4539979E-03   1.9930670E+00  -1.1266402E+00   2.2894812E+00
   1.3474646E+01   7.9923132E-03   1.8107342E+00  -1.1325246E+00   2.1357515E+00
   1.3497471E+01   6.9992235E-03   1.6064132E+00  -1.1348073E+00   1.9668249E+00
   1.3521290E+01   6.9439099E-03   1.2971376E+00  -1.1374723E+00   1.7252413E+00
   1.3543422E+01   5.3288694E-03   1.0593227E+00  -1.1415199E+00   1.5573249E+00
   1.3566634E+01   4.1831811E-03   7.9450709E-01  -1.1433841E+00   1.3923312E+00
   1.3588477E+01   2.1850022E-03   5.2700055E-01  -1.1463602E+00   1.2616956E+00
   1.3612122E+01   5.5196718E-03   2.8705806E-01  -1.1488229E+00   1.1841565E+00
   1.3634549E+01   5.4631331E-03   2.9083565E-02  -1.1501341E+00   1.1505147E+00
   1.3657034E+01   4.7001722E-03  -2.0785290E-01  -1.1491424E+00   1.1677984E+00
   1.3680496E+01   5.0193532E-03  -4.8600909E-01  -1.1475264E+00   1.2462130E+00
   1.3703458E+01   3.6300884E-03  -6.9469142E-01  -1.1446222E+00   1.3389434E+00
   1.3726213E+01   2.3460258E-03  -9.4289178E-01  -1.1399524E+00   1.4793721E+00
   1.3748176E+01   5.7136855E-04  -1.1240629E+00  -1.1378227E+00   1.5994244E+00
   1.3771691E+01  -2.0455066E-03  -1.3247881E+00  -1.1333551E+00   1.7434338E+00
   1.3793818E+01  -1.4353283E-03  -1.5111041E+00  -1.1292164E+00   1.8864166E+00
   1.3816783E+01  -1.7980238E-03  -1.7141465E+00  -1.1240394E+00   2.0498209E+00
   1.3839620E+01  -3.3845177E-03  -1.8713218E+00  -1.1171683E+00   2.1794314E+00
   1.3862257E+01  -4.3680887E-03  -2.0145590E+00  -1.1100011E+00   2.3001239E+00
   1.3884802E+01  -4.1463566E-03  -2.1581392E+00  -1.1035658E+00   2.4239306E+00
   1.3907847E+01  -5.0405548E-03  -2.2879560E+00  -1.0979060E+00   2.5377481E+00
   1.3930684E+01  -2.3431883E-03  -2.4121971E+00  -1.0877359E+00   2.6461046E+00
   1.3953542E+01  -5.3993571E-03  -2.4932823E+00  -1.0794033E+00   2.7169094E+00
   1.3976441E+01  -4.8272340E-03  -2.5951347E+00  -1.0653142E+00   2.8052881E+00
   1.3999469E+01  -1.9926741E-03  -2.6658325E+00  -1.0540659E+00   2.8666570E+00
   1.4022176E+01  -5.3308895E-03  -2.7234764E+00  -1.0416684E+00   2.9158919E+00
   1.4045201E+01  -2.8873101E-04  -2.7752678E+00  -1.0294847E+00   2.9600592E+00
   1.4068068E+01   1.2022960E-03  -2.8107524E+00  -1.0167536E+00   2.9889996E+00
   1.4090103E+01  -7.5981479E-05  -2.8370512E+00  -1.0034139E+00   3.0092688E+00
   1.4113036E+01   2.2520089E-04  -2.8537519E+00  -9.9168134E-01   3.0211475E+00
   1.4135137E+01  -3.4459196E-03  -2.8423998E+00  -9.7981393E-01   3.0065403E+00
   1.4158506E+01  -1.1432364E-03  -2.8103313E+00  -9.6865135E-01   2.9725828E+00
   1.4180853E+01   1.8199257E-03  -2.7823355E+00  -9.6112663E-01   2.9436641E+00
   1.4204146E+01   2.7544807E-05  -2.7109933E+00  -9.5188564E-01   2.8732507E+00
   1.4227581E+01   3.6272986E-03  -2.6400726E+00  -9.4564450E-01   2.8043251E+00
   1.4249432E+01   7.1487906E-03  -2.5709255E+00  -9.3868440E-01   2.7369394E+00
   1.4273028E+01   6.4957300E-03  -2.4541757E+00  -9.3212014E-01   2.6252370E+00
   1.4295211E+01   6.0837213E-03  -2.3329039E+00  -9.2686677E-01   2.5102909E+00
   1.4318342E+01   8.2511511E-03  -2.2110085E+00  -9.2014021E-01   2.3948455E+00
   1.4340495E+01   9.1787335E-03  -2.0812676E+00  -9.1479266E-01   2.2734566E+00
   1.4364400E+01   8.1833899E-03  -1.9122951E+00  -9.0878588E-01   2.1172698E+00
   1.4385972E+01   9.4258757E-03  -1.7710552E+00  -9.0303862E-01   1.9880152E+00
   1.4409282E+01   9.3119908E-03  -1.6132410E+00  -8.9787453E-01   1.8462967E+00
   1.4432631E+01   8.3409455E-03  -1.4427292E+00  -8.9284015E-01   1.6966734E+00
   1.4454326E+01   8.3003780E-03  -1.3081695E+00  -8.8818389E-01   1.5812169E+00
   1.4478421E+01   7.1647381E-03  -1.1332530E+00  -8.8385743E-01   1.4371909E+00
   1.4500412E+01   4.8932503E-03  -9.8948079E-01  -8.8006020E-01   1.3242364E+00
   1.4524391E+01   5.5510844E-03  -8.4343642E-01  -8.7622702E-01   1.2162194E+00
   1.4545764E+01   4.1743079E-03  -6.9995391E-01  -8.7344706E-01   1.1193135E+00
   1.4569779E+01   4.1493527E-03  -5.6523550E-01  -8.7065655E-01   1.0380516E+00
   1.4592475E+01   5.2883904E-03  -4.2282397E-01  -8.6797184E-01   9.6549630E-01
   1.4614018E+01   4.4616801E-03  -3.1810781E-01  -8.6558187E-01   9.2219549E-01
   1.4638117E+01   4.1559641E-03  -2.1096061E-01  -8.6265284E-01   8.8808310E-01
   1.4660891E+01   3.7350371E-03  -9.0248339E-02  -8.5993910E-01   8.6466986E-01
   1.4683212E+01   3.5262362E-03   5.0072949E-03  -8.5727793E-01   8.5729980E-01
   1.4705214E+01   2.4380998E-03   9.2668213E-02  -8.5518527E-01   8.6019486E-01
   1.4728339E+01   1.6034485E-03   2.0195433E-01  -8.5354459E-01   8.7711263E-01
   1.4752192E+01  -3.3794830E-04   2.8517413E-01  -8.5248798E-01   8.9892167E-01
   1.4773410E+01  -4.2154608E-04   3.4631321E-01  -8.5114217E-01   9.1889930E-01
   1.4796860E+01  -2.5156750E-03   4.7048751E-01  -8.4990823E-01   9.7144675E-01
   1.4819480E+01   2.4281467E-04   5.3416514E-01  -8.4821892E-01   1.0024010E+00
   1.4843999E+01   2.3363810E-04   5.8490944E-01  -8.4769267E-01   1.0299039E+00
   1.4865386E+01   1.0250732E-03   6.4470595E-01  -8.4719151E-01   1.0646033E+00
   1.4888989E+01   7.2805205E-04   7.3286301E-01  -8.4707266E-01   1.1200986E+00
   1.4910623E+01   2.2308517E-03   7.9056901E-01  -8.4720576E-01   1.1587760E+00
   1.4934739E+01   3.5069522E-03   8.4969139E-01  -8.4726864E-01   1.1999383E+00
   1.4956309E+01   1.0370956E-03   9.4872099E-01  -8.4867758E-01   1.2729204E+00
   1.4978823E+01   4.2453087E-03   1.0109187E+00  -8.4773290E-01   1.3193277E+00
   1.5000842E+01   1.9894531E-03   1.0491233E+00  -8.4942597E-01   1.3498845E+00
   1.5023729E+01   2.2764844E-03   1.1214370E+00  -8.5079676E-01   1.4076509E+00
   1.5046913E+01   2.3957631E-03   1.1791775E+00  -8.5120368E-01   1.4543085E+00
   1.5070362E+01   2.3677035E-03   1.2173851E+00  -8.5275996E-01   1.4863484E+00
   1.5093611E+01   3.5022263E-04   1.3274561E+00  -8.5634810E-01   1.5797063E+00
   1.5116539E+01   1.4951084E-03   1.4180297E+00  -8.5980296E-01   1.6583339E+00
   1.5140204E+01   1.7146760E-03   1.4111195E+00  -8.6052495E-01   1.6528050E+00
   1.5163451E+01   1.6890620E-03   1.5205498E+00  -8.6535805E-01   1.7495482E+00
   1.5184858E+01   9.0365636E-04   1.5817890E+00  -8.6793232E-01   1.8042628E+00
   1.5208364E+01  -4.7519658E-04   1.6902275E+00  -8.7342268E-01   1.9025605E+00
   1.5230807E+01   1.7136686E-03   1.7320083E+00  -8.7685752E-01   1.9413230E+00
   1.5252247E+01   1.4428766E-03   1.8113633E+00  -8.8191599E-01   2.0146501E+00
   1.5275421E+01  -1.0305115E-03   1.9117615E+00  -8.8824666E-01   2.1080358E+00
   1.5297808E+01   7.0706490E-05   2.0489602E+00  -8.9691627E-01   2.2366710E+00
   1.5321735E+01  -2.0273548E-04   2.1260712E+00  -9.0423763E-01   2.3103733E+00
   1.5344493E+01   6.7297406E-05   2.2328684E+00  -9.1244918E-01   2.4121082E+00
   1.5366302E+01  -1.1943842E-03   2.3372993E+00  -9.2081898E-01   2.5121460E+00
   1.5389488E+01  -2.6771673E-03   2.4364974E+00  -9.2964631E-01   2.6078286E+00
   1.5412059E+01  -2.3489895E-03   2.5507798E+00  -9.3831193E-01   2.7178874E+00
   1.5436187E+01  -4.8495957E-04   2.6492121E+00  -9.5119953E-01   2.8148012E+00
   1.5458053E+01  -1.7120027E-04   2.7285357E+00  -9.6116054E-01   2.8928769E+00
   1.5481730E+01   3.4170754E-03   2.8176413E+00  -9.7648633E-01   2.9820528E+00
   1.5503753E+01   2.3044831E-04   2.8716664E+00  -9.8659050E-01   3.0364170E+00
   1.5526624E+01   9.2418835E-04   2.9006670E+00  -1.0006247E+00   3.0684068E+00
   1.5549076E+01  -9.6808892E-04   2.9039543E+00  -1.0136112E+00   3.0757697E+00
   1.5573123E+01   4.5524416E-03   2.8950682E+00  -1.0260696E+00   3.0715239E+00
   1.5595211E+01  -5.0414907E-04   2.8587923E+00  -1.0370010E+00   3.0410631E+00
   1.5617356E+01   1.5565463E-03   2.7781527E+00  -1.0494576E+00   2.9697635E+00
   1.5640440E+01   2.0237404E-03   2.6836922E+00  -1.0631114E+00   2.8865921E+00
   1.5662666E+01   3.0971586E-03   2.5323057E+00  -1.0710919E+00   2.7495127E+00
   1.5687217E+01   7.4058045E-03   2.3674271E+00  -1.0801314E+00   2.6022010E+00
   1.5709625E+01   6.8435934E-03   2.2001615E+00  -1.0863218E+00   2.4537425E+00
   1.5731944E+01   8.9929402E-03   2.0261681E+00  -1.0950503E+00   2.3031662E+00
   1.5755287E+01   8.2170041E-03   1.7224017E+00  -1.0976075E+00   2.0424194E+00
   1.5777211E+01   3.8618068E-03   1.5172759E+00  -1.1040404E+00   1.8764451E+00
   1.5800147E+01   1.1544768E-02   1.2828251E+00  -1.1068721E+00   1.6943847E+00
   1.5822594E+01   8.2898336E-03   1.0446782E+00  -1.1093482E+00   1.5238355E+00
   1.5846079E+01   8.5306410E-03   7.1661925E-01  -1.1121615E+00   1.3230718E+00
   1.5868869E+01   2.1269988E-02   2.4868985E-01  -1.1186388E+00   1.1461464E+00
   1.5891655E+01   1.3094587E-02   2.7356818E-01  -1.1137447E+00   1.1469256E+00
   1.5914689E+01   9.6599609E-03   4.8366703E-02  -1.1117159E+00   1.1128095E+00
   1.5937782E+01   6.8701045E-03  -2.6047254E-01  -1.1116061E+00   1.1417360E+00
   1.5959993E+01   9.0256482E-03  -4.3143800E-01  -1.1121351E+00   1.1929227E+00
   1.5983320E+01   5.2216104E-03  -6.4245927E-01  -1.1111262E+00   1.2835040E+00
   1.6005121E+01   3.2895340E-03  -8.6004251E-01  -1.1107267E+00   1.4047768E+00
   1.6028404E+01  -4.6252695E-04  -1.0713972E+00  -1.1089677E+00   1.5419797E+00
   1.6051550E+01  -1.2676137E-03  -1.2780759E+00  -1.1022612E+00   1.6877379E+00
   1.6073711E+01   2.8164389E-03  -1.4576739E+00  -1.0962677E+00   1.8239036E+00
   1.6097012E+01  -6.8403217E-03  -1.6913451E+00  -1.0963185E+00   2.0155914E+00
   1.6119844E+01  -8.5304892E-03  -1.8111454E+00  -1.0875325E+00   2.1125925E+00
   1.6142813E+01  -4.5221634E-03  -1.9704285E+00  -1.0787858E+00   2.2464166E+00
   1.6164797E+01  -8.7143229E-03  -2.1060157E+00  -1.0713240E+00   2.3628612E+00
   1.6187542E+01  -8.8726599E-03  -2.2520423E+00  -1.0626482E+00   2.4901795E+00
   1.6210861E+01  -1.0628676E-02  -2.3680558E+00  -1.0507436E+00   2.5907264E+00
   1.6233362E+01  -9.5853638E-03  -2.4540682E+00  -1.0423867E+00   2.6662920E+00
   1.6256817E+01  -7.4556675E-03  -2.5781801E+00  -1.0279086E+00   2.7755475E+00
   1.6279749E+01  -4.2915707E-03  -2.6516566E+00  -1.0139169E+00   2.8388956E+00
   1.6301588E+01  -3.3230286E-03  -2.7067993E+00  -1.0000942E+00   2.8856475E+00
   1.6324766E+01  -1.7741056E-03  -2.7608654E+00  -9.8617995E-01   2.9317114E+00
   1.6347239E+01  -6.2649115E-04  -2.8022642E+00  -9.7227168E-01   2.9661419E+00
   1.6370375E+01   2.9238561E-04  -2.8261061E+00  -9.5780486E-01   2.9840016E+00
   1.6393587E+01   3.1421133E-03  -2.8462563E+00  -9.4526362E-01   2.9991179E+00
   1.6415430E+01   9.3140861E-04  -2.8308427E+00  -9.3296099E-01   2.9806187E+00
   1.6439423E+01   7.1211811E-03  -2.8285825E+00  -9.2310357E-01   2.9754076E+00
   1.6460745E+01   8.8171400E-03  -2.7888455E+00  -9.1506064E-01   2.9351444E+00
   1.6484894E+01   1.4976076E-02  -2.7399883E+00  -9.0653282E-01   2.8860981E+00
   1.6506876E+01   9.9157942E-03  -2.6853497E+00  -9.0069824E-01   2.8323946E+00
   1.6530466E+01   1.7048663E-02  -2.6061077E+00  -8.9472795E-01   2.7554719E+00
   1.6553432E+01   1.5390229E-02  -2.5139992E+00  -8.8900810E-01   2.6666017E+00
   1.6575859E+01   1.2447822E-02  -2.4052572E+00  -8.8370937E-01   2.5624909E+00
   1.6597670E+01   1.4187410E-02  -2.2932515E+00  -8.7828267E-01   2.4557247E+00
   1.6620398E+01   1.3896134E-02  -2.1780000E+00  -8.7333512E-01   2.3466127E+00
   1.6644005E+01   1.3002403E-02  -2.0474112E+00  -8.6736554E-01   2.2235970E+00
   1.6666964E+01   1.0510854E-02  -1.9092015E+00  -8.6224824E-01   2.0949063E+00
   1.6689192E+01   5.7456782E-03  -1.7752712E+00  -8.5755551E-01   1.9715532E+00
   1.6712587E+01   8.0609638E-03  -1.6469766E+00  -8.5432297E-01   1.8553879E+00
   1.6734486E+01   4.9709259E-03  -1.4849780E+00  -8.5059673E-01   1.7113442E+00
   1.6757181E+01   7.9232426E-03  -1.3730046E+00  -8.4835488E-01   1.6139734E+00
   1.6781036E+01   5.3440565E-03  -1.2254900E+00  -8.4547603E-01   1.4888532E+00
   1.6803486E+01   3.4275949E-03  -1.0775784E+00  -8.4155548E-01   1.3672611E+00
   1.6826305E+01   3.0297262E-03  -9.4396126E-01  -8.3932889E-01   1.2631488E+00
   1.6849234E+01  -2.5287257E-03  -7.9969490E-01  -8.3401769E-01   1.1554669E+00
   1.6871761E+01  -3.3564782E-03  -6.7445564E-01  -8.3120072E-01   1.0704188E+00
   1.6894747E+01  -1.9429001E-03  -5.3590184E-01  -8.3059752E-01   9.8847699E-01
   1.6917246E+01  -5.7281432E-05  -4.4310215E-01  -8.2799184E-01   9.3910062E-01
   1.6940969E+01   4.3137577E-05  -3.1181347E-01  -8.2505339E-01   8.8200951E-01
   1.6963861E+01   3.7915818E-03  -1.9106473E-01  -8.2318968E-01   8.4508067E-01
   1.6985859E+01   3.8410551E-03  -9.2483282E-02  -8.2052392E-01   8.2572842E-01
   1.7008833E+01   3.5982539E-03   2.0235946E-02  -8.1940883E-01   8.1966656E-01
   1.7031992E+01   4.1311327E-03   1.0213896E-01  -8.1838578E-01   8.2474524E-01
   1.7054718E+01   4.3514282E-03   2.0272818E-01  -8.1696278E-01   8.4175164E-01
   1.7076555E+01   3.4412455E-03   2.9935566E-01  -8.1577080E-01   8.6896932E-01
   1.7099525E+01   4.2721666E-03   4.0145028E-01  -8.1471539E-01   9.0826303E-01
   1.7123009E+01   5.1103709E-03   4.7661427E-01  -8.1407022E-01   9.4334382E-01
   1.7145714E+01   4.5616096E-03   5.5886775E-01  -8.1333232E-01   9.8684520E-01
   1.7168566E+01   5.9785638E-03   6.3058639E-01  -8.1302279E-01   1.0289222E+00
   1.7191696E+01   7.2410195E-03   7.1263409E-01  -8.1309974E-01   1.0812174E+00
   1.7213190E+01   7.1495464E-03   7.8986233E-01  -8.1277490E-01   1.1333740E+00
   1.7236261E+01   8.2411747E-03   8.5645348E-01  -8.1328952E-01   1.1811098E+00
   1.7259354E+01   6.5705469E-03   9.2168754E-01  -8.1374043E-01   1.2295221E+00
   1.7282236E+01   7.2431481E-03   9.8683906E-01  -8.1399190E-01   1.2792524E+00
   1.7305500E+01   8.4778639E-03   1.0581688E+00  -8.1477559E-01   1.3355345E+00
   1.7327715E+01   4.1607348E-03   1.1110975E+00  -8.1654280E-01   1.3788753E+00
   1.7351261E+01   6.2559354E-03   1.1994888E+00  -8.1764168E-01   1.4516716E+00
   1.7374111E+01   6.0584643E-03   1.2254976E+00  -8.1812876E-01   1.4735045E+00
   1.7396460E+01   2.7654209E-04   1.3216791E+00  -8.2014829E-01   1.5554674E+00
   1.7419355E+01   2.4479521E-03   1.3821734E+00  -8.2050604E-01   1.6073704E+00
   1.7441294E+01   3.0445044E-03   1.4976817E+00  -8.2448494E-01   1.7096301E+00
   1.7464710E+01  -1.4598715E-03   1.5334200E+00  -8.2339245E-01   1.7405039E+00
   1.7487282E+01  -8.8918512E-04   1.6131787E+00  -8.2509410E-01   1.8119400E+00
   1.7509716E+01  -2.3915204E-03   1.6897702E+00  -8.2426357E-01   1.8800902E+00
   1.7533976E+01  -4.4767950E-03   1.8023235E+00  -8.2612187E-01   1.9826415E+00
   1.7557177E+01  -3.2026633E-03   1.9144098E+00  -8.2934988E-01   2.0863357E+00
   1.7579330E+01  -3.2679129E-03   2.0096662E+00  -8.3181870E-01   2.1750152E+00
   1.7600504E+01  -4.9388083E-03   2.1166890E+00  -8.3640867E-01   2.2759562E+00
   1.7625315E+01  -3.8059577E-03   2.2743585E+00  -8.4570479E-01   2.4265072E+00
   1.7646904E+01  -2.8078111E-03   2.3702002E+00  -8.5102707E-01   2.5183535E+00
   1.7670662E+01  -2.3548501E-03   2.4647100E+00  -8.5860091E-01   2.6099801E+00
   1.7693041E+01  -2.1706049E-03   2.5759897E+00  -8.6475796E-01   2.7172658E+00
   1.7715944E+01  -3.6068405E-03   2.6878631E+00  -8.7423921E-01   2.8264670E+00
   1.7738329E+01  -3.0059891E-03   2.7844412E+00  -8.8374794E-01   2.9213238E+00
   1.7760424E+01  -3.8978164E-03   2.8771739E+00  -8.9435488E-01   3.0129745E+00
   1.7784283E+01  -7.0428400E-04   2.9431174E+00  -9.0806198E-01   3.0800190E+00
   1.7807556E+01  -2.4963466E-03   2.9953070E+00  -9.2227006E-01   3.1340792E+00
   1.7829456E+01  -8.4466411E-04   3.0041616E+00  -9.3319267E-01   3.1457648E+00
   1.7852823E+01   1.5275781E-03   2.9808478E+00  -9.5304215E-01   3.1294961E+00
   1.7875463E+01   8.5994741E-03   2.9636495E+00  -9.6339399E-01   3.1163154E+00
   1.7897699E+01   5.8643501E-03   2.8566389E+00  -9.7992241E-01   3.0200443E+00
   1.7920874E+01   7.9041841E-03   2.7365487E+00  -9.9680388E-01   2.9124525E+00
   1.7944347E+01   1.0674153E-02   2.6454644E+00  -1.0063640E+00   2.8304353E+00
   1.7965591E+01   9.9437339E-03   2.4909801E+00  -1.0177786E+00   2.6909020E+00
   1.7988722E+01   1.2878113E-02   2.3381693E+00  -1.0267537E+00   2.5537081E+00
   1.8011614E+01   1.1441974E-02   2.1150639E+00  -1.0370914E+00   2.3556707E+00
   1.8034727E+01   1.1490106E-02   1.9148877E+00  -1.0453932E+00   2.1816905E+00
   1.8057989E+01   1.0497676E-02   1.7192122E+00  -1.0506686E+00   2.0148711E+00
   1.8080862E+01   9.2709782E-03   1.4588040E+00  -1.0586170E+00   1.8024608E+00
   1.8103134E+01   7.8702252E-03   1.2073793E+00  -1.0622333E+00   1.6081562E+00
   1.8126143E+01   8.9687901E-03   9.6634305E-01  -1.0657445E+00   1.4386489E+00
   1.8148176E+01   7.7720797E-03   7.4542731E-01  -1.0689253E+00   1.3031974E+00
   1.8172318E+01   4.9885199E-03   4.8523089E-01  -1.0707594E+00   1.1755848E+00
   1.8193995E+01   3.7244845E-03   2.6097155E-01  -1.0723128E+00   1.1036190E+00
   1.8217512E+01   2.0601298E-03   4.9985763E-02  -1.0727193E+00   1.0738852E+00
   1.8240011E+01  -3.3205858E-04  -1.7767978E-01  -1.0723488E+00   1.0869693E+00
   1.8262201E+01  -3.2925049E-03  -3.8529345E-01  -1.0713738E+00   1.1385533E+00
   1.8285337E+01  -2.8607273E-03  -6.4297169E-01  -1.0690336E+00   1.2474990E+00
   1.8308262E+01  -4.0978179E-03  -8.5642934E-01  -1.0665445E+00   1.3678470E+00
   1.8331343E+01  -5.0748140E-03  -1.0546306E+00  -1.0630509E+00   1.4974474E+00
   1.8354092E+01  -5.9847962E-03  -1.2297790E+00  -1.0586660E+00   1.6227032E+00
   1.8376947E+01  -4.6387687E-03  -1.3965292E+00  -1.0533292E+00   1.7492335E+00
   1.8400042E+01  -5.3419941E-03  -1.6357464E+00  -1.0446607E+00   1.9408789E+00
   1.8422758E+01  -4.6085487E-03  -1.7861961E+00  -1.0377096E+00   2.0657587E+00
   1.8445669E+01  -5.2488311E-03  -1.9295602E+00  -1.0283511E+00   2.1864893E+00
   1.8467884E+01  -2.6171391E-03  -2.0658512E+00  -1.0193777E+00   2.3036664E+00
   1.8490696E+01  -3.4343291E-03  -2.1967986E+00  -1.0082636E+00   2.4171329E+00
   1.8513809E+01  -2.3445212E-03  -2.3200097E+00  -9.9671453E-01   2.5250525E+00
   1.8536371E+01  -1.9467379E-03  -2.4363790E+00  -9.8356438E-01   2.6274216E+00
   1.8559120E+01  -7.9495832E-04  -2.5231431E+00  -9.6929926E-01   2.7029228E+00
   1.8581696E+01  -4.6280559E-04  -2.6097994E+00  -9.5613337E-01   2.7794323E+00
   1.8604471E+01   1.0999757E-03  -2.6765714E+00  -9.4123024E-01   2.8372433E+00
   1.8627386E+01   1.7278509E-03  -2.7226462E+00  -9.2791945E-01   2.8764284E+00
   1.8650450E+01   4.5220102E-03  -2.7595768E+00  -9.1317737E-01   2.9067469E+00
   1.8672543E+01   3.9843186E-03  -2.7840586E+00  -9.0013450E-01   2.9259596E+00
   1.8695631E+01   4.5633735E-03  -2.8039148E+00  -8.9153439E-01   2.9422426E+00
   1.8719507E+01   6.1895042E-03  -2.7951639E+00  -8.8078862E-01   2.9306600E+00
   1.8742191E+01   6.8551754E-03  -2.7622397E+00  -8.7253928E-01   2.8967810E+00
   1.8764774E+01   6.0564941E-03  -2.7238173E+00  -8.6851674E-01   2.8589404E+00
   1.8787348E+01   5.3111026E-03  -2.6647158E+00  -8.6287236E-01   2.8009439E+00
   1.8810562E+01   7.5525255E-03  -2.5893066E+00  -8.5832250E-01   2.7278717E+00
   1.8832258E+01   6.9309012E-03  -2.4929905E+00  -8.5425591E-01   2.6352994E+00
   1.8855759E+01   4.9888240E-03  -2.3027003E+00  -8.4637153E-01   2.4533241E+00
   1.8878588E+01   4.1548759E-03  -2.2618079E+00  -8.4630811E-01   2.4149594E+00
   1.8901707E+01   5.1392023E-03  -2.1428709E+00  -8.4121776E-01   2.3020794E+00
   1.8924021E+01   5.6975465E-03  -2.0141742E+00  -8.3774644E-01   2.1814556E+00
   1.8947598E+01   2.7386784E-03  -1.8685387E+00  -8.3205104E-01   2.0454226E+00
   1.8969791E+01  -9.2079776E-04  -1.7287779E+00  -8.2657379E-01   1.9162197E+00
   1.8992264E+01   1.5303333E-03  -1.5476627E+00  -8.2033002E-01   1.7516289E+00
   1.9014879E+01  -7.9750139E-03  -1.3421043E+00  -8.1382006E-01   1.5695893E+00
   1.9037531E+01   5.4319068E-03  -1.2683370E+00  -8.1312335E-01   1.5066115E+00
   1.9061539E+01   6.6016489E-03  -1.1272073E+00  -8.0977321E-01   1.3879383E+00
   1.9083786E+01   5.5610649E-03  -1.0051764E+00  -8.0717939E-01   1.2891661E+00
   1.9106977E+01   3.5684172E-03  -8.5436732E-01  -8.0551100E-01   1.1742250E+00
   1.9129301E+01   2.3459732E-03  -7.3028576E-01  -8.0229676E-01   1.0848976E+00
   1.9152161E+01  -3.5537388E-03  -6.1294955E-01  -7.9979640E-01   1.0076677E+00
   1.9174854E+01   3.5515723E-03  -4.8580134E-01  -7.9841483E-01   9.3460250E-01
   1.9197193E+01   1.1820693E-03  -3.7673932E-01  -7.9500318E-01   8.7975216E-01
   1.9220556E+01   4.0215012E-03  -2.5526047E-01  -7.9427576E-01   8.3429497E-01
   1.9243591E+01   5.6031886E-03  -1.1423889E-01  -7.9133654E-01   7.9955953E-01
   1.9265581E+01   4.9933712E-03  -4.6211839E-02  -7.9133099E-01   7.9269487E-01
   1.9288614E+01   6.5330071E-03   2.6129009E-02  -7.9081392E-01   7.9127246E-01
   1.9311720E+01   6.6250297E-03   1.4330061E-01  -7.8709847E-01   8.0006438E-01
   1.9334900E+01   5.3430889E-03   2.9719794E-01  -7.8580302E-01   8.4014380E-01
   1.9357138E+01   9.2019979E-03   4.0961510E-01  -7.8526759E-01   8.8572818E-01
   1.9380445E+01   6.9750543E-03   4.4647792E-01  -7.8496665E-01   9.0308571E-01
   1.9402788E+01   7.0538488E-03   5.2143073E-01  -7.8434491E-01   9.4187939E-01
   1.9425173E+01   7.2586299E-03   5.9987938E-01  -7.8413248E-01   9.8730528E-01
   1.9448616E+01   7.3267366E-03   6.8361443E-01  -7.8337669E-01   1.0397410E+00
   1.9471071E+01   6.4718570E-03   7.6035708E-01  -7.8386819E-01   1.0920780E+00
   1.9493559E+01   4.9526594E-03   8.4183681E-01  -7.8352600E-01   1.1500552E+00
   1.9517096E+01   5.9894868E-03   9.0794611E-01  -7.8418398E-01   1.1997277E+00
   1.9539633E+01   2.5776317E-03   9.7863621E-01  -7.8458220E-01   1.2543144E+00
   1.9562193E+01   5.5603371E-03   1.0539473E+00  -7.8569436E-01   1.3145918E+00
   1.9584770E+01   5.2806684E-03   1.1242228E+00  -7.8699005E-01   1.3723185E+00
   1.9607393E+01   4.1671181E-03   1.1750588E+00  -7.8793365E-01   1.4147862E+00
   1.9630032E+01   2.4536697E-03   1.2529007E+00  -7.8972960E-01   1.4810264E+00
   1.9654825E+01   2.3048758E-03   1.3107879E+00  -7.9163355E-01   1.5312916E+00
   1.9675348E+01   9.9343562E-04   1.3472985E+00  -7.9331344E-01   1.5635090E+00
   1.9699783E+01   8.1996561E-04   1.4187227E+00  -7.9588807E-01   1.6267184E+00
   1.9722813E+01  -1.0696830E-03   1.4640021E+00  -7.9774147E-01   1.6672417E+00
   1.9745974E+01  -1.4780941E-03   1.5257055E+00  -8.0052406E-01   1.7229679E+00
   1.9766754E+01  -3.2753148E-03   1.6190414E+00  -8.0363953E-01   1.8075238E+00
   1.9791170E+01  -5.7745101E-03   1.6829618E+00  -8.0667639E-01   1.8663120E+00
   1.9813049E+01  -3.0666064E-03   1.7737521E+00  -8.0954397E-01   1.9497608E+00
   1.9836639E+01  -4.6721380E-03   1.8498489E+00  -8.1231886E-01   2.0203526E+00
   1.9858231E+01  -4.1135373E-03   1.9427327E+00  -8.1465155E-01   2.1066287E+00
   1.9881281E+01  -2.8406701E-03   2.0376518E+00  -8.1698531E-01   2.1953354E+00
   1.9903475E+01  -1.5302808E-03   2.1446431E+00  -8.1959820E-01   2.2959175E+00
   1.9927055E+01   1.0701035E-04   2.2494590E+00  -8.2164991E-01   2.3948224E+00
   1.9949961E+01   1.3210218E-03   2.3545408E+00  -8.2595581E-01   2.4952090E+00
   1.9972334E+01   4.1562035E-03   2.4657001E+00  -8.3003104E-01   2.6016622E+00
   1.9995680E+01   2.1616092E-03   2.5448189E+00  -8.3970863E-01   2.6797795E+00
   2.0018024E+01   4.9575260E-03   2.6216621E+00  -8.4807062E-01   2.7554238E+00
   2.0041836E+01   5.7968358E-03   2.6954255E+00  -8.5988450E-01   2.8292673E+00
   2.0063894E+01   3.0523201E-03   2.7454462E+00  -8.6661035E-01   2.8789752E+00
   2.0087351E+01   2.9559371E-03   2.7868247E+00  -8.7877011E-01   2.9220948E+00
   2.0109385E+01   4.1246274E-03   2.8027692E+00  -8.8641649E-01   2.9396031E+00
   2.0132029E+01   4.5903251E-03   2.7991533E+00  -8.9918303E-01   2.9400358E+00
   2.0154322E+01   4.5392108E-03   2.7713797E+00  -9.1099060E-01   2.9172709E+00
   2.0178452E+01   6.6837375E-03   2.7076833E+00  -9.2355895E-01   2.8608661E+00
   2.0201044E+01   3.1041526E-03   2.6207542E+00  -9.3726808E-01   2.7833133E+00
   2.0224016E+01   5.6963027E-03   2.5127015E+00  -9.4804150E-01   2.6856067E+00
   2.0246561E+01   8.4565664E-03   2.3712091E+00  -9.5962769E-01   2.5580440E+00
   2.0269325E+01   8.5980827E-03   2.2218122E+00  -9.7036999E-01   2.4244881E+00
   2.0291830E+01   9.6984478E-03   2.0490305E+00  -9.7947544E-01   2.2711215E+00
   2.0315638E+01   9.7135957E-03   1.8810431E+00  -9.8852628E-01   2.1249945E+00
   2.0337341E+01   8.3570965E-03   1.7005734E+00  -9.9552977E-01   1.9705582E+00
   2.0360214E+01   6.1381152E-03   1.5223789E+00  -1.0013645E+00   1.8221982E+00
   2.0383566E+01   5.9453449E-03   1.3270332E+00  -1.0076863E+00   1.6662785E+00
   2.0406200E+01   4.5679491E-03   1.1085486E+00  -1.0119967E+00   1.5010124E+00
   2.0428326E+01   5.4137926E-03   9.2047179E-01  -1.0157605E+00   1.3707907E+00
   2.0452230E+01   4.8618820E-03   7.3813963E-01  -1.0197040E+00   1.2588367E+00
   2.0474455E+01   4.0922491E-03   5.1839924E-01  -1.0220765E+00   1.1460344E+00
   2.0497908E+01   2.6700799E-03   3.6022320E-01  -1.0235679E+00   1.0851079E+00
   2.0519861E+01   1.6197601E-03   1.0879659E-01  -1.0248997E+00   1.0306594E+00
   2.0542820E+01   6.3282921E-04  -1.0534100E-01  -1.0249839E+00   1.0303830E+00
   2.0565470E+01   6.4132945E-04  -3.3234215E-01  -1.0240552E+00   1.0766340E+00
   2.0588816E+01   4.6341005E-04  -5.2020699E-01  -1.0225619E+00   1.1472787E+00
   2.0611567E+01   1.8701514E-03  -7.1607304E-01  -1.0201616E+00   1.2463924E+00
   2.0634335E+01   3.7477128E-04  -9.3625134E-01  -1.0166212E+00   1.3820584E+00
   2.0657078E+01  -6.9605664E-04  -1.1207075E+00  -1.0120715E+00   1.5100578E+00
   2.0679291E+01   2.2580662E-04  -1.3168521E+00  -1.0073924E+00   1.6579924E+00
   2.0702419E+01  -2.4308923E-03  -1.5090123E+00  -1.0000734E+00   1.8103235E+00
   2.0725275E+01  -4.8367102E-03  -1.6936870E+00  -9.9297434E-01   1.9633127E+00
   2.0748358E+01  -3.7906757E-03  -1.8771002E+00  -9.8328710E-01   2.1190500E+00
   2.0771437E+01  -3.7076077E-03  -2.0297234E+00  -9.7358239E-01   2.2511449E+00
   2.0793287E+01  -2.9840390E-03  -2.1553707E+00  -9.6204215E-01   2.3603299E+00
   2.0816528E+01  -3.6269154E-03  -2.2912822E+00  -9.5153028E-01   2.4810073E+00
   2.0839134E+01  -2.5017587E-03  -2.3997462E+00  -9.3854356E-01   2.5767522E+00
   2.0862547E+01  -2.3387459E-03  -2.5064528E+00  -9.2563897E-01   2.6719129E+00
   2.0885080E+01  -5.2523706E-04  -2.5845175E+00  -9.1169566E-01   2.7406056E+00
   2.0907066E+01  -1.3729616E-03  -2.6435478E+00  -8.9929044E-01   2.7923234E+00
   2.0930889E+01  -2.6134904E-03  -2.6983960E+00  -8.8585109E-01   2.8400843E+00
   2.0952745E+01   6.5691327E-04  -2.7484109E+00  -8.7425512E-01   2.8841090E+00
   2.0975836E+01   8.2856033E-04  -2.7717845E+00  -8.6360830E-01   2.9032066E+00
   2.0999313E+01   1.3331148E-03  -2.7894139E+00  -8.5500431E-01   2.9175098E+00
   2.1020943E+01   2.0792184E-03  -2.7929699E+00  -8.4961390E-01   2.9193370E+00
   2.1043989E+01   4.0279888E-03  -2.7699463E+00  -8.4082317E-01   2.8947542E+00
   2.1067450E+01   4.0724678E-03  -2.7300041E+00  -8.3413738E-01   2.8545971E+00
   2.1089853E+01   7.5141098E-03  -2.6360731E+00  -8.3021331E-01   2.7637281E+00
   2.1112793E+01   5.5535347E-03  -2.5999386E+00  -8.2334888E-01   2.7271993E+00
   2.1135801E+01   7.6836804E-03  -2.4986081E+00  -8.1698567E-01   2.6287956E+00
   2.1158329E+01   5.8246572E-03  -2.4147060E+00  -8.1006950E-01   2.5469692E+00
   2.1181290E+01   6.9955625E-03  -2.3223038E+00  -8.0368668E-01   2.4574492E+00
   2.1204374E+01  -5.4521789E-03  -2.2434082E+00  -7.9827112E-01   2.3812070E+00
   2.1227118E+01   7.0116157E-03  -2.0714750E+00  -7.9249763E-01   2.2179067E+00
   2.1249340E+01   5.7684486E-03  -1.9043111E+00  -7.8559083E-01   2.0599968E+00
   2.1272369E+01   5.6850552E-03  -1.7888961E+00  -7.8082520E-01   1.9518887E+00
   2.1294947E+01   4.5434688E-03  -1.6417191E+00  -7.7590442E-01   1.8158442E+00
   2.1318911E+01   6.0074111E-03  -1.4887246E+00  -7.7034599E-01   1.6762369E+00
   2.1341089E+01   3.9637862E-03  -1.3349115E+00  -7.6666152E-01   1.5394071E+00
   2.1363110E+01   4.8436630E-03  -1.1876175E+00  -7.6254028E-01   1.4113563E+00
   2.1386234E+01   3.8098090E-03  -1.0218713E+00  -7.5830579E-01   1.2725028E+00
   2.1409483E+01   3.4754914E-03  -8.8261193E-01  -7.5516111E-01   1.1615869E+00
   2.1431105E+01   3.4039284E-03  -7.3940635E-01  -7.5221795E-01   1.0547820E+00
   2.1454353E+01   3.3753286E-03  -5.7502985E-01  -7.4880856E-01   9.4413185E-01
   2.1477423E+01   3.8603919E-03  -4.3928385E-01  -7.4675727E-01   8.6638999E-01
   2.1500605E+01   2.8884308E-03  -3.0658326E-01  -7.4450427E-01   8.0516350E-01
   2.1522503E+01   2.5446853E-03  -1.7205545E-01  -7.4239212E-01   7.6207328E-01
   2.1545931E+01   4.1396637E-03  -4.6759680E-02  -7.4081177E-01   7.4229759E-01
   2.1569147E+01   2.3409470E-03   8.8459417E-02  -7.3918760E-01   7.4446553E-01
   2.1591465E+01   2.4483975E-03   1.9469537E-01  -7.3773748E-01   7.6299995E-01
   2.1614555E+01   1.6673829E-03   3.0319214E-01  -7.3688906E-01   7.9682732E-01
   2.1636772E+01   3.1378018E-03   4.0081871E-01  -7.3609954E-01   8.3815747E-01
   2.1659481E+01   2.5796336E-03   4.9907064E-01  -7.3581880E-01   8.8910484E-01
   2.1683710E+01   1.4448027E-03   5.9043151E-01  -7.3609406E-01   9.4363445E-01
   2.1705368E+01   2.2634298E-03   6.5866590E-01  -7.3634589E-01   9.8795295E-01
   2.1728544E+01   1.4202687E-03   7.4543387E-01  -7.3691785E-01   1.0481992E+00
   2.1750566E+01   1.7000145E-03   8.0952281E-01  -7.3770601E-01   1.0952352E+00
   2.1773935E+01   2.5883147E-03   8.6202401E-01  -7.3854733E-01   1.1351407E+00
   2.1797586E+01   7.3919760E-04   9.2517519E-01  -7.3956919E-01   1.1844460E+00
   2.1820316E+01   1.1845790E-03   9.8214793E-01  -7.4066615E-01   1.2301229E+00
   2.1843653E+01   2.6679714E-03   1.0170652E+00  -7.4199647E-01   1.2589629E+00
   2.1864716E+01  -4.3074071E-04   1.0744581E+00  -7.4318719E-01   1.3064408E+00
   2.1888277E+01  -2.4382395E-03   1.1324867E+00  -7.4535257E-01   1.3557590E+00
   2.1911652E+01   4.6592910E-04   1.1614442E+00  -7.4622047E-01   1.3805064E+00
   2.1934813E+01   2.1172399E-03   1.2066951E+00  -7.4785835E-01   1.4196513E+00
   2.1955238E+01   2.8399124E-03   1.2282332E+00  -7.4934286E-01   1.4387771E+00
   2.1978081E+01   2.0653747E-03   1.2849686E+00  -7.5108331E-01   1.4883798E+00
   2.2003225E+01   3.3263555E-03   1.3802245E+00  -7.5513405E-01   1.5732952E+00
   2.2025229E+01   1.9787243E-03   1.4366580E+00  -7.5653780E-01   1.6236808E+00
   2.2047039E+01   3.7708445E-03   1.4924878E+00  -7.5899196E-01   1.6743963E+00
   2.2071123E+01   1.0197207E-03   1.5869682E+00  -7.6247609E-01   1.7606359E+00
   2.2092718E+01   7.2024151E-04   1.6736666E+00  -7.6636648E-01   1.8407819E+00
   2.2115793E+01  -5.7696953E-04   1.7457131E+00  -7.6990855E-01   1.9079502E+00
   2.2138147E+01  -9.4855495E-04   1.8574784E+00  -7.7448219E-01   2.0124733E+00
   2.2161549E+01  -2.6302009E-03   1.9494618E+00  -7.8013408E-01   2.0997660E+00
   2.2183886E+01  -3.4287339E-03   2.0637434E+00  -7.8547812E-01   2.2081721E+00
   2.2207319E+01  -2.9266306E-04   2.1560974E+00  -7.9061019E-01   2.2964802E+00
   2.2230001E+01  -9.6256105E-04   2.2601428E+00  -7.9661673E-01   2.3964233E+00
   2.2253094E+01  -6.6942465E-04   2.3410888E+00  -8.0317217E-01   2.4750319E+00
   2.2276110E+01   1.4027634E-03   2.4281008E+00  -8.0776149E-01   2.5589361E+00
   2.2299088E+01  -7.7023078E-04   2.5112696E+00  -8.1217456E-01   2.6393375E+00
   2.2321957E+01   3.0609840E-03   2.5841904E+00  -8.1832236E-01   2.7106643E+00
   2.2344099E+01  -7.6197786E-04   2.6310053E+00  -8.2494730E-01   2.7573044E+00
   2.2367027E+01  -7.0204574E-04   2.6683207E+00  -8.3626068E-01   2.7962952E+00
   2.2390026E+01  -2.1229270E-03   2.6852210E+00  -8.4456551E-01   2.8149080E+00
   2.2412439E+01   1.4207280E-03   2.6877751E+00  -8.5768193E-01   2.8213038E+00
   2.2435089E+01  -1.0500067E-02   2.7024701E+00  -8.6745775E-01   2.8382983E+00
   2.2458668E+01   4.9053974E-06   2.5913556E+00  -8.7388015E-01   2.7347376E+00
   2.2481010E+01   1.0885111E-03   2.5380223E+00  -8.8404608E-01   2.6875818E+00
   2.2504051E+01   2.3857316E-03   2.4431727E+00  -8.9510745E-01   2.6019831E+00
   2.2526463E+01   3.2456485E-03   2.3501327E+00  -9.0486276E-01   2.5183151E+00
   2.2549206E+01   8.5453773E-03   2.2300980E+00  -9.1412687E-01   2.4101946E+00
   2.2571339E+01   7.5770761E-03   2.1070940E+00  -9.2433923E-01   2.3009360E+00
   2.2594284E+01   9.1641080E-03   1.9498748E+00  -9.3263191E-01   2.1614573E+00
   2.2617945E+01   1.3801929E-02   1.7756317E+00  -9.4222122E-01   2.0101838E+00
   2.2639788E+01   1.1375327E-02   1.6072530E+00  -9.4822890E-01   1.8661537E+00
   2.2663134E+01   1.2901618E-02   1.4431666E+00  -9.5496452E-01   1.7305645E+00
   2.2685478E+01   1.3096366E-02   1.2690213E+00  -9.5969069E-01   1.5910980E+00
   2.2708803E+01   1.2465625E-02   1.0558152E+00  -9.6387333E-01   1.4296688E+00
   2.2731293E+01   1.2611235E-02   8.3941150E-01  -9.6727598E-01   1.2807785E+00
   2.2753960E+01   1.0860629E-02   6.4742106E-01  -9.6920556E-01   1.1656034E+00
   2.2777845E+01   7.2980276E-03   4.8854619E-01  -9.7075069E-01   1.0867785E+00
   2.2801109E+01   5.1304107E-03   2.3306336E-01  -9.7123367E-01   9.9881911E-01
