  flscon:  version 23.2.0.01  win64 2022 
 FLOW-3D   21:00:13  02/09/2024 bpnh     
   hydr3d   version  23.2.0.20 win64     12/04/2023 HYDRO    
 Simulation Template: Free Surface - TruVOF (Default)                            

Mesh Block   1
 printing pfxob, pfyob, pfzob       
       1      554      0.000E+00      1.866E+00
   time              pfxob_1         pfyob_1         pfzob_1
   0.0000000E+00  -1.2496715E-02   6.0156064E+00   3.1791031E+00
   3.3760001E-03  -2.6966307E-02  -1.3708948E+02   1.5773929E+00
   7.5546238E-03  -3.7384860E-02   5.1625047E+00   3.3422415E+00
   9.4885761E-03  -2.4052810E-02   4.9650736E+00   3.3683982E+00
   1.3651410E-02  -2.0277169E-02   5.1287150E+00   3.3455634E+00
   1.5890202E-02  -1.9292029E-02   5.1887236E+00   3.3378758E+00
   2.0709202E-02  -1.2032345E-02   5.3857741E+00   3.3135371E+00
   2.3300882E-02  -1.4235044E-02   5.4830809E+00   3.3063531E+00
   2.6022149E-02  -1.4330277E-02   5.5564842E+00   3.3038390E+00
   3.1879675E-02  -9.9040344E-03   5.6936016E+00   3.3149028E+00
   3.4846164E-02  -8.6600501E-03   5.7971745E+00   3.3295894E+00
   3.7763495E-02  -4.5314594E-03   5.8650589E+00   3.3345582E+00
   4.0634636E-02  -4.6605286E-03   5.9485502E+00   3.3393824E+00
   4.3462399E-02  -9.7767478E-03   6.0522861E+00   3.3432999E+00
   4.6249185E-02  -2.3186258E-03   6.1328650E+00   3.3452630E+00
   5.1709116E-02   1.0157595E-03   6.3114619E+00   3.3498418E+00
   5.4387335E-02  -1.8102903E-03   6.3929667E+00   3.3529990E+00
   5.7034619E-02   2.5362896E-03   6.4785185E+00   3.3563561E+00
   5.9653688E-02   1.2199412E-02   6.5385017E+00   3.3585956E+00
   6.4817436E-02   1.5275495E-02   6.7223892E+00   3.3668945E+00
   6.7366578E-02   7.0762928E-03   6.7979774E+00   3.3698618E+00
   6.9896445E-02   1.4779797E-02   6.8868432E+00   3.3735485E+00
   7.4907042E-02   3.9650258E-03   7.0802135E+00   3.3829429E+00
   7.7391751E-02   1.4872793E-02   7.1755037E+00   3.3899238E+00
   7.9865083E-02   1.5834326E-02   7.2630076E+00   3.3945918E+00
   8.4783837E-02   2.0007983E-02   7.4398046E+00   3.4033034E+00
   8.7232292E-02   2.1167712E-02   7.5305963E+00   3.4071760E+00
   9.2114888E-02   1.0241171E-02   7.7003341E+00   3.4129720E+00
   9.4552167E-02   1.4314438E-02   7.7824144E+00   3.4158576E+00
   9.6988700E-02   2.5064940E-02   7.8879738E+00   3.4141357E+00
   1.0186432E-01   1.9839795E-02   8.0809450E+00   3.4209151E+00
   1.0430588E-01   2.1112127E-02   8.1594458E+00   3.4234958E+00
   1.0920097E-01   1.9692352E-02   8.3486357E+00   3.4285963E+00
   1.1165585E-01   4.1444302E-03   8.4648504E+00   3.4345045E+00
   1.1411685E-01   2.3737156E-03   8.5424500E+00   3.4333985E+00
   1.1906018E-01   1.4505291E-02   8.7459145E+00   3.4354565E+00
   1.2154383E-01  -7.5418158E-03   8.8456964E+00   3.4388435E+00
   1.2403644E-01  -7.7644200E-03   8.9884005E+00   3.4458599E+00
   1.2905434E-01   8.4173260E-03   9.1906834E+00   3.4567924E+00
   1.3158193E-01   1.6246912E-04   9.2660732E+00   3.4633691E+00
   1.3408627E-01   1.0240924E-03   9.3731480E+00   3.4657836E+00
   1.3896944E-01   1.5047462E-02   9.5846405E+00   3.4667618E+00
   1.4135422E-01   6.5903384E-03   9.7039413E+00   3.4661050E+00
   1.4602357E-01   1.4267991E-02   9.9002199E+00   3.4773245E+00
   1.4831255E-01   6.8070362E-03   9.9842987E+00   3.4712167E+00
   1.5280922E-01   3.7297180E-03   1.0146123E+01   3.4716747E+00
   1.5495509E-01   1.2208272E-02   1.0270178E+01   3.4742525E+00
   1.5872121E-01   2.8383287E-03   1.0428217E+01   3.4799337E+00
   1.6166237E-01  -5.6193494E-03   1.0546635E+01   3.4930556E+00
   1.6490501E-01   5.8942484E-03   1.0642829E+01   3.4879723E+00
   1.6848001E-01   1.5486791E-03   1.0765610E+01   3.4880474E+00
   1.7238827E-01   5.5780215E-03   1.0922572E+01   3.4882917E+00
   1.7610690E-01   8.4897531E-03   1.1058576E+01   3.4921868E+00
   1.7958573E-01   2.8331263E-03   1.1182195E+01   3.4957561E+00
   1.8287806E-01   5.5204793E-03   1.1307228E+01   3.5029731E+00
   1.8601073E-01   2.1567533E-02   1.1427117E+01   3.5165575E+00
   1.8900469E-01   1.0549401E-02   1.1528568E+01   3.5094838E+00
   1.9187769E-01   2.2330347E-02   1.1560571E+01   3.5118771E+00
   1.9599313E-01   2.7699888E-02   1.1705777E+01   3.5196099E+00
   1.9862486E-01   2.9042788E-02   1.1796344E+01   3.5356281E+00
   2.0242278E-01   1.8643808E-02   1.1923383E+01   3.5265632E+00
   2.0606543E-01   2.9105259E-02   1.2027223E+01   3.5393484E+00
   2.0957717E-01   3.2308011E-03   1.2086439E+01   3.5360713E+00
   2.1297845E-01   2.0738760E-02   1.2182230E+01   3.5363317E+00
   2.1628590E-01   2.6999170E-02   1.2273335E+01   3.5416093E+00
   2.1951304E-01   2.6788410E-02   1.2351078E+01   3.5453100E+00
   2.2267094E-01   2.2194210E-02   1.2418261E+01   3.5503323E+00
   2.2576897E-01   3.0567987E-02   1.2489076E+01   3.5575783E+00
   2.2981770E-01   2.4080874E-02   1.2601291E+01   3.5610089E+00
   2.3280026E-01   1.8728694E-02   1.2642615E+01   3.5613844E+00
   2.3671356E-01   1.5219684E-02   1.2741046E+01   3.5612161E+00
   2.3960523E-01   3.0013695E-02   1.2789241E+01   3.5669138E+00
   2.4340793E-01   2.1430630E-02   1.2870992E+01   3.5727384E+00
   2.4622303E-01   1.8963560E-02   1.2908558E+01   3.5791249E+00
   2.4993064E-01   2.2214286E-02   1.2979996E+01   3.5718281E+00
   2.5358915E-01   3.2582797E-02   1.3052442E+01   3.5707936E+00
   2.5630316E-01   3.2614872E-02   1.3092770E+01   3.5805984E+00
   2.5988552E-01   8.4613495E-02   1.3101701E+01   3.5822344E+00
   2.6343107E-01   4.0231436E-02   1.3175772E+01   3.5855572E+00
   2.6694828E-01   5.3119119E-02   1.3218733E+01   3.5870633E+00
   2.7042592E-01   1.4019064E-02   1.3252444E+01   3.5874667E+00
   2.7384692E-01   7.6342532E-03   1.3303358E+01   3.5885279E+00
   2.7723446E-01   3.7818901E-02   1.3313242E+01   3.5857201E+00
   2.8059980E-01   1.9094564E-02   1.3343082E+01   3.5884454E+00
   2.8388566E-01   4.2130746E-02   1.3380382E+01   3.5902648E+00
   2.8717640E-01  -1.3803408E-02   1.3368003E+01   3.5878108E+00
   2.9048690E-01   4.0124647E-02   1.3301539E+01   3.5852640E+00
   2.9377958E-01   2.7255341E-02   1.3368447E+01   3.5850260E+00
   2.9705849E-01   3.3635072E-02   1.3337005E+01   3.5780449E+00
   3.0032948E-01   1.2225614E-02   1.3337013E+01   3.5901470E+00
   3.0359522E-01   6.4026029E-03   1.3329793E+01   3.5795622E+00
   3.0685824E-01   3.0148854E-02   1.3304914E+01   3.5704341E+00
   3.1092691E-01   1.9518380E-01   1.3292981E+01   3.5626249E+00
   3.1418240E-01   9.6987844E-02   1.3183935E+01   3.5713463E+00
   3.1746632E-01  -2.3272745E-02   1.3148561E+01   3.5707858E+00
   3.2077914E-01  -2.4032328E-02   1.3122300E+01   3.5809717E+00
   3.2411921E-01   5.4530814E-02   1.3030379E+01   3.5690601E+00
   3.2748070E-01   4.5764796E-02   1.3043999E+01   3.5364742E+00
   3.3085167E-01   1.0788130E-01   1.2944722E+01   3.5425322E+00
   3.3450237E-01  -2.5894561E-01   1.2833582E+01   3.5277541E+00
   3.3774799E-01   1.8926488E-02   1.2701882E+01   3.5286894E+00
   3.4140742E-01   7.7913396E-02   1.2482394E+01   3.5307786E+00
   3.4388044E-01   5.7049375E-02   1.2496353E+01   3.5269637E+00
   3.4763026E-01   3.9120965E-02   1.2427510E+01   3.5164521E+00
   3.5138544E-01   1.6606633E-02   1.2223750E+01   3.5451567E+00
   3.5498461E-01   1.8223563E-02   1.2136550E+01   3.5289295E+00
   3.5822514E-01   3.7259333E-02   1.2020823E+01   3.5225637E+00
   3.6173180E-01   5.7575375E-02   1.1990181E+01   3.5282261E+00
   3.6471885E-01   4.2956606E-02   1.1902620E+01   3.5103168E+00
   3.6794797E-01   3.8687471E-02   1.1851323E+01   3.5166485E+00
   3.7109762E-01   7.4893840E-02   1.1711536E+01   3.5097170E+00
   3.7507778E-01   5.7373423E-02   1.1518403E+01   3.4988303E+00
   3.7791061E-01   5.9548412E-02   1.1411072E+01   3.4991980E+00
   3.8162658E-01   8.1412129E-02   1.1261932E+01   3.4920743E+00
   3.8530383E-01   6.6718526E-02   1.1158856E+01   3.4903140E+00
   3.8804239E-01   6.1927762E-02   1.1080019E+01   3.4882183E+00
   3.9166942E-01   8.3497100E-02   1.1007835E+01   3.4994025E+00
   3.9526805E-01   8.6070612E-02   1.0798542E+01   3.4788980E+00
   3.9794788E-01   1.0491788E-01   1.0659273E+01   3.4801369E+00
   4.0149513E-01   2.2291848E-02   1.0475927E+01   3.4752479E+00
   4.0501133E-01   3.4552909E-02   1.0312266E+01   3.4715657E+00
   4.0849030E-01   6.9083720E-02   1.0184835E+01   3.4650652E+00
   4.1192907E-01   2.1749675E-02   1.0029237E+01   3.4633381E+00
   4.1532764E-01   1.0458129E-01   9.8351049E+00   3.4581401E+00
   4.1869041E-01   1.1744070E-01   9.6385555E+00   3.4507835E+00
   4.2215893E-01   1.7649916E-01   9.4753428E+00   3.4464917E+00
   4.2520607E-01   9.2281990E-02   9.2324867E+00   3.4373372E+00
   4.2841122E-01   3.7090134E-02   9.0781460E+00   3.4431956E+00
   4.3216792E-01   5.7083055E-02   8.8490934E+00   3.4395168E+00
   4.3533021E-01   5.3046167E-02   8.5887537E+00   3.4382384E+00
   4.3843552E-01  -2.1820998E-02   8.4657183E+00   3.4289608E+00
   4.4193715E-01   5.6837466E-02   8.2828064E+00   3.4265528E+00
   4.4622576E-01  -2.6300089E-02   8.0583286E+00   3.4247074E+00
   4.4870514E-01  -4.7135029E-02   7.9274011E+00   3.4263873E+00
   4.5290869E-01  -2.5632391E-03   7.6140790E+00   3.4176593E+00
   4.5607305E-01   1.6898030E-02   7.3992095E+00   3.4095500E+00
   4.5912045E-01   2.5342336E-02   7.1458864E+00   3.4108849E+00
   4.6191823E-01   3.4224324E-02   6.8725395E+00   3.4057043E+00
   4.6616235E-01   1.1339166E-01   6.4470768E+00   3.3989716E+00
   4.6898487E-01   6.1043877E-02   6.4018469E+00   3.3970735E+00
   4.7225228E-01   2.7529569E-02   6.2423754E+00   3.3996713E+00
   4.7603473E-01   4.4130705E-02   6.1945906E+00   3.3904536E+00
   4.7888207E-01   1.0182138E-02   6.0345964E+00   3.3862505E+00
   4.8201641E-01   4.6074078E-03   5.7464032E+00   3.3800256E+00
   4.8649210E-01   1.7771950E-02   5.3258958E+00   3.3854892E+00
   4.8922041E-01   2.8526708E-02   5.0737047E+00   3.3717034E+00
   4.9221766E-01  -7.6018418E-03   4.9172425E+00   3.3656969E+00
   4.9655798E-01   4.0369261E-02   4.6924148E+00   3.3676107E+00
   4.9944708E-01   6.5762609E-02   4.5246944E+00   3.3610659E+00
   5.0242329E-01   5.8548849E-02   4.2949791E+00   3.3574212E+00
   5.0714844E-01   3.9932527E-02   3.8730431E+00   3.3538034E+00
   5.1031357E-01  -1.2186258E-02   3.7215912E+00   3.3505917E+00
   5.1349688E-01   2.4253328E-03   3.3524606E+00   3.3472874E+00
   5.1654625E-01  -3.1159765E-03   3.1883504E+00   3.3441691E+00
   5.1965791E-01   2.2312601E-03   3.0059202E+00   3.3395653E+00
   5.2290279E-01  -7.4478812E-03   2.8154280E+00   3.3399525E+00
   5.2730668E-01   1.8295099E-01   2.5054507E+00   3.3341062E+00
   5.3056425E-01   9.9799223E-02   2.3404806E+00   3.3297997E+00
   5.3386062E-01  -4.9769074E-02   2.1742282E+00   3.3249507E+00
   5.3735226E-01  -7.0835330E-02   1.8600969E+00   3.3129337E+00
   5.3967810E-01  -1.5489097E-02   1.7625372E+00   3.3201509E+00
   5.4322827E-01   1.0493173E-01   1.2971479E+00   3.3007121E+00
   5.4687142E-01   4.9481582E-02   1.1449717E+00   3.3061593E+00
   5.5047214E-01   2.7995909E-02   1.0666596E+00   3.3205960E+00
   5.5414075E-01   5.7594702E-03   6.5828830E-01   3.3006241E+00
   5.5685377E-01  -8.7363046E-04   5.4796821E-01   3.3065648E+00
   5.6101537E-01  -2.8323838E-02   3.7346944E-01   3.3144143E+00
   5.6373191E-01   1.8198119E-02   6.4068079E-02   3.2943175E+00
   5.6646800E-01  -1.2444972E-01  -1.0956213E-01   3.2933693E+00
   5.7108170E-01  -7.7433675E-03  -4.3937555E-01   3.2968318E+00
   5.7347536E-01  -7.3351912E-02  -6.1225086E-01   3.2892582E+00
   5.7737970E-01  -3.3469278E-02  -5.8707994E-01   3.3047578E+00
   5.8040917E-01  -7.9898804E-02  -1.0421593E+00   3.2902291E+00
   5.8391619E-01  -1.5436982E-01  -1.3040321E+00   3.2992179E+00
   5.8797598E-01  -3.6423665E-02  -1.3004633E+00   3.2790754E+00
   5.9103209E-01  -9.3268074E-02  -1.6994392E+00   3.2787075E+00
   5.9440148E-01   1.5728289E-02  -1.8957090E+00   3.2930222E+00
   5.9811622E-01  -1.1159630E-01  -2.2285795E+00   3.2820020E+00
   6.0105222E-01  -6.1121184E-02  -2.1632597E+00   3.2856417E+00
   6.0428911E-01  -2.5894748E-02  -2.4569197E+00   3.2880628E+00
   6.0777497E-01  -4.2556126E-02  -2.6856134E+00   3.2851593E+00
   6.1108989E-01  -5.7877317E-02  -2.7335789E+00   3.2829888E+00
   6.1426008E-01  -1.3835555E-01  -2.9632654E+00   3.2862887E+00
   6.1841315E-01  -7.3431015E-02  -3.3073068E+00   3.2703369E+00
   6.2124223E-01  -2.7562806E-02  -3.7255077E+00   3.2662156E+00
   6.2410682E-01  -2.2437517E-02  -3.5744956E+00   3.2746482E+00
   6.2719083E-01  -2.4025520E-02  -3.6696265E+00   3.2703984E+00
   6.3047898E-01  -1.1291575E-01  -3.7209978E+00   3.2720611E+00
   6.3393664E-01  -1.3752222E-01  -4.0319066E+00   3.2671638E+00
   6.3751751E-01   1.5541534E-02  -4.3040228E+00   3.2650740E+00
   6.4220411E-01  -1.3241516E-01  -4.5324855E+00   3.2605031E+00
   6.4543712E-01  -7.9023227E-02  -4.7770638E+00   3.2592757E+00
   6.4885825E-01  -1.0717273E-01  -4.8741651E+00   3.2620223E+00
   6.5232915E-01  -5.8805991E-02  -5.1233864E+00   3.2602639E+00
   6.5582186E-01  -1.9670412E-02  -5.2216749E+00   3.2577517E+00
   6.5758634E-01  -3.3593282E-02  -5.3063803E+00   3.2611415E+00
   6.6124678E-01  -5.7747949E-02  -5.5079365E+00   3.2684548E+00
   6.6528243E-01  -7.1375251E-02  -5.8799238E+00   3.2580462E+00
   6.6829002E-01   8.5016660E-02  -6.0138307E+00   3.2709842E+00
   6.7146981E-01   8.7620214E-02  -6.0818019E+00   3.2581005E+00
   6.7497545E-01  -1.7782135E-01  -6.2554283E+00   3.2531519E+00
   6.7884052E-01  -1.6512227E-01  -6.5216889E+00   3.2530921E+00
   6.8091911E-01  -8.4898204E-02  -6.4274616E+00   3.2421641E+00
   6.8498433E-01  -3.3448216E-02  -6.7163024E+00   3.2388916E+00
   6.8897426E-01   2.2684230E-02  -6.9423556E+00   3.2395778E+00
   6.9106400E-01  -3.3355568E-02  -7.0075626E+00   3.2421091E+00
   6.9532824E-01  -8.5082479E-02  -7.3558073E+00   3.2380385E+00
   6.9952703E-01  -4.1303635E-02  -7.4298062E+00   3.2380102E+00
   7.0265090E-01  -4.9845684E-02  -7.6089664E+00   3.2412238E+00
   7.0604271E-01   3.8523365E-02  -7.7662721E+00   3.2229362E+00
   7.0972729E-01  -1.9460700E-01  -7.8584838E+00   3.2193944E+00
   7.1170890E-01  -9.0289965E-02  -7.9002113E+00   3.2309325E+00
   7.1572208E-01   4.9927488E-02  -8.1668711E+00   3.2263942E+00
   7.1880782E-01  -7.0312503E-03  -8.3881912E+00   3.2256491E+00
   7.2220987E-01  -2.8421186E-02  -8.3513632E+00   3.2216239E+00
   7.2596061E-01  -3.7292901E-02  -8.6054907E+00   3.2307093E+00
   7.3006427E-01   7.3389210E-02  -8.7247496E+00   3.2444315E+00
   7.3331428E-01   1.8933762E-02  -8.8111286E+00   3.2581470E+00
   7.3689741E-01   4.2647634E-02  -9.0000172E+00   3.2533469E+00
   7.3879302E-01  -2.8919696E-03  -9.1627226E+00   3.2526908E+00
   7.4255717E-01   5.1789727E-02  -9.2750216E+00   3.2492929E+00
   7.4624771E-01  -7.9058290E-02  -9.3549690E+00   3.2632356E+00
   7.5001258E-01  -5.6677453E-02  -9.5239401E+00   3.2665794E+00
   7.5357807E-01  -4.7577720E-02  -9.6371593E+00   3.2683086E+00
   7.5534952E-01  -4.7469433E-02  -9.6967611E+00   3.2612436E+00
   7.5899851E-01  -9.6366955E-03  -9.7820377E+00   3.2558689E+00
   7.6218146E-01  -1.5580984E-02  -9.8097763E+00   3.2520735E+00
   7.6569068E-01  -7.2386868E-02  -1.0016913E+01   3.2401552E+00
   7.6939452E-01  -1.1989943E-01  -1.0103135E+01   3.2425182E+00
   7.7302921E-01  -6.4764678E-02  -1.0052856E+01   3.2391741E+00
   7.7663249E-01   7.3274843E-02  -1.0077573E+01   3.2329094E+00
   7.8020000E-01  -1.0138002E-02  -1.0302957E+01   3.2243533E+00
   7.8373706E-01  -4.8387609E-02  -1.0537705E+01   3.1853864E+00
   7.8717715E-01  -1.0594254E-01  -1.0444853E+01   3.1840684E+00
   7.9049999E-01  -1.1051232E-01  -1.0582746E+01   3.1826565E+00
   7.9377902E-01  -1.3527326E-02  -1.0487028E+01   3.1908734E+00
   7.9695123E-01   1.1205941E-01  -1.0593353E+01   3.1831758E+00
   8.0006701E-01   7.8838244E-02  -1.0709725E+01   3.1732252E+00
   8.0309838E-01  -1.3286234E-01  -1.0753839E+01   3.1664531E+00
   8.0754602E-01   1.4233554E-02  -1.0672029E+01   3.1664362E+00
   8.1041849E-01   1.1682735E-01  -1.0797024E+01   3.1583412E+00
   8.1321967E-01   1.9204274E-02  -1.0719967E+01   3.1581311E+00
   8.1729454E-01  -5.4940511E-02  -1.0828503E+01   3.1303148E+00
   8.2018316E-01  -7.8484073E-02  -1.0835004E+01   3.1243327E+00
   8.2329243E-01  -2.6354216E-02  -1.0791778E+01   3.1157498E+00
   8.2646626E-01  -2.3919936E-02  -1.0866024E+01   3.1109281E+00
   8.3110881E-01   6.5293863E-02  -1.0874423E+01   3.1114993E+00
   8.3401734E-01  -1.3451764E-02  -1.0893854E+01   3.1348131E+00
   8.3696038E-01  -1.2003106E-01  -1.0886993E+01   3.1049948E+00
   8.4020507E-01  -3.6369927E-02  -1.0872328E+01   3.1212907E+00
   8.4461117E-01   2.9651295E-02  -1.0844390E+01   3.1079073E+00
   8.4732354E-01   1.2392754E-01  -1.0752878E+01   3.1184607E+00
   8.5094631E-01   3.8893912E-02  -1.0760857E+01   3.1272759E+00
   8.5367346E-01  -7.0459530E-02  -1.0765442E+01   3.1208518E+00
   8.5829711E-01   1.4821380E-02  -1.0784661E+01   3.1260426E+00
   8.6173952E-01   2.2135228E-03  -1.0743238E+01   3.1125453E+00
   8.6348820E-01   3.6459386E-02  -1.0699039E+01   3.1182859E+00
   8.6693311E-01   8.4656194E-02  -1.0655910E+01   3.1128132E+00
   8.7025672E-01   7.9821073E-02  -1.0660563E+01   3.1035976E+00
   8.7360626E-01  -4.3308087E-02  -1.0649589E+01   3.1075482E+00
   8.7699282E-01  -1.6009450E-02  -1.0599459E+01   3.1069822E+00
   8.8178337E-01   1.0928061E-02  -1.0502477E+01   3.0997519E+00
   8.8469833E-01  -4.9280807E-02  -1.0515885E+01   3.0902407E+00
   8.8745201E-01   3.7332688E-02  -1.0477988E+01   3.1130481E+00
   8.9137328E-01   5.6951102E-02  -1.0337639E+01   3.1137891E+00
   8.9511901E-01  -1.5759019E-02  -1.0289174E+01   3.1114395E+00
   8.9754534E-01   4.6548173E-02  -1.0240602E+01   3.0951848E+00
   9.0154088E-01   4.2670734E-02  -1.0316055E+01   3.1013680E+00
   9.0451479E-01   2.5872493E-02  -1.0294632E+01   3.0994484E+00
   9.0747154E-01  -1.9455735E-02  -1.0329748E+01   3.0935733E+00
   9.1176015E-01  -3.6209999E-03  -1.0183236E+01   3.0945647E+00
   9.1452974E-01  -2.5068792E-02  -1.0166403E+01   3.0880513E+00
   9.1857177E-01   2.1518318E-03  -1.0026826E+01   3.0714040E+00
   9.2120481E-01   3.8757075E-02  -1.0049151E+01   3.0741422E+00
   9.2508274E-01   8.9570135E-02  -1.0044216E+01   3.0733962E+00
   9.2889643E-01  -1.1378647E-01  -1.0046314E+01   3.0752139E+00
   9.3141389E-01   6.9080673E-02  -9.9729538E+00   3.0624881E+00
   9.3516672E-01  -1.5434793E-02  -9.7914896E+00   3.0561395E+00
   9.3890649E-01  -1.6809284E-04  -9.8141441E+00   3.0543525E+00
   9.4139922E-01  -2.8328726E-02  -9.7582970E+00   3.0546362E+00
   9.4514519E-01   2.3862783E-02  -9.6738968E+00   3.0513856E+00
   9.4890594E-01   8.8927545E-02  -9.6099377E+00   3.0558982E+00
   9.5142496E-01   8.9231379E-02  -9.5846205E+00   3.0562513E+00
   9.5522654E-01   7.9205401E-02  -9.5577726E+00   3.0597293E+00
   9.5924252E-01   3.7034377E-02  -9.4007244E+00   3.0545294E+00
   9.6226567E-01   4.6413995E-02  -9.3544912E+00   3.0521312E+00
   9.6536785E-01   2.7153810E-02  -9.3193254E+00   3.0502191E+00
   9.6843058E-01   5.3203188E-02  -9.2589035E+00   3.0513885E+00
   9.7301626E-01   5.5261176E-02  -9.1352558E+00   3.0489383E+00
   9.7610104E-01   5.5899616E-02  -9.0845451E+00   3.0445211E+00
   9.7918797E-01   7.8340590E-02  -9.0524282E+00   3.0410075E+00
   9.8224276E-01   1.1889648E-01  -8.9325848E+00   3.0403321E+00
   9.8523808E-01   1.2301040E-01  -8.8597231E+00   3.0275784E+00
   9.8969537E-01   5.1373120E-02  -8.8180904E+00   3.0290923E+00
   9.9239939E-01   9.0136476E-02  -8.8078642E+00   3.0228801E+00
   9.9623477E-01  -9.3535622E-05  -8.7117100E+00   3.0298293E+00
   9.9886250E-01   3.6506534E-02  -8.6747580E+00   3.0347793E+00
   1.0028831E+00   8.2989290E-02  -8.5598640E+00   3.0330656E+00
   1.0058596E+00   8.3141603E-02  -8.5301790E+00   3.0302157E+00
   1.0088290E+00   8.1141129E-02  -8.4728174E+00   3.0315673E+00
   1.0132103E+00   8.2299165E-02  -8.3846884E+00   3.0356312E+00
   1.0161213E+00   5.7171673E-02  -8.3563166E+00   3.0278063E+00
   1.0190408E+00   1.2041550E-02  -8.3328505E+00   3.0344033E+00
   1.0232930E+00   8.1488103E-02  -8.1404800E+00   3.0275199E+00
   1.0260315E+00   2.0716745E-02  -8.2037907E+00   3.0207143E+00
   1.0300126E+00   1.9242698E-02  -8.2003946E+00   3.0249321E+00
   1.0325912E+00   7.0335291E-02  -7.9873090E+00   3.0254354E+00
   1.0363594E+00   8.6982027E-02  -7.9691124E+00   3.0280764E+00
   1.0400206E+00   4.8106998E-02  -7.9218607E+00   3.0251398E+00
   1.0435865E+00   4.0608048E-02  -7.8369894E+00   3.0297046E+00
   1.0468397E+00   5.9815370E-02  -7.7637630E+00   3.0228894E+00
   1.0501508E+00   5.2394856E-02  -7.7403345E+00   3.0284047E+00
   1.0530261E+00   7.3557571E-02  -7.7095423E+00   3.0268741E+00
   1.0567563E+00   4.1824788E-02  -7.5731802E+00   3.0284863E+00
   1.0599753E+00   1.6752537E-02  -7.5439472E+00   3.0291638E+00
   1.0631800E+00   2.5215283E-02  -7.5047970E+00   3.0301266E+00
   1.0670753E+00   6.4593047E-02  -7.4379969E+00   3.0299385E+00
   1.0705384E+00  -2.0513454E-02  -7.4098897E+00   3.0292442E+00
   1.0731453E+00  -3.8652487E-02  -7.3840218E+00   3.0309801E+00
   1.0773683E+00   7.3578030E-02  -7.2851181E+00   3.0320504E+00
   1.0802002E+00   6.0208067E-02  -7.2017398E+00   3.0288532E+00
   1.0830301E+00   6.8980195E-02  -7.1896062E+00   3.0314589E+00
   1.0872630E+00   4.1988809E-02  -7.0386515E+00   3.0270863E+00
   1.0900608E+00   1.5047260E-02  -6.9374390E+00   3.0183864E+00
   1.0941931E+00   7.8552403E-02  -6.9377265E+00   3.0161598E+00
   1.0969149E+00   2.0047043E-02  -6.9461331E+00   3.0227122E+00
   1.1009539E+00   2.3592144E-02  -6.9132361E+00   3.0251987E+00
   1.1036204E+00  -3.5833060E-03  -6.8626142E+00   3.0273774E+00
   1.1075732E+00   2.7604250E-02  -6.7750511E+00   3.0274730E+00
   1.1101762E+00   1.8701119E-02  -6.6716309E+00   3.0261638E+00
   1.1140362E+00  -3.3513162E-02  -6.6269178E+00   3.0282490E+00
   1.1178538E+00   2.0464407E-03  -6.5501595E+00   3.0268424E+00
   1.1203836E+00   4.6596382E-02  -6.4108825E+00   3.0256593E+00
   1.1241797E+00  -4.8326142E-02  -6.3525763E+00   3.0228226E+00
   1.1280106E+00  -3.2962023E-03  -6.3506303E+00   3.0242953E+00
   1.1305723E+00  -3.3677194E-02  -6.3808680E+00   3.0239227E+00
   1.1344285E+00  -1.0529251E-02  -6.3098021E+00   3.0217276E+00
   1.1382974E+00   4.3504104E-02  -6.2913966E+00   3.0208168E+00
   1.1408886E+00   3.1274974E-03  -6.2007833E+00   3.0178602E+00
   1.1447767E+00  -4.8938938E-03  -6.1095243E+00   3.0151489E+00
   1.1473478E+00  -1.4697054E-02  -6.0357938E+00   3.0129685E+00
   1.1511744E+00  -1.3031057E-01  -5.8625531E+00   3.0110371E+00
   1.1549665E+00   3.6701098E-02  -5.9508576E+00   3.0137782E+00
   1.1574761E+00  -4.3223955E-02  -5.8723192E+00   3.0113339E+00
   1.1609763E+00   5.1494330E-02  -5.7874289E+00   3.0131004E+00
   1.1651154E+00   5.5268813E-02  -5.8084130E+00   3.0143273E+00
   1.1684128E+00  -2.2490956E-02  -5.7274899E+00   3.0147030E+00
   1.1720521E+00  -1.7086301E-02  -5.5701690E+00   3.0126948E+00
   1.1744683E+00   8.3920129E-02  -5.6001630E+00   3.0114751E+00
   1.1780697E+00   3.0489936E-02  -5.4607682E+00   3.0117691E+00
   1.1816446E+00  -2.0629728E-02  -5.4217525E+00   3.0099463E+00
   1.1851932E+00   1.2441949E-02  -5.2629695E+00   3.0076232E+00
   1.1887162E+00  -2.3846965E-02  -5.3288078E+00   3.0075088E+00
   1.1922141E+00  -6.2475107E-03  -5.2330332E+00   3.0079098E+00
   1.1945324E+00   1.7359036E-01  -5.1677890E+00   2.9921556E+00
   1.1979897E+00   2.2150785E-02  -5.1585708E+00   3.0020564E+00
   1.2014233E+00   9.5897585E-02  -4.9967699E+00   3.0073512E+00
   1.2048341E+00  -1.7650858E-02  -4.9272580E+00   3.0075011E+00
   1.2082235E+00  -1.6564554E-01  -4.8711920E+00   3.0099723E+00
   1.2115930E+00  -6.6523790E-02  -4.7787256E+00   3.0079689E+00
   1.2149456E+00  -5.5876556E-03  -4.7243943E+00   3.0051215E+00
   1.2182844E+00  -6.6454008E-02  -4.6834612E+00   3.0100694E+00
   1.2216134E+00  -4.7164943E-02  -4.6189704E+00   3.0096660E+00
   1.2257959E+00   1.2716983E-02  -4.5690260E+00   3.0075438E+00
   1.2291713E+00   2.4786655E-02  -4.3751683E+00   3.0055542E+00
   1.2319691E+00  -7.8241676E-03  -4.3141356E+00   3.0047579E+00
   1.2355902E+00  -2.3216553E-01  -4.3393636E+00   3.0167129E+00
   1.2393405E+00   2.4626449E-02  -4.3919921E+00   3.0057874E+00
   1.2424225E+00  -6.8898492E-02  -4.1686311E+00   3.0051816E+00
   1.2455654E+00  -7.2424404E-02  -4.1411848E+00   3.0067132E+00
   1.2487578E+00  -5.8511920E-02  -3.9054661E+00   3.0151501E+00
   1.2528017E+00   1.2173072E-02  -3.9354148E+00   3.0102105E+00
   1.2560672E+00  -2.4696790E-02  -3.8408868E+00   3.0117836E+00
   1.2596101E+00  -6.5538973E-02  -3.8158126E+00   3.0170288E+00
   1.2627598E+00  -2.7002558E-02  -3.8235366E+00   3.0099723E+00
   1.2661890E+00  -1.8637462E-02  -3.8034031E+00   3.0139015E+00
   1.2695793E+00  -3.4168836E-02  -3.6047797E+00   3.0155933E+00
   1.2729319E+00  -4.3456014E-02  -3.5416536E+00   3.0157485E+00
   1.2762485E+00  -5.2535731E-02  -3.5014970E+00   3.0156891E+00
   1.2795297E+00  -2.9922510E-02  -3.3632307E+00   3.0150471E+00
   1.2827770E+00  -2.9470820E-02  -3.2687230E+00   3.0187018E+00
   1.2859912E+00   5.8213961E-03  -3.2983694E+00   3.0176141E+00
   1.2891735E+00  -4.1717637E-02  -3.1643999E+00   3.0190771E+00
   1.2933683E+00  -2.2660282E-02  -3.1104686E+00   3.0205212E+00
   1.2964795E+00   1.0147207E-02  -3.0543234E+00   3.0212605E+00
   1.2995615E+00  -1.0497005E-02  -2.9697714E+00   3.0252719E+00
   1.3036270E+00  -5.4224901E-02  -2.9685364E+00   3.0227220E+00
   1.3066443E+00  -2.7248243E-02  -2.6794729E+00   3.0302792E+00
   1.3096352E+00  -3.0909961E-02  -2.6393850E+00   3.0295279E+00
   1.3135828E+00   1.6327834E-02  -2.6615245E+00   3.0267150E+00
   1.3165143E+00  -1.5291943E-02  -2.6386371E+00   3.0317380E+00
   1.3203851E+00  -1.0221114E-01  -2.6157658E+00   3.0341761E+00
   1.3232607E+00  -3.6958847E-02  -2.5426631E+00   3.0336919E+00
   1.3270591E+00  -4.0369122E-03  -2.3079054E+00   3.0342691E+00
   1.3298819E+00  -3.2304429E-02  -2.2601540E+00   3.0216365E+00
   1.3336118E+00  -3.3575427E-02  -2.1755102E+00   3.0363507E+00
   1.3373042E+00  -8.1929319E-02  -2.1839359E+00   3.0373187E+00
   1.3400496E+00  -6.6238530E-02  -2.0863645E+00   3.0426869E+00
   1.3436790E+00   1.5556343E-02  -1.9517998E+00   3.0446744E+00
   1.3472737E+00  -1.8925151E-02  -1.8926054E+00   3.0462289E+00
   1.3508350E+00  -2.9195042E-02  -1.8127158E+00   3.0490506E+00
   1.3534843E+00  -5.2217349E-02  -1.8265055E+00   3.0514145E+00
   1.3569888E+00  -6.4897813E-02  -1.6926016E+00   3.0526490E+00
   1.3604622E+00  -9.6532166E-02  -1.7828298E+00   3.0537598E+00
   1.3639052E+00  -7.0226438E-02  -1.5515455E+00   3.0553782E+00
   1.3673185E+00  -1.9184597E-02  -1.3477894E+00   3.0565972E+00
   1.3707031E+00  -3.9891105E-02  -1.2417819E+00   3.0559464E+00
   1.3740596E+00  -4.8180785E-02  -1.2639108E+00   3.0599043E+00
   1.3773886E+00  -4.3938145E-02  -1.2104243E+00   3.0619988E+00
   1.3806909E+00  -4.4201460E-02  -1.1280175E+00   3.0642281E+00
   1.3839670E+00  -4.8888050E-02  -1.0824112E+00   3.0666919E+00
   1.3872176E+00  -3.9924029E-02  -1.0114177E+00   3.0682156E+00
   1.3912460E+00  -4.4344634E-02  -6.5657103E-01   3.0738525E+00
   1.3944414E+00  -1.7087805E-01  -6.3781273E-01   3.0776711E+00
   1.3976129E+00  -2.9791272E-03  -6.2178153E-01   3.0765715E+00
   1.4007615E+00  -1.2457464E-01  -6.6795063E-01   3.0774705E+00
   1.4046652E+00   2.1866334E-03  -5.3628492E-01   3.0780330E+00
   1.4077634E+00  -2.5554786E-02  -4.3692958E-01   3.0811198E+00
   1.4108399E+00  -6.4428613E-02  -3.6652169E-01   3.0826812E+00
   1.4146559E+00  -1.1691736E-01  -8.7406240E-02   3.0914321E+00
   1.4176854E+00  -5.6299981E-02  -3.2280825E-02   3.0893731E+00
   1.4214439E+00  -3.9983064E-02  -4.6216734E-02   3.0905249E+00
   1.4244286E+00  -3.7535969E-02  -4.6510395E-02   3.0927835E+00
   1.4281323E+00  -5.3118329E-02   1.3246858E-01   3.0976706E+00
   1.4310739E+00  -2.1976102E-02   3.0009571E-01   3.0997870E+00
   1.4347249E+00  -1.3070190E-01   3.9934966E-01   3.1037407E+00
   1.4383477E+00   7.3450923E-02   5.7439804E-01   3.1005495E+00
   1.4412261E+00  -9.2235699E-02   6.0785717E-01   3.1090603E+00
   1.4447997E+00  -3.5791263E-02   6.5035546E-01   3.1066489E+00
   1.4483467E+00  -2.9932620E-02   7.9303205E-01   3.1065917E+00
   1.4518678E+00  -5.5707347E-02   9.4684064E-01   3.1083212E+00
   1.4553635E+00  -2.5791941E-02   9.9803203E-01   3.1137986E+00
   1.4581423E+00  -7.4666150E-02   1.1198587E+00   3.1173267E+00
   1.4615936E+00  -9.7413063E-03   1.2649215E+00   3.1201501E+00
   1.4650213E+00   1.3249364E-03   1.3203374E+00   3.1267102E+00
   1.4684253E+00   1.7331753E-02   1.4383763E+00   3.1203225E+00
   1.4718065E+00  -3.7811741E-03   1.5208743E+00   3.1221428E+00
   1.4751652E+00  -3.0234322E-02   1.6383996E+00   3.1204727E+00
   1.4785019E+00  -4.2609386E-02   1.8732883E+00   3.1276455E+00
   1.4818169E+00   6.3326946E-03   1.9432173E+00   3.1306341E+00
   1.4857670E+00   2.8106065E-02   1.9207884E+00   3.1310756E+00
   1.4890360E+00  -3.7477445E-02   2.0704546E+00   3.1356440E+00
   1.4922847E+00  -5.3623444E-03   2.1049981E+00   3.1369259E+00
   1.4955133E+00  -1.4950326E-02   2.2787561E+00   3.1359701E+00
   1.4987223E+00  -6.3593648E-02   2.6739807E+00   3.1492062E+00
   1.5025479E+00  -2.8667264E-02   2.6642871E+00   3.1529138E+00
   1.5057151E+00   5.4010758E-03   2.6200013E+00   3.1493757E+00
   1.5088638E+00  -4.4417802E-02   2.5511365E+00   3.1475925E+00
   1.5126182E+00  -7.0026438E-03   2.8548267E+00   3.1470659E+00
   1.5157274E+00   1.0986166E-02   3.1064165E+00   3.1477656E+00
   1.5194352E+00  -1.6889011E-02   3.6955755E+00   3.1602898E+00
   1.5225061E+00  -1.0820690E-02   2.9587078E+00   3.1576087E+00
   1.5261691E+00  -3.3346843E-02   3.0786808E+00   3.1471331E+00
   1.5292033E+00  -1.5595828E-02   4.1721048E+00   3.1705029E+00
   1.5328230E+00  -7.1549518E-03   3.8351490E+00   3.1703944E+00
   1.5358217E+00  -8.9598512E-03   3.3649099E+00   3.1620455E+00
   1.5393994E+00  -1.9513778E-02   4.3161907E+00   3.1680551E+00
   1.5429550E+00   1.2905854E-02   4.3776312E+00   3.1683660E+00
   1.5464888E+00  -5.1047377E-02   3.8094888E+00   3.1780140E+00
   1.5494171E+00  -6.2810634E-03   4.0880899E+00   3.1839919E+00
   1.5529120E+00  -1.4282441E-02   5.0429440E+00   3.1774328E+00
   1.5563861E+00  -1.0908947E-02   4.1598501E+00   3.1602328E+00
   1.5598398E+00  -1.1666824E-02   4.4237480E+00   3.1826847E+00
   1.5632735E+00  -7.0354216E-02   4.7907805E+00   3.1775956E+00
   1.5666877E+00  -4.1948855E-02   5.1750741E+00   3.1782088E+00
   1.5700824E+00  -4.8977695E-02   5.5273395E+00   3.2404315E+00
   1.5734583E+00  -3.0642843E-02   4.7954378E+00   3.2015607E+00
   1.5768154E+00  -7.8224689E-03   5.1745229E+00   3.1422248E+00
   1.5801541E+00  -3.3377007E-02   5.6183019E+00   3.1427193E+00
   1.5834748E+00  -2.3234569E-02   5.6788225E+00   3.1555631E+00
   1.5867777E+00   1.4839289E-02   5.6372232E+00   3.5536625E+00
   1.5900631E+00  -4.6369340E-02   5.7951918E+00   3.1596696E+00
   1.5933312E+00  -4.7375511E-02   6.0433092E+00   3.2877164E+00
   1.5965824E+00  -6.6301688E-03   6.0299606E+00   3.2547488E+00
   1.6003544E+00  -4.2117186E-02   5.9764514E+00   3.1473815E+00
   1.6035697E+00  -5.0763119E-02   6.4608555E+00   3.1407409E+00
   1.6067690E+00   9.8747369E-03   6.4795613E+00   3.1925399E+00
   1.6104813E+00   8.7326288E-02   6.3613482E+00   3.1760480E+00
   1.6136463E+00  -9.0690315E-02   6.6732082E+00   3.1506248E+00
   1.6173193E+00   1.2923084E-01   7.1215711E+00   3.3282063E+00
   1.6204512E+00  -8.7207094E-02   6.9273758E+00   3.3114214E+00
   1.6240863E+00  -4.0169753E-02   6.9719801E+00   3.2906363E+00
   1.6271862E+00  -9.3648839E-01   4.4243321E+00   3.2080166E+00
   1.6307843E+00  -9.4488287E-01   6.5044374E+00   3.3141873E+00
   1.6338531E+00  -1.3207620E+00   7.3806877E+00   2.9615743E+00
   1.6374154E+00  -4.2061187E-02   7.5883493E+00   3.1571527E+00
   1.6409590E+00  -4.3023013E-02   7.7969351E+00   3.2535248E+00
   1.6439817E+00  -2.4053387E-02   7.7694230E+00   3.2618046E+00
   1.6474911E+00  -4.0634669E-02   8.2328186E+00   3.1972296E+00
   1.6509825E+00  -6.6676088E-02   7.9197197E+00   3.2043650E+00
   1.6544561E+00  -6.1864099E-03   8.0136738E+00   3.2753778E+00
   1.6574197E+00  -1.8811040E-03   8.5763035E+00   3.3524463E+00
   1.6608611E+00   7.8572013E-04   8.5172997E+00   3.3365169E+00
   1.6642857E+00  -5.1303789E-02   9.5949574E+00   3.3114336E+00
   1.6676935E+00   1.8620661E-02   6.3131089E+00   3.2677369E+00
   1.6710848E+00  -3.7303336E-02   7.4653215E+00   3.3084347E+00
   1.6744597E+00   2.4199834E-02   8.9122076E+00   3.3051889E+00
   1.6778188E+00   7.8303337E-02   9.8310137E+00   3.3321273E+00
   1.6811620E+00  -2.8850989E-02   9.2698240E+00   3.2935002E+00
   1.6844896E+00  -6.9770417E-03   8.6726952E+00   3.2949190E+00
   1.6878020E+00  -3.8552176E-02   1.0045465E+01   3.3492889E+00
   1.6915689E+00   3.3485584E-02   8.7533627E+00   3.2726960E+00
   1.6948489E+00  -4.8590121E-03   9.3957043E+00   3.3231564E+00
   1.6981143E+00   1.3453091E-02   8.6702929E+00   3.2924318E+00
   1.7013652E+00  -7.0100240E-02   9.4705086E+00   3.3129549E+00
   1.7050629E+00  -2.5743904E-02   1.0026628E+01   3.3305809E+00
   1.7082833E+00   1.3305381E-02   9.6372223E+00   3.3376153E+00
   1.7114898E+00  -1.9791441E-02   9.8263588E+00   3.3566575E+00
   1.7151375E+00  -3.5520069E-02   1.0873178E+01   3.3737311E+00
   1.7183148E+00  -5.0818525E-02   1.0105700E+01   3.3661664E+00
   1.7219296E+00   1.6420338E-02   1.0360293E+01   3.3682568E+00
   1.7250782E+00  -2.7415013E-02   1.0994426E+01   3.3750851E+00
   1.7286609E+00   4.8946455E-02   1.0320335E+01   3.3734071E+00
   1.7317820E+00  -1.2777504E-01   1.1188588E+01   3.3924892E+00
   1.7353334E+00   7.3657498E-02   1.1074288E+01   3.4044387E+00
   1.7384275E+00  -5.7600040E-02   1.0815958E+01   3.4009249E+00
   1.7419485E+00  -4.4477649E-02   1.1064493E+01   3.3989027E+00
   1.7454535E+00   4.3827254E-02   1.1376901E+01   3.4062514E+00
   1.7489429E+00  -7.0752390E-02   1.1362873E+01   3.4102070E+00
   1.7519833E+00   3.9124679E-02   1.1457069E+01   3.4174063E+00
   1.7554438E+00   4.8543945E-02   1.1589294E+01   3.4215195E+00
   1.7588891E+00  -2.9717498E-02   1.1701020E+01   3.4288185E+00
   1.7623196E+00   2.9795108E-02   1.1857476E+01   3.4392085E+00
   1.7657353E+00   9.7537469E-03   1.1842205E+01   3.4416764E+00
   1.7691364E+00  -1.6948791E-02   1.1929235E+01   3.4422765E+00
   1.7725232E+00   1.1214349E-01   1.2050198E+01   3.4492679E+00
   1.7758958E+00  -1.3256859E-03   1.2245663E+01   3.4493921E+00
   1.7792544E+00  -5.7376187E-02   1.2346213E+01   3.4692845E+00
   1.7825992E+00   1.0907479E-02   1.2372009E+01   3.4649920E+00
   1.7859304E+00   9.4753578E-02   1.2459117E+01   3.4662356E+00
   1.7892480E+00  -2.4496449E-02   1.2575595E+01   3.4765937E+00
   1.7924747E+00  -1.6261792E-01   1.2743720E+01   3.4808736E+00
   1.7962444E+00   2.1205839E-02   1.2740365E+01   3.4866352E+00
   1.7994455E+00   1.3476719E-01   1.2978554E+01   3.4958854E+00
   1.8022914E+00   7.5115203E-03   1.3038445E+01   3.5129778E+00
   1.8067118E+00   2.7946999E-02   1.2979613E+01   3.5068605E+00
   1.8089812E+00  -1.5724778E-02   1.3132656E+01   3.4997568E+00

