  flscon:  version 23.2.0.01  win64 2022 
 FLOW-3D   16:31:12  02/12/2024 cero     
   hydr3d   version  23.2.0.20 win64     12/04/2023 HYDRO    
 Simulation Template: Free Surface - TruVOF (Default)                            

Mesh Block   1
 printing pfxob, pfyob, pfzob       
       1     1002      0.000E+00      3.376E+00
   time              pfxob_1         pfyob_1         pfzob_1
   0.0000000E+00   6.5190863E-04   4.9708872E+00  -1.6826200E-01
   5.9783657E-04   5.7431471E-02  -6.4767487E+02   6.9626508E+00
   3.2673862E-03   2.0623705E-03   4.6042061E+00   6.4944066E-02
   6.9190143E-03   8.6962571E-03   4.7577033E+00   4.8215602E-02
   1.0019867E-02   4.6267956E-03   4.8381052E+00   4.8377447E-02
   1.3788973E-02   7.5412467E-03   4.9089351E+00   3.4478068E-02
   1.6645558E-02   2.8068249E-03   4.9626389E+00   3.7455056E-02
   1.9952413E-02   5.6519723E-03   5.0158577E+00   1.4647681E-02
   2.3591267E-02   9.4090430E-03   5.0682349E+00   7.6617305E-03
   2.6330516E-02   7.8147566E-03   5.1118984E+00   7.4494551E-03
   3.0974718E-02   7.0910230E-03   5.1759343E+00  -6.0397838E-03
   3.3819895E-02   7.3104496E-03   5.2114816E+00  -9.5459661E-03
   3.6810648E-02   6.9312318E-03   5.2559838E+00  -1.2041962E-02
   4.0095083E-02   7.4968473E-03   5.3052502E+00  -1.9302495E-02
   4.4403180E-02   3.3105286E-03   5.3662906E+00  -2.6537208E-02
   4.7325209E-02   7.0676147E-03   5.4012265E+00  -2.5261730E-02
   5.0045725E-02   5.3177513E-03   5.4618344E+00  -2.6263438E-02
   5.4658175E-02   7.8206519E-03   5.5170426E+00  -3.4018937E-02
   5.7778291E-02   9.2691472E-03   5.5712910E+00  -3.4816626E-02
   6.1193790E-02   3.2536222E-03   5.6074677E+00  -5.1030159E-02
   6.3607335E-02   3.1252312E-03   5.6617837E+00  -3.1893052E-02
   6.7699328E-02   7.3812851E-03   5.7582841E+00  -5.3478219E-02
   7.0673868E-02   7.3076291E-03   5.7226386E+00  -5.2619226E-02
   7.3842190E-02   1.2360713E-03   5.8408980E+00  -5.4037709E-02
   7.7231757E-02   6.0758437E-03   5.8409677E+00  -5.7219319E-02
   8.0667131E-02   4.5339535E-03   5.8644962E+00  -6.6823408E-02
   8.4139258E-02   5.5500590E-03   5.9723787E+00  -7.6658875E-02
   8.7294713E-02   4.6702637E-03   5.9717317E+00  -7.6123074E-02
   9.1204092E-02   4.7524464E-03   6.0444798E+00  -8.9247435E-02
   9.5218338E-02   8.9526046E-03   6.1394868E+00  -9.8003119E-02
   9.7839050E-02   1.0924776E-02   6.1502452E+00  -9.9690557E-02
   1.0068225E-01   8.1479866E-03   6.1627078E+00  -1.0157861E-01
   1.0537829E-01   8.9994110E-03   6.2452722E+00  -1.0760487E-01
   1.0765216E-01   9.3250722E-03   6.3043237E+00  -1.1627973E-01
   1.1131958E-01   9.8456191E-03   6.3415332E+00  -1.2664513E-01
   1.1408032E-01   8.7455986E-03   6.3693457E+00  -1.3153194E-01
   1.1855239E-01   3.7098695E-03   6.4607859E+00  -1.3996655E-01
   1.2139501E-01   9.9385716E-03   6.4866509E+00  -1.4073569E-01
   1.2546007E-01   8.9267865E-03   6.5374479E+00  -1.4967321E-01
   1.2857889E-01   9.2734601E-03   6.6100597E+00  -1.5721604E-01
   1.3215795E-01   9.8176980E-03   6.6349344E+00  -1.6071859E-01
   1.3541672E-01   1.1851938E-02   6.7353196E+00  -1.7091213E-01
   1.3868999E-01   1.4718614E-02   6.7595348E+00  -1.7487828E-01
   1.4151622E-01   1.2674797E-02   6.7903080E+00  -1.8085454E-01
   1.4468221E-01   1.6392000E-02   6.8467383E+00  -1.8731120E-01
   1.4916123E-01   1.5070003E-02   6.9280863E+00  -1.8925779E-01
   1.5167536E-01   1.9577708E-02   6.9568663E+00  -1.9362649E-01
   1.5497714E-01   1.7908581E-02   7.0278902E+00  -1.9622111E-01
   1.5863794E-01   1.6712893E-02   7.0840788E+00  -1.9476128E-01
   1.6159035E-01   1.4591700E-02   7.1261134E+00  -1.9177367E-01
   1.6549061E-01   1.8900946E-02   7.2024107E+00  -1.8176487E-01
   1.6921024E-01   1.7645424E-02   7.2533164E+00  -1.9167230E-01
   1.7183557E-01   2.6481047E-02   7.2971683E+00  -1.9093955E-01
   1.7595050E-01   2.7583336E-02   7.3567557E+00  -2.0058744E-01
   1.7852311E-01   1.9301355E-02   7.3848591E+00  -2.0582193E-01
   1.8261392E-01   2.8321100E-02   7.4649606E+00  -1.9772865E-01
   1.8597446E-01   2.6982332E-02   7.5129180E+00  -1.9371904E-01
   1.8928175E-01   2.9588917E-02   7.5798278E+00  -1.9428183E-01
   1.9209287E-01   1.8009644E-02   7.5989890E+00  -1.9876033E-01
   1.9579583E-01   3.0353280E-02   7.6839185E+00  -1.8608202E-01
   1.9923297E-01   2.3399970E-02   7.7006493E+00  -1.9076484E-01
   2.0285021E-01   2.8109459E-02   7.7706785E+00  -1.9680218E-01
   2.0592186E-01   2.8221568E-02   7.8195190E+00  -1.8551697E-01
   2.0933379E-01   4.4294935E-02   7.8493252E+00  -1.7495069E-01
   2.1273586E-01   2.9226216E-02   7.8306370E+00  -1.7494050E-01
   2.1584371E-01   3.0951886E-02   7.8998947E+00  -1.7092150E-01
   2.1947722E-01   4.6018772E-02   8.1254568E+00  -2.0003809E-01
   2.2289076E-01   2.4090301E-02   8.0179720E+00  -2.1656349E-01
   2.2649008E-01   3.4703244E-02   8.0861864E+00  -2.0301677E-01
   2.2986379E-01   2.6926145E-02   8.1104851E+00  -1.8858017E-01
   2.3265450E-01   1.3661700E-02   8.1516714E+00  -2.6787448E-01
   2.3608381E-01   4.2314019E-02   8.2067080E+00  -2.4030128E-01
   2.3943023E-01   2.6701072E-02   8.2538776E+00  -2.4896653E-01
   2.4334718E-01   3.9778225E-02   8.3008165E+00  -2.5081402E-01
   2.4653958E-01   4.1993733E-02   8.3439837E+00  -2.7301165E-01
   2.4965782E-01   3.6076561E-02   8.3425493E+00  -2.7992031E-01
   2.5336447E-01   2.6866509E-02   8.3912134E+00  -2.8551245E-01
   2.5638819E-01   2.6004292E-02   8.4532528E+00  -2.8419113E-01
   2.5994349E-01   1.1497774E-02   8.4857206E+00  -3.1296915E-01
   2.6323122E-01   5.6093119E-02   8.5318403E+00  -3.4775087E-01
   2.6653135E-01   4.4477705E-02   8.5282393E+00  -3.1005818E-01
   2.6998773E-01   6.6391610E-02   8.5397272E+00  -3.5909203E-01
   2.7331126E-01   6.2402073E-02   8.4677620E+00  -3.4947276E-01
   2.7697700E-01   7.4847199E-02   8.5732918E+00  -3.8162535E-01
   2.8010139E-01  -4.2911086E-02   8.5319748E+00  -3.6408579E-01
   2.8369924E-01   6.7224599E-02   8.5150251E+00  -3.8821319E-01
   2.8715518E-01   6.7597903E-02   8.5924759E+00  -4.0480730E-01
   2.9029393E-01   6.5667905E-02   8.6390238E+00  -4.2582947E-01
   2.9357943E-01   5.9506111E-02   8.6266699E+00  -4.0669873E-01
   2.9696846E-01   5.2967768E-02   8.5624390E+00  -4.2631784E-01
   3.0038559E-01   5.2049819E-02   8.5722466E+00  -4.3577453E-01
   3.0374250E-01   2.6927907E-02   8.5952721E+00  -4.3157813E-01
   3.0733141E-01   3.5089809E-02   8.5952377E+00  -4.6234211E-01
   3.1040940E-01   4.7260541E-02   8.5760965E+00  -4.6206191E-01
   3.1381491E-01   3.2337017E-02   8.5750151E+00  -4.6871310E-01
   3.1720203E-01   2.2462055E-02   8.5699339E+00  -4.7225803E-01
   3.2086948E-01   5.8595665E-02   8.5240564E+00  -4.7628659E-01
   3.2417312E-01   8.4097311E-03   8.5932894E+00  -4.8685008E-01
   3.2742324E-01   3.6450800E-02   8.4776926E+00  -4.8054761E-01
   3.3073092E-01   9.0062935E-03   8.4318581E+00  -4.6256784E-01
   3.3403197E-01   1.5861096E-02   8.4414577E+00  -4.8026565E-01
   3.3733413E-01   9.7591775E-03   8.3617992E+00  -4.9290973E-01
   3.4065536E-01   1.8183120E-02   8.3825254E+00  -5.0015497E-01
   3.4447405E-01   1.3273093E-02   8.3092117E+00  -4.6595350E-01
   3.4778106E-01   2.4961405E-02   8.2482281E+00  -5.0500321E-01
   3.5134965E-01   2.8274421E-02   8.2789335E+00  -5.2461648E-01
   3.5448027E-01   1.0773541E-02   8.2318850E+00  -5.2954978E-01
   3.5782847E-01   2.9701242E-02   8.1304092E+00  -5.3135914E-01
   3.6115786E-01   1.6272502E-02   8.1174965E+00  -5.4978353E-01
   3.6494032E-01   3.1509154E-02   8.0569239E+00  -5.5491525E-01
   3.6792648E-01   1.9479830E-02   8.0176287E+00  -5.7043356E-01
   3.7127700E-01   3.0193573E-02   7.9356847E+00  -5.6787378E-01
   3.7494323E-01   1.5302099E-02   7.8473091E+00  -5.9054822E-01
   3.7809432E-01   1.9580284E-02   7.8455782E+00  -5.9600407E-01
   3.8133654E-01   3.7581675E-02   7.7711840E+00  -6.1128730E-01
   3.8459992E-01   2.5151975E-02   7.6174006E+00  -6.2520087E-01
   3.8821819E-01   5.1556166E-02   7.5837212E+00  -6.4893210E-01
   3.9140394E-01  -1.1430206E-04   7.4422855E+00  -6.7651063E-01
   3.9519295E-01   4.5762490E-02   7.4735169E+00  -6.4945251E-01
   3.9816719E-01   2.2932436E-02   7.2928028E+00  -6.8192190E-01
   4.0174934E-01  -1.2366224E-02   7.1765232E+00  -6.7281759E-01
   4.0506637E-01   7.9584226E-02   7.2493463E+00  -6.7177480E-01
   4.0835711E-01  -1.5427246E-02   7.0531044E+00  -7.3777026E-01
   4.1180351E-01   1.0408886E-02   6.9669437E+00  -7.2911447E-01
   4.1541213E-01   2.1282895E-02   6.8896103E+00  -7.2589999E-01
   4.1859618E-01   4.4834659E-02   6.7675581E+00  -7.3980767E-01
   4.2200840E-01   3.4912501E-02   6.6412878E+00  -7.9811716E-01
   4.2526078E-01  -1.1004101E-02   6.5367212E+00  -7.8768927E-01
   4.2884588E-01   3.4186099E-02   6.4348531E+00  -7.8949815E-01
   4.3233186E-01   1.4991120E-02   6.2881742E+00  -8.2916391E-01
   4.3557948E-01   1.8121229E-02   6.1929355E+00  -8.5744005E-01
   4.3914858E-01   2.6978958E-02   6.0223837E+00  -8.7708008E-01
   4.4211662E-01   1.7271973E-02   5.9193411E+00  -8.7182492E-01
   4.4568571E-01   3.7352186E-02   5.8167233E+00  -8.8606828E-01
   4.4887555E-01   3.0790787E-02   5.6390018E+00  -9.2679298E-01
   4.5227480E-01   1.1431064E-03   5.5389080E+00  -9.7818768E-01
   4.5574018E-01   2.1370426E-02   5.3735113E+00  -9.4528949E-01
   4.5905644E-01   3.6628901E-03   5.2474270E+00  -9.5497823E-01
   4.6251139E-01   2.8911168E-02   4.9756999E+00  -1.0125402E+00
   4.6597981E-01   5.4084240E-03   5.0666943E+00  -9.5654064E-01
   4.6928304E-01   2.8003082E-02   4.7745137E+00  -1.0010895E+00
   4.7262532E-01   1.7732343E-02   4.8097429E+00  -1.0334232E+00
   4.7612527E-01   2.9651523E-03   4.5564685E+00  -1.0393894E+00
   4.7915524E-01   1.7642115E-03   4.4183841E+00  -1.0566916E+00
   4.8307934E-01   3.4969398E-03   4.2563486E+00  -1.0705186E+00
   4.8597673E-01   1.2671772E-02   4.1340594E+00  -1.0895802E+00
   4.8940423E-01  -1.2307436E-02   3.9512143E+00  -1.1020424E+00
   4.9298981E-01   1.2188424E-02   3.7410979E+00  -1.1152828E+00
   4.9647784E-01  -1.4017287E-03   3.6681173E+00  -1.1303470E+00
   4.9931499E-01  -3.1706826E-03   3.5306122E+00  -1.1347378E+00
   5.0280422E-01   2.2921752E-02   3.2528682E+00  -1.1610647E+00
   5.0637996E-01   6.7185606E-03   3.1806307E+00  -1.1838560E+00
   5.0990373E-01   2.2062778E-02   3.0686638E+00  -1.1898489E+00
   5.1328778E-01   2.0768709E-02   2.8201578E+00  -1.1958376E+00
   5.1682621E-01   2.2422511E-02   2.5481150E+00  -1.1984687E+00
   5.1959336E-01   8.3874809E-03   2.5825145E+00  -1.2190304E+00
   5.2355504E-01   2.8710565E-02   2.3552482E+00  -1.2446669E+00
   5.2635646E-01   1.2800309E-02   2.2013268E+00  -1.2469625E+00
   5.2977210E-01   2.6275221E-02   1.9898219E+00  -1.2600495E+00
   5.3371745E-01   2.4363818E-02   1.7903718E+00  -1.2775723E+00
   5.3691179E-01   1.1802668E-02   1.5982819E+00  -1.2734299E+00
   5.3997785E-01   1.4535655E-02   1.5380534E+00  -1.2990497E+00
   5.4363620E-01   9.5690964E-03   1.3324456E+00  -1.3038524E+00
   5.4672235E-01  -5.9104674E-03   1.1734245E+00  -1.3215451E+00
   5.5048764E-01   1.3206271E-02   9.7045118E-01  -1.3312979E+00
   5.5395788E-01   7.6868897E-03   8.1129509E-01  -1.3341244E+00
   5.5687338E-01   9.4725238E-03   6.8982512E-01  -1.3423748E+00
   5.6030780E-01   2.3664325E-02   4.8873731E-01  -1.3435985E+00
   5.6375045E-01  -2.0450288E-02   2.9324210E-01  -1.3582245E+00
   5.6720728E-01   6.8951356E-03   1.3859443E-01  -1.3708894E+00
   5.7078028E-01   2.2959331E-02  -1.5897993E-02  -1.3773789E+00
   5.7407886E-01   1.0077141E-02  -1.9042268E-01  -1.3724295E+00
   5.7734579E-01   3.1822685E-02  -4.0207797E-01  -1.3737684E+00
   5.8042294E-01  -5.1229559E-03  -5.0188547E-01  -1.3921211E+00
   5.8417261E-01   1.6014301E-03  -6.7020613E-01  -1.3863680E+00
   5.8723611E-01   2.2796968E-02  -8.8897783E-01  -1.3841434E+00
   5.9064829E-01  -5.9224106E-03  -9.6899074E-01  -1.4032100E+00
   5.9394616E-01  -3.1666048E-02  -1.1887232E+00  -1.4027952E+00
   5.9791523E-01  -9.0428945E-03  -1.4045664E+00  -1.3980997E+00
   6.0100996E-01   2.8028177E-02  -1.5127624E+00  -1.4112592E+00
   6.0417360E-01  -3.6290467E-02  -1.6458836E+00  -1.3873265E+00
   6.0732305E-01  -1.0504610E-02  -1.7726181E+00  -1.3886999E+00
   6.1092299E-01  -4.2524219E-02  -1.9137745E+00  -1.3744859E+00
   6.1450535E-01   6.9728307E-03  -2.1400630E+00  -1.3780905E+00
   6.1806214E-01   1.6920416E-02  -2.3491426E+00  -1.3629482E+00
   6.2143654E-01  -2.5825661E-02  -2.4300308E+00  -1.3596839E+00
   6.2448615E-01  -9.6950466E-03  -2.5483849E+00  -1.3497382E+00
   6.2775296E-01  -2.2157107E-02  -2.7415860E+00  -1.3308673E+00
   6.3153702E-01  -1.2739822E-02  -2.8172972E+00  -1.3136299E+00
   6.3495231E-01  -2.5424419E-02  -2.9879382E+00  -1.3029221E+00
   6.3789910E-01  -1.4573619E-02  -3.1917768E+00  -1.2961613E+00
   6.4147097E-01  -2.0323003E-02  -3.2432475E+00  -1.2747664E+00
   6.4507341E-01  -7.1945490E-04  -3.3416557E+00  -1.2538333E+00
   6.4844406E-01  -5.2017518E-03  -3.4830799E+00  -1.2448516E+00
   6.5183157E-01   2.3705033E-03  -3.7580118E+00  -1.2140011E+00
   6.5490144E-01  -1.9871391E-02  -3.8023705E+00  -1.2130796E+00
   6.5849060E-01  -6.2484358E-02  -3.8562226E+00  -1.2230785E+00
   6.6144884E-01  -7.6686352E-02  -3.9808023E+00  -1.1957839E+00
   6.6505468E-01   7.5894152E-03  -4.1521330E+00  -1.1607139E+00
   6.6816854E-01  -1.8332744E-02  -4.1763477E+00  -1.1389977E+00
   6.7204291E-01   3.5492223E-02  -4.3990321E+00  -1.1336653E+00
   6.7546159E-01  -1.7033758E-02  -4.4581876E+00  -1.1014786E+00
   6.7854887E-01  -4.1530650E-02  -4.5552564E+00  -1.0829357E+00
   6.8194288E-01  -4.0755026E-02  -4.6260080E+00  -1.0680784E+00
   6.8535823E-01  -2.0084376E-02  -4.7244444E+00  -1.0616148E+00
   6.8902469E-01  -7.5189926E-02  -4.8609562E+00  -1.0330240E+00
   6.9211465E-01  -5.5762690E-02  -4.9204159E+00  -1.0302764E+00
   6.9544035E-01   8.5306319E-04  -5.0343294E+00  -1.0062293E+00
   6.9933647E-01  -5.4585140E-02  -5.1215987E+00  -9.9747771E-01
   7.0244020E-01   2.2392981E-02  -5.1764565E+00  -9.8467273E-01
   7.0541579E-01  -4.4221852E-02  -5.2871308E+00  -9.6959186E-01
   7.0918536E-01   1.6966546E-03  -5.3752637E+00  -9.5883584E-01
   7.1245557E-01  -5.6390375E-02  -5.4327917E+00  -9.3970108E-01
   7.1565539E-01  -3.0247934E-02  -5.5503745E+00  -9.2437834E-01
   7.1943629E-01  -3.7743244E-02  -5.5935683E+00  -9.1894877E-01
   7.2235364E-01  -5.4241356E-02  -5.6519780E+00  -8.9835638E-01
   7.2581744E-01  -5.7002664E-02  -5.7546568E+00  -8.9817733E-01
   7.2948593E-01  -1.4120734E-02  -5.8256278E+00  -8.7201315E-01
   7.3282635E-01  -4.6306666E-02  -5.8720570E+00  -8.5406184E-01
   7.3627180E-01  -1.6482575E-02  -5.9326615E+00  -8.3915544E-01
   7.3957819E-01  -3.6886856E-02  -5.9914041E+00  -8.1731111E-01
   7.4290186E-01  -4.7590937E-02  -6.0686650E+00  -8.0302948E-01
   7.4641573E-01  -3.1746462E-02  -6.1040373E+00  -7.7820969E-01
   7.4917376E-01  -2.7506368E-02  -6.1414809E+00  -7.7197552E-01
   7.5312787E-01   4.3211775E-03  -6.1785207E+00  -7.5401163E-01
   7.5638080E-01  -4.5386761E-02  -6.2976956E+00  -7.2326452E-01
   7.5940186E-01  -2.5048912E-02  -6.3315516E+00  -7.2304928E-01
   7.6332760E-01  -2.4116198E-02  -6.3531060E+00  -7.0065850E-01
   7.6615447E-01   2.6851274E-02  -6.4857244E+00  -6.9387710E-01
   7.6999968E-01  -1.5336918E-02  -6.5148187E+00  -6.6850019E-01
   7.7346712E-01   5.2144430E-03  -6.5123053E+00  -6.4921767E-01
   7.7644897E-01  -2.1449687E-02  -6.5584412E+00  -6.4529467E-01
   7.7982432E-01  -3.2774460E-02  -6.5955725E+00  -6.3414770E-01
   7.8350401E-01  -4.2057220E-02  -6.6631575E+00  -6.0964376E-01
   7.8654069E-01  -1.1668589E-02  -6.6754308E+00  -5.9760487E-01
   7.9023576E-01  -3.9491810E-02  -6.7315502E+00  -5.9059799E-01
   7.9307336E-01  -4.8246674E-02  -6.7843018E+00  -5.7436311E-01
   7.9660296E-01  -4.5886483E-02  -6.8153415E+00  -5.5509096E-01
   8.0045807E-01  -1.9175582E-02  -6.8497787E+00  -5.5936533E-01
   8.0323416E-01  -1.6991029E-02  -6.9036798E+00  -5.4098213E-01
   8.0683333E-01  -6.2379979E-02  -6.8788934E+00  -5.2225852E-01
   8.0979526E-01  -1.3408807E-02  -6.9128633E+00  -5.0863892E-01
   8.1387812E-01  -5.8596324E-02  -7.0176849E+00  -4.9982747E-01
   8.1700122E-01  -9.2978710E-03  -6.9907055E+00  -4.8946607E-01
   8.2010132E-01  -2.9335098E-02  -7.0416927E+00  -4.8410475E-01
   8.2424372E-01  -2.6707560E-02  -7.1159220E+00  -4.7026563E-01
   8.2734072E-01  -1.2803509E-02  -7.0801368E+00  -4.5876923E-01
   8.3052695E-01  -2.6799181E-02  -7.1149940E+00  -4.4886801E-01
   8.3371431E-01  -4.3970160E-02  -7.1485152E+00  -4.4718513E-01
   8.3697498E-01  -5.5405824E-03  -7.1656947E+00  -4.2954618E-01
   8.4021819E-01  -1.4901141E-02  -7.1392274E+00  -4.2593172E-01
   8.4349686E-01  -6.4776745E-03  -7.1885633E+00  -4.0810913E-01
   8.4689403E-01  -2.4217835E-02  -7.2267017E+00  -4.0809572E-01
   8.5061967E-01  -7.8994194E-03  -7.2296662E+00  -3.9328349E-01
   8.5371220E-01  -4.2387500E-02  -7.2495356E+00  -3.8007060E-01
   8.5716736E-01   2.1497779E-02  -7.2175283E+00  -3.7677807E-01
   8.6059809E-01  -7.7853142E-03  -7.2838840E+00  -3.6909249E-01
   8.6377507E-01   2.4167899E-02  -7.2756743E+00  -3.6252829E-01
   8.6809015E-01   3.2292088E-03  -7.2995262E+00  -3.4515443E-01
   8.7128121E-01   1.4515671E-02  -7.2750177E+00  -3.4450588E-01
   8.7428445E-01   4.2227801E-02  -7.3552408E+00  -3.4035546E-01
   8.7742418E-01   4.4026334E-02  -7.2996664E+00  -3.0675215E-01
   8.8139099E-01   3.8508255E-02  -7.3142586E+00  -3.1132603E-01
   8.8423872E-01   9.6368585E-03  -7.3759403E+00  -3.0122718E-01
   8.8785213E-01   2.5754336E-02  -7.3046012E+00  -2.8389710E-01
   8.9148009E-01   2.2841113E-02  -7.3502173E+00  -2.7530247E-01
   8.9480269E-01   4.0685058E-02  -7.3477154E+00  -2.7990815E-01
   8.9826012E-01   2.0721272E-02  -7.3150859E+00  -2.5943276E-01
   9.0141851E-01   2.8856387E-02  -7.3354621E+00  -2.6332822E-01
   9.0494269E-01   3.3442847E-02  -7.3735814E+00  -2.6243290E-01
   9.0790474E-01   5.9544440E-02  -7.3066139E+00  -2.3842476E-01
   9.1187090E-01   3.5614904E-02  -7.3438144E+00  -2.3850957E-01
   9.1504204E-01   3.0663040E-02  -7.3506994E+00  -2.3015627E-01
   9.1786140E-01   5.9974682E-02  -7.3228083E+00  -2.2417539E-01
   9.2212707E-01   5.0932728E-02  -7.3247161E+00  -2.0767727E-01
   9.2507374E-01   1.5241436E-02  -7.3008347E+00  -2.0122640E-01
   9.2855799E-01   4.5623269E-02  -7.2734723E+00  -2.0686492E-01
   9.3194836E-01   7.0034973E-02  -7.2928877E+00  -1.8746820E-01
   9.3515021E-01   3.6302969E-02  -7.2847695E+00  -1.7696467E-01
   9.3848991E-01   4.3150183E-02  -7.2826300E+00  -1.7185004E-01
   9.4225544E-01   6.4288072E-02  -7.2813921E+00  -1.6308732E-01
   9.4502491E-01   9.3641602E-02  -7.2251496E+00  -1.5285408E-01
   9.4835895E-01   3.1968344E-02  -7.2094355E+00  -1.4454247E-01
   9.5239973E-01   5.0862815E-02  -7.1956601E+00  -1.3703348E-01
   9.5504040E-01   5.7106871E-02  -7.2130780E+00  -1.3112715E-01
   9.5844179E-01   7.2752617E-02  -7.1760731E+00  -1.1809772E-01
   9.6178228E-01   6.4879432E-02  -7.1472030E+00  -1.0572085E-01
   9.6588379E-01   6.3513339E-02  -7.1369433E+00  -1.0520310E-01
   9.6918684E-01   4.9748268E-02  -7.1459098E+00  -1.1664059E-01
   9.7243655E-01   5.6850925E-02  -7.0728245E+00  -9.6683383E-02
   9.7562546E-01   4.9474951E-02  -7.0849576E+00  -8.5833423E-02
   9.7870499E-01   4.5568835E-02  -7.0663333E+00  -7.9041861E-02
   9.8258024E-01   5.8543354E-02  -7.0500617E+00  -7.3221587E-02
   9.8563123E-01   6.6664569E-02  -7.0330977E+00  -7.1718551E-02
   9.8938656E-01   5.6563560E-02  -6.9931297E+00  -6.5556206E-02
   9.9233103E-01   6.2959775E-02  -6.9868336E+00  -5.8320280E-02
   9.9597782E-01   4.7807917E-02  -6.9246058E+00  -5.2976355E-02
   9.9956828E-01   3.8755912E-02  -6.8686852E+00  -5.2609719E-02
   1.0024021E+00   6.0421288E-02  -6.8797431E+00  -4.8702165E-02
   1.0058979E+00   1.0909097E-01  -6.8336368E+00  -6.5316074E-02
   1.0093445E+00   5.0695103E-02  -6.8093262E+00  -4.5732636E-02
   1.0127439E+00   4.8885293E-02  -6.8048959E+00  -3.2700095E-02
   1.0160984E+00   6.4070284E-02  -6.7655864E+00  -3.2367960E-02
   1.0194097E+00   6.1801311E-02  -6.6992002E+00  -2.9523566E-02
   1.0226794E+00   5.0420772E-02  -6.6555576E+00  -2.3368482E-02
   1.0265507E+00   5.9560854E-02  -6.6221628E+00  -2.0850156E-02
   1.0297348E+00   6.4394303E-02  -6.5851865E+00  -1.9053007E-02
   1.0331402E+00   6.1859660E-02  -6.5650768E+00  -1.6950032E-02
   1.0365589E+00   6.1240759E-02  -6.3639283E+00  -1.1102213E-02
   1.0397654E+00   8.0279671E-02  -6.4963918E+00  -1.5418943E-02
   1.0435954E+00   6.4210549E-02  -6.5222201E+00  -1.6892860E-02
   1.0466350E+00   6.0382031E-02  -6.3693347E+00  -3.6632693E-03
   1.0496743E+00   8.7334625E-02  -6.3209500E+00  -1.2880939E-03
   1.0536985E+00   6.2994421E-02  -6.2315001E+00  -9.3922643E-03
   1.0566695E+00   5.9115183E-02  -6.2580743E+00  -1.1614568E-03
   1.0596031E+00   7.6008543E-02  -6.2523923E+00   7.1375808E-03
   1.0634602E+00   6.9335736E-02  -6.1504321E+00   1.0824479E-02
   1.0672733E+00   7.3767595E-02  -6.0656304E+00   1.4239730E-02
   1.0701112E+00   7.5353041E-02  -6.0413694E+00   1.7337164E-02
   1.0735378E+00   7.3133983E-02  -5.9694781E+00   2.0268749E-02
   1.0765303E+00   6.9278799E-02  -5.9462252E+00   2.4432441E-02
   1.0805825E+00   7.0768006E-02  -5.8850222E+00   3.0548286E-02
   1.0836217E+00   7.1035214E-02  -5.8571472E+00   3.2338779E-02
   1.0866610E+00   7.4612714E-02  -5.8069220E+00   3.5774603E-02
   1.0906980E+00   7.0485830E-02  -5.6848359E+00   4.1341878E-02
   1.0936141E+00   6.9306739E-02  -5.6694055E+00   4.3436039E-02
   1.0973439E+00   7.1546152E-02  -5.6344104E+00   4.6571743E-02
   1.1007596E+00   7.8307889E-02  -5.5872741E+00   4.2761687E-02
   1.1038260E+00   7.2436109E-02  -5.4959588E+00   5.1364221E-02
   1.1075437E+00   7.0518255E-02  -5.4486899E+00   5.4032024E-02
   1.1106629E+00   6.9650404E-02  -5.4041729E+00   5.9519853E-02
   1.1138576E+00   7.4819900E-02  -5.3414545E+00   5.8037408E-02
   1.1177567E+00   6.2017497E-02  -5.2524266E+00   6.0645152E-02
   1.1208106E+00   6.2617794E-02  -5.2246857E+00   6.4067349E-02
   1.1245567E+00   6.2893644E-02  -5.1682878E+00   6.3664779E-02
   1.1277486E+00   7.1031265E-02  -5.0622330E+00   6.9602557E-02
   1.1311814E+00   6.1140563E-02  -5.0317888E+00   7.1027182E-02
   1.1345491E+00   6.0343895E-02  -5.0039949E+00   7.2152480E-02
   1.1378555E+00   6.1247185E-02  -4.9387107E+00   7.3778480E-02
   1.1411037E+00   6.2889114E-02  -4.8658962E+00   7.4653164E-02
   1.1442969E+00   6.4385168E-02  -4.8036323E+00   7.7835724E-02
   1.1482148E+00   5.9755247E-02  -4.7431231E+00   7.9675049E-02
   1.1512934E+00   7.6119922E-02  -4.6546435E+00   8.1683464E-02
   1.1543249E+00   5.7277333E-02  -4.6226888E+00   8.1591718E-02
   1.1580511E+00   5.7163294E-02  -4.5756469E+00   8.5291475E-02
   1.1609842E+00   5.5924859E-02  -4.5348973E+00   8.6190812E-02
   1.1645932E+00   3.4979880E-02  -4.3538589E+00   9.4354458E-02
   1.1681417E+00   6.4206958E-02  -4.3924303E+00   7.8408688E-02
   1.1716326E+00   4.2499766E-02  -4.3613305E+00   8.8376157E-02
   1.1750687E+00   3.9722010E-02  -4.2470407E+00   9.4007336E-02
   1.1784525E+00   3.8851835E-02  -4.1938009E+00   9.3893729E-02
   1.1817862E+00   4.5906838E-02  -4.1608605E+00   9.0561688E-02
   1.1850721E+00   4.2582080E-02  -4.1176133E+00   9.3827285E-02
   1.1883119E+00   4.0675383E-02  -4.0550489E+00   9.6810564E-02
   1.1915079E+00   3.8952332E-02  -3.9604013E+00   9.6792109E-02
   1.1952875E+00   4.3047953E-02  -3.9031067E+00   9.6908122E-02
   1.1983925E+00   3.9460510E-02  -3.8720527E+00   9.7206414E-02
   1.2019769E+00   4.6126120E-02  -3.7792253E+00   9.9991590E-02
   1.2055453E+00   3.9565518E-02  -3.7444201E+00   1.0107323E-01
   1.2086734E+00   2.7555477E-02  -3.6696501E+00   1.0259223E-01
   1.2118746E+00   3.8576953E-02  -3.6273437E+00   1.0414125E-01
   1.2150857E+00   3.4338545E-02  -3.5832794E+00   9.9176429E-02
   1.2183095E+00   3.8611904E-02  -3.4962561E+00   1.0099047E-01
   1.2226275E+00   2.9986143E-02  -3.4521523E+00   1.0423575E-01
   1.2258773E+00   3.5662025E-02  -3.3811865E+00   1.0582408E-01
   1.2291300E+00   3.2064542E-02  -3.3060887E+00   1.0819224E-01
   1.2323861E+00   2.9988619E-02  -3.2611799E+00   1.0783395E-01
   1.2356457E+00   2.5457667E-02  -3.2092726E+00   1.0968678E-01
   1.2389076E+00   3.2410093E-02  -3.1739988E+00   1.1105970E-01
   1.2421727E+00   3.8822845E-02  -3.0880859E+00   1.1108550E-01
   1.2454395E+00   3.3297811E-02  -3.0267408E+00   1.1255567E-01
   1.2486895E+00   3.3416107E-02  -2.9600532E+00   1.1454218E-01
   1.2529324E+00   3.0947266E-02  -2.8982253E+00   1.1300399E-01
   1.2560536E+00   3.1178495E-02  -2.8484371E+00   1.1422376E-01
   1.2592554E+00   2.9465416E-02  -2.8151233E+00   1.1550985E-01
   1.2624680E+00   2.1838674E-02  -2.7259541E+00   1.1459814E-01
   1.2663261E+00   2.4603726E-02  -2.6477363E+00   1.1657821E-01
   1.2692208E+00   2.4644874E-02  -2.5951550E+00   1.1857816E-01
   1.2723644E+00   2.1045510E-02  -2.5250757E+00   1.2080064E-01
   1.2756590E+00   2.2693396E-02  -2.4715006E+00   1.2129565E-01
   1.2789561E+00   2.7926901E-02  -2.4165504E+00   1.2208136E-01
   1.2833573E+00   2.0765396E-02  -2.3600492E+00   1.1982859E-01
   1.2866621E+00   1.9561592E-02  -2.3032813E+00   1.2163500E-01
   1.2899703E+00   2.1089125E-02  -2.1719341E+00   1.2281418E-01
   1.2932822E+00   2.9858144E-02  -2.1388943E+00   1.2027721E-01
   1.2965977E+00   1.6508410E-02  -2.1215396E+00   1.2361493E-01
   1.2995962E+00   1.6084414E-02  -2.0830545E+00   1.2160499E-01
   1.3027914E+00   2.4231745E-02  -1.9863343E+00   1.2427533E-01
   1.3061202E+00   2.3465579E-02  -1.8767043E+00   1.2550773E-01
   1.3094537E+00   2.5145289E-02  -1.8306805E+00   1.2548497E-01
   1.3127924E+00   2.4494417E-02  -1.8107443E+00   1.2434072E-01
   1.3170563E+00   1.0636335E-02  -1.7734956E+00   1.2172391E-01
   1.3201119E+00   1.9398719E-02  -1.6719446E+00   1.2390509E-01
   1.3231205E+00   2.0536255E-02  -1.6047174E+00   1.2441765E-01
   1.3271046E+00   1.5318289E-02  -1.5536540E+00   1.2620524E-01
   1.3301041E+00   2.7944444E-02  -1.4711998E+00   1.2497960E-01
   1.3330573E+00   1.5819091E-02  -1.4041363E+00   1.2435093E-01
   1.3371522E+00  -8.2122432E-03  -1.3412868E+00   1.2248370E-01
   1.3404503E+00   1.2445275E-02  -1.2574780E+00   1.2694259E-01
   1.3433037E+00   1.6437409E-02  -1.2180202E+00   1.2728225E-01
   1.3472438E+00   2.0650819E-02  -1.1716293E+00   1.2101989E-01
   1.3507409E+00   1.7200518E-02  -1.0536807E+00   1.2435684E-01
   1.3538289E+00   3.9127176E-03  -9.7745901E-01   1.2965158E-01
   1.3570187E+00   8.6152982E-03  -9.9204224E-01   1.2701306E-01
   1.3601884E+00   8.4097888E-03  -8.8651222E-01   1.2846400E-01
   1.3636675E+00   1.2551831E-02  -8.1505829E-01   1.2285386E-01
   1.3674812E+00   1.4465097E-02  -7.3071140E-01   1.2858623E-01
   1.3706417E+00   1.4619784E-02  -6.7936999E-01   1.2494065E-01
   1.3737991E+00   7.3319920E-03  -6.2771660E-01   1.2839077E-01
   1.3769652E+00   9.7109014E-03  -5.3946090E-01   1.2450716E-01
   1.3811560E+00  -4.4753393E-03  -4.4064245E-01   1.2047757E-01
   1.3843256E+00   2.2737503E-03  -3.8192034E-01   1.3222794E-01
   1.3875195E+00   1.1073354E-03  -3.8213348E-01   1.2794015E-01
   1.3907124E+00   9.9255675E-03  -2.9669586E-01   1.3137411E-01
   1.3938836E+00   1.2981152E-02  -1.7995018E-01   1.2472738E-01
   1.3981224E+00  -1.3169593E-02  -6.7297369E-02   1.2788224E-01
   1.4011331E+00  -1.6057273E-02  -3.4501206E-03   1.2657274E-01
   1.4041412E+00  -2.3021635E-02  -4.8808474E-02   1.2896892E-01
   1.4080811E+00   4.3786434E-03   1.3207655E-01   1.2819271E-01
   1.4109812E+00   6.5993960E-03   2.3425613E-01   1.2228399E-01
   1.4147855E+00  -3.0797087E-03   2.7027786E-01   1.2447641E-01
   1.4181310E+00  -6.8515388E-04   3.1209514E-01   1.2711990E-01
   1.4210358E+00  -4.9872668E-03   3.8525763E-01   1.2820564E-01
   1.4248664E+00  -1.0062927E-02   3.9745080E-01   1.1908090E-01
   1.4281507E+00  -1.1025682E-04   6.0451370E-01   1.2859866E-01
   1.4311826E+00  -1.4515238E-02   6.0392469E-01   1.2531181E-01
   1.4346952E+00  -1.9686803E-02   6.8475759E-01   1.2042241E-01
   1.4379618E+00   1.8293338E-02   7.8327197E-01   1.2632284E-01
   1.4416265E+00  -1.8424848E-02   8.7090027E-01   1.2170894E-01
   1.4450798E+00   1.5887626E-02   9.1812742E-01   1.2524515E-01
   1.4484063E+00  -1.6256088E-02   1.0181139E+00   1.2661661E-01
   1.4517177E+00  -3.0791236E-02   1.0861989E+00   1.2606823E-01
   1.4547353E+00  -5.9494696E-04   1.1598456E+00   1.2868406E-01
   1.4586698E+00  -1.3137673E-02   1.2504423E+00   1.1890774E-01
   1.4619260E+00  -2.2491680E-02   1.2742274E+00   1.2646204E-01
   1.4652799E+00   9.2084017E-03   1.4011021E+00   1.2170085E-01
   1.4687736E+00  -2.7525183E-02   1.4761013E+00   1.2465406E-01
   1.4714835E+00  -3.9875684E-03   1.5141244E+00   1.2350239E-01
   1.4752203E+00  -1.4496521E-02   1.6029214E+00   1.2701131E-01
   1.4788654E+00  -1.3061852E-02   1.7050300E+00   1.2169220E-01
   1.4818993E+00  -2.0600809E-02   1.7768933E+00   1.2149246E-01
   1.4857774E+00  -2.4159612E-02   1.8818457E+00   1.2656035E-01
   1.4885662E+00  -1.7745465E-02   1.9528674E+00   1.2769765E-01
   1.4917945E+00  -1.1625866E-02   2.0197649E+00   1.2276571E-01
   1.4954393E+00  -2.0334587E-02   2.1840591E+00   1.1299103E-01
   1.4991739E+00  -1.4113505E-02   2.1986217E+00   1.1903144E-01
   1.5029335E+00  -2.0682340E-02   2.1848972E+00   1.2030250E-01
   1.5060548E+00  -2.1098711E-02   2.2742410E+00   1.1573242E-01
   1.5092163E+00  -1.9951301E-02   2.4507310E+00   1.1663204E-01
   1.5128521E+00  -3.0644417E-02   2.4936342E+00   1.1469872E-01
   1.5160280E+00  -2.3886492E-03   2.5578244E+00   1.1751924E-01
   1.5195318E+00  -1.5923796E-02   2.6389880E+00   1.0691130E-01
   1.5224301E+00  -2.5714569E-02   2.6882572E+00   1.1790702E-01
   1.5257851E+00  -4.3376270E-03   2.8090007E+00   1.0136347E-01
   1.5293782E+00  -3.1879552E-02   2.8965120E+00   1.1086579E-01
   1.5329055E+00  -2.8126422E-02   2.9437783E+00   1.0883459E-01
   1.5363725E+00   1.2428466E-03   3.0337138E+00   1.0634721E-01
   1.5398461E+00   5.1612826E-03   3.2602308E+00   1.0332777E-01
   1.5434110E+00  -2.6801882E-02   3.2386684E+00   1.0550377E-01
   1.5457790E+00  -1.2390296E-02   3.1934698E+00   1.0639305E-01
   1.5493191E+00  -4.6600077E-02   3.2793441E+00   1.0271646E-01
   1.5528467E+00  -9.6092038E-03   3.4554029E+00   9.9579997E-02
   1.5563624E+00  -1.2413614E-02   3.5646875E+00   9.7193986E-02
   1.5597724E+00   9.6100448E-03   3.5849843E+00   9.3334362E-02
   1.5630784E+00  -1.5746238E-02   3.6570287E+00   9.7888723E-02
   1.5662861E+00  -1.2904845E-02   3.7611358E+00   9.2978790E-02
   1.5693655E+00  -1.6084751E-02   3.8367565E+00   8.6904928E-02
   1.5733802E+00  -2.2535132E-02   3.9373696E+00   9.1200076E-02
   1.5763185E+00  -2.8266182E-02   3.9833934E+00   9.2239626E-02
   1.5800785E+00  -3.8271216E-03   4.1053724E+00   8.6149715E-02
   1.5837779E+00   7.3609841E-03   4.1685109E+00   8.9598842E-02
   1.5865197E+00  -2.6513772E-02   4.2269850E+00   8.2317479E-02
   1.5901088E+00  -1.3356732E-02   4.3196726E+00   8.4370092E-02
   1.5936341E+00   8.1529077E-03   4.4198842E+00   8.0474220E-02
   1.5971740E+00  -1.9385440E-02   4.4793234E+00   7.4213974E-02
   1.5998336E+00  -1.4080107E-02   4.5249581E+00   7.7267729E-02
   1.6033194E+00  -1.5111482E-03   4.6228495E+00   7.8445129E-02
   1.6067201E+00  -4.6598349E-02   4.7000852E+00   7.1387924E-02
   1.6100798E+00   2.2968659E-03   4.8145261E+00   7.1825221E-02
   1.6133811E+00  -2.3731181E-02   4.8590875E+00   6.6712759E-02
   1.6174306E+00   7.3341294E-03   4.9293356E+00   7.1226187E-02
   1.6206117E+00  -9.3938224E-03   5.0335097E+00   7.1445495E-02
   1.6237434E+00  -1.1598556E-02   5.0895500E+00   6.5469183E-02
   1.6275921E+00   1.8316794E-03   5.2137337E+00   5.2043274E-02
   1.6306210E+00  -1.7544538E-02   5.3267488E+00   3.3076748E-02
   1.6343629E+00  -8.3029056E-03   5.3536544E+00   6.7561209E-02
   1.6373945E+00  -6.5448307E-03   5.4211969E+00   6.2884629E-02
   1.6405418E+00  -2.0303130E-02   5.4985838E+00   6.6884339E-02
   1.6443233E+00  -1.7925571E-03   5.5977359E+00   5.6303319E-02
   1.6476527E+00  -9.5514245E-03   5.6702828E+00   5.2845005E-02
   1.6510508E+00   2.5440555E-03   5.8550882E+00   2.7115734E-02
   1.6541312E+00  -7.6903313E-02   5.8160877E+00   3.5487689E-02
   1.6575643E+00   1.9847327E-03   5.8570204E+00   6.2239602E-02
   1.6606165E+00  -1.2430748E-02   5.9579496E+00   5.4084346E-02
   1.6639272E+00  -3.7489846E-02   6.0920181E+00   2.3928469E-02
   1.6672802E+00  -9.7823646E-03   6.1222620E+00   3.9670140E-02
   1.6711655E+00  -3.1340547E-02   6.2360520E+00   3.8639158E-02
   1.6746985E+00  -3.1738803E-02   6.3014150E+00   5.1199406E-02
   1.6778026E+00  -2.1128973E-02   6.3922310E+00   3.4331542E-02
   1.6813960E+00   3.8347084E-03   6.4585404E+00   3.6859576E-02
   1.6844447E+00  -2.2839556E-02   6.5302567E+00   8.6211577E-02
   1.6879485E+00   2.9738907E-02   6.6344805E+00   6.7607619E-02
   1.6917442E+00  -3.3616368E-02   6.7524724E+00   6.7747749E-02
   1.6949931E+00  -5.9889186E-02   6.7961650E+00   7.3482975E-02
   1.6984620E+00  -9.8697506E-03   6.8827672E+00   6.1855443E-02
   1.7017769E+00  -2.7096406E-02   6.9204087E+00   6.5111436E-02
   1.7045840E+00  -3.3533949E-02   7.0395684E+00   8.0623783E-02
   1.7079413E+00   1.3946516E-02   7.1197181E+00   9.8062016E-02
   1.7118231E+00  -1.3798621E-02   7.1688938E+00   8.3491147E-02
   1.7148116E+00  -4.5401342E-03   7.2424045E+00   9.6128583E-02
   1.7180580E+00  -1.0425142E-02   7.3256040E+00   9.7489201E-02
   1.7212926E+00  -1.0104070E-02   7.4106579E+00   6.8091311E-02
   1.7252281E+00  -1.6856344E-03   7.4860411E+00   8.9041978E-02
   1.7289295E+00  -3.2880551E-03   7.5574474E+00   1.0518851E-01
   1.7317028E+00  -6.4651491E-03   7.6372342E+00   9.1625877E-02
   1.7356930E+00   4.7894660E-03   7.7211542E+00   7.7558778E-02
   1.7386175E+00  -5.9472504E-03   7.7963395E+00   9.2835225E-02
   1.7424235E+00   2.9184741E-03   7.8726797E+00   1.0469379E-01
   1.7452090E+00   5.0096153E-03   7.9395800E+00   9.0846598E-02
   1.7488446E+00  -3.4992434E-03   8.0575876E+00   1.1511841E-01
   1.7523422E+00   5.2157114E-03   8.1737871E+00   1.0079150E-01
   1.7553123E+00   3.3713295E-03   8.1359739E+00   1.0747851E-01
   1.7588794E+00   2.6923094E-02   8.2288494E+00   1.0340641E-01
   1.7624501E+00   2.8622746E-02   8.3784704E+00   8.8354528E-02
   1.7659245E+00   2.7885396E-02   8.4752626E+00   8.9480132E-02
   1.7692132E+00   1.9356303E-02   8.5254364E+00   9.0308018E-02
   1.7723956E+00   2.9742293E-02   8.5798473E+00   9.0217158E-02
   1.7755338E+00   3.4354739E-02   8.6686649E+00   9.1838755E-02
   1.7793961E+00   8.3607277E-03   8.7869968E+00   9.2807092E-02
   1.7824036E+00   4.1192159E-02   8.8494940E+00   7.9456598E-02
   1.7857267E+00   3.2417219E-02   8.8983040E+00   8.6267360E-02
   1.7893872E+00   2.0518161E-02   8.9904652E+00   8.1000559E-02
   1.7930059E+00   6.5030567E-02   9.1068468E+00   6.8009533E-02
   1.7956945E+00   3.7817914E-02   9.1690798E+00   6.1752312E-02
   1.7992473E+00   8.4293880E-02   9.2207193E+00   6.2972754E-02
   1.8027667E+00   6.4184688E-02   9.3010979E+00   5.3283866E-02
   1.8062546E+00   6.0846929E-02   9.4166927E+00   5.9081599E-02
   1.8097131E+00   3.4770366E-02   9.4516621E+00   4.7110837E-02
   1.8132027E+00   6.6045284E-02   9.6283340E+00   2.4330227E-02
   1.8161690E+00   6.9611549E-02   9.5773754E+00   3.0314028E-02
   1.8195187E+00   4.4279721E-02   9.6847563E+00   3.4326550E-02
   1.8227376E+00   2.2512013E-02   9.7308121E+00   3.3011254E-02
   1.8260823E+00   4.6322472E-02   9.7816381E+00   1.6639803E-02
   1.8294077E+00   8.9530803E-02   9.9133148E+00   1.2636974E-02
   1.8335389E+00   7.2047070E-02   9.9767847E+00   1.7869048E-03
   1.8368146E+00   5.4824226E-02   1.0053782E+01   1.3599339E-02
   1.8399192E+00   7.9931445E-02   1.0111140E+01   7.0844386E-03
   1.8430095E+00   5.3627539E-02   1.0225473E+01   1.0178550E-02
   1.8469861E+00   6.3830838E-02   1.0246540E+01   1.6714060E-03
   1.8500435E+00   7.1327411E-02   1.0348911E+01  -4.6183001E-03
   1.8534764E+00   7.6935007E-03   1.0508694E+01   2.1628581E-02
   1.8568140E+00   7.4822634E-02   1.0481616E+01  -4.9792589E-03
   1.8600700E+00   5.2430905E-02   1.0519944E+01   1.3525320E-02
   1.8635032E+00   5.2908454E-02   1.0590433E+01  -2.9399453E-02
   1.8667817E+00   4.7137626E-02   1.0680225E+01  -2.3330657E-02
   1.8703030E+00   1.0034781E-01   1.0744064E+01  -2.7412241E-02
   1.8736820E+00   7.0639685E-02   1.0807600E+01  -2.6540000E-02
   1.8770726E+00   6.8715900E-02   1.0879941E+01  -3.0524829E-02
   1.8803673E+00   7.5692274E-02   1.0934062E+01  -3.5610713E-02
   1.8835710E+00   8.0510274E-02   1.0978432E+01  -3.9223585E-02
   1.8873135E+00   8.2362719E-02   1.1038534E+01  -3.7840337E-02
   1.8903600E+00   8.0581330E-02   1.1101017E+01  -3.5035945E-02
   1.8939396E+00   9.5198289E-02   1.1167125E+01  -4.5634042E-02
   1.8973479E+00   8.9389145E-02   1.1198707E+01  -5.2693196E-02
   1.9007877E+00   9.7794436E-02   1.1245088E+01  -4.9166404E-02
   1.9041671E+00   1.0966502E-01   1.1330497E+01  -5.3930141E-02
   1.9073060E+00   9.1800936E-02   1.1332520E+01  -5.8432765E-02
   1.9106617E+00   9.8794989E-02   1.1383547E+01  -4.2523179E-02
   1.9144226E+00   1.1367245E-01   1.1470504E+01  -4.4594493E-02
   1.9176241E+00   1.1408597E-01   1.1480993E+01  -4.8814110E-02
   1.9207940E+00   1.2959193E-01   1.1506922E+01  -3.4815527E-02
   1.9244590E+00   1.2661980E-01   1.1607563E+01  -6.1768923E-02
   1.9275674E+00   1.3143234E-01   1.1650913E+01  -6.7846514E-02
   1.9311588E+00   1.1711051E-01   1.1652366E+01  -7.1376272E-02
   1.9342108E+00   1.1169856E-01   1.1667132E+01  -7.8601271E-02
   1.9377449E+00   1.4044012E-01   1.1731964E+01  -9.0963565E-02
   1.9412509E+00   1.2131333E-01   1.1785835E+01  -9.8029472E-02
   1.9447298E+00   1.3026059E-01   1.1798673E+01  -1.0418978E-01
   1.9481829E+00   1.2368942E-01   1.1795856E+01  -1.1573704E-01
   1.9511243E+00   1.1235867E-01   1.1844668E+01  -1.2488960E-01
   1.9545366E+00   1.1414001E-01   1.1894081E+01  -1.3657393E-01
   1.9579302E+00   9.1537043E-02   1.1915443E+01  -1.5004785E-01
   1.9613072E+00   1.1358646E-01   1.1912958E+01  -1.5790129E-01
   1.9646646E+00   1.1662793E-01   1.1953623E+01  -1.6904506E-01
   1.9680058E+00   1.2699595E-01   1.1974113E+01  -1.5989342E-01
   1.9718081E+00   1.1468495E-01   1.1977421E+01  -1.8061137E-01
   1.9751210E+00   9.2144072E-02   1.1979265E+01  -1.7278031E-01
   1.9784248E+00   1.0925504E-01   1.2005732E+01  -2.0499645E-01
   1.9817166E+00   1.1222860E-01   1.2023721E+01  -2.0984381E-01
   1.9849969E+00   1.1046015E-01   1.2012802E+01  -2.2247648E-01
   1.9882668E+00   1.1966019E-01   1.2023792E+01  -2.3832133E-01
   1.9919671E+00   1.2279474E-01   1.2014939E+01  -2.5166142E-01
   1.9952193E+00   1.2613201E-01   1.1994818E+01  -2.6269296E-01
   1.9984658E+00   1.2352632E-01   1.2013911E+01  -2.7142316E-01
   2.0021722E+00   1.4560474E-01   1.1978322E+01  -2.9684266E-01
   2.0051906E+00   1.3679649E-01   1.1963428E+01  -3.1038335E-01
   2.0088925E+00   1.2325530E-01   1.1980256E+01  -3.1838369E-01
   2.0121326E+00   1.2017633E-01   1.1927373E+01  -3.3590361E-01
   2.0155277E+00   6.6470779E-02   1.1998162E+01  -3.0100924E-01
   2.0190778E+00   9.0149745E-02   1.2002352E+01  -3.4506029E-01
   2.0223637E+00   1.2013379E-01   1.1885367E+01  -3.6129695E-01
   2.0257394E+00   1.6811620E-01   1.1743693E+01  -3.9368802E-01
   2.0291889E+00   1.4461121E-01   1.1811191E+01  -4.1301879E-01
   2.0321479E+00   9.8627999E-02   1.1850578E+01  -4.1684073E-01
   2.0355995E+00   1.1053988E-01   1.1724519E+01  -4.1842067E-01
   2.0390799E+00   1.0502184E-01   1.1737854E+01  -4.2960861E-01
   2.0425730E+00   1.0556205E-01   1.1725399E+01  -4.5604333E-01
   2.0460775E+00   1.0845093E-01   1.1611633E+01  -4.7976956E-01
   2.0491247E+00   1.0270160E-01   1.1588648E+01  -5.1062840E-01
   2.0527370E+00   7.7088088E-02   1.1534727E+01  -5.2578092E-01
   2.0557823E+00   9.8375842E-02   1.1490331E+01  -5.2952909E-01
   2.0592909E+00   9.1286041E-02   1.1454135E+01  -5.6195056E-01
   2.0627632E+00   7.6971442E-02   1.1382917E+01  -5.6919611E-01
   2.0661995E+00   7.2392605E-02   1.1302092E+01  -5.8529854E-01
   2.0696642E+00   7.6305822E-02   1.1262742E+01  -5.9921581E-01
   2.0726433E+00   5.2912191E-02   1.1205103E+01  -6.1172748E-01
   2.0763690E+00   3.8539439E-02   1.1160330E+01  -6.3797539E-01
   2.0794458E+00   6.1462123E-02   1.1062791E+01  -6.6247970E-01
   2.0831063E+00   4.8193078E-02   1.0990514E+01  -6.8096900E-01
   2.0861311E+00   5.5937491E-02   1.0917064E+01  -6.9172460E-01
   2.0897293E+00   6.0115505E-02   1.0819147E+01  -7.0857263E-01
   2.0932333E+00   6.0948055E-02   1.0794827E+01  -7.2837812E-01
   2.0965471E+00   6.1039105E-02   1.0641569E+01  -7.4542367E-01
   2.0996795E+00   6.1630998E-02   1.0576639E+01  -7.5897783E-01
   2.1031251E+00   4.5374848E-02   1.0558280E+01  -7.5880224E-01
   2.1064839E+00   5.2933864E-02   1.0425301E+01  -7.9914731E-01
   2.1098380E+00   5.2945498E-02   1.0214054E+01  -8.2579678E-01
   2.1134729E+00   7.3312819E-02   1.0285479E+01  -8.2859373E-01
   2.1167526E+00   4.1331481E-02   1.0094547E+01  -8.6018115E-01
   2.1199923E+00   4.5360431E-02   9.9178333E+00  -8.5960215E-01
   2.1236701E+00   5.0769679E-02   9.9003668E+00  -8.6663228E-01
   2.1268737E+00   4.5422245E-02   9.7903633E+00  -8.9988601E-01
   2.1300383E+00   3.0109972E-02   9.6215334E+00  -9.1954488E-01
   2.1337008E+00   4.6305213E-02   9.4923468E+00  -9.3134683E-01
   2.1368167E+00   4.8671562E-02   9.4358444E+00  -9.5468301E-01
   2.1403711E+00   5.1120136E-02   9.2639742E+00  -9.6664089E-01
   2.1439137E+00   4.4632621E-02   9.0938635E+00  -9.7534561E-01
   2.1470039E+00   5.3304382E-02   8.9757366E+00  -9.7835451E-01
   2.1505766E+00   5.6934912E-02   8.7432070E+00  -9.7729087E-01
   2.1540740E+00   5.2281771E-02   8.7284431E+00  -1.0119534E+00
   2.1571429E+00   6.3120112E-02   8.6056166E+00  -1.0209042E+00
   2.1606541E+00  -4.2001415E-02   8.3823824E+00  -1.0480334E+00
   2.1642253E+00   3.1218300E-02   8.2544804E+00  -1.0362662E+00
   2.1672812E+00   4.9944244E-02   8.2163563E+00  -1.0577487E+00
   2.1707931E+00   3.4509633E-02   7.9362044E+00  -1.0672452E+00
   2.1743100E+00  -1.5301524E-02   7.7874579E+00  -1.0759751E+00
   2.1774678E+00   4.9528707E-02   7.7004433E+00  -1.0896747E+00
   2.1810029E+00   1.2373561E-02   7.5278945E+00  -1.1035773E+00
   2.1841063E+00   3.2652598E-02   7.3800836E+00  -1.1027659E+00
   2.1876612E+00   7.9738302E-03   7.1617227E+00  -1.1132139E+00
   2.1908081E+00  -1.2965580E-02   7.0361028E+00  -1.1109281E+00
   2.1943800E+00  -5.6401682E-03   6.9351511E+00  -1.1324974E+00
   2.1979806E+00  -3.5270873E-02   6.6898293E+00  -1.1362584E+00
   2.2011523E+00  -2.8351557E-03   6.4747348E+00  -1.1406231E+00
   2.2043891E+00   1.1531550E-02   6.4405694E+00  -1.1399149E+00
   2.2080305E+00  -1.0161100E-01   6.1107726E+00  -1.1454047E+00
   2.2112300E+00  -2.8536852E-02   6.0299263E+00  -1.1496241E+00
   2.2145140E+00  -5.2435763E-02   5.8679614E+00  -1.1544492E+00
   2.2182083E+00  -3.6071762E-02   5.6896381E+00  -1.1560216E+00
   2.2214985E+00  -5.9927698E-02   5.4756279E+00  -1.1494621E+00
   2.2248354E+00  -4.1574210E-02   5.3378439E+00  -1.1581470E+00
   2.2282677E+00  -6.3549630E-02   5.2070298E+00  -1.1424903E+00
   2.2317119E+00  -1.0295643E-01   4.9836874E+00  -1.1450968E+00
   2.2347465E+00  -3.9485149E-02   4.8140745E+00  -1.1455287E+00
   2.2383389E+00  -6.7449063E-02   4.7464457E+00  -1.1435366E+00
   2.2414727E+00  -1.1013451E-01   4.4997101E+00  -1.1464043E+00
   2.2451971E+00  -1.0023979E-01   4.3844676E+00  -1.1564306E+00
   2.2484481E+00  -5.3722329E-02   4.1683059E+00  -1.1432575E+00
   2.2517745E+00  -1.3561599E-01   3.9756162E+00  -1.1433015E+00
   2.2552774E+00  -1.0021507E-01   3.8105767E+00  -1.1488199E+00
   2.2587283E+00  -7.6366156E-02   3.7147071E+00  -1.1507347E+00
   2.2616494E+00  -1.2028401E-01   3.5397329E+00  -1.1589820E+00
   2.2652898E+00  -1.1654524E-01   3.3146751E+00  -1.1443781E+00
   2.2689493E+00  -1.3614984E-01   3.1493838E+00  -1.1519003E+00
   2.2720809E+00  -1.0189525E-01   3.0058846E+00  -1.1502863E+00
   2.2751741E+00  -1.4485110E-01   2.7982056E+00  -1.1465516E+00
   2.2788813E+00  -1.1938226E-01   2.6543417E+00  -1.1481347E+00
   2.2823305E+00  -1.4531603E-01   2.5862682E+00  -1.1355207E+00
   2.2852223E+00  -1.6917498E-01   2.3945806E+00  -1.1318871E+00
   2.2888350E+00  -1.6227187E-01   2.2373466E+00  -1.1392075E+00
   2.2924473E+00  -1.3967851E-01   2.0393372E+00  -1.1319503E+00
   2.2953341E+00  -1.1155298E-01   1.9186429E+00  -1.1128100E+00
   2.2987635E+00  -1.6666906E-01   1.7993853E+00  -1.1208888E+00
   2.3027062E+00  -1.9555369E-01   1.6182977E+00  -1.0935738E+00
   2.3058605E+00  -2.6470408E-01   1.4231958E+00  -1.0676534E+00
   2.3089597E+00  -1.5688036E-01   1.3047481E+00  -1.0730292E+00
   2.3122408E+00  -1.8693706E-01   1.1907216E+00  -1.0477086E+00
   2.3160417E+00  -2.0647363E-01   9.4858021E-01  -1.0288087E+00
   2.3195679E+00  -1.5539970E-01   9.1755348E-01  -9.9318188E-01
   2.3228974E+00  -1.6238016E-01   6.8360484E-01  -9.8799473E-01
   2.3258512E+00  -1.4634199E-01   5.7634926E-01  -9.7693688E-01
   2.3293052E+00  -2.3145364E-01   3.7761781E-01  -9.6536213E-01
   2.3328717E+00  -2.2759520E-01   3.1504056E-01  -9.4003397E-01
   2.3359840E+00  -1.8357207E-01   2.6643774E-01  -9.0748388E-01
   2.3397434E+00  -2.0129082E-01   8.1163779E-02  -8.9140642E-01
   2.3429065E+00  -1.7961994E-01  -5.4908577E-02  -8.6897027E-01
   2.3464155E+00  -1.9934157E-01  -8.3395556E-02  -8.4869272E-01
   2.3498025E+00  -2.1284305E-01  -2.0146929E-01  -8.3844441E-01
   2.3532574E+00  -1.9025920E-01  -3.6975548E-01  -8.1220013E-01
   2.3562610E+00  -1.9961049E-01  -4.3653977E-01  -7.9952741E-01
   2.3597488E+00  -2.0454246E-01  -5.0446153E-01  -7.9021502E-01
   2.3633084E+00  -2.2043212E-01  -6.5815127E-01  -7.6796705E-01
   2.3664525E+00  -1.9869408E-01  -7.6198918E-01  -7.6713830E-01
   2.3697221E+00  -1.9458127E-01  -7.9585844E-01  -7.6621252E-01
   2.3730123E+00  -1.6536844E-01  -8.7669802E-01  -7.4249667E-01
   2.3768878E+00  -1.9906557E-01  -9.8498708E-01  -7.4085945E-01
   2.3797379E+00  -2.1276534E-01  -1.0923395E+00  -7.1773458E-01
   2.3833990E+00  -1.7579639E-01  -1.1336064E+00  -7.1330833E-01
   2.3870354E+00  -2.0821507E-01  -1.2603899E+00  -6.9372314E-01
   2.3899324E+00  -2.0093358E-01  -1.3066077E+00  -6.8459690E-01
   2.3935702E+00  -1.9704489E-01  -1.3818417E+00  -6.7593837E-01
   2.3971872E+00  -1.8947132E-01  -1.4689896E+00  -6.6868448E-01
   2.4004538E+00  -1.9248764E-01  -1.5488322E+00  -6.6331154E-01
   2.4036045E+00  -1.7019962E-01  -1.5989045E+00  -6.2886363E-01
   2.4071100E+00  -2.1794164E-01  -1.6755786E+00  -6.2383801E-01
   2.4105890E+00  -2.0311362E-01  -1.7492317E+00  -6.0663164E-01
   2.4138467E+00  -1.9484240E-01  -1.8452742E+00  -5.7761085E-01
   2.4172237E+00  -2.2594583E-01  -1.8777497E+00  -5.7222354E-01
   2.4206045E+00  -1.8798256E-01  -1.9525148E+00  -5.4398608E-01
   2.4239154E+00  -2.1458599E-01  -1.9786774E+00  -5.2520019E-01
   2.4273901E+00  -2.6169351E-01  -2.0333843E+00  -4.9479654E-01
   2.4308493E+00  -2.4336131E-01  -2.0599027E+00  -4.7100848E-01
   2.4339578E+00  -1.6561721E-01  -2.1302576E+00  -4.5439994E-01
   2.4371686E+00  -1.5938756E-01  -2.1932042E+00  -4.3484390E-01
   2.4408257E+00  -2.2915396E-01  -2.2486570E+00  -4.0247518E-01
   2.4444869E+00  -1.4273420E-01  -2.2822905E+00  -3.9514253E-01
   2.4477453E+00  -1.7842019E-01  -2.2865627E+00  -3.6578432E-01
   2.4512687E+00  -2.0237955E-01  -2.3162782E+00  -3.4748071E-01
   2.4545000E+00  -2.1931304E-01  -2.3434415E+00  -3.4976685E-01
   2.4578583E+00  -1.4441884E-01  -2.3756597E+00  -3.2127297E-01
   2.4610474E+00  -2.0981734E-01  -2.3986719E+00  -2.9855359E-01
   2.4644620E+00  -1.9590895E-01  -2.4475071E+00  -2.8697029E-01
   2.4680548E+00  -2.1379882E-01  -2.4993176E+00  -2.6210338E-01
   2.4714150E+00  -1.9954608E-01  -2.4930699E+00  -2.5613877E-01
   2.4748750E+00  -2.6258999E-01  -2.5711539E+00  -2.3989590E-01
   2.4780140E+00  -1.9046350E-01  -2.6007278E+00  -2.2914255E-01
   2.4814768E+00  -1.4809996E-01  -2.6180606E+00  -2.1864830E-01
   2.4849963E+00  -2.3102069E-01  -2.5954819E+00  -1.9545098E-01
   2.4880602E+00  -2.3901837E-01  -2.6686924E+00  -1.7793812E-01
   2.4914544E+00  -1.8482359E-01  -2.6544263E+00  -1.6653253E-01
   2.4950230E+00  -2.0678557E-01  -2.6493776E+00  -1.6415139E-01
   2.4985287E+00  -2.0457122E-01  -2.6865821E+00  -1.3753092E-01
   2.5017991E+00  -1.9603048E-01  -2.6539123E+00  -1.3570178E-01
   2.5050523E+00  -1.5251356E-01  -2.6337683E+00  -1.2349611E-01
   2.5082769E+00  -2.3739788E-01  -2.7087471E+00  -1.1375948E-01
   2.5114746E+00  -1.7091632E-01  -2.7155745E+00  -1.1232790E-01
   2.5153747E+00  -1.9398628E-01  -2.6762495E+00  -9.2453793E-02
   2.5181839E+00  -1.8059121E-01  -2.6937022E+00  -8.5036770E-02
   2.5219736E+00  -1.8859048E-01  -2.7092385E+00  -7.7204950E-02
   2.5250678E+00  -1.7560823E-01  -2.6945937E+00  -5.7711877E-02
   2.5289042E+00  -1.6101079E-01  -2.7089329E+00  -3.1716611E-02
   2.5317953E+00  -1.9722669E-01  -2.6738124E+00  -2.2625737E-02
   2.5353262E+00  -1.7864791E-01  -2.6562569E+00  -6.6802083E-03
   2.5390511E+00  -1.7525774E-01  -2.6901140E+00   5.5487035E-03
   2.5420349E+00  -1.5240338E-01  -2.6585793E+00   2.3489965E-02
   2.5458283E+00  -1.5800510E-01  -2.6895156E+00   2.7757028E-02
   2.5485978E+00  -1.1859538E-01  -2.6446912E+00   4.4826735E-02
   2.5522976E+00  -1.5223895E-01  -2.6516154E+00   7.5136505E-02
   2.5558143E+00  -1.6678712E-01  -2.5988410E+00   8.1471972E-02
   2.5588930E+00  -1.4568307E-01  -2.6541021E+00   9.2507139E-02
   2.5621076E+00  -1.8555899E-01  -2.6336749E+00   1.1668997E-01
   2.5659401E+00  -1.4099802E-01  -2.6149828E+00   1.2946557E-01
   2.5690696E+00  -1.7271411E-01  -2.6372378E+00   1.4131896E-01
   2.5726635E+00  -1.2825015E-01  -2.5738649E+00   1.5983349E-01
   2.5756595E+00  -9.3776271E-02  -2.5810139E+00   1.5343632E-01
   2.5789602E+00  -1.4470533E-01  -2.5905869E+00   1.8038258E-01
   2.5826557E+00  -1.4327496E-01  -2.5802870E+00   1.8751046E-01
   2.5858800E+00  -1.6389155E-01  -2.5629234E+00   1.9376811E-01
   2.5893865E+00  -2.5154150E-01  -2.5196879E+00   2.1505262E-01
   2.5930562E+00  -1.0433690E-01  -2.5193930E+00   1.9506900E-01
   2.5963993E+00  -1.5916832E-01  -2.4981363E+00   2.3549153E-01
   2.5996900E+00  -1.4045569E-01  -2.4236469E+00   2.4515878E-01
   2.6030960E+00  -1.5878369E-01  -2.4077940E+00   2.6110542E-01
   2.6059225E+00  -2.4011911E-01  -2.4318089E+00   2.5104275E-01
   2.6100547E+00  -1.7249455E-01  -2.4488506E+00   2.6600799E-01
   2.6126564E+00  -1.7361537E-01  -2.3962159E+00   2.7323210E-01
   2.6162336E+00  -1.5345633E-01  -2.3871403E+00   2.9818219E-01
   2.6201580E+00  -1.7334411E-01  -2.3233924E+00   3.0245245E-01
   2.6230946E+00  -1.5564257E-01  -2.3255010E+00   3.0951926E-01
   2.6261117E+00  -1.6735460E-01  -2.3181071E+00   3.1343687E-01
   2.6300893E+00  -1.5747432E-01  -2.2470353E+00   3.1877050E-01
   2.6331913E+00  -1.7520687E-01  -2.2251637E+00   3.3495960E-01
   2.6364119E+00  -1.4933988E-01  -2.2007914E+00   3.4700736E-01
   2.6403162E+00  -1.3003328E-01  -2.1658547E+00   3.6109602E-01
   2.6437676E+00  -1.7794573E-01  -2.1552813E+00   3.5914609E-01
   2.6467452E+00  -1.5286358E-01  -2.1246626E+00   3.7108609E-01
   2.6496925E+00  -1.7209114E-01  -2.1047280E+00   3.7879324E-01
   2.6537557E+00  -1.6821015E-01  -2.0240061E+00   3.8912171E-01
   2.6571369E+00  -1.6304882E-01  -2.0352850E+00   3.9660099E-01
   2.6599379E+00  -1.5909518E-01  -2.0413661E+00   3.9801794E-01
   2.6637261E+00  -1.5485983E-01  -1.9557430E+00   4.0911451E-01
   2.6666353E+00  -1.5425804E-01  -1.9496195E+00   4.1345057E-01
   2.6706080E+00  -1.3397710E-01  -1.9348516E+00   4.2864409E-01
   2.6737077E+00  -1.5249486E-01  -1.9031634E+00   4.3078658E-01
   2.6767654E+00  -1.6495253E-01  -1.8581916E+00   4.3792498E-01
   2.6808245E+00  -1.6100584E-01  -1.8196334E+00   4.4479987E-01
   2.6839340E+00  -1.4910860E-01  -1.8185110E+00   4.5063877E-01
   2.6871090E+00  -1.4241096E-01  -1.7872897E+00   4.5625466E-01
   2.6902721E+00  -1.3550757E-01  -1.7544056E+00   4.5963892E-01
   2.6944892E+00  -1.7842110E-01  -1.7083972E+00   4.6692640E-01
   2.6976237E+00  -1.4602725E-01  -1.6614010E+00   4.7833484E-01
   2.7007856E+00  -1.5716819E-01  -1.6574135E+00   4.8041773E-01
   2.7040057E+00  -1.5042365E-01  -1.6347288E+00   4.8041719E-01
   2.7074909E+00  -1.3809067E-01  -1.5717049E+00   4.8975369E-01
   2.7113454E+00  -1.4272170E-01  -1.5478306E+00   4.9310273E-01
   2.7141371E+00  -1.3941440E-01  -1.5183079E+00   4.9674889E-01
   2.7180328E+00  -1.3642485E-01  -1.4746315E+00   5.0093877E-01
   2.7212167E+00  -1.4345954E-01  -1.4298410E+00   4.9807990E-01
   2.7244966E+00  -1.4024884E-01  -1.4138650E+00   5.1120472E-01
   2.7276633E+00  -1.3323805E-01  -1.3832941E+00   5.1254737E-01
   2.7314842E+00  -1.4397834E-01  -1.3624008E+00   5.1327562E-01
   2.7344596E+00  -1.5062350E-01  -1.2591583E+00   5.1892424E-01
   2.7383413E+00  -1.5318388E-01  -1.2538074E+00   5.1866645E-01
   2.7411909E+00  -1.3838394E-01  -1.2625934E+00   5.2481699E-01
   2.7449136E+00  -1.4401075E-01  -1.2263271E+00   5.3077662E-01
   2.7476511E+00  -1.3995591E-01  -1.1876812E+00   5.3658736E-01
   2.7512424E+00  -1.3949217E-01  -1.1535009E+00   5.3918755E-01
   2.7545424E+00  -1.3992912E-01  -1.1718428E+00   5.4246187E-01
   2.7578003E+00  -1.4744362E-01  -1.1460845E+00   5.4555130E-01
   2.7611811E+00  -1.4266945E-01  -1.0280259E+00   5.4987770E-01
   2.7653201E+00  -1.2576576E-01  -1.0426422E+00   5.4907066E-01
   2.7685657E+00  -1.3363631E-01  -1.0160633E+00   5.5330878E-01
   2.7717564E+00  -1.5695561E-01  -9.6703136E-01   5.7075369E-01
   2.7748947E+00  -1.4470924E-01  -9.3426442E-01   5.6619889E-01
   2.7787478E+00  -1.3354734E-01  -8.8347071E-01   5.7116461E-01
   2.7817771E+00  -1.4531544E-01  -8.8137478E-01   5.7360053E-01
   2.7855010E+00  -1.5488879E-01  -8.3817846E-01   5.8007079E-01
   2.7886930E+00  -1.2337601E-01  -7.6628113E-01   5.8052707E-01
   2.7922254E+00  -1.4463015E-01  -7.3487926E-01   5.8468813E-01
   2.7954972E+00  -1.4063108E-01  -7.4192643E-01   5.8791250E-01
   2.7989874E+00  -1.4370990E-01  -6.7358691E-01   5.8959216E-01
   2.8017530E+00  -1.5746468E-01  -6.4665389E-01   5.9695733E-01
   2.8052101E+00  -1.4778519E-01  -6.1016661E-01   5.9891862E-01
   2.8086674E+00  -1.4040640E-01  -5.7859629E-01   6.0199219E-01
   2.8120272E+00  -1.3971932E-01  -5.2995324E-01   6.0457158E-01
   2.8154879E+00  -1.4294058E-01  -4.9886829E-01   6.0827184E-01
   2.8186860E+00  -1.4678757E-01  -4.6237198E-01   6.0669601E-01
   2.8221431E+00  -1.3164927E-01  -4.3849424E-01   6.1191815E-01
   2.8256001E+00  -1.2797773E-01  -4.0402988E-01   6.1497313E-01
   2.8291628E+00  -1.3379163E-01  -3.6433899E-01   6.1469012E-01
   2.8326128E+00  -1.4760906E-01  -3.1915483E-01   6.1924165E-01
   2.8354323E+00  -1.3435498E-01  -3.0010861E-01   6.2286788E-01
   2.8392055E+00  -1.3265689E-01  -2.6932758E-01   6.3652736E-01
   2.8422146E+00  -1.2005873E-01  -1.3536716E-01   6.2443763E-01
   2.8463979E+00  -1.3361003E-01  -2.5748441E-01   6.3170075E-01
   2.8494592E+00  -1.3178620E-01  -1.9323063E-01   6.3443315E-01
   2.8524702E+00  -1.3018814E-01  -7.5107865E-02   6.3771433E-01
   2.8561940E+00  -1.1331831E-01  -5.3391207E-02   6.3920403E-01
   2.8596892E+00  -1.5122142E-01   1.7039580E-04   6.3954139E-01
   2.8625944E+00  -1.5141295E-01  -2.7405405E-02   6.3322824E-01
   2.8664556E+00  -1.2265744E-01   5.7829777E-03   6.4939493E-01
   2.8693545E+00  -1.1878493E-01   1.0773385E-01   6.5343976E-01
   2.8725483E+00  -1.2599196E-01   1.2789798E-01   6.5057850E-01
   2.8768275E+00  -1.2898530E-01   1.4066787E-01   6.5376133E-01
   2.8800237E+00  -1.2280355E-01   1.6424884E-01   6.5588337E-01
   2.8832102E+00  -1.0868452E-01   2.3534493E-01   6.5766346E-01
   2.8867285E+00  -1.0037595E-01   3.0445158E-01   6.5645462E-01
   2.8895743E+00  -1.0085870E-01   3.0568284E-01   6.5636748E-01
   2.8927255E+00  -1.1450253E-01   3.0194667E-01   6.6277689E-01
   2.8968167E+00  -1.1940199E-01   3.6729676E-01   6.6724515E-01
   2.8999674E+00  -1.1939377E-01   4.2136055E-01   6.6972530E-01
   2.9031174E+00  -1.3280001E-01   4.3950638E-01   6.7021078E-01
   2.9071469E+00  -1.1930023E-01   4.8141065E-01   6.7304182E-01
   2.9102988E+00  -9.9062242E-02   5.5046952E-01   6.7176598E-01
   2.9134393E+00  -1.2389242E-01   5.7275349E-01   6.7289579E-01
   2.9172904E+00  -1.2925734E-01   6.1962485E-01   6.7962271E-01
   2.9202702E+00  -1.0483771E-01   6.4267987E-01   6.8078703E-01
   2.9236290E+00  -1.2068062E-01   6.8087476E-01   6.8360293E-01
   2.9270308E+00  -1.1704149E-01   7.2802407E-01   6.8549722E-01
   2.9304562E+00  -1.1902578E-01   7.6113838E-01   6.8592447E-01
   2.9338651E+00  -1.0891818E-01   7.8939390E-01   6.8857896E-01
   2.9372182E+00  -1.0543064E-01   8.4484881E-01   6.8893164E-01
   2.9405062E+00  -1.1605174E-01   8.6703759E-01   6.9204795E-01
   2.9437356E+00  -1.1355715E-01   9.0801662E-01   6.9353062E-01
   2.9469106E+00  -1.1623839E-01   9.4065994E-01   6.9468433E-01
   2.9510682E+00  -1.1438288E-01   9.8740309E-01   6.9499707E-01
   2.9541349E+00  -1.1556774E-01   1.0146382E+00   6.9725621E-01
   2.9571612E+00  -1.1106872E-01   1.0662559E+00   6.9663346E-01
   2.9611387E+00  -1.0883047E-01   1.0982183E+00   6.9864714E-01
   2.9640834E+00  -1.1052221E-01   1.1367165E+00   7.0048130E-01
   2.9679623E+00  -1.0988025E-01   1.1715097E+00   7.0207107E-01
   2.9708374E+00  -1.1796832E-01   1.2379037E+00   7.0503038E-01
   2.9746318E+00  -1.1011971E-01   1.2531062E+00   7.0510763E-01
   2.9774504E+00  -1.1005059E-01   1.2896835E+00   7.0658511E-01
   2.9811764E+00  -1.1363792E-01   1.3236963E+00   7.0793700E-01
   2.9839482E+00  -1.1200714E-01   1.3619018E+00   7.0866376E-01
   2.9876211E+00  -1.1394202E-01   1.4200187E+00   7.1048886E-01
   2.9912713E+00  -1.1282156E-01   1.4341143E+00   7.1248734E-01
   2.9948797E+00  -1.1551949E-01   1.4732691E+00   7.1247345E-01
   2.9975452E+00  -1.1506013E-01   1.5148406E+00   7.1338689E-01
   3.0010495E+00  -1.1839633E-01   1.5796479E+00   7.1513462E-01
   3.0045011E+00  -1.1708298E-01   1.6066334E+00   7.1517372E-01
   3.0079041E+00  -1.1672359E-01   1.6405135E+00   7.1639818E-01
   3.0112624E+00  -1.1606282E-01   1.6886954E+00   7.1721780E-01
   3.0145793E+00  -1.2237448E-01   1.7258257E+00   7.1910244E-01
   3.0178454E+00  -1.2487900E-01   1.7526543E+00   7.2043335E-01
   3.0218940E+00  -1.1992528E-01   1.8170764E+00   7.1973491E-01
   3.0250955E+00  -1.2897427E-01   1.8757929E+00   7.1862686E-01
   3.0282393E+00  -1.1783419E-01   1.8892676E+00   7.2244734E-01
   3.0313487E+00  -1.2837423E-01   1.9176704E+00   7.2375757E-01
   3.0351498E+00  -1.2105992E-01   1.9852697E+00   7.2478950E-01
   3.0381272E+00  -1.2242168E-01   2.0294375E+00   7.2657019E-01
   3.0417721E+00  -1.2310418E-01   2.0699801E+00   7.2646898E-01
   3.0453370E+00  -1.2236208E-01   2.1776664E+00   7.3025167E-01
   3.0488272E+00  -1.3734367E-01   2.1298060E+00   7.3058480E-01
   3.0515752E+00  -1.3142657E-01   2.1443536E+00   7.3178738E-01
   3.0549905E+00  -1.3197440E-01   2.2583764E+00   7.3098397E-01
   3.0583894E+00  -1.3476384E-01   2.3052273E+00   7.3134214E-01
   3.0617318E+00  -1.3236569E-01   2.3190899E+00   7.3164755E-01
   3.0656080E+00  -1.3539042E-01   2.3871145E+00   7.3139459E-01
   3.0687990E+00  -1.4051059E-01   2.4201915E+00   7.3193908E-01
   3.0719604E+00  -1.3745689E-01   2.4902015E+00   7.3205966E-01
   3.0756843E+00  -1.3668445E-01   2.5319784E+00   7.3286635E-01
   3.0787356E+00  -1.5685958E-01   2.5560064E+00   7.3343354E-01
   3.0824325E+00  -1.6112401E-01   2.6477003E+00   7.3226094E-01
   3.0856752E+00  -1.4887933E-01   2.6581113E+00   7.3280209E-01
   3.0892057E+00  -1.4449389E-01   2.7112954E+00   7.3178327E-01
   3.0925965E+00  -1.4280324E-01   2.7870121E+00   7.3330051E-01
   3.0960331E+00  -1.4013450E-01   2.8178322E+00   7.3535967E-01
   3.0994680E+00  -1.5273902E-01   2.8968523E+00   7.4104315E-01
   3.1029017E+00  -1.5382785E-01   2.9236732E+00   7.3835707E-01
   3.1063344E+00  -1.4770660E-01   2.9695356E+00   7.3586094E-01
   3.1089087E+00  -1.4992306E-01   3.0307584E+00   7.3480588E-01
   3.1123407E+00  -1.4668773E-01   3.0874605E+00   7.3573440E-01
   3.1157727E+00  -1.4816816E-01   3.1438704E+00   7.3314834E-01
   3.1193037E+00  -1.4844722E-01   3.2162209E+00   7.3156208E-01
   3.1227651E+00  -1.4159492E-01   3.2472284E+00   7.2769219E-01
   3.1262863E+00  -1.4600231E-01   3.2881021E+00   7.3145598E-01
   3.1298342E+00  -1.5985298E-01   3.3918576E+00   7.3546064E-01
   3.1331985E+00  -1.6029921E-01   3.4203069E+00   7.3722625E-01
   3.1364911E+00  -1.6280155E-01   3.4931307E+00   7.4365455E-01
   3.1397612E+00  -1.6829683E-01   3.5369456E+00   7.3351836E-01
   3.1430087E+00  -1.6922636E-01   3.5926161E+00   7.3680317E-01
   3.1463830E+00  -1.6841549E-01   3.6737747E+00   7.2999740E-01
   3.1497915E+00  -1.6690990E-01   3.7260306E+00   7.3121071E-01
   3.1528757E+00  -1.4509813E-01   3.8361695E+00   7.2640783E-01
   3.1566243E+00  -1.9361824E-01   3.7999468E+00   7.3848939E-01
   3.1599572E+00  -1.7950401E-01   3.8720510E+00   7.3393303E-01
   3.1638153E+00  -1.6606651E-01   4.0000548E+00   7.2649753E-01
   3.1666076E+00  -1.7446035E-01   3.9804242E+00   7.2618008E-01
   3.1703506E+00  -1.6791190E-01   4.1568103E+00   7.3033649E-01
   3.1738722E+00  -2.0253894E-01   4.1698146E+00   7.3950559E-01
   3.1770031E+00  -2.0647275E-01   4.2333941E+00   7.3579454E-01
   3.1806276E+00  -1.9092984E-01   4.3069720E+00   7.2774750E-01
   3.1833332E+00  -1.8659823E-01   4.3654089E+00   7.2762334E-01
   3.1870363E+00  -1.8441334E-01   4.6103110E+00   7.3270023E-01
   3.1901994E+00  -1.7044953E-01   4.4909959E+00   7.2349262E-01
   3.1933846E+00  -1.9163123E-01   4.5351796E+00   7.2552621E-01
   3.1967700E+00  -2.3118997E-01   4.6926188E+00   7.3860890E-01
   3.2004490E+00  -2.4941623E-01   4.7106056E+00   7.3069900E-01
   3.2041118E+00  -1.4608037E-01   4.8104367E+00   7.1485513E-01
   3.2070940E+00  -2.0287947E-01   4.8862357E+00   7.2377729E-01
   3.2108135E+00  -2.3117359E-01   4.9932346E+00   7.1967322E-01
   3.2140825E+00  -1.8014482E-01   5.0399880E+00   7.2988278E-01
   3.2175190E+00  -1.8505466E-01   5.2822161E+00   7.2759902E-01
   3.2207689E+00  -2.0951293E-01   5.1757278E+00   7.2079509E-01
   3.2241521E+00  -2.2577910E-01   5.2441835E+00   7.0941132E-01
   3.2275200E+00  -2.9247048E-01   5.3833585E+00   7.0537025E-01
   3.2305143E+00  -2.3611940E-01   5.4337158E+00   7.1979052E-01
   3.2339804E+00  -2.0706619E-01   5.5031943E+00   7.2100139E-01
   3.2378650E+00  -2.2690679E-01   5.6007733E+00   7.1266907E-01
   3.2404521E+00  -2.4379553E-01   5.6948681E+00   7.1042240E-01
   3.2442887E+00  -2.4212678E-01   5.8029604E+00   7.0292532E-01
   3.2480741E+00  -2.4408337E-01   5.8724227E+00   7.1298480E-01
   3.2505674E+00  -2.3257723E-01   6.0624733E+00   7.1032238E-01
   3.2542548E+00  -2.3910616E-01   6.0450721E+00   7.0372915E-01
   3.2578855E+00  -2.6263270E-01   6.0970263E+00   7.0420605E-01
   3.2614620E+00  -2.4877790E-01   6.2949028E+00   7.0659101E-01
   3.2649832E+00  -2.5916487E-01   6.3444700E+00   7.0313209E-01
   3.2683532E+00  -2.4533686E-01   6.4162426E+00   6.9947237E-01
   3.2717733E+00  -2.3618381E-01   6.6250429E+00   6.7512906E-01
   3.2745547E+00  -2.5858274E-01   6.5764613E+00   6.9026285E-01
   3.2783833E+00  -2.7244443E-01   6.7437859E+00   6.9306505E-01
   3.2816494E+00  -2.8116581E-01   6.8697381E+00   7.1157146E-01
   3.2848969E+00  -2.6314935E-01   7.0937653E+00   7.0854503E-01
   3.2880690E+00  -2.6866329E-01   7.0159054E+00   6.9086134E-01
   3.2912271E+00  -2.9606310E-01   7.1055756E+00   7.0165801E-01
   3.2950618E+00  -2.9279396E-01   7.2262678E+00   7.0151317E-01
   3.2981148E+00  -2.6891869E-01   7.3910646E+00   6.8290132E-01
   3.3017364E+00  -2.9612482E-01   7.5515795E+00   7.0351481E-01
   3.3054454E+00  -2.8349963E-01   7.5400639E+00   7.0058697E-01
   3.3083634E+00  -3.1907281E-01   7.6369958E+00   6.9639951E-01
   3.3121662E+00  -3.1927860E-01   7.8153520E+00   6.9875020E-01
   3.3155439E+00  -2.9050651E-01   7.9748883E+00   6.9081610E-01
   3.3184147E+00  -3.0855218E-01   8.0069828E+00   6.9023335E-01
   3.3218858E+00  -2.5338420E-01   8.0801306E+00   6.8859124E-01
   3.3252165E+00  -2.7580392E-01   8.1520576E+00   7.0577234E-01
   3.3287828E+00  -3.5316721E-01   8.3515730E+00   6.9393176E-01
   3.3322287E+00  -3.3754915E-01   8.4513035E+00   6.9349241E-01
   3.3355637E+00  -2.9863113E-01   8.5324774E+00   6.8903238E-01
   3.3386505E+00  -3.1096393E-01   8.6630182E+00   6.9799304E-01
   3.3425674E+00  -3.1718847E-01   8.7675676E+00   7.1936232E-01
   3.3456249E+00  -3.2471538E-01   8.8593397E+00   6.8777174E-01
   3.3493555E+00  -3.1666756E-01   8.9500465E+00   6.8707037E-01
   3.3522696E+00  -3.2862198E-01   9.0636806E+00   6.9863266E-01
   3.3558357E+00  -3.3712304E-01   9.1854534E+00   6.8962264E-01
   3.3593223E+00  -3.3637741E-01   9.2720528E+00   6.7964321E-01
   3.3627346E+00  -3.7084424E-01   9.4237585E+00   7.0634282E-01
   3.3660793E+00  -3.1819069E-01   9.5340099E+00   7.0380270E-01
   3.3693547E+00  -3.6197448E-01   9.5933495E+00   6.9574934E-01
   3.3725665E+00  -3.7699533E-01   9.7305107E+00   7.0443040E-01
   3.3763404E+00  -3.5515106E-01   9.8539991E+00   7.0454156E-01
