  flscon:  version 22.2.0.05  win64 2022 
 FLOW-3D   00:59:14  10/10/2023 juri     
   hydr3d   version  22.2.0.16 win64     09/12/2022 HYDRO    
 Simulation Template: Free Surface - TruVOF (Default)                            

Mesh Block   1
 printing pfxob, pfyob, pfzob, pfob       
       1     1002      0.000E+00      8.160E+00
   time              pfxob_1         pfyob_1         pfzob_1         pfob_1
   0.0000000E+00  -3.5592532E-03  -9.4653910E-01  -5.6511205E-01   1.1024067E+00
   1.6178644E-03  -6.5857515E-02   1.3183780E+02  -2.1012685E+00   1.3185455E+02
   7.7578719E-03  -1.3428739E-03  -4.3309319E-01  -6.3004452E-01   7.6454407E-01
   1.6387837E-02  -2.7318019E-03  -6.2825471E-01  -6.3111717E-01   8.9051688E-01
   2.4524406E-02  -4.4414592E-03  -7.9709166E-01  -6.3444245E-01   1.0187699E+00
   3.2316536E-02  -3.0026999E-03  -9.3993872E-01  -6.3611007E-01   1.1349580E+00
   4.0922385E-02   2.1782704E-04  -1.0799618E+00  -6.3285935E-01   1.2517301E+00
   4.9315732E-02  -1.0981371E-03  -1.1987107E+00  -6.2879324E-01   1.3536209E+00
   5.6610275E-02  -8.0193179E-03  -1.3082449E+00  -6.2588763E-01   1.4502773E+00
   6.5706693E-02   1.5315068E-06  -1.4270519E+00  -6.2034774E-01   1.5560554E+00
   7.3346227E-02   4.0064036E-04  -1.5315231E+00  -6.1614937E-01   1.6508189E+00
   8.1915222E-02   2.6814528E-03  -1.6272769E+00  -6.1162263E-01   1.7384244E+00
   8.9806266E-02  -6.4106286E-03  -1.7173870E+00  -5.9824055E-01   1.8186123E+00
   9.7551338E-02  -2.0105926E-02  -1.8053738E+00  -5.8223563E-01   1.8970443E+00
   1.0615291E-01  -3.0342585E-03  -1.8831773E+00  -5.7156962E-01   1.9680086E+00
   1.1397331E-01   9.6741281E-03  -1.9419725E+00  -5.6220603E-01   2.0217385E+00
   1.2233369E-01  -6.9672894E-03  -1.9978324E+00  -5.5021459E-01   2.0722256E+00
   1.3079692E-01  -4.8107696E-03  -2.0577700E+00  -5.3844076E-01   2.1270540E+00
   1.3904388E-01   4.9174558E-03  -2.0983894E+00  -5.2498770E-01   2.1630704E+00
   1.4689612E-01   1.6530184E-02  -2.1447203E+00  -5.1060069E-01   2.2047248E+00
   1.5495634E-01  -9.7745820E-04  -2.1391513E+00  -4.9968877E-01   2.1967380E+00
   1.6301003E-01  -4.6056705E-03  -2.1563582E+00  -4.9018973E-01   2.2113769E+00
   1.7124018E-01  -2.6423547E-03  -2.1643312E+00  -4.7715285E-01   2.2163057E+00
   1.7938942E-01  -1.0112532E-02  -2.1555481E+00  -4.6741122E-01   2.2056661E+00
   1.8737523E-01   5.7054526E-04  -2.1546636E+00  -4.5637566E-01   2.2024655E+00
   1.9550769E-01   8.7310560E-03  -2.1316421E+00  -4.4744536E-01   2.1781142E+00
   2.0410393E-01   3.7770662E-03  -2.1266575E+00  -4.3588457E-01   2.1708710E+00
   2.1191190E-01   5.9154266E-03  -2.0878565E+00  -4.2628881E-01   2.1309392E+00
   2.2068578E-01  -5.1748642E-04  -2.0374477E+00  -4.2341217E-01   2.0809784E+00
   2.2812003E-01   1.8665953E-04  -1.9706595E+00  -4.2244011E-01   2.0154290E+00
   2.3701645E-01  -4.7073507E-04  -1.9049209E+00  -4.0857971E-01   1.9482456E+00
   2.4528305E-01  -8.0107329E-03  -1.8346443E+00  -3.9957350E-01   1.8776696E+00
   2.5276208E-01   1.2892137E-02  -1.7839054E+00  -4.0012527E-01   1.8282738E+00
   2.6134139E-01   1.4287123E-03  -1.6834881E+00  -3.9453113E-01   1.7291007E+00
   2.6952893E-01   1.1082882E-02  -1.5894793E+00  -3.8984573E-01   1.6366267E+00
   2.7792203E-01   1.4479447E-03  -1.4863261E+00  -3.8748744E-01   1.5360059E+00
   2.8609127E-01   2.7514502E-02  -1.3773648E+00  -3.8232747E-01   1.4297080E+00
   2.9385045E-01   8.3101867E-03  -1.2870849E+00  -3.7572980E-01   1.3408318E+00
   3.0203184E-01  -8.8309301E-03  -1.1070181E+00  -3.6983225E-01   1.1671945E+00
   3.1021523E-01   1.2217398E-02  -1.0693594E+00  -3.6674246E-01   1.1305656E+00
   3.1837136E-01   2.0296434E-03  -9.0741360E-01  -3.5987726E-01   9.7617376E-01
   3.2613334E-01   1.0298187E-03  -8.4381217E-01  -3.5313171E-01   9.1472512E-01
   3.3434781E-01   1.8499793E-02  -7.1894771E-01  -3.4468913E-01   7.9752034E-01
   3.4223551E-01   1.1725181E-02  -5.0956744E-01  -3.4336531E-01   6.1456996E-01
   3.5059083E-01  -8.2415612E-03  -4.5983353E-01  -3.3574417E-01   5.6941980E-01
   3.5883772E-01   2.3250829E-02  -2.6496392E-01  -3.3159569E-01   4.2509079E-01
   3.6691716E-01   2.8732733E-03  -1.6782361E-01  -3.2588786E-01   3.6657321E-01
   3.7485963E-01  -4.5121158E-03  -1.2700716E-02  -3.2271597E-01   3.2299730E-01
   3.8359562E-01  -2.2183133E-02   1.0218996E-01  -3.1545916E-01   3.3233923E-01
   3.9202774E-01   1.4346121E-02   2.6540488E-01  -3.1485513E-01   4.1204286E-01
   3.9955500E-01  -9.2666978E-03   3.4769389E-01  -3.1397954E-01   4.6857235E-01
   4.0835869E-01   1.1006501E-03   4.9385199E-01  -3.0614519E-01   5.8104724E-01
   4.1637090E-01   1.7715041E-02   6.6312599E-01  -2.9268825E-01   7.2506297E-01
   4.2439729E-01   1.5861772E-02   7.5619990E-01  -2.8797942E-01   8.0933428E-01
   4.3273497E-01  -1.1843172E-02   9.2129165E-01  -2.6905021E-01   9.5984715E-01
   4.4096059E-01  -4.7452059E-03   9.6767676E-01  -2.7124605E-01   1.0049852E+00
   4.4899586E-01   2.0718493E-03   1.1245340E+00  -2.7523094E-01   1.1577276E+00
   4.5683494E-01   6.3850996E-03   1.2224587E+00  -2.6575372E-01   1.2510281E+00
   4.6533611E-01   1.2160239E-02   1.3471960E+00  -2.7476278E-01   1.3749834E+00
   4.7363722E-01  -5.1356293E-03   1.4511119E+00  -2.7403426E-01   1.4767691E+00
   4.8175594E-01   1.1127540E-02   1.5416235E+00  -2.7780867E-01   1.5664942E+00
   4.8970765E-01   5.3814747E-03   1.6219112E+00  -2.7319592E-01   1.6447676E+00
   4.9756896E-01   1.7108303E-02   1.7299401E+00  -2.7726889E-01   1.7521026E+00
   5.0635743E-01   3.3449647E-03   1.8205833E+00  -2.8349233E-01   1.8425262E+00
   5.1348573E-01   1.0828978E-03   1.8253552E+00  -2.7499336E-01   1.8459533E+00
   5.2256340E-01  -2.8822552E-03   1.9257953E+00  -2.7972421E-01   1.9460065E+00
   5.3016925E-01   5.8297033E-04   1.9892082E+00  -2.8314114E-01   2.0092583E+00
   5.3852814E-01  -1.6928211E-02   2.0443583E+00  -2.9393694E-01   2.0654507E+00
   5.4674327E-01  -5.4671564E-03   2.1092842E+00  -3.1054428E-01   2.1320291E+00
   5.5499458E-01   7.8364303E-03   2.1574483E+00  -3.2028049E-01   2.1811061E+00
   5.6301510E-01  -1.8850481E-03   2.1872973E+00  -3.2662335E-01   2.2115505E+00
   5.7133222E-01  -1.5711867E-03   2.2144201E+00  -3.3549914E-01   2.2396915E+00
   5.7892680E-01  -1.1822022E-02   2.2408276E+00  -3.4580734E-01   2.2673841E+00
   5.8733046E-01   3.3278072E-03   2.2611611E+00  -3.5583237E-01   2.2889903E+00
   5.9516424E-01  -2.2126155E-03   2.2892606E+00  -3.7026453E-01   2.3190117E+00
   6.0339558E-01  -8.9999083E-03   2.2744365E+00  -3.8288325E-01   2.3064566E+00
   6.1197233E-01  -3.4878722E-03   2.2773035E+00  -3.9845148E-01   2.3119011E+00
   6.2047499E-01  -1.0049338E-02   2.2698319E+00  -4.0726602E-01   2.3061013E+00
   6.2864387E-01  -9.1293575E-03   2.2405777E+00  -4.1842556E-01   2.2793314E+00
   6.3694561E-01   3.0976548E-03   2.2227378E+00  -4.2701474E-01   2.2633855E+00
   6.4449996E-01  -9.1720158E-03   2.1833913E+00  -4.3923059E-01   2.2271519E+00
   6.5287924E-01  -1.4438484E-02   2.1189637E+00  -4.6001759E-01   2.1683707E+00
   6.6131032E-01  -1.0052329E-02   2.0696273E+00  -4.5333067E-01   2.1187181E+00
   6.6898853E-01  -2.0412408E-02   1.9600931E+00  -4.6692732E-01   2.0150442E+00
   6.7711192E-01  -6.3316296E-03   1.9130549E+00  -4.9663848E-01   1.9764789E+00
   6.8553835E-01  -9.8553346E-03   1.8213239E+00  -5.0935864E-01   1.8912334E+00
   6.9379801E-01  -1.0143155E-03   1.7139279E+00  -5.2665919E-01   1.7930197E+00
   7.0137656E-01  -7.6291626E-03   1.6155485E+00  -5.3473026E-01   1.7017612E+00
   7.1043110E-01  -9.5549040E-03   1.5219666E+00  -5.4584628E-01   1.6169174E+00
   7.1854067E-01  -8.1728660E-03   1.3805238E+00  -5.6006497E-01   1.4898274E+00
   7.2671556E-01   1.8400360E-02   1.2480470E+00  -5.6794423E-01   1.3713207E+00
   7.3400766E-01   3.5476338E-03   1.1571367E+00  -5.8156300E-01   1.2950650E+00
   7.4228060E-01  -1.9458759E-03   1.0231897E+00  -5.9746087E-01   1.1848546E+00
   7.5133431E-01  -1.5739122E-02   8.3029157E-01  -6.0752743E-01   1.0289419E+00
   7.5837266E-01  -1.3020320E-02   7.5142366E-01  -6.1376315E-01   9.7031552E-01
   7.6663321E-01  -3.0849886E-03   5.7671946E-01  -6.2513649E-01   8.5053539E-01
   7.7497602E-01  -9.3391147E-03   4.1979662E-01  -6.3160199E-01   7.5844413E-01
   7.8340620E-01  -9.1629999E-04   2.5996810E-01  -6.3539708E-01   6.8652290E-01
   7.9123187E-01   1.3052988E-03   1.1119472E-01  -6.3447011E-01   6.4414150E-01
   7.9940087E-01   1.5290935E-03  -5.0837122E-02  -6.3805604E-01   6.4007986E-01
   8.0811661E-01  -5.1048113E-04  -2.2954589E-01  -6.3672912E-01   6.7684233E-01
   8.1587225E-01   1.6737740E-03  -3.4539267E-01  -6.4048374E-01   7.2768009E-01
   8.2413715E-01  -5.7339123E-03  -4.9930614E-01  -6.3987821E-01   8.1165493E-01
   8.3272320E-01   9.2039546E-03  -7.2036630E-01  -6.3932025E-01   9.6319401E-01
   8.4050959E-01  -8.9650424E-03  -7.8212905E-01  -6.3667375E-01   1.0085434E+00
   8.4877044E-01   9.0177142E-04  -9.6594292E-01  -6.3656127E-01   1.1568304E+00
   8.5694587E-01  -1.6813016E-03  -1.0632815E+00  -6.3291323E-01   1.2373962E+00
   8.6531633E-01   4.6290089E-03  -1.1941079E+00  -6.2630874E-01   1.3483982E+00
   8.7303203E-01   3.6569852E-03  -1.3468626E+00  -6.2309045E-01   1.4840127E+00
   8.8129425E-01   2.9650170E-03  -1.4421490E+00  -6.1306125E-01   1.5670503E+00
   8.8974053E-01  -2.0469474E-03  -1.5431976E+00  -5.9861022E-01   1.6552333E+00
   8.9744955E-01  -5.7841707E-03  -1.6503186E+00  -5.9226876E-01   1.7533873E+00
   9.0569735E-01  -6.4922748E-03  -1.7138995E+00  -5.7820874E-01   1.8088169E+00
   9.1369867E-01   9.2919683E-03  -1.8085638E+00  -5.6876606E-01   1.8959125E+00
   9.2214644E-01   1.5941012E-03  -1.8721989E+00  -5.5429751E-01   1.9525309E+00
   9.2997283E-01  -1.0343007E-03  -1.9806125E+00  -5.4634720E-01   2.0545857E+00
   9.3872428E-01  -3.6886088E-06  -2.0222085E+00  -5.3372490E-01   2.0914562E+00
   9.4681787E-01  -1.4566619E-02  -2.0636442E+00  -5.2199942E-01   2.1286905E+00
   9.5470667E-01   1.0825763E-03  -2.1116250E+00  -5.0911558E-01   2.1721325E+00
   9.6240878E-01   1.8069942E-02  -2.1605437E+00  -4.9889895E-01   2.2174706E+00
   9.7087741E-01   5.0822310E-03  -2.1906519E+00  -4.8865631E-01   2.2444971E+00
   9.7908521E-01  -1.0983575E-02  -2.1780798E+00  -4.7741613E-01   2.2298160E+00
   9.8762017E-01   1.4684162E-03  -2.2069840E+00  -4.6562025E-01   2.2555671E+00
   9.9520683E-01  -8.5746776E-04  -2.2106514E+00  -4.5913902E-01   2.2578285E+00
   1.0037419E+00   2.8650549E-03  -2.1821308E+00  -4.4993916E-01   2.2280369E+00
   1.0122762E+00  -6.8357559E-03  -2.1548510E+00  -4.4174936E-01   2.1996753E+00
   1.0200479E+00   6.6356775E-03  -2.1125321E+00  -4.2980826E-01   2.1558225E+00
   1.0280752E+00   1.0416356E-03  -2.0825150E+00  -4.1923824E-01   2.1242952E+00
   1.0362115E+00  -6.7023705E-03  -2.0193503E+00  -4.1817346E-01   2.0622051E+00
   1.0446877E+00  -2.0534629E-03  -1.9731722E+00  -4.1365954E-01   2.0160673E+00
   1.0531572E+00  -1.3548931E-03  -1.9065768E+00  -4.1200131E-01   1.9505850E+00
   1.0612777E+00   1.3391184E-02  -1.8023388E+00  -4.0254322E-01   1.8467933E+00
   1.0689446E+00  -1.3024064E-03  -1.7622219E+00  -3.9648095E-01   1.8062738E+00
   1.0770832E+00  -5.3787004E-04  -1.6638193E+00  -3.9353442E-01   1.7097265E+00
   1.0854369E+00   7.7766716E-03  -1.5193955E+00  -3.9005208E-01   1.5686822E+00
   1.0935273E+00   2.0652357E-03  -1.4712317E+00  -3.8252085E-01   1.5201478E+00
   1.1013609E+00   2.0923790E-02  -1.3592257E+00  -3.8887644E-01   1.4139155E+00
   1.1093268E+00   3.3859902E-03  -1.2383636E+00  -3.7289542E-01   1.2932930E+00
   1.1181095E+00  -1.2815098E-03  -1.1160313E+00  -3.6332071E-01   1.1736821E+00
   1.1258899E+00   6.6354871E-03  -1.0509611E+00  -3.5619727E-01   1.1097026E+00
   1.1338489E+00   1.1446673E-02  -9.0940362E-01  -3.5411263E-01   9.7598243E-01
   1.1423961E+00   1.6427599E-02  -7.8584307E-01  -3.4816968E-01   8.5967517E-01
   1.1502649E+00   1.4218637E-02  -6.7017668E-01  -3.4824112E-01   7.5538784E-01
   1.1587286E+00   1.0710559E-02  -5.1017416E-01  -3.3327359E-01   6.0947818E-01
   1.1669501E+00   1.2085273E-02  -3.9080679E-01  -3.2949832E-01   5.1131707E-01
   1.1754544E+00  -4.7614723E-03  -2.2055455E-01  -3.3111793E-01   3.9787695E-01
   1.1833967E+00   4.0887378E-02  -1.3724244E-01  -3.2283136E-01   3.5316759E-01
   1.1916718E+00   2.5302954E-02   2.3223132E-02  -3.1401977E-01   3.1589234E-01
   1.1999211E+00   3.1531733E-02   1.1540616E-01  -3.1612659E-01   3.3800718E-01
   1.2079895E+00   1.4872920E-02   2.5781029E-01  -3.0588505E-01   4.0031615E-01
   1.2160835E+00  -2.8103226E-04   4.1157016E-01  -2.9963559E-01   5.0908893E-01
   1.2243323E+00   1.3684609E-02   5.1382726E-01  -3.1336001E-01   6.0199690E-01
   1.2324221E+00   3.7655667E-03   6.9346273E-01  -2.7660513E-01   7.4660242E-01
   1.2403008E+00   6.6379271E-03   7.7623183E-01  -2.7603933E-01   8.2387960E-01
   1.2485713E+00   9.3452539E-03   9.2995602E-01  -2.6507345E-01   9.6704155E-01
   1.2566897E+00   7.7094738E-03   1.0343577E+00  -2.8230253E-01   1.0722173E+00
   1.2655025E+00  -1.4554178E-02   1.1535175E+00  -2.8339535E-01   1.1879088E+00
   1.2727499E+00  -4.7695905E-04   1.2700564E+00  -2.7325803E-01   1.2991203E+00
   1.2817101E+00   4.4707344E-03   1.3930011E+00  -2.5843030E-01   1.4167774E+00
   1.2891017E+00  -3.8141010E-03   1.4788060E+00  -2.5621468E-01   1.5008423E+00
   1.2980013E+00  -3.5938602E-03   1.5911494E+00  -2.7778846E-01   1.6152201E+00
   1.3053629E+00  -4.8623565E-03   1.6677159E+00  -2.6734972E-01   1.6890162E+00
   1.3144424E+00  -4.4692294E-03   1.7735142E+00  -2.7074054E-01   1.7940660E+00
   1.3218079E+00   6.2536690E-03   1.8404764E+00  -2.7112296E-01   1.8603494E+00
   1.3307211E+00  -5.7205879E-03   1.9072996E+00  -2.7678871E-01   1.9272873E+00
   1.3381253E+00   2.1782459E-03   1.9869208E+00  -2.8365842E-01   2.0070677E+00
   1.3464291E+00  -2.5779250E-04   2.0388606E+00  -2.8926945E-01   2.0592790E+00
   1.3540357E+00  -5.9468746E-03   2.1080151E+00  -2.9875755E-01   2.1290889E+00
   1.3632805E+00   9.0192342E-03   2.1442065E+00  -3.0708379E-01   2.1661034E+00
   1.3713537E+00   5.1360046E-03   2.1799488E+00  -3.1899482E-01   2.2031705E+00
   1.3785002E+00  -2.1761782E-02   2.2148492E+00  -3.2997191E-01   2.2393999E+00
   1.3873999E+00  -3.5727683E-02   2.2567933E+00  -3.4438694E-01   2.2831984E+00
   1.3956264E+00   2.3682779E-03   2.2923546E+00  -3.5573944E-01   2.3197942E+00
   1.4038490E+00   2.4400247E-02   2.3065615E+00  -3.6729544E-01   2.3357499E+00
   1.4118515E+00  -4.0076505E-02   2.3146229E+00  -3.8001323E-01   2.3459530E+00
   1.4196734E+00  -4.8547057E-03   2.2987676E+00  -3.9298955E-01   2.3321228E+00
   1.4280733E+00  -2.0307494E-02   2.3035798E+00  -3.9892796E-01   2.3379555E+00
   1.4359514E+00  -4.6315775E-03   2.2867560E+00  -4.0450430E-01   2.3222613E+00
   1.4438415E+00  -8.2537569E-03   2.2746518E+00  -4.2760560E-01   2.3145096E+00
   1.4525783E+00  -1.2298994E-02   2.2178445E+00  -4.4774947E-01   2.2626235E+00
   1.4605359E+00  -2.2067061E-02   2.1635215E+00  -4.5597881E-01   2.2111602E+00
   1.4688610E+00  -2.7590981E-02   2.1271276E+00  -4.6109954E-01   2.1767054E+00
   1.4770371E+00  -4.1276999E-03   2.0273318E+00  -4.9281663E-01   2.0863748E+00
   1.4848783E+00  -1.7697385E-02   1.9599470E+00  -4.9982199E-01   2.0227525E+00
   1.4929123E+00  -2.2269700E-02   1.8402666E+00  -5.1430410E-01   1.9109123E+00
   1.5018709E+00  -1.9703068E-02   1.8120226E+00  -5.2235734E-01   1.8859138E+00
   1.5093622E+00  -1.8366702E-02   1.6849363E+00  -5.3220707E-01   1.7670858E+00
   1.5171561E+00  -9.7449804E-03   1.6025063E+00  -5.4230672E-01   1.6918091E+00
   1.5263079E+00   1.9750427E-02   1.4322242E+00  -5.3797883E-01   1.5300579E+00
   1.5344744E+00  -1.1149832E-02   1.3642008E+00  -5.7282937E-01   1.4796288E+00
   1.5419219E+00  -5.9614382E-03   1.1988348E+00  -5.8463365E-01   1.3338053E+00
   1.5498289E+00   1.3138267E-04   1.0927640E+00  -5.9863979E-01   1.2459948E+00
   1.5587075E+00   1.1849950E-02   9.3350017E-01  -6.1247122E-01   1.1165501E+00
   1.5666078E+00   1.1990935E-02   8.0187500E-01  -6.2448186E-01   1.0164275E+00
   1.5749637E+00  -1.8165162E-04   5.8956569E-01  -6.3755608E-01   8.6836946E-01
   1.5831265E+00   7.6225708E-04   4.3542570E-01  -6.4445788E-01   7.7776736E-01
   1.5908229E+00   1.8412919E-03   3.1049630E-01  -6.4866239E-01   7.1914828E-01
   1.5993251E+00   2.6905283E-03   8.2259484E-02  -6.5422493E-01   6.5938163E-01
   1.6072118E+00   2.2383747E-03   4.8733074E-03  -6.5391535E-01   6.5393734E-01
   1.6152667E+00   3.5087974E-03  -1.7400981E-01  -6.5454340E-01   6.7728782E-01
   1.6234301E+00   1.9714946E-03  -3.6157683E-01  -6.5362602E-01   7.4697298E-01
   1.6323910E+00   1.1470991E-02  -4.9760118E-01  -6.5126562E-01   8.1968617E-01
   1.6405777E+00  -4.9127690E-03  -6.4457965E-01  -6.5498561E-01   9.1897398E-01
   1.6482757E+00   1.4285376E-02  -8.2936168E-01  -6.5202367E-01   1.0550734E+00
   1.6562352E+00   6.4723785E-03  -9.5681441E-01  -6.4787430E-01   1.1555418E+00
   1.6648879E+00   2.1409846E-03  -1.0547084E+00  -6.4076078E-01   1.2340944E+00
   1.6731662E+00   1.2325859E-02  -1.1871392E+00  -6.3882643E-01   1.3481656E+00
   1.6808313E+00   9.0823453E-03  -1.3256449E+00  -6.2869376E-01   1.4671988E+00
   1.6894189E+00   3.3064347E-03  -1.4258615E+00  -6.1853206E-01   1.5542438E+00
   1.6973569E+00   2.0799015E-03  -1.4971030E+00  -6.0540092E-01   1.6148783E+00
   1.7056189E+00  -2.4766759E-03  -1.5890672E+00  -5.8827680E-01   1.6944646E+00
   1.7137564E+00   1.5563766E-02  -1.6716094E+00  -5.7494771E-01   1.7677910E+00
   1.7213542E+00  -1.6035090E-03  -1.7576866E+00  -5.6175601E-01   1.8452736E+00
   1.7297846E+00  -3.2013752E-03  -1.8466723E+00  -5.5328017E-01   1.9277780E+00
   1.7382998E+00  -3.0646422E-03  -1.9210418E+00  -5.3630513E-01   1.9945010E+00
   1.7457602E+00   4.5396877E-03  -1.9440410E+00  -5.2656758E-01   2.0140977E+00
   1.7547694E+00  -7.0881490E-03  -2.0194767E+00  -5.1371354E-01   2.0838037E+00
   1.7623022E+00  -2.3363829E-02  -2.0365765E+00  -5.0067544E-01   2.0973473E+00
   1.7708386E+00  -6.3855411E-03  -2.0852633E+00  -4.9203825E-01   2.1425371E+00
   1.7789751E+00   7.9355398E-03  -2.0853682E+00  -4.8157451E-01   2.1402657E+00
   1.7873797E+00   1.6446170E-04  -2.1069760E+00  -4.6444663E-01   2.1575584E+00
   1.7955602E+00   6.1878548E-03  -2.1268017E+00  -4.5900747E-01   2.1757784E+00
   1.8035686E+00  -1.0732773E-02  -2.0891817E+00  -4.4494480E-01   2.1360643E+00
   1.8111086E+00   1.4242419E-03  -2.0537355E+00  -4.4189277E-01   2.1007380E+00
   1.8197598E+00  -9.9316556E-03  -2.0197566E+00  -4.3257827E-01   2.0655844E+00
   1.8283547E+00  -1.5828015E-02  -1.9804449E+00  -4.2311481E-01   2.0252008E+00
   1.8361458E+00   2.7627028E-03  -1.9094536E+00  -4.2053255E-01   1.9552157E+00
   1.8447515E+00   4.5359015E-05  -1.8774732E+00  -4.1402310E-01   1.9225818E+00
   1.8520442E+00  -6.7729582E-03  -1.7968422E+00  -4.1204607E-01   1.8434939E+00
   1.8604604E+00   4.7746492E-03  -1.7319233E+00  -3.9612156E-01   1.7766523E+00
   1.8685527E+00  -1.7931653E-02  -1.6327085E+00  -3.8806471E-01   1.6782887E+00
   1.8768764E+00   7.1353405E-03  -1.5296609E+00  -3.8492095E-01   1.5773641E+00
   1.8852988E+00   7.0489650E-03  -1.4101946E+00  -3.7861460E-01   1.4601532E+00
   1.8929466E+00   3.7743393E-03  -1.3486211E+00  -3.7767521E-01   1.4005113E+00
   1.9013543E+00  -5.7868920E-03  -1.2053969E+00  -3.5823494E-01   1.2575164E+00
   1.9097579E+00   2.1670931E-03  -1.0772699E+00  -3.6023834E-01   1.1359080E+00
   1.9173940E+00   3.2338075E-04  -9.8289722E-01  -3.5425249E-01   1.0447879E+00
   1.9257905E+00   1.9040870E-02  -8.8359630E-01  -3.3601987E-01   9.4552332E-01
   1.9341837E+00   7.0646745E-03  -7.0685196E-01  -3.3500257E-01   7.8225082E-01
   1.9418112E+00   3.8057652E-03  -5.9677356E-01  -3.3013517E-01   6.8201351E-01
   1.9501987E+00  -4.1852607E-03  -4.5330724E-01  -3.2003877E-01   5.5491424E-01
   1.9585832E+00   1.5846457E-02  -3.0166814E-01  -3.1452319E-01   4.3609586E-01
   1.9662033E+00   3.4485362E-02  -1.4190091E-01  -3.0721712E-01   3.4015802E-01
   1.9745831E+00   2.9161813E-02  -4.4395760E-02  -3.0567357E-01   3.1025431E-01
   1.9829606E+00   2.2178083E-03   1.0393027E-01  -2.9793721E-01   3.1555191E-01
   1.9913359E+00   2.4064405E-02   2.3060636E-01  -2.9969022E-01   3.7890977E-01
   1.9989880E+00   1.4457689E-02   4.7326213E-01  -3.0302635E-01   5.6214857E-01
   2.0075963E+00   7.4321679E-03   5.4499531E-01  -2.7890694E-01   6.1226153E-01
   2.0155325E+00   1.2653590E-02   6.6441894E-01  -2.8535596E-01   7.2321552E-01
   2.0238681E+00   2.4299989E-03   8.0067480E-01  -2.7875701E-01   8.4781575E-01
   2.0322092E+00   2.0401979E-02   9.7129232E-01  -2.8154022E-01   1.0114790E+00
   2.0405567E+00  -6.0569914E-03   1.0723066E+00  -2.5379169E-01   1.1019475E+00
   2.0482702E+00   8.6732125E-03   1.2032074E+00  -2.6082745E-01   1.2311840E+00
   2.0570409E+00   1.1946178E-02   1.3504671E+00  -2.4564916E-01   1.3726790E+00
   2.0645773E+00  -2.4235202E-04   1.4513568E+00  -2.4389356E-01   1.4717067E+00
   2.0722668E+00   1.4917785E-02   1.5719401E+00  -2.5277406E-01   1.5922037E+00
   2.0805924E+00   2.5406105E-02   1.6798011E+00  -2.4423185E-01   1.6976533E+00
   2.0892358E+00   2.9194567E-04   1.8234023E+00  -1.9830686E-01   1.8341542E+00
   2.0968676E+00  -2.0352881E-03   1.9005010E+00  -2.5265262E-01   1.9172224E+00
   2.1055069E+00  -1.2611087E-02   2.0079112E+00  -2.6075342E-01   2.0248108E+00
   2.1137104E+00  -3.1372807E-03   2.0966179E+00  -2.4858060E-01   2.1113050E+00
   2.1221790E+00   2.0914515E-03   2.2032528E+00  -2.5292489E-01   2.2177236E+00
   2.1304226E+00  -1.0877985E-02   2.2961342E+00  -2.5803035E-01   2.3106127E+00
   2.1382575E+00  -1.1063535E-02   2.3651066E+00  -2.5342768E-01   2.3786712E+00
   2.1464543E+00  -5.0123647E-04   2.4344234E+00  -2.5734109E-01   2.4479873E+00
   2.1546099E+00  -1.3046966E-02   2.5001078E+00  -2.6164871E-01   2.5137959E+00
   2.1622961E+00  -5.0735860E-03   2.5385709E+00  -2.6986435E-01   2.5528796E+00
   2.1701963E+00  -2.2000878E-03   2.5962429E+00  -2.8071177E-01   2.6113753E+00
   2.1780984E+00   2.8231028E-03   2.6209605E+00  -2.8793868E-01   2.6367311E+00
   2.1871774E+00  -1.2981328E-02   2.6600630E+00  -3.0299953E-01   2.6772957E+00
   2.1957192E+00   3.5878161E-03   2.6972671E+00  -3.1591409E-01   2.7157068E+00
   2.2030563E+00  -1.5878111E-02   2.7112615E+00  -3.2944372E-01   2.7312496E+00
   2.2113104E+00  -1.8551923E-02   2.7258778E+00  -3.4416693E-01   2.7475817E+00
   2.2201474E+00  -2.3158848E-02   2.7206118E+00  -3.5685626E-01   2.7440135E+00
   2.2276287E+00  -7.8876512E-03   2.7229445E+00  -3.7547937E-01   2.7487221E+00
   2.2355812E+00  -2.7012892E-02   2.6828213E+00  -3.8093930E-01   2.7098663E+00
   2.2442832E+00  -1.7882809E-02   2.6608579E+00  -3.9409453E-01   2.6899433E+00
   2.2525609E+00  -1.8823015E-02   2.6298826E+00  -4.1168153E-01   2.6619763E+00
   2.2601573E+00  -1.8336639E-02   2.5706036E+00  -4.3255958E-01   2.6068077E+00
   2.2683663E+00  -7.7428308E-04   2.5176935E+00  -4.4702283E-01   2.5570707E+00
   2.2770844E+00  -1.6205600E-02   2.4424312E+00  -4.6299687E-01   2.4859805E+00
   2.2845032E+00  -2.0574901E-02   2.3271470E+00  -4.7796974E-01   2.3758140E+00
   2.2926111E+00  -1.1917360E-02   2.2705321E+00  -5.0573784E-01   2.3262050E+00
   2.3013339E+00  -1.3006596E-02   2.1308727E+00  -5.0798696E-01   2.1906250E+00
   2.3089457E+00  -1.4936072E-02   2.0357418E+00  -5.1891875E-01   2.1008914E+00
   2.3170300E+00  -3.9187418E-03   1.8987069E+00  -5.4149258E-01   1.9744157E+00
   2.3250482E+00  -7.3768962E-03   1.7942482E+00  -5.4559582E-01   1.8753816E+00
   2.3332753E+00   1.6565206E-03   1.6816611E+00  -5.5903029E-01   1.7721461E+00
   2.3421624E+00  -1.8554487E-03   1.4910502E+00  -5.6950366E-01   1.5961105E+00
   2.3505716E+00  -1.1421029E-02   1.3958446E+00  -5.7278520E-01   1.5088390E+00
   2.3581016E+00  -8.0279019E-03   1.1999764E+00  -5.8406699E-01   1.3345944E+00
   2.3662014E+00  -1.1549015E-03   1.0748353E+00  -5.8859414E-01   1.2254449E+00
   2.3742375E+00   3.1911002E-03   9.0790248E-01  -5.9939474E-01   1.0879205E+00
   2.3824871E+00  -1.4389183E-02   7.2432119E-01  -6.0286623E-01   9.4249451E-01
   2.3909762E+00   9.8840296E-03   6.0592139E-01  -6.0491073E-01   8.5624492E-01
   2.3985906E+00  -3.3509226E-05   4.1877830E-01  -6.0550159E-01   7.3621160E-01
   2.4075382E+00  -1.4296273E-04   2.6342255E-01  -6.1040187E-01   6.6481721E-01
   2.4151065E+00   2.4265843E-03   1.2759070E-01  -6.1032909E-01   6.2352777E-01
   2.4235337E+00  -2.9117044E-03  -9.2870090E-03  -6.1173725E-01   6.1181468E-01
   2.4317760E+00   6.0780561E-03  -2.0570579E-01  -6.0958958E-01   6.4339042E-01
   2.4397886E+00   1.0924881E-02  -3.4988609E-01  -6.0385978E-01   6.9798732E-01
   2.4479995E+00   2.7714184E-02  -4.8577097E-01  -5.9995526E-01   7.7245569E-01
   2.4561896E+00   6.5430329E-04  -6.1386889E-01  -5.9687603E-01   8.5621053E-01
   2.4642494E+00   7.9467474E-03  -7.3254925E-01  -5.8162189E-01   9.3540132E-01
   2.4722149E+00   1.5620884E-02  -8.5063040E-01  -5.7103556E-01   1.0246452E+00
   2.4806538E+00   7.5551225E-03  -9.6610594E-01  -5.5743039E-01   1.1154131E+00
   2.4884319E+00   9.5986817E-03  -1.1235448E+00  -5.4521954E-01   1.2488832E+00
   2.4967530E+00   1.5867429E-02  -1.1788385E+00  -5.3570127E-01   1.2949470E+00
   2.5051646E+00  -5.6319530E-03  -1.2655807E+00  -5.1962918E-01   1.3681157E+00
   2.5132933E+00   6.9927252E-03  -1.3587260E+00  -5.0550371E-01   1.4497308E+00
   2.5210271E+00   1.3751284E-03  -1.4280711E+00  -4.9564371E-01   1.5116388E+00
   2.5295725E+00  -2.1121015E-03  -1.5175081E+00  -4.7828886E-01   1.5910989E+00
   2.5376050E+00   5.9570307E-03  -1.5741061E+00  -4.6387637E-01   1.6410445E+00
   2.5455043E+00  -2.8973559E-03  -1.6298440E+00  -4.5415047E-01   1.6919374E+00
   2.5542209E+00  -2.0370381E-03  -1.7111119E+00  -4.3774611E-01   1.7662190E+00
   2.5621188E+00   9.2191910E-03  -1.7272568E+00  -4.3213463E-01   1.7805172E+00
   2.5702331E+00   6.5796766E-03  -1.7334435E+00  -4.1334248E-01   1.7820555E+00
   2.5788527E+00   1.3711278E-02  -1.7510823E+00  -4.0809676E-01   1.7980601E+00
   2.5862513E+00   7.0412690E-03  -1.7545494E+00  -4.0243551E-01   1.8001243E+00
   2.5947170E+00  -4.8482249E-04  -1.7382680E+00  -3.9715579E-01   1.7830616E+00
   2.6031659E+00   4.4687290E-04  -1.7319634E+00  -3.7999278E-01   1.7731588E+00
   2.6113992E+00   1.2790625E-02  -1.6950750E+00  -3.8312688E-01   1.7378806E+00
   2.6188684E+00   2.3383450E-02  -1.6715511E+00  -3.6276856E-01   1.7106229E+00
   2.6275799E+00   1.0868963E-02  -1.6049802E+00  -3.4599373E-01   1.6418866E+00
   2.6355631E+00  -2.8308644E-03  -1.5716581E+00  -3.5189280E-01   1.6105732E+00
   2.6434698E+00   1.1299830E-02  -1.5165095E+00  -3.4576973E-01   1.5554695E+00
   2.6523967E+00   1.0191083E-02  -1.4349512E+00  -3.2445154E-01   1.4712096E+00
   2.6604533E+00  -8.3937179E-03  -1.3292979E+00  -3.2022271E-01   1.3673500E+00
   2.6684351E+00   8.9650899E-03  -1.2529008E+00  -3.1325817E-01   1.2914997E+00
   2.6767883E+00   1.4451641E-02  -1.1373708E+00  -2.9912651E-01   1.1761369E+00
   2.6843612E+00  -9.2586791E-03  -1.0733570E+00  -2.9329082E-01   1.1127446E+00
   2.6923184E+00   7.8233695E-03  -9.9516100E-01  -2.7847996E-01   1.0334204E+00
   2.7011604E+00  -2.7328464E-03  -8.2990193E-01  -2.7038839E-01   8.7284285E-01
   2.7094729E+00   1.2293103E-02  -6.8749821E-01  -2.5918925E-01   7.3483604E-01
   2.7169566E+00   1.9691039E-03  -5.9367377E-01  -2.5456777E-01   6.4595443E-01
   2.7257071E+00   2.5546106E-02  -4.7140816E-01  -2.4788193E-01   5.3322011E-01
   2.7339134E+00   5.5852006E-03  -3.3619434E-01  -2.4365360E-01   4.1524076E-01
   2.7414253E+00  -1.2875192E-02  -2.3193941E-01  -2.3713064E-01   3.3195272E-01
   2.7498972E+00   1.0412838E-02  -2.0358300E-02  -2.3217551E-01   2.3329885E-01
   2.7580745E+00   7.9941060E-03   8.2813472E-02  -2.2677165E-01   2.4155198E-01
   2.7661841E+00   6.9040479E-03   2.1829356E-01  -2.2380757E-01   3.1271324E-01
   2.7739851E+00   1.4882831E-02   3.5802144E-01  -2.2117452E-01   4.2109263E-01
   2.7824657E+00   4.2602323E-02   5.2506238E-01  -2.1337043E-01   5.6835943E-01
   2.7905447E+00   1.0027920E-02   6.4907628E-01  -2.1409293E-01   6.8354690E-01
   2.7992191E+00   5.8242530E-03   7.9739946E-01  -2.1335618E-01   8.2546997E-01
   2.8066080E+00   2.0034334E-02   9.3429065E-01  -2.1204178E-01   9.5825994E-01
   2.8154712E+00   2.7736789E-02   1.0426368E+00  -2.1075720E-01   1.0640862E+00
   2.8231347E+00   3.4360401E-03   1.1697968E+00  -2.0636661E-01   1.1878651E+00
   2.8318119E+00  -2.2852144E-03   1.3229051E+00  -2.0422855E-01   1.3385786E+00
   2.8395216E+00   3.2391284E-02   1.4878811E+00  -2.1487936E-01   1.5036664E+00
   2.8474746E+00   6.3420879E-03   1.5626507E+00  -2.1031578E-01   1.5767530E+00
   2.8563330E+00   3.0081239E-02   1.6559709E+00  -2.0412719E-01   1.6687758E+00
   2.8641882E+00  -8.8354079E-03   1.8191442E+00  -2.1159442E-01   1.8314301E+00
   2.8724961E+00   1.2384786E-02   1.8840494E+00  -1.8382491E-01   1.8930365E+00
   2.8803267E+00   1.0145914E-02   2.0180771E+00  -1.7914411E-01   2.0260382E+00
   2.8888054E+00  -6.1474559E-03   2.1447685E+00  -1.8124905E-01   2.1524220E+00
   2.8970485E+00  -1.5851656E-02   2.2156258E+00  -1.6207340E-01   2.2216022E+00
   2.9050703E+00   8.3533931E-04   2.3031600E+00  -1.7255720E-01   2.3096151E+00
   2.9128888E+00   4.6160124E-02   2.3968580E+00  -1.6774696E-01   2.4031644E+00
   2.9210992E+00  -5.1308718E-02   2.4541435E+00  -1.8506068E-01   2.4616458E+00
   2.9296737E+00  -1.3475175E-02   2.5346606E+00  -1.8241811E-01   2.5412521E+00
   2.9374847E+00   1.0308553E-02   2.6214318E+00  -1.6297816E-01   2.6265135E+00
   2.9456635E+00  -6.6502276E-03   2.6515119E+00  -1.8108469E-01   2.6576965E+00
   2.9536595E+00  -2.8577264E-02   2.7019737E+00  -1.8230540E-01   2.7082677E+00
   2.9620011E+00   1.1787303E-02   2.7610734E+00  -1.6936193E-01   2.7662878E+00
   2.9701624E+00  -1.1762004E-02   2.7829149E+00  -1.8939140E-01   2.7893770E+00
   2.9781559E+00  -5.4390137E-03   2.8124011E+00  -2.0052062E-01   2.8195457E+00
   2.9864767E+00  -1.3653596E-02   2.8241265E+00  -2.1025214E-01   2.8319750E+00
   2.9946318E+00  -1.2545123E-02   2.8224344E+00  -2.1984951E-01   2.8310118E+00
   3.0030973E+00  -1.3628944E-02   2.8202503E+00  -2.3183884E-01   2.8297961E+00
   3.0109425E+00  -1.5054561E-02   2.7965362E+00  -2.6165143E-01   2.8087904E+00
   3.0191000E+00  -1.6780136E-02   2.7756617E+00  -2.8265014E-01   2.7900662E+00
   3.0275540E+00  -1.9680552E-02   2.7354736E+00  -3.0325654E-01   2.7523022E+00
   3.0354233E+00  -3.0093549E-02   2.6894937E+00  -3.2218483E-01   2.7088900E+00
   3.0438955E+00  -9.1602309E-03   2.6188810E+00  -3.3902109E-01   2.6407495E+00
   3.0520074E+00  -2.2860605E-02   2.5032492E+00  -3.5582671E-01   2.5285158E+00
   3.0601647E+00  -8.8851312E-03   2.4645848E+00  -3.8074130E-01   2.4938366E+00
   3.0679374E+00  -1.5680784E-02   2.3651650E+00  -3.9701879E-01   2.3983068E+00
   3.0757856E+00  -1.5922887E-02   2.2603302E+00  -4.1519082E-01   2.2982013E+00
   3.0846584E+00   4.9753492E-03   2.1427298E+00  -4.3573704E-01   2.1865916E+00
   3.0925825E+00  -1.0515095E-02   1.9847028E+00  -4.4847649E-01   2.0347695E+00
   3.1010919E+00   5.1742350E-03   1.8466535E+00  -4.6784717E-01   1.9050031E+00
   3.1085298E+00  -7.7464962E-03   1.7343470E+00  -4.8534065E-01   1.8009927E+00
   3.1174524E+00  -1.5029047E-02   1.5245075E+00  -4.9835148E-01   1.6039648E+00
   3.1255405E+00  -1.5508709E-02   1.3612670E+00  -5.1175088E-01   1.4543649E+00
   3.1336474E+00  -3.0818577E-03   1.1767740E+00  -5.2093351E-01   1.2869259E+00
   3.1416724E+00  -8.4463051E-03   9.7592533E-01  -5.3030068E-01   1.1107297E+00
   3.1494246E+00  -1.2641923E-02   8.4140998E-01  -5.3383470E-01   9.9654907E-01
   3.1581924E+00   3.4247257E-03   5.7141143E-01  -5.4143476E-01   7.8719395E-01
   3.1656659E+00  -8.8306172E-03   4.0723622E-01  -5.4629207E-01   6.8143547E-01
   3.1742451E+00  -1.0626814E-02   2.2780712E-01  -5.4820561E-01   5.9374946E-01
   3.1826320E+00   4.9253665E-03   4.6860244E-02  -5.5222577E-01   5.5423230E-01
   3.1905715E+00   7.0643569E-03  -2.0706566E-01  -5.5388165E-01   5.9136367E-01
   3.1988578E+00  -3.3500458E-03  -3.3282867E-01  -5.5881500E-01   6.5043092E-01
   3.2071381E+00   1.1098131E-02  -5.4772460E-01  -5.5466002E-01   7.7959806E-01
   3.2152824E+00   8.9351777E-03  -6.7061692E-01  -5.5245465E-01   8.6891484E-01
   3.2235525E+00   3.9859972E-04  -8.7248081E-01  -5.5066419E-01   1.0317237E+00
   3.2312725E+00   5.2600265E-03  -1.0138142E+00  -5.4497689E-01   1.1510199E+00
   3.2395871E+00   3.3345898E-03  -1.1986709E+00  -5.3781039E-01   1.3137972E+00
   3.2475977E+00   5.1058438E-02  -1.3503536E+00  -5.4113603E-01   1.4556408E+00
   3.2558916E+00   4.5915102E-03  -1.4754305E+00  -5.1942402E-01   1.5641987E+00
   3.2638316E+00  -4.4996534E-03  -1.6305629E+00  -5.1454687E-01   1.7098287E+00
   3.2718868E+00   7.4701058E-03  -1.7102617E+00  -4.9871162E-01   1.7815062E+00
   3.2802105E+00  -1.0930075E-03  -1.8511424E+00  -4.8116612E-01   1.9126552E+00
   3.2887003E+00   4.8137419E-03  -1.9330225E+00  -4.6774498E-01   1.9888149E+00
   3.2968726E+00   1.1631733E-02  -2.0617549E+00  -4.6476194E-01   2.1135213E+00
   3.3050926E+00   1.1731487E-02  -2.1145582E+00  -4.4269353E-01   2.1604333E+00
   3.3131227E+00  -5.9393030E-03  -2.1751468E+00  -4.4266617E-01   2.2197413E+00
   3.3208349E+00  -6.9062882E-03  -2.2475731E+00  -4.2611858E-01   2.2876210E+00
   3.3297231E+00   3.9254394E-03  -2.2929468E+00  -4.1251361E-01   2.3297615E+00
   3.3372157E+00   2.9350468E-03  -2.3241069E+00  -3.9873832E-01   2.3580658E+00
   3.3452942E+00  -2.1372510E-03  -2.3587906E+00  -3.8787505E-01   2.3904698E+00
   3.3538129E+00   5.9623015E-03  -2.3759046E+00  -3.7351379E-01   2.4050925E+00
   3.3619516E+00   4.6682856E-03  -2.3680830E+00  -3.5342059E-01   2.3943152E+00
   3.3697474E+00  -6.2100678E-03  -2.3747180E+00  -3.4845024E-01   2.4001546E+00
   3.3777690E+00   1.6728633E-03  -2.3430936E+00  -3.3972910E-01   2.3675952E+00
   3.3865633E+00   1.3331983E-02  -2.2987099E+00  -3.3071551E-01   2.3224163E+00
   3.3942652E+00  -7.2051852E-04  -2.2618208E+00  -3.2375678E-01   2.2848747E+00
   3.4022427E+00   1.5340212E-03  -2.2331710E+00  -3.1335962E-01   2.2550497E+00
   3.4103594E+00   2.8747989E-02  -2.1593826E+00  -3.0576074E-01   2.1811118E+00
   3.4191756E+00   5.6629628E-03  -2.0515699E+00  -2.9652515E-01   2.0728962E+00
   3.4272783E+00  -3.5824005E-02  -1.9671673E+00  -2.8412381E-01   1.9879025E+00
   3.4356713E+00   1.7854432E-02  -1.8703411E+00  -2.7168536E-01   1.8900549E+00
   3.4436274E+00  -2.8000392E-03  -1.7769344E+00  -2.6134491E-01   1.7960526E+00
   3.4521410E+00   8.2452567E-03  -1.6910294E+00  -2.4869792E-01   1.7092394E+00
   3.4596200E+00   8.3784219E-03  -1.5927116E+00  -2.4224110E-01   1.6110497E+00
   3.4677935E+00   1.3310799E-02  -1.4585706E+00  -2.3572309E-01   1.4775556E+00
   3.4758828E+00   1.6708372E-02  -1.3759273E+00  -2.2989464E-01   1.3951011E+00
   3.4844429E+00  -3.1681582E-03  -1.2212002E+00  -2.2170833E-01   1.2411667E+00
   3.4927390E+00   1.7829004E-03  -1.1099873E+00  -2.1494193E-01   1.1306082E+00
   3.5002794E+00   1.0513541E-02  -9.3540645E-01  -2.0954037E-01   9.5864642E-01
   3.5087240E+00   1.2338913E-02  -8.0266637E-01  -2.0610078E-01   8.2879615E-01
   3.5170116E+00   2.2354782E-02  -6.7468679E-01  -2.0347875E-01   7.0505714E-01
   3.5251682E+00   3.4404385E-03  -5.2744371E-01  -1.9916268E-01   5.6380355E-01
   3.5332167E+00   1.9348938E-02  -3.9736015E-01  -1.9546612E-01   4.4325668E-01
   3.5411787E+00   1.3092353E-03  -2.5654498E-01  -1.9600944E-01   3.2285714E-01
   3.5500591E+00   5.6159962E-03  -9.3912885E-02  -1.9095352E-01   2.1287183E-01
   3.5579073E+00   8.6970981E-03   7.5073607E-02  -2.1209322E-01   2.2515599E-01
   3.5657055E+00   1.7382594E-02   1.3305926E-01  -1.8964757E-01   2.3232116E-01
   3.5745206E+00   6.9804280E-03   3.1018662E-01  -1.9153632E-01   3.6462396E-01
   3.5823951E+00   7.5789257E-03   4.1876000E-01  -1.8371435E-01   4.5734924E-01
   3.5903335E+00   8.7676169E-03   5.6879908E-01  -1.8103404E-01   5.9697789E-01
   3.5983145E+00   1.6594956E-02   7.1128142E-01  -2.0067799E-01   7.3923498E-01
   3.6070418E+00  -3.0365787E-02   8.4434843E-01  -2.1165115E-01   8.7100089E-01
   3.6147985E+00   2.2997202E-02   9.6225578E-01  -1.9205093E-01   9.8150325E-01
   3.6227558E+00   4.2367049E-02   1.1527299E+00  -2.0326169E-01   1.1712799E+00
   3.6314981E+00  -1.5828433E-02   1.2187726E+00  -1.9266993E-01   1.2340094E+00
   3.6397469E+00   1.7009830E-02   1.3224037E+00  -1.8830723E-01   1.3358520E+00
   3.6476936E+00   3.5276096E-02   1.4611803E+00  -1.7245811E-01   1.4717453E+00
   3.6553154E+00   1.6454547E-03   1.5200611E+00  -1.7802382E-01   1.5304513E+00
   3.6636941E+00   1.9049589E-03   1.6719505E+00  -1.6234483E-01   1.6798148E+00
   3.6723938E+00   8.6798640E-03   1.7644492E+00  -1.5675825E-01   1.7714202E+00
   3.6801701E+00   1.2010399E-02   1.8170327E+00  -1.9913314E-01   1.8279513E+00
   3.6883719E+00  -4.4861780E-03   1.9558178E+00  -1.6815040E-01   1.9630380E+00
   3.6963980E+00  -1.3946541E-02   1.9999851E+00  -2.0436095E-01   2.0104473E+00
   3.7043977E+00  -2.6574549E-03   2.1145279E+00  -1.8098085E-01   2.1222606E+00
   3.7124932E+00   9.5922109E-03   2.1750989E+00  -1.9037749E-01   2.1834354E+00
   3.7211967E+00  -7.5478209E-03   2.2116017E+00  -1.9596930E-01   2.2202799E+00
   3.7292278E+00  -3.0716956E-03   2.2626922E+00  -2.0850101E-01   2.2722802E+00
   3.7373598E+00  -2.1603292E-02   2.3074808E+00  -2.1157596E-01   2.3172612E+00
   3.7449539E+00  -2.8548257E-02   2.3108532E+00  -2.2409953E-01   2.3218696E+00
   3.7536116E+00  -6.7445217E-03   2.3238542E+00  -2.4893081E-01   2.3371587E+00
   3.7615082E+00  -3.6381008E-03   2.3217273E+00  -2.6838177E-01   2.3371906E+00
   3.7698538E+00  -1.8015463E-02   2.3374310E+00  -2.9605255E-01   2.3561738E+00
   3.7781467E+00  -2.0238895E-02   2.3084445E+00  -3.1596941E-01   2.3300564E+00
   3.7863028E+00  -2.7724307E-02   2.3026974E+00  -3.3113265E-01   2.3265495E+00
   3.7940261E+00  -1.7729558E-02   2.2395196E+00  -3.5438374E-01   2.2674546E+00
   3.8029149E+00  -1.7776808E-02   2.1910613E+00  -3.7486431E-01   2.2229683E+00
   3.8103378E+00  -3.1691402E-02   2.1771882E+00  -3.9152032E-01   2.2123384E+00
   3.8186078E+00  -1.6383138E-02   2.0689576E+00  -4.0901110E-01   2.1090622E+00
   3.8273020E+00  -2.5585398E-02   2.0126386E+00  -4.2677975E-01   2.0575495E+00
   3.8355956E+00  -2.4782432E-02   1.9251455E+00  -4.4344044E-01   1.9757122E+00
   3.8430903E+00  -2.8439473E-02   1.8165482E+00  -4.5701137E-01   1.8733702E+00
   3.8513908E+00  -2.1216428E-02   1.7480911E+00  -4.7015777E-01   1.8103372E+00
   3.8594098E+00  -3.0576425E-02   1.6114401E+00  -4.8599997E-01   1.6834103E+00
   3.8680232E+00  -2.4595873E-02   1.4826772E+00  -4.9986967E-01   1.5648663E+00
   3.8759642E+00  -2.2202700E-02   1.3570393E+00  -5.1177335E-01   1.4505036E+00
   3.8842475E+00  -2.7531747E-02   1.2213385E+00  -5.2526861E-01   1.3297868E+00
   3.8921251E+00  -4.2841509E-02   1.0664946E+00  -5.3593796E-01   1.1943516E+00
   3.9005456E+00  -2.9153313E-02   9.6507871E-01  -5.4174507E-01   1.1071199E+00
   3.9084191E+00  -2.5253376E-02   7.8378630E-01  -5.4788929E-01   9.5663023E-01
   3.9170475E+00  -3.0968141E-02   6.2116629E-01  -5.5810970E-01   8.3563936E-01
   3.9248693E+00  -2.1987634E-02   4.7257286E-01  -5.6120849E-01   7.3400515E-01
   3.9331303E+00  -2.3421014E-02   3.0819416E-01  -5.7195890E-01   6.5013009E-01
   3.9413428E+00  -1.6870324E-02   1.4100596E-01  -5.7799053E-01   5.9518093E-01
   3.9496622E+00  -1.8618956E-02  -1.5917392E-02  -5.8128279E-01   5.8179867E-01
   3.9573903E+00  -1.5905172E-02  -1.9776325E-01  -5.8389062E-01   6.1667776E-01
   3.9655082E+00  -1.5207738E-02  -3.7848082E-01  -5.8466679E-01   6.9664502E-01
   3.9740911E+00  -1.5905300E-02  -5.0131857E-01  -5.8414996E-01   7.6993793E-01
   3.9821448E+00  -9.5025916E-03  -6.2923938E-01  -5.8153027E-01   8.5686058E-01
   3.9902973E+00  -9.2066834E-03  -7.6908547E-01  -5.7810915E-01   9.6217847E-01
   3.9985850E+00  -7.1700830E-03  -9.4166076E-01  -5.6890297E-01   1.1001941E+00
   4.0063925E+00  -1.0299711E-02  -1.0019310E+00  -5.6386626E-01   1.1497464E+00
   4.0146956E+00  -4.8670722E-03  -1.1688443E+00  -5.5575365E-01   1.2942500E+00
   4.0229807E+00  -1.9235276E-03  -1.3156161E+00  -5.4712105E-01   1.4248477E+00
   4.0312419E+00  -2.1191624E-03  -1.4012741E+00  -5.3265256E-01   1.4990971E+00
   4.0393043E+00   1.6645554E-02  -1.4862553E+00  -5.2174109E-01   1.5752604E+00
   4.0472536E+00   5.3005689E-03  -1.6292126E+00  -5.0641423E-01   1.7061117E+00
   4.0556455E+00   2.4085934E-03  -1.6865461E+00  -4.9493334E-01   1.7576697E+00
   4.0634589E+00   4.1424003E-03  -1.7765939E+00  -4.8162776E-01   1.8407249E+00
   4.0719991E+00   1.5714718E-02  -1.8494887E+00  -4.6817422E-01   1.9078895E+00
   4.0798302E+00   9.5352260E-03  -1.9073741E+00  -4.5471984E-01   1.9608511E+00
   4.0879707E+00   1.4549550E-02  -1.9627872E+00  -4.4489700E-01   2.0126297E+00
   4.0965166E+00   1.5230116E-02  -2.0233581E+00  -4.2715707E-01   2.0680118E+00
   4.1047559E+00   1.9580619E-03  -2.0472550E+00  -4.1522795E-01   2.0889401E+00
   4.1125493E+00   7.1924068E-03  -2.0628154E+00  -4.1214871E-01   2.1035984E+00
   4.1206164E+00   4.3736845E-03  -2.0811436E+00  -4.0190715E-01   2.1196008E+00
   4.1289830E+00   1.2759331E-02  -2.0681837E+00  -3.9279824E-01   2.1051929E+00
   4.1368508E+00   3.8553821E-03  -2.0809205E+00  -3.8272324E-01   2.1158266E+00
   4.1455874E+00   1.5493715E-02  -2.0751748E+00  -3.7257636E-01   2.1084125E+00
   4.1537395E+00   1.4639795E-02  -2.0579295E+00  -3.6045858E-01   2.0893104E+00
   4.1612468E+00   4.4264658E-03  -2.0082393E+00  -3.5438445E-01   2.0392725E+00
   4.1697512E+00   7.9628518E-03  -1.9652145E+00  -3.3910602E-01   1.9942728E+00
   4.1778712E+00   6.8986270E-04  -1.9159969E+00  -3.3344045E-01   1.9447949E+00
   4.1864724E+00   1.7808065E-02  -1.8614250E+00  -3.2102844E-01   1.8889890E+00
   4.1945963E+00   2.5600340E-02  -1.8010287E+00  -3.1448308E-01   1.8284583E+00
   4.2023964E+00   2.2416640E-02  -1.7141880E+00  -3.1069487E-01   1.7422612E+00
   4.2107921E+00  -6.5494548E-03  -1.5969487E+00  -2.9670358E-01   1.6242911E+00
   4.2185531E+00   1.0780441E-02  -1.5560670E+00  -2.8908613E-01   1.5827291E+00
   4.2267609E+00  -4.4116005E-03  -1.4165078E+00  -2.7477074E-01   1.4429182E+00
   4.2346416E+00   3.7095916E-02  -1.3385500E+00  -2.6037323E-01   1.3641430E+00
   4.2428842E+00   1.0511249E-02  -1.2292123E+00  -2.5571781E-01   1.2555735E+00
   4.2512369E+00   1.3307231E-02  -1.0780793E+00  -2.4658123E-01   1.1059992E+00
   4.2596397E+00   9.0370886E-03  -9.9567306E-01  -2.3974292E-01   1.0241696E+00
   4.2681479E+00   2.6536170E-02  -8.4183365E-01  -2.3547816E-01   8.7455022E-01
   4.2763019E+00   2.5095921E-02  -7.4879730E-01  -2.2645067E-01   7.8269225E-01
   4.2844572E+00   2.6410086E-02  -5.7227993E-01  -2.2146589E-01   6.1420596E-01
   4.2924185E+00   4.4984901E-03  -4.4365737E-01  -2.2066745E-01   4.9552619E-01
   4.3004589E+00   1.0875108E-02  -3.4009212E-01  -2.0964198E-01   3.9966321E-01
   4.3079395E+00   1.3005450E-02  -1.6919909E-01  -2.0774694E-01   2.6824665E-01
   4.3168063E+00   2.3827368E-02  -6.1393768E-02  -2.0345157E-01   2.1384452E-01
   4.3251920E+00   1.2954975E-02   1.0075603E-01  -2.0823520E-01   2.3169270E-01
   4.3331704E+00   2.8368548E-02   2.3463400E-01  -2.0521447E-01   3.1300297E-01
   4.3407989E+00  -4.6963068E-03   3.3904132E-01  -1.9930398E-01   3.9331049E-01
   4.3490171E+00   2.7688675E-02   4.8279890E-01  -1.9921671E-01   5.2301884E-01
   4.3578987E+00   2.2981530E-02   6.2223870E-01  -1.9252485E-01   6.5174764E-01
   4.3659692E+00   1.9417558E-02   7.5914878E-01  -2.0785695E-01   7.8732997E-01
   4.3735709E+00  -1.4008175E-02   9.2788553E-01  -2.5507051E-01   9.6240783E-01
   4.3822436E+00   2.0929864E-02   1.0109026E+00  -1.9842982E-01   1.0304061E+00
   4.3898606E+00  -8.3826408E-03   1.1220901E+00  -2.0691469E-01   1.1410390E+00
   4.3986726E+00   4.4111253E-04   1.2581801E+00  -2.1709579E-01   1.2767725E+00
   4.4065385E+00   5.8850166E-03   1.3948317E+00  -1.5261562E-01   1.4031683E+00
   4.4146967E+00   9.3727239E-04   1.4960579E+00  -2.0124151E-01   1.5095325E+00
   4.4230227E+00   1.3259475E-03   1.5968884E+00  -2.0272176E-01   1.6097051E+00
   4.4307404E+00  -3.4546237E-02   1.6939992E+00  -1.9948222E-01   1.7060539E+00
   4.4391341E+00   3.2292936E-02   1.8385386E+00  -1.6483824E-01   1.8461957E+00
   4.4474120E+00  -4.3841895E-02   1.9432924E+00  -1.7720173E-01   1.9518473E+00
   4.4553804E+00   1.7349675E-03   1.9835306E+00  -1.6577147E-01   1.9904464E+00
   4.4637995E+00   1.9080500E-03   2.1022737E+00  -1.7813079E-01   2.1098077E+00
   4.4718204E+00  -2.5034936E-02   2.1524677E+00  -1.9310318E-01   2.1612573E+00
   4.4798627E+00  -1.7783649E-02   2.2725322E+00  -1.0590708E-01   2.2750680E+00
   4.4876604E+00  -5.3053610E-03   2.2761307E+00  -1.8603267E-01   2.2837267E+00
   4.4963164E+00  -3.1374365E-03   2.3088613E+00  -1.9537695E-01   2.3171151E+00
   4.5039496E+00   3.5421358E-04   2.3853004E+00  -1.8932207E-01   2.3928020E+00
   4.5126605E+00  -2.0363849E-02   2.4304516E+00  -2.1489367E-01   2.4400182E+00
   4.5202203E+00  -2.1669725E-02   2.4350293E+00  -2.1241701E-01   2.4443727E+00
   4.5284548E+00  -1.9673059E-02   2.4530954E+00  -2.3161927E-01   2.4640844E+00
   4.5369973E+00  -2.2926062E-02   2.4370205E+00  -2.4738714E-01   2.4496520E+00
   4.5453568E+00  -2.5329247E-02   2.4451728E+00  -2.5794566E-01   2.4588711E+00
   4.5533504E+00  -2.1728670E-02   2.4498513E+00  -3.1733674E-01   2.4704142E+00
   4.5612636E+00  -2.2347193E-02   2.4175298E+00  -3.1347382E-01   2.4378712E+00
   4.5693502E+00  -1.5008856E-02   2.3841951E+00  -3.3160251E-01   2.4071918E+00
   4.5780029E+00  -3.4227408E-02   2.2676091E+00  -3.5965395E-01   2.2962086E+00
   4.5858817E+00  -1.9600838E-02   2.2914422E+00  -3.7637717E-01   2.3222296E+00
   4.5943522E+00  -3.2916896E-02   2.1846020E+00  -3.9935097E-01   2.2210472E+00
   4.6025743E+00  -3.1101692E-02   2.1213336E+00  -4.1552976E-01   2.1618717E+00
   4.6105752E+00  -3.1749662E-02   2.0111775E+00  -4.3151158E-01   2.0571938E+00
   4.6183386E+00  -3.2070119E-02   1.9307349E+00  -4.4608331E-01   1.9818567E+00
   4.6264286E+00  -2.5830587E-02   1.8396562E+00  -4.6697235E-01   1.8981743E+00
   4.6346674E+00  -1.3798141E-02   1.7112235E+00  -4.8487434E-01   1.7786454E+00
   4.6430683E+00  -2.9783910E-02   1.5409487E+00  -4.9864104E-01   1.6198930E+00
   4.6515355E+00  -1.8876206E-02   1.3973352E+00  -5.1603228E-01   1.4896951E+00
   4.6592107E+00  -2.4176314E-02   1.2402005E+00  -5.2558666E-01   1.3471909E+00
   4.6674929E+00  -2.9482521E-02   1.0772716E+00  -5.3887951E-01   1.2048960E+00
   4.6756859E+00  -2.4573976E-02   9.1324824E-01  -5.4872072E-01   1.0657020E+00
   4.6837940E+00  -1.8600116E-02   7.4024242E-01  -5.6075823E-01   9.2884582E-01
   4.6917148E+00  -1.1431484E-02   5.7696825E-01  -5.7608694E-01   8.1541353E-01
   4.6999846E+00  -1.6061528E-02   3.7286165E-01  -5.8266395E-01   6.9194007E-01
   4.7084665E+00  -1.8839076E-02   1.6535646E-01  -5.8520263E-01   6.0840756E-01
   4.7166281E+00  -1.5153715E-02   4.6665903E-02  -5.8934021E-01   5.9137905E-01
   4.7244620E+00  -8.5697724E-03  -1.5375338E-01  -5.9370983E-01   6.1335546E-01
   4.7327065E+00  -1.0135286E-02  -3.2466036E-01  -5.9489262E-01   6.7779368E-01
   4.7409015E+00  -1.0093440E-02  -5.4204839E-01  -5.9816808E-01   8.0729389E-01
   4.7491841E+00  -2.0576778E-04  -6.9646931E-01  -5.9766245E-01   9.1775268E-01
   4.7574086E+00   3.1655077E-03  -8.3800650E-01  -5.9020782E-01   1.0249928E+00
   4.7654724E+00   1.3976312E-03  -1.0081519E+00  -5.8896434E-01   1.1675835E+00
   4.7735586E+00   4.8740408E-03  -1.0968194E+00  -5.7573181E-01   1.2387509E+00
   4.7818084E+00  -3.1132521E-03  -1.2815984E+00  -5.6706548E-01   1.4014519E+00
   4.7899246E+00   3.9304895E-04  -1.4023839E+00  -5.5794728E-01   1.5092999E+00
   4.7980843E+00   2.3089226E-02  -1.5114462E+00  -5.5180621E-01   1.6091901E+00
   4.8062882E+00  -1.9402096E-02  -1.6169685E+00  -5.3721774E-01   1.7039855E+00
   4.8144045E+00   9.2739528E-03  -1.6982610E+00  -5.2329487E-01   1.7770802E+00
   4.8223677E+00   1.3920735E-02  -1.8175869E+00  -5.0875247E-01   1.8874969E+00
   4.8308086E+00   1.9273465E-02  -1.9029552E+00  -4.9473363E-01   1.9663091E+00
   4.8390718E+00   2.9977083E-03  -1.9941028E+00  -4.8353857E-01   2.0518930E+00
   4.8469443E+00   6.0879318E-03  -2.0578783E+00  -4.6743268E-01   2.1103065E+00
   4.8552217E+00   9.4628856E-03  -2.1138916E+00  -4.5814866E-01   2.1629903E+00
   4.8633704E+00   5.5007138E-03  -2.1770678E+00  -4.4479257E-01   2.2220476E+00
   4.8715463E+00   9.7560277E-03  -2.2122669E+00  -4.3157920E-01   2.2539921E+00
   4.8794646E+00   1.4157454E-02  -2.2327790E+00  -4.2124435E-01   2.2722123E+00
   4.8880424E+00   1.4977276E-02  -2.2276356E+00  -4.0829676E-01   2.2647936E+00
   4.8958473E+00   1.0323823E-02  -2.2450621E+00  -4.0339321E-01   2.2810383E+00
   4.9043608E+00   1.0852206E-02  -2.2538419E+00  -3.9133218E-01   2.2875886E+00
   4.9121895E+00   1.2779213E-02  -2.2324274E+00  -3.7897488E-01   2.2644024E+00
   4.9206634E+00   1.5583842E-02  -2.2242010E+00  -3.7323478E-01   2.2553530E+00
   4.9287105E+00   7.9130623E-03  -2.2005785E+00  -3.5047022E-01   2.2283261E+00
   4.9369740E+00   8.2156127E-03  -2.1569469E+00  -3.5327631E-01   2.1857016E+00
   4.9450598E+00   1.8931895E-02  -2.1322677E+00  -3.4138465E-01   2.1595063E+00
   4.9528594E+00   2.3651853E-02  -2.0561392E+00  -3.3835438E-01   2.0839269E+00
   4.9609632E+00  -3.5948552E-02  -1.9285524E+00  -3.2409912E-01   1.9559261E+00
   4.9694839E+00   1.8455466E-02  -1.8872690E+00  -3.1819269E-01   1.9139936E+00
   4.9778805E+00   1.2348915E-02  -1.7786874E+00  -3.1166604E-01   1.8058287E+00
   4.9859705E+00   1.3842673E-02  -1.6817331E+00  -3.0490488E-01   1.7092060E+00
   4.9936380E+00   1.0438450E-02  -1.5985380E+00  -2.8804383E-01   1.6243159E+00
   5.0024757E+00   1.1145464E-03  -1.4948721E+00  -2.7807197E-01   1.5205157E+00
   5.0100727E+00   1.4563203E-02  -1.3618020E+00  -2.6861760E-01   1.3881183E+00
   5.0180397E+00   1.8161751E-02  -1.2413402E+00  -2.5656658E-01   1.2677072E+00
   5.0263753E+00   3.6583666E-02  -1.1572425E+00  -2.5234702E-01   1.1850011E+00
   5.0349669E+00   1.6090905E-02  -9.7785830E-01  -2.4651393E-01   1.0085807E+00
   5.0432186E+00   2.8368237E-03  -8.8409358E-01  -2.4234889E-01   9.1671288E-01
   5.0514798E+00   1.1802840E-02  -7.0463359E-01  -2.3327719E-01   7.4233824E-01
   5.0595822E+00   8.1816232E-03  -5.8814973E-01  -2.3135675E-01   6.3207042E-01
   5.0675426E+00   1.3936626E-02  -4.3257907E-01  -2.2964114E-01   4.8995298E-01
   5.0758052E+00   1.6628470E-02  -3.1786117E-01  -2.1917030E-01   3.8645551E-01
   5.0834799E+00   1.9994752E-02  -1.7080647E-01  -2.1575795E-01   2.7590963E-01
   5.0920873E+00   2.8910547E-02  -8.2755461E-03  -2.3264346E-01   2.3457895E-01
   5.0995731E+00   1.6886190E-02   1.0469197E-01  -2.1029170E-01   2.3551677E-01
   5.1078877E+00   1.8585090E-02   2.1927941E-01  -2.1548472E-01   3.0799761E-01
   5.1160975E+00  -1.1730796E-02   3.3940667E-01  -2.0767136E-01   3.9807272E-01
   5.1242113E+00   1.5508420E-02   5.2815741E-01  -2.1183661E-01   5.6926751E-01
   5.1329041E+00   3.3472583E-02   6.5997964E-01  -2.1876790E-01   6.9609839E-01
   5.1406274E+00   7.6142373E-03   7.5133270E-01  -2.0407370E-01   7.7859157E-01
   5.1492786E+00  -4.8199738E-03   8.8042974E-01  -2.3453347E-01   9.1114527E-01
   5.1568012E+00  -4.5006345E-03   1.0013901E+00  -2.1272366E-01   1.0237451E+00
   5.1650829E+00   2.0638125E-02   1.1576465E+00  -2.1095836E-01   1.1768920E+00
   5.1735158E+00  -1.7878599E-02   1.2681496E+00  -1.8202138E-01   1.2812707E+00
   5.1817904E+00   1.6943544E-02   1.4338951E+00  -1.7530030E-01   1.4446704E+00
   5.1901975E+00   1.5381680E-02   1.4938849E+00  -2.4795669E-01   1.5144013E+00
   5.1976113E+00  -6.4291959E-03   1.6331112E+00  -1.7922930E-01   1.6429294E+00
   5.2058225E+00  -4.5058602E-03   1.7305307E+00  -1.8193468E-01   1.7400739E+00
   5.2140555E+00  -9.4152102E-03   1.8305560E+00  -1.8707140E-01   1.8401140E+00
   5.2225275E+00  -1.0261863E-02   1.9357282E+00  -1.7887793E-01   1.9440026E+00
   5.2306228E+00  -5.8223251E-03   2.0090883E+00  -1.9300301E-01   2.0183458E+00
   5.2389655E+00  -1.9616166E-02   2.0895278E+00  -2.1169350E-01   2.1003156E+00
   5.2464824E+00  -2.1792211E-02   2.1553903E+00  -1.7578201E-01   2.1626561E+00
   5.2549472E+00  -1.6147349E-02   2.2191615E+00  -2.1445894E-01   2.2295587E+00
   5.2632470E+00   5.5068387E-03   2.2941310E+00  -2.1892594E-01   2.3045599E+00
   5.2715249E+00  -5.7806266E-03   2.3309915E+00  -2.1191780E-01   2.3406117E+00
   5.2795796E+00  -2.1995106E-03   2.4234900E+00  -2.1727924E-01   2.4332118E+00
   5.2873955E+00  -1.1894880E-02   2.3949049E+00  -2.3539799E-01   2.4064751E+00
   5.2957025E+00  -6.3010273E-03   2.4168456E+00  -2.5620788E-01   2.4303958E+00
   5.3037343E+00  -1.2180139E-02   2.4405584E+00  -2.8184700E-01   2.4568093E+00
   5.3122668E+00  -2.1643044E-02   2.4260263E+00  -2.9396504E-01   2.4438674E+00
   5.3202739E+00  -2.0733774E-02   2.4600627E+00  -3.0956942E-01   2.4795508E+00
   5.3287344E+00  -3.5931133E-02   2.4132986E+00  -3.2669201E-01   2.4355755E+00
   5.3365560E+00  -2.4217956E-03   2.4022841E+00  -3.4239087E-01   2.4265628E+00
   5.3445497E+00  -3.7436213E-02   2.3436971E+00  -3.6514559E-01   2.3722668E+00
   5.3527112E+00  -2.2693705E-02   2.2594352E+00  -3.8223672E-01   2.2916515E+00
   5.3612547E+00  -2.9776299E-02   2.1649952E+00  -3.9919242E-01   2.2016914E+00
   5.3694906E+00  -2.6712868E-02   2.1181593E+00  -4.1988495E-01   2.1595407E+00
   5.3775640E+00  -1.1709209E-02   2.0678856E+00  -4.3154898E-01   2.1124685E+00
   5.3858304E+00  -3.5862487E-02   1.9349962E+00  -4.4713345E-01   1.9863094E+00
   5.3938651E+00  -3.3552863E-02   1.8553687E+00  -4.6250078E-01   1.9124398E+00
   5.4019780E+00  -1.6464388E-02   1.7346423E+00  -4.7237661E-01   1.7978861E+00
   5.4099674E+00  -2.8392488E-02   1.6089295E+00  -4.9016106E-01   1.6821766E+00
   5.4183850E+00  -1.4197785E-02   1.5024654E+00  -5.0571316E-01   1.5853547E+00
   5.4264917E+00  -1.7139180E-02   1.3531532E+00  -5.1132196E-01   1.4466400E+00
   5.4348083E+00  -2.1033645E-02   1.2064693E+00  -5.2289402E-01   1.3150774E+00
   5.4426527E+00  -1.4341065E-02   1.0545144E+00  -5.3161848E-01   1.1810269E+00
   5.4508486E+00  -1.0073706E-02   9.1361034E-01  -5.5001569E-01   1.0664439E+00
   5.4591384E+00  -6.8341307E-03   7.5741273E-01  -5.5600274E-01   9.3960619E-01
   5.4672379E+00  -9.8961042E-03   5.8196169E-01  -5.5800974E-01   8.0632019E-01
   5.4752722E+00  -1.1565050E-02   4.3645611E-01  -5.6253499E-01   7.1209079E-01
   5.4837027E+00  -8.2098236E-03   2.5146428E-01  -5.6902277E-01   6.2216449E-01
   5.4916549E+00  -2.5496323E-04   6.0846407E-02  -5.7609791E-01   5.7930231E-01
   5.4999881E+00   4.7694626E-03  -8.3898045E-02  -5.7730490E-01   5.8338886E-01
   5.5078940E+00  -1.1596086E-02  -2.7327135E-01  -5.8100647E-01   6.4216840E-01
   5.5162787E+00   5.1983364E-04  -4.2802608E-01  -5.8250111E-01   7.2285140E-01
   5.5244493E+00  -4.1718557E-03  -5.7420200E-01  -5.8337551E-01   8.1856728E-01
   5.5325694E+00  -4.1046645E-03  -7.3359507E-01  -5.8125621E-01   9.3596870E-01
   5.5404859E+00   2.9858355E-03  -8.3599758E-01  -5.7808948E-01   1.0164095E+00
   5.5487509E+00   4.2476584E-03  -1.0238109E+00  -5.6767517E-01   1.1706673E+00
   5.5568638E+00   7.5673144E-03  -1.1925763E+00  -5.6364173E-01   1.3190858E+00
   5.5649934E+00   6.9589340E-03  -1.2685810E+00  -5.5178618E-01   1.3834068E+00
   5.5733328E+00   7.9211649E-03  -1.4333110E+00  -5.4776013E-01   1.5344329E+00
   5.5815835E+00   4.2332774E-03  -1.5489172E+00  -5.3386718E-01   1.6383456E+00
   5.5895705E+00   5.4945359E-03  -1.6659604E+00  -5.2712584E-01   1.7473739E+00
   5.5978026E+00   1.2340519E-02  -1.7652365E+00  -5.1093256E-01   1.8377334E+00
   5.6060820E+00   6.5423753E-03  -1.8885130E+00  -5.0185245E-01   1.9540675E+00
   5.6139865E+00   4.3798615E-03  -1.9440970E+00  -4.8620915E-01   2.0039790E+00
   5.6222682E+00   3.2998774E-02  -2.0983253E+00  -4.7495919E-01   2.1516609E+00
   5.6304655E+00   9.3691284E-03  -2.0810971E+00  -4.5660272E-01   2.1306193E+00
   5.6385107E+00   1.0097553E-02  -2.1386912E+00  -4.4738805E-01   2.1850076E+00
   5.6465659E+00   1.0493005E-02  -2.2006679E+00  -4.3464655E-01   2.2432046E+00
   5.6549172E+00   9.6769705E-03  -2.2369761E+00  -4.2678097E-01   2.2773445E+00
   5.6630678E+00   2.6481507E-02  -2.2696750E+00  -4.1332561E-01   2.3071549E+00
   5.6713524E+00   1.5831597E-02  -2.2877476E+00  -4.0951914E-01   2.3241656E+00
   5.6793623E+00  -4.4398573E-03  -2.2973228E+00  -3.9237842E-01   2.3305950E+00
   5.6874452E+00   1.0914266E-02  -2.2924902E+00  -3.7802458E-01   2.3234744E+00
   5.6956425E+00   6.9164680E-03  -2.2639694E+00  -3.7140855E-01   2.2942426E+00
   5.7039232E+00   9.4525684E-03  -2.3018553E+00  -3.5917112E-01   2.3297279E+00
   5.7118740E+00   1.8280173E-02  -2.2262356E+00  -3.4624544E-01   2.2530746E+00
   5.7200198E+00   7.9498393E-03  -2.1557283E+00  -3.4596729E-01   2.1833279E+00
   5.7284994E+00   1.0185497E-02  -2.1227934E+00  -3.3314764E-01   2.1488004E+00
   5.7363586E+00   1.3001181E-02  -2.0590742E+00  -3.3163887E-01   2.0856509E+00
   5.7444568E+00   1.3104117E-02  -1.9867038E+00  -3.1768206E-01   2.0119855E+00
   5.7528310E+00   1.5699130E-02  -1.9230992E+00  -3.1058478E-01   1.9480811E+00
   5.7611823E+00  -2.5858057E-03  -1.8374048E+00  -3.0306485E-01   1.8622330E+00
   5.7693553E+00   8.7053766E-03  -1.7493600E+00  -2.8658152E-01   1.7726998E+00
   5.7773051E+00   1.0086917E-02  -1.6512381E+00  -2.6634482E-01   1.6726112E+00
   5.7855639E+00   2.6381049E-02  -1.5436208E+00  -2.6642746E-01   1.5666668E+00
   5.7938771E+00   3.4154266E-02  -1.4393498E+00  -2.5954813E-01   1.4629625E+00
   5.8015733E+00   2.8682983E-02  -1.3306779E+00  -2.5239414E-01   1.3547063E+00
   5.8095965E+00  -3.9136466E-02  -1.2246996E+00  -2.4461320E-01   1.2495024E+00
   5.8178935E+00   1.0296534E-02  -1.0994905E+00  -2.3913188E-01   1.1252419E+00
   5.8265777E+00   2.3193849E-02  -9.4757950E-01  -2.3161373E-01   9.7575086E-01
   5.8340340E+00   2.1797016E-04  -8.6002672E-01  -2.2701986E-01   8.8948530E-01
   5.8424392E+00   2.1228418E-02  -7.4449968E-01  -2.2227003E-01   7.7726084E-01
   5.8508921E+00   2.3788041E-02  -5.5984676E-01  -2.1723983E-01   6.0098869E-01
   5.8588910E+00   2.5972391E-02  -4.7408715E-01  -2.1376258E-01   5.2069914E-01
   5.8671050E+00   1.7212631E-02  -3.1086341E-01  -2.1235278E-01   3.7686342E-01
   5.8754220E+00   1.1846295E-02  -2.3086129E-01  -2.0878020E-01   3.1149068E-01
   5.8835478E+00   3.1731632E-02  -7.4305423E-03  -2.0765665E-01   2.1019848E-01
   5.8912983E+00   1.2900804E-02   1.2449695E-01  -2.1015824E-01   2.4460664E-01
   5.8998647E+00  -9.1810897E-03   1.6227204E-01  -1.9964273E-01   2.5743684E-01
   5.9079447E+00   1.1007608E-03   3.9198783E-01  -2.1253601E-01   4.4590047E-01
   5.9161129E+00   1.7050944E-02   4.7527730E-01  -1.9158605E-01   5.1272261E-01
   5.9245329E+00   2.1984560E-02   6.3134289E-01  -2.1442774E-01   6.6712552E-01
   5.9320560E+00   2.1686969E-02   6.6209728E-01  -2.0837337E-01   6.9445127E-01
   5.9407659E+00   1.5145004E-03   8.4041911E-01  -2.0953675E-01   8.6614788E-01
   5.9486604E+00  -9.4716959E-03   1.0021935E+00  -2.2382045E-01   1.0269260E+00
   5.9565134E+00   1.9312514E-03   1.0722719E+00  -1.9336633E-01   1.0895693E+00
   5.9647794E+00   1.1280122E-02   1.1746504E+00  -1.8953618E-01   1.1898969E+00
   5.9733844E+00  -1.9446092E-02   1.2906777E+00  -2.0594265E-01   1.3071493E+00
   5.9809732E+00   5.0401285E-02   1.4089950E+00  -1.9401403E-01   1.4231826E+00
   5.9893236E+00  -5.5157370E-03   1.5000193E+00  -1.8339731E-01   1.5111992E+00
   5.9974880E+00   9.8158012E-04   1.5747215E+00  -1.8607338E-01   1.5856771E+00
   6.0056481E+00  -1.5448180E-02   1.7002214E+00  -1.9353741E-01   1.7112709E+00
   6.0141544E+00  -1.8134303E-02   1.7712945E+00  -1.9646582E-01   1.7822491E+00
   6.0218616E+00   2.4053333E-02   1.8915722E+00  -1.7086522E-01   1.8994259E+00
   6.0303941E+00   7.1122319E-02   1.9436065E+00  -1.9568789E-01   1.9547272E+00
   6.0386429E+00   8.7858820E-03   1.9792175E+00  -1.7459327E-01   1.9869227E+00
   6.0464258E+00  -6.6797333E-03   2.0245574E+00  -2.0627645E-01   2.0350497E+00
   6.0548553E+00   2.5249496E-03   2.0611188E+00  -2.0798078E-01   2.0715871E+00
   6.0626488E+00  -1.5067179E-02   2.1158736E+00  -2.2922796E-01   2.1283076E+00
   6.0708494E+00  -4.5799781E-03   2.1509249E+00  -2.3049462E-01   2.1632445E+00
   6.0793624E+00  -3.0188035E-02   2.1634231E+00  -2.3989570E-01   2.1768923E+00
   6.0875907E+00  -1.8530330E-02   2.1495829E+00  -2.5598380E-01   2.1648505E+00
   6.0956268E+00  -1.3364058E-03   2.1589098E+00  -2.7484071E-01   2.1763341E+00
   6.1034808E+00  -2.1297701E-02   2.1265182E+00  -3.0697837E-01   2.1486669E+00
   6.1120272E+00  -8.2806339E-03   2.1487415E+00  -3.2164276E-01   2.1726971E+00
   6.1201725E+00  -2.6668232E-02   2.1014445E+00  -3.3760509E-01   2.1285574E+00
   6.1280909E+00  -1.9728981E-02   2.0639305E+00  -3.5799411E-01   2.0948408E+00
   6.1363044E+00  -2.3524303E-02   2.0006239E+00  -3.8045189E-01   2.0366132E+00
   6.1443443E+00  -2.6367003E-02   1.9553690E+00  -3.9151153E-01   1.9943532E+00
   6.1527424E+00  -2.3350425E-02   1.8825308E+00  -4.0820658E-01   1.9264215E+00
   6.1607080E+00  -2.2391390E-02   1.8030438E+00  -4.2440781E-01   1.8524553E+00
   6.1689281E+00  -2.6495418E-02   1.7342721E+00  -4.3889520E-01   1.7891425E+00
   6.1772280E+00  -3.1990297E-02   1.6116803E+00  -4.5259926E-01   1.6743306E+00
   6.1853189E+00  -2.5491828E-02   1.5117366E+00  -4.6529052E-01   1.5819268E+00
   6.1935854E+00  -3.4502603E-02   1.4100535E+00  -4.7608498E-01   1.4886565E+00
   6.2014995E+00  -1.3894007E-02   1.2565806E+00  -4.8830321E-01   1.3481942E+00
   6.2099481E+00  -2.1486185E-02   1.1567522E+00  -4.9888101E-01   1.2599285E+00
   6.2179413E+00  -1.5634265E-02   1.0095121E+00  -5.1008511E-01   1.1311702E+00
   6.2260137E+00  -2.4156407E-02   8.6256129E-01  -5.1757616E-01   1.0062209E+00
   6.2342114E+00  -2.1478729E-02   7.2039795E-01  -5.2125156E-01   8.8945919E-01
   6.2423391E+00  -1.4927063E-02   5.9902924E-01  -5.3489828E-01   8.0322784E-01
   6.2506337E+00  -1.8993760E-02   4.0849629E-01  -5.3848720E-01   6.7616451E-01
   6.2586827E+00  -1.3163752E-02   2.7235711E-01  -5.4418010E-01   6.0867369E-01
   6.2668791E+00  -7.9901759E-03   7.7457577E-02  -5.4636467E-01   5.5188578E-01
   6.2750344E+00  -7.6462496E-03  -1.6238673E-02  -5.5087548E-01   5.5116779E-01
   6.2831540E+00  -7.0869932E-03  -1.8414772E-01  -5.5195653E-01   5.8190775E-01
   6.2914758E+00  -1.8231599E-02  -3.1679994E-01  -5.5493230E-01   6.3925302E-01
   6.2994184E+00  -1.0422464E-02  -4.9993858E-01  -5.5593032E-01   7.4773371E-01
   6.3076425E+00   2.6645230E-03  -6.6086686E-01  -5.5485457E-01   8.6291116E-01
   6.3158660E+00  -1.2066728E-02  -7.7467215E-01  -5.5164534E-01   9.5109159E-01
   6.3239226E+00  -6.2716892E-04  -9.0805370E-01  -5.4841655E-01   1.0608122E+00
   6.3322482E+00  -6.2160883E-03  -1.0546770E+00  -5.4193872E-01   1.1857823E+00
   6.3403397E+00  -3.4464861E-03  -1.1911165E+00  -5.3710240E-01   1.3066175E+00
   6.3484454E+00   1.7184734E-03  -1.3215106E+00  -5.2997017E-01   1.4238194E+00
   6.3565817E+00   4.1676047E-03  -1.4536194E+00  -5.2156037E-01   1.5443614E+00
   6.3647451E+00   1.8956505E-03  -1.5758483E+00  -5.0777465E-01   1.6556379E+00
   6.3730893E+00   3.5643235E-03  -1.7093977E+00  -4.9795491E-01   1.7804527E+00
   6.3811646E+00   3.1406570E-02  -1.7933158E+00  -4.8558122E-01   1.8581595E+00
   6.3893914E+00   9.8427627E-03  -1.8914858E+00  -4.7436482E-01   1.9500866E+00
   6.3974113E+00   8.4022647E-03  -1.9866227E+00  -4.6138972E-01   2.0395148E+00
   6.4055696E+00   2.7883719E-03  -2.0699306E+00  -4.5179158E-01   2.1186638E+00
   6.4138975E+00   1.4530603E-02  -2.1317570E+00  -4.4065467E-01   2.1768730E+00
   6.4219613E+00   1.6248979E-02  -2.1891537E+00  -4.2808825E-01   2.2306764E+00
   6.4299479E+00   9.0518193E-03  -2.2398434E+00  -4.2288059E-01   2.2794316E+00
   6.4383883E+00   1.4598456E-02  -2.2994955E+00  -4.0350303E-01   2.3346751E+00
   6.4463401E+00   3.4580119E-02  -2.3116395E+00  -3.9733800E-01   2.3457942E+00
   6.4546986E+00   7.3235370E-03  -2.3514645E+00  -3.8740611E-01   2.3831749E+00
   6.4628091E+00   3.6996875E-03  -2.3175597E+00  -3.7717548E-01   2.3480542E+00
   6.4709682E+00   8.8423882E-03  -2.3252079E+00  -3.6625043E-01   2.3538926E+00
   6.4791889E+00   1.0971652E-02  -2.3711257E+00  -3.4820488E-01   2.3965816E+00
   6.4871821E+00   4.9430984E-03  -2.3487463E+00  -3.4209782E-01   2.3735342E+00
   6.4953976E+00   1.4840875E-02  -2.3054254E+00  -3.3677402E-01   2.3299408E+00
   6.5034437E+00   6.4305663E-03  -2.2815883E+00  -3.3190563E-01   2.3056123E+00
   6.5116992E+00   2.3213860E-02  -2.2467930E+00  -3.1731907E-01   2.2692089E+00
   6.5198669E+00   5.5068377E-03  -2.2193317E+00  -3.0487332E-01   2.2401812E+00
   6.5279450E+00   7.6988046E-03  -2.1535084E+00  -2.9520059E-01   2.1736608E+00
   6.5362768E+00   1.5668450E-02  -2.0851307E+00  -2.8207916E-01   2.1041827E+00
   6.5444856E+00   6.4250961E-02  -2.0391114E+00  -2.7248666E-01   2.0582402E+00
   6.5525699E+00   3.6561254E-02  -2.0095558E+00  -2.5883779E-01   2.0264869E+00
   6.5605178E+00   1.3011265E-02  -1.8704107E+00  -2.5074410E-01   1.8871878E+00
   6.5689049E+00   2.6736266E-03  -1.7657938E+00  -2.4138540E-01   1.7822183E+00
   6.5767684E+00   2.1278005E-02  -1.7018316E+00  -2.2909029E-01   1.7173135E+00
   6.5850587E+00   2.7450910E-02  -1.5961968E+00  -2.2152352E-01   1.6117290E+00
   6.5930309E+00   2.5738306E-02  -1.5075269E+00  -2.1706186E-01   1.5232910E+00
   6.6012473E+00   5.5077015E-03  -1.4182075E+00  -2.0370363E-01   1.4327729E+00
   6.6097302E+00   1.7489387E-02  -1.2972373E+00  -1.9445530E-01   1.3118473E+00
   6.6178651E+00   5.3965576E-02  -1.1824538E+00  -1.9156709E-01   1.1990860E+00
   6.6256089E+00   2.3440519E-02  -1.0475034E+00  -1.8249437E-01   1.0635399E+00
   6.6342683E+00   1.2434037E-02  -9.7220665E-01  -1.7689972E-01   9.8824793E-01
   6.6425076E+00   2.1621875E-02  -8.3924997E-01  -1.6793039E-01   8.5615921E-01
   6.6501231E+00   2.5151866E-02  -7.3711878E-01  -1.6939665E-01   7.5675088E-01
   6.6585112E+00   2.1037875E-02  -6.1826521E-01  -1.6324940E-01   6.3980061E-01
   6.6670456E+00   2.0347290E-02  -4.8151180E-01  -1.6160409E-01   5.0831437E-01
   6.6750236E+00   1.8056972E-02  -3.6399671E-01  -1.6225749E-01   3.9893252E-01
   6.6831532E+00   4.2070266E-02  -2.4038112E-01  -1.5866849E-01   2.9108191E-01
   6.6914387E+00   3.6658656E-02  -1.3047965E-01  -1.5903273E-01   2.0895025E-01
   6.6990919E+00   1.4438136E-02  -4.0074952E-02  -1.5830678E-01   1.6393748E-01
   6.7076116E+00   5.6231860E-03   1.2663752E-01  -1.6160153E-01   2.0538680E-01
   6.7154489E+00   2.2662610E-02   2.1006754E-01  -1.5849730E-01   2.6412755E-01
   6.7241464E+00   1.4060766E-02   3.7102163E-01  -1.5871432E-01   4.0378833E-01
   6.7322726E+00   1.6993914E-02   4.9185580E-01  -1.6423279E-01   5.1882881E-01
   6.7401404E+00   9.2285704E-03   5.7298577E-01  -1.6478756E-01   5.9628248E-01
   6.7485018E+00   1.5078777E-02   7.2997993E-01  -1.7467327E-01   7.5073886E-01
   6.7566962E+00   1.2374812E-02   8.0511338E-01  -1.6262816E-01   8.2146734E-01
   6.7647138E+00   6.5117213E-04   9.3078291E-01  -1.6809565E-01   9.4584000E-01
   6.7725849E+00   9.0985131E-03   1.0797932E+00  -1.7240345E-01   1.0935078E+00
   6.7808318E+00  -1.2762697E-02   1.1150308E+00  -1.7481560E-01   1.1287236E+00
   6.7892647E+00   1.0135255E-03   1.2083960E+00  -1.7550579E-01   1.2210751E+00
   6.7973590E+00  -1.1332093E-02   1.3349925E+00  -1.7458133E-01   1.3464071E+00
   6.8053784E+00   8.8089006E-03   1.4029226E+00  -1.7396839E-01   1.4136953E+00
   6.8138714E+00   4.0368768E-03   1.5215324E+00  -1.8643093E-01   1.5329168E+00
   6.8214493E+00   3.1193995E-03   1.5566365E+00  -1.6691007E-01   1.5655624E+00
   6.8297267E+00  -4.5586014E-03   1.6293565E+00  -1.7939837E-01   1.6392093E+00
   6.8381371E+00  -1.9985146E-03   1.7590055E+00  -1.6274127E-01   1.7665191E+00
   6.8460226E+00  -1.9790854E-02   1.7600683E+00  -2.0609201E-01   1.7722037E+00
   6.8543997E+00  -5.1494041E-03   1.7902777E+00  -1.7292307E-01   1.7986170E+00
   6.8623013E+00  -8.0966810E-03   1.8604175E+00  -2.0045339E-01   1.8712029E+00
   6.8709416E+00  -2.4672702E-02   1.8945036E+00  -1.8878628E-01   1.9040465E+00
   6.8787851E+00  -2.2531236E-02   1.9070584E+00  -1.9716470E-01   1.9173557E+00
   6.8870301E+00  -2.0904100E-02   1.9430878E+00  -1.9954917E-01   1.9534193E+00
   6.8950658E+00  -2.5314843E-02   1.9392861E+00  -2.2278811E-01   1.9522054E+00
   6.9033117E+00  -3.4231741E-02   1.9323447E+00  -2.0785621E-01   1.9437932E+00
   6.9116731E+00  -2.1127786E-02   1.9290681E+00  -2.1759520E-01   1.9414165E+00
   6.9199119E+00  -3.6885381E-02   1.8972315E+00  -2.5487307E-01   1.9146299E+00
   6.9278054E+00  -4.4804223E-02   1.9054569E+00  -2.6525155E-01   1.9243523E+00
   6.9360385E+00  -1.9144861E-02   1.8221005E+00  -2.7647197E-01   1.8430555E+00
   6.9440594E+00  -3.1401318E-02   1.7685828E+00  -2.9693365E-01   1.7936112E+00
   6.9522872E+00  -1.8459152E-02   1.7315624E+00  -3.1362572E-01   1.7598324E+00
   6.9606843E+00  -3.6465611E-02   1.6770189E+00  -3.2874006E-01   1.7093251E+00
   6.9684696E+00  -2.7314492E-02   1.5836051E+00  -3.4602621E-01   1.6211987E+00
   6.9769058E+00  -2.8293947E-02   1.5213964E+00  -3.6157134E-01   1.5640273E+00
   6.9848218E+00  -3.0180613E-02   1.4274862E+00  -3.7726241E-01   1.4768056E+00
   6.9929957E+00  -3.8856719E-02   1.3441949E+00  -3.8908187E-01   1.3999124E+00
   7.0012865E+00  -7.0515119E-02   1.2326058E+00  -4.0832099E-01   1.3003905E+00
   7.0095086E+00  -2.9871034E-02   1.1240425E+00  -4.1363803E-01   1.1981070E+00
   7.0176907E+00  -1.4972961E-02   1.0194203E+00  -4.2585060E-01   1.1048939E+00
   7.0256605E+00  -8.5123278E-02   9.1475737E-01  -4.3210289E-01   1.0152535E+00
   7.0338554E+00  -2.4469437E-02   7.6521838E-01  -4.4593239E-01   8.8600993E-01
   7.0419807E+00  -2.2474568E-02   6.6223687E-01  -4.5387504E-01   8.0315959E-01
   7.0502195E+00  -5.5588791E-03   4.9647182E-01  -4.6208435E-01   6.7826039E-01
   7.0583396E+00  -3.4582019E-02   3.7552390E-01  -4.6652630E-01   5.9988409E-01
   7.0665374E+00  -7.4163787E-03   1.9687714E-01  -4.7375777E-01   5.1309067E-01
   7.0748286E+00  -1.9018907E-02   1.3740546E-01  -4.7873476E-01   4.9842647E-01
   7.0828204E+00  -1.9338392E-02  -7.3867645E-03  -4.8190451E-01   4.8234892E-01
   7.0909495E+00  -2.0025674E-02  -2.0839445E-01  -4.8463276E-01   5.2791876E-01
   7.0991874E+00  -1.5412447E-02  -3.2233733E-01  -4.8549843E-01   5.8296448E-01
   7.1073647E+00  -1.4066175E-02  -4.7578231E-01  -4.8604915E-01   6.8030173E-01
   7.1156421E+00  -1.5434224E-02  -6.2626499E-01  -4.8563302E-01   7.9264462E-01
   7.1235843E+00  -1.7702928E-02  -7.1095061E-01  -4.8418584E-01   8.6034882E-01
   7.1318531E+00  -3.4614988E-03  -8.9843881E-01  -4.8008850E-01   1.0186703E+00
   7.1400275E+00  -1.6833197E-02  -9.9502945E-01  -4.7749087E-01   1.1037955E+00
   7.1481957E+00  -8.7390980E-03  -1.1198325E+00  -4.7250625E-01   1.2154684E+00
   7.1563811E+00  -9.0248231E-03  -1.2717080E+00  -4.6563613E-01   1.3543041E+00
   7.1644578E+00  -3.1211411E-03  -1.3623246E+00  -4.6003345E-01   1.4379044E+00
   7.1725335E+00  -5.7132109E-03  -1.4924576E+00  -4.5212236E-01   1.5594476E+00
   7.1807117E+00   2.4306334E-03  -1.6051394E+00  -4.4397128E-01   1.6654096E+00
   7.1889572E+00  -2.2350491E-03  -1.6951998E+00  -4.3630427E-01   1.7504481E+00
   7.1971774E+00   2.3008725E-03  -1.7710187E+00  -4.2720962E-01   1.8218180E+00
   7.2052741E+00   2.0540347E-02  -2.1090729E+00  -4.2234489E-01   2.1510429E+00
   7.2135463E+00   6.2740661E-02  -2.1400003E+00  -4.1039944E-01   2.1799004E+00
   7.2215595E+00  -1.5256932E-02  -1.9815454E+00  -3.9897946E-01   2.0213706E+00
   7.2298889E+00   5.5411244E-03  -2.0853617E+00  -3.9356756E-01   2.1221826E+00
   7.2380552E+00   1.3284959E-03  -2.1916535E+00  -3.8574538E-01   2.2253418E+00
   7.2460995E+00   8.7334290E-03  -2.2071123E+00  -3.8116297E-01   2.2398005E+00
   7.2542887E+00   2.7804429E-02  -2.2469208E+00  -3.6654833E-01   2.2767925E+00
   7.2624893E+00   2.1605451E-02  -2.2740641E+00  -3.5403100E-01   2.3015585E+00
   7.2704849E+00  -5.2419910E-03  -2.3264070E+00  -3.4058967E-01   2.3512120E+00
   7.2788491E+00   1.5810339E-02  -2.3469703E+00  -3.3052909E-01   2.3701835E+00
   7.2867627E+00  -4.6389364E-03  -2.3804331E+00  -3.2791716E-01   2.4029176E+00
   7.2951398E+00   2.4896232E-02  -2.3813045E+00  -3.2544965E-01   2.4035699E+00
   7.3030605E+00   2.4787338E-02  -2.3328469E+00  -3.0936727E-01   2.3534012E+00
   7.3115206E+00   2.3975648E-02  -2.3159535E+00  -2.9980502E-01   2.3354013E+00
   7.3195601E+00   1.7017949E-02  -2.3315363E+00  -2.9128224E-01   2.3497226E+00
   7.3278041E+00   1.0040756E-02  -2.2999828E+00  -2.7436161E-01   2.3163109E+00
   7.3359189E+00   1.7589817E-02  -2.2868497E+00  -2.6500794E-01   2.3022208E+00
   7.3439388E+00   2.3127571E-02  -2.1958146E+00  -2.5179100E-01   2.2103248E+00
   7.3522906E+00   4.8172497E-03  -2.1527741E+00  -2.4476521E-01   2.1666496E+00
   7.3604202E+00   6.0200635E-02  -2.1200016E+00  -2.2215511E-01   2.1324596E+00
   7.3685327E+00   1.9873908E-02  -2.0445573E+00  -2.2292320E-01   2.0567703E+00
   7.3765492E+00   4.0895306E-02  -1.9322920E+00  -2.0945017E-01   1.9440407E+00
   7.3847704E+00   2.0434562E-02  -1.9149283E+00  -2.0063740E-01   1.9255191E+00
   7.3927422E+00   1.6836878E-02  -1.8247309E+00  -1.9051442E-01   1.8347267E+00
   7.4009390E+00   3.0631417E-02  -1.7464823E+00  -1.8388054E-01   1.7564027E+00
   7.4093876E+00   2.2254758E-02  -1.6705744E+00  -1.7259617E-01   1.6796142E+00
   7.4175949E+00   1.6602997E-02  -1.5583390E+00  -1.6443866E-01   1.5670788E+00
   7.4255414E+00   2.8755544E-02  -1.4779537E+00  -1.5684418E-01   1.4865309E+00
   7.4337583E+00   2.3885358E-02  -1.3762934E+00  -1.5136112E-01   1.3847976E+00
   7.4416957E+00   2.4863398E-02  -1.2754526E+00  -1.4094235E-01   1.2834572E+00
   7.4499183E+00   2.2220509E-02  -1.1550339E+00  -1.3847180E-01   1.1635170E+00
   7.4584255E+00   2.6017115E-02  -1.0346934E+00  -1.2421324E-01   1.0424472E+00
   7.4665909E+00   1.5913213E-02  -9.5521486E-01  -1.2831672E-01   9.6392626E-01
   7.4743414E+00   2.3216415E-02  -8.2825983E-01  -1.2121570E-01   8.3740467E-01
   7.4829431E+00   2.2377579E-02  -6.8496644E-01  -1.1739546E-01   6.9531393E-01
   7.4910779E+00   2.3987187E-02  -5.9067905E-01  -1.1457662E-01   6.0216683E-01
   7.4987001E+00   1.1192598E-02  -4.1848195E-01  -1.1842436E-01   4.3505946E-01
   7.5071855E+00   1.5410354E-02  -3.4487376E-01  -1.0885654E-01   3.6197391E-01
   7.5151224E+00   2.1777503E-02  -2.6653525E-01  -1.0401973E-01   2.8694147E-01
   7.5232110E+00   5.0440077E-03  -5.7198677E-02  -1.1250608E-01   1.2631211E-01
   7.5314498E+00   1.5965972E-02   4.3431073E-02  -1.0671999E-01   1.1631992E-01
   7.5398331E+00   1.9126743E-02   1.9206002E-01  -1.0445102E-01   2.1946047E-01
   7.5483489E+00   3.1343149E-03   2.9346657E-01  -1.1246163E-01   3.1429294E-01
   7.5562005E+00   4.8935032E-03   4.0720499E-01  -1.1628641E-01   4.2351195E-01
   7.5641208E+00  -4.6446868E-03   5.4623342E-01  -1.2197629E-01   5.5970591E-01
   7.5727582E+00   1.2229548E-02   6.5069366E-01  -1.1954176E-01   6.6169631E-01
   7.5805955E+00  -3.1845854E-03   7.7943808E-01  -1.3739944E-01   7.9146224E-01
   7.5887666E+00  -2.2898793E-02   8.8779950E-01  -1.3525300E-01   8.9833492E-01
   7.5972691E+00  -9.3324408E-03   1.0169169E+00  -1.4355099E-01   1.0270413E+00
   7.6050253E+00  -2.3807310E-02   1.0901775E+00  -1.4057294E-01   1.0994611E+00
   7.6135039E+00  -6.7138593E-03   1.2113899E+00  -1.4521927E-01   1.2200817E+00
   7.6212401E+00  -2.5943214E-02   1.3521868E+00  -1.7033723E-01   1.3631203E+00
   7.6298966E+00   1.1196582E-03   1.4197030E+00  -1.6888712E-01   1.4297135E+00
   7.6374974E+00  -3.3249956E-02   1.5197915E+00  -1.7589715E-01   1.5302979E+00
   7.6460476E+00  -1.9089237E-02   1.6187453E+00  -1.7278774E-01   1.6280529E+00
   7.6543422E+00  -2.0448316E-02   1.6849313E+00  -1.7834441E-01   1.6944671E+00
   7.6619511E+00  -3.2584526E-02   1.7630569E+00  -1.8004330E-01   1.7725255E+00
   7.6705947E+00  -1.5227620E-02   1.8577635E+00  -1.8216172E-01   1.8667352E+00
   7.6783476E+00  -3.7054688E-02   1.9188359E+00  -1.7728759E-01   1.9273648E+00
   7.6868401E+00  -6.9971303E-03   1.9764485E+00  -1.6848068E-01   1.9836289E+00
   7.6951351E+00   6.4359873E-04   2.0568399E+00  -1.6308378E-01   2.0632954E+00
   7.7028117E+00  -1.6989952E-02   2.0898900E+00  -1.6396402E-01   2.0963809E+00
   7.7109742E+00  -1.2383413E-02   2.1564803E+00  -1.7639634E-01   2.1637182E+00
   7.7191839E+00  -4.8833147E-02   2.1487310E+00  -2.2641085E-01   2.1611784E+00
   7.7274547E+00  -2.6967784E-03   2.1822371E+00  -1.7064688E-01   2.1889007E+00
   7.7358451E+00  -1.2079947E-02   2.2352479E+00  -1.3111714E-01   2.2391226E+00
   7.7439976E+00   6.5061711E-02   2.2905288E+00  -1.5752324E-01   2.2968607E+00
   7.7521944E+00   2.5932821E-03   2.2682428E+00  -1.6895261E-01   2.2745280E+00
   7.7602954E+00  -3.5611473E-03   2.2356682E+00  -1.9521901E-01   2.2441781E+00
   7.7681870E+00  -1.6533662E-02   2.2366481E+00  -1.8946452E-01   2.2447193E+00
   7.7763524E+00  -1.6911866E-02   2.2125230E+00  -2.1393663E-01   2.2229064E+00
   7.7845144E+00  -8.7330174E-03   2.1756079E+00  -2.1449633E-01   2.1861734E+00
   7.7926435E+00  -3.3714119E-02   2.1624112E+00  -2.3148735E-01   2.1750278E+00
   7.8011036E+00  -1.2076669E-02   2.0769665E+00  -2.8083226E-01   2.0959015E+00
   7.8091655E+00   2.9937798E-04   2.0283232E+00  -2.8161159E-01   2.0477793E+00
   7.8171206E+00  -1.3620181E-02   1.9627727E+00  -2.9586092E-01   1.9849927E+00
   7.8255825E+00  -3.0758821E-03   1.8935637E+00  -3.1296492E-01   1.9192550E+00
   7.8335133E+00  -1.1652365E-02   1.8108478E+00  -3.2946447E-01   1.8406119E+00
   7.8416071E+00  -1.1197209E-02   1.7307357E+00  -3.4054202E-01   1.7639558E+00
   7.8498693E+00  -1.5083148E-02   1.6463492E+00  -3.5437468E-01   1.6841242E+00
   7.8582234E+00  -1.1960272E-02   1.5341046E+00  -3.6620638E-01   1.5772530E+00
   7.8662815E+00  -4.0912097E-03   1.4354825E+00  -3.8304520E-01   1.4857155E+00
   7.8744330E+00  -6.0606282E-03   1.3252609E+00  -3.9272958E-01   1.3822408E+00
   7.8826971E+00   1.9175254E-03   1.2343639E+00  -3.9060220E-01   1.2946923E+00
   7.8907514E+00  -2.3307119E-02   1.0746176E+00  -4.1150615E-01   1.1509490E+00
   7.8989348E+00  -7.4332004E-04   9.9395758E-01  -4.1717297E-01   1.0779543E+00
   7.9070425E+00  -6.4714528E-03   8.5295212E-01  -4.2709818E-01   9.5392978E-01
   7.9151454E+00   5.3205516E-04   7.3253691E-01  -4.3485665E-01   8.5188669E-01
   7.9232969E+00  -8.6281486E-03   6.0701215E-01  -4.3974820E-01   7.4961102E-01
   7.9315748E+00  -4.8748227E-03   4.6774605E-01  -4.4783345E-01   6.4758390E-01
   7.9395871E+00  -3.0992653E-03   3.6056384E-01  -4.5174202E-01   5.7800239E-01
   7.9477429E+00   4.1822139E-02   2.0126335E-01  -4.5900774E-01   5.0293553E-01
   7.9560618E+00  -2.6414387E-02   6.7990176E-02  -4.5953441E-01   4.6528730E-01
   7.9640703E+00  -7.6707066E-03  -6.2613413E-02  -4.6294999E-01   4.6722797E-01
   7.9724321E+00   7.3890912E-04  -1.9671035E-01  -4.6079496E-01   5.0102645E-01
   7.9804955E+00   3.9645797E-03  -3.1073520E-01  -4.6027684E-01   5.5536193E-01
   7.9887304E+00   3.2237179E-03  -4.5066950E-01  -4.5855072E-01   6.4294803E-01
   7.9966908E+00  -8.2328054E-04  -5.9912181E-01  -4.5621142E-01   7.5304478E-01
   8.0048761E+00   4.2014671E-04  -6.7925626E-01  -4.5463759E-01   8.1736439E-01
   8.0131102E+00   7.6021361E-03  -7.9738039E-01  -4.4906715E-01   9.1516918E-01
   8.0211744E+00   6.4014164E-03  -9.1470319E-01  -4.4439799E-01   1.0169624E+00
   8.0293322E+00   2.1834467E-03  -1.0181513E+00  -4.3809417E-01   1.1084057E+00
   8.0375595E+00  -5.3860556E-04  -1.1342964E+00  -4.3409529E-01   1.2145234E+00
   8.0457850E+00  -1.9748915E-04  -1.2316730E+00  -4.2464697E-01   1.3028214E+00
   8.0540247E+00   1.0800274E-02  -1.3542693E+00  -4.2079976E-01   1.4181800E+00
   8.0620804E+00   1.1950351E-04  -1.3931972E+00  -4.1330799E-01   1.4532108E+00
   8.0703402E+00   7.5218971E-03  -1.4992408E+00  -4.0676901E-01   1.5534607E+00
   8.0783205E+00   1.4144583E-03  -1.6260031E+00  -3.9978379E-01   1.6744298E+00
   8.0864935E+00   9.2889444E-04  -1.6569041E+00  -3.8774806E-01   1.7016699E+00
   8.0947533E+00   9.6577555E-03  -1.7447131E+00  -3.8346842E-01   1.7863833E+00
   8.1028614E+00   9.7617414E-03  -1.8033872E+00  -3.7575921E-01   1.8421443E+00
   8.1110420E+00   1.1160465E-02  -1.7850802E+00  -3.7142128E-01   1.8233457E+00
   8.1192760E+00   1.7090695E-02  -1.8158251E+00  -3.6016315E-01   1.8512781E+00
   8.1272717E+00   1.8419342E-02  -1.8814965E+00  -3.5307533E-01   1.9144269E+00
   8.1355648E+00   2.4899112E-02  -1.8733021E+00  -3.4829271E-01   1.9055678E+00
   8.1436281E+00   5.0351373E-03  -1.8582208E+00  -3.3303267E-01   1.8878349E+00
   8.1517611E+00   1.6628828E-02  -1.8790548E+00  -3.3319017E-01   1.9084389E+00
   8.1600313E+00   2.6419103E-02  -1.8888397E+00  -3.2582253E-01   1.9169178E+00
