  flscon:  version 22.2.0.05  win64 2022 
 FLOW-3D   01:03:33  10/14/2023 tcgi     
   hydr3d   version  22.2.0.16 win64     09/12/2022 HYDRO    
 Simulation Template: Free Surface - TruVOF (Default)                            

Mesh Block   1
 printing pfxob, pfyob, pfzob, pfob       
       1     1002      0.000E+00      8.160E+00
   time              pfxob_1         pfyob_1         pfzob_1         pfob_1
   0.0000000E+00  -1.1173550E-03  -1.5079310E+00   1.2070665E+00   1.9315453E+00
   1.6165863E-03  -1.3208346E-02   2.1544839E+02   8.7451911E-01   2.1545016E+02
   8.0684144E-03   3.6134112E-03  -3.3200639E-01   1.1525965E+00   1.1994666E+00
   1.6311953E-02  -6.9481408E-04  -4.8917797E-01   1.1865785E+00   1.2834579E+00
   2.4660565E-02   3.4996626E-04  -9.6669418E-01   1.1832583E+00   1.5279392E+00
   3.3222817E-02   3.2659108E-03  -9.8544979E-01   1.1382197E+00   1.5055451E+00
   4.0291626E-02  -2.3581269E-03  -1.1104600E+00   1.1635796E+00   1.6084292E+00
   4.9391154E-02   3.6213417E-03  -1.3855313E+00   1.1578228E+00   1.8056201E+00
   5.6954887E-02   2.7645135E-03  -1.5999857E+00   1.1598808E+00   1.9761795E+00
   6.5694787E-02  -6.4410260E-03  -1.7320887E+00   1.1600783E+00   2.0846953E+00
   7.3940963E-02  -6.1058691E-03  -1.9076803E+00   1.1612878E+00   2.2333541E+00
   8.1286795E-02   7.4504358E-03  -2.1014476E+00   1.1611472E+00   2.4009166E+00
   8.9211941E-02  -4.4044787E-03  -2.2434683E+00   1.1564604E+00   2.5239987E+00
   9.8456986E-02  -5.1033876E-05  -2.4304171E+00   1.1550663E+00   2.6909301E+00
   1.0587693E-01  -1.4945535E-03  -2.5938137E+00   1.1551543E+00   2.8394108E+00
   1.1375710E-01  -7.2891562E-05  -2.7627449E+00   1.1594713E+00   2.9961865E+00
   1.2301445E-01   1.5584530E-02  -2.9103522E+00   1.1663333E+00   3.1353989E+00
   1.3007298E-01   3.6799036E-02  -3.0615067E+00   1.1735433E+00   3.2789299E+00
   1.3839045E-01  -1.4632227E-02  -3.1546488E+00   1.1734883E+00   3.3658724E+00
   1.4728251E-01  -3.7803862E-02  -3.2921479E+00   1.1732764E+00   3.4951744E+00
   1.5461355E-01  -2.4312681E-03  -3.4307792E+00   1.1768394E+00   3.6270103E+00
   1.6287908E-01  -8.7380791E-03  -3.5602405E+00   1.1938818E+00   3.7550955E+00
   1.7180829E-01   4.7176559E-03  -3.6563559E+00   1.1998687E+00   3.8482003E+00
   1.7997453E-01   2.2487305E-02  -3.7601416E+00   1.2091405E+00   3.9498346E+00
   1.8752076E-01  -1.1977525E-02  -3.8408012E+00   1.2132155E+00   4.0278764E+00
   1.9628268E-01   2.1206224E-02  -3.8681667E+00   1.2113324E+00   4.0534539E+00
   2.0446981E-01   2.1592686E-03  -3.9075248E+00   1.2093470E+00   4.0903883E+00
   2.1271664E-01   4.1965030E-02  -3.8847108E+00   1.2105514E+00   4.0691733E+00
   2.1987411E-01   3.7940068E-04  -3.9218054E+00   1.2105718E+00   4.1043930E+00
   2.2801639E-01   1.5406918E-02  -3.8904121E+00   1.2091367E+00   4.0740099E+00
   2.3608118E-01   1.6941778E-02  -3.7779162E+00   1.2077414E+00   3.9663053E+00
   2.4515890E-01  -9.6550127E-03  -3.6767421E+00   1.2031629E+00   3.8686078E+00
   2.5319889E-01  -1.8008996E-02  -3.5362623E+00   1.1991280E+00   3.7340839E+00
   2.6151040E-01  -8.1749214E-03  -3.4082394E+00   1.1954864E+00   3.6118348E+00
   2.6882911E-01   1.3356986E-02  -3.2560987E+00   1.1943616E+00   3.4682643E+00
   2.7745721E-01   4.7159060E-03  -3.0637417E+00   1.1937757E+00   3.2881052E+00
   2.8535399E-01   1.3181466E-02  -2.8766127E+00   1.1918871E+00   3.1137869E+00
   2.9379585E-01   1.2969567E-02  -2.6616077E+00   1.1902456E+00   2.9156489E+00
   3.0205920E-01   4.7563095E-02  -2.4836667E+00   1.1887113E+00   2.7538877E+00
   3.1001732E-01  -7.6504038E-03  -2.1914401E+00   1.1892395E+00   2.4933429E+00
   3.1772697E-01  -9.1625797E-03  -2.0360138E+00   1.1910744E+00   2.3588333E+00
   3.2660800E-01   1.2242160E-02  -1.7498890E+00   1.1939219E+00   2.1184218E+00
   3.3443660E-01  -3.6707669E-03  -1.4759629E+00   1.1965070E+00   1.9000286E+00
   3.4314880E-01  -3.3952326E-03  -1.2207112E+00   1.1986746E+00   1.7108384E+00
   3.5115114E-01  -6.4088292E-03  -9.4069302E-01   1.2007314E+00   1.5253526E+00
   3.5897318E-01  -2.5869614E-02  -7.1715081E-01   1.2046148E+00   1.4021666E+00
   3.6723897E-01   1.4094395E-02  -3.8479754E-01   1.2074192E+00   1.2673314E+00
   3.7523404E-01  -7.4796686E-03  -1.3757150E-01   1.2155577E+00   1.2233406E+00
   3.8392225E-01  -1.3827855E-02   1.9274271E-01   1.2211677E+00   1.2363622E+00
   3.9192846E-01   8.1036948E-03   3.1775260E-01   1.2261246E+00   1.2666546E+00
   4.0019041E-01  -6.1394880E-03   5.4154426E-01   1.2403677E+00   1.3534473E+00
   4.0820029E-01   7.5205769E-03   8.7609065E-01   1.2412771E+00   1.5193288E+00
   4.1550696E-01   2.9111649E-03   1.0094678E+00   1.2477690E+00   1.6049801E+00
   4.2438185E-01  -3.2219671E-02   1.2989037E+00   1.2567893E+00   1.8076804E+00
   4.3252975E-01  -1.8102920E-02   1.5657983E+00   1.2655300E+00   2.0133598E+00
   4.4055995E-01  -1.8132573E-02   1.6613265E+00   1.2712542E+00   2.0919900E+00
   4.4917765E-01  -2.2897171E-02   1.9298283E+00   1.2773238E+00   2.3143721E+00
   4.5676884E-01   1.1275744E-02   2.0772028E+00   1.2851694E+00   2.4426541E+00
   4.6508598E-01  -2.0048959E-02   2.2917426E+00   1.2931968E+00   2.6315098E+00
   4.7341064E-01  -1.5187665E-03   2.4199071E+00   1.3030672E+00   2.7484426E+00
   4.8161906E-01  -1.2680151E-02   2.6282132E+00   1.3082718E+00   2.9358542E+00
   4.8980078E-01  -1.3565343E-02   2.8413131E+00   1.3134427E+00   3.1302357E+00
   4.9763775E-01  -3.9280720E-02   2.9851613E+00   1.3189360E+00   3.2637897E+00
   5.0581491E-01  -8.6273095E-03   3.1408761E+00   1.3251014E+00   3.4089692E+00
   5.1396626E-01  -1.9899124E-02   3.3218038E+00   1.3321196E+00   3.5790110E+00
   5.2290654E-01   2.1804660E-04   3.4569144E+00   1.3340583E+00   3.7053974E+00
   5.3006995E-01  -1.1331669E-02   3.5926604E+00   1.3329737E+00   3.8319912E+00
   5.3847045E-01  -4.3515479E-03   3.7165282E+00   1.3411769E+00   3.9511209E+00
   5.4704523E-01   1.2273348E-02   3.8937345E+00   1.3078103E+00   4.1075158E+00
   5.5508399E-01   6.1748889E-03   4.0196004E+00   1.3328106E+00   4.2348094E+00
   5.6301701E-01   1.3905091E-03   4.1311588E+00   1.3339013E+00   4.3411713E+00
   5.7085025E-01   1.7792176E-02   4.2405171E+00   1.3269960E+00   4.4433346E+00
   5.7893014E-01   2.8328102E-02   4.3119969E+00   1.3278718E+00   4.5119138E+00
   5.8786225E-01   1.7541042E-02   4.3852086E+00   1.3285412E+00   4.5820718E+00
   5.9544486E-01   6.5935531E-04   4.5147252E+00   1.3275234E+00   4.7058539E+00
   6.0388267E-01  -3.4904445E-03   4.5294461E+00   1.3280846E+00   4.7201381E+00
   6.1245453E-01   1.6131697E-03   4.5352693E+00   1.3167616E+00   4.7225556E+00
   6.1982590E-01   3.4798749E-04   4.5359344E+00   1.3068794E+00   4.7204490E+00
   6.2780935E-01   6.3718208E-03   4.5153880E+00   1.3077985E+00   4.7009687E+00
   6.3672727E-01  -6.1600353E-03   4.5075903E+00   1.2862246E+00   4.6875134E+00
   6.4493203E-01  -6.3123689E-03   4.4427876E+00   1.2746346E+00   4.6220231E+00
   6.5305746E-01  -1.0029197E-02   4.3555212E+00   1.2732403E+00   4.5378194E+00
   6.6090500E-01   7.5047221E-03   4.2699761E+00   1.2814590E+00   4.4581265E+00
   6.6933644E-01   7.0101391E-03   4.1716619E+00   1.2431673E+00   4.3529620E+00
   6.7716116E-01  -1.3113295E-03   4.0371718E+00   1.2423846E+00   4.2240124E+00
   6.8532932E-01  -8.0459453E-03   3.8825309E+00   1.2306074E+00   4.0728989E+00
   6.9347781E-01  -3.7804706E-04   3.7324262E+00   1.2224648E+00   3.9275215E+00
   7.0216739E-01  -4.5990818E-03   3.5208108E+00   1.2093546E+00   3.7227232E+00
   7.1003598E-01   2.4242981E-03   3.2801888E+00   1.1984377E+00   3.4922624E+00
   7.1778423E-01  -6.9396169E-04   3.0789564E+00   1.1888735E+00   3.3005142E+00
   7.2623378E-01   5.5281847E-04   2.8107786E+00   1.1801012E+00   3.0484612E+00
   7.3458046E-01   3.6977651E-03   2.5592134E+00   1.1724445E+00   2.8149979E+00
   7.4290735E-01   2.0681799E-03   2.2821755E+00   1.1667356E+00   2.5631235E+00
   7.5095928E-01   2.3056295E-02   2.0040119E+00   1.1597652E+00   2.3155239E+00
   7.5897741E-01   6.2544411E-03   1.7105407E+00   1.1517256E+00   2.0621495E+00
   7.6711369E-01   4.6259332E-03   1.4102718E+00   1.1499443E+00   1.8196868E+00
   7.7543283E-01   4.3217302E-03   1.1047291E+00   1.1467867E+00   1.5923457E+00
   7.8330600E-01  -1.6404756E-03   7.7032053E-01   1.1443090E+00   1.3794346E+00
   7.9131877E-01  -5.4937154E-03   4.8905244E-01   1.1475745E+00   1.2474493E+00
   8.0007046E-01   5.3250841E-03   2.0533255E-01   1.1470987E+00   1.1653433E+00
   8.0756414E-01   8.8151535E-03  -1.6362901E-01   1.1479824E+00   1.1596189E+00
   8.1661355E-01  -1.0229873E-02  -4.5134103E-01   1.1523445E+00   1.2376232E+00
   8.2408053E-01  -2.4971920E-03  -7.6110309E-01   1.1522216E+00   1.3809050E+00
   8.3196265E-01   1.0461797E-02  -1.0508434E+00   1.1552163E+00   1.5616996E+00
   8.3978903E-01  -5.7494151E-03  -1.2865665E+00   1.1549095E+00   1.7289021E+00
   8.4824997E-01  -1.5711673E-02  -1.6087459E+00   1.1571609E+00   1.9817497E+00
   8.5646635E-01   8.8604977E-03  -1.8758643E+00   1.1555246E+00   2.2032208E+00
   8.6508936E-01  -2.2270098E-02  -2.1389523E+00   1.1558890E+00   2.4313972E+00
   8.7371540E-01  -1.2629995E-02  -2.4060283E+00   1.1568960E+00   2.6697452E+00
   8.8117820E-01  -2.9376069E-02  -2.6588116E+00   1.1584895E+00   2.9003861E+00
   8.8916463E-01  -2.5772247E-02  -2.8811846E+00   1.1614720E+00   3.1065907E+00
   8.9762491E-01  -2.6257684E-02  -3.1378579E+00   1.1640601E+00   3.3469205E+00
   9.0647471E-01  -2.0150509E-02  -3.3166690E+00   1.1698508E+00   3.5169945E+00
   9.1367149E-01  -4.7579543E-03  -3.5134456E+00   1.1721162E+00   3.7038062E+00
   9.2225188E-01  -1.9169532E-02  -3.7168629E+00   1.1737318E+00   3.8978307E+00
   9.3029249E-01  -6.8172892E-03  -3.9229617E+00   1.1719885E+00   4.0942926E+00
   9.3871820E-01  -2.0463500E-02  -4.0240631E+00   1.1684262E+00   4.1903129E+00
   9.4675070E-01  -1.7309837E-02  -4.1632099E+00   1.1674865E+00   4.3238454E+00
   9.5438373E-01  -1.6922800E-02  -4.2475958E+00   1.1662773E+00   4.4048333E+00
   9.6295661E-01  -2.2592541E-02  -4.3485880E+00   1.1630062E+00   4.5014787E+00
   9.7121954E-01  -2.0735348E-02  -4.4558949E+00   1.1563371E+00   4.6035361E+00
   9.7904444E-01  -8.3695138E-03  -4.5008221E+00   1.1589445E+00   4.6476469E+00
   9.8712701E-01  -8.7872185E-03  -4.5318236E+00   1.1611421E+00   4.6782212E+00
   9.9527502E-01   3.9833733E-03  -4.5364184E+00   1.1613058E+00   4.6827064E+00
   1.0034862E+00   1.5576647E-04  -4.4745135E+00   1.1623654E+00   4.6230254E+00
   1.0122101E+00  -2.0557014E-02  -4.3958926E+00   1.1657734E+00   4.5478921E+00
   1.0198863E+00  -2.2253143E-02  -4.3698196E+00   1.1680578E+00   4.5232930E+00
   1.0281165E+00   1.8128971E-02  -4.1737490E+00   1.1723934E+00   4.3353219E+00
   1.0360707E+00   5.2069458E-03  -4.1062007E+00   1.1757033E+00   4.2712045E+00
   1.0443400E+00   2.0282580E-02  -4.0262008E+00   1.1784911E+00   4.1951814E+00
   1.0523396E+00  -2.2127962E-02  -3.8725357E+00   1.1811112E+00   4.0487089E+00
   1.0604688E+00   2.0310801E-02  -3.6574233E+00   1.1851928E+00   3.8447158E+00
   1.0694252E+00   4.5893950E-04  -3.5750158E+00   1.1855509E+00   3.7664666E+00
   1.0774803E+00   3.7132636E-02  -3.3254895E+00   1.1894606E+00   3.5320075E+00
   1.0857993E+00  -4.6974495E-02  -3.1735017E+00   1.1916726E+00   3.3901923E+00
   1.0936730E+00   2.0689966E-02  -2.8649695E+00   1.1967692E+00   3.1049533E+00
   1.1013997E+00  -2.5083542E-02  -2.7776895E+00   1.1986216E+00   3.0253730E+00
   1.1093055E+00  -2.0673830E-02  -2.4369342E+00   1.2033190E+00   2.7179132E+00
   1.1180425E+00   2.5878426E-02  -2.2323346E+00   1.2045161E+00   2.5367000E+00
   1.1264030E+00   4.2708222E-02  -2.0071440E+00   1.2074324E+00   2.3427215E+00
   1.1343315E+00   1.5076520E-02  -1.8379784E+00   1.2095263E+00   2.2003057E+00
   1.1428070E+00  -4.6257745E-03  -1.5501457E+00   1.2132093E+00   1.9684639E+00
   1.1507967E+00   1.2833272E-02  -1.2752473E+00   1.2147372E+00   1.7612514E+00
   1.1585402E+00   1.4226926E-02  -1.1322192E+00   1.2172191E+00   1.6624515E+00
   1.1669611E+00   1.2888233E-02  -8.7673700E-01   1.2186794E+00   1.5013372E+00
   1.1748279E+00   9.9845408E-03  -6.6858697E-01   1.2229453E+00   1.3938090E+00
   1.1835676E+00   1.3027888E-02  -4.4663849E-01   1.2263926E+00   1.3052565E+00
   1.1913115E+00   1.8163659E-02  -1.1634114E-01   1.2286942E+00   1.2343236E+00
   1.1999680E+00   9.9634677E-03   5.6494456E-02   1.2317265E+00   1.2330617E+00
   1.2073900E+00   2.8358772E-03   3.1011981E-01   1.2369103E+00   1.2751979E+00
   1.2159203E+00  -4.8505511E-02   6.4719170E-01   1.2427900E+00   1.4020474E+00
   1.2238480E+00   3.3515708E-03   7.5038725E-01   1.2486563E+00   1.4567891E+00
   1.2323310E+00   3.3441682E-03   1.0147805E+00   1.2542257E+00   1.6133422E+00
   1.2400488E+00   4.6735238E-03   1.1996862E+00   1.2596825E+00   1.7395600E+00
   1.2488451E+00   3.6887736E-03   1.4675515E+00   1.2671015E+00   1.9388829E+00
   1.2563879E+00   7.7682859E-03   1.6587952E+00   1.2740626E+00   2.0916255E+00
   1.2642554E+00  -1.8308525E-03   1.9021583E+00   1.2817327E+00   2.2936974E+00
   1.2734252E+00   3.2250170E-02   2.1458764E+00   1.2897749E+00   2.5038660E+00
   1.2813082E+00   3.4775943E-02   2.3480346E+00   1.3009801E+00   2.6845903E+00
   1.2889261E+00   9.0964255E-04   2.5365698E+00   1.3080065E+00   2.8539567E+00
   1.2975167E+00  -4.3760519E-04   2.7229033E+00   1.3173304E+00   3.0248241E+00
   1.3056499E+00  -1.3491174E-02   2.9832165E+00   1.3261660E+00   3.2647326E+00
   1.3139802E+00  -3.4059055E-02   3.1198556E+00   1.3313943E+00   3.3922367E+00
   1.3220900E+00  -1.2245582E-02   3.2782714E+00   1.3392773E+00   3.5413103E+00
   1.3304731E+00   4.6108153E-02   3.5017960E+00   1.3437408E+00   3.7510452E+00
   1.3385471E+00   2.7472477E-02   3.6892617E+00   1.3462607E+00   3.9273176E+00
   1.3461994E+00  -2.4298801E-04   3.8770428E+00   1.3584905E+00   4.1081572E+00
   1.3544314E+00   1.4381303E-02   4.0510116E+00   1.3559595E+00   4.2719464E+00
   1.3625058E+00   1.3852888E-02   4.1955838E+00   1.3535272E+00   4.4085317E+00
   1.3706086E+00   4.9727998E-04   4.3568778E+00   1.3544594E+00   4.5625587E+00
   1.3794065E+00  -1.9371012E-02   4.5412326E+00   1.3544052E+00   4.7389431E+00
   1.3866874E+00   1.6483273E-03   4.6154318E+00   1.3534409E+00   4.8097830E+00
   1.3952008E+00  -9.9142510E-03   4.7422004E+00   1.3444875E+00   4.9291186E+00
   1.4038675E+00  -1.2068445E-03   4.7613320E+00   1.3520275E+00   4.9495716E+00
   1.4119753E+00  -3.5967087E-04   4.8054905E+00   1.3533429E+00   4.9924221E+00
   1.4201618E+00  -6.7615774E-03   4.8389783E+00   1.3350154E+00   5.0197635E+00
   1.4281124E+00  -7.8093563E-03   4.7944808E+00   1.3354261E+00   4.9769940E+00
   1.4358685E+00  -3.8213225E-03   4.8145790E+00   1.3113999E+00   4.9899855E+00
   1.4445667E+00  -1.1277350E-02   4.7485476E+00   1.2896402E+00   4.9205694E+00
   1.4524255E+00   2.7153648E-03   4.6492348E+00   1.2780486E+00   4.8217010E+00
   1.4607836E+00  -1.9069203E-03   4.5656319E+00   1.2703336E+00   4.7390656E+00
   1.4686337E+00   1.4319966E-03   4.4084473E+00   1.2591459E+00   4.5847421E+00
   1.4765474E+00  -5.5362266E-03   4.2867889E+00   1.2496142E+00   4.4652128E+00
   1.4851346E+00  -6.1475136E-03   4.1298885E+00   1.2371683E+00   4.3112183E+00
   1.4937139E+00  -7.8549162E-03   3.8964119E+00   1.2246678E+00   4.0843482E+00
   1.5014933E+00  -1.9800975E-03   3.7265446E+00   1.2140020E+00   3.9193037E+00
   1.5094069E+00  -9.6458811E-03   3.5287161E+00   1.2035459E+00   3.7283313E+00
   1.5175071E+00  -1.1358177E-02   3.2835345E+00   1.1925361E+00   3.4934039E+00
   1.5257471E+00  -6.4591430E-03   3.0460131E+00   1.1823661E+00   3.2674496E+00
   1.5337025E+00  -6.4182151E-03   2.7555966E+00   1.1723014E+00   2.9946027E+00
   1.5421274E+00   8.6792698E-03   2.5165365E+00   1.1589590E+00   2.7705986E+00
   1.5504632E+00   1.1800585E-02   2.1676774E+00   1.1619258E+00   2.4594789E+00
   1.5588886E+00   1.3703554E-02   1.9108081E+00   1.1597722E+00   2.2352734E+00
   1.5667710E+00   2.0728426E-02   1.6391344E+00   1.1528671E+00   2.0040693E+00
   1.5749198E+00   7.3342863E-03   1.3312304E+00   1.1513802E+00   1.7600865E+00
   1.5825262E+00  -3.4822267E-04   1.0554390E+00   1.1533304E+00   1.5633690E+00
   1.5906814E+00   3.4109959E-03   7.3203695E-01   1.1548522E+00   1.3673234E+00
   1.5990381E+00   1.0502122E-02   3.6979651E-01   1.1578330E+00   1.2154987E+00
   1.6075926E+00   3.1738360E-03   1.5448308E-02   1.1607620E+00   1.1608690E+00
   1.6152867E+00   9.7168004E-03  -2.5449127E-01   1.1585021E+00   1.1861650E+00
   1.6235629E+00   6.1171560E-04  -5.5128944E-01   1.1590502E+00   1.2834789E+00
   1.6315085E+00   1.2164052E-02  -8.0947185E-01   1.1577134E+00   1.4126900E+00
   1.6405967E+00   1.9610796E-02  -1.1434426E+00   1.1568385E+00   1.6266903E+00
   1.6484491E+00   1.2588054E-02  -1.4207360E+00   1.1529684E+00   1.8297501E+00
   1.6565539E+00   1.5149831E-02  -1.6753354E+00   1.1538578E+00   2.0342975E+00
   1.6647685E+00   1.5359357E-02  -1.9195617E+00   1.1524383E+00   2.2389879E+00
   1.6727372E+00   3.4588417E-03  -2.1922693E+00   1.1538885E+00   2.4774008E+00
   1.6809721E+00  -1.4055921E-03  -2.4132416E+00   1.1520030E+00   2.6741068E+00
   1.6891115E+00   9.8315421E-03  -2.6188786E+00   1.1537719E+00   2.8617845E+00
   1.6974349E+00   1.5897026E-02  -2.9021785E+00   1.1581639E+00   3.1247780E+00
   1.7058583E+00   4.1899895E-03  -3.1098564E+00   1.1641876E+00   3.3206260E+00
   1.7136149E+00   3.6595194E-03  -3.2979529E+00   1.1651253E+00   3.4977169E+00
   1.7215374E+00   3.1564422E-03  -3.5013323E+00   1.1662153E+00   3.6904466E+00
   1.7302723E+00  -2.0841341E-02  -3.6955321E+00   1.1674070E+00   3.8755944E+00
   1.7381852E+00  -1.6887881E-02  -3.8303335E+00   1.1609098E+00   4.0024309E+00
   1.7463781E+00  -9.7860778E-03  -3.9699187E+00   1.1620512E+00   4.1365099E+00
   1.7542160E+00  -1.5028144E-02  -4.0532527E+00   1.1564254E+00   4.2150207E+00
   1.7629403E+00  -8.8486113E-03  -4.1786327E+00   1.1543640E+00   4.3351593E+00
   1.7703737E+00  -1.1807429E-02  -4.2616329E+00   1.1499032E+00   4.4140606E+00
   1.7787901E+00   3.7776906E-04  -4.3454390E+00   1.1485730E+00   4.4946704E+00
   1.7870239E+00  -3.9673317E-03  -4.3638043E+00   1.1496415E+00   4.5127020E+00
   1.7954899E+00  -2.3009449E-02  -4.3870583E+00   1.1559384E+00   4.5368495E+00
   1.8035302E+00  -1.7510768E-02  -4.3832517E+00   1.1551759E+00   4.5329494E+00
   1.8111663E+00  -2.4160963E-02  -4.4030180E+00   1.1606313E+00   4.5534840E+00
   1.8197474E+00  -4.3228149E-02  -4.2266541E+00   1.1603826E+00   4.3832593E+00
   1.8278645E+00  -3.9820704E-03  -4.2087588E+00   1.1644839E+00   4.3668857E+00
   1.8356417E+00   1.8683779E-03  -4.0908122E+00   1.1680816E+00   4.2543111E+00
   1.8437270E+00   1.2718064E-02  -3.9507344E+00   1.1671609E+00   4.1195545E+00
   1.8527980E+00  -3.2083755E-03  -3.8121884E+00   1.1691432E+00   3.9874411E+00
   1.8605369E+00  -3.9799556E-02  -3.6215239E+00   1.1735954E+00   3.8071439E+00
   1.8681926E+00   2.1008730E-02  -3.4938157E+00   1.1761067E+00   3.6865182E+00
   1.8772823E+00   3.4033258E-02  -3.2679203E+00   1.1773722E+00   3.4737108E+00
   1.8849542E+00   3.4375347E-02  -3.0692143E+00   1.1786072E+00   3.2879131E+00
   1.8928044E+00   1.4481497E-02  -2.9114897E+00   1.1813642E+00   3.1420698E+00
   1.9016453E+00   4.1470103E-02  -2.5770652E+00   1.1848511E+00   2.8366983E+00
   1.9090296E+00   8.3178999E-03  -2.3360889E+00   1.1859077E+00   2.6198776E+00
   1.9178479E+00   1.7970605E-02  -2.1665914E+00   1.1880505E+00   2.4710131E+00
   1.9261883E+00   1.8272484E-02  -1.9660329E+00   1.1897416E+00   2.2980652E+00
   1.9339620E+00   3.6613256E-02  -1.6631827E+00   1.1903065E+00   2.0455678E+00
   1.9422839E+00   2.6288416E-02  -1.3939805E+00   1.1941000E+00   1.8356873E+00
   1.9506052E+00   1.2955994E-02  -1.0905455E+00   1.1958132E+00   1.6184644E+00
   1.9582572E+00   3.1261176E-02  -8.6993194E-01   1.1988579E+00   1.4815596E+00
   1.9662274E+00  -2.3468039E-03  -6.1047167E-01   1.2027382E+00   1.3487995E+00
   1.9746777E+00  -4.0329150E-03  -3.3231845E-01   1.2066250E+00   1.2515574E+00
   1.9828128E+00   5.3761047E-03  -3.7927911E-02   1.2089556E+00   1.2095624E+00
   1.9909708E+00   3.5661459E-03   1.1359895E-01   1.2176878E+00   1.2229804E+00
   1.9989103E+00   1.5004258E-02   7.3954898E-01   1.2191869E+00   1.4260346E+00
   2.0072870E+00  -1.0982757E-02   6.0190034E-01   1.2237272E+00   1.3637863E+00
   2.0157576E+00   1.6933177E-03   1.2804406E+00   1.2320228E+00   1.7769105E+00
   2.0234106E+00   4.5660816E-02   1.1759691E+00   1.2400377E+00   1.7095853E+00
   2.0322008E+00   9.3338890E-03   1.4236599E+00   1.2463121E+00   1.8921386E+00
   2.0396206E+00   2.2179546E-02   1.6584734E+00   1.2513566E+00   2.0777197E+00
   2.0484514E+00   1.4079612E-02   1.9140531E+00   1.2611730E+00   2.2922380E+00
   2.0559494E+00   9.3500298E-03   2.1100202E+00   1.2704393E+00   2.4629836E+00
   2.0647094E+00   1.0550394E-02   2.3671935E+00   1.2813973E+00   2.6917830E+00
   2.0725145E+00   2.9728478E-03   2.6127536E+00   1.2838572E+00   2.9111476E+00
   2.0809920E+00  -1.5338046E-02   2.8307889E+00   1.3037925E+00   3.1166449E+00
   2.0890880E+00  -1.0107664E-02   3.0042336E+00   1.3128566E+00   3.2785842E+00
   2.0971332E+00  -1.5307225E-02   3.2261894E+00   1.3153667E+00   3.4840667E+00
   2.1059456E+00   1.3307264E-03   3.4728754E+00   1.3252298E+00   3.7171359E+00
   2.1133609E+00  -1.6475994E-02   3.6719484E+00   1.3292749E+00   3.9051821E+00
   2.1212943E+00  -4.9869038E-02   3.8453808E+00   1.3372304E+00   4.0715632E+00
   2.1302557E+00  -1.8907223E-02   4.0735474E+00   1.3431783E+00   4.2893209E+00
   2.1375363E+00  -3.2087270E-02   4.1823668E+00   1.3438761E+00   4.3930879E+00
   2.1458287E+00  -2.5307307E-02   4.4084096E+00   1.3437456E+00   4.6087275E+00
   2.1543925E+00  -1.9578673E-02   4.5742440E+00   1.3496557E+00   4.7692413E+00
   2.1620262E+00  -1.2909065E-02   4.7706275E+00   1.3453044E+00   4.9567022E+00
   2.1705732E+00  -1.8077541E-02   4.8700914E+00   1.3579855E+00   5.0559115E+00
   2.1786296E+00  -3.1422347E-02   4.9894609E+00   1.3505087E+00   5.1690989E+00
   2.1872690E+00  -3.4383412E-02   5.0708718E+00   1.3455316E+00   5.2464633E+00
   2.1950731E+00  -1.6278359E-04   5.2179203E+00   1.3437433E+00   5.3881669E+00
   2.2036071E+00  -1.5217228E-02   5.2322240E+00   1.3488172E+00   5.4033051E+00
   2.2108929E+00  -1.5815770E-02   5.2716937E+00   1.3412316E+00   5.4396605E+00
   2.2195280E+00   1.7228152E-03   5.2733474E+00   1.3384639E+00   5.4405589E+00
   2.2272499E+00  -2.7509166E-03   5.2692976E+00   1.3314551E+00   5.4349132E+00
   2.2358849E+00  -1.1231817E-02   5.2340755E+00   1.3040792E+00   5.3940983E+00
   2.2439497E+00  -7.1104607E-03   5.1226492E+00   1.3069185E+00   5.2867403E+00
   2.2525816E+00  -2.7256643E-02   5.0779958E+00   1.2782725E+00   5.2364841E+00
   2.2605505E+00  -4.6419739E-03   4.9615231E+00   1.2684824E+00   5.1211114E+00
   2.2683108E+00   5.4394337E-04   4.8807149E+00   1.2590166E+00   5.0404863E+00
   2.2768865E+00   8.9721465E-03   4.6753483E+00   1.2633328E+00   4.8430333E+00
   2.2847183E+00   6.8352423E-03   4.4837089E+00   1.2407117E+00   4.6522102E+00
   2.2930181E+00   7.2179916E-03   4.3153749E+00   1.2247006E+00   4.4857998E+00
   2.3010650E+00  -6.1899978E-03   4.0345664E+00   1.2074636E+00   4.2113814E+00
   2.3093045E+00   7.2917938E-03   3.8588281E+00   1.1977646E+00   4.0404515E+00
   2.3170211E+00   2.5810406E-02   3.6438987E+00   1.1874114E+00   3.8325722E+00
   2.3261485E+00   7.5470409E-03   3.3313682E+00   1.1794697E+00   3.5340090E+00
   2.3333275E+00   8.2317889E-03   3.1151032E+00   1.1734695E+00   3.3288085E+00
   2.3418036E+00   7.4425098E-03   2.8378189E+00   1.1666017E+00   3.0682619E+00
   2.3504510E+00   1.4259051E-02   2.4969347E+00   1.1597102E+00   2.7531462E+00
   2.3576968E+00   6.9398787E-03   2.2743270E+00   1.1518729E+00   2.5493965E+00
   2.3663037E+00  -8.7374920E-04   1.9555087E+00   1.1442751E+00   2.2656965E+00
   2.3751826E+00   1.0508131E-02   1.6203572E+00   1.1404080E+00   1.9814637E+00
   2.3830063E+00  -6.4180987E-03   1.3262663E+00   1.1361071E+00   1.7463570E+00
   2.3905954E+00   7.3150089E-03   1.0373037E+00   1.1340803E+00   1.5369420E+00
   2.3992114E+00  -9.8176850E-03   6.9088012E-01   1.1317509E+00   1.3259984E+00
   2.4075630E+00   1.0807292E-02   3.3664137E-01   1.1298629E+00   1.1789972E+00
   2.4150319E+00   1.7099017E-02   6.5429203E-02   1.1307608E+00   1.1327811E+00
   2.4235668E+00   1.6158421E-03  -2.6250312E-01   1.1302361E+00   1.1603208E+00
   2.4322329E+00  -7.5316806E-03  -5.3591585E-01   1.1296973E+00   1.2503914E+00
   2.4398890E+00  -8.4406603E-03  -8.3477211E-01   1.1376506E+00   1.4110863E+00
   2.4483874E+00  -5.7296101E-03  -1.1492821E+00   1.1363600E+00   1.6162291E+00
   2.4559162E+00  -3.4968758E-03  -1.3484962E+00   1.1415126E+00   1.7667782E+00
   2.4647756E+00   7.7302875E-03  -1.6285558E+00   1.1471742E+00   1.9920498E+00
   2.4727480E+00  -4.9944925E-03  -1.8566475E+00   1.1524255E+00   2.1852343E+00
   2.4802845E+00   1.4005644E-03  -2.0847681E+00   1.1534426E+00   2.3825805E+00
   2.4881649E+00  -2.3778207E-03  -2.3005190E+00   1.1611166E+00   2.5769331E+00
   2.4970057E+00  -2.6873088E-02  -2.5111961E+00   1.1676772E+00   2.7695303E+00
   2.5050206E+00  -1.9181451E-02  -2.7227631E+00   1.1685309E+00   2.9629834E+00
   2.5128760E+00  -1.3383764E-02  -2.8976867E+00   1.1677078E+00   3.1241493E+00
   2.5218501E+00  -2.0978339E-02  -3.0683906E+00   1.1682742E+00   3.2833407E+00
   2.5296435E+00  -2.5107317E-02  -3.2259655E+00   1.1628206E+00   3.4292326E+00
   2.5379479E+00  -4.0881272E-02  -3.3556807E+00   1.1602584E+00   3.5508399E+00
   2.5458441E+00  -2.9598698E-02  -3.4630764E+00   1.1568480E+00   3.6513109E+00
   2.5541754E+00  -2.3382680E-02  -3.5715261E+00   1.1581231E+00   3.7546763E+00
   2.5624204E+00  -4.0987875E-02  -3.6538024E+00   1.1611178E+00   3.8340771E+00
   2.5707381E+00  -3.3259846E-02  -3.7075708E+00   1.1616763E+00   3.8854446E+00
   2.5784256E+00  -1.4180702E-02  -3.7607386E+00   1.1633890E+00   3.9366014E+00
   2.5865300E+00  -3.1308159E-02  -3.7962551E+00   1.1615535E+00   3.9701056E+00
   2.5951970E+00  -2.3295743E-02  -3.7847977E+00   1.1644733E+00   3.9599538E+00
   2.6026485E+00  -1.5194598E-02  -3.8182752E+00   1.1685734E+00   3.9931216E+00
   2.6109436E+00  -5.4626085E-02  -3.6983244E+00   1.1700696E+00   3.8793879E+00
   2.6196675E+00   2.5115518E-02  -3.7308366E+00   1.1721849E+00   3.9107275E+00
   2.6274314E+00  -2.1817863E-02  -3.5131042E+00   1.1698407E+00   3.7028239E+00
   2.6361406E+00  -4.6558701E-02  -3.6325798E+00   1.1702234E+00   3.8167036E+00
   2.6439688E+00  -8.4755328E-03  -3.3715675E+00   1.1653847E+00   3.5673044E+00
   2.6517241E+00  -1.2440830E-02  -3.2965794E+00   1.1685239E+00   3.4975762E+00
   2.6597602E+00  -1.6851921E-02  -3.1409183E+00   1.1723367E+00   3.3526146E+00
   2.6679664E+00   2.2599617E-02  -2.9566495E+00   1.1695689E+00   3.1796508E+00
   2.6763775E+00   4.5248908E-03  -2.7804487E+00   1.1696310E+00   3.0164471E+00
   2.6850796E+00   2.6226690E-02  -2.5298572E+00   1.1692263E+00   2.7871051E+00
   2.6929121E+00   2.6184369E-02  -2.4429040E+00   1.1709641E+00   2.7091739E+00
   2.7014761E+00  -7.9095922E-03  -2.1463089E+00   1.1749128E+00   2.4468601E+00
   2.7093749E+00   3.9993618E-03  -1.9060102E+00   1.1769065E+00   2.2400892E+00
   2.7169139E+00   2.1793097E-02  -1.6506846E+00   1.1771159E+00   2.0275197E+00
   2.7249565E+00   3.7323743E-02  -1.4025099E+00   1.1795000E+00   1.8329341E+00
   2.7339842E+00   1.4128579E-02  -1.1404129E+00   1.1848770E+00   1.6445895E+00
   2.7418988E+00   3.2378919E-03  -9.2134720E-01   1.1878326E+00   1.5032755E+00
   2.7499027E+00   7.8800675E-03  -6.5535831E-01   1.1900265E+00   1.3585727E+00
   2.7585602E+00   1.0991705E-03  -4.2636105E-01   1.1970749E+00   1.2707373E+00
   2.7667260E+00   1.8993230E-03  -1.4847264E-01   1.2002168E+00   1.2093668E+00
   2.7741168E+00   1.5321097E-02   1.5091337E-01   1.2047887E+00   1.2143003E+00
   2.7822318E+00   1.0050186E-02   4.1877058E-01   1.2083168E+00   1.2788664E+00
   2.7910171E+00   6.1782058E-03   8.6977780E-01   1.2117969E+00   1.4916445E+00
   2.7985659E+00  -8.9501739E-03   9.2179620E-01   1.2143340E+00   1.5245968E+00
   2.8073916E+00   6.1762114E-03   1.2482123E+00   1.2172678E+00   1.7435060E+00
   2.8150787E+00  -7.7839112E-03   1.4787304E+00   1.2224745E+00   1.9186318E+00
   2.8232081E+00   1.1612957E-02   1.7354000E+00   1.2289459E+00   2.1265125E+00
   2.8317301E+00  -6.0590510E-03   1.9512043E+00   1.2380933E+00   2.3108678E+00
   2.8399305E+00   4.5187086E-02   2.1943321E+00   1.2568948E+00   2.5292132E+00
   2.8478248E+00  -8.8507691E-03   2.4173253E+00   1.2581543E+00   2.7251589E+00
   2.8559577E+00  -8.0395536E-03   2.6005483E+00   1.2677816E+00   2.8931274E+00
   2.8639693E+00   5.6884009E-03   2.8295674E+00   1.2765136E+00   3.1041861E+00
   2.8723192E+00  -2.3427693E-02   3.0494161E+00   1.2876501E+00   3.3102160E+00
   2.8805583E+00  -1.9031162E-03   3.2568848E+00   1.2848049E+00   3.5011463E+00
   2.8884037E+00   3.5449718E-03   3.4844074E+00   1.3114444E+00   3.7230356E+00
   2.8965678E+00  -3.6454634E-03   3.6727068E+00   1.3157407E+00   3.9012771E+00
   2.9050236E+00   1.6075259E-03   3.8882351E+00   1.3226992E+00   4.1070557E+00
   2.9132407E+00  -9.9036265E-03   4.0894270E+00   1.3265688E+00   4.2992206E+00
   2.9212379E+00  -8.7951766E-03   4.2868342E+00   1.3213575E+00   4.4858680E+00
   2.9295130E+00   6.8255891E-03   4.4637628E+00   1.3365287E+00   4.6595635E+00
   2.9375765E+00   1.4818468E-02   4.6351838E+00   1.3347325E+00   4.8235526E+00
   2.9456000E+00   2.4662269E-02   4.7792716E+00   1.3291099E+00   4.9607034E+00
   2.9541919E+00   6.0856682E-03   4.9120426E+00   1.3278959E+00   5.0883698E+00
   2.9618695E+00   4.9417581E-02   5.0279822E+00   1.3246868E+00   5.1997924E+00
   2.9703803E+00   6.6613145E-02   5.1029677E+00   1.3188674E+00   5.2710652E+00
   2.9782586E+00   3.0239524E-02   5.0824742E+00   1.3193080E+00   5.2510033E+00
   2.9864295E+00  -6.8694558E-03   5.2708826E+00   1.3180891E+00   5.4331951E+00
   2.9951184E+00   1.4144081E-02   5.2770305E+00   1.3186983E+00   5.4393210E+00
   3.0024252E+00   7.9611652E-03   5.3103709E+00   1.3176212E+00   5.4714007E+00
   3.0109985E+00   2.8674778E-02   5.2665691E+00   1.3168018E+00   5.4287696E+00
   3.0189598E+00   4.7921099E-02   5.2467294E+00   1.3156909E+00   5.4093904E+00
   3.0276375E+00   5.0534825E-03   5.1338611E+00   1.3090622E+00   5.2981319E+00
   3.0354648E+00   8.2720015E-03   4.9655733E+00   1.3034874E+00   5.1338162E+00
   3.0436456E+00   8.3946176E-03   4.8541975E+00   1.2971075E+00   5.0245190E+00
   3.0518010E+00   1.4652628E-02   4.6859393E+00   1.2657775E+00   4.8539090E+00
   3.0599720E+00   6.3151517E-03   4.5120392E+00   1.2702899E+00   4.6874485E+00
   3.0679026E+00   1.6406583E-02   4.3300261E+00   1.2501144E+00   4.5069036E+00
   3.0762680E+00  -1.3832042E-03   4.0560088E+00   1.2288944E+00   4.2380881E+00
   3.0844741E+00   3.4628458E-02   3.8467443E+00   1.2243947E+00   4.0370512E+00
   3.0925744E+00   2.8730731E-02   3.5850205E+00   1.2145599E+00   3.7852812E+00
   3.1005151E+00   4.5480460E-02   3.3352001E+00   1.2040560E+00   3.5461781E+00
   3.1087778E+00   2.7029226E-02   2.9689789E+00   1.1914929E+00   3.1992533E+00
   3.1174710E+00   1.8167833E-02   2.6780121E+00   1.1681608E+00   2.9217596E+00
   3.1252580E+00   2.3290690E-02   2.3374946E+00   1.1676668E+00   2.6130192E+00
   3.1334198E+00   6.5452349E-03   1.9884821E+00   1.1506406E+00   2.2974067E+00
   3.1419594E+00   2.6574427E-02   1.6688625E+00   1.1395252E+00   2.0209715E+00
   3.1496661E+00   9.9891732E-03   1.3196605E+00   1.1418878E+00   1.7451394E+00
   3.1577971E+00   1.0165080E-02   9.6890432E-01   1.1327410E+00   1.4906311E+00
   3.1661220E+00   3.1796721E-04   6.3609201E-01   1.1257375E+00   1.2930189E+00
   3.1741655E+00  -1.0801034E-02   2.1966870E-01   1.1347184E+00   1.1558361E+00
   3.1821089E+00   5.5606384E-03  -5.8858342E-02   1.1244217E+00   1.1259749E+00
   3.1907711E+00   7.5807987E-04  -3.9036417E-01   1.1243366E+00   1.1901754E+00
   3.1990108E+00   1.0078642E-02  -7.2138023E-01   1.1251955E+00   1.3366210E+00
   3.2068729E+00  -3.5005852E-03  -9.9379015E-01   1.1261724E+00   1.5019640E+00
   3.2149854E+00  -1.1616783E-02  -1.2961311E+00   1.1343019E+00   1.7224202E+00
   3.2231822E+00  -1.9286312E-02  -1.5898124E+00   1.1426598E+00   1.9579445E+00
   3.2308841E+00  -1.2195506E-02  -1.8946043E+00   1.1469485E+00   2.2147608E+00
   3.2395487E+00  -1.8421752E-02  -2.1720114E+00   1.1646664E+00   2.4646339E+00
   3.2476315E+00  -2.5793564E-02  -2.4538386E+00   1.1722612E+00   2.7195928E+00
   3.2560775E+00  -2.1993710E-02  -2.7355628E+00   1.1793333E+00   2.9790292E+00
   3.2640500E+00  -3.3011265E-02  -2.9422572E+00   1.1851777E+00   3.1721623E+00
   3.2725599E+00  -2.6771585E-02  -3.1949863E+00   1.1784335E+00   3.4054897E+00
   3.2805111E+00  -2.9003888E-02  -3.4062746E+00   1.1794437E+00   3.6048074E+00
   3.2880094E+00  -2.2845091E-02  -3.6048973E+00   1.1774881E+00   3.7923982E+00
   3.2963407E+00  -2.9314723E-02  -3.8199856E+00   1.1742184E+00   3.9964910E+00
   3.3046284E+00  -1.9769488E-02  -3.9943871E+00   1.1694556E+00   4.1621084E+00
   3.3130162E+00  -3.5327133E-02  -4.1363783E+00   1.1659704E+00   4.2977157E+00
   3.3211837E+00  -2.4515782E-02  -4.2522082E+00   1.1653426E+00   4.4090700E+00
   3.3291357E+00  -3.1915035E-02  -4.4027109E+00   1.1616782E+00   4.5535016E+00
   3.3374488E+00  -2.8340425E-02  -4.5019231E+00   1.1637199E+00   4.6499848E+00
   3.3451710E+00  -3.2098088E-02  -4.5677476E+00   1.1640706E+00   4.7138529E+00
   3.3541174E+00  -2.1510571E-02  -4.6708899E+00   1.1647571E+00   4.8139725E+00
   3.3620098E+00  -8.3566094E-03  -4.7009335E+00   1.1663752E+00   4.8434777E+00
   3.3699663E+00  -2.4290290E-02  -4.7151184E+00   1.1665598E+00   4.8573442E+00
   3.3782945E+00  -3.6958776E-02  -4.6890111E+00   1.1696794E+00   4.8328395E+00
   3.3865945E+00  -3.5128769E-02  -4.7044058E+00   1.1706079E+00   4.8479881E+00
   3.3948846E+00  -7.5115738E-03  -4.6158233E+00   1.1717777E+00   4.7622414E+00
   3.4027662E+00   1.6472001E-03  -4.5498819E+00   1.1706995E+00   4.6980810E+00
   3.4108164E+00  -5.9623159E-03  -4.4187450E+00   1.1692437E+00   4.5708284E+00
   3.4189351E+00  -5.0700665E-03  -4.3934879E+00   1.1645267E+00   4.5452046E+00
   3.4274995E+00  -1.6927622E-02  -4.1488523E+00   1.1649255E+00   4.3093286E+00
   3.4349408E+00   2.1145374E-02  -3.9915047E+00   1.1625754E+00   4.1574197E+00
   3.4436793E+00  -2.7721306E-02  -3.8207104E+00   1.1629888E+00   3.9938877E+00
   3.4513905E+00  -2.2217259E-03  -3.6409888E+00   1.1595219E+00   3.8211641E+00
   3.4595981E+00   6.6048312E-03  -3.4650078E+00   1.1577259E+00   3.6533070E+00
   3.4682109E+00  -2.5393765E-02  -3.0905032E+00   1.1687084E+00   3.3041995E+00
   3.4759331E+00   1.3457454E-02  -2.9810586E+00   1.1657315E+00   3.2009094E+00
   3.4847827E+00   3.3410285E-02  -2.6263015E+00   1.1682782E+00   2.8746216E+00
   3.4925261E+00   4.8972447E-03  -2.4486885E+00   1.1709098E+00   2.7142456E+00
   3.5009696E+00  -2.0161015E-03  -2.1729031E+00   1.1773752E+00   2.4713809E+00
   3.5090144E+00   8.4655890E-03  -1.8658978E+00   1.1834254E+00   2.2095571E+00
   3.5166893E+00  -1.3141687E-03  -1.5730633E+00   1.1919479E+00   1.9736437E+00
   3.5249090E+00  -6.0228682E-03  -1.2975500E+00   1.1948684E+00   1.7639112E+00
   3.5334904E+00   3.3388743E-03  -9.6824664E-01   1.2029408E+00   1.5442083E+00
   3.5417809E+00   7.1783117E-03  -5.8644211E-01   1.2089715E+00   1.3437179E+00
   3.5497186E+00   2.0010894E-02  -4.1285789E-01   1.2113435E+00   1.2799239E+00
   3.5580921E+00  -7.2814962E-03  -8.1500500E-02   1.2167301E+00   1.2194784E+00
   3.5662813E+00   1.7627697E-03   1.4070642E-01   1.2181242E+00   1.2262251E+00
   3.5742264E+00  -5.7267454E-03   4.4375682E-01   1.2213165E+00   1.2994487E+00
   3.5824568E+00  -1.0187243E-02   7.0877451E-01   1.2256594E+00   1.4158764E+00
   3.5900204E+00   2.0272634E-03   9.5197511E-01   1.2244077E+00   1.5509465E+00
   3.5989308E+00  -2.3742968E-02   1.2219672E+00   1.2318282E+00   1.7352718E+00
   3.6064520E+00   1.2213267E-02   1.5250096E+00   1.2359775E+00   1.9630191E+00
   3.6152606E+00  -9.7126514E-03   1.6938713E+00   1.2530228E+00   2.1069789E+00
   3.6233432E+00   1.5986951E-03   1.9428328E+00   1.2712748E+00   2.3217971E+00
   3.6308663E+00   2.5084866E-02   2.1203101E+00   1.2835165E+00   2.4786608E+00
   3.6393459E+00  -2.0143080E-03   2.3970969E+00   1.2741889E+00   2.7147071E+00
   3.6472235E+00  -1.1077374E-02   2.6243036E+00   1.3108542E+00   2.9335015E+00
   3.6561151E+00  -1.0667667E-02   2.8040047E+00   1.3138050E+00   3.0965528E+00
   3.6637344E+00  -1.2753709E-02   3.0092900E+00   1.3191870E+00   3.2857637E+00
   3.6718092E+00   2.5301399E-03   3.1826394E+00   1.3321201E+00   3.4501803E+00
   3.6804287E+00  -5.2852910E-03   3.3824022E+00   1.3362113E+00   3.6367750E+00
   3.6886756E+00   1.0151018E-02   3.6310437E+00   1.3397418E+00   3.8703346E+00
   3.6962318E+00   1.1855699E-02   3.7915251E+00   1.3417608E+00   4.0219555E+00
   3.7048678E+00  -1.6443098E-02   4.0121651E+00   1.3441434E+00   4.2313662E+00
   3.7127662E+00   1.7619055E-02   4.1446948E+00   1.3417928E+00   4.3565140E+00
   3.7209239E+00  -1.4972215E-03   4.2408524E+00   1.3435372E+00   4.4485865E+00
   3.7291992E+00  -1.0430206E-02   4.4208307E+00   1.3435788E+00   4.6205039E+00
   3.7375262E+00  -2.3919446E-02   4.5295177E+00   1.3478396E+00   4.7258620E+00
   3.7457476E+00   6.4545579E-02   4.9053617E+00   1.3366941E+00   5.0846329E+00
   3.7534876E+00  -4.3741189E-02   4.6457977E+00   1.3320713E+00   4.8331938E+00
   3.7617049E+00   4.0627558E-02   4.6693487E+00   1.3589482E+00   4.8632507E+00
   3.7702301E+00   3.5741178E-03   4.7090039E+00   1.3281161E+00   4.8927112E+00
   3.7779026E+00   3.9207935E-03   4.6701760E+00   1.3254087E+00   4.8546128E+00
   3.7858377E+00  -5.8890682E-06   4.6138897E+00   1.3198544E+00   4.7989573E+00
   3.7939630E+00   2.2872224E-02   4.4559989E+00   1.3148600E+00   4.6459990E+00
   3.8021007E+00   1.2101926E-02   4.3895364E+00   1.2997528E+00   4.5779400E+00
   3.8103471E+00  -1.0006671E-02   4.2214074E+00   1.2760216E+00   4.4100580E+00
   3.8189254E+00  -9.6535189E-03   4.0914516E+00   1.2662971E+00   4.2829404E+00
   3.8274195E+00  -4.3400051E-03   3.9475069E+00   1.2725210E+00   4.1475463E+00
   3.8354955E+00  -8.1316195E-03   3.7849054E+00   1.2482423E+00   3.9854338E+00
   3.8433554E+00   1.0663383E-03   3.5793717E+00   1.2338263E+00   3.7860572E+00
   3.8512909E+00   1.6577424E-02   3.3500459E+00   1.2175500E+00   3.5644789E+00
   3.8599541E+00   1.4860916E-02   3.1159747E+00   1.1999488E+00   3.3390710E+00
   3.8676691E+00  -1.0260440E-02   2.8775496E+00   1.1961882E+00   3.1162901E+00
   3.8759885E+00   1.1283372E-02   2.5943921E+00   1.1887647E+00   2.8537974E+00
   3.8841054E+00   1.6320353E-02   2.2585857E+00   1.1764483E+00   2.5466659E+00
   3.8925381E+00   2.4917191E-02   2.0567386E+00   1.1666818E+00   2.3647285E+00
   3.9000468E+00   2.0594947E-02   1.7725304E+00   1.1581491E+00   2.1174507E+00
   3.9086356E+00   1.9267682E-02   1.4753755E+00   1.1516738E+00   1.8717523E+00
   3.9170554E+00   1.6630197E-02   1.1647178E+00   1.1458547E+00   1.6339605E+00
   3.9254842E+00   2.8676478E-02   8.9713752E-01   1.1412207E+00   1.4519169E+00
   3.9325869E+00   1.6023127E-02   6.1640388E-01   1.1384240E+00   1.2946891E+00
   3.9417236E+00   1.6058629E-02   3.1321031E-01   1.1347963E+00   1.1773365E+00
   3.9494898E+00   2.0132596E-02   7.0858346E-03   1.1276312E+00   1.1278331E+00
   3.9571674E+00   1.8823247E-02  -2.2711939E-01   1.1294178E+00   1.1521814E+00
   3.9656165E+00  -2.7080365E-03  -4.9240819E-01   1.1283771E+00   1.2311409E+00
   3.9736056E+00   1.1141391E-02  -8.1144142E-01   1.1323544E+00   1.3931216E+00
   3.9824903E+00  -1.3984509E-02  -1.0591623E+00   1.1374376E+00   1.5542793E+00
   3.9905200E+00   6.1253733E-03  -1.3419625E+00   1.1400234E+00   1.7608390E+00
   3.9987218E+00   2.3393558E-02  -1.6101472E+00   1.1442559E+00   1.9754602E+00
   4.0066967E+00   1.2318874E-02  -1.8728389E+00   1.1407974E+00   2.1929650E+00
   4.0144281E+00   3.5166738E-03  -2.0457516E+00   1.1559076E+00   2.3497305E+00
   4.0232654E+00   6.7944652E-06  -2.3368440E+00   1.1530404E+00   2.6058283E+00
   4.0311241E+00  -6.2717381E-03  -2.5646572E+00   1.1622137E+00   2.8157141E+00
   4.0390182E+00  -1.7955888E-03  -2.7246683E+00   1.1619360E+00   2.9620798E+00
   4.0470104E+00  -9.5041944E-03  -2.9444194E+00   1.1677823E+00   3.1675560E+00
   4.0559502E+00  -1.8854691E-02  -3.1389885E+00   1.1666844E+00   3.3488441E+00
   4.0641007E+00  -2.3993390E-02  -3.3119042E+00   1.1639240E+00   3.5105560E+00
   4.0721684E+00  -1.7226696E-02  -3.4732940E+00   1.1622155E+00   3.6626239E+00
   4.0800557E+00  -2.0327285E-02  -3.6167352E+00   1.1599927E+00   3.7982588E+00
   4.0883589E+00  -1.8582985E-02  -3.7576132E+00   1.1573874E+00   3.9318631E+00
   4.0966153E+00  -1.9247828E-02  -3.8503969E+00   1.1569755E+00   4.0205121E+00
   4.1042514E+00  -1.5919384E-02  -3.9590747E+00   1.1586721E+00   4.1251726E+00
   4.1124401E+00  -2.8103895E-02  -4.0551829E+00   1.1579024E+00   4.2173495E+00
   4.1205773E+00  -5.0340183E-02  -4.0961356E+00   1.1593236E+00   4.2573338E+00
   4.1286988E+00   1.5827216E-02  -4.1777563E+00   1.1575515E+00   4.3351846E+00
   4.1372266E+00  -3.7028491E-02  -4.2146492E+00   1.1585383E+00   4.3711386E+00
   4.1452022E+00  -3.5801146E-02  -4.2133775E+00   1.1583041E+00   4.3698401E+00
   4.1531997E+00  -1.8481013E-01  -4.0611982E+00   1.1645800E+00   4.2289166E+00
   4.1616497E+00  -4.0229399E-02  -4.1933088E+00   1.1646851E+00   4.3522348E+00
   4.1701646E+00  -2.7064385E-02  -4.0506630E+00   1.1654289E+00   4.2150717E+00
   4.1776886E+00  -6.3425437E-02  -3.9750912E+00   1.1662861E+00   4.1431384E+00
   4.1861787E+00  -4.6854429E-03  -3.8673410E+00   1.1692488E+00   4.0402341E+00
   4.1944098E+00  -1.2560337E-03  -3.6316414E+00   1.1704563E+00   3.8155980E+00
   4.2024670E+00  -3.7863615E-03  -3.6120846E+00   1.1706648E+00   3.7970548E+00
   4.2108760E+00   1.2026801E-02  -3.4808359E+00   1.1686261E+00   3.6717911E+00
   4.2183928E+00  -9.9323699E-03  -3.2242234E+00   1.1697410E+00   3.4298701E+00
   4.2269363E+00   9.3739377E-03  -3.1004651E+00   1.1687005E+00   3.3134322E+00
   4.2353325E+00   6.6356771E-02  -2.5488470E+00   1.1699890E+00   2.8053339E+00
   4.2433248E+00   4.9664058E-02  -2.6151803E+00   1.1664180E+00   2.8639421E+00
   4.2517314E+00  -3.9846353E-02  -2.3754566E+00   1.1764660E+00   2.6511233E+00
   4.2598028E+00   4.3980968E-03  -2.0863008E+00   1.1735543E+00   2.3937211E+00
   4.2678075E+00   4.9953092E-02  -1.8909873E+00   1.1752998E+00   2.2270288E+00
   4.2760115E+00   3.8601588E-03  -1.6198925E+00   1.1843243E+00   2.0066614E+00
   4.2838869E+00   2.1416724E-02  -1.4164972E+00   1.1828735E+00   1.8455657E+00
   4.2923284E+00   4.6377410E-03  -1.1397544E+00   1.1836454E+00   1.6431915E+00
   4.3005672E+00   2.5128736E-03  -8.9035910E-01   1.1964505E+00   1.4913884E+00
   4.3079615E+00   1.4812913E-02  -6.1426169E-01   1.1989548E+00   1.3472303E+00
   4.3166943E+00  -8.1912888E-04  -3.5206273E-01   1.2038351E+00   1.2542598E+00
   4.3248854E+00  -1.8205922E-03  -9.6723385E-02   1.2080373E+00   1.2119045E+00
   4.3334970E+00   1.4497319E-02   3.0049595E-01   1.2111136E+00   1.2479199E+00
   4.3407164E+00   1.1342441E-02   4.1086388E-01   1.2224927E+00   1.2897388E+00
   4.3489232E+00  -1.6152464E-02   6.9587702E-01   1.2178613E+00   1.4027444E+00
   4.3576970E+00   5.9842314E-03   1.0071537E+00   1.2228247E+00   1.5842016E+00
   4.3654618E+00   3.9865053E-03   1.1777864E+00   1.2287029E+00   1.7020304E+00
   4.3737712E+00   1.9890957E-03   1.4090790E+00   1.2379440E+00   1.8756367E+00
   4.3817630E+00  -6.8176067E-03   1.6380889E+00   1.2498823E+00   2.0604823E+00
   4.3899794E+00  -1.1726076E-02   1.8924174E+00   1.2506984E+00   2.2683976E+00
   4.3983150E+00  -8.0947326E-03   2.1337736E+00   1.2590754E+00   2.4775646E+00
   4.4066324E+00   1.8634260E-02   2.3238668E+00   1.2721249E+00   2.6493406E+00
   4.4148793E+00  -9.3214205E-03   2.5645199E+00   1.2835693E+00   2.8678215E+00
   4.4224267E+00  -2.3624353E-02   2.7075679E+00   1.2863355E+00   2.9976892E+00
   4.4309049E+00  -2.5243610E-02   2.9330561E+00   1.3178395E+00   3.2156115E+00
   4.4392505E+00   2.4655588E-02   3.1630449E+00   1.3106903E+00   3.4239409E+00
   4.4469662E+00   1.4515676E-02   3.3273799E+00   1.3184524E+00   3.5791037E+00
   4.4549966E+00   1.6139252E-02   3.5342748E+00   1.3260937E+00   3.7749016E+00
   4.4633598E+00  -1.1726860E-02   3.7855186E+00   1.3306795E+00   4.0126047E+00
   4.4717989E+00  -3.3025452E-04   3.9886577E+00   1.3453975E+00   4.2094517E+00
   4.4800849E+00   1.1235561E-03   4.1060419E+00   1.3381531E+00   4.3185921E+00
   4.4878235E+00   1.8951168E-02   4.3324075E+00   1.3131881E+00   4.5270939E+00
   4.4963632E+00   2.7491111E-02   4.4527187E+00   1.3417261E+00   4.6505580E+00
   4.5044155E+00   3.4584064E-02   4.5975027E+00   1.3370534E+00   4.7881041E+00
   4.5125504E+00   5.2604064E-02   4.6867800E+00   1.3353274E+00   4.8735790E+00
   4.5205927E+00  -9.5627746E-03   4.7619271E+00   1.3408568E+00   4.9471140E+00
   4.5286441E+00  -1.0789219E-02   4.8167930E+00   1.3339851E+00   4.9981122E+00
   4.5369978E+00  -6.1710877E-03   4.9088173E+00   1.3348509E+00   5.0870771E+00
   4.5451760E+00  -5.0419211E-02   4.9069109E+00   1.3292811E+00   5.0840244E+00
   4.5529332E+00  -1.7862948E-02   4.9423838E+00   1.3244510E+00   5.1168003E+00
   4.5616083E+00  -1.9406418E-04   4.8318443E+00   1.3274698E+00   5.0108776E+00
   4.5695424E+00   1.6663095E-02   4.7415447E+00   1.3208269E+00   4.9221039E+00
   4.5778627E+00  -2.8843966E-03   4.6895561E+00   1.3158617E+00   4.8706713E+00
   4.5859399E+00  -4.2111231E-03   4.4951630E+00   1.3061984E+00   4.6810961E+00
   4.5937409E+00  -2.8096947E-03   4.3900619E+00   1.2812215E+00   4.5732021E+00
   4.6021867E+00  -1.6642695E-02   4.1884503E+00   1.2793062E+00   4.3794999E+00
   4.6106677E+00   7.3587132E-04   4.0315242E+00   1.2306658E+00   4.2151780E+00
   4.6186595E+00  -1.3526143E-03   3.8361232E+00   1.2317185E+00   4.0290165E+00
   4.6269336E+00  -5.1727314E-03   3.5639515E+00   1.2175870E+00   3.7662041E+00
   4.6347194E+00   2.0806750E-02   3.3279023E+00   1.2037489E+00   3.5389800E+00
   4.6428828E+00   3.3736553E-02   3.0412977E+00   1.2006677E+00   3.2698982E+00
   4.6511302E+00   1.1600790E-02   2.7578261E+00   1.1802875E+00   2.9998028E+00
   4.6593318E+00  -5.3454870E-03   2.4172726E+00   1.1647850E+00   2.6832740E+00
   4.6677136E+00   2.0010976E-02   2.1010253E+00   1.1602514E+00   2.4001856E+00
   4.6753964E+00   4.9063247E-03   1.7750099E+00   1.1494970E+00   2.1147168E+00
   4.6836739E+00   5.6252452E-03   1.4748842E+00   1.1425016E+00   1.8656433E+00
   4.6922131E+00   6.2433169E-03   1.1409947E+00   1.1353489E+00   1.6096351E+00
   4.7003145E+00   6.9741276E-03   8.2464176E-01   1.1308624E+00   1.3996186E+00
   4.7082644E+00   6.7793163E-03   5.1292980E-01   1.1258585E+00   1.2372148E+00
   4.7166128E+00   1.2520205E-02   2.0253897E-01   1.1240910E+00   1.1422607E+00
   4.7243233E+00   1.3953669E-02  -1.0063846E-01   1.1211718E+00   1.1257659E+00
   4.7327862E+00  -4.4119889E-03  -4.4961855E-01   1.1222878E+00   1.2090104E+00
   4.7409439E+00   9.0489089E-03  -7.3595113E-01   1.1168905E+00   1.3375913E+00
   4.7490568E+00  -1.6955564E-02  -1.0097876E+00   1.1185418E+00   1.5070150E+00
   4.7571464E+00   3.3474103E-02  -1.3315818E+00   1.1185542E+00   1.7393661E+00
   4.7655578E+00   7.3563159E-03  -1.6112272E+00   1.1341130E+00   1.9703602E+00
   4.7733011E+00  -2.4996692E-02  -1.8754994E+00   1.1419420E+00   2.1959405E+00
   4.7817850E+00  -4.8670484E-04  -2.1969981E+00   1.1475656E+00   2.4786503E+00
   4.7901778E+00  -4.3942048E-03  -2.4390104E+00   1.1563145E+00   2.6992321E+00
   4.7980547E+00  -1.6922206E-02  -2.6799314E+00   1.1658142E+00   2.9225745E+00
   4.8061118E+00  -4.7733374E-03  -2.9035997E+00   1.1673517E+00   3.1294768E+00
   4.8143616E+00  -3.0580235E-03  -3.1439672E+00   1.1718270E+00   3.3552520E+00
   4.8222718E+00  -5.3408039E-03  -3.3158176E+00   1.1752510E+00   3.5179384E+00
   4.8307910E+00  -9.7471047E-03  -3.5371931E+00   1.1725591E+00   3.7264895E+00
   4.8389401E+00  -1.3409289E-02  -3.6863077E+00   1.1709867E+00   3.8678486E+00
   4.8473358E+00  -3.6950365E-02  -3.8957236E+00   1.1653198E+00   4.0664477E+00
   4.8553143E+00  -1.8528825E-02  -3.9772320E+00   1.1631863E+00   4.1438775E+00
   4.8636794E+00  -1.4636607E-02  -4.1224465E+00   1.1588213E+00   4.2822475E+00
   4.8717885E+00  -2.6945647E-02  -4.2151289E+00   1.1558459E+00   4.3708143E+00
   4.8794966E+00  -2.7001848E-02  -4.3118024E+00   1.1546061E+00   4.4637971E+00
   4.8880324E+00  -3.0784428E-02  -4.4017372E+00   1.1560746E+00   4.5511255E+00
   4.8958397E+00  -3.5426654E-02  -4.4077764E+00   1.1554514E+00   4.5568423E+00
   4.9039941E+00  -3.7453737E-02  -4.5299654E+00   1.1535120E+00   4.6746745E+00
   4.9120603E+00  -7.4813075E-02  -4.4871893E+00   1.1543072E+00   4.6338849E+00
   4.9204097E+00  -1.8447995E-02  -4.5487823E+00   1.1558181E+00   4.6933651E+00
   4.9282942E+00  -2.8439444E-02  -4.5050726E+00   1.1592821E+00   4.6519270E+00
   4.9364996E+00  -2.5720300E-02  -4.3997378E+00   1.1629678E+00   4.5509171E+00
   4.9448924E+00  -1.0697643E-02  -4.2624493E+00   1.1620021E+00   4.4180126E+00
   4.9530215E+00  -4.0211719E-02  -4.2555566E+00   1.1691484E+00   4.4134212E+00
   4.9609318E+00  -2.5644938E-02  -4.1116853E+00   1.1697673E+00   4.2749233E+00
   4.9694233E+00  -6.7613078E-03  -4.0002084E+00   1.1684114E+00   4.1673613E+00
   4.9779072E+00   4.3281715E-02  -3.7538199E+00   1.1686571E+00   3.9317675E+00
   4.9859953E+00   1.0514111E-02  -3.6608014E+00   1.1677861E+00   3.8425643E+00
   4.9943013E+00  -1.2677854E-02  -3.4313650E+00   1.1677451E+00   3.6246455E+00
   5.0018864E+00   1.2575617E-02  -3.1543994E+00   1.1666363E+00   3.3632476E+00
   5.0105844E+00   1.2822944E-02  -2.9671617E+00   1.1693684E+00   3.1893001E+00
   5.0184011E+00   1.6950589E-02  -2.7387578E+00   1.1704704E+00   2.9784362E+00
   5.0262904E+00   2.0717565E-02  -2.5558560E+00   1.1729845E+00   2.8122449E+00
   5.0349660E+00   2.5669541E-02  -2.2667258E+00   1.1676536E+00   2.5499253E+00
   5.0429721E+00   1.5533213E-01  -1.9763696E+00   1.1752398E+00   2.3046374E+00
   5.0510416E+00  -4.8471913E-03  -1.7509722E+00   1.1862448E+00   2.1149714E+00
   5.0593781E+00  -5.1954393E-03  -1.4363574E+00   1.1877998E+00   1.8638718E+00
   5.0676322E+00   2.5560891E-02  -1.1198725E+00   1.1932610E+00   1.6366550E+00
   5.0755725E+00   2.2370113E-02  -8.5059392E-01   1.1963308E+00   1.4680660E+00
   5.0840373E+00   1.8677182E-02  -6.4260429E-01   1.1919072E+00   1.3542274E+00
   5.0916705E+00  -8.8718685E-04  -3.7537870E-01   1.2026819E+00   1.2599022E+00
   5.1005058E+00   1.4475944E-02   1.4071499E-01   1.2079238E+00   1.2161785E+00
   5.1076999E+00   1.4579806E-02   5.9526466E-02   1.2095636E+00   1.2111152E+00
   5.1169553E+00   9.2984531E-03   4.5870584E-01   1.2100298E+00   1.2940903E+00
   5.1249166E+00   1.3553021E-02   7.8308213E-01   1.2127678E+00   1.4436784E+00
   5.1330090E+00   1.3779744E-02   1.0176851E+00   1.2182684E+00   1.5874667E+00
   5.1403079E+00   1.5231784E-02   1.2380047E+00   1.2218941E+00   1.7395152E+00
   5.1485090E+00  -1.3119721E-02   1.5014335E+00   1.2504476E+00   1.9539944E+00
   5.1574287E+00   5.9441035E-03   1.7826637E+00   1.2479995E+00   2.1761038E+00
   5.1652217E+00  -7.3513645E-03   2.0169621E+00   1.2624124E+00   2.3794696E+00
   5.1732807E+00  -4.1102234E-02   2.1846986E+00   1.2721522E+00   2.5284321E+00
   5.1819582E+00   1.7081084E-02   2.4097691E+00   1.2677838E+00   2.7229679E+00
   5.1894851E+00   5.4321857E-03   2.6185868E+00   1.2876110E+00   2.9180417E+00
   5.1983399E+00  -1.1011545E-02   2.8310122E+00   1.2950901E+00   3.1131992E+00
   5.2058868E+00  -1.6351301E-02   3.0045178E+00   1.2975099E+00   3.2727551E+00
   5.2147460E+00   1.2279475E-03   3.2409613E+00   1.3085688E+00   3.4951658E+00
   5.2228341E+00   4.2346166E-03   3.4066870E+00   1.3029934E+00   3.6473725E+00
   5.2306905E+00   3.0753200E-03   3.5751836E+00   1.3107859E+00   3.8079007E+00
   5.2391610E+00   8.1484916E-04   3.8372998E+00   1.3323522E+00   4.0620232E+00
   5.2465458E+00  -4.3312521E-03   3.8915107E+00   1.3218068E+00   4.1098719E+00
   5.2553921E+00   4.9679987E-03   4.1373873E+00   1.3235663E+00   4.3439412E+00
   5.2629004E+00  -2.2660129E-02   4.2859211E+00   1.3247967E+00   4.4860582E+00
   5.2714624E+00   3.6381330E-02   4.4422927E+00   1.3163739E+00   4.6333709E+00
   5.2797942E+00  -1.2806148E-02   4.5450969E+00   1.3219568E+00   4.7334595E+00
   5.2877665E+00  -5.7818450E-02   4.5096393E+00   1.3188450E+00   4.6988873E+00
   5.2957597E+00  -1.0089726E-02   4.6656461E+00   1.3279417E+00   4.8509569E+00
   5.3040833E+00  -5.3239398E-02   4.7492499E+00   1.3216538E+00   4.9300079E+00
   5.3119073E+00  -4.7736872E-02   4.7460327E+00   1.3123223E+00   4.9243569E+00
   5.3203764E+00   3.0936962E-03   4.8398600E+00   1.3216741E+00   5.0170784E+00
   5.3280830E+00   5.9162760E-03   4.7708402E+00   1.3109107E+00   4.9476700E+00
   5.3365645E+00  -9.9778259E-03   4.7253428E+00   1.3093914E+00   4.9034142E+00
   5.3445530E+00  -1.0510713E-02   4.6217856E+00   1.3045933E+00   4.8023930E+00
   5.3526726E+00  -8.8208020E-03   4.5354295E+00   1.3147343E+00   4.7221527E+00
   5.3612061E+00  -1.0699349E-02   4.4132719E+00   1.2809391E+00   4.5954204E+00
   5.3690877E+00  -2.9891843E-03   4.2476153E+00   1.2657958E+00   4.4322100E+00
   5.3773856E+00   1.4219275E-03   4.1414289E+00   1.2507463E+00   4.3261766E+00
   5.3858185E+00   8.0073141E-03   3.9599643E+00   1.2344174E+00   4.1479111E+00
   5.3940086E+00   1.9707352E-02   3.7385423E+00   1.2216836E+00   3.9331408E+00
   5.4018660E+00   2.9298132E-03   3.5673532E+00   1.2125832E+00   3.7678077E+00
   5.4101095E+00   9.6285958E-03   3.3452594E+00   1.2035639E+00   3.5551963E+00
   5.4180608E+00   1.1900507E-02   3.0601394E+00   1.1967355E+00   3.2858441E+00
   5.4263988E+00   1.0411910E-02   2.7643352E+00   1.1783198E+00   3.0050116E+00
   5.4345546E+00   8.3487509E-03   2.4932597E+00   1.1682237E+00   2.7533908E+00
   5.4427366E+00  -3.7726667E-04   2.1818082E+00   1.1590798E+00   2.4705775E+00
   5.4506555E+00   4.1930070E-03   1.9006478E+00   1.1577177E+00   2.2254863E+00
   5.4593363E+00   3.7633167E-03   1.5687706E+00   1.1454523E+00   1.9424511E+00
   5.4673538E+00   3.7297299E-03   1.2754110E+00   1.1407336E+00   1.7111284E+00
   5.4754062E+00   1.0953883E-03   9.7386485E-01   1.1283863E+00   1.4905266E+00
   5.4833689E+00   1.0949534E-02   6.7284542E-01   1.1280156E+00   1.3134916E+00
   5.4918079E+00  -1.0774997E-03   3.3954984E-01   1.1243312E+00   1.1744853E+00
   5.4996872E+00  -1.3268197E-02   3.5083819E-02   1.1184040E+00   1.1190327E+00
   5.5079932E+00   1.1568870E-02  -2.9894164E-01   1.1234444E+00   1.1625950E+00
   5.5162463E+00  -2.9329883E-03  -5.6132609E-01   1.1213491E+00   1.2540013E+00
   5.5245690E+00   6.1870664E-03  -8.6520582E-01   1.1242412E+00   1.4186393E+00
   5.5324097E+00  -2.1611948E-02  -1.1537852E+00   1.1278120E+00   1.6135821E+00
   5.5408688E+00   1.0519029E-02  -1.4512727E+00   1.1328745E+00   1.8411160E+00
   5.5487881E+00   7.7201007E-04  -1.7176244E+00   1.1393117E+00   2.0611320E+00
   5.5572314E+00   3.8904676E-03  -1.9995352E+00   1.1406955E+00   2.3020301E+00
   5.5650430E+00  -3.7904452E-03  -2.2616601E+00   1.1484119E+00   2.5365272E+00
   5.5733881E+00  -4.3547996E-03  -2.5018537E+00   1.1534969E+00   2.7549675E+00
   5.5812030E+00  -5.5182558E-03  -2.7278807E+00   1.1627983E+00   2.9653773E+00
   5.5895514E+00  -1.3607688E-02  -2.9635072E+00   1.1723233E+00   3.1869895E+00
   5.5979033E+00  -7.5007817E-03  -3.1784575E+00   1.1743299E+00   3.3884656E+00
   5.6057968E+00  -1.6085338E-02  -3.3561616E+00   1.1737459E+00   3.5555251E+00
   5.6138086E+00  -7.7472413E-03  -3.5561984E+00   1.1764618E+00   3.7457535E+00
   5.6220078E+00  -1.5893895E-02  -3.6966190E+00   1.1738362E+00   3.8785484E+00
   5.6304226E+00  -4.6060542E-03  -3.8797905E+00   1.1719292E+00   4.0529265E+00
   5.6385078E+00  -9.0864934E-03  -4.0038099E+00   1.1694257E+00   4.1711068E+00
   5.6468015E+00  -1.8658720E-02  -4.1528149E+00   1.1694319E+00   4.3143706E+00
   5.6546774E+00  -1.5748410E-02  -4.2168226E+00   1.1674606E+00   4.3754778E+00
   5.6627526E+00  -5.0120638E-03  -4.2989526E+00   1.1696028E+00   4.4552207E+00
   5.6710682E+00  -5.4298537E-03  -4.3717217E+00   1.1678283E+00   4.5250196E+00
   5.6795940E+00  -1.1719144E-02  -4.4768057E+00   1.1680835E+00   4.6266994E+00
   5.6876597E+00  -1.4865378E-02  -4.4586773E+00   1.1664004E+00   4.6087432E+00
   5.6953325E+00  -1.1330023E-02  -4.4615941E+00   1.1708020E+00   4.6126699E+00
   5.7042141E+00  -4.9281619E-02  -4.4558725E+00   1.1742884E+00   4.6082735E+00
   5.7118492E+00  -2.1628819E-02  -4.4641700E+00   1.1740295E+00   4.6160183E+00
   5.7198634E+00  -2.3839977E-02  -4.4065681E+00   1.1762435E+00   4.5609164E+00
   5.7280750E+00   3.9316650E-02  -4.2570505E+00   1.1761531E+00   4.4167137E+00
   5.7362165E+00  -1.9896483E-04  -4.2315984E+00   1.1783354E+00   4.3925958E+00
   5.7443714E+00   2.1236874E-02  -4.1114278E+00   1.1801283E+00   4.2774982E+00
   5.7527418E+00  -3.1331917E-03  -3.9883919E+00   1.1776247E+00   4.1586151E+00
   5.7608218E+00   1.0076614E-02  -3.7936513E+00   1.1770399E+00   3.9720669E+00
   5.7688975E+00   2.6818514E-02  -3.6948831E+00   1.1770160E+00   3.8779180E+00
   5.7772555E+00   2.6484357E-02  -3.4845147E+00   1.1768422E+00   3.6779754E+00
   5.7853394E+00   2.0525089E-02  -3.2639058E+00   1.1774222E+00   3.4698451E+00
   5.7935781E+00   1.5908293E-02  -3.0964336E+00   1.1717885E+00   3.3107767E+00
   5.8013549E+00   2.9847665E-02  -2.6919863E+00   1.1790887E+00   2.9390359E+00
   5.8101668E+00  -1.1490923E-03  -2.5610869E+00   1.1741171E+00   2.8173957E+00
   5.8179088E+00   1.3978477E-02  -2.3191402E+00   1.1765587E+00   2.6005571E+00
   5.8265405E+00  -4.6189156E-04  -2.0663567E+00   1.1834506E+00   2.3812571E+00
   5.8350077E+00   7.0341681E-03  -1.8021384E+00   1.1884841E+00   2.1587605E+00
   5.8422565E+00   1.6577864E-03  -1.6194687E+00   1.1868219E+00   2.0077918E+00
   5.8509216E+00   5.4199239E-03  -1.3107253E+00   1.1902502E+00   1.7705157E+00
   5.8587170E+00  -2.0826133E-02  -1.1216871E+00   1.1941280E+00   1.6384618E+00
   5.8664665E+00  -1.0392623E-02  -8.8662136E-01   1.1995835E+00   1.4917125E+00
   5.8750801E+00  -2.4104882E-03  -6.2835622E-01   1.2056355E+00   1.3595567E+00
   5.8830190E+00  -1.5702082E-02  -4.6131411E-01   1.2071424E+00   1.2923814E+00
   5.8912206E+00   3.6721013E-02  -1.2563644E-02   1.2081954E+00   1.2088187E+00
   5.8997045E+00   1.7605813E-02   2.2312182E-01   1.2135903E+00   1.2340561E+00
   5.9079318E+00   6.4740744E-03   4.9234724E-01   1.2164941E+00   1.3123664E+00
   5.9162054E+00  -1.9585679E-03   7.5233698E-01   1.2184021E+00   1.4319632E+00
   5.9239683E+00   7.0444089E-03   8.9924216E-01   1.2276752E+00   1.5217991E+00
   5.9326649E+00   5.2537750E-03   1.2299799E+00   1.2233881E+00   1.7348074E+00
   5.9401026E+00   2.0282542E-02   1.3619901E+00   1.2460788E+00   1.8461151E+00
   5.9486527E+00  -9.1978889E-03   1.5971829E+00   1.2473172E+00   2.0265434E+00
   5.9572415E+00   1.0965575E-02   1.8827546E+00   1.2463303E+00   2.2579248E+00
   5.9647055E+00   6.3331367E-04   2.0236297E+00   1.2643024E+00   2.3861134E+00
   5.9733834E+00   2.8393674E-03   2.2268944E+00   1.3027886E+00   2.5799856E+00
   5.9818120E+00   3.0793948E-03   2.4195888E+00   1.2903800E+00   2.7421706E+00
   5.9891915E+00   1.3047778E-02   2.5736446E+00   1.2882593E+00   2.8780944E+00
   5.9978552E+00   1.5517399E-02   2.7902699E+00   1.2979070E+00   3.0774031E+00
   6.0061665E+00  -7.3996437E-04   2.9260783E+00   1.2982308E+00   3.2011464E+00
   6.0138812E+00   9.1242753E-03   3.0959597E+00   1.3055001E+00   3.3599672E+00
   6.0224948E+00   1.5533216E-02   3.3270411E+00   1.3100013E+00   3.5756884E+00
   6.0303545E+00   3.8213037E-02   3.4336228E+00   1.3153484E+00   3.6771412E+00
   6.0388622E+00   4.4087902E-02   3.6678438E+00   1.3145826E+00   3.8965559E+00
   6.0464487E+00   2.8938059E-02   3.8540382E+00   1.3152496E+00   4.0723863E+00
   6.0548291E+00   2.1334596E-02   3.9584830E+00   1.3139073E+00   4.1708984E+00
   6.0631638E+00   1.2488803E-03   4.0547419E+00   1.3154614E+00   4.2627892E+00
   6.0707798E+00  -6.2619798E-02   4.1006498E+00   1.3108724E+00   4.3055358E+00
   6.0788822E+00   8.0083944E-03   4.0462389E+00   1.3049177E+00   4.2514615E+00
   6.0869851E+00  -2.2289574E-02   4.3283100E+00   1.3056480E+00   4.5210047E+00
   6.0958333E+00  -1.0166363E-02   4.3296037E+00   1.3016837E+00   4.5210562E+00
   6.1036139E+00   9.5844390E-03   4.3666420E+00   1.3029338E+00   4.5568953E+00
   6.1121578E+00  -4.3205122E-04   4.3054008E+00   1.2964631E+00   4.4963641E+00
   6.1202712E+00  -1.6599797E-02   4.3075004E+00   1.2971054E+00   4.4985909E+00
   6.1280370E+00  -2.0569367E-02   4.1728778E+00   1.2925619E+00   4.3685293E+00
   6.1362486E+00  -1.8636987E-02   4.0912790E+00   1.2907835E+00   4.2901087E+00
   6.1444817E+00  -3.3243861E-02   3.9873145E+00   1.2685422E+00   4.1843734E+00
   6.1526155E+00  -3.0593025E-02   3.8718302E+00   1.2663025E+00   4.0737610E+00
   6.1611619E+00  -8.0351038E-03   3.7246349E+00   1.2459992E+00   3.9275289E+00
   6.1689305E+00  -1.8319579E-02   3.5835900E+00   1.2396412E+00   3.7919867E+00
   6.1769733E+00   4.5382022E-03   3.3359857E+00   1.2279428E+00   3.5548086E+00
   6.1855650E+00  -2.9533815E-02   3.1692967E+00   1.2088172E+00   3.3921311E+00
   6.1932364E+00  -1.4456138E-02   3.0045860E+00   1.1962665E+00   3.2340069E+00
   6.2017841E+00   2.0739162E-02   2.7647758E+00   1.1977656E+00   3.0131474E+00
   6.2099695E+00  -5.5665346E-03   2.5071816E+00   1.1801567E+00   2.7710576E+00
   6.2178521E+00   1.1860150E-02   2.2494650E+00   1.1702064E+00   2.5356688E+00
   6.2260175E+00  -9.7259665E-03   2.0052533E+00   1.1612203E+00   2.3172328E+00
   6.2340012E+00  -1.5556617E-02   1.7035067E+00   1.1488898E+00   2.0547810E+00
   6.2423329E+00  -1.1219609E-02   1.4156132E+00   1.1428835E+00   1.8194146E+00
   6.2504382E+00  -6.3710166E-03   1.1245861E+00   1.1389967E+00   1.6006399E+00
   6.2588553E+00  -6.7723128E-03   8.3677077E-01   1.1341914E+00   1.4094756E+00
   6.2670050E+00  -3.5484154E-03   5.3388441E-01   1.1297266E+00   1.2495309E+00
   6.2750821E+00   1.8149752E-02   2.6193932E-01   1.1265504E+00   1.1567444E+00
   6.2832370E+00  -9.4153518E-03  -1.7513445E-02   1.1249352E+00   1.1251109E+00
   6.2912865E+00   9.0258382E-03  -2.8182304E-01   1.1247441E+00   1.1595495E+00
   6.2994056E+00   9.8152943E-03  -5.8264738E-01   1.1250840E+00   1.2670392E+00
   6.3075924E+00  -1.4765724E-02  -8.3948922E-01   1.1263913E+00   1.4048907E+00
   6.3158736E+00   4.6173863E-02  -1.1056528E+00   1.1299907E+00   1.5816064E+00
   6.3237605E+00   2.1278490E-04  -1.3990656E+00   1.1358453E+00   1.8020903E+00
   6.3321137E+00   3.2761109E-03  -1.6685179E+00   1.1375657E+00   2.0194106E+00
   6.3404350E+00   1.7226391E-02  -1.9302227E+00   1.1544071E+00   2.2491581E+00
   6.3482590E+00   1.3304240E-02  -2.1499920E+00   1.1554853E+00   2.4408584E+00
   6.3565831E+00   8.3318427E-03  -2.4182892E+00   1.1615837E+00   2.6828098E+00
   6.3649259E+00  -5.6032307E-04  -2.6827171E+00   1.1692455E+00   2.9264493E+00
   6.3731213E+00  -1.4083786E-03  -2.8912513E+00   1.1710340E+00   3.1194000E+00
   6.3808928E+00   1.0138706E-02  -3.0929973E+00   1.1743066E+00   3.3084333E+00
   6.3892231E+00  -5.7760295E-03  -3.2578008E+00   1.1689115E+00   3.4611638E+00
   6.3976822E+00  -1.4536702E-02  -3.4362285E+00   1.1730601E+00   3.6309705E+00
   6.4058089E+00  -2.0038271E-02  -3.5939252E+00   1.1700833E+00   3.7796555E+00
   6.4136167E+00  -1.6443450E-02  -3.7647977E+00   1.1685820E+00   3.9420245E+00
   6.4221416E+00  -1.8291168E-02  -3.9075899E+00   1.1714844E+00   4.0794568E+00
   6.4298043E+00  -1.6871298E-02  -4.0360289E+00   1.1714289E+00   4.2026253E+00
   6.4382749E+00  -9.5582698E-03  -4.1450582E+00   1.1707968E+00   4.3072457E+00
   6.4464455E+00  -6.2932067E-02  -4.2142119E+00   1.1700588E+00   4.3740807E+00
   6.4542766E+00  -1.5709730E-02  -4.3139877E+00   1.1712646E+00   4.4701900E+00
   6.4628863E+00  -6.3134745E-02  -4.4065814E+00   1.1739337E+00   4.5607090E+00
   6.4710937E+00  -1.1667544E-02  -4.3979101E+00   1.1762879E+00   4.5525160E+00
   6.4788828E+00  -6.1021533E-02  -4.4693027E+00   1.1758138E+00   4.6217885E+00
   6.4869633E+00   7.7917441E-03  -4.4116311E+00   1.1786416E+00   4.5663714E+00
   6.4956460E+00  -1.1151837E-02  -4.4226770E+00   1.1797450E+00   4.5773349E+00
   6.5033135E+00  -4.9508087E-02  -4.3700809E+00   1.1798657E+00   4.5268245E+00
   6.5113106E+00  -2.6746593E-02  -4.3205147E+00   1.1816579E+00   4.4792719E+00
   6.5196362E+00  -2.2447152E-02  -4.0858049E+00   1.1795762E+00   4.2527289E+00
   6.5281587E+00   9.8213777E-03  -4.1332645E+00   1.1830692E+00   4.2992587E+00
   6.5360775E+00  -1.5320417E-02  -3.9427791E+00   1.1801167E+00   4.1156306E+00
   6.5440450E+00   1.9132586E-02  -3.9404438E+00   1.1783429E+00   4.1129012E+00
   6.5527053E+00  -3.8359175E-03  -3.7840590E+00   1.1753349E+00   3.9623895E+00
   6.5602441E+00   2.1412792E-02  -3.6253610E+00   1.1797059E+00   3.8125329E+00
   6.5688176E+00   2.9829830E-02  -3.4114506E+00   1.1746492E+00   3.6081417E+00
   6.5770183E+00  -1.1662723E-02  -3.2912114E+00   1.1757766E+00   3.4949477E+00
   6.5849180E+00   3.4074310E-02  -3.0848303E+00   1.1751385E+00   3.3012557E+00
   6.5931392E+00   1.3234857E-02  -2.8854687E+00   1.1813245E+00   3.1179533E+00
   6.6016107E+00   9.6260002E-03  -2.6654167E+00   1.1806871E+00   2.9152293E+00
   6.6091895E+00   1.1983977E-02  -2.4815495E+00   1.1874892E+00   2.7510657E+00
   6.6180658E+00   1.7352901E-02  -2.2243056E+00   1.1905066E+00   2.5229232E+00
   6.6259227E+00   4.7549739E-04  -2.0601230E+00   1.1927133E+00   2.3804772E+00
   6.6340246E+00  -2.2973631E-02  -1.8152857E+00   1.1969652E+00   2.1745150E+00
   6.6424012E+00  -1.8374329E-02  -1.5152618E+00   1.1997647E+00   1.9328195E+00
   6.6502085E+00  -1.2228080E-02  -1.3818547E+00   1.2056507E+00   1.8339207E+00
   6.6586666E+00   1.7226042E-03  -1.2124298E+00   1.2092719E+00   1.7124040E+00
   6.6666555E+00   8.9569381E-03  -9.7033936E-01   1.2144746E+00   1.5545375E+00
   6.6750011E+00   6.2487400E-03  -6.3493896E-01   1.2185794E+00   1.3740896E+00
   6.6830297E+00   7.6070223E-03  -3.2937211E-01   1.2217383E+00   1.2653807E+00
   6.6917858E+00   6.7247814E-03  -2.0384838E-01   1.2241416E+00   1.2410166E+00
   6.6993237E+00   6.3157515E-03   1.7493017E-02   1.2252547E+00   1.2253958E+00
   6.7081213E+00   1.0507266E-02   2.6872382E-01   1.2271808E+00   1.2563025E+00
   6.7155542E+00   1.9125048E-02   4.1561729E-01   1.2303355E+00   1.2987797E+00
   6.7239108E+00  -1.1170362E-02   6.5021563E-01   1.2330451E+00   1.3940248E+00
   6.7316403E+00   1.6412060E-04   7.9139030E-01   1.2353888E+00   1.4671346E+00
   6.7399879E+00   7.9581058E-03   1.0216471E+00   1.2385575E+00   1.6055688E+00
   6.7486572E+00  -1.8741049E-02   1.2882941E+00   1.2384980E+00   1.7871571E+00
   6.7560606E+00   3.0086894E-02   1.4027581E+00   1.2598106E+00   1.8856719E+00
   6.7647004E+00   7.9584564E-04   1.5994933E+00   1.2562054E+00   2.0338218E+00
   6.7733326E+00  -1.1805278E-02   1.8007153E+00   1.2673478E+00   2.2020185E+00
   6.7814255E+00  -2.3457890E-03   1.9688655E+00   1.2664804E+00   2.3410275E+00
   6.7888985E+00   7.6798960E-03   2.1248283E+00   1.2744577E+00   2.4777403E+00
   6.7976613E+00  -1.1359487E-02   2.3148744E+00   1.2799716E+00   2.6452034E+00
   6.8051414E+00  -3.7622689E-03   2.4651442E+00   1.2761629E+00   2.7758858E+00
   6.8139062E+00   1.2008271E-02   2.6472013E+00   1.2789209E+00   2.9399757E+00
   6.8218365E+00   2.1121327E-02   2.7941964E+00   1.2874945E+00   3.0766251E+00
   6.8296514E+00   1.7604517E-02   2.9452221E+00   1.2887932E+00   3.2149076E+00
   6.8381386E+00   1.7831966E-02   3.1237829E+00   1.2889171E+00   3.3792965E+00
   6.8466868E+00  -1.2294482E-02   3.2750540E+00   1.2808909E+00   3.5166478E+00
   6.8544717E+00   1.6983557E-02   3.4317589E+00   1.2872953E+00   3.6652949E+00
   6.8627834E+00  -1.5906328E-02   3.5494955E+00   1.2924914E+00   3.7775264E+00
   6.8708549E+00  -1.1124604E-02   3.6589448E+00   1.2859536E+00   3.8783603E+00
   6.8787518E+00  -1.3161797E-02   3.7247498E+00   1.2928550E+00   3.9427667E+00
   6.8872557E+00  -5.8611492E-03   3.8013380E+00   1.2835046E+00   4.0121799E+00
   6.8948750E+00  -7.0930943E-03   3.8548965E+00   1.2838649E+00   4.0630760E+00
   6.9034004E+00  -5.5089284E-02   3.8620491E+00   1.2786429E+00   4.0685849E+00
   6.9117360E+00  -1.2910463E-02   3.8973036E+00   1.2708021E+00   4.0992780E+00
   6.9197350E+00  -1.2699631E-02   3.9509590E+00   1.2677398E+00   4.1493859E+00
   6.9274898E+00  -2.6548779E-02   3.8632057E+00   1.2677459E+00   4.0659862E+00
   6.9362116E+00   1.3299751E-02   3.7784581E+00   1.2688106E+00   3.9858253E+00
   6.9443521E+00   7.7053476E-03   3.7139955E+00   1.2602873E+00   3.9220078E+00
   6.9523382E+00  -2.6862711E-02   3.6184936E+00   1.2566656E+00   3.8305907E+00
   6.9603686E+00  -1.6345484E-02   3.4956934E+00   1.2545888E+00   3.7140455E+00
   6.9686499E+00  -1.6752239E-02   3.3045220E+00   1.2436246E+00   3.5308285E+00
   6.9765596E+00  -4.5786341E-04   3.1797860E+00   1.2554915E+00   3.4186690E+00
   6.9847188E+00  -1.4167828E-02   3.0619056E+00   1.2311018E+00   3.3001635E+00
   6.9930830E+00  -9.7470107E-03   2.8748126E+00   1.2261811E+00   3.1254060E+00
   7.0011411E+00   1.8416213E-02   2.6995902E+00   1.2117425E+00   2.9591293E+00
   7.0093508E+00  -4.0256246E-03   2.4702311E+00   1.1920072E+00   2.7427976E+00
   7.0176415E+00  -1.2181102E-03   2.2635698E+00   1.1963521E+00   2.5602751E+00
   7.0256138E+00   5.1612440E-03   1.9519899E+00   1.1647197E+00   2.2730734E+00
   7.0341082E+00  -1.0158169E-02   1.7844583E+00   1.1736827E+00   2.1358664E+00
   7.0419331E+00  -1.9553523E-03   1.5248950E+00   1.1713237E+00   1.9228384E+00
   7.0501699E+00  -1.4717228E-02   1.2757215E+00   1.1611603E+00   1.7251016E+00
   7.0583987E+00  -7.0821173E-03   1.0041138E+00   1.1565480E+00   1.5316324E+00
   7.0664897E+00  -6.0679284E-03   7.6999819E-01   1.1504593E+00   1.3843737E+00
   7.0747900E+00  -4.1485331E-03   5.2141494E-01   1.1502421E+00   1.2629123E+00
   7.0827966E+00  -6.3011446E-03   2.8919569E-01   1.1487620E+00   1.1846215E+00
   7.0910497E+00  -2.4725809E-03   5.2489065E-02   1.1468043E+00   1.1480076E+00
   7.0993013E+00  -1.0342156E-02  -2.5296608E-01   1.1456977E+00   1.1733381E+00
   7.1075006E+00   9.8648272E-04  -5.0806206E-01   1.1495844E+00   1.2568502E+00
   7.1154165E+00   3.3119363E-03  -7.3561805E-01   1.1506516E+00   1.3657027E+00
   7.1238046E+00  -5.3523498E-04  -1.0212834E+00   1.1541893E+00   1.5411596E+00
   7.1317592E+00   7.4803596E-03  -1.2151563E+00   1.1595541E+00   1.6796507E+00
   7.1401491E+00   1.1764676E-03  -1.4374458E+00   1.1628686E+00   1.8489226E+00
   7.1483345E+00   2.6140411E-03  -1.7418835E+00   1.1669282E+00   2.0966370E+00
   7.1564202E+00   8.6958790E-03  -1.9408709E+00   1.1715957E+00   2.2670889E+00
   7.1644254E+00   1.9829141E-03  -2.1736844E+00   1.1728760E+00   2.4699283E+00
   7.1724920E+00  -1.7214468E-03  -2.3881907E+00   1.1778150E+00   2.6628380E+00
   7.1807246E+00  -1.5671441E-02  -2.5932388E+00   1.1786464E+00   2.8485682E+00
   7.1889715E+00   1.0008854E-02  -2.7815378E+00   1.1768842E+00   3.0202827E+00
   7.1972542E+00  -6.8156375E-04  -2.9579921E+00   1.1794031E+00   3.1844480E+00
   7.2050920E+00  -3.5484456E-03  -3.1392565E+00   1.1781715E+00   3.3530629E+00
   7.2134151E+00  -7.0735952E-03  -3.3020666E+00   1.1779379E+00   3.5058851E+00
   7.2214265E+00  -2.0164208E-02  -3.4586003E+00   1.1782842E+00   3.6538577E+00
   7.2295747E+00  -6.3258074E-03  -3.5906546E+00   1.1775459E+00   3.7788165E+00
   7.2378721E+00  -4.8623062E-03  -3.6784832E+00   1.1763951E+00   3.8620162E+00
   7.2459369E+00   1.9976093E-02  -3.8240991E+00   1.1770010E+00   4.0011830E+00
   7.2542262E+00  -2.3727810E-02  -3.9317801E+00   1.1775427E+00   4.1043959E+00
   7.2624874E+00  -4.8626927E-03  -4.0019574E+00   1.1790830E+00   4.1720405E+00
   7.2704687E+00  -3.5218626E-02  -4.0877628E+00   1.1813277E+00   4.2551827E+00
   7.2788696E+00   6.1543426E-03  -4.1003218E+00   1.1818501E+00   4.2672529E+00
   7.2870045E+00   1.8109608E-02  -4.1328421E+00   1.1841197E+00   4.2991686E+00
   7.2947612E+00   1.5481208E-02  -4.1662369E+00   1.1838524E+00   4.3311977E+00
   7.3034663E+00  -2.1822592E-02  -4.1024413E+00   1.1869328E+00   4.2707505E+00
   7.3115768E+00   1.3903732E-02  -4.1338530E+00   1.1867561E+00   4.3008513E+00
   7.3194704E+00  -7.4871153E-02  -4.0265203E+00   1.1834182E+00   4.1974936E+00
   7.3277493E+00  -5.0968709E-03  -4.0835443E+00   1.1832494E+00   4.2515216E+00
   7.3357329E+00  -7.4714413E-03  -4.0057163E+00   1.1800599E+00   4.1759262E+00
   7.3439627E+00  -6.3884160E-03  -3.9553647E+00   1.1787972E+00   4.1272888E+00
   7.3523946E+00   1.5366175E-02  -3.8750913E+00   1.1780958E+00   4.0502443E+00
   7.3602347E+00   4.3765451E-03  -3.7623224E+00   1.1741585E+00   3.9412863E+00
   7.3682189E+00   1.7164413E-02  -3.6350660E+00   1.1723524E+00   3.8194776E+00
   7.3763494E+00  -9.6079055E-03  -3.4804463E+00   1.1741500E+00   3.6731768E+00
   7.3846421E+00   1.0302514E-02  -3.3398902E+00   1.1778651E+00   3.5415165E+00
   7.3931146E+00   7.5688618E-03  -3.1254735E+00   1.1846987E+00   3.3424771E+00
   7.4009104E+00  -7.6338681E-03  -3.0243146E+00   1.1903341E+00   3.2501435E+00
   7.4090390E+00   9.3285376E-03  -2.8719697E+00   1.1881800E+00   3.1080651E+00
   7.4177766E+00   2.4546373E-03  -2.6329339E+00   1.1947745E+00   2.8913374E+00
   7.4252458E+00   8.8630104E-03  -2.4582365E+00   1.1995893E+00   2.7353280E+00
   7.4338708E+00   2.9284004E-03  -2.1787648E+00   1.2040309E+00   2.4893203E+00
   7.4419208E+00  -5.7162638E-03  -2.0844862E+00   1.2098712E+00   2.4101667E+00
   7.4498324E+00   1.1021318E-02  -1.8664577E+00   1.2164718E+00   2.2279115E+00
   7.4580812E+00  -1.4176670E-02  -1.6851182E+00   1.2171699E+00   2.0787802E+00
   7.4664302E+00   2.8052181E-04  -1.4066663E+00   1.2218370E+00   1.8632219E+00
   7.4749923E+00  -2.3708427E-03  -1.2488873E+00   1.2248551E+00   1.7492841E+00
   7.4826260E+00  -5.2333716E-04  -9.6690720E-01   1.2295831E+00   1.5642202E+00
   7.4903607E+00   1.6113461E-03  -8.5941976E-01   1.2329303E+00   1.5029045E+00
   7.4992032E+00   6.4381177E-04  -5.7468939E-01   1.2378459E+00   1.3647456E+00
   7.5069294E+00  -3.1696870E-03  -4.1855183E-01   1.2405232E+00   1.3092339E+00
   7.5156188E+00   1.0340883E-02  -1.6984013E-01   1.2437615E+00   1.2553467E+00
   7.5230684E+00  -6.6444720E-03  -4.7076762E-02   1.2468797E+00   1.2477858E+00
   7.5316658E+00   1.5411482E-03   1.6498728E-01   1.2489121E+00   1.2597637E+00
   7.5399551E+00  -1.4158496E-02   3.9274880E-01   1.2543986E+00   1.3145220E+00
   7.5481448E+00  -3.6671001E-03   5.7808959E-01   1.2544266E+00   1.3812267E+00
   7.5562463E+00  -3.7867732E-03   7.5713193E-01   1.2557764E+00   1.4663688E+00
   7.5642548E+00  -7.5408458E-03   9.7358334E-01   1.2566032E+00   1.5896456E+00
   7.5721617E+00  -4.9098075E-04   1.1309791E+00   1.2584162E+00   1.6919590E+00
   7.5810709E+00   9.5250632E-04   1.3297437E+00   1.2593758E+00   1.8314602E+00
   7.5890975E+00  -1.4661324E-02   1.5444764E+00   1.2631001E+00   1.9952555E+00
   7.5973568E+00   1.0696174E-02   1.7022588E+00   1.2606972E+00   2.1182911E+00
   7.6046696E+00   1.8085778E-02   1.8617831E+00   1.2798885E+00   2.2593534E+00
   7.6130137E+00   2.6956653E-02   2.0229013E+00   1.2738816E+00   2.3907385E+00
   7.6213541E+00  -5.0571156E-03   2.2379391E+00   1.2742021E+00   2.5752647E+00
   7.6297016E+00   2.4071982E-02   2.3819830E+00   1.2788073E+00   2.7036588E+00
   7.6380625E+00   3.3963586E-03   2.6013625E+00   1.2798005E+00   2.8991356E+00
   7.6464429E+00   2.2367111E-03   2.7394469E+00   1.2781047E+00   3.0229332E+00
   7.6537933E+00   2.8147062E-02   2.9124544E+00   1.2781533E+00   3.1807008E+00
   7.6626668E+00   1.5686976E-02   3.0863152E+00   1.2888491E+00   3.3446553E+00
   7.6699796E+00   1.5430056E-02   3.2216644E+00   1.2817593E+00   3.4673140E+00
   7.6782184E+00   9.3840035E-03   3.3895714E+00   1.2804456E+00   3.6233718E+00
   7.6871443E+00   1.1701658E-03   3.5348418E+00   1.2775637E+00   3.7586269E+00
   7.6950216E+00   2.2336071E-02   3.6721966E+00   1.2728875E+00   3.8866141E+00
   7.7027655E+00   6.6727465E-03   3.8000944E+00   1.2816738E+00   4.0104175E+00
   7.7113180E+00   4.2300718E-03   3.9146624E+00   1.2864985E+00   4.1206403E+00
   7.7196779E+00   1.6353168E-02   3.9962177E+00   1.2826194E+00   4.1970387E+00
   7.7279153E+00  -4.3592495E-03   4.0802450E+00   1.2808219E+00   4.2765551E+00
   7.7359324E+00  -7.1579049E-04   4.1400456E+00   1.2798189E+00   4.3333492E+00
   7.7436857E+00  -1.2827938E-03   4.1951685E+00   1.2767068E+00   4.3851366E+00
   7.7521377E+00  -1.4098899E-02   4.2095809E+00   1.2753838E+00   4.3985653E+00
   7.7603245E+00  -5.9496313E-02   4.2464600E+00   1.2783620E+00   4.4351068E+00
   7.7683315E+00  -2.2716854E-02   4.2194037E+00   1.2707076E+00   4.4066520E+00
   7.7763176E+00  -2.8838864E-02   4.1893554E+00   1.2669928E+00   4.3768482E+00
   7.7848225E+00  -6.3838004E-03   4.1627154E+00   1.2642967E+00   4.3504810E+00
   7.7926536E+00  -1.2264628E-02   4.0839152E+00   1.2601299E+00   4.2739258E+00
   7.8009734E+00  -4.0672358E-02   4.0033717E+00   1.2568408E+00   4.1962233E+00
   7.8093486E+00  -1.5970835E-02   3.9180212E+00   1.2554010E+00   4.1142650E+00
   7.8172517E+00  -2.3456456E-02   3.8316979E+00   1.2523839E+00   4.0312433E+00
   7.8255067E+00  -2.2013905E-02   3.6358576E+00   1.2477283E+00   3.8440566E+00
   7.8334928E+00  -1.2388458E-02   3.5357075E+00   1.2477449E+00   3.7494330E+00
   7.8417244E+00  -1.0261509E-02   3.3549600E+00   1.2319119E+00   3.5739989E+00
   7.8501735E+00  -1.6018340E-02   3.0967135E+00   1.2304029E+00   3.3322339E+00
   7.8583174E+00  -1.3515035E-02   2.9952419E+00   1.2214035E+00   3.2347307E+00
   7.8661938E+00  -6.1910478E-03   2.7602794E+00   1.2276223E+00   3.0209663E+00
   7.8742914E+00   2.4590569E-03   2.5281560E+00   1.2098012E+00   2.8027127E+00
   7.8825607E+00  -1.2455901E-02   2.3547394E+00   1.2011336E+00   2.6434209E+00
   7.8905501E+00  -1.3933095E-02   2.1023252E+00   1.1938719E+00   2.4177046E+00
   7.8987198E+00  -3.7277993E-04   1.8809302E+00   1.1861074E+00   2.2236793E+00
   7.9070659E+00   1.1100866E-02   1.6454728E+00   1.1876410E+00   2.0293336E+00
   7.9151855E+00   6.5333175E-04   1.3718739E+00   1.1786152E+00   1.8086382E+00
   7.9232106E+00  -3.6873186E-03   1.1337101E+00   1.1714902E+00   1.6302458E+00
   7.9315996E+00   3.6777565E-04   8.8918930E-01   1.1694238E+00   1.4690847E+00
   7.9394884E+00   1.3304208E-03   6.6696769E-01   1.1689280E+00   1.3458233E+00
   7.9480014E+00  -3.4468821E-03   3.7853664E-01   1.1680996E+00   1.2279083E+00
   7.9559984E+00   2.9047055E-03   1.4765701E-01   1.1679925E+00   1.1772923E+00
   7.9642997E+00   4.6982942E-03  -1.0982841E-01   1.1662768E+00   1.1714461E+00
   7.9721665E+00   1.2253864E-02  -3.1946775E-01   1.1716309E+00   1.2144665E+00
   7.9803247E+00   3.6964314E-03  -5.1984131E-01   1.1736070E+00   1.2835895E+00
   7.9885440E+00   2.3756241E-03  -8.0152661E-01   1.1752329E+00   1.4225410E+00
   7.9967895E+00   2.7849067E-03  -9.7421300E-01   1.1782607E+00   1.5288548E+00
   8.0050535E+00   3.6990338E-03  -1.1721863E+00   1.1818918E+00   1.6646029E+00
   8.0130663E+00   3.4868007E-03  -1.3811949E+00   1.1848558E+00   1.8197788E+00
   8.0212259E+00   2.8658952E-04  -1.6132233E+00   1.1861517E+00   2.0023599E+00
   8.0294743E+00   5.4453709E-03  -1.7920486E+00   1.1887603E+00   2.1504927E+00
   8.0377932E+00  -7.8695212E-03  -1.9827061E+00   1.1898782E+00   2.3123572E+00
   8.0456791E+00  -1.2961485E-03  -2.1432464E+00   1.1894187E+00   2.4511678E+00
   8.0538826E+00  -4.7860588E-03  -2.3150585E+00   1.1881869E+00   2.6021736E+00
   8.0620813E+00   1.0372696E-02  -2.4598072E+00   1.1879529E+00   2.7316647E+00
   8.0702496E+00  -3.2465125E-03  -2.5451262E+00   1.1869678E+00   2.8083038E+00
   8.0784664E+00  -7.0002452E-03  -2.6740339E+00   1.1877131E+00   2.9259474E+00
   8.0863733E+00   2.1573219E-02  -2.8328524E+00   1.1862627E+00   3.0712762E+00
   8.0947647E+00  -3.8949721E-02  -2.9269238E+00   1.1853611E+00   3.1580820E+00
   8.1028824E+00  -1.3242454E-02  -3.0184634E+00   1.1856437E+00   3.2429998E+00
   8.1111460E+00  -1.1699048E-02  -3.1570134E+00   1.1859245E+00   3.3724306E+00
   8.1192589E+00  -4.6349219E-03  -3.1991842E+00   1.1864115E+00   3.4120922E+00
   8.1271458E+00   1.4911840E-02  -3.2943695E+00   1.1861346E+00   3.5014293E+00
   8.1353130E+00  -1.2001605E-02  -3.3574362E+00   1.1876775E+00   3.5613339E+00
   8.1436720E+00   2.2245634E-02  -3.3800056E+00   1.1904395E+00   3.5835848E+00
   8.1517324E+00   1.4222568E-02  -3.3748925E+00   1.1913033E+00   3.5790091E+00
   8.1600046E+00  -1.9662291E-02  -3.4142382E+00   1.1911687E+00   3.6161156E+00
