  flscon:  version 23.2.0.01  win64 2022 
 FLOW-3D   11:24:45  02/13/2024 txso     
   hydr3d   version  23.2.0.20 win64     12/04/2023 HYDRO    
 Simulation Template: Free Surface - TruVOF (Default)                            

Mesh Block   1
 printing pfxob, pfyob, pfzob       
       1     1002      0.000E+00      3.376E+00
   time              pfxob_1         pfyob_1         pfzob_1
   0.0000000E+00   2.8593503E-03   4.9732971E+00  -2.5624952E-01
   8.7440602E-04  -1.4406380E-01  -4.4182037E+02   5.0101781E+00
   3.2439372E-03  -1.8002311E-03   4.6959815E+00   3.8030680E-02
   6.3617867E-03   4.5339251E-04   4.7135444E+00  -2.4814455E-02
   1.0050574E-02   1.7762337E-03   4.8248596E+00  -4.9905326E-02
   1.3330063E-02  -6.8398524E-04   4.8961468E+00  -5.3035084E-02
   1.6786100E-02   3.4192619E-03   4.9588685E+00  -5.5664569E-02
   1.9984370E-02   5.2362932E-03   5.0174408E+00  -7.5399533E-02
   2.3686768E-02   6.1711376E-03   5.0698695E+00  -8.3592966E-02
   2.6422454E-02   5.2896254E-03   5.1138334E+00  -8.1007600E-02
   3.0633843E-02   4.9367049E-03   5.1687732E+00  -9.3616173E-02
   3.3298377E-02   5.9212162E-03   5.2137685E+00  -9.7284719E-02
   3.7693541E-02   5.7595163E-03   5.2748489E+00  -1.0571906E-01
   4.0729068E-02   6.9133127E-03   5.3186893E+00  -1.1387316E-01
   4.4353079E-02   1.0144518E-02   5.3802834E+00  -1.1786196E-01
   4.7880117E-02   4.0303771E-03   5.4167132E+00  -1.1029824E-01
   5.0535195E-02   7.3290248E-03   5.4700508E+00  -1.0604037E-01
   5.3462420E-02   5.0076670E-03   5.4994011E+00  -1.2106400E-01
   5.7627216E-02   6.3941046E-03   5.5644441E+00  -1.2619522E-01
   6.1246831E-02   1.1325647E-02   5.6108255E+00  -1.3013475E-01
   6.3953124E-02   1.3219016E-02   5.6539779E+00  -1.3440716E-01
   6.6936813E-02   5.8320779E-03   5.7590847E+00  -1.4367351E-01
   7.0226334E-02   1.1825132E-02   5.7032547E+00  -1.4601485E-01
   7.4210018E-02   4.1423887E-03   5.8003058E+00  -1.4137065E-01
   7.7208847E-02   1.1562263E-02   5.9214888E+00  -1.5864280E-01
   8.1086867E-02   1.3330718E-02   5.8632679E+00  -1.6017017E-01
   8.3943047E-02   1.2984212E-02   5.9043188E+00  -1.5860288E-01
   8.8281125E-02   7.3235552E-03   6.0232816E+00  -1.7258234E-01
   9.1458686E-02   1.4738199E-02   6.0696521E+00  -1.8326208E-01
   9.4578505E-02   1.0237595E-02   6.1000180E+00  -1.9286731E-01
   9.7697087E-02   9.3207210E-03   6.1334858E+00  -1.9097954E-01
   1.0094711E-01   6.5067499E-03   6.2240653E+00  -2.0347515E-01
   1.0395323E-01   1.1781326E-02   6.2308598E+00  -2.0244993E-01
   1.0839536E-01   4.4425073E-04   6.2840400E+00  -2.0983814E-01
   1.1176143E-01   9.9759353E-03   6.4025445E+00  -2.3116967E-01
   1.1537619E-01   1.4072651E-02   6.3816280E+00  -2.2718804E-01
   1.1801023E-01   1.1087815E-02   6.4108000E+00  -2.2539301E-01
   1.2091426E-01   9.8729832E-03   6.5130134E+00  -2.4487285E-01
   1.2522475E-01   1.9242398E-02   6.5181527E+00  -2.4462132E-01
   1.2890120E-01   1.4850703E-02   6.5892267E+00  -2.4992186E-01
   1.3185892E-01   1.3174107E-02   6.6864462E+00  -2.6307699E-01
   1.3469186E-01   1.8158197E-02   6.6987925E+00  -2.6465389E-01
   1.3797136E-01   1.4014828E-02   6.7285380E+00  -2.6952276E-01
   1.4171703E-01   1.2704836E-02   6.8185349E+00  -2.7442816E-01
   1.4476141E-01   1.6107237E-02   6.8595343E+00  -2.8160164E-01
   1.4901899E-01   1.0997835E-02   6.9288383E+00  -2.8963172E-01
   1.5223019E-01   1.3002676E-02   6.9785519E+00  -2.9385751E-01
   1.5535736E-01   1.4533447E-02   7.0438714E+00  -2.8154138E-01
   1.5892418E-01   1.6225882E-02   7.0903993E+00  -2.8966802E-01
   1.6176972E-01   1.2922736E-02   7.1400127E+00  -2.9119462E-01
   1.6574758E-01   1.9732978E-02   7.2216148E+00  -2.8286296E-01
   1.6895390E-01   1.8067328E-02   7.2417202E+00  -2.7703092E-01
   1.7246240E-01   2.2558996E-02   7.3077517E+00  -2.8935519E-01
   1.7582634E-01   2.1759218E-02   7.3815627E+00  -2.9325184E-01
   1.7876041E-01   2.2789981E-02   7.4197078E+00  -2.9561946E-01
   1.8241537E-01   2.1653116E-02   7.4599376E+00  -2.9459414E-01
   1.8532278E-01   2.1101162E-02   7.4865131E+00  -3.0766660E-01
   1.8922643E-01   2.2839742E-02   7.5962019E+00  -2.9940608E-01
   1.9272242E-01   2.7467774E-02   7.6272769E+00  -2.9672688E-01
   1.9562194E-01   3.8406760E-02   7.6719346E+00  -3.0077472E-01
   1.9947949E-01   3.8219891E-02   7.7097220E+00  -2.9686356E-01
   2.0295641E-01   2.8744513E-02   7.7696223E+00  -3.0390236E-01
   2.0632936E-01   3.1969689E-02   7.8417692E+00  -2.8454033E-01
   2.0960982E-01   3.1231806E-02   7.8729610E+00  -2.7161634E-01
   2.1275663E-01   5.0227176E-02   7.8913918E+00  -2.8764904E-01
   2.1575318E-01   3.0465186E-02   7.9086123E+00  -2.7433664E-01
   2.1949747E-01   4.8307840E-02   8.0020084E+00  -2.5737548E-01
   2.2278452E-01   4.5233000E-02   8.0769262E+00  -3.1842443E-01
   2.2622889E-01   3.3521499E-02   8.0593357E+00  -3.0775508E-01
   2.2985376E-01   3.7395190E-02   8.1724215E+00  -3.1300735E-01
   2.3265274E-01   3.7900422E-02   8.1643887E+00  -3.5125631E-01
   2.3609877E-01   5.1405691E-02   8.2011576E+00  -3.3662826E-01
   2.3949106E-01   4.6329413E-02   8.2450447E+00  -3.8836855E-01
   2.4282309E-01   3.5598483E-02   8.3281784E+00  -3.5660186E-01
   2.4677181E-01   6.4611629E-02   8.3676672E+00  -3.6847386E-01
   2.4970061E-01   7.6357372E-02   8.3495455E+00  -3.3744171E-01
   2.5311273E-01   6.0162857E-02   8.3973684E+00  -3.8960776E-01
   2.5672314E-01   1.0921483E-01   8.4871883E+00  -4.0790457E-01
   2.5987628E-01   2.1562735E-02   8.3780708E+00  -4.1648102E-01
   2.6336899E-01   5.6228396E-02   8.5654011E+00  -4.6211439E-01
   2.6680556E-01   3.6096167E-02   8.5494776E+00  -4.3734518E-01
   2.7034411E-01   5.7730123E-02   8.5531130E+00  -4.4986349E-01
   2.7339357E-01   4.2700570E-02   8.5423450E+00  -4.3182734E-01
   2.7642938E-01   3.6837883E-02   8.6059322E+00  -4.7689033E-01
   2.8011194E-01   1.2321419E-01   8.6494522E+00  -4.9772367E-01
   2.8353897E-01   5.3061500E-02   8.6117363E+00  -4.8595163E-01
   2.8715250E-01   7.7992618E-02   8.6307096E+00  -4.8858470E-01
   2.9012552E-01   4.3341763E-02   8.5389585E+00  -5.1813984E-01
   2.9389843E-01   5.6521349E-02   8.6126280E+00  -5.1713121E-01
   2.9736474E-01   4.9902789E-02   8.7279406E+00  -5.2996159E-01
   3.0069867E-01   6.7961276E-02   8.6898384E+00  -5.3522182E-01
   3.0391848E-01   6.9280364E-02   8.5575790E+00  -5.6297654E-01
   3.0724129E-01   8.7067932E-02   8.5357714E+00  -5.6199265E-01
   3.1050047E-01   8.1433475E-02   8.6144934E+00  -5.6915051E-01
   3.1369904E-01   8.0195986E-02   8.6773081E+00  -5.6245577E-01
   3.1744817E-01   1.0416305E-01   8.5730085E+00  -5.7440335E-01
   3.2095599E-01   3.4853473E-02   8.4386644E+00  -5.8189034E-01
   3.2407585E-01   1.0255982E-01   8.5902786E+00  -5.9179574E-01
   3.2740179E-01   8.1946582E-02   8.5311718E+00  -5.8168608E-01
   3.3065733E-01   1.1767768E-01   8.5120373E+00  -5.9180617E-01
   3.3409473E-01   1.1708276E-01   8.4144640E+00  -5.9354705E-01
   3.3761260E-01   8.3906628E-02   8.3883677E+00  -6.0062361E-01
   3.4121519E-01   1.1092208E-01   8.3799591E+00  -6.0363728E-01
   3.4434614E-01   7.8827985E-02   8.3066187E+00  -6.0225099E-01
   3.4783858E-01   1.0138572E-01   8.2982197E+00  -6.1367840E-01
   3.5133529E-01   8.5852377E-02   8.2660513E+00  -6.1192507E-01
   3.5454062E-01   1.1390650E-01   8.2035885E+00  -6.3870972E-01
   3.5763171E-01   1.0754680E-01   8.1401920E+00  -6.3849360E-01
   3.6105189E-01   1.2287851E-01   8.1764755E+00  -6.4657074E-01
   3.6496061E-01   9.2719689E-02   8.0593061E+00  -6.5840524E-01
   3.6828110E-01   1.4612578E-01   8.0099888E+00  -6.6916656E-01
   3.7164229E-01   6.4865626E-02   7.9187737E+00  -6.8598062E-01
   3.7500122E-01   8.7492734E-02   7.9001017E+00  -6.8774074E-01
   3.7791055E-01   1.0533465E-01   7.8620429E+00  -7.1169209E-01
   3.8121715E-01   9.4657831E-02   7.7008181E+00  -7.0955187E-01
   3.8508445E-01   8.6599693E-02   7.7019520E+00  -7.2206700E-01
   3.8800672E-01   6.6553168E-02   7.6261826E+00  -7.3314375E-01
   3.9157608E-01   9.6415743E-02   7.4734573E+00  -7.5544423E-01
   3.9523107E-01   8.4547430E-02   7.4664917E+00  -7.7092445E-01
   3.9844126E-01   9.8672047E-02   7.4014053E+00  -7.6429331E-01
   4.0196025E-01   1.0921288E-01   7.2807069E+00  -8.0044615E-01
   4.0505943E-01   7.8103751E-02   7.1733222E+00  -8.1374288E-01
   4.0822867E-01   6.5513015E-02   7.1633129E+00  -8.0958861E-01
   4.1175011E-01   1.0693824E-01   6.9576321E+00  -8.2697612E-01
   4.1531751E-01   1.0251743E-01   6.9314694E+00  -8.3307940E-01
   4.1829604E-01   1.0205477E-01   6.8094263E+00  -8.6314929E-01
   4.2208055E-01   1.2055438E-01   6.6653676E+00  -8.6816758E-01
   4.2548206E-01   1.5963820E-01   6.6703343E+00  -8.9470059E-01
   4.2890295E-01   1.6504577E-01   6.2982626E+00  -8.9370942E-01
   4.3220982E-01   1.0074994E-01   6.3469396E+00  -9.4925100E-01
   4.3571714E-01   1.6057441E-01   6.2948527E+00  -9.3804157E-01
   4.3882722E-01   1.7721571E-01   5.9737368E+00  -9.3373567E-01
   4.4218695E-01   1.0207090E-01   6.0685506E+00  -9.5847988E-01
   4.4548017E-01   1.2719439E-01   5.6859384E+00  -9.7884268E-01
   4.4893831E-01   1.1067864E-01   5.7328401E+00  -1.0051363E+00
   4.5250851E-01   2.6434354E-02   5.3777766E+00  -1.0030819E+00
   4.5582470E-01   1.3384359E-01   5.3972073E+00  -1.0388141E+00
   4.5899144E-01   1.1558043E-01   5.2928028E+00  -1.0490030E+00
   4.6214402E-01   9.4000265E-02   5.2226954E+00  -1.0652119E+00
   4.6555144E-01   1.3733689E-01   5.0141740E+00  -1.0835378E+00
   4.6895018E-01   1.2733854E-01   4.9090352E+00  -1.1087861E+00
   4.7303578E-01   1.0830144E-01   4.7052045E+00  -1.1231996E+00
   4.7620985E-01   1.3413598E-01   4.5593572E+00  -1.1296676E+00
   4.7964782E-01   1.3344300E-01   4.4416652E+00  -1.1640077E+00
   4.8264620E-01   1.2303017E-01   4.2967610E+00  -1.1681231E+00
   4.8630723E-01   1.2598148E-01   4.1222024E+00  -1.1861196E+00
   4.8986945E-01   1.2891884E-01   3.9109633E+00  -1.1979964E+00
   4.9266276E-01   1.4022674E-01   3.8468032E+00  -1.2116525E+00
   4.9607185E-01   9.6291251E-02   3.6954708E+00  -1.2215495E+00
   4.9938741E-01   1.2389948E-01   3.4962735E+00  -1.2458072E+00
   5.0332153E-01   1.1290643E-01   3.3361232E+00  -1.2575167E+00
   5.0651997E-01   9.1608390E-02   3.1603026E+00  -1.2676716E+00
   5.0964165E-01   1.0048751E-01   2.9883521E+00  -1.2793126E+00
   5.1291353E-01   1.1800931E-01   2.8221242E+00  -1.2963396E+00
   5.1640326E-01   1.1802830E-01   2.7271619E+00  -1.3086344E+00
   5.1985019E-01   8.3903365E-02   2.5643704E+00  -1.3037931E+00
   5.2352536E-01   1.0770919E-01   2.2806304E+00  -1.3450123E+00
   5.2646476E-01   1.0701766E-01   2.2098808E+00  -1.3560108E+00
   5.2992034E-01   1.1552516E-01   2.0638375E+00  -1.3617260E+00
   5.3366172E-01   1.0478473E-01   1.8105375E+00  -1.3623263E+00
   5.3673536E-01   8.0756165E-02   1.7128352E+00  -1.3838670E+00
   5.4033148E-01   8.9281112E-02   1.5667591E+00  -1.4067352E+00
   5.4326087E-01   9.0369344E-02   1.3252287E+00  -1.4092278E+00
   5.4688841E-01   8.1795700E-02   1.1555492E+00  -1.4122170E+00
   5.5028903E-01   7.5190820E-02   1.1434674E+00  -1.4326615E+00
   5.5376476E-01   6.7224339E-02   7.9050845E-01  -1.4293189E+00
   5.5710226E-01   4.9862206E-02   5.9769869E-01  -1.4465109E+00
   5.6037366E-01   5.3343471E-02   6.8759292E-01  -1.4522041E+00
   5.6410807E-01   4.7355026E-02   2.6992005E-01  -1.4671481E+00
   5.6739336E-01   4.0254008E-02   1.2022045E-01  -1.4750954E+00
   5.7073212E-01   1.9607840E-02   4.0177677E-02  -1.4811925E+00
   5.7412356E-01   4.3536540E-02  -9.3598932E-02  -1.4911671E+00
   5.7737327E-01   3.0551618E-02  -4.5117462E-01  -1.4916618E+00
   5.8047652E-01  -9.0333596E-03  -4.7948411E-01  -1.4990089E+00
   5.8398712E-01   3.0084081E-02  -5.7702553E-01  -1.4964229E+00
   5.8702183E-01   2.8756233E-02  -8.1590509E-01  -1.5043616E+00
   5.9097183E-01   1.4066513E-02  -1.0381733E+00  -1.5107791E+00
   5.9402663E-01   1.7304689E-02  -1.1150802E+00  -1.5090066E+00
   5.9757167E-01   1.2222371E-02  -1.2889147E+00  -1.5048004E+00
   6.0108066E-01   1.6561513E-03  -1.5163136E+00  -1.5044289E+00
   6.0415435E-01   1.4246178E-02  -1.6763042E+00  -1.5031440E+00
   6.0750610E-01   1.1571468E-02  -1.7515613E+00  -1.4956117E+00
   6.1141610E-01   2.0762956E-02  -1.9326020E+00  -1.4928390E+00
   6.1442709E-01   1.7482410E-03  -2.1385026E+00  -1.4792427E+00
   6.1771625E-01  -1.2067531E-03  -2.2696571E+00  -1.4682283E+00
   6.2148505E-01  -1.2667430E-02  -2.3771899E+00  -1.4543575E+00
   6.2435770E-01   1.8933881E-02  -2.5295956E+00  -1.4557846E+00
   6.2784046E-01  -5.9019495E-03  -2.7506919E+00  -1.4326639E+00
   6.3139045E-01  -8.8053232E-04  -2.8470168E+00  -1.4180121E+00
   6.3501251E-01  -3.6970139E-03  -3.0052397E+00  -1.3907604E+00
   6.3810831E-01  -2.3211977E-02  -3.0685017E+00  -1.3949645E+00
   6.4125967E-01  -3.9287684E-03  -3.2107122E+00  -1.3647268E+00
   6.4483994E-01  -6.0087671E-03  -3.4330432E+00  -1.3530992E+00
   6.4847428E-01  -4.2255823E-02  -3.4908805E+00  -1.3397439E+00
   6.5152735E-01  -6.2852427E-02  -3.5760360E+00  -1.3186340E+00
   6.5482545E-01  -5.8246616E-02  -3.7770612E+00  -1.3103876E+00
   6.5839034E-01   9.5076598E-03  -3.9263716E+00  -1.3185558E+00
   6.6163802E-01   1.8705117E-02  -3.9831624E+00  -1.2723231E+00
   6.6481382E-01   1.2836024E-02  -4.0720415E+00  -1.2562274E+00
   6.6855735E-01  -2.5729904E-02  -4.2305741E+00  -1.2158815E+00
   6.7198586E-01  -2.8883843E-02  -4.3390403E+00  -1.2166091E+00
   6.7534399E-01  -8.2722921E-03  -4.4317961E+00  -1.1814846E+00
   6.7858183E-01   1.0557175E-02  -4.5367975E+00  -1.1732064E+00
   6.8172914E-01  -4.5564461E-02  -4.6105185E+00  -1.1434901E+00
   6.8529546E-01   3.0309346E-02  -4.7514467E+00  -1.1523378E+00
   6.8902761E-01   3.9178180E-03  -4.8797779E+00  -1.1343335E+00
   6.9208187E-01   2.8112361E-02  -4.9038835E+00  -1.1125396E+00
   6.9518316E-01   3.5963189E-02  -5.0075402E+00  -1.0940762E+00
   6.9858086E-01   3.2246009E-02  -5.1277466E+00  -1.0960854E+00
   7.0210642E-01  -5.0727725E-03  -5.1877170E+00  -1.0731757E+00
   7.0596087E-01   2.4067547E-02  -5.2928047E+00  -1.0458424E+00
   7.0928180E-01   3.1406630E-02  -5.3620768E+00  -1.0347749E+00
   7.1206099E-01   1.3002599E-02  -5.3835950E+00  -1.0182332E+00
   7.1599746E-01   1.4484768E-02  -5.5550470E+00  -1.0064529E+00
   7.1909857E-01   4.9106400E-02  -5.5495620E+00  -1.0095568E+00
   7.2214162E-01   3.5432208E-02  -5.5548620E+00  -9.8596376E-01
   7.2613639E-01   1.6171746E-02  -5.7684212E+00  -9.6834213E-01
   7.2902769E-01   3.4922820E-02  -5.8295770E+00  -9.6305889E-01
   7.3282272E-01   3.5289347E-02  -5.8240323E+00  -9.3856829E-01
   7.3577905E-01   1.3214779E-02  -5.8692474E+00  -9.2551064E-01
   7.3926795E-01   7.2848955E-03  -5.9483304E+00  -9.1523278E-01
   7.4280035E-01   8.9508360E-03  -6.0731101E+00  -8.9092606E-01
   7.4646109E-01   3.5759360E-02  -6.1116247E+00  -8.7576932E-01
   7.4944001E-01   2.1349495E-02  -6.1293111E+00  -8.5144317E-01
   7.5305825E-01   2.8132260E-02  -6.1973515E+00  -8.5117149E-01
   7.5598091E-01   2.0278042E-02  -6.2759709E+00  -8.2363927E-01
   7.5953358E-01  -3.2535460E-02  -6.3501477E+00  -8.0554837E-01
   7.6291025E-01   1.0320937E-02  -6.3697815E+00  -7.8544152E-01
   7.6645112E-01   2.6863076E-02  -6.4256945E+00  -7.7311653E-01
   7.6943797E-01  -5.7011578E-02  -6.4531331E+00  -7.4859113E-01
   7.7280319E-01   1.1319716E-02  -6.5329313E+00  -7.5004494E-01
   7.7619016E-01  -2.5307503E-02  -6.5438685E+00  -7.2244090E-01
   7.7948028E-01   2.2124456E-02  -6.5927839E+00  -7.1516275E-01
   7.8336781E-01   8.3426675E-03  -6.6531286E+00  -7.0711190E-01
   7.8647536E-01  -4.8493007E-03  -6.6959076E+00  -6.9307363E-01
   7.9013574E-01   9.3604522E-03  -6.7429190E+00  -6.7186129E-01
   7.9335809E-01   2.2766169E-02  -6.7691684E+00  -6.5012336E-01
   7.9662722E-01   1.0568903E-02  -6.8118219E+00  -6.4694852E-01
   7.9986656E-01  -1.8280661E-03  -6.8565183E+00  -6.3999778E-01
   8.0346817E-01  -5.1223580E-02  -6.9413838E+00  -6.3688576E-01
   8.0687672E-01  -5.4084104E-02  -6.9015861E+00  -6.2033820E-01
   8.1016707E-01   3.0259168E-02  -6.9626408E+00  -6.0088223E-01
   8.1337243E-01  -1.4606727E-02  -6.9569507E+00  -5.8521968E-01
   8.1704628E-01  -2.4361671E-03  -6.9956789E+00  -5.7308912E-01
   8.2016599E-01   3.1431288E-02  -7.0413065E+00  -5.6545109E-01
   8.2391566E-01   9.5485728E-03  -7.0709467E+00  -5.5299050E-01
   8.2681477E-01  -5.8839759E-03  -7.0957322E+00  -5.3787071E-01
   8.3007187E-01   2.0858962E-02  -7.0520673E+00  -5.2919042E-01
   8.3378959E-01  -9.4790198E-03  -7.1398435E+00  -5.1908690E-01
   8.3746403E-01  -8.3221896E-03  -7.1376309E+00  -5.0988203E-01
   8.4017861E-01  -2.7915969E-02  -7.1692033E+00  -5.1533151E-01
   8.4374589E-01   3.1218200E-03  -7.1994367E+00  -5.0263911E-01
   8.4725654E-01   3.4960485E-03  -7.2036557E+00  -4.7533292E-01
   8.5071349E-01   1.8604537E-02  -7.2113867E+00  -4.6993288E-01
   8.5411954E-01  -5.8739390E-02  -7.2516842E+00  -4.6454933E-01
   8.5747713E-01   1.9993607E-02  -7.2612462E+00  -4.5848799E-01
   8.6078864E-01  -5.6843879E-03  -7.2513471E+00  -4.5258188E-01
   8.6454475E-01  -2.3624662E-03  -7.2877731E+00  -4.3479258E-01
   8.6727971E-01   1.1903332E-02  -7.3015203E+00  -4.2500892E-01
   8.7144876E-01  -6.2173409E-03  -7.3048716E+00  -4.1732052E-01
   8.7458342E-01  -2.9053697E-03  -7.3201499E+00  -4.0804604E-01
   8.7740386E-01  -3.3077653E-02  -7.3199034E+00  -3.9557230E-01
   8.8084787E-01  -2.0481929E-02  -7.3139639E+00  -3.8751909E-01
   8.8492346E-01   2.4862090E-02  -7.3310580E+00  -3.7899023E-01
   8.8809168E-01  -3.4045994E-02  -7.3384829E+00  -3.6672390E-01
   8.9137185E-01  -1.8115178E-02  -7.3595738E+00  -3.5743541E-01
   8.9454544E-01   6.4818403E-03  -7.3362722E+00  -3.5286894E-01
   8.9780253E-01  -1.0285620E-02  -7.3356910E+00  -3.4925103E-01
   9.0115094E-01   8.4583939E-04  -7.3834448E+00  -3.3053410E-01
   9.0462452E-01  -1.6487619E-02  -7.3231764E+00  -3.3299217E-01
   9.0790790E-01  -2.0293457E-02  -7.3357539E+00  -3.2515460E-01
   9.1115403E-01  -1.4805752E-02  -7.3440819E+00  -3.0686054E-01
   9.1499096E-01  -1.7253563E-02  -7.3232923E+00  -3.0785540E-01
   9.1810429E-01  -2.8617773E-02  -7.3270006E+00  -2.9537874E-01
   9.2202264E-01  -2.8751196E-02  -7.3183823E+00  -2.9543576E-01
   9.2460096E-01  -7.9882974E-03  -7.3261008E+00  -2.9196528E-01
   9.2835325E-01  -1.8626031E-02  -7.2886324E+00  -2.8005981E-01
   9.3201637E-01   4.9821693E-03  -7.3190112E+00  -2.6489246E-01
   9.3490028E-01  -2.6545966E-02  -7.3118534E+00  -2.5520670E-01
   9.3864381E-01  -2.2383362E-02  -7.2384973E+00  -2.4492159E-01
   9.4172221E-01  -3.2595473E-03  -7.3056450E+00  -2.3612937E-01
   9.4508100E-01   2.0303726E-02  -7.2695460E+00  -2.2682318E-01
   9.4864047E-01   1.3738585E-02  -7.2326884E+00  -2.2387037E-01
   9.5207167E-01  -2.2212446E-02  -7.2018199E+00  -2.1298374E-01
   9.5546228E-01   3.7341155E-02  -7.2338052E+00  -1.8834457E-01
   9.5858103E-01   1.1873694E-02  -7.1666665E+00  -1.8790832E-01
   9.6220112E-01  -3.7094377E-02  -7.1653161E+00  -1.8730049E-01
   9.6582913E-01   3.0028129E-02  -7.1306224E+00  -1.7771807E-01
   9.6938789E-01   3.4988840E-04  -7.1321883E+00  -1.7176189E-01
   9.7247547E-01  -8.1797875E-03  -7.1218472E+00  -1.6625758E-01
   9.7547358E-01   3.1555284E-02  -7.0640974E+00  -1.6111732E-01
   9.7853094E-01   1.3894844E-02  -7.0456295E+00  -1.6725236E-01
   9.8276508E-01   5.2188695E-03  -7.0550389E+00  -1.5054561E-01
   9.8594576E-01   7.9576056E-03  -7.0124779E+00  -1.4719513E-01
   9.8913145E-01   5.8536069E-03  -7.0021629E+00  -1.4364435E-01
   9.9232221E-01   1.0693358E-02  -6.9442348E+00  -1.4143933E-01
   9.9551857E-01  -7.4561033E-03  -6.9351954E+00  -1.3873474E-01
   9.9979019E-01   1.8751089E-02  -6.9047627E+00  -1.3130417E-01
   1.0030022E+00   1.3223539E-02  -6.8927679E+00  -1.2530974E-01
   1.0058542E+00  -3.5200459E-03  -6.6868148E+00  -1.1941528E-01
   1.0095880E+00   2.4398953E-02  -6.8528256E+00  -1.2467138E-01
   1.0125194E+00   6.1261561E-03  -6.8708129E+00  -1.1304355E-01
   1.0157032E+00   1.2920492E-02  -6.7744546E+00  -1.1485423E-01
   1.0200558E+00   3.4702432E-03  -6.6696215E+00  -1.0175229E-01
   1.0233315E+00   1.1573194E-03  -6.6795511E+00  -1.0586394E-01
   1.0266173E+00   9.6875150E-03  -6.6639700E+00  -1.0601174E-01
   1.0299129E+00   1.8093733E-02  -6.5987391E+00  -1.0854210E-01
   1.0331893E+00   7.2009210E-04  -6.5429811E+00  -9.7602159E-02
   1.0365092E+00  -1.0387253E-02  -6.5273409E+00  -9.5756754E-02
   1.0396293E+00  -1.1132738E-02  -6.4916415E+00  -9.0495296E-02
   1.0432885E+00  -9.4450917E-03  -6.4357376E+00  -8.6610220E-02
   1.0465251E+00  -7.8849858E-05  -6.4062858E+00  -8.6659878E-02
   1.0498056E+00  -1.0521654E-02  -6.3442616E+00  -8.0338962E-02
   1.0530194E+00  -1.3572877E-02  -6.2972755E+00  -7.7835634E-02
   1.0562267E+00  -1.1376123E-02  -6.2812519E+00  -7.5494781E-02
   1.0595464E+00  -8.9958888E-03  -6.2197566E+00  -6.9182269E-02
   1.0637499E+00  -1.2713553E-02  -6.1458745E+00  -6.5267958E-02
   1.0672699E+00  -4.9905246E-03  -6.0798769E+00  -6.5508790E-02
   1.0701618E+00  -1.9869072E-02  -6.0628858E+00  -6.0151901E-02
   1.0733775E+00   7.0828467E-04  -6.0079050E+00  -5.5783186E-02
   1.0766102E+00  -1.0477004E-02  -5.9302740E+00  -5.3520352E-02
   1.0798297E+00  -1.2270072E-02  -5.9240179E+00  -5.3877730E-02
   1.0841030E+00  -3.2386854E-03  -5.8383336E+00  -4.6095055E-02
   1.0872172E+00  -2.4561491E-03  -5.8067765E+00  -4.6385914E-02
   1.0902666E+00  -9.6798157E-03  -5.6369100E+00  -4.1660897E-02
   1.0934210E+00  -4.2466940E-03  -5.6725440E+00  -3.8352747E-02
   1.0976559E+00  -3.5030474E-03  -5.7324147E+00  -3.2944944E-02
   1.1007907E+00  -3.4026850E-03  -5.5224910E+00  -2.9008741E-02
   1.1038523E+00  -4.4046487E-03  -5.5603070E+00  -2.9134164E-02
   1.1070179E+00  -2.9244774E-03  -5.4647961E+00  -2.3578571E-02
   1.1112076E+00  -3.0543550E-05  -5.4078646E+00  -2.2740152E-02
   1.1143032E+00  -1.5050308E-02  -5.3643651E+00  -2.3259511E-02
   1.1173611E+00   2.1251100E-03  -5.2640877E+00  -1.2171907E-02
   1.1203830E+00  -1.1766250E-02  -5.2361703E+00  -1.6736411E-02
   1.1243595E+00   2.9044447E-03  -5.1729298E+00  -8.2770875E-03
   1.1273043E+00  -4.5649425E-04  -5.1038065E+00  -7.8797089E-03
   1.1311835E+00   1.0076353E-03  -5.0294957E+00  -6.8971356E-05
   1.1340593E+00   4.3972563E-03  -5.0149536E+00  -2.5168215E-03
   1.1378511E+00   5.9162774E-03  -4.9000793E+00  -3.6761761E-04
   1.1406646E+00   9.3876207E-03  -4.8849263E+00   3.2035850E-03
   1.1443775E+00   1.0191504E-02  -4.8451438E+00   5.0159842E-03
   1.1480485E+00   1.3255368E-02  -4.7671456E+00   8.6449906E-03
   1.1507757E+00   1.1883864E-02  -4.6814089E+00   8.9223320E-03
   1.1543785E+00   1.3507077E-02  -4.6180220E+00   9.7070010E-03
   1.1579453E+00   1.1922383E-02  -4.5910091E+00   1.2605488E-02
   1.1614776E+00   1.6012406E-02  -4.5072379E+00   1.4603096E-02
   1.1649770E+00   1.9217646E-02  -4.4723072E+00   1.4036071E-02
   1.1684358E+00   2.1013401E-02  -4.3479800E+00   1.7252808E-02
   1.1718323E+00   1.9290948E-02  -4.3175726E+00   1.8577345E-02
   1.1751684E+00   1.9531732E-02  -4.3073397E+00   1.9733898E-02
   1.1784474E+00   1.6380779E-02  -4.2543359E+00   1.9497365E-02
   1.1816720E+00   2.4749892E-02  -4.1459227E+00   2.2076501E-02
   1.1848450E+00   2.0891653E-02  -4.0779586E+00   2.2020856E-02
   1.1879689E+00   1.9891774E-02  -4.0327072E+00   2.4065668E-02
   1.1918081E+00   1.7603438E-02  -3.9964674E+00   2.4263598E-02
   1.1948295E+00   2.1366091E-02  -3.9555962E+00   2.5269322E-02
   1.1985470E+00   1.9867280E-02  -3.8374567E+00   2.6106501E-02
   1.2022017E+00   1.6975695E-02  -3.7880158E+00   2.7280945E-02
   1.2050825E+00   1.2348157E-02  -3.7602606E+00   2.6853858E-02
   1.2086323E+00   1.6556649E-02  -3.7001214E+00   2.8740436E-02
   1.2121276E+00   1.8333783E-02  -3.5949316E+00   3.0111469E-02
   1.2155709E+00   1.3104815E-02  -3.5566850E+00   3.1700458E-02
   1.2189647E+00   9.5472280E-03  -3.5117598E+00   3.2164317E-02
   1.2223110E+00   1.5235513E-02  -3.4549201E+00   3.4790166E-02
   1.2256119E+00   1.2582758E-02  -3.3742981E+00   3.2853015E-02
   1.2288692E+00   1.2885473E-02  -3.3279703E+00   3.5305649E-02
   1.2320846E+00   1.4562714E-02  -3.2693725E+00   3.7610114E-02
   1.2358904E+00   6.7233839E-03  -3.2163227E+00   3.4121066E-02
   1.2390194E+00   2.3104379E-02  -3.1419861E+00   3.6597561E-02
   1.2421116E+00   1.4061302E-02  -3.0746689E+00   3.9925590E-02
   1.2457752E+00   1.6799297E-02  -3.0205116E+00   3.9398517E-02
   1.2493899E+00   1.4648151E-02  -2.9897199E+00   4.1295517E-02
   1.2523659E+00   1.3804193E-02  -2.9224315E+00   4.2782027E-02
   1.2558955E+00   1.3113186E-02  -2.8446240E+00   4.3007057E-02
   1.2593814E+00   8.1300475E-03  -2.7551870E+00   4.3535307E-02
   1.2628253E+00  -4.0264432E-03  -2.7293739E+00   4.6811931E-02
   1.2662286E+00   1.1945379E-02  -2.6739290E+00   4.6469972E-02
   1.2695928E+00   1.6776193E-02  -2.6029613E+00   4.7387645E-02
   1.2729193E+00   5.4485356E-03  -2.5085030E+00   4.6502333E-02
   1.2762095E+00   8.0915252E-03  -2.4878147E+00   4.6774711E-02
   1.2794645E+00   9.5836110E-03  -2.4162443E+00   4.7490560E-02
   1.2826855E+00   9.8833144E-03  -2.3601692E+00   4.6672285E-02
   1.2864019E+00   3.9055722E-03  -2.3250225E+00   4.6608537E-02
   1.2895530E+00   1.8265296E-02  -2.1686444E+00   4.8850842E-02
   1.2931907E+00   4.0151915E-03  -2.1371520E+00   4.9397413E-02
   1.2962766E+00   5.6546596E-03  -2.1686144E+00   4.9903668E-02
   1.2998405E+00   1.4388311E-02  -2.1241298E+00   4.8836045E-02
   1.3033665E+00   9.4833849E-03  -1.8872129E+00   5.1305797E-02
   1.3063599E+00   1.1627974E-02  -1.8678004E+00   5.1398765E-02
   1.3098191E+00   4.6015624E-03  -1.9170241E+00   5.1722407E-02
   1.3132441E+00   1.9493289E-02  -1.8649462E+00   5.2246302E-02
   1.3166357E+00   7.0438278E-03  -1.7104183E+00   5.1188558E-02
   1.3199950E+00   1.0538981E-02  -1.6201528E+00   5.3553671E-02
   1.3233231E+00  -7.3187659E-04  -1.6259365E+00   5.6634206E-02
   1.3266207E+00   6.5999147E-03  -1.5580710E+00   5.1919833E-02
   1.3303534E+00   1.3574414E-02  -1.4542019E+00   5.2190144E-02
   1.3335888E+00   1.1763738E-02  -1.3846465E+00   5.2374642E-02
   1.3367965E+00   8.5861161E-03  -1.3873907E+00   5.3121988E-02
   1.3404294E+00   1.6653562E-02  -1.2384223E+00   5.2240856E-02
   1.3435801E+00   1.1862176E-02  -1.2009587E+00   5.4111812E-02
   1.3471497E+00   1.4793504E-02  -1.1850157E+00   5.2878994E-02
   1.3502467E+00   1.0785682E-02  -1.1071609E+00   5.1832780E-02
   1.3537564E+00   2.5254609E-02  -1.0186659E+00   5.1073302E-02
   1.3572357E+00   8.4477151E-03  -9.0285140E-01   5.2333146E-02
   1.3606851E+00   1.9538168E-02  -9.1797870E-01   5.1971201E-02
   1.3641057E+00   1.8925158E-02  -8.2619405E-01   5.1071078E-02
   1.3670754E+00   1.0930065E-02  -7.4381638E-01   5.0924320E-02
   1.3708630E+00   2.5650045E-02  -6.6311890E-01   4.9837396E-02
   1.3742013E+00   1.9714599E-02  -6.9226778E-01   6.7401260E-02
   1.3775135E+00   5.2840747E-03  -5.0367028E-01   4.8607986E-02
   1.3808005E+00   2.1324664E-02  -4.6387157E-01   5.1119104E-02
   1.3840628E+00   2.2888655E-02  -4.0044984E-01   5.1677950E-02
   1.3877039E+00   1.5418883E-02  -3.7920865E-01   4.9974658E-02
   1.3909155E+00   1.9533381E-02  -2.6164636E-01   5.1618002E-02
   1.3941044E+00   2.6994076E-02  -1.6840871E-01   5.1590089E-02
   1.3976649E+00   2.7271692E-02  -1.8275885E-01   4.9505908E-02
   1.4011979E+00   2.1567324E-02  -4.2770911E-02   4.9092583E-02
   1.4043158E+00   1.1056724E-02   6.0003918E-02   4.9120490E-02
   1.4077986E+00   2.3350108E-02   7.3041685E-02   5.0583649E-02
   1.4112557E+00   1.2397360E-02   1.7558494E-01   4.8695095E-02
   1.4146879E+00   3.0398024E-02   2.5369889E-01   4.6367027E-02
   1.4180955E+00   2.2125956E-02   3.0536276E-01   5.2221034E-02
   1.4214793E+00   2.7776772E-02   3.9895767E-01   4.3795820E-02
   1.4248399E+00   1.9739622E-02   5.0382435E-01   4.6785817E-02
   1.4281776E+00   2.5959864E-02   5.0010294E-01   4.6972893E-02
   1.4314930E+00   2.2278462E-02   6.0532182E-01   4.6486471E-02
   1.4347867E+00   1.4577284E-02   7.0843881E-01   4.7279485E-02
   1.4380591E+00   2.1355551E-02   7.3546755E-01   4.3411713E-02
   1.4416708E+00   1.1890365E-02   8.4238052E-01   4.2466328E-02
   1.4448997E+00   1.8627824E-02   9.0528095E-01   4.0198628E-02
   1.4484640E+00   5.3168563E-03   9.7018147E-01   3.8801458E-02
   1.4516515E+00   3.0349484E-02   1.0737103E+00   4.4509154E-02
   1.4551706E+00   1.5102449E-02   1.1486652E+00   4.3075383E-02
   1.4583182E+00   2.0849970E-03   1.1948898E+00   3.9913084E-02
   1.4617941E+00   1.9562112E-02   1.2938075E+00   4.1008126E-02
   1.4652480E+00   1.1708706E-02   1.3698243E+00   3.8379896E-02
   1.4686803E+00   8.5328724E-03   1.4335225E+00   3.8326804E-02
   1.4720913E+00   1.4948101E-02   1.5451944E+00   4.4123545E-02
   1.4751437E+00   6.4956758E-04   1.5901237E+00   3.8897403E-02
   1.4788520E+00   1.6905354E-02   1.6880410E+00   4.1877959E-02
   1.4822023E+00   1.2605025E-02   1.7581490E+00   3.8139377E-02
   1.4855332E+00   3.0161349E-02   1.8579143E+00   3.7382446E-02
   1.4888450E+00  -3.9266591E-04   1.9130114E+00   3.5112590E-02
   1.4921381E+00   1.6887216E-02   1.9995409E+00   3.5973575E-02
   1.4954129E+00   6.4849220E-03   2.0810499E+00   3.6413476E-02
   1.4989945E+00   6.2853661E-03   2.1404717E+00   3.1782962E-02
   1.5022318E+00   1.7020211E-02   2.2325952E+00   3.2926731E-02
   1.5057731E+00   1.3771473E-02   2.3015819E+00   3.1608004E-02
   1.5089746E+00   2.0930136E-02   2.3734150E+00   2.7606966E-02
   1.5124770E+00   2.3612112E-03   2.4990430E+00   2.2163149E-02
   1.5159599E+00   1.9584235E-03   2.5448518E+00   2.5451040E-02
   1.5191092E+00  -1.6849957E-02   2.7640316E+00   2.6364807E-02
   1.5225555E+00   5.5361092E-03   2.6103554E+00   2.4095865E-02
   1.5259830E+00   7.5134165E-03   2.8523672E+00   2.1538522E-02
   1.5293924E+00   1.2942533E-02   2.8250642E+00   2.0219149E-02
   1.5327837E+00   2.6209687E-03   2.9609630E+00   1.7503712E-02
   1.5361575E+00   1.0893056E-03   3.0054665E+00   1.6796507E-02
   1.5395141E+00   3.4577779E-03   3.0717833E+00   1.5224824E-02
   1.5428536E+00   9.7813252E-03   3.2082734E+00   1.1483846E-02
   1.5461766E+00  -7.2807459E-05   3.2258601E+00   1.2648989E-02
   1.5494831E+00  -1.0651859E-02   3.3472116E+00   1.1596859E-02
   1.5530719E+00  -5.0593112E-03   3.4133129E+00   8.8246940E-03
   1.5563451E+00   4.1132667E-03   3.4824321E+00   6.9043757E-03
   1.5596027E+00   2.4219563E-03   3.5581651E+00   2.9587248E-04
   1.5631393E+00  -2.3475623E-02   3.6421125E+00   4.7060517E-03
   1.5663655E+00  -2.6886915E-03   3.7086422E+00   4.6555353E-03
   1.5698681E+00  -6.4303135E-03   3.8193913E+00   6.4294880E-05
   1.5733535E+00   6.1704833E-03   3.8673415E+00   1.0525911E-03
   1.5765337E+00   1.0535693E-02   3.9644389E+00  -2.8679848E-03
   1.5799869E+00   6.8108491E-03   4.0177712E+00  -5.7594297E-03
   1.5834240E+00   5.9746597E-03   4.1245127E+00  -7.7873645E-03
   1.5868448E+00   8.9683849E-03   4.1737661E+00  -9.9155726E-03
   1.5899668E+00  -9.2023881E-03   4.2614217E+00  -1.0025847E-02
   1.5933577E+00   6.1930493E-03   4.3479114E+00  -1.8440489E-02
   1.5967332E+00   4.7692217E-04   4.4099016E+00  -1.4311800E-02
   1.6000938E+00  -5.7259743E-04   4.4879775E+00  -1.2305238E-02
   1.6037177E+00   6.2676653E-04   4.5601106E+00  -1.7405167E-02
   1.6070477E+00   2.2540173E-02   4.6362414E+00  -2.5558887E-02
   1.6103635E+00  -5.8830380E-03   4.7210979E+00  -2.4245799E-02
   1.6136651E+00   9.1859529E-04   4.8008981E+00  -2.7067171E-02
   1.6172262E+00   1.8043047E-02   4.9125733E+00  -2.7114356E-02
   1.6204993E+00   2.1882163E-02   4.9439831E+00  -2.4770778E-02
   1.6237588E+00   2.6374191E-02   5.0568533E+00  -2.4744900E-02
   1.6272752E+00   8.9490339E-03   5.1156406E+00  -2.2307336E-02
   1.6305075E+00   1.9177699E-02   5.1949253E+00  -3.1620182E-02
   1.6339948E+00   1.2160410E-02   5.2860365E+00  -3.8448248E-02
   1.6374673E+00   9.1158692E-03   5.3666968E+00  -2.1816066E-02
   1.6406597E+00   2.0378064E-02   5.4394617E+00  -3.1478219E-02
   1.6441044E+00   1.5849560E-02   5.5305343E+00  -3.6813360E-02
   1.6475350E+00   1.2440574E-02   5.6086721E+00  -4.5034550E-02
   1.6509517E+00  -2.1558126E-02   5.6864519E+00  -5.2546293E-02
   1.6543548E+00   1.9975577E-02   5.7638092E+00  -4.2237826E-02
   1.6577443E+00   1.8531386E-02   5.8495517E+00  -4.3096773E-02
   1.6611207E+00  -8.2070697E-03   5.9297395E+00  -3.6924921E-02
   1.6644839E+00   1.1049803E-02   6.0247355E+00  -4.6838015E-02
   1.6678343E+00   4.1428901E-02   6.1350899E+00  -4.1580092E-02
   1.6711719E+00   2.1818047E-02   6.1889043E+00  -3.6336876E-02
   1.6744971E+00   3.2365296E-02   6.2730455E+00  -4.7965456E-02
   1.6778100E+00   1.1359115E-02   6.3320551E+00  -5.6344606E-02
   1.6813641E+00   4.3147304E-03   6.4659057E+00  -4.3243628E-02
   1.6846519E+00   2.2554975E-02   6.5307875E+00  -4.3094877E-02
   1.6879278E+00   1.7743794E-02   6.5822382E+00  -4.1075252E-02
   1.6914430E+00   1.7564628E-02   6.6797361E+00  -2.9540131E-02
   1.6946950E+00   2.0819891E-02   6.7361155E+00  -2.7274391E-02
   1.6981846E+00   1.2090759E-02   6.8094025E+00  -2.9629763E-02
   1.7014134E+00   1.2553185E-02   6.9240746E+00  -1.2716044E-02
   1.7048782E+00   1.9727651E-02   6.9752464E+00  -1.0266876E-02
   1.7083305E+00   1.4167138E-02   7.0466695E+00  -1.8125538E-02
   1.7115251E+00   1.0648741E-02   7.1232948E+00   1.5705315E-02
   1.7149537E+00   1.0204172E-02   7.2054653E+00  -9.6303532E-03
   1.7183703E+00   7.4887103E-03   7.2983537E+00   9.6702753E-03
   1.7217749E+00   3.8503136E-03   7.3507566E+00  -2.9026859E-03
   1.7251679E+00   2.4897268E-03   7.4461727E+00   2.8783227E-03
   1.7285494E+00   8.2001137E-03   7.5060682E+00  -1.0541492E-03
   1.7319194E+00   2.1098206E-02   7.5923715E+00   4.6583437E-04
   1.7352781E+00   1.6157299E-02   7.6924801E+00   1.2358840E-03
   1.7386259E+00   7.4060480E-03   7.7669816E+00  -3.0197031E-03
   1.7419627E+00   7.3533212E-03   7.8605123E+00   6.2501938E-03
   1.7452886E+00   9.8746680E-03   7.9197431E+00   3.5545419E-03
   1.7488403E+00   1.1730141E-02   8.0399151E+00   5.4891887E-03
   1.7521445E+00   4.6498712E-02   8.1200457E+00  -1.2629158E-02
   1.7554381E+00  -3.9499719E-03   8.1599617E+00   8.5304193E-03
   1.7589557E+00   1.0202569E-02   8.2401209E+00   1.4834692E-03
   1.7622284E+00   9.5603215E-03   8.3234434E+00   2.7160908E-03
   1.7657237E+00  -1.7580878E-03   8.4041157E+00   1.8729876E-03
   1.7689759E+00   1.9540247E-02   8.4830074E+00  -7.5613228E-03
   1.7724495E+00   1.0600048E-03   8.5516548E+00  -4.5829746E-03
   1.7756816E+00  -2.2152886E-03   8.6332569E+00  -1.5942562E-02
   1.7791342E+00   1.2959474E-02   8.7051039E+00  -1.5768398E-02
   1.7825758E+00   2.0533442E-02   8.7781582E+00  -1.7374324E-02
   1.7860070E+00   1.8394712E-02   8.8550978E+00  -4.2379857E-03
   1.7892001E+00   1.8019369E-02   8.9390965E+00  -1.9591114E-02
   1.7926111E+00   2.5554374E-02   9.0053082E+00  -3.3614464E-02
   1.7960119E+00   2.7932433E-02   9.0813370E+00  -3.8400590E-02
   1.7994026E+00   1.9870177E-02   9.1686449E+00  -4.2099826E-02
   1.8027834E+00   2.1147119E-02   9.2305136E+00  -4.3983862E-02
   1.8061543E+00   1.9192958E-02   9.3244524E+00  -5.0408494E-02
   1.8095155E+00   3.5027035E-02   9.3570290E+00  -5.1054679E-02
   1.8128670E+00   3.8744505E-02   9.4475451E+00  -5.6006201E-02
   1.8162092E+00   3.2984834E-02   9.5112190E+00  -5.8985326E-02
   1.8197638E+00   3.5889793E-02   9.5991554E+00  -6.2241707E-02
   1.8230866E+00   3.4166347E-02   9.6612167E+00  -7.1752071E-02
   1.8264004E+00   4.5087270E-02   9.7192440E+00  -7.8848355E-02
   1.8297050E+00   4.0792428E-02   9.8001375E+00  -8.6879432E-02
   1.8332202E+00   6.5788217E-02   9.8971834E+00  -9.3037501E-02
   1.8365066E+00   5.7006802E-02   9.9461079E+00  -9.6078157E-02
   1.8400024E+00   6.1378427E-02   1.0018445E+01  -9.6555114E-02
   1.8432709E+00   4.4000193E-02   1.0086504E+01  -9.2555948E-02
   1.8467480E+00   5.8869265E-02   1.0158111E+01  -8.8534728E-02
   1.8499990E+00   4.4622142E-02   1.0238567E+01  -9.7364247E-02
   1.8534576E+00   7.2319202E-02   1.0340165E+01  -1.0841174E-01
   1.8569068E+00   8.3113432E-02   1.0362917E+01  -1.0524037E-01
   1.8601321E+00   9.1911890E-02   1.0431682E+01  -1.0977210E-01
   1.8635635E+00   8.8721953E-02   1.0494689E+01  -1.1807005E-01
   1.8669860E+00   7.9737067E-02   1.0572162E+01  -1.2663199E-01
   1.8703996E+00   6.8585314E-02   1.0611861E+01  -1.3018355E-01
   1.8735918E+00   1.0151797E-01   1.0662210E+01  -1.3850418E-01
   1.8769884E+00   7.2632112E-02   1.0741866E+01  -1.3891308E-01
   1.8803763E+00   6.9521576E-02   1.0836777E+01  -8.5046798E-02
   1.8837558E+00   8.2213871E-02   1.0871390E+01  -1.3833500E-01
   1.8871268E+00   9.2668205E-02   1.0932729E+01  -1.2928736E-01
   1.8904896E+00   8.4009513E-02   1.0974104E+01  -1.1822180E-01
   1.8938440E+00   8.5975565E-02   1.1025184E+01  -1.3611604E-01
   1.8973993E+00   8.3735608E-02   1.1084537E+01  -1.3374068E-01
   1.9007372E+00   7.6880485E-02   1.1151895E+01  -1.4014585E-01
   1.9040669E+00   8.1397936E-02   1.1181855E+01  -1.4427499E-01
   1.9073889E+00   9.5680922E-02   1.1240836E+01  -1.5233772E-01
   1.9109100E+00   9.1280140E-02   1.1271262E+01  -1.4525925E-01
   1.9142162E+00   8.8432916E-02   1.1318233E+01  -1.5131056E-01
   1.9175146E+00   8.9847006E-02   1.1348665E+01  -1.1470626E-01
   1.9210109E+00   1.0079761E-01   1.1418013E+01  -1.5213378E-01
   1.9242939E+00   1.0859700E-01   1.1461934E+01  -1.6251446E-01
   1.9277741E+00   1.0185942E-01   1.1516849E+01  -1.7582034E-01
   1.9310420E+00   8.1246637E-02   1.1535243E+01  -1.6940176E-01
   1.9345062E+00   9.3002975E-02   1.1532551E+01  -1.5932073E-01
   1.9377593E+00   1.0762896E-01   1.1600868E+01  -1.8664074E-01
   1.9412080E+00   9.1593713E-02   1.1646682E+01  -1.9609347E-01
   1.9446489E+00   9.7671852E-02   1.1645229E+01  -2.0829687E-01
   1.9478803E+00   1.1042184E-01   1.1697555E+01  -2.1731414E-01
   1.9513061E+00   1.4772387E-01   1.1728354E+01  -2.2623166E-01
   1.9547243E+00   9.2726536E-02   1.1774624E+01  -2.3606783E-01
   1.9581350E+00   1.2325425E-01   1.1803038E+01  -2.4952663E-01
   1.9615382E+00   1.4026622E-01   1.1820775E+01  -2.4129672E-01
   1.9647344E+00   1.1368829E-01   1.1844114E+01  -2.9427087E-01
   1.9681233E+00   1.3724451E-01   1.1843486E+01  -2.9017130E-01
   1.9715050E+00   1.2831807E-01   1.1863792E+01  -2.5418061E-01
   1.9748796E+00   1.3088565E-01   1.1886502E+01  -2.9343459E-01
   1.9782470E+00   1.5153818E-01   1.1861064E+01  -3.1834349E-01
   1.9818050E+00   1.6444352E-01   1.1888512E+01  -3.3075953E-01
   1.9851581E+00   1.5304491E-01   1.1890914E+01  -3.4997535E-01
   1.9885044E+00   1.4368181E-01   1.1857866E+01  -3.6394858E-01
   1.9918438E+00   1.3296355E-01   1.1890490E+01  -3.7349257E-01
   1.9951766E+00   1.4184497E-01   1.1863862E+01  -3.8994393E-01
   1.9985026E+00   1.1908231E-01   1.1861775E+01  -3.7808362E-01
   2.0020173E+00   1.2971638E-01   1.1861640E+01  -4.1188222E-01
   2.0053298E+00   1.0341886E-01   1.1808595E+01  -4.2541158E-01
   2.0086360E+00   1.1830432E-01   1.1826362E+01  -4.4454822E-01
   2.0121295E+00   1.3726394E-01   1.1808585E+01  -4.5601216E-01
   2.0154226E+00   1.2398981E-01   1.1815186E+01  -4.6907195E-01
   2.0189025E+00   1.2892607E-01   1.1788140E+01  -4.8855233E-01
   2.0221827E+00   1.3685286E-01   1.1691283E+01  -4.9778607E-01
   2.0256493E+00   1.4658877E-01   1.1714038E+01  -5.1191527E-01
   2.0289168E+00   1.4329238E-01   1.1702659E+01  -5.2479756E-01
   2.0323701E+00   1.8808737E-01   1.1621441E+01  -5.5916542E-01
   2.0358167E+00   1.7285518E-01   1.1594546E+01  -5.7470912E-01
   2.0390658E+00   1.8148032E-01   1.1581774E+01  -5.7625806E-01
   2.0424995E+00   1.8783043E-01   1.1541464E+01  -6.1268002E-01
   2.0459268E+00   1.7556775E-01   1.1518924E+01  -6.2156159E-01
   2.0491579E+00   1.9627345E-01   1.1437218E+01  -6.3260615E-01
   2.0525727E+00   1.7894495E-01   1.1383811E+01  -6.4622021E-01
   2.0559814E+00   1.9358242E-01   1.1348976E+01  -6.6299498E-01
   2.0593839E+00   1.9507234E-01   1.1327716E+01  -6.7041636E-01
   2.0627799E+00   1.9317660E-01   1.1271628E+01  -6.9516957E-01
   2.0661700E+00   2.0412393E-01   1.1193906E+01  -7.1061289E-01
   2.0696697E+00   1.7813066E-01   1.1102313E+01  -7.6873946E-01
   2.0727034E+00   1.7977235E-01   1.1038897E+01  -7.4422377E-01
   2.0760715E+00   1.8491307E-01   1.0967038E+01  -7.5309581E-01
   2.0796633E+00   2.0011422E-01   1.0964336E+01  -7.9960668E-01
   2.0831661E+00   1.7101133E-01   1.0778607E+01  -7.8593141E-01
   2.0861435E+00   1.5154144E-01   1.0799623E+01  -7.7832943E-01
   2.0900116E+00   2.0093064E-01   1.0620879E+01  -8.3096296E-01
   2.0933657E+00   1.9107604E-01   1.0602290E+01  -8.3418036E-01
   2.0967376E+00   1.9708663E-01   1.0506058E+01  -8.6258799E-01
   2.0999541E+00   1.8343101E-01   1.0458371E+01  -8.7244684E-01
   2.1034946E+00   2.2888561E-01   1.0324370E+01  -9.0064669E-01
   2.1066737E+00   1.9873706E-01   1.0247394E+01  -8.8810098E-01
   2.1098619E+00   2.0360325E-01   1.0104886E+01  -9.3245429E-01
   2.1134653E+00   2.2206590E-01   1.0036983E+01  -9.4597530E-01
   2.1168904E+00   2.1777846E-01   9.9368334E+00  -9.5851123E-01
   2.1202126E+00   2.2845694E-01   9.8502016E+00  -9.7643405E-01
   2.1234167E+00   2.2366726E-01   9.6540337E+00  -9.8138916E-01
   2.1269765E+00   2.1148093E-01   9.5549812E+00  -1.0117306E+00
   2.1304464E+00   2.2252470E-01   9.4615526E+00  -1.0266528E+00
   2.1334515E+00   2.1472517E-01   9.3556423E+00  -1.0370229E+00
   2.1368809E+00   1.9772944E-01   9.1730604E+00  -1.0484771E+00
   2.1403146E+00   2.2735336E-01   9.1257315E+00  -1.0707980E+00
   2.1437428E+00   2.0940988E-01   8.9581060E+00  -1.0732278E+00
   2.1472371E+00   2.0787559E-01   8.8119574E+00  -1.1003976E+00
   2.1507461E+00   1.9253857E-01   8.6789618E+00  -1.1127322E+00
   2.1539836E+00   2.0305185E-01   8.5516558E+00  -1.1176138E+00
   2.1574578E+00   2.1521060E-01   8.3637838E+00  -1.1258262E+00
   2.1604455E+00   1.9156510E-01   8.2821913E+00  -1.1426324E+00
   2.1638656E+00   1.9872899E-01   8.1451178E+00  -1.1493424E+00
   2.1672237E+00   1.9186842E-01   7.9554429E+00  -1.1619843E+00
   2.1708670E+00   1.8296744E-01   7.7627897E+00  -1.1760608E+00
   2.1743329E+00   1.6336487E-01   7.6980891E+00  -1.1829354E+00
   2.1774197E+00   1.5885043E-01   7.5445814E+00  -1.2012340E+00
   2.1810465E+00   1.7206135E-01   7.3640685E+00  -1.2054483E+00
   2.1841357E+00   1.6838592E-01   7.2045150E+00  -1.2124621E+00
   2.1876051E+00   1.7039751E-01   7.0368237E+00  -1.2212026E+00
   2.1910343E+00   2.1549127E-01   6.9094415E+00  -1.2286700E+00
   2.1944237E+00   1.5339643E-01   6.7251983E+00  -1.2369686E+00
   2.1977818E+00   1.4532769E-01   6.4989624E+00  -1.2413788E+00
   2.2011178E+00   1.5871841E-01   6.4226689E+00  -1.2492925E+00
   2.2044423E+00   1.5634094E-01   6.2454448E+00  -1.2515057E+00
   2.2077618E+00   1.4855269E-01   6.0742664E+00  -1.2581891E+00
   2.2110748E+00   1.4735521E-01   5.8888941E+00  -1.2613016E+00
   2.2147870E+00   1.2175681E-01   5.7040768E+00  -1.2545244E+00
   2.2181470E+00   1.5554227E-01   5.4808207E+00  -1.2554750E+00
   2.2213173E+00   1.4898764E-01   5.4351068E+00  -1.2490776E+00
   2.2246408E+00   1.2769018E-01   5.2431164E+00  -1.2485873E+00
   2.2278571E+00   1.1749301E-01   5.0022054E+00  -1.2528477E+00
   2.2317169E+00   1.3111612E-01   4.8342938E+00  -1.2572703E+00
   2.2348239E+00   1.4415868E-01   4.7062845E+00  -1.2611855E+00
   2.2382360E+00   1.3596475E-01   4.5844440E+00  -1.2234277E+00
   2.2415771E+00   1.2068892E-01   4.2343659E+00  -1.2583381E+00
   2.2450845E+00   1.2652169E-01   4.2515941E+00  -1.2491302E+00
   2.2482498E+00   1.3736428E-01   4.0632234E+00  -1.2461952E+00
   2.2517557E+00   1.3004147E-01   3.8443429E+00  -1.2458071E+00
   2.2552614E+00   1.3261984E-01   3.6575348E+00  -1.2541913E+00
   2.2587674E+00   1.4597815E-01   3.5291903E+00  -1.2458732E+00
   2.2615719E+00   1.4226121E-01   3.4168639E+00  -1.2458304E+00
   2.2653761E+00   1.4206013E-01   3.1213570E+00  -1.2407990E+00
   2.2688818E+00   1.2927745E-01   3.0339806E+00  -1.2331852E+00
   2.2723877E+00   1.1186170E-01   2.8601451E+00  -1.2290779E+00
   2.2751923E+00   1.3520718E-01   2.7002027E+00  -1.2456640E+00
   2.2786982E+00   1.3708146E-01   2.5716810E+00  -1.2387457E+00
   2.2822039E+00   1.2426171E-01   2.4050128E+00  -1.2415895E+00
   2.2857099E+00   1.3625260E-01   2.2335527E+00  -1.2281412E+00
   2.2892156E+00   1.2167798E-01   2.0613940E+00  -1.2340856E+00
   2.2920203E+00   1.2074547E-01   1.9250946E+00  -1.2248340E+00
   2.2955260E+00   1.2615505E-01   1.8168852E+00  -1.2218597E+00
   2.2988594E+00   1.1390663E-01   1.6456698E+00  -1.1998361E+00
   2.3025529E+00   1.3792974E-01   1.4141375E+00  -1.2033668E+00
   2.3058391E+00   1.3032602E-01   1.3412331E+00  -1.1806359E+00
   2.3093212E+00   1.2617403E-01   1.0934054E+00  -1.1520165E+00
   2.3125896E+00   1.3441160E-01   9.7183019E-01  -1.1491257E+00
   2.3160501E+00   1.2061653E-01   7.8625506E-01  -1.1338514E+00
   2.3192394E+00   6.5520182E-02   6.4291698E-01  -1.1116487E+00
   2.3229091E+00   1.2200092E-01   5.5673921E-01  -1.0906562E+00
   2.3259799E+00   1.4580923E-01   4.6303004E-01  -1.0863916E+00
   2.3293490E+00   1.1144923E-01   3.2167038E-01  -1.0487226E+00
   2.3330388E+00   1.5734726E-01   1.8048969E-01  -1.0309594E+00
   2.3361869E+00   1.3356504E-01   4.5068160E-02  -1.0282091E+00
   2.3397079E+00   1.3118121E-01  -4.7930274E-03  -1.0019299E+00
   2.3428819E+00   1.0321712E-01  -1.6324623E-01  -9.8534787E-01
   2.3463027E+00   7.2677322E-02  -3.0929142E-01  -9.6661502E-01
   2.3495197E+00   1.2885065E-01  -3.6683267E-01  -9.5063996E-01
   2.3530273E+00   7.7946134E-02  -4.6069986E-01  -9.3133271E-01
   2.3562565E+00   1.4037111E-01  -6.8104166E-01  -9.1663408E-01
   2.3598466E+00   8.9302480E-02  -6.8485272E-01  -8.8909125E-01
   2.3634181E+00   7.8424774E-02  -7.6274115E-01  -8.7219024E-01
   2.3665988E+00   9.1261849E-02  -8.7713569E-01  -8.5830700E-01
   2.3697968E+00   3.8545039E-02  -9.8458242E-01  -8.6299241E-01
   2.3734415E+00   4.7592934E-02  -1.0766140E+00  -8.4289438E-01
   2.3767059E+00   8.6034887E-02  -1.1078064E+00  -8.1610477E-01
   2.3803449E+00   6.6162057E-02  -1.2114160E+00  -8.0783182E-01
   2.3836584E+00   6.1038181E-02  -1.3269007E+00  -7.9559261E-01
   2.3871641E+00   5.9743956E-02  -1.3678468E+00  -7.7643001E-01
   2.3899689E+00   5.7097174E-02  -1.4402276E+00  -7.8137928E-01
   2.3934748E+00   6.8176419E-02  -1.5437355E+00  -7.6801842E-01
   2.3968127E+00   2.8921230E-02  -1.6027910E+00  -7.5109744E-01
   2.4001958E+00   5.9451122E-02  -1.6676139E+00  -7.3589265E-01
   2.4035125E+00  -8.0359066E-03  -1.7165097E+00  -7.2734344E-01
   2.4068675E+00   2.5666589E-02  -1.8037093E+00  -7.1429503E-01
   2.4103732E+00   3.5330098E-02  -1.8746504E+00  -6.9081032E-01
   2.4138789E+00   1.8140566E-02  -1.9168366E+00  -6.8008393E-01
   2.4169052E+00   4.0329415E-02  -1.9637988E+00  -6.4914989E-01
   2.4203527E+00   4.4122346E-02  -2.0540440E+00  -6.4611101E-01
   2.4238584E+00   1.6302796E-02  -2.1041646E+00  -6.2291151E-01
   2.4273643E+00   3.5095669E-02  -2.1467688E+00  -5.9762210E-01
   2.4308701E+00  -6.0717771E-03  -2.1998057E+00  -5.7110262E-01
   2.4343760E+00   2.7843090E-02  -2.2284138E+00  -5.5700439E-01
   2.4371805E+00   2.2835324E-02  -2.2488878E+00  -5.2838588E-01
   2.4405341E+00  -6.1212364E-03  -2.3039598E+00  -5.0138360E-01
   2.4440970E+00  -1.5894642E-02  -2.3992107E+00  -5.0321198E-01
   2.4475365E+00   2.8296247E-02  -2.3981211E+00  -4.6737176E-01
   2.4512584E+00   7.0187855E-03  -2.4275970E+00  -4.4320154E-01
   2.4543848E+00  -1.5641317E-02  -2.4772465E+00  -4.1940045E-01
   2.4575174E+00   3.1569544E-02  -2.5104113E+00  -4.2169556E-01
   2.4608803E+00  -4.3041541E-04  -2.5433495E+00  -4.0395945E-01
   2.4643118E+00   3.4436313E-03  -2.5647588E+00  -3.9634901E-01
   2.4677522E+00   2.2402905E-02  -2.5928731E+00  -3.7112805E-01
   2.4712505E+00  -1.1357920E-02  -2.6517680E+00  -3.5803258E-01
   2.4747562E+00   2.3462125E-03  -2.6348100E+00  -3.3335581E-01
   2.4782622E+00  -2.1349207E-02  -2.6713102E+00  -3.2872927E-01
   2.4810667E+00   5.6576356E-03  -2.7120140E+00  -3.0972120E-01
   2.4845726E+00   2.3346343E-03  -2.7111423E+00  -2.9121968E-01
   2.4880371E+00   1.8842781E-02  -2.7430954E+00  -2.8067046E-01
   2.4915428E+00   2.9614745E-02  -2.7939742E+00  -2.6837373E-01
   2.4950488E+00   2.3000918E-02  -2.7664218E+00  -2.4452221E-01
   2.4985545E+00   2.2195542E-02  -2.7877779E+00  -2.2998056E-01
   2.5013592E+00  -4.8033786E-03  -2.8053010E+00  -2.1731380E-01
   2.5048649E+00   2.5494801E-02  -2.8332269E+00  -2.0783177E-01
   2.5083709E+00   4.0318176E-02  -2.7722178E+00  -1.8215542E-01
   2.5118227E+00  -5.5789645E-03  -2.7501011E+00  -1.8710856E-01
   2.5151904E+00   1.6221618E-02  -2.8479958E+00  -1.5847462E-01
   2.5186541E+00   3.9509188E-02  -2.8253636E+00  -1.5558465E-01
   2.5221598E+00   3.4173452E-03  -2.7905579E+00  -1.5031032E-01
   2.5249646E+00   2.3155307E-02  -2.8014216E+00  -1.4080483E-01
   2.5284703E+00   2.9531468E-02  -2.8276017E+00  -1.3237384E-01
   2.5317125E+00   1.8710397E-02  -2.8129759E+00  -1.3070175E-01
   2.5352182E+00   1.9031975E-02  -2.7819827E+00  -1.1684918E-01
   2.5387242E+00   1.3441063E-02  -2.7783878E+00  -1.1711952E-01
   2.5422223E+00   4.1018017E-02  -2.7943797E+00  -8.6552076E-02
   2.5456760E+00   5.4445051E-02  -2.8145339E+00  -7.2488889E-02
   2.5490820E+00   1.3960289E-02  -2.7456567E+00  -4.7411580E-02
   2.5524426E+00   3.8013436E-02  -2.7495220E+00  -3.6757130E-02
   2.5557594E+00   8.9024976E-03  -2.7500131E+00  -1.3484901E-02
   2.5590181E+00   1.5078455E-02  -2.7503331E+00  -2.4974190E-03
   2.5622525E+00   1.6829887E-02  -2.7122200E+00   1.0049398E-02
   2.5654478E+00   3.3022109E-02  -2.7636926E+00   2.2316834E-02
   2.5692325E+00   2.4017943E-02  -2.7183282E+00   4.2893454E-02
   2.5723464E+00   2.6389668E-02  -2.6931474E+00   5.2287109E-02
   2.5760374E+00   1.9524943E-02  -2.7063599E+00   6.8289272E-02
   2.5790761E+00   3.2717239E-02  -2.7036216E+00   7.6603420E-02
   2.5826797E+00   1.8707775E-03  -2.6131675E+00   9.5641769E-02
   2.5862386E+00   9.7603258E-03  -2.6639009E+00   9.9838361E-02
   2.5891709E+00   5.1994929E-03  -2.6330342E+00   1.0337503E-01
   2.5926514E+00  -2.5191572E-03  -2.6315708E+00   1.1650901E-01
   2.5963447E+00   2.4276201E-02  -2.5693820E+00   1.2075476E-01
   2.5994031E+00  -7.9892781E-03  -2.5589366E+00   1.4397980E-01
   2.6027668E+00   3.3967420E-02  -2.5533643E+00   1.5693407E-01
   2.6060939E+00   1.9736372E-02  -2.5406110E+00   1.6746256E-01
   2.6093853E+00  -1.2090899E-02  -2.4874907E+00   1.7930624E-01
   2.6131818E+00   1.7092191E-02  -2.4642978E+00   1.8968375E-01
   2.6164002E+00   1.2196107E-02  -2.5020254E+00   1.9991113E-01
   2.6195862E+00  -1.9400209E-03  -2.4828939E+00   2.1126246E-01
   2.6232638E+00   2.0742953E-02  -2.4017527E+00   2.2515520E-01
   2.6263835E+00   8.9012654E-03  -2.3835537E+00   2.2385348E-01
   2.6299860E+00   2.4434613E-02  -2.3832493E+00   2.4227773E-01
   2.6330431E+00   4.2369656E-02  -2.3469398E+00   2.4663918E-01
   2.6365747E+00   3.0071383E-02  -2.3063579E+00   2.5404099E-01
   2.6400700E+00  -3.2849901E-03  -2.2736344E+00   2.6961312E-01
   2.6435299E+00   3.7247133E-02  -2.2506204E+00   2.7391776E-01
   2.6469555E+00   9.1571305E-03  -2.2310700E+00   2.8722480E-01
   2.6503479E+00   2.1000635E-02  -2.1600077E+00   3.0012351E-01
   2.6537080E+00   1.2231530E-02  -2.1649811E+00   3.0831841E-01
   2.6570365E+00   2.5561947E-02  -2.1484747E+00   3.0685335E-01
   2.6603346E+00   1.1358197E-02  -2.1077278E+00   3.1667086E-01
   2.6636031E+00   2.4486346E-02  -2.0678954E+00   3.2680774E-01
   2.6668425E+00   2.6814356E-02  -2.0605192E+00   3.3166984E-01
   2.6705103E+00   1.3677851E-02  -1.9802099E+00   3.4699801E-01
   2.6736903E+00   1.2081835E-02  -2.0067830E+00   3.4940362E-01
   2.6772919E+00   2.1525070E-02  -1.9499189E+00   3.5637781E-01
   2.6804154E+00   8.7439967E-03  -1.9359646E+00   3.6111027E-01
   2.6839542E+00   2.7537754E-02  -1.9057559E+00   3.7031719E-01
   2.6874611E+00  -2.1853046E-03  -1.8715150E+00   3.8107514E-01
   2.6905038E+00   2.5196200E-02  -1.8404287E+00   3.8504657E-01
   2.6939528E+00  -5.7357671E-03  -1.8126022E+00   3.9451739E-01
   2.6973717E+00   1.3997836E-02  -1.7697932E+00   3.9773133E-01
   2.7007618E+00   1.4838574E-02  -1.7537094E+00   3.9598605E-01
   2.7041237E+00   1.8673593E-02  -1.7268718E+00   4.1509318E-01
   2.7074580E+00   1.1058581E-02  -1.6733032E+00   4.1304377E-01
   2.7107651E+00   2.4123250E-02  -1.6360390E+00   4.2296410E-01
   2.7144547E+00   1.3341622E-02  -1.6305126E+00   4.2035493E-01
   2.7177069E+00   1.3291121E-02  -1.5783153E+00   4.2357340E-01
   2.7209342E+00   1.9516742E-02  -1.5354310E+00   4.2891145E-01
   2.7245357E+00   3.8531926E-02  -1.5175903E+00   4.2995667E-01
   2.7277117E+00   1.1102136E-02  -1.4809351E+00   4.3985304E-01
   2.7312567E+00   6.8557180E-02  -1.4275767E+00   4.3680564E-01
   2.7343841E+00  -3.2290712E-02  -1.4185280E+00   4.4869241E-01
   2.7378755E+00   1.5138134E-02  -1.3656291E+00   4.4513002E-01
   2.7413394E+00   1.7900318E-02  -1.3469962E+00   4.5535025E-01
   2.7447767E+00   1.5419409E-02  -1.3107629E+00   4.5035100E-01
   2.7481875E+00   1.7560754E-02  -1.2323202E+00   4.5773244E-01
   2.7515731E+00   5.8872513E-03  -1.2342110E+00   4.7403991E-01
   2.7549334E+00   8.4336344E-03  -1.2232252E+00   4.6214932E-01
   2.7582691E+00   2.2886397E-02  -1.1153231E+00   4.6442086E-01
   2.7615807E+00   1.0984321E-02  -1.1336993E+00   4.6854651E-01
   2.7648692E+00   1.6111773E-02  -1.1723278E+00   4.7053885E-01
   2.7684958E+00   2.0845208E-02  -1.0637840E+00   4.7988543E-01
   2.7717361E+00   3.4604009E-02  -1.0440463E+00   4.7447190E-01
   2.7749546E+00   1.5386901E-02  -1.0720367E+00   4.8306841E-01
   2.7785053E+00   4.5452833E-02  -9.7447789E-01   4.8192656E-01
   2.7816787E+00   1.4496328E-02  -9.6433812E-01   4.8959130E-01
   2.7851803E+00   1.4278665E-02  -9.5631695E-01   4.9547619E-01
   2.7886572E+00   1.9971440E-02  -8.6699349E-01   4.9930158E-01
   2.7921095E+00   1.5990201E-02  -8.7412292E-01   5.0502288E-01
   2.7951961E+00   2.5983289E-02  -8.2526892E-01   5.0603378E-01
   2.7986033E+00   2.2889892E-02  -7.9809374E-01   5.0939536E-01
   2.8019865E+00   3.3753410E-02  -7.6844448E-01   5.1104569E-01
   2.8053441E+00   3.7290391E-02  -6.9871169E-01   5.1333505E-01
   2.8086772E+00   2.4972545E-02  -6.9494027E-01   5.1819408E-01
   2.8123157E+00   3.0267386E-02  -6.3929266E-01   5.2176934E-01
   2.8155987E+00   2.9942697E-02  -6.2377828E-01   5.2466458E-01
   2.8188584E+00   3.8502231E-02  -5.4848117E-01   5.2711368E-01
   2.8224182E+00   3.4769673E-02  -5.4606658E-01   5.3098214E-01
   2.8256311E+00   4.1364912E-02  -5.1783770E-01   5.3226769E-01
   2.8291402E+00   3.6403619E-02  -4.7429034E-01   5.3297961E-01
   2.8323083E+00   3.6340374E-02  -4.2759371E-01   5.3499931E-01
   2.8357689E+00   3.8964935E-02  -4.1076493E-01   5.3567839E-01
   2.8392050E+00   4.0686194E-02  -3.3742109E-01   5.4292876E-01
   2.8426173E+00   3.2984398E-02  -3.0555525E-01   5.4509771E-01
   2.8460057E+00   3.9184500E-02  -3.2033789E-01   5.4659444E-01
   2.8493712E+00   4.0912665E-02  -1.9952111E-01   5.4850984E-01
   2.8527141E+00   4.4036224E-02  -2.3672433E-01   5.4935282E-01
   2.8560345E+00   4.1244067E-02  -2.0026363E-01   5.4892081E-01
   2.8593335E+00   3.7484046E-02  -1.1954790E-01   5.5717617E-01
   2.8629079E+00   4.1570470E-02  -1.3239180E-01   5.5901760E-01
   2.8661628E+00   4.3603115E-02  -4.3182287E-02   5.6043315E-01
   2.8696902E+00   4.6956949E-02  -2.5914177E-02   5.6197709E-01
   2.8729026E+00   3.9323926E-02  -2.1742655E-02   5.6374413E-01
   2.8763845E+00   5.4513127E-02   7.0191778E-02   5.6524169E-01
   2.8798435E+00   4.1425642E-02   6.2803410E-02   5.6809247E-01
   2.8829944E+00   3.8808692E-02   1.1820649E-01   5.6879467E-01
   2.8864107E+00   4.1079808E-02   1.7211051E-01   5.7285923E-01
   2.8898053E+00   4.5104977E-02   1.9597270E-01   5.7298034E-01
   2.8931785E+00   4.5067213E-02   2.2666991E-01   5.7868010E-01
   2.8965309E+00   4.7017399E-02   2.6937169E-01   5.7801944E-01
   2.8998628E+00   4.0498879E-02   3.2800674E-01   5.7914591E-01
   2.9034495E+00   4.4470970E-02   3.3556131E-01   5.8179402E-01
   2.9067397E+00   4.5189109E-02   3.7805602E-01   5.8279306E-01
   2.9100106E+00   4.5476936E-02   4.4504285E-01   5.8545488E-01
   2.9135325E+00   4.5549713E-02   4.5326209E-01   5.8681017E-01
   2.9167640E+00   4.9355865E-02   4.7917798E-01   5.8894348E-01
   2.9202442E+00   4.7185931E-02   5.7647246E-01   5.9008688E-01
   2.9237030E+00   3.5548083E-02   5.5238402E-01   5.9454751E-01
   2.9268773E+00   4.4205032E-02   6.0807854E-01   5.9225100E-01
   2.9302967E+00   4.8161376E-02   6.9119513E-01   5.9555697E-01
   2.9336958E+00   4.4637103E-02   7.0288712E-01   5.9692419E-01
   2.9370751E+00   5.5342108E-02   7.3472762E-01   5.9922373E-01
   2.9404349E+00   4.5456070E-02   7.8669429E-01   6.0083580E-01
   2.9437759E+00   4.2242572E-02   8.3080906E-01   6.0321426E-01
   2.9473529E+00   3.1433925E-02   8.4971547E-01   6.0594004E-01
   2.9506550E+00   4.3141127E-02   9.2701924E-01   6.0666043E-01
   2.9539392E+00   5.9774578E-02   9.0409315E-01   6.0300946E-01
   2.9574561E+00   3.9628532E-02   9.8093396E-01   6.0943830E-01
   2.9607036E+00   3.9914705E-02   1.0096087E+00   6.1134410E-01
   2.9641814E+00   4.0664621E-02   1.0363541E+00   6.0917413E-01
   2.9673934E+00   3.6802929E-02   1.1274873E+00   6.1269140E-01
   2.9708338E+00   3.6987249E-02   1.0997775E+00   6.1304063E-01
   2.9742553E+00   3.4792013E-02   1.2004280E+00   6.1700565E-01
   2.9776580E+00   3.8438037E-02   1.2080752E+00   6.1548370E-01
   2.9810421E+00   3.4765832E-02   1.2482897E+00   6.1562425E-01
   2.9844084E+00   3.5459310E-02   1.2992624E+00   6.1818582E-01
   2.9877567E+00   3.3651527E-02   1.3182501E+00   6.1948705E-01
   2.9910874E+00   6.1311148E-02   1.3967564E+00   6.1843449E-01
   2.9944010E+00   3.6805797E-02   1.4003736E+00   6.2164235E-01
   2.9979322E+00   3.3635005E-02   1.4475132E+00   6.2210035E-01
   3.0012109E+00   3.0800637E-02   1.5045084E+00   6.2433201E-01
   3.0047052E+00   3.1806462E-02   1.5072727E+00   6.2458962E-01
   3.0079501E+00   3.2021493E-02   1.5755525E+00   6.2451941E-01
   3.0114088E+00   3.5489336E-02   1.5996379E+00   6.2525964E-01
   3.0148494E+00   3.2024145E-02   1.6294315E+00   6.2690359E-01
   3.0180447E+00   3.2859169E-02   1.6878228E+00   6.3118845E-01
   3.0214515E+00   3.2413360E-02   1.7049800E+00   6.3139337E-01
   3.0248408E+00   3.8536429E-02   1.7716267E+00   6.3281292E-01
   3.0282133E+00   4.7133245E-02   1.7678260E+00   6.3251829E-01
   3.0315688E+00   2.7352424E-02   1.8478836E+00   6.2808794E-01
   3.0351300E+00   3.5156742E-02   1.9078404E+00   6.3257599E-01
   3.0384519E+00   3.9292913E-02   1.9057415E+00   6.3318676E-01
   3.0417576E+00   5.1745906E-02   1.9631552E+00   6.3349164E-01
   3.0450478E+00   3.5079714E-02   2.0215273E+00   6.3583654E-01
   3.0485399E+00   3.3782691E-02   2.0461116E+00   6.3583928E-01
   3.0517981E+00   4.3308735E-02   2.0798912E+00   6.3699532E-01
   3.0552568E+00   4.2371590E-02   2.1542714E+00   6.3893080E-01
   3.0586987E+00   4.4036712E-02   2.1637869E+00   6.3904488E-01
   3.0621238E+00   4.3685786E-02   2.2199402E+00   6.3868439E-01
   3.0653200E+00   3.7815597E-02   2.2728252E+00   6.3346404E-01
   3.0687134E+00   3.6204357E-02   2.3123353E+00   6.4603597E-01
   3.0720909E+00   3.9652236E-02   2.3649476E+00   6.3965034E-01
   3.0754528E+00   1.8442707E-02   2.3695004E+00   6.4178848E-01
   3.0790076E+00   4.7365353E-02   2.4584076E+00   6.3761979E-01
   3.0823374E+00   4.7365837E-02   2.5002956E+00   6.4062375E-01
   3.0856521E+00   4.4752803E-02   2.5736504E+00   6.3836986E-01
   3.0889521E+00   4.3972082E-02   2.5935411E+00   6.4409637E-01
   3.0924420E+00   4.2417169E-02   2.6618612E+00   6.3526714E-01
   3.0957119E+00   6.5305457E-02   2.6925259E+00   6.3920754E-01
   3.0991702E+00   4.4122104E-02   2.7548256E+00   6.4303839E-01
   3.1026127E+00   3.9636560E-02   2.8228426E+00   6.4026225E-01
   3.1058383E+00   3.5992067E-02   2.8381822E+00   6.5216696E-01
   3.1092505E+00   3.4071490E-02   2.9110949E+00   6.3713366E-01
   3.1126475E+00   3.6709111E-02   2.9495895E+00   6.4007068E-01
   3.1160293E+00   2.9680178E-02   2.9914103E+00   6.5011626E-01
   3.1193962E+00   4.3190531E-02   3.0668643E+00   6.4066958E-01
   3.1227484E+00   3.8479526E-02   3.1441901E+00   6.3647228E-01
   3.1260860E+00   5.0526574E-02   3.1699903E+00   6.3804811E-01
   3.1296043E+00   5.2440420E-02   3.2409899E+00   6.4139509E-01
   3.1329126E+00   5.5175908E-02   3.2927768E+00   6.3765514E-01
   3.1364005E+00   4.3833651E-02   3.3633046E+00   6.3703692E-01
   3.1396801E+00   5.8037512E-02   3.4560795E+00   6.3678741E-01
   3.1431382E+00   4.6555873E-02   3.4778991E+00   6.3944006E-01
   3.1463902E+00   4.2076651E-02   3.5441682E+00   6.4354074E-01
   3.1498189E+00   4.4875465E-02   3.6028829E+00   6.3730049E-01
   3.1532331E+00   5.9428860E-02   3.6593220E+00   6.3883668E-01
   3.1566329E+00   4.6048988E-02   3.7242053E+00   6.3687372E-01
   3.1600182E+00   4.7659319E-02   3.7901278E+00   6.2802815E-01
   3.1633894E+00   4.4834502E-02   3.8416884E+00   6.3431108E-01
   3.1667466E+00   4.4506103E-02   3.9150808E+00   6.3123471E-01
   3.1700902E+00   4.5183562E-02   3.9906120E+00   6.3574404E-01
   3.1734202E+00   5.1333517E-02   4.0354328E+00   6.3533705E-01
   3.1767366E+00   4.6257194E-02   4.1152177E+00   6.3570637E-01
   3.1802230E+00   3.7633356E-02   4.1999235E+00   5.7435191E-01
   3.1835122E+00   7.5623900E-02   4.2494798E+00   6.4377725E-01
   3.1869702E+00   4.4068325E-02   4.3182216E+00   6.2631482E-01
   3.1902332E+00   4.5491051E-02   4.4201422E+00   6.3081884E-01
   3.1936636E+00   3.7368376E-02   4.4770832E+00   6.3040215E-01
   3.1970801E+00   3.9891846E-02   4.5640168E+00   6.2516409E-01
   3.2004828E+00   4.9317669E-02   4.6273918E+00   6.2064123E-01
   3.2038720E+00   5.7251334E-02   4.7236938E+00   6.1762953E-01
   3.2072475E+00   5.2199278E-02   4.7745876E+00   6.2050241E-01
   3.2106099E+00   4.7597870E-02   4.8590317E+00   6.2301952E-01
   3.2139595E+00   5.3691085E-02   4.9842219E+00   6.2118322E-01
   3.2172956E+00   5.1637705E-02   5.0163312E+00   6.1737442E-01
   3.2206192E+00   5.1335204E-02   5.1243587E+00   6.1619222E-01
   3.2241039E+00   5.1200874E-02   5.1839876E+00   6.1697429E-01
   3.2274017E+00   4.9514964E-02   5.2782707E+00   6.1503434E-01
   3.2308595E+00   4.6096697E-02   5.3613114E+00   6.1765277E-01
   3.2341321E+00   3.9823506E-02   5.4306421E+00   6.1118275E-01
   3.2375636E+00   5.3786226E-02   5.5234427E+00   6.0976887E-01
   3.2409821E+00   5.0963759E-02   5.6173973E+00   6.1103690E-01
   3.2443874E+00   6.4911954E-02   5.7222009E+00   6.0719454E-01
   3.2477796E+00   6.5622240E-02   5.8291817E+00   6.0747069E-01
   3.2511592E+00   6.3046217E-02   5.8798709E+00   6.0725522E-01
   3.2545261E+00   5.9292316E-02   6.0074630E+00   6.0768616E-01
   3.2578804E+00   6.2916100E-02   6.0953660E+00   6.0275275E-01
   3.2612224E+00   6.1633211E-02   6.2115936E+00   6.0883516E-01
   3.2645521E+00   5.9231434E-02   6.2297506E+00   6.0510820E-01
   3.2680354E+00   5.7945028E-02   6.4603338E+00   6.0486120E-01
   3.2713404E+00   7.3951669E-02   6.4588442E+00   6.1096954E-01
   3.2747979E+00   6.1927281E-02   6.5374546E+00   6.0022157E-01
   3.2780790E+00   6.8116076E-02   6.6792502E+00   6.0118157E-01
   3.2815115E+00   7.1844190E-02   6.7592063E+00   6.0688907E-01
   3.2847688E+00   6.2385734E-02   6.8487530E+00   6.0366255E-01
   3.2881768E+00   6.6424452E-02   6.9690514E+00   6.0080689E-01
   3.2915723E+00   7.7707045E-02   7.0431099E+00   5.9669274E-01
   3.2949557E+00   7.9795867E-02   7.1782560E+00   6.0523999E-01
   3.2983272E+00   8.9214981E-02   7.2545981E+00   6.0752094E-01
   3.3016865E+00   9.4082378E-02   7.3788147E+00   6.0030127E-01
   3.3050339E+00   1.2969972E-01   7.4594669E+00   6.1160356E-01
   3.3085284E+00   8.5048318E-02   7.5677595E+00   6.0567027E-01
   3.3118520E+00   8.5751578E-02   7.6850452E+00   6.0517067E-01
   3.3151641E+00   7.7636749E-02   7.7647924E+00   5.9435594E-01
   3.3186219E+00   8.3216295E-02   7.8812885E+00   5.9925926E-01
   3.3219109E+00   1.0127644E-01   7.9838285E+00   6.0413599E-01
   3.3253448E+00   1.0129485E-01   8.1149025E+00   5.9177977E-01
   3.3287663E+00   1.0218700E-01   8.1703768E+00   6.0645986E-01
   3.3321762E+00   9.1775008E-02   8.3152304E+00   6.0099012E-01
   3.3354199E+00   1.4055936E-01   8.4140091E+00   6.0693371E-01
   3.3388066E+00   1.3116376E-01   8.4784861E+00   5.8832270E-01
   3.3421819E+00   1.2894891E-01   8.6136312E+00   6.0768402E-01
   3.3455455E+00   1.1486021E-01   8.7035370E+00   6.0057402E-01
   3.3490500E+00   1.1921015E-01   8.8313074E+00   6.0757172E-01
   3.3523908E+00   1.3595709E-01   8.9439411E+00   6.0624731E-01
   3.3557200E+00   1.1432881E-01   9.0434952E+00   6.0430831E-01
   3.3591893E+00   1.1486574E-01   9.1520910E+00   6.0447538E-01
   3.3624964E+00   1.3707145E-01   9.2384138E+00   6.1121082E-01
   3.3659422E+00   1.3617776E-01   9.3704948E+00   6.0589921E-01
   3.3692274E+00   1.3201207E-01   9.5057058E+00   6.0374415E-01
   3.3726506E+00   1.2116031E-01   9.6005459E+00   5.9937799E-01
   3.3760622E+00   1.4636451E-01   9.7109871E+00   5.9952158E-01
