  flscon:  version 22.2.0.05  win64 2022 
 FLOW-3D   09:50:24  10/09/2023 juri     
   hydr3d   version  22.2.0.16 win64     09/12/2022 HYDRO    
 Simulation Template: Free Surface - TruVOF (Default)                            

Mesh Block   1
 printing pfxob, pfyob, pfzob, pfob       
       1     1002      0.000E+00      8.160E+00
   time              pfxob_1         pfyob_1         pfzob_1         pfob_1
   0.0000000E+00  -5.8857515E-03  -9.4783676E-01  -5.1271790E-01   1.0776404E+00
   1.6165863E-03  -7.5656436E-02   1.3197331E+02  -2.0249507E+00   1.3198888E+02
   8.2306853E-03   2.0223230E-03  -3.9639023E-01  -5.8070600E-01   7.0309937E-01
   1.6539754E-02  -4.2711901E-03  -7.1314645E-01  -5.7948679E-01   9.1891295E-01
   2.4775689E-02  -1.6710037E-02  -7.3130250E-01  -5.8575636E-01   9.3711960E-01
   3.2637946E-02  -5.1258024E-02  -1.0225937E+00  -5.8258265E-01   1.1780186E+00
   4.0777948E-02  -3.5481364E-02  -1.1043971E+00  -5.7828629E-01   1.2471435E+00
   4.9395818E-02   3.4889828E-02  -1.1962790E+00  -5.8423507E-01   1.3317776E+00
   5.6629185E-02  -2.3346946E-02  -1.2826411E+00  -5.7431912E-01   1.4055445E+00
   6.5674178E-02   3.2018915E-02  -1.4415718E+00  -5.7166791E-01   1.5511154E+00
   7.3215008E-02  -4.6376451E-03  -1.5265841E+00  -5.6621325E-01   1.6282132E+00
   8.1878752E-02  -4.9140789E-03  -1.6164801E+00  -5.5388188E-01   1.7087473E+00
   8.9738369E-02  -4.9243281E-03  -1.7377983E+00  -5.4432803E-01   1.8210602E+00
   9.7673550E-02  -6.8579952E-04  -1.8130009E+00  -5.3427088E-01   1.8900841E+00
   1.0575501E-01  -1.0583811E-02  -1.8934524E+00  -5.1830184E-01   1.9631380E+00
   1.1465079E-01  -2.2760246E-02  -1.9461350E+00  -5.0586116E-01   2.0109339E+00
   1.2284099E-01  -5.9616119E-03  -2.0000143E+00  -4.9488708E-01   2.0603411E+00
   1.3081624E-01  -4.6556392E-03  -2.0645666E+00  -4.8233443E-01   2.1201658E+00
   1.3876002E-01   6.5320602E-04  -2.0799181E+00  -4.7230759E-01   2.1328700E+00
   1.4674343E-01   1.0427109E-03  -2.1232920E+00  -4.6178100E-01   2.1729269E+00
   1.5532851E-01  -1.1917906E-03  -2.1494789E+00  -4.4886872E-01   2.1958470E+00
   1.6339228E-01   1.6190402E-02  -2.1531994E+00  -4.3824974E-01   2.1974061E+00
   1.7161635E-01   1.2184603E-02  -2.1601124E+00  -4.2186359E-01   2.2009549E+00
   1.7929001E-01   4.0722315E-04  -2.1494212E+00  -4.1163376E-01   2.1884823E+00
   1.8813366E-01  -8.0196746E-03  -2.1716185E+00  -4.0244082E-01   2.2086079E+00
   1.9546917E-01   2.8128426E-03  -2.1394131E+00  -3.9597139E-01   2.1757505E+00
   2.0371664E-01   8.0561440E-04  -2.1255548E+00  -3.8589013E-01   2.1602998E+00
   2.1238768E-01  -1.2623551E-02  -2.0732775E+00  -3.7695283E-01   2.1073043E+00
   2.2006114E-01   7.7474616E-03  -2.0419362E+00  -3.7261701E-01   2.0756702E+00
   2.2855352E-01   2.7838964E-03  -1.9667969E+00  -3.6520317E-01   2.0004177E+00
   2.3608488E-01   1.4124666E-02  -1.9306101E+00  -3.5447338E-01   1.9629331E+00
   2.4441661E-01   1.0030393E-02  -1.8390166E+00  -3.5065103E-01   1.8721749E+00
   2.5348118E-01   5.3296331E-03  -1.7456850E+00  -3.4043035E-01   1.7785773E+00
   2.6068890E-01   5.3191944E-03  -1.6788476E+00  -3.4073463E-01   1.7130842E+00
   2.6885489E-01   3.5997652E-03  -1.6125578E+00  -3.3837587E-01   1.6476814E+00
   2.7747878E-01   1.5115378E-02  -1.4781696E+00  -3.3302924E-01   1.5152961E+00
   2.8585893E-01   2.0986132E-02  -1.4003124E+00  -3.3722633E-01   1.4404988E+00
   2.9355633E-01   1.3693179E-02  -1.2748227E+00  -3.2599247E-01   1.3159148E+00
   3.0182767E-01  -2.6816938E-03  -1.1937964E+00  -3.1884480E-01   1.2356453E+00
   3.1053707E-01   1.2880591E-02  -1.0554293E+00  -3.1500778E-01   1.1015112E+00
   3.1859934E-01   1.4769332E-02  -9.0563053E-01  -3.0609387E-01   9.5607442E-01
   3.2632080E-01   1.4270067E-02  -8.2375157E-01  -3.0658135E-01   8.7906903E-01
   3.3440962E-01   9.6569378E-03  -6.8500179E-01  -3.0185175E-01   7.4862224E-01
   3.4254375E-01   1.4907603E-02  -5.5931723E-01  -2.9112175E-01   6.3072175E-01
   3.5121059E-01   6.7747501E-03  -4.1923934E-01  -2.8632024E-01   5.0772709E-01
   3.5852781E-01   2.2361744E-02  -3.1518245E-01  -2.8677902E-01   4.2671093E-01
   3.6692002E-01   1.0527647E-02  -1.3373098E-01  -2.7743131E-01   3.0816057E-01
   3.7499902E-01   8.7289372E-03  -1.1954390E-02  -2.6633868E-01   2.6674968E-01
   3.8370928E-01   1.8711099E-02   1.1506169E-01  -2.6824114E-01   2.9247668E-01
   3.9118499E-01  -3.7194122E-04   2.4407418E-01  -2.6255029E-01   3.5847595E-01
   3.9956462E-01  -1.4364430E-02   3.5549936E-01  -2.7182114E-01   4.4774196E-01
   4.0810943E-01   2.9657329E-03   5.1716584E-01  -2.3720843E-01   5.6897902E-01
   4.1587949E-01   1.1053455E-02   5.9765923E-01  -2.3965840E-01   6.4401466E-01
   4.2412758E-01   1.6149789E-02   7.6638865E-01  -2.3480275E-01   8.0171365E-01
   4.3211338E-01   2.8986237E-03   8.9067960E-01  -2.2032131E-01   9.1752934E-01
   4.4070709E-01  -2.1952069E-03   9.9999732E-01  -2.1962392E-01   1.0238330E+00
   4.4847590E-01  -1.7643999E-03   1.0654635E+00  -2.1129227E-01   1.0862137E+00
   4.5697448E-01   1.0939398E-02   1.1926022E+00  -2.0780432E-01   1.2106206E+00
   4.6543261E-01   8.7303445E-03   1.3109655E+00  -2.1007475E-01   1.3277191E+00
   4.7348297E-01   1.2765925E-03   1.4011304E+00  -2.0852406E-01   1.4165629E+00
   4.8173302E-01  -6.1997003E-03   1.5117036E+00  -2.1478337E-01   1.5268981E+00
   4.8995039E-01  -1.0702377E-02   1.5907491E+00  -2.1648581E-01   1.6054480E+00
   4.9759355E-01  -7.0246654E-03   1.7010403E+00  -2.1760495E-01   1.7149166E+00
   5.0576311E-01  -2.8420314E-02   1.7728561E+00  -2.2243743E-01   1.7869821E+00
   5.1368099E-01  -5.0029188E-02   1.8380343E+00  -2.2886173E-01   1.8529034E+00
   5.2222490E-01   7.7593806E-03   1.9224415E+00  -2.2835733E-01   1.9359722E+00
   5.3002012E-01   1.4615343E-02   2.0105684E+00  -2.2909635E-01   2.0236316E+00
   5.3821993E-01  -1.3036755E-02   2.0409272E+00  -2.4250974E-01   2.0553260E+00
   5.4615194E-01   1.3440433E-02   2.0695455E+00  -2.4493028E-01   2.0840323E+00
   5.5535281E-01   6.6435952E-03   2.1388535E+00  -2.5427791E-01   2.1539257E+00
   5.6258464E-01   6.9217798E-03   2.1808226E+00  -2.6657927E-01   2.1970661E+00
   5.7099360E-01  -2.7684232E-03   2.2399890E+00  -2.8738847E-01   2.2583513E+00
   5.7928079E-01  -5.1325574E-03   2.2578545E+00  -2.8617615E-01   2.2759240E+00
   5.8697236E-01  -3.1193506E-03   2.2577019E+00  -3.0264872E-01   2.2778990E+00
   5.9602338E-01  -8.9803413E-03   2.2886407E+00  -3.1639102E-01   2.3104241E+00
   6.0374743E-01   3.3096429E-03   2.2952147E+00  -3.2798532E-01   2.3185332E+00
   6.1241186E-01   1.2992531E-02   2.3078244E+00  -3.3759478E-01   2.3324220E+00
   6.2034369E-01  -5.8198319E-04   2.2733667E+00  -3.5406131E-01   2.3007727E+00
   6.2838370E-01  -1.4001713E-02   2.2442119E+00  -3.6332786E-01   2.2734754E+00
   6.3593829E-01  -8.5570458E-03   2.2359240E+00  -3.8383627E-01   2.2686470E+00
   6.4442384E-01   3.4603369E-03   2.1781826E+00  -3.8987431E-01   2.2128022E+00
   6.5242612E-01   2.5596213E-02   2.1185665E+00  -4.0405172E-01   2.1569045E+00
   6.6076845E-01   1.0998541E-02   2.0414865E+00  -4.2275009E-01   2.0848274E+00
   6.6896266E-01   9.8736063E-03   2.0190814E+00  -4.3748254E-01   2.0659568E+00
   6.7747116E-01  -7.1189995E-03   1.8999021E+00  -4.3064702E-01   1.9481107E+00
   6.8585533E-01   2.6384685E-02   1.7814687E+00  -4.5779350E-01   1.8395386E+00
   6.9350570E-01   1.6361302E-02   1.7262702E+00  -4.7460335E-01   1.7903980E+00
   7.0169562E-01   7.7182772E-03   1.6384616E+00  -4.9166757E-01   1.7106587E+00
   7.0992661E-01   1.6659157E-02   1.5097431E+00  -4.9039680E-01   1.5874794E+00
   7.1748942E-01   9.6738320E-03   1.4089581E+00  -5.0217456E-01   1.4958061E+00
   7.2623479E-01   7.9434160E-03   1.2618506E+00  -5.1733845E-01   1.3638068E+00
   7.3484164E-01   1.0401481E-02   1.1459471E+00  -5.3092694E-01   1.2630068E+00
   7.4217397E-01   8.4562525E-03   1.0080664E+00  -5.4490107E-01   1.1459435E+00
   7.5069720E-01   6.9387215E-03   8.4826452E-01  -5.5641878E-01   1.0144963E+00
   7.5877559E-01   8.1407679E-03   7.3769623E-01  -5.7004768E-01   9.3231773E-01
   7.6715374E-01   1.4902059E-02   5.7724065E-01  -5.7902062E-01   8.1773698E-01
   7.7564919E-01   7.8698359E-03   4.0180588E-01  -5.8304971E-01   7.0813620E-01
   7.8383243E-01   1.0845643E-02   2.4532491E-01  -5.8754361E-01   6.3679618E-01
   7.9139107E-01   9.2201857E-03   9.9004701E-02  -5.9022397E-01   5.9854096E-01
   7.9994601E-01   1.6396856E-02  -9.0994574E-02  -5.9219098E-01   5.9936553E-01
   8.0777818E-01  -1.8789144E-03  -2.2259471E-01  -5.9108192E-01   6.3160890E-01
   8.1574243E-01   4.5142248E-03  -3.5524881E-01  -5.9540009E-01   6.9334221E-01
   8.2418650E-01   9.5757234E-05  -5.2094018E-01  -5.8854681E-01   7.8598094E-01
   8.3222765E-01   3.9777788E-03  -6.4917696E-01  -5.8822143E-01   8.7604284E-01
   8.4012109E-01  -1.7748476E-03  -7.6593530E-01  -5.9006768E-01   9.6687114E-01
   8.4861845E-01  -1.5816657E-02  -9.7411638E-01  -5.8816516E-01   1.1380208E+00
   8.5710883E-01  -3.1047196E-03  -1.0815061E+00  -5.8431643E-01   1.2292644E+00
   8.6499548E-01  -1.2596237E-02  -1.1763459E+00  -5.7843238E-01   1.3109281E+00
   8.7316376E-01  -8.8765761E-03  -1.3405966E+00  -5.7144189E-01   1.4573345E+00
   8.8096440E-01  -4.0889913E-03  -1.4161325E+00  -5.6666791E-01   1.5253067E+00
   8.8963497E-01   6.5515591E-03  -1.5310463E+00  -5.4655379E-01   1.6256896E+00
   8.9737123E-01  -2.3303714E-03  -1.6344670E+00  -5.3960133E-01   1.7212372E+00
   9.0603536E-01   1.5184292E-05  -1.7451761E+00  -5.2348006E-01   1.8219963E+00
   9.1384703E-01  -6.1812242E-03  -1.7957319E+00  -5.1638168E-01   1.8685131E+00
   9.2234218E-01  -2.6000837E-02  -1.9153422E+00  -5.0295907E-01   1.9804493E+00
   9.3044782E-01   3.5987156E-03  -1.9593364E+00  -4.9329200E-01   2.0204823E+00
   9.3879789E-01  -1.3834887E-02  -2.0345035E+00  -4.8171297E-01   2.0907996E+00
   9.4621664E-01   1.1710691E-02  -2.0536602E+00  -4.7118917E-01   2.1070538E+00
   9.5486248E-01  -6.5801018E-03  -2.1419342E+00  -4.5998320E-01   2.1907785E+00
   9.6326560E-01   7.1135275E-03  -2.1598215E+00  -4.4861335E-01   2.2059314E+00
   9.7121882E-01  -6.2480229E-03  -2.1814351E+00  -4.3966582E-01   2.2253101E+00
   9.7921830E-01  -2.0525135E-02  -2.1978676E+00  -4.2917019E-01   2.2394710E+00
   9.8733675E-01   1.2290143E-02  -2.1969855E+00  -4.1746071E-01   2.2363296E+00
   9.9558711E-01  -9.7416360E-03  -2.2009168E+00  -4.0991580E-01   2.2387855E+00
   1.0030215E+00   5.5262628E-03  -2.1747928E+00  -4.0074298E-01   2.2114134E+00
   1.0124214E+00   7.0461782E-04  -2.1466067E+00  -3.9010090E-01   2.1817651E+00
   1.0206615E+00   7.2291428E-03  -2.1235561E+00  -3.8012102E-01   2.1573212E+00
   1.0282217E+00   8.7514995E-03  -2.0674889E+00  -3.7555668E-01   2.1013401E+00
   1.0370486E+00   3.5819248E-03  -2.0187340E+00  -3.6733124E-01   2.0518851E+00
   1.0443157E+00   1.4118052E-02  -1.9401881E+00  -3.6178136E-01   1.9736805E+00
   1.0527602E+00   1.2378335E-02  -1.9049786E+00  -3.5020247E-01   1.9369406E+00
   1.0611578E+00   1.0903801E-02  -1.8298876E+00  -3.4295276E-01   1.8617798E+00
   1.0692372E+00   1.8943740E-02  -1.7324388E+00  -3.3919674E-01   1.7654341E+00
   1.0766878E+00   1.8015515E-02  -1.6514087E+00  -3.3371356E-01   1.6848857E+00
   1.0851620E+00   2.4183437E-02  -1.5433851E+00  -3.2945558E-01   1.5783420E+00
   1.0935726E+00   2.3914514E-02  -1.4559860E+00  -3.2309565E-01   1.4915959E+00
   1.1014369E+00   1.8309876E-02  -1.3336947E+00  -3.1868005E-01   1.3713620E+00
   1.1100843E+00   2.1915335E-02  -1.2436159E+00  -3.1542766E-01   1.2831817E+00
   1.1176651E+00   1.8665994E-02  -1.1168195E+00  -3.0632207E-01   1.1582173E+00
   1.1255867E+00   1.1503925E-02  -1.0034641E+00  -3.0331889E-01   1.0483677E+00
   1.1344074E+00   3.0395245E-02  -8.5127515E-01  -2.9348776E-01   9.0095961E-01
   1.1419195E+00   2.8919976E-04  -7.6978719E-01  -2.9334652E-01   8.2378674E-01
   1.1509415E+00   2.1685615E-02  -6.3160098E-01  -2.8574011E-01   6.9356865E-01
   1.1587592E+00   1.5742404E-02  -5.1040488E-01  -2.8324559E-01   5.8394265E-01
   1.1670958E+00   2.1313569E-02  -3.8995209E-01  -2.7400699E-01   4.7707102E-01
   1.1754297E+00   3.8913589E-02  -2.1200334E-01  -2.7065390E-01   3.4599596E-01
   1.1828673E+00   1.4619400E-02  -8.3931781E-02  -2.5982505E-01   2.7343613E-01
   1.1908053E+00   3.9327950E-03  -2.3994114E-02  -2.6207745E-01   2.6320291E-01
   1.1999048E+00   3.3364337E-02   2.0621426E-01  -2.5658581E-01   3.3086821E-01
   1.2071884E+00   8.4546227E-03   2.5228584E-01  -2.4864213E-01   3.5431981E-01
   1.2157463E+00   1.2770448E-02   4.1032067E-01  -2.4609897E-01   4.7863433E-01
   1.2241772E+00   1.1964164E-02   5.0916952E-01  -2.4387896E-01   5.6468904E-01
   1.2319399E+00   8.6635659E-03   6.6907734E-01  -2.2948791E-01   7.0739257E-01
   1.2400768E+00   2.8898874E-03   7.9400271E-01  -2.3494518E-01   8.2803863E-01
   1.2481457E+00   1.2675345E-02   9.2712265E-01  -2.2347918E-01   9.5376098E-01
   1.2562147E+00   1.5636297E-02   1.0165770E+00  -2.1893926E-01   1.0400038E+00
   1.2645972E+00   5.7995114E-03   1.1571729E+00  -2.1668318E-01   1.1772996E+00
   1.2730976E+00   1.0572753E-02   1.2556616E+00  -2.0669387E-01   1.2726038E+00
   1.2817236E+00   9.1002695E-03   1.3882012E+00  -2.1346906E-01   1.4045478E+00
   1.2889440E+00   1.7559102E-02   1.4647577E+00  -2.2178587E-01   1.4815575E+00
   1.2971697E+00   2.3656266E-03   1.5872042E+00  -2.1581814E-01   1.6018115E+00
   1.3055775E+00   2.1250289E-02   1.6998219E+00  -2.1120748E-01   1.7130250E+00
   1.3144453E+00   6.3221348E-03   1.7713000E+00  -2.1551977E-01   1.7843745E+00
   1.3218188E+00   1.9673924E-03   1.8259015E+00  -2.1636647E-01   1.8386775E+00
   1.3306720E+00  -6.8999580E-03   1.9117472E+00  -2.1564482E-01   1.9238834E+00
   1.3380730E+00   4.9739275E-03   1.9725765E+00  -2.2525434E-01   1.9854023E+00
   1.3460467E+00  -2.0319059E-02   2.0274477E+00  -2.3278800E-01   2.0408692E+00
   1.3549469E+00  -1.1364694E-02   2.1009037E+00  -2.4287368E-01   2.1149263E+00
   1.3628597E+00   9.7021004E-03   2.1427779E+00  -2.5165203E-01   2.1575265E+00
   1.3712546E+00  -5.0738480E-02   2.2170556E+00  -2.6506311E-01   2.2334208E+00
   1.3785002E+00  -6.6085770E-03   2.2287140E+00  -2.7760085E-01   2.2459457E+00
   1.3876102E+00  -1.0903154E-02   2.2537463E+00  -2.8958774E-01   2.2723010E+00
   1.3950522E+00  -1.5216932E-02   2.2380307E+00  -2.9920647E-01   2.2579942E+00
   1.4030087E+00  -1.2802985E-02   2.2790399E+00  -3.1201315E-01   2.3003345E+00
   1.4114990E+00  -1.9642945E-02   2.3294632E+00  -3.2702315E-01   2.3523879E+00
   1.4197682E+00   2.7417378E-03   2.2946160E+00  -3.4080711E-01   2.3197887E+00
   1.4285626E+00  -1.4053647E-02   2.3063955E+00  -3.4848809E-01   2.3326170E+00
   1.4362320E+00  -2.0887045E-02   2.2950346E+00  -3.5986567E-01   2.3231709E+00
   1.4438897E+00   2.6183226E-03   2.2761316E+00  -3.7134945E-01   2.3062270E+00
   1.4526316E+00   2.5168518E-03   2.2212622E+00  -3.8748023E-01   2.2548068E+00
   1.4607276E+00  -2.2093076E-04   2.1814067E+00  -4.0086317E-01   2.2179329E+00
   1.4690460E+00  -4.4482201E-03   2.1475687E+00  -4.3381342E-01   2.1909509E+00
   1.4768707E+00   8.2859015E-03   2.0924923E+00  -4.2942920E-01   2.1361184E+00
   1.4856073E+00  -1.8498936E-04   1.9780955E+00  -4.4446859E-01   2.0274158E+00
   1.4929334E+00  -6.0459971E-03   1.8924364E+00  -4.5616126E-01   1.9466472E+00
   1.5020272E+00  -2.4581715E-04   1.7906277E+00  -4.6850422E-01   1.8509035E+00
   1.5093039E+00   5.7547851E-03   1.6925433E+00  -4.7690037E-01   1.7584567E+00
   1.5176594E+00   8.6918892E-03   1.5729377E+00  -4.9040264E-01   1.6476357E+00
   1.5258689E+00   5.7469504E-03   1.4613779E+00  -5.0521904E-01   1.5462550E+00
   1.5336201E+00   1.6822888E-02   1.3055104E+00  -5.1883215E-01   1.4049295E+00
   1.5424346E+00   4.5614303E-03   1.1941673E+00  -5.3687823E-01   1.3093107E+00
   1.5502012E+00  -9.7894389E-04   1.0925026E+00  -5.5057561E-01   1.2233955E+00
   1.5590539E+00   6.0077091E-03   9.0053356E-01  -5.6243652E-01   1.0617588E+00
   1.5666384E+00   1.2814853E-02   7.8405786E-01  -5.7414442E-01   9.7188103E-01
   1.5744202E+00   1.5698154E-02   6.1537236E-01  -5.8050847E-01   8.4612030E-01
   1.5834680E+00   2.1682939E-02   4.0966028E-01  -5.8947283E-01   7.1817124E-01
   1.5910381E+00  -1.0774619E-04   3.1537405E-01  -5.9336197E-01   6.7196673E-01
   1.5998850E+00   2.1215588E-02   1.1166424E-01  -6.0159230E-01   6.1223549E-01
   1.6076049E+00   5.0332970E-03  -5.5443347E-03  -5.9965992E-01   5.9970665E-01
   1.6154976E+00   3.3649587E-04  -1.7068130E-01  -6.0244578E-01   6.2615740E-01
   1.6237220E+00  -4.8112953E-03  -3.3131051E-01  -5.9685564E-01   6.8266129E-01
   1.6318125E+00   4.0545329E-04  -5.4851317E-01  -5.9503049E-01   8.0927634E-01
   1.6403213E+00  -7.8251008E-03  -6.4049673E-01  -5.9744161E-01   8.7591881E-01
   1.6481159E+00   5.0187837E-03  -7.5503778E-01  -5.9443796E-01   9.6097022E-01
   1.6561579E+00  -1.5888764E-02  -9.3072039E-01  -5.9517264E-01   1.1048635E+00
   1.6650258E+00  -3.7254109E-03  -1.0556318E+00  -5.9413821E-01   1.2113515E+00
   1.6727176E+00  -5.7348972E-03  -1.1423967E+00  -5.9021437E-01   1.2858678E+00
   1.6812050E+00  -9.8769553E-03  -1.2765659E+00  -5.8959550E-01   1.4061795E+00
   1.6893432E+00   3.0171382E-03  -1.3926733E+00  -5.6133497E-01   1.5015475E+00
   1.6972154E+00   1.1229820E-02  -1.4892806E+00  -5.5451041E-01   1.5892024E+00
   1.7052220E+00   2.7168954E-02  -1.5879556E+00  -5.3966355E-01   1.6773723E+00
   1.7139295E+00   1.6517721E-02  -1.6873606E+00  -5.2515721E-01   1.7672716E+00
   1.7219880E+00   1.7897772E-02  -1.7834573E+00  -5.1003599E-01   1.8550409E+00
   1.7296026E+00   1.2868359E-02  -1.8461118E+00  -5.0430280E-01   1.9137962E+00
   1.7377291E+00  -2.7163010E-04  -1.8950871E+00  -4.8468721E-01   1.9560871E+00
   1.7461878E+00  -5.5977085E-04  -1.9573926E+00  -4.7333634E-01   2.0138106E+00
   1.7542250E+00   2.1538397E-02  -2.0035169E+00  -4.6175545E-01   2.0561521E+00
   1.7628715E+00  -3.0045963E-03  -2.0514438E+00  -4.5050287E-01   2.1003294E+00
   1.7703906E+00  -1.8004674E-02  -2.0588083E+00  -4.3504676E-01   2.1043482E+00
   1.7788914E+00  -8.8524660E-03  -2.1033995E+00  -4.3071586E-01   2.1470640E+00
   1.7874970E+00  -1.6750570E-02  -2.0826988E+00  -4.1551316E-01   2.1238093E+00
   1.7948437E+00  -2.3868285E-02  -2.1013873E+00  -4.1235602E-01   2.1415966E+00
   1.8029783E+00   1.7291509E-03  -2.0793602E+00  -4.0028861E-01   2.1175394E+00
   1.8119383E+00  -1.7083591E-02  -2.0500677E+00  -3.8928536E-01   2.0867708E+00
   1.8194190E+00  -1.3139840E-02  -2.0224700E+00  -3.8295117E-01   2.0584483E+00
   1.8281710E+00  -2.6025189E-02  -1.9702811E+00  -3.7029326E-01   2.0049443E+00
   1.8358527E+00   3.1639519E-03  -1.9105076E+00  -3.6366877E-01   1.9448147E+00
   1.8446345E+00  -1.7731423E-02  -1.8659751E+00  -3.5658017E-01   1.8998230E+00
   1.8529459E+00   9.6431840E-03  -1.7622281E+00  -3.4597287E-01   1.7958947E+00
   1.8604825E+00  -2.5618477E-03  -1.7077154E+00  -3.4240907E-01   1.7417067E+00
   1.8686403E+00   6.9256639E-03  -1.6059054E+00  -3.3382171E-01   1.6402491E+00
   1.8765167E+00   8.7819686E-03  -1.5436419E+00  -3.3006242E-01   1.5785590E+00
   1.8847485E+00   1.5940558E-02  -1.3919288E+00  -3.2573608E-01   1.4296237E+00
   1.8933476E+00   7.2728829E-03  -1.3228315E+00  -3.1783274E-01   1.3604976E+00
   1.9016653E+00   2.3040507E-02  -1.1731335E+00  -3.1233677E-01   1.2142189E+00
   1.9094176E+00   2.5396099E-02  -1.0870699E+00  -3.0591410E-01   1.1295793E+00
   1.9170598E+00   3.4352548E-03  -9.7189057E-01  -2.9765320E-01   1.0164548E+00
   1.9255013E+00   6.3703903E-03  -8.2262301E-01  -2.9098499E-01   8.7259465E-01
   1.9343063E+00   3.0431593E-02  -7.3200274E-01  -2.8064618E-01   7.8454852E-01
   1.9425386E+00   4.7213521E-02  -5.6723869E-01  -2.7546936E-01   6.3235450E-01
   1.9507204E+00   3.5783725E-03  -4.5788649E-01  -2.6739788E-01   5.3025889E-01
   1.9580504E+00  -1.4414193E-02  -2.8145853E-01  -2.6107633E-01   3.8417122E-01
   1.9663743E+00   2.1126354E-04  -1.8959001E-01  -2.6131204E-01   3.2284424E-01
   1.9745746E+00   1.2577487E-02  -1.1207381E-01  -2.5622797E-01   2.7994910E-01
   1.9827895E+00   3.1551059E-02   1.5495346E-01  -2.5308141E-01   2.9842293E-01
   1.9907295E+00  -1.0161150E-02   2.3972613E-01  -2.4730252E-01   3.4457278E-01
   1.9988817E+00   1.6094254E-02   3.9214310E-01  -2.4576935E-01   4.6307433E-01
   2.0071099E+00   1.5573326E-02   5.3979397E-01  -2.3773025E-01   5.9003025E-01
   2.0155745E+00   1.2942819E-02   6.6122204E-01  -2.3764455E-01   7.0274967E-01
   2.0233181E+00   8.4412685E-03   8.0852181E-01  -2.3771258E-01   8.4278470E-01
   2.0318973E+00   1.1530614E-02   9.3200117E-01  -2.2086084E-01   9.5788234E-01
   2.0395007E+00   7.4187093E-03   1.0780292E+00  -2.0908496E-01   1.0981432E+00
   2.0478930E+00   2.0689281E-02   1.1872671E+00  -2.0317085E-01   1.2047031E+00
   2.0564690E+00   1.2186483E-02   1.3231121E+00  -1.9726446E-01   1.3377920E+00
   2.0651436E+00   1.5298123E-02   1.4921566E+00  -2.0116183E-01   1.5057329E+00
   2.0723991E+00   6.9103437E-03   1.5855386E+00  -1.8500854E-01   1.5963110E+00
   2.0806618E+00   5.9258980E-03   1.6926577E+00  -2.0017710E-01   1.7044636E+00
   2.0886974E+00   7.0965486E-03   1.7914330E+00  -1.9478990E-01   1.8020060E+00
   2.0976295E+00   9.1243219E-03   1.9182023E+00  -1.9523306E-01   1.9281336E+00
   2.1057241E+00   1.5450910E-02   2.0220311E+00  -1.9476688E-01   2.0314484E+00
   2.1136093E+00  -4.2762482E-03   2.1146049E+00  -1.8091106E-01   2.1223338E+00
   2.1213310E+00   1.4700863E-02   2.2201345E+00  -2.0707045E-01   2.2298188E+00
   2.1294034E+00   8.9333598E-03   2.3054848E+00  -1.9739245E-01   2.3139367E+00
   2.1384866E+00  -4.5028394E-03   2.3708768E+00  -1.9642796E-01   2.3790040E+00
   2.1455588E+00   1.0916659E-03   2.4410458E+00  -1.9583447E-01   2.4488888E+00
   2.1547956E+00  -2.8119175E-04   2.5131125E+00  -2.0593473E-01   2.5215361E+00
   2.1621766E+00   7.7129826E-03   2.5528817E+00  -2.1461546E-01   2.5618985E+00
   2.1706088E+00   2.0808040E-03   2.6140106E+00  -2.2267574E-01   2.6234784E+00
   2.1787996E+00  -1.4961590E-03   2.6564410E+00  -2.3862387E-01   2.6671374E+00
   2.1865695E+00  -6.8050064E-03   2.6510599E+00  -2.4700491E-01   2.6625507E+00
   2.1953263E+00  -6.3496958E-03   2.6984568E+00  -2.6107442E-01   2.7110643E+00
   2.2036276E+00  -6.8469751E-03   2.7297246E+00  -2.7182579E-01   2.7432342E+00
   2.2115378E+00  -5.4452317E-03   2.7362478E+00  -2.9006365E-01   2.7515845E+00
   2.2191079E+00  -1.9488944E-02   2.7138448E+00  -3.0445883E-01   2.7309391E+00
   2.2279563E+00  -2.2764702E-03   2.7128100E+00  -3.1903514E-01   2.7315063E+00
   2.2356613E+00  -2.3664662E-03   2.6896479E+00  -3.3566657E-01   2.7105136E+00
   2.2438083E+00  -1.0700099E-02   2.6796510E+00  -3.4177202E-01   2.7013795E+00
   2.2525802E+00  -3.8763869E-03   2.6391795E+00  -3.5699961E-01   2.6632183E+00
   2.2600069E+00  -7.5196107E-03   2.5412509E+00  -3.7762651E-01   2.5691662E+00
   2.2689087E+00  -1.1871797E-02   2.5308211E+00  -4.0834385E-01   2.5635798E+00
   2.2764242E+00   6.1322642E-03   2.4491549E+00  -4.0855137E-01   2.4830046E+00
   2.2851205E+00   2.6928848E-03   2.3556254E+00  -4.2804989E-01   2.3942025E+00
   2.2928240E+00  -9.6711144E-03   2.2248127E+00  -4.3920511E-01   2.2677712E+00
   2.3008606E+00   5.0020781E-03   2.1501641E+00  -4.5486823E-01   2.1977570E+00
   2.3093643E+00   6.1764088E-03   2.0434074E+00  -4.6364155E-01   2.0953557E+00
   2.3172896E+00  -2.9841995E-02   1.8898749E+00  -4.8744339E-01   1.9519526E+00
   2.3261437E+00   1.0051329E-03   1.8005291E+00  -4.9255109E-01   1.8666849E+00
   2.3343048E+00   1.1390145E-02   1.6590996E+00  -5.0407213E-01   1.7340213E+00
   2.3424590E+00   1.4696257E-02   1.5020665E+00  -5.1238734E-01   1.5871234E+00
   2.3505795E+00   1.1364308E-02   1.3713331E+00  -5.2430618E-01   1.4681896E+00
   2.3588114E+00   1.2259846E-02   1.2235183E+00  -5.3035903E-01   1.3335770E+00
   2.3659797E+00   6.3989195E-03   1.0921378E+00  -5.3927332E-01   1.2180401E+00
   2.3745463E+00   1.3519621E-02   9.1650558E-01  -5.4815167E-01   1.0680054E+00
   2.3827052E+00   1.0242016E-02   7.6251376E-01  -5.4991901E-01   9.4018251E-01
   2.3905630E+00   1.6533332E-02   6.2279612E-01  -5.5280125E-01   8.3290911E-01
   2.3993154E+00   8.1364606E-03   4.5774484E-01  -5.5994910E-01   7.2328383E-01
   2.4070199E+00   2.8669161E-03   2.8069758E-01  -5.6185621E-01   6.2807781E-01
   2.4157941E+00   9.1355713E-03   1.4842275E-01  -5.6523460E-01   5.8446807E-01
   2.4238157E+00   1.3674989E-02  -3.7093975E-02  -5.6443495E-01   5.6581783E-01
   2.4314988E+00   1.7639535E-02  -1.4765278E-01  -5.6028843E-01   5.7968581E-01
   2.4394026E+00   9.1207940E-03  -2.8498492E-01  -5.5795002E-01   6.2658423E-01
   2.4477940E+00   3.0924177E-03  -4.7809711E-01  -5.5281097E-01   7.3088056E-01
   2.4558878E+00  -2.4363664E-03  -6.2198746E-01  -5.4178149E-01   8.2486451E-01
   2.4641354E+00  -2.4223623E-03  -7.0966768E-01  -5.3127271E-01   8.8650143E-01
   2.4722679E+00   1.3898023E-02  -8.4879899E-01  -5.2091521E-01   9.9599475E-01
   2.4806635E+00   2.0042149E-02  -9.6076685E-01  -5.1006544E-01   1.0879529E+00
   2.4890599E+00   2.0705296E-02  -1.0749987E+00  -4.9763843E-01   1.1847764E+00
   2.4969394E+00   6.8896003E-03  -1.1900246E+00  -4.8505515E-01   1.2851009E+00
   2.5053606E+00  -6.7561719E-04  -1.2811412E+00  -4.7171837E-01   1.3652258E+00
   2.5135005E+00   1.5961571E-02  -1.3888614E+00  -4.5345441E-01   1.4610995E+00
   2.5210490E+00   6.6288821E-03  -1.4800191E+00  -4.4463414E-01   1.5453802E+00
   2.5291657E+00   1.4566720E-02  -1.5350133E+00  -4.3094671E-01   1.5944256E+00
   2.5380695E+00   3.9588748E-03  -1.5842469E+00  -4.1719216E-01   1.6382623E+00
   2.5458198E+00   8.6452160E-03  -1.6472161E+00  -4.0878445E-01   1.6972036E+00
   2.5543413E+00   1.4727046E-02  -1.6970782E+00  -3.9110824E-01   1.7416248E+00
   2.5624599E+00   5.4853521E-03  -1.7454581E+00  -3.7799367E-01   1.7859265E+00
   2.5704715E+00   2.4905347E-03  -1.7354620E+00  -3.6965215E-01   1.7743949E+00
   2.5784230E+00   7.7797440E-03  -1.7373554E+00  -3.6076161E-01   1.7744331E+00
   2.5864537E+00   5.1789638E-03  -1.7511487E+00  -3.4911296E-01   1.7856171E+00
   2.5947351E+00   6.7241653E-03  -1.7484945E+00  -3.4341222E-01   1.7819118E+00
   2.6033530E+00  -1.1034917E-02  -1.6944448E+00  -3.2884201E-01   1.7260945E+00
   2.6117268E+00   3.5430327E-02  -1.6930572E+00  -3.1866914E-01   1.7231505E+00
   2.6195221E+00   1.8749876E-02  -1.6665118E+00  -3.1313357E-01   1.6957787E+00
   2.6276162E+00   1.5592321E-02  -1.6066256E+00  -3.0583560E-01   1.6355501E+00
   2.6356311E+00  -1.7888345E-03  -1.5742134E+00  -2.9502228E-01   1.6016208E+00
   2.6437409E+00   1.6649855E-02  -1.5135139E+00  -2.8903371E-01   1.5409549E+00
   2.6520987E+00  -5.0571980E-03  -1.3925081E+00  -2.7635205E-01   1.4196742E+00
   2.6603191E+00   1.0469909E-02  -1.3708779E+00  -2.7315933E-01   1.3978668E+00
   2.6685779E+00   1.1847516E-02  -1.2271899E+00  -2.6068237E-01   1.2546277E+00
   2.6760440E+00   8.7843249E-03  -1.1556489E+00  -2.4859291E-01   1.1821167E+00
   2.6849282E+00   2.0279767E-02  -1.0759455E+00  -2.3630570E-01   1.1017760E+00
   2.6923070E+00   2.8695252E-02  -9.4327009E-01  -2.3064743E-01   9.7148347E-01
   2.7010779E+00   4.6965587E-03  -8.2473284E-01  -2.1680281E-01   8.5276598E-01
   2.7090020E+00   1.8174317E-02  -7.0082486E-01  -2.1379471E-01   7.3293519E-01
   2.7171936E+00   1.2807480E-02  -5.8476079E-01  -2.0631310E-01   6.2022120E-01
   2.7259009E+00   1.2573029E-02  -4.2267117E-01  -2.0127673E-01   4.6831757E-01
   2.7333784E+00   1.5050181E-02  -3.1737211E-01  -1.9506863E-01   3.7283152E-01
   2.7416270E+00   1.6272889E-02  -1.8925907E-01  -1.8872015E-01   2.6776686E-01
   2.7504418E+00   1.8832806E-02  -3.0772060E-02  -1.8112235E-01   1.8468052E-01
   2.7581639E+00   2.2528393E-02   4.7291011E-02  -1.7700186E-01   1.8459043E-01
   2.7664101E+00   4.4210870E-03   2.3513794E-01  -1.7456762E-01   2.9288778E-01
   2.7746515E+00   2.2851741E-02   3.7705714E-01  -1.6855609E-01   4.1364893E-01
   2.7825084E+00   1.6390707E-02   5.0587511E-01  -1.6553199E-01   5.3252149E-01
   2.7902629E+00   1.6113814E-02   6.1471599E-01  -1.6348591E-01   6.3628852E-01
   2.7985890E+00   1.0754950E-02   8.1541157E-01  -1.6397892E-01   8.3180571E-01
   2.8067322E+00  -2.8523209E-03   9.1154772E-01  -1.6196457E-01   9.2582929E-01
   2.8148267E+00   1.6437011E-02   1.0468298E+00  -1.5054175E-01   1.0577266E+00
   2.8237510E+00   1.6467826E-02   1.1666266E+00  -1.5966287E-01   1.1776167E+00
   2.8312187E+00   2.2749160E-03   1.3376842E+00  -1.8215829E-01   1.3500317E+00
   2.8394802E+00   2.7060453E-02   1.4280167E+00  -1.4807187E-01   1.4359280E+00
   2.8479996E+00   1.1254596E-02   1.5302439E+00  -1.5745713E-01   1.5383646E+00
   2.8563442E+00  -2.0198720E-02   1.6828644E+00  -1.4806169E-01   1.6894860E+00
   2.8643017E+00   3.4591351E-02   1.8068905E+00  -1.3854234E-01   1.8125242E+00
   2.8717921E+00  -1.7169492E-02   1.8913068E+00  -1.4057638E-01   1.8966017E+00
   2.8806379E+00   7.8549860E-03   2.0013573E+00  -1.3161784E-01   2.0056961E+00
   2.8884003E+00  -2.8001579E-02   2.1082139E+00  -1.3005862E-01   2.1124074E+00
   2.8961978E+00   6.0473708E-03   2.1923294E+00  -1.2788235E-01   2.1960645E+00
   2.9049413E+00  -6.8882019E-03   2.2888970E+00  -1.1927503E-01   2.2920129E+00
   2.9133377E+00  -9.7980797E-03   2.4401870E+00  -1.2053577E-01   2.4431818E+00
   2.9208379E+00   1.2858430E-02   2.4678593E+00  -1.5392560E-01   2.4726882E+00
   2.9298592E+00  -4.3314132E-03   2.5309482E+00  -1.3107887E-01   2.5343440E+00
   2.9373317E+00   2.4099753E-03   2.5809715E+00  -1.4899772E-01   2.5852699E+00
   2.9453149E+00  -9.7796908E-03   2.6377645E+00  -1.2290141E-01   2.6406443E+00
   2.9535663E+00  -1.3773235E-02   2.6827857E+00  -1.3394785E-01   2.6861629E+00
   2.9622524E+00  -8.5421782E-03   2.7962086E+00  -1.2396054E-01   2.7989681E+00
   2.9698892E+00  -9.7151967E-03   2.7704909E+00  -1.4090362E-01   2.7740886E+00
   2.9779415E+00  -6.1289277E-03   2.7696455E+00  -1.4726423E-01   2.7735646E+00
   2.9864557E+00  -1.2837802E-02   2.7886329E+00  -1.6291885E-01   2.7934175E+00
   2.9949219E+00   3.9955168E-03   2.8170831E+00  -1.7975952E-01   2.8228154E+00
   3.0030293E+00  -5.0543682E-03   2.8014529E+00  -1.7718221E-01   2.8070548E+00
   3.0116675E+00   2.3142274E-03   2.8149621E+00  -1.9985875E-01   2.8220489E+00
   3.0192008E+00  -2.7688155E-03   2.7718410E+00  -2.3548372E-01   2.7818272E+00
   3.0268903E+00  -7.2044381E-03   2.7189524E+00  -2.5036496E-01   2.7304647E+00
   3.0357125E+00   1.4078446E-02   2.6766229E+00  -2.8461340E-01   2.6917491E+00
   3.0434737E+00   1.5259477E-02   2.6575949E+00  -2.9450771E-01   2.6739070E+00
   3.0517576E+00   8.0957843E-06   2.5173495E+00  -3.1350866E-01   2.5367963E+00
   3.0603573E+00   6.3929707E-04   2.4684174E+00  -3.3732826E-01   2.4913602E+00
   3.0677474E+00   2.8863933E-03   2.3951459E+00  -3.5377121E-01   2.4211333E+00
   3.0767620E+00  -1.7912668E-03   2.2393677E+00  -3.7152675E-01   2.2699788E+00
   3.0848076E+00   7.6658954E-03   2.1579437E+00  -3.8616741E-01   2.1922376E+00
   3.0928481E+00   8.6744381E-03   1.9906974E+00  -4.0716851E-01   2.0319295E+00
   3.1008611E+00   1.3035320E-05   1.8426024E+00  -4.2228955E-01   1.8903735E+00
   3.1086287E+00   3.8308434E-03   1.7149895E+00  -4.3491453E-01   1.7692808E+00
   3.1174283E+00   4.6174168E-03   1.5547042E+00  -4.5139810E-01   1.6189152E+00
   3.1255634E+00   8.8629760E-03   1.3626864E+00  -4.6430928E-01   1.4396445E+00
   3.1329885E+00   5.6492486E-03   1.2066911E+00  -4.6744707E-01   1.2940797E+00
   3.1415520E+00   1.1706047E-02   1.0321991E+00  -4.8223767E-01   1.1393530E+00
   3.1500659E+00   4.8474469E-03   8.0805272E-01  -4.9346265E-01   9.4682527E-01
   3.1582918E+00   7.5150607E-03   6.0971284E-01  -4.9175569E-01   7.8334528E-01
   3.1657009E+00   1.2112328E-02   4.5287961E-01  -4.9392936E-01   6.7023343E-01
   3.1738698E+00  -3.8552678E-03   2.3504636E-01  -4.9919587E-01   5.5177730E-01
   3.1819510E+00   1.1264900E-02   7.7443004E-02  -5.0728905E-01   5.1328987E-01
   3.1906114E+00   9.0476554E-03  -1.4180546E-01  -5.0762486E-01   5.2713722E-01
   3.1982491E+00   1.4759826E-02  -3.0858597E-01  -5.1279873E-01   5.9866995E-01
   3.2065685E+00   3.2779247E-02  -5.1332533E-01  -5.1476330E-01   7.2770780E-01
   3.2147369E+00   1.4754850E-03  -6.6670746E-01  -5.1442242E-01   8.4209943E-01
   3.2235029E+00   1.5427459E-02  -8.4495866E-01  -5.0538939E-01   9.8468858E-01
   3.2318487E+00   1.7804986E-02  -1.0251408E+00  -4.9994385E-01   1.1406903E+00
   3.2396085E+00   1.6938459E-02  -1.1869695E+00  -4.9263901E-01   1.2852535E+00
   3.2480443E+00   1.8938454E-02  -1.3406249E+00  -4.8081142E-01   1.4243642E+00
   3.2556500E+00   1.3641151E-02  -1.4759600E+00  -4.6917245E-01   1.5487953E+00
   3.2638772E+00   1.2770024E-02  -1.6202617E+00  -4.6117005E-01   1.6846628E+00
   3.2723575E+00   6.3438863E-03  -1.7255204E+00  -4.4531429E-01   1.7820678E+00
   3.2803211E+00   7.3074375E-04  -1.8408237E+00  -4.4044948E-01   1.8927832E+00
   3.2883265E+00   2.6426262E-03  -1.9682621E+00  -4.2735007E-01   2.0141227E+00
   3.2964990E+00   1.1446533E-02  -2.0355124E+00  -4.1580829E-01   2.0775800E+00
   3.3049984E+00   8.0793295E-03  -2.1312752E+00  -4.0952617E-01   2.1702790E+00
   3.3131957E+00   2.7512794E-03  -2.1860907E+00  -3.9237663E-01   2.2210267E+00
   3.3207760E+00  -4.7627981E-03  -2.2526512E+00  -3.7986824E-01   2.2844605E+00
   3.3292465E+00  -2.0844159E-03  -2.2955005E+00  -3.6746094E-01   2.3247268E+00
   3.3369565E+00   7.5980078E-04  -2.3300779E+00  -3.5642144E-01   2.3571804E+00
   3.3459883E+00  -3.0252344E-03  -2.3186448E+00  -3.4286565E-01   2.3438599E+00
   3.3532970E+00  -2.1406806E-03  -2.3695095E+00  -3.2549095E-01   2.3917615E+00
   3.3618264E+00   2.6287049E-02  -2.3970885E+00  -3.1423137E-01   2.4177396E+00
   3.3704562E+00   1.2763598E-02  -2.3787069E+00  -2.9753023E-01   2.3972764E+00
   3.3780839E+00   3.5993466E-03  -2.3311541E+00  -2.8574124E-01   2.3486040E+00
   3.3865743E+00   1.3301535E-02  -2.2998469E+00  -2.8477129E-01   2.3174484E+00
   3.3943260E+00   2.8935567E-02  -2.2624755E+00  -2.7313179E-01   2.2790861E+00
   3.4028525E+00  -5.6993966E-03  -2.2435112E+00  -2.6923868E-01   2.2596159E+00
   3.4105439E+00   1.0710613E-02  -2.1518199E+00  -2.5445744E-01   2.1668391E+00
   3.4186053E+00  -2.5823293E-02  -2.0889146E+00  -2.4871665E-01   2.1038277E+00
   3.4270890E+00   1.2984934E-02  -1.9882981E+00  -2.3608281E-01   2.0023069E+00
   3.4359293E+00   2.1249511E-04  -1.9147972E+00  -2.2618541E-01   1.9281100E+00
   3.4433970E+00   1.8390849E-02  -1.8124034E+00  -2.1493360E-01   1.8251961E+00
   3.4521680E+00   6.7493264E-03  -1.7121887E+00  -2.0333736E-01   1.7242336E+00
   3.4599371E+00   4.6640625E-03  -1.5859917E+00  -1.9495870E-01   1.5979363E+00
   3.4682310E+00   1.8900614E-02  -1.4845927E+00  -1.8628168E-01   1.4963534E+00
   3.4760928E+00   1.3231955E-02  -1.3635999E+00  -1.8009305E-01   1.3755047E+00
   3.4838986E+00   1.8919501E-02  -1.2597184E+00  -1.7144924E-01   1.2714728E+00
   3.4926889E+00   1.6113855E-02  -1.1090809E+00  -1.6503736E-01   1.1214087E+00
   3.5002778E+00   1.2762046E-02  -9.6078724E-01  -1.6309746E-01   9.7461569E-01
   3.5092833E+00   5.9541208E-03  -8.3119631E-01  -1.5398754E-01   8.4536082E-01
   3.5169885E+00   3.1419199E-02  -7.1136743E-01  -1.5063849E-01   7.2782058E-01
   3.5249319E+00   1.7329883E-02  -5.1446056E-01  -1.4900108E-01   5.3588367E-01
   3.5334845E+00   7.8953644E-03  -3.9018235E-01  -1.4448455E-01   4.1614947E-01
   3.5413473E+00   3.0672941E-03  -2.6936391E-01  -1.4491329E-01   3.0588588E-01
   3.5498023E+00  -4.1216231E-04  -9.0899386E-02  -1.4171977E-01   1.6836675E-01
   3.5578051E+00   1.7508240E-02   3.2906480E-02  -1.4476559E-01   1.4948729E-01
   3.5662479E+00   2.5341190E-02   1.8786651E-01  -1.3868527E-01   2.3488210E-01
   3.5743906E+00   6.5813637E-03   3.2365608E-01  -1.3516110E-01   3.5080636E-01
   3.5819809E+00   2.8015913E-02   3.8195080E-01  -1.3252199E-01   4.0525720E-01
   3.5907869E+00   2.0917607E-02   5.2814746E-01  -1.5998040E-01   5.5224180E-01
   3.5987608E+00   5.9295809E-03   6.7671669E-01  -1.4044079E-01   6.9116151E-01
   3.6068451E+00   2.9197279E-03   8.2663769E-01  -1.4224268E-01   8.3879161E-01
   3.6146491E+00   1.6037501E-02   9.3857449E-01  -1.4443977E-01   9.4975895E-01
   3.6231811E+00  -6.1690086E-03   1.0647355E+00  -1.5720089E-01   1.0762955E+00
   3.6312907E+00  -1.0794189E-02   1.2429451E+00  -1.0838047E-01   1.2477080E+00
   3.6391616E+00   7.5555076E-03   1.3153294E+00  -1.1815551E-01   1.3206472E+00
   3.6478193E+00  -4.9177082E-03   1.4803587E+00  -1.1777083E-01   1.4850441E+00
   3.6556642E+00  -1.4366088E-02   1.5877641E+00  -1.2593134E-01   1.5928152E+00
   3.6636345E+00   1.7837355E-02   1.6374650E+00  -1.1420055E-01   1.6415395E+00
   3.6718297E+00  -5.8661192E-04   1.7672044E+00  -1.2960987E-01   1.7719510E+00
   3.6801109E+00  -7.0494461E-05   1.8256640E+00  -1.1098082E-01   1.8290342E+00
   3.6883233E+00   2.2877953E-03   1.9594189E+00  -1.2923665E-01   1.9636776E+00
   3.6966572E+00   1.8142207E-02   2.0314372E+00  -1.3243283E-01   2.0358303E+00
   3.7048094E+00  -8.7576099E-03   2.1151750E+00  -1.1362164E-01   2.1182427E+00
   3.7127974E+00  -1.9386786E-04   2.1436188E+00  -1.3327885E-01   2.1477582E+00
   3.7212155E+00  -6.3848775E-03   2.2000442E+00  -1.6038989E-01   2.2058921E+00
   3.7295096E+00  -1.4826493E-02   2.2522774E+00  -1.5960331E-01   2.2579739E+00
   3.7368622E+00  -6.0443841E-03   2.2897921E+00  -1.7723516E-01   2.2966487E+00
   3.7450671E+00  -1.5014559E-02   2.2965770E+00  -1.8423527E-01   2.3040037E+00
   3.7540312E+00  -1.9533532E-02   2.3197641E+00  -2.0051742E-01   2.3284962E+00
   3.7622287E+00  -2.7981166E-02   2.3342986E+00  -2.2703958E-01   2.3454809E+00
   3.7700939E+00  -1.0858068E-02   2.3361168E+00  -2.4498577E-01   2.3489523E+00
   3.7779253E+00  -1.4312014E-02   2.3277109E+00  -2.6606628E-01   2.3429115E+00
   3.7862866E+00  -1.4424733E-02   2.3105505E+00  -2.8342482E-01   2.3279135E+00
   3.7945766E+00  -1.3063997E-02   2.2639718E+00  -3.0740932E-01   2.2847843E+00
   3.8023767E+00  -2.3694320E-02   2.2117178E+00  -3.3004528E-01   2.2363336E+00
   3.8108399E+00  -1.0475362E-02   2.1717980E+00  -3.4651983E-01   2.1992936E+00
   3.8184645E+00  -9.0440037E-03   2.0975888E+00  -3.6125928E-01   2.1284897E+00
   3.8270783E+00  -2.2924822E-02   2.0250008E+00  -3.8303050E-01   2.0610352E+00
   3.8347971E+00  -2.0874722E-03   1.9362262E+00  -3.8885468E-01   1.9748884E+00
   3.8435841E+00  -2.2479764E-03   1.8325938E+00  -4.1421643E-01   1.8788242E+00
   3.8515036E+00  -1.0327412E-02   1.7195508E+00  -4.2597488E-01   1.7715576E+00
   3.8596704E+00  -2.4701112E-03   1.6474272E+00  -4.4280079E-01   1.7059001E+00
   3.8675056E+00  -1.0525387E-02   1.5158261E+00  -4.5375144E-01   1.5823178E+00
   3.8760779E+00  -5.2500628E-03   1.3645742E+00  -4.6976557E-01   1.4431806E+00
   3.8841665E+00   1.8394766E-03   1.2699882E+00  -4.7946963E-01   1.3574847E+00
   3.8920643E+00  -1.1883143E-02   1.1044239E+00  -4.8872167E-01   1.2077841E+00
   3.9002364E+00  -9.5232874E-03   9.2243654E-01  -4.8344269E-01   1.0414877E+00
   3.9088986E+00  -1.0969712E-03   7.5503075E-01  -5.1459438E-01   9.1371769E-01
   3.9169173E+00   5.6903963E-03   6.5247232E-01  -5.1881176E-01   8.3361751E-01
   3.9248574E+00  -6.6593257E-03   4.8835358E-01  -5.2796912E-01   7.1922529E-01
   3.9329479E+00  -4.5083188E-03   3.3839241E-01  -5.3343409E-01   6.3172913E-01
   3.9408927E+00  -1.0817714E-02   1.4403738E-01  -5.3518432E-01   5.5433393E-01
   3.9491582E+00   1.5653934E-02   7.6923338E-03  -5.4136038E-01   5.4164129E-01
   3.9575675E+00   2.6385402E-03  -1.8012519E-01  -5.3361666E-01   5.6320405E-01
   3.9658148E+00   1.1086826E-02  -3.2381314E-01  -5.4316497E-01   6.3246030E-01
   3.9738188E+00   8.3903512E-03  -4.5228341E-01  -5.4078233E-01   7.0503634E-01
   3.9821031E+00  -6.3646981E-03  -6.3007623E-01  -5.3696865E-01   8.2787192E-01
   3.9901249E+00   4.5857923E-03  -7.4345052E-01  -5.3400785E-01   9.1537100E-01
   3.9984961E+00   1.0680286E-02  -9.3074262E-01  -5.2258706E-01   1.0674704E+00
   4.0063539E+00   2.2225423E-02  -9.9877179E-01  -5.1870823E-01   1.1256542E+00
   4.0144725E+00   1.0910270E-02  -1.1420405E+00  -5.0636750E-01   1.2493132E+00
   4.0228543E+00   1.3722473E-02  -1.2522782E+00  -4.9561223E-01   1.3468558E+00
   4.0309815E+00   1.8909382E-02  -1.3830332E+00  -4.8594168E-01   1.4660414E+00
   4.0393524E+00   7.9833325E-03  -1.4564019E+00  -4.8000818E-01   1.5334857E+00
   4.0475059E+00   1.0961521E-02  -1.5762658E+00  -4.6343359E-01   1.6430171E+00
   4.0557580E+00   1.0434771E-02  -1.6902559E+00  -4.5221537E-01   1.7497350E+00
   4.0635719E+00   1.4386196E-02  -1.7595778E+00  -4.3901718E-01   1.8135757E+00
   4.0720906E+00   2.1537095E-02  -1.8279277E+00  -4.2149201E-01   1.8760169E+00
   4.0799656E+00   2.2686820E-02  -1.8798307E+00  -4.0949202E-01   1.9240483E+00
   4.0882578E+00   1.4317160E-02  -1.9440907E+00  -3.9301732E-01   1.9834708E+00
   4.0962625E+00   1.9510264E-02  -1.9942861E+00  -3.8730729E-01   2.0316408E+00
   4.1044345E+00   4.9056211E-03  -2.0330229E+00  -3.7248272E-01   2.0668695E+00
   4.1128683E+00   2.3581766E-02  -2.0716956E+00  -3.6386979E-01   2.1035399E+00
   4.1207976E+00   1.2282102E-02  -2.0694427E+00  -3.5304555E-01   2.0993774E+00
   4.1292186E+00   1.9620053E-02  -2.0795500E+00  -3.4228718E-01   2.1076226E+00
   4.1372404E+00   1.3648586E-02  -2.0822914E+00  -3.2921624E-01   2.1082001E+00
   4.1456122E+00   1.8216256E-02  -2.0457730E+00  -3.2323921E-01   2.0712321E+00
   4.1536250E+00   2.5987100E-02  -2.0363195E+00  -3.0858436E-01   2.0597322E+00
   4.1618695E+00   1.7760776E-02  -2.0051110E+00  -2.9576489E-01   2.0268848E+00
   4.1698213E+00   2.1094568E-02  -1.9908050E+00  -2.9278529E-01   2.0123303E+00
   4.1774964E+00   2.4728391E-02  -1.9295610E+00  -2.8510377E-01   1.9506669E+00
   4.1856537E+00   3.6402393E-02  -1.8526539E+00  -2.7705890E-01   1.8736097E+00
   4.1940980E+00   2.8185576E-02  -1.8103341E+00  -2.6889339E-01   1.8304119E+00
   4.2027941E+00   3.8929969E-02  -1.7061930E+00  -2.5864455E-01   1.7261248E+00
   4.2103114E+00   2.0481212E-02  -1.6381947E+00  -2.4887952E-01   1.6571187E+00
   4.2188935E+00   1.2136782E-02  -1.5442374E+00  -2.3689578E-01   1.5623496E+00
   4.2271528E+00   3.5070835E-03  -1.4357949E+00  -2.2596274E-01   1.4534713E+00
   4.2348046E+00  -4.2839386E-03  -1.3198712E+00  -2.1946725E-01   1.3380001E+00
   4.2431941E+00   4.2744912E-02  -1.2083462E+00  -2.0620044E-01   1.2265588E+00
   4.2512503E+00   3.5812229E-02  -1.1059860E+00  -1.9996145E-01   1.1244875E+00
   4.2590590E+00   2.3239622E-02  -9.8841161E-01  -1.9354451E-01   1.0074508E+00
   4.2673197E+00   3.1181695E-02  -8.3895731E-01  -1.8980436E-01   8.6072487E-01
   4.2754903E+00   4.8297998E-02  -7.4281591E-01  -1.8170434E-01   7.6624060E-01
   4.2842278E+00   1.6263399E-02  -6.0964763E-01  -1.7572974E-01   6.3467765E-01
   4.2917862E+00   6.3921851E-03  -4.3373752E-01  -1.6919872E-01   4.6561497E-01
   4.2998681E+00   2.0418767E-02  -3.6703852E-01  -1.6827768E-01   4.0429145E-01
   4.3087950E+00   2.3381546E-02  -1.6916706E-01  -1.6244273E-01   2.3569436E-01
   4.3172445E+00   1.6548799E-04  -4.6191040E-02  -1.5964022E-01   1.6618857E-01
   4.3245711E+00   8.5683921E-03   9.2129968E-02  -1.6019171E-01   1.8499388E-01
   4.3328362E+00   1.0433311E-02   2.0108284E-01  -1.5648855E-01   2.5501338E-01
   4.3406496E+00   8.3389301E-03   3.3529928E-01  -1.5695916E-01   3.7031245E-01
   4.3492098E+00   7.4058264E-03   4.5673177E-01  -1.5224095E-01   4.8149356E-01
   4.3574204E+00   2.7146733E-03   6.4624709E-01  -1.4600515E-01   6.6254067E-01
   4.3660097E+00  -1.3135347E-04   7.5135714E-01  -1.5376703E-01   7.6693016E-01
   4.3734183E+00  -1.8177735E-02   8.6326867E-01  -1.6146947E-01   8.7842792E-01
   4.3818169E+00  -1.2774394E-02   9.4715554E-01  -1.5176231E-01   9.5932198E-01
   4.3900795E+00   2.8591773E-02   1.1310737E+00  -1.6120584E-01   1.1428615E+00
   4.3980389E+00  -8.0185151E-03   1.2296014E+00  -1.6239703E-01   1.2403051E+00
   4.4062619E+00  -9.7099114E-03   1.3810564E+00  -1.4372014E-01   1.3885484E+00
   4.4144249E+00   2.6233178E-03   1.5201964E+00  -1.2815683E-01   1.5255911E+00
   4.4223995E+00   1.5006456E-02   1.6207386E+00  -1.3230127E-01   1.6261988E+00
   4.4312959E+00  -1.6160449E-02   1.7004910E+00  -1.3827921E-01   1.7061805E+00
   4.4392195E+00   4.9843527E-02   1.8210258E+00  -1.4804514E-01   1.8277136E+00
   4.4472628E+00  -1.8844698E-02   1.8978655E+00  -1.2627162E-01   1.9021549E+00
   4.4556947E+00   5.9378659E-04   1.9989215E+00  -1.5517458E-01   2.0049355E+00
   4.4636908E+00  -2.1340093E-02   2.0734222E+00  -1.3305143E-01   2.0777965E+00
   4.4717631E+00   3.7900929E-03   2.1333823E+00  -1.4291443E-01   2.1381671E+00
   4.4801440E+00  -3.3236318E-03   2.2347636E+00  -1.3970993E-01   2.2391288E+00
   4.4878969E+00   9.7620836E-04   2.2932348E+00  -1.5407217E-01   2.2984049E+00
   4.4966502E+00  -2.7546937E-02   2.3608220E+00  -1.3460551E-01   2.3648167E+00
   4.5041938E+00  -2.4522116E-02   2.3692501E+00  -1.5143557E-01   2.3742115E+00
   4.5121942E+00  -2.9363949E-02   2.4159932E+00  -1.5762341E-01   2.4213076E+00
   4.5204110E+00  -1.3898995E-02   2.4388621E+00  -1.7261918E-01   2.4450028E+00
   4.5285087E+00  -1.1895916E-02   2.4830170E+00  -1.8150680E-01   2.4896705E+00
   4.5368676E+00  -9.4021382E-03   2.4652586E+00  -2.0757644E-01   2.4740000E+00
   4.5448790E+00  -3.6224440E-02   2.4564955E+00  -2.4087662E-01   2.4685428E+00
   4.5532146E+00  -2.3227699E-02   2.4395435E+00  -2.5125194E-01   2.4525576E+00
   4.5611925E+00  -1.6152928E-02   2.4162791E+00  -2.7443859E-01   2.4318681E+00
   4.5692201E+00  -3.4861233E-02   2.4046423E+00  -2.9319748E-01   2.4227021E+00
   4.5776343E+00  -2.4860200E-02   2.3476088E+00  -3.1057855E-01   2.3681943E+00
   4.5857048E+00  -1.7518643E-02   2.2959697E+00  -3.3292875E-01   2.3200486E+00
   4.5940351E+00  -2.1000750E-02   2.2128148E+00  -3.5154960E-01   2.2406645E+00
   4.6022444E+00  -2.4264509E-02   2.1327722E+00  -3.7215978E-01   2.1651349E+00
   4.6102242E+00  -1.0572760E-02   2.0320582E+00  -3.8468140E-01   2.0681760E+00
   4.6182261E+00  -1.2950627E-02   1.9266506E+00  -4.1139853E-01   1.9701267E+00
   4.6270227E+00  -3.7906209E-03   1.8407141E+00  -4.2420992E-01   1.8889672E+00
   4.6349778E+00  -2.2979617E-02   1.7003950E+00  -4.4198072E-01   1.7570481E+00
   4.6433682E+00   6.7956914E-04   1.5806472E+00  -4.5237103E-01   1.6441064E+00
   4.6511621E+00  -4.2766929E-03   1.4172459E+00  -4.6823907E-01   1.4925990E+00
   4.6594038E+00   2.6391924E-03   1.2511550E+00  -4.8151240E-01   1.3406156E+00
   4.6676679E+00   1.0148608E-02   1.1088520E+00  -4.9112904E-01   1.2127916E+00
   4.6754689E+00   4.2949426E-03   9.6393138E-01  -5.0001001E-01   1.0859061E+00
   4.6840153E+00   2.2319194E-02   7.6962054E-01  -5.2163279E-01   9.3000787E-01
   4.6919327E+00   2.0464361E-03   6.1116683E-01  -5.2819324E-01   8.0778533E-01
   4.6999865E+00  -2.7856575E-03   4.1723743E-01  -5.3146648E-01   6.7568588E-01
   4.7081313E+00   3.8310348E-03   2.6086286E-01  -5.4021305E-01   5.9991187E-01
   4.7166662E+00   1.6585659E-02   7.3761575E-02  -5.4425782E-01   5.4948378E-01
   4.7245212E+00   2.2267817E-02  -1.1126447E-01  -5.5157483E-01   5.6312561E-01
   4.7329030E+00   2.5275916E-02  -3.2690921E-01  -5.5377030E-01   6.4356047E-01
   4.7408991E+00   1.7231934E-02  -4.8822814E-01  -5.5457306E-01   7.3906350E-01
   4.7490211E+00   8.0212988E-03  -6.8377519E-01  -5.5548108E-01   8.8100624E-01
   4.7574649E+00   2.2999436E-02  -8.2395357E-01  -5.5329424E-01   9.9275523E-01
   4.7653503E+00  -6.5731886E-03  -1.0366424E+00  -5.4609132E-01   1.1717024E+00
   4.7737708E+00   7.5162547E-03  -1.0792919E+00  -5.3430796E-01   1.2043307E+00
   4.7815623E+00   2.4436574E-02  -1.2152977E+00  -5.2731746E-01   1.3249941E+00
   4.7897539E+00   1.7651528E-02  -1.3393093E+00  -5.1619285E-01   1.4354497E+00
   4.7982259E+00   1.3908272E-02  -1.5062120E+00  -5.0316828E-01   1.5880952E+00
   4.8063331E+00   2.4881911E-02  -1.5923693E+00  -4.9088049E-01   1.6665001E+00
   4.8145857E+00   1.9731643E-02  -1.6629450E+00  -4.8039097E-01   1.7310549E+00
   4.8226080E+00   4.6476308E-02  -1.8134198E+00  -4.6698695E-01   1.8731599E+00
   4.8308020E+00   5.2897487E-02  -1.9053400E+00  -4.4926438E-01   1.9583046E+00
   4.8389993E+00   4.2427927E-02  -1.9820433E+00  -4.3965274E-01   2.0306625E+00
   4.8468671E+00   3.2730807E-02  -2.0298841E+00  -4.2592150E-01   2.0743456E+00
   4.8550453E+00   1.9498570E-02  -2.1184094E+00  -4.1530100E-01   2.1588223E+00
   4.8634953E+00   1.3682223E-02  -2.1732311E+00  -4.0363020E-01   2.2104385E+00
   4.8715272E+00   1.0944290E-02  -2.1859918E+00  -3.8748056E-01   2.2200947E+00
   4.8798037E+00   1.8869204E-03  -2.2148426E+00  -3.7579617E-01   2.2464981E+00
   4.8877878E+00   1.5233857E-02  -2.2595923E+00  -3.6383009E-01   2.2887468E+00
   4.8959317E+00   2.2620905E-02  -2.2403767E+00  -3.5220405E-01   2.2680051E+00
   4.9041381E+00   1.8048497E-02  -2.2545018E+00  -3.4321803E-01   2.2805488E+00
   4.9120941E+00   6.7748572E-03  -2.2461693E+00  -3.3777982E-01   2.2714350E+00
   4.9202914E+00   9.4992565E-03  -2.1888824E+00  -3.1731465E-01   2.2117832E+00
   4.9287648E+00   2.2098705E-02  -2.2020137E+00  -3.1058702E-01   2.2239194E+00
   4.9366193E+00   3.2453521E-03  -2.1424410E+00  -3.0137318E-01   2.1635363E+00
   4.9449677E+00  -1.5240129E-02  -2.1190023E+00  -2.9457226E-01   2.1394336E+00
   4.9531903E+00   4.6977568E-03  -2.1032937E+00  -2.8958264E-01   2.1231401E+00
   4.9611301E+00   1.3008033E-02  -2.0004930E+00  -2.8603211E-01   2.0208800E+00
   4.9694753E+00   5.6686024E-03  -1.8865469E+00  -2.6864240E-01   1.9055865E+00
   4.9775133E+00   3.2702910E-03  -1.8115242E+00  -2.5934380E-01   1.8299972E+00
   4.9859738E+00   5.8701620E-03  -1.7403311E+00  -2.5399786E-01   1.7587783E+00
   4.9940658E+00   4.0042236E-02  -1.5914124E+00  -2.3736322E-01   1.6095150E+00
   5.0016699E+00   1.5651728E-03  -1.4821672E+00  -2.3468539E-01   1.5006330E+00
   5.0105000E+00   3.0827619E-02  -1.3925018E+00  -2.2397918E-01   1.4107368E+00
   5.0182042E+00   1.4124413E-02  -1.2444686E+00  -2.1065311E-01   1.2622505E+00
   5.0270233E+00   2.0789890E-02  -1.1467944E+00  -2.0705788E-01   1.1655225E+00
   5.0346622E+00   2.7019955E-02  -1.0033036E+00  -2.0152068E-01   1.0236987E+00
   5.0427337E+00   2.0270370E-02  -8.8549560E-01  -1.9267575E-01   9.0644211E-01
   5.0513515E+00   3.1116713E-02  -7.3457593E-01  -1.8559538E-01   7.5829786E-01
   5.0594893E+00   2.1149285E-02  -5.6881917E-01  -1.8412548E-01   5.9825134E-01
   5.0673094E+00   3.3250261E-02  -4.2981261E-01  -1.7619672E-01   4.6571422E-01
   5.0752826E+00   3.2586720E-02  -3.4541744E-01  -1.7624319E-01   3.8914877E-01
   5.0833292E+00   2.2375813E-02  -1.7292136E-01  -1.7279942E-01   2.4548343E-01
   5.0920687E+00   1.1933983E-02  -4.7810379E-02  -1.6468164E-01   1.7189617E-01
   5.0996642E+00  -3.4438472E-04   1.0297347E-01  -1.8488251E-01   2.1162513E-01
   5.1079607E+00   1.2810381E-02   2.3958239E-01  -1.6258115E-01   2.8982142E-01
   5.1160507E+00   1.3079278E-02   3.7611276E-01  -1.6281980E-01   4.1005141E-01
   5.1249199E+00  -4.4653970E-03   6.4901829E-01  -1.7492095E-01   6.7219192E-01
   5.1327672E+00   3.2037634E-03   6.5289634E-01  -1.6923574E-01   6.7448097E-01
   5.1407890E+00   1.1287949E-02   8.0889928E-01  -1.6496438E-01   8.2562625E-01
   5.1486416E+00  -3.6662284E-03   8.8358057E-01  -1.6785492E-01   8.9939052E-01
   5.1570163E+00  -1.1601838E-02   1.0168850E+00  -1.7068912E-01   1.0311763E+00
   5.1651683E+00   1.5013297E-03   1.1990653E+00  -1.5906790E-01   1.2095711E+00
   5.1734257E+00  -1.4868646E-02   1.2785515E+00  -1.4446500E-01   1.2867731E+00
   5.1820693E+00  -1.6569121E-02   1.3848891E+00  -1.4457574E-01   1.3925138E+00
   5.1898828E+00  -1.4553609E-02   1.5047704E+00  -1.5777488E-01   1.5130891E+00
   5.1977062E+00  -2.7972946E-02   1.6299082E+00  -1.3709803E-01   1.6359031E+00
   5.2062554E+00  -2.1659076E-02   1.7419434E+00  -1.2375063E-01   1.7464678E+00
   5.2146244E+00  -7.8577558E-03   1.8467928E+00  -1.3161694E-01   1.8514936E+00
   5.2226310E+00  -2.4298115E-02   1.9469897E+00  -1.3259518E-01   1.9516507E+00
   5.2306924E+00  -1.5117048E-02   2.0001833E+00  -1.4580248E-01   2.0055475E+00
   5.2390876E+00  -6.1575971E-03   2.0856056E+00  -1.5122361E-01   2.0910900E+00
   5.2466187E+00  -1.3327634E-02   2.1845732E+00  -1.4997272E-01   2.1897554E+00
   5.2549467E+00  -2.6389984E-02   2.2642655E+00  -1.6059422E-01   2.2701070E+00
   5.2630382E+00  -2.4190694E-02   2.2676661E+00  -1.6059574E-01   2.2734745E+00
   5.2714586E+00  -1.5982201E-02   2.3377817E+00  -1.6039729E-01   2.3433323E+00
   5.2796192E+00  -1.8696764E-02   2.3719482E+00  -1.7725502E-01   2.3786356E+00
   5.2877927E+00  -1.7276723E-02   2.4138033E+00  -1.7590015E-01   2.4202657E+00
   5.2959390E+00  -4.7223489E-03   2.4425013E+00  -1.9704185E-01   2.4504406E+00
   5.3041396E+00  -1.0417894E-02   2.4474218E+00  -2.1040127E-01   2.4564712E+00
   5.3120880E+00  -1.8332589E-02   2.4395883E+00  -2.2797012E-01   2.4502852E+00
   5.3203835E+00  -1.6453911E-02   2.4571326E+00  -2.5878349E-01   2.4707773E+00
   5.3287239E+00   7.5281975E-03   2.4455264E+00  -2.7840897E-01   2.4613345E+00
   5.3364921E+00  -2.3697780E-02   2.3729324E+00  -2.9637590E-01   2.3914866E+00
   5.3445859E+00  -6.1892075E-03   2.3424330E+00  -3.3027935E-01   2.3656111E+00
   5.3531790E+00  -4.5090523E-03   2.2757645E+00  -3.3688894E-01   2.3005691E+00
   5.3611627E+00  -1.5809171E-02   2.2023163E+00  -3.4970552E-01   2.2299643E+00
   5.3691177E+00  -1.5596491E-02   2.1635208E+00  -3.6726335E-01   2.1945269E+00
   5.3775587E+00  -5.2059680E-02   2.0701439E+00  -3.8113561E-01   2.1055808E+00
   5.3856797E+00   2.3510524E-03   2.0133042E+00  -3.9863446E-01   2.0523911E+00
   5.3938913E+00   6.3917595E-03   1.9043987E+00  -4.1381791E-01   1.9488511E+00
   5.4020281E+00  -9.8543894E-03   1.7957166E+00  -4.2519930E-01   1.8453969E+00
   5.4101310E+00  -1.8801790E-02   1.6497716E+00  -4.3737793E-01   1.7068683E+00
   5.4183745E+00   2.6575124E-03   1.5898762E+00  -4.5063078E-01   1.6525075E+00
   5.4262276E+00  -5.5467905E-03   1.4148403E+00  -4.6530637E-01   1.4894005E+00
   5.4346876E+00  -3.2865554E-03   1.2545776E+00  -4.7672206E-01   1.3421028E+00
   5.4425411E+00  -3.3692834E-03   1.1070313E+00  -4.8965862E-01   1.2104938E+00
   5.4511108E+00  -1.4666220E-03   9.4224089E-01  -4.9712056E-01   1.0653398E+00
   5.4592466E+00  -2.1643746E-03   7.8223103E-01  -5.0714523E-01   9.3224800E-01
   5.4672132E+00  -1.3626658E-03   6.3625193E-01  -5.1174510E-01   8.1651783E-01
   5.4752607E+00  -1.4186358E-03   4.9980798E-01  -5.1850069E-01   7.2017568E-01
   5.4834080E+00  -2.9229850E-03   3.2673043E-01  -5.2453321E-01   6.1797768E-01
   5.4914403E+00   1.1369125E-02   1.5948910E-01  -5.2701461E-01   5.5073631E-01
   5.4996805E+00   1.6604297E-02  -1.6669005E-02  -5.3100199E-01   5.3152299E-01
   5.5081983E+00   2.0343170E-02  -2.0514077E-01  -5.3291863E-01   5.7140076E-01
   5.5161304E+00   1.4797485E-02  -3.8206989E-01  -5.3470027E-01   6.5734375E-01
   5.5242014E+00   9.4869798E-03  -4.9115136E-01  -5.3401041E-01   7.2559410E-01
   5.5325766E+00   2.6645575E-02  -7.0763612E-01  -5.3395009E-01   8.8688308E-01
   5.5407453E+00   2.8821055E-02  -8.2796270E-01  -5.2964175E-01   9.8329711E-01
   5.5488553E+00   1.4914800E-02  -9.8810703E-01  -5.2048475E-01   1.1169075E+00
   5.5571051E+00   1.8050440E-02  -1.1143131E+00  -5.1640385E-01   1.2282884E+00
   5.5650496E+00   3.8862135E-02  -1.2807148E+00  -5.0663441E-01   1.3778313E+00
   5.5733566E+00   1.6596831E-02  -1.3681903E+00  -4.9737450E-01   1.4558852E+00
   5.5814385E+00   1.8101381E-02  -1.4928161E+00  -4.8764700E-01   1.5705500E+00
   5.5897274E+00   2.2345781E-02  -1.6101778E+00  -4.7472426E-01   1.6788492E+00
   5.5978985E+00  -8.9410711E-03  -1.7664074E+00  -4.6350247E-01   1.8262281E+00
   5.6058936E+00   2.0488622E-02  -1.8564968E+00  -4.5323753E-01   1.9111317E+00
   5.6140347E+00   1.4797663E-02  -1.9340106E+00  -4.4032943E-01   1.9835589E+00
   5.6222320E+00   3.3989016E-02  -1.9913765E+00  -4.2572084E-01   2.0366576E+00
   5.6303835E+00   1.1592523E-02  -2.0532358E+00  -4.1067907E-01   2.0939362E+00
   5.6385870E+00   6.6933357E-03  -2.1246426E+00  -3.9496624E-01   2.1610527E+00
   5.6466289E+00   8.2755703E-03  -2.1874738E+00  -3.8845921E-01   2.2217133E+00
   5.6547608E+00   1.3924506E-02  -2.2103095E+00  -3.7484461E-01   2.2419121E+00
   5.6631789E+00   8.9734793E-03  -2.2492414E+00  -3.6653134E-01   2.2789278E+00
   5.6712084E+00   1.4605665E-02  -2.2755926E+00  -3.5348487E-01   2.3029299E+00
   5.6795063E+00   2.4127601E-02  -2.2741606E+00  -3.4305328E-01   2.3000162E+00
   5.6876116E+00   2.3784386E-02  -2.2903218E+00  -3.3906746E-01   2.3154063E+00
   5.6955504E+00   1.8805902E-02  -2.2527750E+00  -3.2151306E-01   2.2756801E+00
   5.7038531E+00   2.3430474E-02  -2.2375891E+00  -3.1024811E-01   2.2591166E+00
   5.7119365E+00  -1.9120362E-03  -2.2382882E+00  -3.0029309E-01   2.2583432E+00
   5.7202792E+00   1.7123774E-02  -2.1588454E+00  -2.9306325E-01   2.1787136E+00
   5.7284360E+00   6.6286055E-03  -2.1398065E+00  -2.8655410E-01   2.1589184E+00
   5.7362967E+00   2.4644323E-03  -2.0612040E+00  -2.7352604E-01   2.0792749E+00
   5.7443800E+00   2.8801018E-02  -2.0183423E+00  -2.6866925E-01   2.0363493E+00
   5.7527246E+00   2.6797492E-02  -1.9190192E+00  -2.6069263E-01   1.9368308E+00
   5.7607994E+00   3.9695580E-02  -1.8515639E+00  -2.5315574E-01   1.8692118E+00
   5.7691865E+00   5.4621365E-02  -1.7612252E+00  -2.4165840E-01   1.7785659E+00
   5.7773185E+00   1.7192125E-03  -1.6758258E+00  -2.2628745E-01   1.6910355E+00
   5.7851958E+00   3.4584925E-02  -1.5602943E+00  -2.1972094E-01   1.5760684E+00
   5.7933006E+00   2.1616438E-02  -1.4864028E+00  -2.0990179E-01   1.5013058E+00
   5.8016481E+00   3.8151227E-02  -1.3045614E+00  -2.0038211E-01   1.3204124E+00
   5.8102536E+00   2.7238581E-02  -1.2234714E+00  -1.9376896E-01   1.2390201E+00
   5.8183703E+00   2.6044128E-02  -1.1260850E+00  -1.8729371E-01   1.1418514E+00
   5.8259716E+00   2.8787609E-02  -9.4140828E-01  -1.8303938E-01   9.5946950E-01
   5.8345790E+00   2.5929188E-02  -8.4355974E-01  -1.7614235E-01   8.6214358E-01
   5.8426404E+00   3.0659080E-02  -7.4549633E-01  -1.7181678E-01   7.6565385E-01
   5.8508816E+00   2.1645406E-02  -5.4544395E-01  -1.6624014E-01   5.7062548E-01
   5.8592629E+00   1.7741863E-02  -4.8249614E-01  -1.6374616E-01   5.0983340E-01
   5.8669114E+00   1.7688366E-02  -3.3411303E-01  -1.5937488E-01   3.7060052E-01
   5.8755155E+00   1.9990796E-02  -2.2366525E-01  -1.5578961E-01   2.7330601E-01
   5.8833432E+00   1.5278993E-04  -7.4621387E-02  -1.5654485E-01   1.7342047E-01
   5.8912454E+00   2.0000128E-02   5.7966489E-02  -1.5256634E-01   1.6442813E-01
   5.9000835E+00   1.3166665E-02   1.9217797E-01  -1.5035687E-01   2.4436228E-01
   5.9080439E+00   1.6582014E-02   3.5902154E-01  -1.5805627E-01   3.9262351E-01
   5.9160295E+00  -1.8890373E-03   4.8896071E-01  -1.6082898E-01   5.1473498E-01
   5.9240217E+00  -2.3583999E-02   6.4010906E-01  -1.8832681E-01   6.6765475E-01
   5.9322052E+00  -1.3060522E-03   6.7772728E-01  -1.5260823E-01   6.9469798E-01
   5.9402151E+00   6.2866709E-03   8.0146772E-01  -1.6239823E-01   8.1777948E-01
   5.9486952E+00   1.3525244E-02   9.6037376E-01  -1.7066647E-01   9.7551405E-01
   5.9565468E+00   6.0243071E-03   1.0348847E+00  -1.4547218E-01   1.0450765E+00
   5.9648838E+00  -9.1606108E-03   1.1831808E+00  -1.3590284E-01   1.1909955E+00
   5.9728398E+00  -8.2034934E-03   1.2956259E+00  -1.3773808E-01   1.3029526E+00
   5.9814134E+00   2.5545331E-02   1.4072795E+00  -1.2569284E-01   1.4131125E+00
   5.9895029E+00   1.1017337E-02   1.5019207E+00  -1.2034549E-01   1.5067748E+00
   5.9974561E+00  -2.3181502E-02   1.5952994E+00  -1.3049762E-01   1.6007957E+00
   6.0055304E+00  -1.9059600E-02   1.6985130E+00  -1.0561295E-01   1.7019001E+00
   6.0138507E+00  -9.1543561E-03   1.8012351E+00  -1.3434134E-01   1.8062611E+00
   6.0220199E+00  -3.5528246E-02   1.8369731E+00  -1.2826329E-01   1.8417883E+00
   6.0300851E+00  -3.6134387E-03   1.9304396E+00  -1.3126731E-01   1.9349008E+00
   6.0382385E+00   4.1824300E-03   1.9773138E+00  -1.5584251E-01   1.9834501E+00
   6.0462713E+00   2.6527070E-03   2.0102117E+00  -1.4565015E-01   2.0154831E+00
   6.0547929E+00  -2.5999196E-02   2.0750082E+00  -1.5541138E-01   2.0809824E+00
   6.0628438E+00  -1.9036205E-02   2.1055701E+00  -1.5974946E-01   2.1117072E+00
   6.0711226E+00  -1.6741801E-02   2.1452034E+00  -1.8010947E-01   2.1528161E+00
   6.0792203E+00  -3.2880817E-02   2.1402111E+00  -2.0042764E-01   2.1498270E+00
   6.0873208E+00  -2.4514368E-02   2.1746583E+00  -2.0884547E-01   2.1848011E+00
   6.0957527E+00  -1.3154901E-02   2.1715498E+00  -2.2816117E-01   2.1835427E+00
   6.1034131E+00  -2.3246942E-02   2.1407223E+00  -2.5214180E-01   2.1556456E+00
   6.1117206E+00  -3.3509716E-02   2.1495895E+00  -2.6819992E-01   2.1665154E+00
   6.1202149E+00  -2.2971574E-02   2.1018534E+00  -2.8782400E-01   2.1215932E+00
   6.1279836E+00  -2.5167767E-02   2.0608952E+00  -3.0515936E-01   2.0835173E+00
   6.1364160E+00  -5.4815184E-02   2.0382147E+00  -3.2110688E-01   2.0640817E+00
   6.1445484E+00  -2.2913877E-02   1.9615091E+00  -3.4208220E-01   1.9912467E+00
   6.1524549E+00  -2.3017442E-02   1.8935689E+00  -3.5560068E-01   1.9268069E+00
   6.1610308E+00  -9.5678651E-04   1.7987194E+00  -3.7294468E-01   1.8369758E+00
   6.1689978E+00  -2.3205379E-02   1.7157282E+00  -3.8432434E-01   1.7583990E+00
   6.1772542E+00  -1.1219357E-02   1.6038054E+00  -3.9685863E-01   1.6522150E+00
   6.1851783E+00  -2.7003869E-02   1.5395727E+00  -4.1065434E-01   1.5936280E+00
   6.1933141E+00  -1.6094200E-02   1.4260457E+00  -4.2136547E-01   1.4870825E+00
   6.2014484E+00  -2.2260632E-02   1.2732786E+00  -4.3348819E-01   1.3452308E+00
   6.2096620E+00  -1.3392336E-02   1.1318983E+00  -4.4602311E-01   1.2166797E+00
   6.2177787E+00  -1.6223466E-02   1.0248156E+00  -4.4617322E-01   1.1178464E+00
   6.2262287E+00  -2.8151719E-02   8.9982033E-01  -4.6354002E-01   1.0125899E+00
   6.2344089E+00  -7.0663556E-03   7.1484071E-01  -4.7475544E-01   8.5816073E-01
   6.2425985E+00  -7.9515902E-03   5.7026047E-01  -4.8055848E-01   7.4578595E-01
   6.2505012E+00  -2.8132461E-03   4.4452655E-01  -4.8554406E-01   6.5830451E-01
   6.2587957E+00  -4.1645573E-04   3.0455518E-01  -4.9142680E-01   5.7814729E-01
   6.2670379E+00  -6.1543868E-03   1.4078753E-01  -4.9540940E-01   5.1506263E-01
   6.2748814E+00  -9.2565790E-03   1.7111132E-02  -5.0046784E-01   5.0084579E-01
   6.2831106E+00  -2.3305765E-03  -1.4738423E-01  -5.0381303E-01   5.2493346E-01
   6.2912483E+00   3.1497522E-05  -3.0994976E-01  -5.0470906E-01   5.9228379E-01
   6.2993679E+00  -2.3807662E-03  -4.6866852E-01  -5.0590372E-01   6.8963355E-01
   6.3078370E+00   1.2935787E-02  -6.4694214E-01  -5.0642264E-01   8.2168448E-01
   6.3158498E+00   4.4394732E-03  -7.6948452E-01  -5.0406086E-01   9.1989321E-01
   6.3240333E+00   2.6604712E-03  -9.0956581E-01  -4.9872845E-01   1.0373269E+00
   6.3321867E+00   1.8409312E-02  -1.0578414E+00  -4.9349374E-01   1.1674346E+00
   6.3404236E+00   1.0667887E-02  -1.1983373E+00  -4.8764423E-01   1.2938018E+00
   6.3485627E+00   1.3159119E-02  -1.3466927E+00  -4.8051542E-01   1.4299123E+00
   6.3565784E+00   1.9671541E-02  -1.4291317E+00  -4.7149870E-01   1.5050300E+00
   6.3647165E+00   1.7972104E-02  -1.5640297E+00  -4.6151894E-01   1.6308008E+00
   6.3729606E+00   1.2368461E-02  -1.6719329E+00  -4.5387799E-01   1.7324889E+00
   6.3810582E+00   1.4214010E-02  -1.7854203E+00  -4.3927959E-01   1.8387208E+00
   6.3892984E+00   1.0130276E-02  -1.8963281E+00  -4.2747155E-01   1.9439379E+00
   6.3973937E+00   8.3249509E-03  -1.9659873E+00  -4.1699526E-01   2.0097413E+00
   6.4056869E+00   1.3966278E-02  -2.0665400E+00  -4.0535223E-01   2.1059661E+00
   6.4138560E+00   1.8138492E-02  -2.1417706E+00  -3.9520633E-01   2.1780033E+00
   6.4219103E+00   8.5529806E-03  -2.2010751E+00  -3.8162777E-01   2.2339301E+00
   6.4302378E+00   1.4570202E-02  -2.2549503E+00  -3.7175584E-01   2.2854357E+00
   6.4381223E+00   1.3102135E-02  -2.2931395E+00  -3.6307386E-01   2.3217413E+00
   6.4465513E+00   1.3454906E-02  -2.3189523E+00  -3.4771764E-01   2.3449154E+00
   6.4544430E+00   1.9167749E-02  -2.3322906E+00  -3.3890998E-01   2.3568640E+00
   6.4627023E+00   1.9975901E-02  -2.3780835E+00  -3.2960492E-01   2.4008996E+00
   6.4707303E+00   3.2743208E-02  -2.3520052E+00  -3.1894338E-01   2.3737578E+00
   6.4789567E+00   2.2865141E-02  -2.3736601E+00  -3.1093529E-01   2.3940480E+00
   6.4870539E+00   2.6691165E-02  -2.3872178E+00  -2.9829034E-01   2.4059298E+00
   6.4955087E+00   2.3023754E-02  -2.3690579E+00  -2.8421301E-01   2.3861566E+00
   6.5034757E+00   4.8833280E-03  -2.3240340E+00  -2.8025439E-01   2.3408759E+00
   6.5117283E+00   2.7973104E-02  -2.3008256E+00  -2.7512628E-01   2.3173854E+00
   6.5198750E+00   4.2104732E-02  -2.2524335E+00  -2.6478660E-01   2.2683346E+00
   6.5278454E+00   2.4150584E-02  -2.1957080E+00  -2.5183260E-01   2.2102346E+00
   6.5361156E+00   1.5182089E-02  -2.1315091E+00  -2.4079353E-01   2.1451206E+00
   6.5442595E+00   3.5219915E-02  -2.0554276E+00  -2.2639985E-01   2.0681586E+00
   6.5522709E+00   4.4754244E-02  -1.9878745E+00  -2.1629296E-01   2.0001078E+00
   6.5606179E+00   3.7498798E-02  -1.9283230E+00  -2.0662186E-01   1.9397238E+00
   6.5686440E+00   9.9291541E-03  -1.7949890E+00  -1.9340023E-01   1.8054051E+00
   6.5768776E+00   3.5689291E-02  -1.7381183E+00  -1.8603310E-01   1.7484099E+00
   6.5853815E+00   2.0049531E-02  -1.6398040E+00  -1.7995492E-01   1.6497706E+00
   6.5935702E+00   2.6142076E-02  -1.4934591E+00  -1.6959496E-01   1.5032851E+00
   6.6014137E+00   4.0615693E-02  -1.4432689E+00  -1.5975377E-01   1.4526514E+00
   6.6095204E+00   3.6735479E-02  -1.3522027E+00  -1.5136540E-01   1.3611439E+00
   6.6179285E+00   3.0738465E-02  -1.2040920E+00  -1.4968380E-01   1.2137494E+00
   6.6258998E+00   3.4747466E-02  -1.0878631E+00  -1.4124104E-01   1.0975438E+00
   6.6340823E+00   3.1069148E-02  -9.8724997E-01  -1.3269995E-01   9.9661279E-01
   6.6424561E+00   2.0878354E-02  -8.7906957E-01  -1.2074129E-01   8.8756841E-01
   6.6502686E+00   2.1811906E-02  -7.5934327E-01  -1.2266530E-01   7.6949644E-01
   6.6582155E+00   3.0447368E-02  -6.4220536E-01  -1.2251703E-01   6.5449613E-01
   6.6670427E+00   2.9544735E-02  -4.9506593E-01  -1.1861669E-01   5.0993437E-01
   6.6752300E+00   1.8462582E-02  -3.7045640E-01  -1.1855922E-01   3.8940352E-01
   6.6827846E+00   2.5820235E-02  -2.9449725E-01  -1.1317063E-01   3.1654841E-01
   6.6911020E+00   2.3690065E-02  -1.2967329E-01  -1.1629412E-01   1.7578596E-01
   6.6994209E+00   3.7775043E-02  -1.9845320E-02  -1.1042808E-01   1.1838561E-01
   6.7077489E+00   2.3145080E-02   1.0608470E-01  -1.1261751E-01   1.5643644E-01
   6.7153320E+00   2.4021264E-02   2.0916510E-01  -1.1183556E-01   2.3839936E-01
   6.7236886E+00   4.8957434E-02   3.6679807E-01  -1.1511631E-01   3.8754281E-01
   6.7320566E+00   4.7525123E-02   4.8918521E-01  -1.2089913E-01   5.0613970E-01
   6.7404132E+00  -2.6607851E-03   5.7867306E-01  -1.1367682E-01   5.8973891E-01
   6.7480035E+00   3.8754684E-03   6.5055561E-01  -1.5037613E-01   6.6772044E-01
   6.7567286E+00  -6.0225544E-03   7.6476115E-01  -1.1781005E-01   7.7380562E-01
   6.7643147E+00   2.0877220E-02   8.6914676E-01  -1.4690827E-01   8.8172221E-01
   6.7726684E+00  -1.0395975E-02   1.0034330E+00  -1.2985358E-01   1.0118537E+00
   6.7809491E+00  -3.7472036E-02   1.1216413E+00  -1.2419647E-01   1.1291182E+00
   6.7887845E+00   7.0939618E-03   1.2203654E+00  -1.5085468E-01   1.2296745E+00
   6.7970037E+00   1.3516392E-02   1.3533244E+00  -1.0075338E-01   1.3571370E+00
   6.8053217E+00  -1.4816220E-02   1.3873811E+00  -1.3120577E-01   1.3936502E+00
   6.8135076E+00   6.6615813E-03   1.5076805E+00  -1.1079444E-01   1.5117607E+00
   6.8215456E+00   2.1226529E-02   1.5735893E+00  -1.0109668E-01   1.5769763E+00
   6.8299594E+00   4.1786719E-02   1.6093310E+00  -1.2532020E-01   1.6147438E+00
   6.8382263E+00  -3.4155659E-02   1.6782769E+00  -1.4187342E-01   1.6846092E+00
   6.8462973E+00  -2.6424140E-02   1.7675382E+00  -1.2004367E-01   1.7718070E+00
   6.8543377E+00   3.2907485E-03   1.8141086E+00  -1.2932453E-01   1.8187153E+00
   6.8623047E+00  -1.3862600E-02   1.8636138E+00  -1.2572947E-01   1.8679017E+00
   6.8709564E+00  -4.8326604E-02   1.9899808E+00  -8.1261784E-02   1.9922256E+00
   6.8791575E+00  -4.3729498E-05   1.9518280E+00  -1.0207480E-01   1.9544953E+00
   6.8869896E+00  -2.2941412E-02   1.9520675E+00  -1.3730921E-01   1.9570252E+00
   6.8953567E+00  -3.5635106E-02   1.9522560E+00  -1.3818897E-01   1.9574651E+00
   6.9034762E+00  -2.7733956E-02   1.9504436E+00  -1.6351669E-01   1.9574825E+00
   6.9115829E+00   3.3120420E-03   1.9887838E+00  -2.0471701E-01   1.9992952E+00
   6.9197063E+00  -3.2519963E-02   1.9101295E+00  -1.8907747E-01   1.9197402E+00
   6.9279079E+00  -3.1091003E-02   1.8979794E+00  -1.9784267E-01   1.9085162E+00
   6.9360738E+00  -3.1924699E-02   1.8494329E+00  -2.4267049E-01   1.8655590E+00
   6.9440093E+00  -3.6850378E-02   1.8076997E+00  -2.4903320E-01   1.8251449E+00
   6.9521832E+00  -3.5442788E-02   1.7517501E+00  -2.6084295E-01   1.7714186E+00
   6.9605765E+00  -3.7608657E-02   1.6899391E+00  -2.7901578E-01   1.7132304E+00
   6.9687257E+00  -3.2390360E-02   1.6125791E+00  -2.9712200E-01   1.6400433E+00
   6.9769320E+00  -2.6742607E-02   1.5979003E+00  -3.1154552E-01   1.6282079E+00
   6.9848499E+00  -2.5269188E-02   1.4595568E+00  -3.2547268E-01   1.4956193E+00
   6.9930820E+00  -2.3725010E-02   1.3622593E+00  -3.3437452E-01   1.4028968E+00
   7.0014305E+00  -1.3034260E-02   1.2734131E+00  -3.5090372E-01   1.3209406E+00
   7.0095367E+00  -1.9146748E-02   1.1681179E+00  -3.6260575E-01   1.2232534E+00
   7.0175700E+00  -1.1124545E-02   1.0828303E+00  -3.7440094E-01   1.1457841E+00
   7.0258255E+00  -8.4840022E-03   9.5661151E-01  -3.8399708E-01   1.0308402E+00
   7.0339122E+00  -1.5501486E-02   8.0637848E-01  -3.9419448E-01   8.9770585E-01
   7.0419974E+00  -1.3887435E-02   6.7148191E-01  -4.0177032E-01   7.8262389E-01
   7.0502682E+00  -1.0687480E-02   5.4525310E-01  -4.0964076E-01   6.8207091E-01
   7.0584717E+00  -9.0029640E-03   4.5252439E-01  -4.1710991E-01   6.1549985E-01
   7.0664587E+00  -9.1472082E-03   3.1643048E-01  -4.2218271E-01   5.2768379E-01
   7.0746994E+00  -1.0553852E-02   1.8913637E-01  -4.2649737E-01   4.6667328E-01
   7.0829058E+00  -3.9955862E-03   2.9436624E-02  -4.3147990E-01   4.3250132E-01
   7.0909882E+00   3.2988277E-03  -1.3284320E-01  -4.3443915E-01   4.5430779E-01
   7.0990996E+00  -6.9584008E-03  -2.6372695E-01  -4.3580517E-01   5.0943738E-01
   7.1073256E+00  -6.1987201E-03  -3.9459777E-01  -4.3634883E-01   5.8834183E-01
   7.1154943E+00   1.9247592E-03  -5.0951034E-01  -4.3705589E-01   6.7128414E-01
   7.1238027E+00  -2.1168170E-03  -6.7116165E-01  -4.3454263E-01   7.9955596E-01
   7.1317716E+00   1.4795616E-03  -7.8841132E-01  -4.3241936E-01   8.9921135E-01
   7.1398754E+00   2.8100524E-03  -9.7290933E-01  -4.3090457E-01   1.0640674E+00
   7.1481919E+00  -1.9969437E-03  -1.1042409E+00  -4.2636544E-01   1.1836973E+00
   7.1563439E+00  -6.5494440E-03  -1.1938267E+00  -4.3053478E-01   1.2691041E+00
   7.1643953E+00   2.8519347E-04  -1.3245767E+00  -4.1188630E-01   1.3871387E+00
   7.1726422E+00   5.4102615E-03  -1.4373682E+00  -4.0416485E-01   1.4931194E+00
   7.1806970E+00   1.2127492E-02  -1.5500631E+00  -3.9613825E-01   1.5999275E+00
   7.1888690E+00   7.7690436E-03  -1.6370013E+00  -3.8771808E-01   1.6823076E+00
   7.1971674E+00   7.1875094E-03  -1.8204194E+00  -3.7673971E-01   1.8590082E+00
   7.2053227E+00   1.5208172E-03  -1.8530178E+00  -3.6914319E-01   1.8894296E+00
   7.2134166E+00   8.3261384E-03  -1.8814276E+00  -3.6264047E-01   1.9160761E+00
   7.2216878E+00   6.8331524E-03  -1.9828920E+00  -3.5166016E-01   2.0138452E+00
   7.2298350E+00   5.8049359E-03  -2.0882421E+00  -3.4819910E-01   2.1170807E+00
   7.2380219E+00   5.1740259E-03  -2.1595712E+00  -3.3765355E-01   2.1858144E+00
   7.2461782E+00   1.2666025E-02  -2.2078729E+00  -3.3277243E-01   2.2328458E+00
   7.2543292E+00   1.7816117E-02  -2.2414722E+00  -3.2203397E-01   2.2645576E+00
   7.2623329E+00   1.6351445E-02  -2.2960327E+00  -3.1055117E-01   2.3169971E+00
   7.2704773E+00   3.4172509E-02  -2.3257275E+00  -2.9875612E-01   2.3450866E+00
   7.2787399E+00   2.2514349E-02  -2.3479581E+00  -2.9041061E-01   2.3659570E+00
   7.2869782E+00   2.5047865E-02  -2.3585882E+00  -2.8254551E-01   2.3755836E+00
   7.2951975E+00   1.3476847E-02  -2.3668954E+00  -2.7221206E-01   2.3825355E+00
   7.3033733E+00   3.3835120E-02  -2.3581772E+00  -2.5774276E-01   2.3724620E+00
   7.3114915E+00   3.2302223E-02  -2.3333392E+00  -2.5234756E-01   2.3471675E+00
   7.3194952E+00   6.2820710E-02  -2.3212206E+00  -2.4295293E-01   2.3347456E+00
   7.3277941E+00   5.8657419E-02  -2.2749553E+00  -2.3460333E-01   2.2877722E+00
   7.3359623E+00   5.1608406E-02  -2.2600424E+00  -2.1916147E-01   2.2712302E+00
   7.3441510E+00   3.4899559E-02  -2.2181752E+00  -2.0913489E-01   2.2282856E+00
   7.3522158E+00   3.4256648E-02  -2.1405070E+00  -1.9373117E-01   2.1495292E+00
   7.3604445E+00   3.6572754E-02  -2.1034091E+00  -1.8643031E-01   2.1119714E+00
   7.3684192E+00   3.6224704E-02  -2.0226812E+00  -1.7573224E-01   2.0306239E+00
   7.3765979E+00   5.5531856E-02  -2.0096169E+00  -1.6434003E-01   2.0170898E+00
   7.3846512E+00   7.1279109E-02  -1.9347759E+00  -1.5756868E-01   1.9424897E+00
   7.3932095E+00   4.5962747E-02  -1.8438760E+00  -1.4519009E-01   1.8501544E+00
   7.4013195E+00   4.4871274E-02  -1.7273564E+00  -1.3987021E-01   1.7335908E+00
   7.4090805E+00   4.0096942E-02  -1.6451052E+00  -1.2661691E-01   1.6504577E+00
   7.4174380E+00   3.7144199E-02  -1.6206057E+00  -1.2005384E-01   1.6254709E+00
   7.4258432E+00   4.3399241E-02  -1.4647073E+00  -1.0956269E-01   1.4694403E+00
   7.4337382E+00   4.3306444E-02  -1.3713616E+00  -1.0578162E-01   1.3761170E+00
   7.4416790E+00   2.1998532E-02  -1.2644116E+00  -9.3459085E-02   1.2680517E+00
   7.4502463E+00   4.5088239E-02  -1.1506804E+00  -8.8056669E-02   1.1549252E+00
   7.4583063E+00   4.1418698E-02  -1.0418266E+00  -8.0099523E-02   1.0457218E+00
   7.4664359E+00   1.0165925E-02  -9.3846887E-01  -7.9564378E-02   9.4189048E-01
   7.4747424E+00   5.7833066E-04  -8.4277189E-01  -7.7576600E-02   8.4633499E-01
   7.4825344E+00   9.8164026E-03  -6.8423122E-01  -8.7734789E-02   6.8990296E-01
   7.4909573E+00   2.7603997E-02  -5.8044517E-01  -6.9080412E-02   5.8519286E-01
   7.4988046E+00   3.2526627E-02  -4.6923396E-01  -6.8144679E-02   4.7527066E-01
   7.5072865E+00   2.8572371E-02  -3.3870745E-01  -6.8036206E-02   3.4665263E-01
   7.5151939E+00   2.1049988E-02  -2.3118179E-01  -6.2529609E-02   2.4041229E-01
   7.5237498E+00   1.1137241E-02  -6.8917498E-02  -7.4617699E-02   1.0218347E-01
   7.5317116E+00   2.2732427E-02   2.8857486E-02  -6.8050660E-02   7.7333115E-02
   7.5396061E+00   1.7943092E-02   1.8378715E-01  -7.5762168E-02   1.9959854E-01
   7.5476990E+00   1.6207755E-02   3.1106016E-01  -7.7169105E-02   3.2089901E-01
   7.5558496E+00   1.4323833E-03   4.3728209E-01  -8.5663542E-02   4.4559616E-01
   7.5640631E+00   1.8458232E-02   5.3593904E-01  -8.6383581E-02   5.4316986E-01
   7.5724769E+00   1.2639098E-02   6.1119390E-01  -8.3084643E-02   6.1694473E-01
   7.5807943E+00   4.3898062E-03   7.8519523E-01  -8.3939306E-02   7.8968132E-01
   7.5885110E+00   4.5931884E-03   8.7327218E-01  -8.6827002E-02   8.7759006E-01
   7.5971880E+00   4.2337450E-04   1.0329541E+00  -9.3543477E-02   1.0371811E+00
   7.6048269E+00   4.8122336E-03   1.1225343E+00  -9.1384567E-02   1.1262583E+00
   7.6133065E+00   1.0181157E-03   1.2243843E+00  -9.0802111E-02   1.2277472E+00
   7.6211743E+00  -7.2094338E-04   1.3346093E+00  -9.1734119E-02   1.3377584E+00
   7.6292801E+00   5.9018084E-03   1.4624434E+00  -1.0353454E-01   1.4661156E+00
   7.6378345E+00   9.8040570E-03   1.5383859E+00  -9.8464593E-02   1.5415649E+00
   7.6458302E+00  -3.2570623E-02   1.6135170E+00  -1.1170563E-01   1.6177071E+00
   7.6543956E+00   2.9220774E-03   1.7054517E+00  -1.1437806E-01   1.7092854E+00
   7.6625299E+00  -4.0993538E-02   1.8138438E+00  -1.0849746E-01   1.8175482E+00
   7.6701379E+00  -5.8485229E-02   1.9313728E+00  -1.2244564E-01   1.9361339E+00
   7.6782479E+00  -2.2680320E-02   1.9489774E+00  -1.0500674E-01   1.9519358E+00
   7.6869850E+00  -3.5744127E-02   2.0067782E+00  -1.1044368E-01   2.0101330E+00
   7.6950369E+00  -3.2592554E-02   2.0327482E+00  -1.0427358E-01   2.0356820E+00
   7.7029023E+00  -2.5736611E-02   2.1097817E+00  -1.0780798E-01   2.1126912E+00
   7.7113380E+00  -8.8483989E-02   2.2012842E+00  -9.9391825E-02   2.2053030E+00
   7.7192593E+00  -5.9027195E-02   2.1897352E+00  -1.2245513E-01   2.1939507E+00
   7.7273130E+00  -6.9464147E-02   2.2078171E+00  -1.2672170E-01   2.2125416E+00
   7.7356448E+00  -6.9239810E-02   2.1963437E+00  -1.3503206E-01   2.2015798E+00
   7.7436962E+00  -5.2109901E-02   2.2507477E+00  -1.3305117E-01   2.2552791E+00
   7.7520370E+00  -4.9155559E-02   2.3119698E+00  -1.2298371E-01   2.3157604E+00
   7.7601070E+00  -5.1195059E-02   2.2592146E+00  -1.4748071E-01   2.2646019E+00
   7.7684388E+00  -4.0618520E-02   2.2378457E+00  -1.5041231E-01   2.2432625E+00
   7.7764006E+00  -4.6381570E-02   2.2364388E+00  -1.6285081E-01   2.2428396E+00
   7.7846751E+00  -3.0337710E-02   2.1777651E+00  -1.7848501E-01   2.1852777E+00
   7.7927275E+00  -5.2164238E-02   2.1317315E+00  -1.9959936E-01   2.1416910E+00
   7.8009830E+00  -3.4632731E-02   2.0967793E+00  -2.0957075E-01   2.1075110E+00
   7.8091469E+00  -3.7666041E-02   2.0469196E+00  -2.3128125E-01   2.0602889E+00
   7.8173633E+00  -3.5378829E-02   1.9813268E+00  -2.5048846E-01   1.9974114E+00
   7.8253474E+00  -2.7408075E-02   1.9048524E+00  -2.6386955E-01   1.9232371E+00
   7.8335419E+00  -3.1650715E-02   1.8341740E+00  -2.8048882E-01   1.8557668E+00
   7.8416886E+00  -1.9605616E-02   1.7737513E+00  -2.9482344E-01   1.7981932E+00
   7.8497233E+00  -2.7688667E-02   1.6621630E+00  -3.0846217E-01   1.6907696E+00
   7.8579102E+00  -2.7111271E-02   1.5755016E+00  -3.2169235E-01   1.6082370E+00
   7.8662143E+00  -1.9745184E-02   1.4607074E+00  -3.3162260E-01   1.4980085E+00
   7.8742647E+00  -1.5243069E-02   1.3646530E+00  -3.4241390E-01   1.4070385E+00
   7.8824382E+00  -1.6630951E-02   1.2439997E+00  -3.5282046E-01   1.2931721E+00
   7.8907824E+00  -1.0720110E-02   1.1437407E+00  -3.6384574E-01   1.2002672E+00
   7.8989215E+00  -1.3556589E-02   9.9402946E-01  -3.6975968E-01   1.0606605E+00
   7.9070024E+00  -1.0339955E-02   8.9233547E-01  -3.8086373E-01   9.7027147E-01
   7.9150581E+00  -7.0105046E-03   7.4791896E-01  -3.8818213E-01   8.4268457E-01
   7.9234872E+00  -8.9286268E-03   6.2857372E-01  -3.9470342E-01   7.4227720E-01
   7.9316392E+00  -3.1941661E-03   5.3515410E-01  -3.9993048E-01   6.6809022E-01
   7.9396434E+00  -5.2181836E-03   3.5811663E-01  -4.0410486E-01   5.3997731E-01
   7.9479709E+00  -5.9970734E-03   2.3613866E-01  -4.0710145E-01   4.7066870E-01
   7.9561510E+00  -5.5279783E-03   9.3420170E-02  -4.1120404E-01   4.2171869E-01
   7.9642100E+00  -1.1345772E-02  -1.7262289E-02  -4.1222835E-01   4.1274559E-01
   7.9721804E+00  -6.0113906E-03  -1.5390216E-01  -4.1148096E-01   4.3936157E-01
   7.9805255E+00  -5.6491089E-03  -2.9449260E-01  -4.1317585E-01   5.0741708E-01
   7.9886117E+00  -1.7201647E-03  -4.2449251E-01  -4.1260153E-01   5.9197712E-01
   7.9967117E+00  -1.1841869E-02  -5.3586453E-01  -4.0976927E-01   6.7468655E-01
   8.0048428E+00   1.8531675E-03  -6.6787440E-01  -4.0633574E-01   7.8177261E-01
   8.0130854E+00  -5.1578116E-03  -7.8911632E-01  -4.0236101E-01   8.8579088E-01
   8.0214005E+00  -1.9247669E-03  -8.9152306E-01  -3.9823246E-01   9.7642523E-01
   8.0295591E+00  -3.0756902E-03  -1.0094798E+00  -3.9253843E-01   1.0831183E+00
   8.0375347E+00   4.6433187E-03  -1.1112229E+00  -3.8583857E-01   1.1763117E+00
   8.0457439E+00   5.6593455E-03  -1.2312164E+00  -3.7916017E-01   1.2882890E+00
   8.0540257E+00   6.9155446E-03  -1.3080784E+00  -3.7208396E-01   1.3599865E+00
   8.0621281E+00   3.5367943E-02  -1.4303906E+00  -3.5832813E-01   1.4750143E+00
   8.0703135E+00   8.9763217E-03  -1.4750924E+00  -3.5737032E-01   1.5177917E+00
   8.0783625E+00   1.1792257E-02  -1.5815679E+00  -3.5057557E-01   1.6199998E+00
   8.0865269E+00   1.6130274E-02  -1.5921041E+00  -3.4359241E-01   1.6288375E+00
   8.0948162E+00   8.3637722E-03  -1.6459352E+00  -3.3744949E-01   1.6801919E+00
   8.1029730E+00   2.3521088E-02  -1.7139779E+00  -3.2904038E-01   1.7454344E+00
   8.1110497E+00   1.9089388E-02  -1.7696612E+00  -3.2133806E-01   1.7987005E+00
   8.1192160E+00   2.3560204E-02  -1.8002629E+00  -3.1156448E-01   1.8271765E+00
   8.1274052E+00   1.8139130E-02  -1.8281574E+00  -3.0004227E-01   1.8527044E+00
   8.1356506E+00   1.9361531E-02  -1.8499547E+00  -2.9609495E-01   1.8736007E+00
   8.1437836E+00   2.2220356E-02  -1.8667440E+00  -2.8772035E-01   1.8889177E+00
   8.1518135E+00   3.6583614E-02  -1.8558592E+00  -2.8399324E-01   1.8778189E+00
   8.1600838E+00   7.6396866E-03  -1.8615113E+00  -2.7874362E-01   1.8822808E+00
