  flscon:  version 22.2.0.05  win64 2022 
 FLOW-3D   23:36:55  12/12/2023 tcgi     
   hydr3d   version  22.2.0.16 win64     09/12/2022 HYDRO    
 Simulation Template: Free Surface - TruVOF (Default)                            

Mesh Block   1
 printing p, p       
       1     1002      0.000E+00      1.688E+01
   time              p_1             p_2
   0.0000000E+00   4.1561934E+03   4.1485239E+03
   8.8658482E-03   4.1057051E+03   4.1522939E+03
   1.7219579E-02   4.2075215E+03   4.2004009E+03
   3.4752045E-02   4.2401235E+03   4.2323467E+03
   5.2227523E-02   4.2694263E+03   4.2611880E+03
   6.9667466E-02   4.3149990E+03   4.3061328E+03
   8.4486015E-02   4.3289277E+03   4.3196201E+03
   9.9629782E-02   4.3627583E+03   4.3529268E+03
   1.1466561E-01   4.3653247E+03   4.3550415E+03
   1.3913472E-01   4.4085386E+03   4.3972837E+03
   1.4796476E-01   4.4451914E+03   4.4335430E+03
   1.6555588E-01   4.4725845E+03   4.4599980E+03
   1.8267162E-01   4.5037236E+03   4.4900200E+03
   2.0528187E-01   4.5292129E+03   4.5137100E+03
   2.1962102E-01   4.5512373E+03   4.5345742E+03
   2.3850942E-01   4.5951523E+03   4.5770693E+03
   2.5522247E-01   4.5916167E+03   4.5718154E+03
   2.7044240E-01   4.6360239E+03   4.6152852E+03
   2.8894860E-01   4.6353652E+03   4.6126196E+03
   3.0201176E-01   4.6442544E+03   4.6209370E+03
   3.2227987E-01   4.6946455E+03   4.6698774E+03
   3.3787444E-01   4.6882705E+03   4.6622012E+03
   3.5345596E-01   4.7167793E+03   4.6902822E+03
   3.7042916E-01   4.7158682E+03   4.6882549E+03
   3.8835800E-01   4.7285098E+03   4.7007764E+03
   4.0434465E-01   4.7270605E+03   4.6986997E+03
   4.2199004E-01   4.7304844E+03   4.7023491E+03
   4.3966287E-01   4.7333901E+03   4.7059683E+03
   4.5619172E-01   4.7181729E+03   4.6916943E+03
   4.7283792E-01   4.7261294E+03   4.6995142E+03
   4.9018261E-01   4.7174780E+03   4.6925723E+03
   5.0542545E-01   4.7004370E+03   4.6772998E+03
   5.2447975E-01   4.6916289E+03   4.6704897E+03
   5.3878945E-01   4.6817729E+03   4.6622065E+03
   5.5678952E-01   4.6600884E+03   4.6428887E+03
   5.7350242E-01   4.6446904E+03   4.6295767E+03
   5.9148639E-01   4.6175522E+03   4.6051865E+03
   6.0732651E-01   4.6052251E+03   4.5947578E+03
   6.2295222E-01   4.5803188E+03   4.5721875E+03
   6.4255118E-01   4.5388877E+03   4.5338687E+03
   6.5823245E-01   4.5356606E+03   4.5323433E+03
   6.7545182E-01   4.4885249E+03   4.4878418E+03
   6.9071406E-01   4.4906460E+03   4.4915049E+03
   7.0767331E-01   4.4428569E+03   4.4459448E+03
   7.2480351E-01   4.4005801E+03   4.4055156E+03
   7.4258798E-01   4.3538711E+03   4.3606069E+03
   7.5748634E-01   4.3329917E+03   4.3405508E+03
   7.7830261E-01   4.2774746E+03   4.2861011E+03
   7.9315412E-01   4.2790298E+03   4.2889204E+03
   8.1234109E-01   4.2322729E+03   4.2429243E+03
   8.2541341E-01   4.2195542E+03   4.2306846E+03
   8.4519649E-01   4.1782520E+03   4.1899053E+03
   8.6230946E-01   4.1273130E+03   4.1394131E+03
   8.7692428E-01   4.1204468E+03   4.1330835E+03
   8.9486361E-01   4.0790701E+03   4.0925024E+03
   9.1133904E-01   3.9799739E+03   3.9939631E+03
   9.3042952E-01   4.0142373E+03   4.0304353E+03
   9.4337505E-01   3.9462783E+03   3.9632478E+03
   9.6060616E-01   3.9645220E+03   3.9836389E+03
   9.7756010E-01   3.8880266E+03   3.9083440E+03
   9.9435925E-01   3.9206672E+03   3.9434031E+03
   1.0110655E+00   3.8543687E+03   3.8778767E+03
   1.0286790E+00   3.8829724E+03   3.9086726E+03
   1.0457360E+00   3.8527751E+03   3.8788667E+03
   1.0635825E+00   3.8309385E+03   3.8572009E+03
   1.0801437E+00   3.8249106E+03   3.8507759E+03
   1.0983344E+00   3.8138491E+03   3.8386794E+03
   1.1149398E+00   3.8019739E+03   3.8254949E+03
   1.1299691E+00   3.8004832E+03   3.8226997E+03
   1.1480135E+00   3.7876851E+03   3.8078848E+03
   1.1644843E+00   3.7748801E+03   3.7929399E+03
   1.1809254E+00   3.7909382E+03   3.8083186E+03
   1.1972493E+00   3.7951946E+03   3.8111584E+03
   1.2160883E+00   3.7899817E+03   3.8043823E+03
   1.2314950E+00   3.8026255E+03   3.8151440E+03
   1.2495911E+00   3.7969082E+03   3.8084612E+03
   1.2648323E+00   3.8058896E+03   3.8155146E+03
   1.2845258E+00   3.8067168E+03   3.8153455E+03
   1.3003142E+00   3.8182649E+03   3.8253047E+03
   1.3162030E+00   3.8240032E+03   3.8295916E+03
   1.3322167E+00   3.8380649E+03   3.8428220E+03
   1.3484857E+00   3.8438545E+03   3.8472251E+03
   1.3689314E+00   3.8693274E+03   3.8705916E+03
   1.3854138E+00   3.8671064E+03   3.8680562E+03
   1.4020929E+00   3.9002727E+03   3.8995149E+03
   1.4190269E+00   3.8911995E+03   3.8901467E+03
   1.4363079E+00   3.9108545E+03   3.9086641E+03
   1.4495109E+00   3.9388560E+03   3.9355825E+03
   1.4669504E+00   3.9271765E+03   3.9240889E+03
   1.4856610E+00   3.9595596E+03   3.9553765E+03
   1.5002387E+00   3.9866792E+03   3.9816606E+03
   1.5198631E+00   3.9969797E+03   3.9920300E+03
   1.5341525E+00   4.0590691E+03   4.0526382E+03
   1.5505233E+00   4.0283547E+03   4.0230303E+03
   1.5680271E+00   4.0759495E+03   4.0695708E+03
   1.5867326E+00   4.0970347E+03   4.0904822E+03
   1.6068538E+00   4.0992104E+03   4.0926890E+03
   1.6205424E+00   4.1799497E+03   4.1721670E+03
   1.6342479E+00   4.1635508E+03   4.1559648E+03
   1.6548806E+00   4.1559126E+03   4.1483413E+03
   1.6687031E+00   4.2113076E+03   4.2026221E+03
   1.6895925E+00   4.2138784E+03   4.2048008E+03
   1.7036872E+00   4.2507251E+03   4.2407715E+03
   1.7252150E+00   4.2950840E+03   4.2834956E+03
   1.7399031E+00   4.3104263E+03   4.2978979E+03
   1.7549182E+00   4.3711006E+03   4.3572056E+03
   1.7702181E+00   4.3505938E+03   4.3356909E+03
   1.7858584E+00   4.3490981E+03   4.3331533E+03
   1.8021598E+00   4.4203115E+03   4.4029204E+03
   1.8251565E+00   4.4625542E+03   4.4437607E+03
   1.8407774E+00   4.4587148E+03   4.4388379E+03
   1.8565784E+00   4.5018867E+03   4.4812603E+03
   1.8734747E+00   4.5003418E+03   4.4788975E+03
   1.8889282E+00   4.5366108E+03   4.5144663E+03
   1.9080956E+00   4.5495913E+03   4.5262036E+03
   1.9260681E+00   4.5819443E+03   4.5574282E+03
   1.9430354E+00   4.6015674E+03   4.5761689E+03
   1.9591032E+00   4.6067007E+03   4.5800239E+03
   1.9747353E+00   4.6062852E+03   4.5786611E+03
   1.9928807E+00   4.6458984E+03   4.6174160E+03
   2.0075214E+00   4.6903584E+03   4.6623169E+03
   2.0248210E+00   4.6881655E+03   4.6585688E+03
   2.0432558E+00   4.6735400E+03   4.6429761E+03
   2.0589881E+00   4.6860542E+03   4.6557524E+03
   2.0763156E+00   4.6911064E+03   4.6598296E+03
   2.0921719E+00   4.6926396E+03   4.6615815E+03
   2.1100597E+00   4.6977607E+03   4.6669927E+03
   2.1259415E+00   4.6832676E+03   4.6522271E+03
   2.1449976E+00   4.6829595E+03   4.6524429E+03
   2.1593897E+00   4.6768149E+03   4.6473311E+03
   2.1786244E+00   4.6611870E+03   4.6323149E+03
   2.1949427E+00   4.6468647E+03   4.6192383E+03
   2.2113609E+00   4.6343032E+03   4.6079312E+03
   2.2282224E+00   4.6120874E+03   4.5873164E+03
   2.2457929E+00   4.5980742E+03   4.5748276E+03
   2.2604218E+00   4.5942437E+03   4.5718677E+03
   2.2798312E+00   4.5516582E+03   4.5324414E+03
   2.2953575E+00   4.5368320E+03   4.5188301E+03
   2.3127663E+00   4.5103345E+03   4.4946606E+03
   2.3277462E+00   4.4708750E+03   4.4577939E+03
   2.3455496E+00   4.4429868E+03   4.4320767E+03
   2.3637559E+00   4.3481240E+03   4.3403970E+03
   2.3786802E+00   4.3096929E+03   4.3042026E+03
   2.3960297E+00   4.3626147E+03   4.3578193E+03
   2.4122128E+00   4.3006987E+03   4.2980957E+03
   2.4322927E+00   4.2041987E+03   4.2041611E+03
   2.4482746E+00   4.1898022E+03   4.1911904E+03
   2.4648829E+00   4.1581733E+03   4.1606982E+03
   2.4821255E+00   4.1544580E+03   4.1581523E+03
   2.4971075E+00   4.0676555E+03   4.0726619E+03
   2.5147302E+00   4.0950325E+03   4.1008794E+03
   2.5322878E+00   4.0219907E+03   4.0287971E+03
   2.5510192E+00   3.9825425E+03   3.9903752E+03
   2.5644975E+00   3.9282673E+03   3.9361960E+03
   2.5814719E+00   3.9349780E+03   3.9440476E+03
   2.6001816E+00   3.8853359E+03   3.8948354E+03
   2.6171184E+00   3.8505928E+03   3.8604351E+03
   2.6328888E+00   3.8155725E+03   3.8256860E+03
   2.6510103E+00   3.7931809E+03   3.8035369E+03
   2.6690507E+00   3.7682705E+03   3.7788298E+03
   2.6828961E+00   3.7330933E+03   3.7438062E+03
   2.6998463E+00   3.7309692E+03   3.7423274E+03
   2.7194633E+00   3.6981299E+03   3.7101399E+03
   2.7343142E+00   3.6269695E+03   3.6386687E+03
   2.7521527E+00   3.6586482E+03   3.6719302E+03
   2.7694099E+00   3.6190779E+03   3.6325403E+03
   2.7862444E+00   3.6204631E+03   3.6347522E+03
   2.8027642E+00   3.5986494E+03   3.6130217E+03
   2.8190448E+00   3.5841970E+03   3.5986428E+03
   2.8351421E+00   3.5688862E+03   3.5832358E+03
   2.8542736E+00   3.5619915E+03   3.5760349E+03
   2.8700976E+00   3.5518005E+03   3.5652251E+03
   2.8858383E+00   3.5464363E+03   3.5591304E+03
   2.9046407E+00   3.5432014E+03   3.5548596E+03
   2.9202530E+00   3.5403694E+03   3.5510183E+03
   2.9358253E+00   3.5382407E+03   3.5477769E+03
   2.9544702E+00   3.5401287E+03   3.5487065E+03
   2.9699798E+00   3.5406597E+03   3.5480820E+03
   2.9885654E+00   3.5431978E+03   3.5495063E+03
   3.0040362E+00   3.5479141E+03   3.5532422E+03
   3.0225847E+00   3.5532163E+03   3.5574131E+03
   3.0380306E+00   3.5589148E+03   3.5622666E+03
   3.0565557E+00   3.5680525E+03   3.5703647E+03
   3.0719862E+00   3.5774973E+03   3.5790396E+03
   3.0904958E+00   3.5881331E+03   3.5888594E+03
   3.1059163E+00   3.5991770E+03   3.5992227E+03
   3.1213331E+00   3.6146384E+03   3.6140159E+03
   3.1398299E+00   3.6255266E+03   3.6243313E+03
   3.1552413E+00   3.6432339E+03   3.6413279E+03
   3.1737325E+00   3.6623298E+03   3.6597407E+03
   3.1891403E+00   3.6757700E+03   3.6727036E+03
   3.2076280E+00   3.6687480E+03   3.6659907E+03
   3.2226799E+00   3.7186829E+03   3.7145400E+03
   3.2413454E+00   3.7375103E+03   3.7323560E+03
   3.2570412E+00   3.7582686E+03   3.7527141E+03
   3.2753980E+00   3.7958730E+03   3.7889177E+03
   3.2908010E+00   3.8165903E+03   3.8088586E+03
   3.3092842E+00   3.8427253E+03   3.8337700E+03
   3.3246865E+00   3.8747119E+03   3.8645083E+03
   3.3431685E+00   3.9053677E+03   3.8935891E+03
   3.3585701E+00   3.9311951E+03   3.9179980E+03
   3.3770514E+00   3.9640007E+03   3.9490811E+03
   3.3924522E+00   3.9994119E+03   3.9830291E+03
   3.4109328E+00   4.0327590E+03   4.0147764E+03
   3.4263332E+00   4.0597441E+03   4.0403145E+03
   3.4448135E+00   4.0998828E+03   4.0787610E+03
   3.4602134E+00   4.1284385E+03   4.1058433E+03
   3.4786932E+00   4.1669941E+03   4.1424473E+03
   3.4940929E+00   4.1908306E+03   4.1643804E+03
   3.5125725E+00   4.2323838E+03   4.2034370E+03
   3.5274034E+00   4.2556104E+03   4.2243750E+03
   3.5452018E+00   4.2856924E+03   4.2518325E+03
   3.5603156E+00   4.3120645E+03   4.2758809E+03
   3.5790555E+00   4.3451680E+03   4.3060332E+03
   3.5962987E+00   4.3662427E+03   4.3243711E+03
   3.6129220E+00   4.3989731E+03   4.3543647E+03
   3.6290653E+00   4.3731479E+03   4.3249014E+03
   3.6460962E+00   4.4449321E+03   4.3952549E+03
   3.6636443E+00   4.4529023E+03   4.4012100E+03
   3.6788027E+00   4.4658789E+03   4.4126504E+03
   3.6962366E+00   4.4797227E+03   4.4249648E+03
   3.7137229E+00   4.4894937E+03   4.4339907E+03
   3.7293015E+00   4.4914922E+03   4.4348599E+03
   3.7477920E+00   4.4955938E+03   4.4392573E+03
   3.7632494E+00   4.4938965E+03   4.4374312E+03
   3.7815790E+00   4.4896572E+03   4.4340205E+03
   3.7973969E+00   4.4830181E+03   4.4285537E+03
   3.8136201E+00   4.4743154E+03   4.4213755E+03
   3.8319709E+00   4.4590205E+03   4.4086367E+03
   3.8474679E+00   4.4443433E+03   4.3963770E+03
   3.8654583E+00   4.4276094E+03   4.3827451E+03
   3.8835948E+00   4.4045000E+03   4.3632432E+03
   3.9001656E+00   4.3838325E+03   4.3456841E+03
   3.9153974E+00   4.3637241E+03   4.3286172E+03
   3.9323633E+00   4.3015137E+03   4.2710898E+03
   3.9513223E+00   4.3296655E+03   4.3021362E+03
   3.9656689E+00   4.2406885E+03   4.2172749E+03
   3.9846928E+00   4.1801675E+03   4.1613892E+03
   4.0022111E+00   4.2565854E+03   4.2387671E+03
   4.0169816E+00   4.1874697E+03   4.1733311E+03
   4.0328207E+00   4.1312871E+03   4.1206880E+03
   4.0503192E+00   4.1455732E+03   4.1371191E+03
   4.0676942E+00   4.0650613E+03   4.0596741E+03
   4.0871935E+00   4.0498101E+03   4.0469553E+03
   4.1013808E+00   4.0486279E+03   4.0472776E+03
   4.1204586E+00   4.0106418E+03   4.0113469E+03
   4.1366825E+00   3.9465720E+03   3.9490205E+03
   4.1510253E+00   3.9306580E+03   3.9343298E+03
   4.1717911E+00   3.8906360E+03   3.8953643E+03
   4.1874471E+00   3.8926753E+03   3.8988684E+03
   4.2017021E+00   3.8444556E+03   3.8507949E+03
   4.2216377E+00   3.8146614E+03   3.8215698E+03
   4.2360749E+00   3.8094558E+03   3.8175347E+03
   4.2539091E+00   3.7787742E+03   3.7872151E+03
   4.2723064E+00   3.7546196E+03   3.7632534E+03
   4.2870774E+00   3.7457009E+03   3.7548076E+03
   4.3045716E+00   3.7204314E+03   3.7298647E+03
   4.3194036E+00   3.6981990E+03   3.7073223E+03
   4.3369160E+00   3.6873767E+03   3.6974497E+03
   4.3552294E+00   3.6715540E+03   3.6820564E+03
   4.3743396E+00   3.6470149E+03   3.6578989E+03
   4.3890228E+00   3.6423186E+03   3.6539028E+03
   4.4040203E+00   3.6181646E+03   3.6298296E+03
   4.4244123E+00   3.6221353E+03   3.6347383E+03
   4.4399462E+00   3.5955149E+03   3.6079402E+03
   4.4557686E+00   3.6006626E+03   3.6137402E+03
   4.4754534E+00   3.5864167E+03   3.5991082E+03
   4.4902573E+00   3.5736843E+03   3.5860417E+03
   4.5075159E+00   3.5806880E+03   3.5926501E+03
   4.5220528E+00   3.5764146E+03   3.5880696E+03
   4.5421319E+00   3.5722192E+03   3.5830559E+03
   4.5563965E+00   3.5690586E+03   3.5788210E+03
   4.5762773E+00   3.5676011E+03   3.5764795E+03
   4.5918055E+00   3.5691641E+03   3.5774932E+03
   4.6077008E+00   3.5711531E+03   3.5785452E+03
   4.6236048E+00   3.5736995E+03   3.5796768E+03
   4.6395712E+00   3.5748171E+03   3.5804187E+03
   4.6613469E+00   3.5848303E+03   3.5893076E+03
   4.6776724E+00   3.5842920E+03   3.5879207E+03
   4.6940851E+00   3.5861238E+03   3.5893901E+03
   4.7097306E+00   3.6000647E+03   3.6023542E+03
   4.7284203E+00   3.6132568E+03   3.6146189E+03
   4.7450995E+00   3.6163330E+03   3.6173523E+03
   4.7616448E+00   3.6238108E+03   3.6246768E+03
   4.7752485E+00   3.6452708E+03   3.6451362E+03
   4.7958384E+00   3.6486804E+03   3.6480305E+03
   4.8132100E+00   3.6667786E+03   3.6653472E+03
   4.8247671E+00   3.6835691E+03   3.6817246E+03
   4.8469801E+00   3.6904043E+03   3.6882705E+03
   4.8590398E+00   3.7134243E+03   3.7107319E+03
   4.8771496E+00   3.7174990E+03   3.7146350E+03
   4.8953466E+00   3.7473105E+03   3.7441433E+03
   4.9133959E+00   3.7672927E+03   3.7622166E+03
   4.9310498E+00   3.7942544E+03   3.7896392E+03
   4.9473252E+00   3.8473813E+03   3.8404888E+03
   4.9636421E+00   3.8396877E+03   3.8327656E+03
   4.9791775E+00   3.8581777E+03   3.8507092E+03
   4.9977088E+00   3.9546543E+03   3.9446956E+03
   5.0122118E+00   3.9172271E+03   3.9068672E+03
   5.0319762E+00   3.9400845E+03   3.9288589E+03
   5.0464730E+00   3.9849043E+03   3.9718586E+03
   5.0651670E+00   4.0221328E+03   4.0071526E+03
   5.0788484E+00   4.0745142E+03   4.0580193E+03
   5.0964718E+00   4.0535957E+03   4.0357507E+03
   5.1137714E+00   4.1182144E+03   4.0984590E+03
   5.1316047E+00   4.1434863E+03   4.1220825E+03
   5.1491446E+00   4.1710806E+03   4.1480586E+03
   5.1661100E+00   4.1824590E+03   4.1576187E+03
   5.1826720E+00   4.3252344E+03   4.2986597E+03
   5.1985984E+00   4.3319863E+03   4.3029170E+03
   5.2160640E+00   4.2665137E+03   4.2355220E+03
   5.2343354E+00   4.3454321E+03   4.3120483E+03
   5.2481546E+00   4.3628408E+03   4.3272412E+03
   5.2660699E+00   4.3862397E+03   4.3482212E+03
   5.2832580E+00   4.4040791E+03   4.3632817E+03
   5.3009439E+00   4.4379395E+03   4.3951221E+03
   5.3168902E+00   4.4524360E+03   4.4073164E+03
   5.3348083E+00   4.4641406E+03   4.4167363E+03
   5.3520126E+00   4.4817031E+03   4.4326201E+03
   5.3684430E+00   4.4891245E+03   4.4385767E+03
   5.3840389E+00   4.4979927E+03   4.4469717E+03
   5.4010000E+00   4.4987031E+03   4.4469795E+03
   5.4181585E+00   4.4992056E+03   4.4472173E+03
   5.4357586E+00   4.4975332E+03   4.4460522E+03
   5.4511657E+00   4.4904565E+03   4.4398501E+03
   5.4695973E+00   4.4797817E+03   4.4303457E+03
   5.4857841E+00   4.4661890E+03   4.4187617E+03
   5.5024424E+00   4.4569766E+03   4.4113306E+03
   5.5207968E+00   4.4353320E+03   4.3927773E+03
   5.5367599E+00   4.4193809E+03   4.3794746E+03
   5.5538383E+00   4.3905098E+03   4.3541968E+03
   5.5713906E+00   4.3737031E+03   4.3408623E+03
   5.5880852E+00   4.3448818E+03   4.3153472E+03
   5.6026459E+00   4.3230088E+03   4.2966191E+03
   5.6212945E+00   4.2770811E+03   4.2550410E+03
   5.6385083E+00   4.2591699E+03   4.2405347E+03
   5.6561241E+00   4.1990210E+03   4.1838564E+03
   5.6731758E+00   4.2131978E+03   4.2007817E+03
   5.6882410E+00   4.1551323E+03   4.1455889E+03
   5.7045345E+00   4.1235820E+03   4.1169150E+03
   5.7218351E+00   4.0982769E+03   4.0939412E+03
   5.7384911E+00   4.0626492E+03   4.0605662E+03
   5.7553563E+00   4.0295596E+03   4.0294790E+03
   5.7718921E+00   3.9952783E+03   3.9969856E+03
   5.7886853E+00   3.9673540E+03   3.9706309E+03
   5.8053579E+00   3.9421545E+03   3.9468501E+03
   5.8247042E+00   3.9117952E+03   3.9178557E+03
   5.8408594E+00   3.8340044E+03   3.8400442E+03
   5.8573465E+00   3.8732751E+03   3.8810347E+03
   5.8727183E+00   3.8266274E+03   3.8347170E+03
   5.8915157E+00   3.7922583E+03   3.8007727E+03
   5.9071841E+00   3.7663916E+03   3.7753145E+03
   5.9238892E+00   3.7402332E+03   3.7492422E+03
   5.9423223E+00   3.7161968E+03   3.7254749E+03
   5.9580455E+00   3.7017886E+03   3.7115229E+03
   5.9769034E+00   3.6751174E+03   3.6852429E+03
   5.9929881E+00   3.6599956E+03   3.6705908E+03
   6.0093775E+00   3.6422686E+03   3.6533853E+03
   6.0261860E+00   3.6276794E+03   3.6394482E+03
   6.0433245E+00   3.6125779E+03   3.6249385E+03
   6.0607347E+00   3.5979021E+03   3.6108213E+03
   6.0785065E+00   3.5841401E+03   3.5976208E+03
   6.0929351E+00   3.5746147E+03   3.5884048E+03
   6.1111598E+00   3.5636501E+03   3.5775833E+03
   6.1258297E+00   3.5568381E+03   3.5707043E+03
   6.1443353E+00   3.5483062E+03   3.5618188E+03
   6.1622491E+00   3.5408047E+03   3.5538328E+03
   6.1797466E+00   3.5356863E+03   3.5480715E+03
   6.1934052E+00   3.5332102E+03   3.5450640E+03
   6.2134714E+00   3.5283511E+03   3.5392246E+03
   6.2299023E+00   3.5262573E+03   3.5363342E+03
   6.2460680E+00   3.5240891E+03   3.5332639E+03
   6.2614636E+00   3.5233110E+03   3.5317395E+03
   6.2789612E+00   3.5231138E+03   3.5306736E+03
   6.2954273E+00   3.5229153E+03   3.5298047E+03
   6.3124890E+00   3.5232905E+03   3.5293530E+03
   6.3316569E+00   3.5245906E+03   3.5298472E+03
   6.3487711E+00   3.5276746E+03   3.5325737E+03
   6.3653259E+00   3.5306628E+03   3.5347598E+03
   6.3809276E+00   3.5330454E+03   3.5366023E+03
   6.3963161E+00   3.5371943E+03   3.5402700E+03
   6.4156027E+00   3.5428811E+03   3.5453931E+03
   6.4307218E+00   3.5468574E+03   3.5488784E+03
   6.4490337E+00   3.5611729E+03   3.5622734E+03
   6.4633307E+00   3.5562605E+03   3.5574893E+03
   6.4808726E+00   3.5706245E+03   3.5710222E+03
   6.4981360E+00   3.5694565E+03   3.5696421E+03
   6.5151887E+00   3.5846409E+03   3.5840952E+03
   6.5320811E+00   3.5909963E+03   3.5902261E+03
   6.5488501E+00   3.6190259E+03   3.6164824E+03
   6.5655241E+00   3.6091045E+03   3.6064666E+03
   6.5821242E+00   3.6223750E+03   3.6205471E+03
   6.5986667E+00   3.6368733E+03   3.6342224E+03
   6.6184602E+00   3.6508081E+03   3.6476299E+03
   6.6349173E+00   3.6648730E+03   3.6615430E+03
   6.6513486E+00   3.6905098E+03   3.6871479E+03
   6.6677589E+00   3.6946799E+03   3.6899673E+03
   6.6858845E+00   3.7060542E+03   3.7018677E+03
   6.7035513E+00   3.7221401E+03   3.7175725E+03
   6.7168093E+00   3.7429402E+03   3.7375205E+03
   6.7341366E+00   3.7602317E+03   3.7548777E+03
   6.7508135E+00   3.7650713E+03   3.7589771E+03
   6.7669826E+00   3.8074497E+03   3.8007327E+03
   6.7871799E+00   3.8365020E+03   3.8293022E+03
   6.8033967E+00   3.8362576E+03   3.8281753E+03
   6.8191118E+00   3.9100815E+03   3.9007744E+03
   6.8350692E+00   3.8801885E+03   3.8704832E+03
   6.8545513E+00   3.9234255E+03   3.9122827E+03
   6.8703437E+00   3.9172610E+03   3.9052764E+03
   6.8860817E+00   4.0362937E+03   4.0228223E+03
   6.9039040E+00   3.9644260E+03   3.9496196E+03
   6.9216666E+00   4.0063569E+03   3.9909421E+03
   6.9392929E+00   4.0405364E+03   4.0240486E+03
   6.9537258E+00   4.0434114E+03   4.0262166E+03
   6.9715147E+00   4.0757678E+03   4.0578994E+03
   6.9888453E+00   4.0933757E+03   4.0746462E+03
   7.0063486E+00   4.1166704E+03   4.0971665E+03
   7.0237494E+00   4.1360547E+03   4.1157686E+03
   7.0376210E+00   4.1495947E+03   4.1287705E+03
   7.0552716E+00   4.1684048E+03   4.1467349E+03
   7.0725985E+00   4.1817944E+03   4.1594116E+03
   7.0896850E+00   4.1954912E+03   4.1724170E+03
   7.1070905E+00   4.2042529E+03   4.1805161E+03
   7.1243620E+00   4.2122798E+03   4.1880688E+03
   7.1385007E+00   4.2192163E+03   4.1948354E+03
   7.1574893E+00   4.2258994E+03   4.2022339E+03
   7.1726289E+00   4.2213848E+03   4.1964946E+03
   7.1914587E+00   4.2255493E+03   4.2020513E+03
   7.2065015E+00   4.2218008E+03   4.1972734E+03
   7.2253203E+00   4.2213179E+03   4.1975483E+03
   7.2404094E+00   4.2082388E+03   4.1860972E+03
   7.2583508E+00   4.1960532E+03   4.1751841E+03
   7.2760110E+00   4.1945200E+03   4.1740073E+03
   7.2936945E+00   4.1749243E+03   4.1563628E+03
   7.3074722E+00   4.1638740E+03   4.1465957E+03
   7.3254533E+00   4.1490444E+03   4.1332573E+03
   7.3435836E+00   4.1150894E+03   4.1017407E+03
   7.3581529E+00   4.1217354E+03   4.1091865E+03
   7.3753810E+00   4.0626077E+03   4.0531565E+03
   7.3944674E+00   4.0861182E+03   4.0774597E+03
   7.4092288E+00   4.0386565E+03   4.0322969E+03
   7.4283571E+00   4.0292822E+03   4.0244495E+03
   7.4437184E+00   4.0025854E+03   3.9994775E+03
   7.4622116E+00   3.9193916E+03   3.9187075E+03
   7.4764986E+00   3.9191436E+03   3.9199438E+03
   7.4948621E+00   3.9335500E+03   3.9348933E+03
   7.5115271E+00   3.8758713E+03   3.8788564E+03
   7.5291462E+00   3.8647415E+03   3.8688608E+03
   7.5467315E+00   3.8072844E+03   3.8125032E+03
   7.5635018E+00   3.7938950E+03   3.7998350E+03
   7.5796824E+00   3.7938228E+03   3.8007905E+03
   7.5953259E+00   3.7529045E+03   3.7605181E+03
   7.6138458E+00   3.7284087E+03   3.7368662E+03
   7.6292424E+00   3.6999988E+03   3.7089377E+03
   7.6467724E+00   3.6773572E+03   3.6867190E+03
   7.6649776E+00   3.6497476E+03   3.6595190E+03
   7.6806707E+00   3.6272141E+03   3.6371326E+03
   7.6985030E+00   3.5983755E+03   3.6087048E+03
   7.7155409E+00   3.5765022E+03   3.5871626E+03
   7.7304697E+00   3.5608962E+03   3.5721919E+03
   7.7478604E+00   3.5324836E+03   3.5445730E+03
   7.7654057E+00   3.5134614E+03   3.5266248E+03
   7.7831802E+00   3.4916653E+03   3.5060471E+03
   7.7982469E+00   3.4735081E+03   3.4890115E+03
   7.8164945E+00   3.4529878E+03   3.4697915E+03
   7.8319769E+00   3.4362988E+03   3.4540938E+03
   7.8507633E+00   3.4181138E+03   3.4369524E+03
   7.8665881E+00   3.4010125E+03   3.4203062E+03
   7.8825693E+00   3.3898342E+03   3.4094583E+03
   7.8985801E+00   3.3778560E+03   3.3972468E+03
   7.9180336E+00   3.3627793E+03   3.3814824E+03
   7.9344058E+00   3.3536450E+03   3.3715459E+03
   7.9505477E+00   3.3451494E+03   3.3620630E+03
   7.9669495E+00   3.3374805E+03   3.3533572E+03
   7.9840536E+00   3.3285159E+03   3.3432190E+03
   8.0006933E+00   3.3221199E+03   3.3356475E+03
   8.0170593E+00   3.3176091E+03   3.3301311E+03
   8.0334959E+00   3.3109871E+03   3.3224106E+03
   8.0524502E+00   3.3031299E+03   3.3133572E+03
   8.0684090E+00   3.3071030E+03   3.3165300E+03
   8.0847349E+00   3.3012209E+03   3.3097161E+03
   8.1013012E+00   3.3006526E+03   3.3081057E+03
   8.1205807E+00   3.2969670E+03   3.3031677E+03
   8.1374216E+00   3.3008787E+03   3.3066401E+03
   8.1541948E+00   3.3022983E+03   3.3069873E+03
   8.1709194E+00   3.3012808E+03   3.3051890E+03
   8.1876125E+00   3.3061511E+03   3.3091240E+03
   8.2036915E+00   3.3090979E+03   3.3113630E+03
   8.2191143E+00   3.3240791E+03   3.3246353E+03
   8.2369308E+00   3.3172961E+03   3.3178096E+03
   8.2541075E+00   3.3280886E+03   3.3277734E+03
   8.2707272E+00   3.3367202E+03   3.3355613E+03
   8.2868853E+00   3.3433225E+03   3.3414224E+03
   8.3050508E+00   3.3607117E+03   3.3578535E+03
   8.3229284E+00   3.3660623E+03   3.3627429E+03
   8.3391953E+00   3.3940210E+03   3.3896604E+03
   8.3553076E+00   3.3981345E+03   3.3930498E+03
   8.3734255E+00   3.4117915E+03   3.4073245E+03
   8.3881969E+00   3.4310872E+03   3.4258774E+03
   8.4056559E+00   3.4512932E+03   3.4458494E+03
   8.4222775E+00   3.4725718E+03   3.4667825E+03
   8.4397469E+00   3.4917234E+03   3.4856101E+03
   8.4567251E+00   3.5408489E+03   3.5337546E+03
   8.4739246E+00   3.5290286E+03   3.5223411E+03
   8.4914532E+00   3.5972986E+03   3.5894216E+03
   8.5061293E+00   3.6182766E+03   3.6099514E+03
   8.5242929E+00   3.6164255E+03   3.6077900E+03
   8.5426426E+00   3.6833435E+03   3.6734502E+03
   8.5580845E+00   3.7063696E+03   3.6956453E+03
   8.5740995E+00   3.7120020E+03   3.7003162E+03
   8.5933867E+00   3.7709158E+03   3.7572063E+03
   8.6097069E+00   3.8072317E+03   3.7917942E+03
   8.6263227E+00   3.8322068E+03   3.8151738E+03
   8.6431046E+00   3.8917092E+03   3.8728977E+03
   8.6596794E+00   3.9074492E+03   3.8871208E+03
   8.6762867E+00   3.9544927E+03   3.9329224E+03
   8.6921997E+00   3.9825088E+03   3.9595862E+03
   8.7104940E+00   4.0172654E+03   3.9931340E+03
   8.7256775E+00   4.0475449E+03   4.0222114E+03
   8.7440357E+00   4.0804382E+03   4.0537708E+03
   8.7594309E+00   4.1185801E+03   4.0910596E+03
   8.7784758E+00   4.1402783E+03   4.1107915E+03
   8.7943687E+00   4.1639443E+03   4.1332310E+03
   8.8106804E+00   4.1886841E+03   4.1567793E+03
   8.8272104E+00   4.2059038E+03   4.1726929E+03
   8.8453817E+00   4.2261230E+03   4.1919810E+03
   8.8631124E+00   4.2328452E+03   4.1980068E+03
   8.8778639E+00   4.2445054E+03   4.2097451E+03
   8.8968573E+00   4.2464746E+03   4.2114595E+03
   8.9133635E+00   4.2479062E+03   4.2139731E+03
   8.9303036E+00   4.2440806E+03   4.2104517E+03
   8.9457130E+00   4.2399917E+03   4.2075352E+03
   8.9637737E+00   4.2305801E+03   4.2000278E+03
   8.9800968E+00   4.2186709E+03   4.1896084E+03
   8.9967527E+00   4.2053960E+03   4.1788955E+03
   9.0147686E+00   4.1857427E+03   4.1616543E+03
   9.0317574E+00   4.1619478E+03   4.1413667E+03
   9.0484324E+00   4.1445254E+03   4.1261699E+03
   9.0649881E+00   4.1142178E+03   4.0994141E+03
   9.0813770E+00   4.0911853E+03   4.0791597E+03
   9.0981131E+00   4.0803940E+03   4.0707974E+03
   9.1145496E+00   4.0917900E+03   4.0845249E+03
   9.1318665E+00   4.0164246E+03   4.0131052E+03
   9.1492081E+00   3.9710344E+03   3.9704644E+03
   9.1667032E+00   3.9432209E+03   3.9452546E+03
   9.1837854E+00   3.8856416E+03   3.8896545E+03
   9.2005262E+00   3.7985979E+03   3.8058110E+03
   9.2164145E+00   3.8100474E+03   3.8171860E+03
   9.2328453E+00   3.8159919E+03   3.8249045E+03
   9.2513180E+00   3.7914209E+03   3.8015288E+03
   9.2673950E+00   3.7014214E+03   3.7124194E+03
   9.2832584E+00   3.6912024E+03   3.7032078E+03
   9.3008366E+00   3.6473887E+03   3.6600571E+03
   9.3165827E+00   3.6225046E+03   3.6357388E+03
   9.3339100E+00   3.5849104E+03   3.5983855E+03
   9.3516626E+00   3.5567617E+03   3.5703740E+03
   9.3685713E+00   3.5273655E+03   3.5413665E+03
   9.3854980E+00   3.5011853E+03   3.5156350E+03
   9.4026766E+00   3.4699226E+03   3.4848655E+03
   9.4192686E+00   3.4460291E+03   3.4616248E+03
   9.4354324E+00   3.4213882E+03   3.4377317E+03
   9.4539042E+00   3.3977239E+03   3.4151074E+03
   9.4700127E+00   3.3802686E+03   3.3984561E+03
   9.4860334E+00   3.3596055E+03   3.3781428E+03
   9.5040760E+00   3.3450920E+03   3.3641836E+03
   9.5201559E+00   3.3290586E+03   3.3479661E+03
   9.5364676E+00   3.3188420E+03   3.3374434E+03
   9.5530844E+00   3.3051445E+03   3.3228723E+03
   9.5699062E+00   3.2964595E+03   3.3130222E+03
   9.5872850E+00   3.2877446E+03   3.3029443E+03
   9.6051102E+00   3.2794441E+03   3.2931145E+03
   9.6206341E+00   3.2756169E+03   3.2881240E+03
   9.6382179E+00   3.2690027E+03   3.2799858E+03
   9.6558895E+00   3.2666348E+03   3.2761572E+03
   9.6733656E+00   3.2634946E+03   3.2718594E+03
   9.6883230E+00   3.2619583E+03   3.2695337E+03
   9.7055120E+00   3.2591997E+03   3.2659099E+03
   9.7226467E+00   3.2593242E+03   3.2652949E+03
   9.7397089E+00   3.2594792E+03   3.2645906E+03
   9.7573290E+00   3.2609404E+03   3.2654990E+03
   9.7742167E+00   3.2626553E+03   3.2667546E+03
   9.7911406E+00   3.2653506E+03   3.2689895E+03
   9.8080988E+00   3.2693889E+03   3.2724226E+03
   9.8248510E+00   3.2718457E+03   3.2745564E+03
   9.8398380E+00   3.2755901E+03   3.2778562E+03
   9.8568192E+00   3.2830012E+03   3.2845542E+03
   9.8742085E+00   3.2889893E+03   3.2904619E+03
   9.8920012E+00   3.2960945E+03   3.2970032E+03
   9.9074554E+00   3.2974182E+03   3.2982146E+03
   9.9256239E+00   3.3149473E+03   3.3150283E+03
   9.9411793E+00   3.3367639E+03   3.3360132E+03
   9.9593086E+00   3.3404961E+03   3.3397222E+03
   9.9748421E+00   3.3476187E+03   3.3465374E+03
   9.9929638E+00   3.3577151E+03   3.3563865E+03
   1.0011024E+01   3.3868943E+03   3.3848013E+03
   1.0026428E+01   3.3899541E+03   3.3877019E+03
   1.0043399E+01   3.4135330E+03   3.4106619E+03
   1.0060618E+01   3.4298066E+03   3.4267134E+03
   1.0077435E+01   3.4799797E+03   3.4756421E+03
   1.0093533E+01   3.4951345E+03   3.4896292E+03
   1.0110626E+01   3.4844819E+03   3.4794800E+03
   1.0127419E+01   3.5181121E+03   3.5137083E+03
   1.0145964E+01   3.5426770E+03   3.5375789E+03
   1.0162393E+01   3.5715198E+03   3.5654197E+03
   1.0178718E+01   3.5962812E+03   3.5898298E+03
   1.0195434E+01   3.6234705E+03   3.6163335E+03
   1.0212008E+01   3.6509050E+03   3.6431931E+03
   1.0228376E+01   3.6818218E+03   3.6725811E+03
   1.0245154E+01   3.7160449E+03   3.7055176E+03
   1.0263366E+01   3.7726514E+03   3.7601560E+03
   1.0278933E+01   3.7738296E+03   3.7601025E+03
   1.0296238E+01   3.8393450E+03   3.8233203E+03
   1.0313540E+01   3.8449775E+03   3.8273198E+03
   1.0330844E+01   3.9012642E+03   3.8820190E+03
   1.0348396E+01   3.9257251E+03   3.9051797E+03
   1.0363970E+01   3.9533145E+03   3.9314985E+03
   1.0381810E+01   3.9863198E+03   3.9631206E+03
   1.0397279E+01   4.0223120E+03   3.9980596E+03
   1.0414864E+01   4.0587646E+03   4.0332852E+03
   1.0432531E+01   4.0762944E+03   4.0490830E+03
   1.0449622E+01   4.1136899E+03   4.0851665E+03
   1.0464873E+01   4.1343813E+03   4.1046338E+03
   1.0482939E+01   4.1527974E+03   4.1215234E+03
   1.0498832E+01   4.1696260E+03   4.1374072E+03
   1.0517289E+01   4.1931597E+03   4.1599453E+03
   1.0533595E+01   4.2046006E+03   4.1710225E+03
   1.0549665E+01   4.2068296E+03   4.1726294E+03
   1.0567681E+01   4.2182319E+03   4.1842021E+03
   1.0583081E+01   4.2163340E+03   4.1828652E+03
   1.0600718E+01   4.2131064E+03   4.1800513E+03
   1.0618672E+01   4.2067773E+03   4.1746826E+03
   1.0634035E+01   4.2000767E+03   4.1695356E+03
   1.0651533E+01   4.1900986E+03   4.1615137E+03
   1.0668263E+01   4.1735308E+03   4.1471641E+03
   1.0684473E+01   4.1563057E+03   4.1322964E+03
   1.0702626E+01   4.1364600E+03   4.1150498E+03
   1.0718287E+01   4.1120933E+03   4.0935955E+03
   1.0735008E+01   4.0927703E+03   4.0771116E+03
   1.0752856E+01   4.0665125E+03   4.0554607E+03
   1.0769609E+01   4.0358831E+03   4.0268865E+03
   1.0786437E+01   4.0021003E+03   3.9958306E+03
   1.0803604E+01   3.9785464E+03   3.9749988E+03
   1.0819102E+01   3.9409485E+03   3.9396230E+03
   1.0836852E+01   3.9205688E+03   3.9215801E+03
   1.0854722E+01   3.8692610E+03   3.8728118E+03
   1.0870134E+01   3.8422686E+03   3.8471780E+03
   1.0886883E+01   3.8113135E+03   3.8180837E+03
   1.0903823E+01   3.7691443E+03   3.7769082E+03
   1.0920925E+01   3.7371462E+03   3.7462295E+03
   1.0938152E+01   3.7035464E+03   3.7135303E+03
   1.0955606E+01   3.6799436E+03   3.6910645E+03
   1.0971325E+01   3.6287686E+03   3.6405396E+03
   1.0989161E+01   3.5710664E+03   3.5825020E+03
   1.1005095E+01   3.5907244E+03   3.6038459E+03
   1.1022830E+01   3.5476741E+03   3.5605991E+03
   1.1039534E+01   3.5316890E+03   3.5448345E+03
   1.1055597E+01   3.4884868E+03   3.5013367E+03
   1.1073463E+01   3.4534631E+03   3.4685811E+03
   1.1089374E+01   3.3991802E+03   3.4135671E+03
   1.1107507E+01   3.4351731E+03   3.4511570E+03
   1.1123612E+01   3.4284963E+03   3.4453784E+03
   1.1141639E+01   3.4064983E+03   3.4234583E+03
   1.1158106E+01   3.3582473E+03   3.3758384E+03
   1.1174967E+01   3.3627620E+03   3.3808445E+03
   1.1192093E+01   3.3348997E+03   3.3529275E+03
   1.1207571E+01   3.3338320E+03   3.3521770E+03
   1.1225021E+01   3.3224968E+03   3.3404150E+03
   1.1241822E+01   3.3256353E+03   3.3426807E+03
   1.1258843E+01   3.2962668E+03   3.3120674E+03
   1.1275564E+01   3.2960383E+03   3.3107610E+03
   1.1292197E+01   3.2823699E+03   3.2954739E+03
   1.1308926E+01   3.2743518E+03   3.2858870E+03
   1.1325659E+01   3.2800437E+03   3.2905850E+03
   1.1342557E+01   3.2658340E+03   3.2750840E+03
   1.1359688E+01   3.2693010E+03   3.2775872E+03
   1.1377027E+01   3.2647341E+03   3.2719309E+03
   1.1394409E+01   3.2625488E+03   3.2688030E+03
   1.1410060E+01   3.2588223E+03   3.2641206E+03
   1.1427639E+01   3.2617729E+03   3.2665601E+03
   1.1443711E+01   3.2614258E+03   3.2657839E+03
   1.1461992E+01   3.2596653E+03   3.2628184E+03
   1.1478307E+01   3.2635415E+03   3.2668589E+03
   1.1494988E+01   3.2653469E+03   3.2682527E+03
   1.1511827E+01   3.2714912E+03   3.2736426E+03
   1.1528595E+01   3.2691526E+03   3.2717192E+03
   1.1545234E+01   3.2773318E+03   3.2789243E+03
   1.1563799E+01   3.2831460E+03   3.2842683E+03
   1.1580161E+01   3.2872729E+03   3.2883787E+03
   1.1596432E+01   3.2983650E+03   3.2989126E+03
   1.1612603E+01   3.3020403E+03   3.3023203E+03
   1.1630690E+01   3.3134795E+03   3.3135376E+03
   1.1646679E+01   3.3247297E+03   3.3243164E+03
   1.1664565E+01   3.3344294E+03   3.3335725E+03
   1.1680374E+01   3.3503806E+03   3.3489604E+03
   1.1698221E+01   3.3602632E+03   3.3580779E+03
   1.1714004E+01   3.3815278E+03   3.3793242E+03
   1.1731683E+01   3.3903452E+03   3.3879087E+03
   1.1749299E+01   3.4085332E+03   3.4054036E+03
   1.1764870E+01   3.4299944E+03   3.4269275E+03
   1.1782346E+01   3.4451604E+03   3.4412900E+03
   1.1799763E+01   3.4951570E+03   3.4899299E+03
   1.1815173E+01   3.4726370E+03   3.4686333E+03
   1.1832459E+01   3.5006387E+03   3.4956003E+03
   1.1849799E+01   3.5439609E+03   3.5382034E+03
   1.1867027E+01   3.5742603E+03   3.5669431E+03
   1.1884196E+01   3.5913398E+03   3.5838225E+03
   1.1901327E+01   3.6183762E+03   3.6108420E+03
   1.1916474E+01   3.6500303E+03   3.6412068E+03
   1.1935034E+01   3.6824854E+03   3.6726409E+03
   1.1951387E+01   3.7135688E+03   3.7019136E+03
   1.1967402E+01   3.7473293E+03   3.7341172E+03
   1.1985271E+01   3.7824531E+03   3.7673291E+03
   1.2001262E+01   3.8210105E+03   3.8040276E+03
   1.2018963E+01   3.8482332E+03   3.8297991E+03
   1.2035287E+01   3.8865649E+03   3.8668604E+03
   1.2051620E+01   3.9188613E+03   3.8978186E+03
   1.2069757E+01   3.9515242E+03   3.9293557E+03
   1.2086119E+01   3.9802749E+03   3.9568762E+03
   1.2102345E+01   4.0135393E+03   3.9889646E+03
   1.2119844E+01   4.0393088E+03   4.0133496E+03
   1.2137136E+01   4.0719180E+03   4.0446807E+03
   1.2154432E+01   4.0890747E+03   4.0604258E+03
   1.2170058E+01   4.1155283E+03   4.0858413E+03
   1.2187315E+01   4.1274458E+03   4.0964189E+03
   1.2204572E+01   4.1511245E+03   4.1196353E+03
   1.2221977E+01   4.1585615E+03   4.1262344E+03
   1.2237711E+01   4.1727471E+03   4.1407861E+03
   1.2254324E+01   4.1723667E+03   4.1401729E+03
   1.2271643E+01   4.1694131E+03   4.1354053E+03
   1.2289061E+01   4.1756982E+03   4.1435537E+03
   1.2306058E+01   4.1632153E+03   4.1314839E+03
   1.2322741E+01   4.1629521E+03   4.1331484E+03
   1.2339357E+01   4.1473374E+03   4.1200845E+03
   1.2355377E+01   4.1362046E+03   4.1111426E+03
   1.2372857E+01   4.1180933E+03   4.0947751E+03
   1.2389520E+01   4.1012378E+03   4.0807510E+03
   1.2406961E+01   4.0752861E+03   4.0590137E+03
   1.2423126E+01   4.0563828E+03   4.0414773E+03
   1.2440989E+01   4.0235542E+03   4.0120688E+03
   1.2457091E+01   4.0039072E+03   3.9947517E+03
   1.2474907E+01   3.9623293E+03   3.9570981E+03
   1.2491388E+01   3.9393921E+03   3.9363638E+03
   1.2508130E+01   3.9067786E+03   3.9064160E+03
   1.2525075E+01   3.8589958E+03   3.8605891E+03
   1.2542275E+01   3.8466204E+03   3.8506089E+03
   1.2558108E+01   3.7938286E+03   3.7997378E+03
   1.2575460E+01   3.7767307E+03   3.7835549E+03
   1.2592344E+01   3.7430596E+03   3.7513987E+03
   1.2609216E+01   3.6895837E+03   3.6992144E+03
   1.2625917E+01   3.6811470E+03   3.6917571E+03
   1.2642809E+01   3.6518113E+03   3.6622466E+03
   1.2659657E+01   3.6117253E+03   3.6246460E+03
   1.2676353E+01   3.5860979E+03   3.5995542E+03
   1.2694150E+01   3.4970874E+03   3.5079966E+03
   1.2710322E+01   3.5004741E+03   3.5132446E+03
   1.2728039E+01   3.4592646E+03   3.4725518E+03
   1.2744498E+01   3.4611028E+03   3.4745979E+03
   1.2761054E+01   3.4416882E+03   3.4562024E+03
   1.2777872E+01   3.4235549E+03   3.4392300E+03
   1.2794522E+01   3.3579846E+03   3.3726938E+03
   1.2811393E+01   3.3776536E+03   3.3943208E+03
   1.2828491E+01   3.3493643E+03   3.3665630E+03
   1.2845735E+01   3.3126079E+03   3.3308352E+03
   1.2862837E+01   3.3160759E+03   3.3349858E+03
   1.2879860E+01   3.2973926E+03   3.3167190E+03
   1.2897128E+01   3.2793459E+03   3.2983975E+03
   1.2912686E+01   3.2694231E+03   3.2880359E+03
   1.2929630E+01   3.2601001E+03   3.2776758E+03
   1.2946739E+01   3.2452603E+03   3.2615554E+03
   1.2964101E+01   3.2379600E+03   3.2527625E+03
   1.2979986E+01   3.2267700E+03   3.2401704E+03
   1.2997584E+01   3.2312878E+03   3.2437136E+03
   1.3013680E+01   3.2349209E+03   3.2465718E+03
   1.3031496E+01   3.2160813E+03   3.2260208E+03
   1.3047858E+01   3.2060269E+03   3.2147568E+03
   1.3064320E+01   3.2086101E+03   3.2163943E+03
   1.3082621E+01   3.2143015E+03   3.2214189E+03
   1.3099415E+01   3.1994834E+03   3.2050957E+03
   1.3116303E+01   3.2086250E+03   3.2135227E+03
   1.3133370E+01   3.2065359E+03   3.2108367E+03
   1.3148793E+01   3.2103005E+03   3.2141772E+03
   1.3165964E+01   3.2088848E+03   3.2121602E+03
   1.3183176E+01   3.2116282E+03   3.2143979E+03
   1.3200233E+01   3.2213533E+03   3.2231106E+03
   1.3217345E+01   3.2189016E+03   3.2205830E+03
   1.3234410E+01   3.2281831E+03   3.2288525E+03
   1.3251235E+01   3.2271572E+03   3.2279517E+03
   1.3268205E+01   3.2416492E+03   3.2417310E+03
   1.3285059E+01   3.2336006E+03   3.2335005E+03
   1.3301797E+01   3.2441323E+03   3.2441536E+03
   1.3318441E+01   3.2591133E+03   3.2582961E+03
   1.3335067E+01   3.2723350E+03   3.2710073E+03
   1.3351557E+01   3.2835903E+03   3.2818313E+03
   1.3369531E+01   3.2869771E+03   3.2850334E+03
   1.3385743E+01   3.2949976E+03   3.2927612E+03
   1.3403440E+01   3.3109150E+03   3.3081694E+03
   1.3419414E+01   3.3328574E+03   3.3300635E+03
   1.3436871E+01   3.3471960E+03   3.3445320E+03
   1.3452634E+01   3.3848879E+03   3.3824099E+03
   1.3469850E+01   3.3774141E+03   3.3730361E+03
   1.3486940E+01   3.3971606E+03   3.3930283E+03
   1.3503916E+01   3.4592732E+03   3.4540654E+03
   1.3520825E+01   3.4374590E+03   3.4321716E+03
   1.3537745E+01   3.4690996E+03   3.4635798E+03
   1.3554495E+01   3.4784636E+03   3.4724146E+03
   1.3571678E+01   3.4897366E+03   3.4822075E+03
   1.3588603E+01   3.5547969E+03   3.5472104E+03
   1.3605080E+01   3.5695422E+03   3.5607537E+03
   1.3622798E+01   3.6023232E+03   3.5923489E+03
   1.3639188E+01   3.6429065E+03   3.6314517E+03
   1.3655602E+01   3.6697109E+03   3.6571008E+03
   1.3673455E+01   3.7023115E+03   3.6875764E+03
   1.3690024E+01   3.7463523E+03   3.7297598E+03
   1.3706682E+01   3.7713840E+03   3.7532822E+03
   1.3723411E+01   3.8208459E+03   3.8008181E+03
   1.3740246E+01   3.8278411E+03   3.8066482E+03
   1.3757157E+01   3.8930940E+03   3.8706414E+03
   1.3774079E+01   3.8958496E+03   3.8718523E+03
   1.3790682E+01   3.9552063E+03   3.9303027E+03
   1.3808064E+01   3.9640996E+03   3.9376733E+03
   1.3825277E+01   3.9989583E+03   3.9711509E+03
   1.3841187E+01   4.0278752E+03   3.9987083E+03
   1.3858453E+01   4.0445181E+03   4.0139329E+03
   1.3875792E+01   4.0741162E+03   4.0426865E+03
   1.3891877E+01   4.0869648E+03   4.0545493E+03
   1.3909363E+01   4.1003682E+03   4.0669065E+03
   1.3925535E+01   4.1121890E+03   4.0785562E+03
   1.3943182E+01   4.1165581E+03   4.0824104E+03
   1.3959588E+01   4.1217905E+03   4.0877542E+03
   1.3975998E+01   4.1221274E+03   4.0878396E+03
   1.3993792E+01   4.1120151E+03   4.0811807E+03
   1.4010183E+01   4.1103813E+03   4.0807483E+03
   1.4027940E+01   4.1017397E+03   4.0721890E+03
   1.4044366E+01   4.0927593E+03   4.0645295E+03
   1.4060834E+01   4.1761089E+03   4.1406519E+03
   1.4078398E+01   4.0245522E+03   4.0034878E+03
   1.4094694E+01   4.0246018E+03   4.0055759E+03
   1.4111097E+01   4.0117759E+03   3.9957849E+03
   1.4128968E+01   3.9801663E+03   3.9666313E+03
   1.4144882E+01   3.9583047E+03   3.9481013E+03
   1.4162193E+01   3.9276531E+03   3.9201768E+03
   1.4179164E+01   3.8390645E+03   3.8349456E+03
   1.4195958E+01   3.8818113E+03   3.8795396E+03
   1.4213021E+01   3.8004700E+03   3.8017847E+03
   1.4230211E+01   3.8160420E+03   3.8183486E+03
   1.4246436E+01   3.7467485E+03   3.7527747E+03
   1.4264071E+01   3.7320227E+03   3.7389192E+03
   1.4280669E+01   3.6886978E+03   3.6979521E+03
   1.4297431E+01   3.6583818E+03   3.6684836E+03
   1.4314328E+01   3.6962446E+03   3.7084170E+03
   1.4331180E+01   3.5558816E+03   3.5674453E+03
   1.4347867E+01   3.5445730E+03   3.5576538E+03
   1.4364370E+01   3.5519302E+03   3.5656353E+03
   1.4381932E+01   3.4929780E+03   3.5063916E+03
   1.4398039E+01   3.4638035E+03   3.4780098E+03
   1.4415175E+01   3.4343215E+03   3.4483762E+03
   1.4432343E+01   3.4098979E+03   3.4244124E+03
   1.4449604E+01   3.3882144E+03   3.4041108E+03
   1.4465723E+01   3.3428640E+03   3.3584248E+03
   1.4483195E+01   3.3203071E+03   3.3369480E+03
   1.4499516E+01   3.3002358E+03   3.3174160E+03
   1.4517255E+01   3.2785200E+03   3.2963918E+03
   1.4533875E+01   3.2571926E+03   3.2753567E+03
   1.4550646E+01   3.2277432E+03   3.2461096E+03
   1.4567598E+01   3.2364702E+03   3.2552449E+03
   1.4584690E+01   3.2125056E+03   3.2310474E+03
   1.4601694E+01   3.2030720E+03   3.2208865E+03
   1.4618434E+01   3.1945042E+03   3.2112905E+03
   1.4634942E+01   3.1865723E+03   3.2021360E+03
   1.4652045E+01   3.1827966E+03   3.1972192E+03
   1.4668936E+01   3.1593782E+03   3.1722339E+03
   1.4685646E+01   3.1674321E+03   3.1789565E+03
   1.4702394E+01   3.1687087E+03   3.1787495E+03
   1.4719545E+01   3.1609543E+03   3.1700496E+03
   1.4736609E+01   3.1611729E+03   3.1692588E+03
   1.4753521E+01   3.1520474E+03   3.1585374E+03
   1.4770445E+01   3.1527615E+03   3.1584216E+03
   1.4787123E+01   3.1510928E+03   3.1559268E+03
   1.4803729E+01   3.1536084E+03   3.1578391E+03
   1.4820073E+01   3.1540745E+03   3.1577026E+03
   1.4837422E+01   3.1555215E+03   3.1586008E+03
   1.4854348E+01   3.1564407E+03   3.1589177E+03
   1.4871263E+01   3.1584692E+03   3.1605540E+03
   1.4888177E+01   3.1634907E+03   3.1654048E+03
   1.4905067E+01   3.1664768E+03   3.1679805E+03
   1.4921765E+01   3.1711016E+03   3.1719368E+03
   1.4938321E+01   3.1776963E+03   3.1782136E+03
   1.4955410E+01   3.1791477E+03   3.1794417E+03
   1.4972470E+01   3.1881689E+03   3.1880095E+03
   1.4990013E+01   3.1961235E+03   3.1956245E+03
   1.5005679E+01   3.2068005E+03   3.2059663E+03
   1.5022799E+01   3.2017004E+03   3.2007241E+03
   1.5040483E+01   3.2133186E+03   3.2121726E+03
   1.5056933E+01   3.2356567E+03   3.2339529E+03
   1.5073386E+01   3.2402043E+03   3.2382087E+03
   1.5091102E+01   3.2501316E+03   3.2479766E+03
   1.5107313E+01   3.2735281E+03   3.2711248E+03
   1.5124690E+01   3.2859224E+03   3.2829631E+03
   1.5141846E+01   3.3132021E+03   3.3098257E+03
   1.5158498E+01   3.3430840E+03   3.3392148E+03
   1.5174779E+01   3.3943721E+03   3.3895754E+03
   1.5192479E+01   3.3553228E+03   3.3512097E+03
   1.5208435E+01   3.4035830E+03   3.3985942E+03
   1.5226030E+01   3.4183782E+03   3.4126353E+03
   1.5242999E+01   3.4401208E+03   3.4338879E+03
   1.5259776E+01   3.5105571E+03   3.5024775E+03
   1.5276493E+01   3.5204561E+03   3.5120483E+03
   1.5293165E+01   3.5395090E+03   3.5298538E+03
   1.5309760E+01   3.5454417E+03   3.5356448E+03
   1.5327420E+01   3.5969741E+03   3.5853440E+03
   1.5344038E+01   3.6212461E+03   3.6074648E+03
   1.5360755E+01   3.6667122E+03   3.6510972E+03
   1.5377479E+01   3.6974675E+03   3.6799734E+03
   1.5394231E+01   3.7343096E+03   3.7148975E+03
   1.5410988E+01   3.7671902E+03   3.7463477E+03
   1.5428751E+01   3.8079790E+03   3.7853950E+03
   1.5445443E+01   3.8387380E+03   3.8147000E+03
   1.5461980E+01   3.8776411E+03   3.8521123E+03
   1.5479439E+01   3.9099397E+03   3.8827886E+03
   1.5495877E+01   3.9367976E+03   3.9079604E+03
   1.5513156E+01   3.9643550E+03   3.9337922E+03
   1.5529442E+01   3.9941953E+03   3.9620017E+03
   1.5546769E+01   4.0209819E+03   3.9873037E+03
   1.5563129E+01   4.0384775E+03   4.0039067E+03
   1.5580545E+01   4.0581941E+03   4.0226292E+03
   1.5596987E+01   4.0737878E+03   4.0374248E+03
   1.5614497E+01   4.0812271E+03   4.0441323E+03
   1.5631093E+01   4.0878701E+03   4.0502705E+03
   1.5647736E+01   4.0862480E+03   4.0484805E+03
   1.5664391E+01   4.0831965E+03   4.0565706E+03
   1.5681051E+01   4.0967031E+03   4.0551416E+03
   1.5698743E+01   4.0682964E+03   4.0343855E+03
   1.5715454E+01   4.0531370E+03   4.0209922E+03
   1.5732128E+01   4.0354077E+03   4.0081799E+03
   1.5748779E+01   4.0286125E+03   4.0034072E+03
   1.5766438E+01   4.0029946E+03   3.9803000E+03
   1.5782994E+01   3.9774878E+03   3.9573857E+03
   1.5799269E+01   3.9564504E+03   3.9387461E+03
   1.5816505E+01   3.9229041E+03   3.9101687E+03
   1.5833413E+01   3.8978777E+03   3.8893911E+03
   1.5850348E+01   3.8579512E+03   3.8515967E+03
   1.5867214E+01   3.8124990E+03   3.8083796E+03
   1.5884522E+01   3.7921438E+03   3.7925156E+03
   1.5901020E+01   3.7612322E+03   3.7629822E+03
   1.5917418E+01   3.7059763E+03   3.7093650E+03
   1.5935021E+01   3.6343281E+03   3.6402749E+03
   1.5951756E+01   3.6383950E+03   3.6463113E+03
   1.5968641E+01   3.6261318E+03   3.6349111E+03
   1.5985604E+01   3.5937498E+03   3.6043279E+03
   1.6002691E+01   3.5560037E+03   3.5673479E+03
   1.6018673E+01   3.5110747E+03   3.5245364E+03
   1.6036264E+01   3.4589053E+03   3.4708984E+03
   1.6052841E+01   3.4497676E+03   3.4614226E+03
   1.6069427E+01   3.4339880E+03   3.4475879E+03
   1.6086956E+01   3.3916404E+03   3.4041501E+03
   1.6103529E+01   3.3602107E+03   3.3727539E+03
   1.6120148E+01   3.2824087E+03   3.2963828E+03
   1.6136862E+01   3.3133728E+03   3.3270996E+03
   1.6153708E+01   3.2903455E+03   3.3048213E+03
   1.6170555E+01   3.2707229E+03   3.2854814E+03
   1.6187437E+01   3.2773093E+03   3.2931924E+03
   1.6204449E+01   3.2419700E+03   3.2580522E+03
   1.6221664E+01   3.2094294E+03   3.2261592E+03
   1.6238062E+01   3.2036899E+03   3.2196455E+03
   1.6255598E+01   3.2001340E+03   3.2164736E+03
   1.6272184E+01   3.1890994E+03   3.2049595E+03
   1.6288853E+01   3.1954832E+03   3.2104089E+03
   1.6305599E+01   3.1740034E+03   3.1881606E+03
   1.6323479E+01   3.1790442E+03   3.1917896E+03
   1.6339323E+01   3.1808730E+03   3.1927593E+03
   1.6356256E+01   3.1450618E+03   3.1555347E+03
   1.6373182E+01   3.1403083E+03   3.1494880E+03
   1.6390007E+01   3.1533647E+03   3.1618911E+03
   1.6407780E+01   3.1564712E+03   3.1640312E+03
   1.6424721E+01   3.1379392E+03   3.1442727E+03
   1.6441587E+01   3.1481650E+03   3.1533562E+03
   1.6457470E+01   3.1432954E+03   3.1483230E+03
   1.6474417E+01   3.1485918E+03   3.1529226E+03
   1.6491348E+01   3.1333638E+03   3.1368298E+03
   1.6508223E+01   3.1519958E+03   3.1569465E+03
   1.6525904E+01   3.1452024E+03   3.1476633E+03
   1.6542454E+01   3.1456143E+03   3.1472336E+03
   1.6559704E+01   3.1469946E+03   3.1485486E+03
   1.6575994E+01   3.1530393E+03   3.1539290E+03
   1.6593224E+01   3.1608030E+03   3.1618687E+03
   1.6610384E+01   3.1612974E+03   3.1625149E+03
   1.6626675E+01   3.1625684E+03   3.1631316E+03
   1.6644131E+01   3.1759265E+03   3.1764104E+03
   1.6660767E+01   3.1751504E+03   3.1754634E+03
   1.6677765E+01   3.1917058E+03   3.1912197E+03
   1.6693951E+01   3.1857253E+03   3.1853452E+03
   1.6711407E+01   3.1974268E+03   3.1967051E+03
   1.6727810E+01   3.1985828E+03   3.1981265E+03
   1.6745419E+01   3.2234055E+03   3.2230254E+03
   1.6761929E+01   3.2230808E+03   3.2217102E+03
   1.6778505E+01   3.2334822E+03   3.2314290E+03
   1.6795086E+01   3.2538208E+03   3.2518567E+03
   1.6812687E+01   3.2844148E+03   3.2812786E+03
   1.6829006E+01   3.2887737E+03   3.2859619E+03
   1.6846081E+01   3.3214382E+03   3.3209207E+03
   1.6862652E+01   3.3188655E+03   3.3152712E+03
   1.6880497E+01   3.2842825E+03   3.2791135E+03
