  flscon:  version 22.2.0.05  win64 2022 
 FLOW-3D   01:42:13  10/15/2023 htxs     
   hydr3d   version  22.2.0.16 win64     09/12/2022 HYDRO    
 Simulation Template: Free Surface - TruVOF (Default)                            

Mesh Block   1
 printing pfxob, pfyob, pfzob, pfob       
       1     1002      0.000E+00      1.690E+01
   time              pfxob_1         pfyob_1         pfzob_1         pfob_1
   0.0000000E+00   6.9311345E-03   4.1079125E+00  -2.1052222E-01   4.1133094E+00
   6.4300897E-04   9.5033658E-01  -5.6503754E+02   5.7382436E+00   5.6506744E+02
   1.7163528E-02   6.6681723E-03   4.0365415E+00  -6.0443018E-02   4.0369997E+00
   3.3547562E-02   5.7014045E-03   4.2350717E+00  -7.8862607E-02   4.2358093E+00
   5.0297495E-02   5.1211985E-03   4.4287581E+00  -1.0327202E-01   4.4299650E+00
   6.8268061E-02   2.2150900E-03   4.6261888E+00  -1.3396670E-01   4.6281285E+00
   8.4963389E-02   9.5354160E-03   4.7953935E+00  -1.6433190E-01   4.7982178E+00
   1.0171138E-01   7.2022793E-03   4.9560509E+00  -1.9308302E-01   4.9598160E+00
   1.1840944E-01   9.1635380E-03   5.1187892E+00  -2.2468813E-01   5.1237264E+00
   1.3475749E-01   1.1000075E-02   5.2852082E+00  -2.5146887E-01   5.2911987E+00
   1.5179367E-01   1.2249748E-02   5.4545064E+00  -2.7804342E-01   5.4616022E+00
   1.6943073E-01   1.7664813E-02   5.6294847E+00  -2.9934379E-01   5.6374655E+00
   1.8564987E-01   1.6798494E-02   5.8129711E+00  -3.1000865E-01   5.8212562E+00
   2.0276715E-01   1.7957481E-02   5.9369941E+00  -3.0419049E-01   5.9448090E+00
   2.2015600E-01   1.6000057E-02   6.0652838E+00  -3.1268731E-01   6.0733595E+00
   2.3657444E-01   1.2598689E-02   6.2117066E+00  -3.2391831E-01   6.2201595E+00
   2.5388700E-01   1.7874302E-02   6.2846732E+00  -3.5919872E-01   6.2949553E+00
   2.7059108E-01   2.2049438E-02   6.3644309E+00  -3.7890080E-01   6.3757377E+00
   2.8729624E-01   3.1205496E-02   6.3928943E+00  -4.7242075E-01   6.4104018E+00
   3.0409110E-01   9.5323339E-02   6.3602600E+00  -5.0624859E-01   6.3810878E+00
   3.2076150E-01   2.8054742E-02   6.2901325E+00  -5.3380531E-01   6.3128047E+00
   3.3765450E-01   1.5314704E-02   6.1616144E+00  -5.6782627E-01   6.1877422E+00
   3.5531026E-01   1.2211957E-02   6.0357914E+00  -6.0214925E-01   6.0657654E+00
   3.7204811E-01   1.3567335E-02   5.8308678E+00  -6.3861895E-01   5.8657513E+00
   3.8863856E-01   8.6494954E-03   5.5726523E+00  -6.7669934E-01   5.6135950E+00
   4.0536711E-01   9.4752563E-03   5.2697477E+00  -7.0298082E-01   5.3164382E+00
   4.2207131E-01  -8.5364077E-03   4.9087043E+00  -7.3724318E-01   4.9637666E+00
   4.3969432E-01  -2.1367645E-02   4.4324903E+00  -7.7536058E-01   4.4998455E+00
   4.5614848E-01   2.0496501E-03   4.0686898E+00  -8.1464750E-01   4.1494446E+00
   4.7302428E-01   4.6107024E-03   3.5512545E+00  -8.7528688E-01   3.6575341E+00
   4.9028954E-01  -6.8770512E-03   3.0919783E+00  -9.1903961E-01   3.2256799E+00
   5.0711602E-01  -9.0935305E-03   2.5185006E+00  -9.6712518E-01   2.6978250E+00
   5.2408063E-01  -1.9202182E-02   1.9580854E+00  -1.0121498E+00   2.2042944E+00
   5.4079604E-01   1.4483970E-02   1.3027712E+00  -1.0478542E+00   1.6719513E+00
   5.5776757E-01   1.9945869E-02   7.4256408E-01  -1.0870954E+00   1.3166533E+00
   5.7481283E-01   1.9343549E-02   1.9482860E-01  -1.1068794E+00   1.1240616E+00
   5.9124464E-01   5.7076968E-02  -4.2766887E-01  -1.1225986E+00   1.2026579E+00
   6.0817987E-01   1.1220206E-02  -9.9785167E-01  -1.1060622E+00   1.4897004E+00
   6.2508059E-01   3.1407762E-02  -1.5988685E+00  -1.0882969E+00   1.9343622E+00
   6.4212102E-01   1.7264031E-02  -2.0907936E+00  -1.0615063E+00   2.3448906E+00
   6.5912223E-01   2.8884765E-02  -2.5979030E+00  -1.0364779E+00   2.7971809E+00
   6.7574143E-01   9.8768082E-03  -3.0331979E+00  -9.9054098E-01   3.1908555E+00
   6.9324034E-01   1.2883394E-02  -3.5261438E+00  -9.3744457E-01   3.6486516E+00
   7.1028793E-01  -1.0074753E-02  -3.8981528E+00  -8.8020802E-01   3.9963062E+00
   7.2656775E-01  -2.9400079E-02  -4.2107162E+00  -8.3379966E-01   4.2925768E+00
   7.4358702E-01  -3.1613838E-03  -4.5323005E+00  -7.8352463E-01   4.5995288E+00
   7.6024139E-01  -2.3649780E-02  -4.8328853E+00  -7.4495447E-01   4.8900199E+00
   7.7728587E-01  -7.9729911E-03  -5.0565166E+00  -6.8420053E-01   5.1026025E+00
   7.9393047E-01  -1.3091150E-02  -5.2508779E+00  -6.4491659E-01   5.2903504E+00
   8.1143683E-01  -5.4130410E-03  -5.4267912E+00  -5.8176082E-01   5.4578876E+00
   8.2819396E-01  -2.1793386E-02  -5.5698957E+00  -5.3432250E-01   5.5955086E+00
   8.4531981E-01   2.2214411E-02  -5.7098923E+00  -4.9201149E-01   5.7310939E+00
   8.6194003E-01  -1.8642629E-02  -5.7896829E+00  -4.4755948E-01   5.8069859E+00
   8.7869138E-01  -5.3985645E-03  -5.8723507E+00  -4.3135399E-01   5.8881745E+00
   8.9575344E-01   8.8690976E-03  -5.8814893E+00  -3.6568001E-01   5.8928528E+00
   9.1275972E-01   2.6604631E-03  -5.9360476E+00  -3.4251404E-01   5.9459214E+00
   9.2926323E-01   3.3986941E-03  -5.8844976E+00  -3.0337518E-01   5.8923140E+00
   9.4638622E-01   7.7599004E-02  -5.9018326E+00  -2.9304862E-01   5.9096131E+00
   9.6293944E-01   6.1644502E-02  -5.9003677E+00  -2.6049349E-01   5.9064369E+00
   9.8005611E-01   4.2965371E-02  -5.8839850E+00  -2.3842201E-01   5.8889704E+00
   9.9739778E-01   3.6308080E-02  -5.7724400E+00  -2.0575945E-01   5.7762203E+00
   1.0140004E+00   6.2064052E-02  -5.7354674E+00  -1.8132472E-01   5.7386689E+00
   1.0307639E+00   6.4433500E-02  -5.5755162E+00  -1.5287896E-01   5.5779839E+00
   1.0477462E+00   3.2263760E-02  -5.4520569E+00  -1.2878729E-01   5.4536734E+00
   1.0649942E+00   6.3413016E-02  -5.2933288E+00  -1.1025538E-01   5.2948565E+00
   1.0818801E+00   5.9679948E-02  -5.0669460E+00  -8.6181894E-02   5.0680304E+00
   1.0984925E+00   8.1137247E-02  -4.9406128E+00  -7.4441649E-02   4.9418397E+00
   1.1155757E+00   4.5470033E-02  -4.7310715E+00  -5.5978939E-02   4.7316208E+00
   1.1324850E+00   5.6076709E-02  -4.4637575E+00  -4.1909903E-02   4.4643068E+00
   1.1492604E+00   4.5648053E-02  -4.2532983E+00  -2.4339190E-02   4.2536130E+00
   1.1659316E+00   5.3727146E-02  -4.0301232E+00  -9.8157022E-03   4.0304933E+00
   1.1831836E+00   3.8611837E-02  -3.7829986E+00  -1.9866919E-02   3.7832477E+00
   1.1997089E+00   4.5349382E-02  -3.5098922E+00   1.0680732E-02   3.5102015E+00
   1.2168429E+00   3.7317041E-02  -3.2913816E+00   1.8151887E-02   3.2916431E+00
   1.2339261E+00   3.0135531E-02  -3.0211103E+00   2.5220713E-02   3.0213659E+00
   1.2503253E+00   2.8685883E-02  -2.7912784E+00   3.1108826E-02   2.7915993E+00
   1.2672004E+00   2.0980161E-02  -2.4851191E+00   3.8787313E-02   2.4855103E+00
   1.2842069E+00   1.8185627E-02  -2.2004836E+00   4.4943903E-02   2.2010176E+00
   1.3016289E+00   1.6383052E-02  -1.9095050E+00   5.0253537E-02   1.9102365E+00
   1.3178580E+00   1.0791490E-02  -1.6693574E+00   5.4324280E-02   1.6702759E+00
   1.3353457E+00   1.8151160E-03  -1.3643397E+00   5.8610901E-02   1.3655993E+00
   1.3517174E+00  -8.5151000E-03  -1.0616268E+00   5.8965955E-02   1.0632972E+00
   1.3685627E+00  -1.6713524E-02  -7.7035433E-01   5.9997477E-02   7.7286792E-01
   1.3858671E+00  -2.6904400E-02  -4.8002529E-01   5.8391925E-02   4.8431164E-01
   1.4029248E+00  -3.6878321E-02  -1.6174826E-01   5.8605727E-02   1.7594641E-01
   1.4197769E+00  -3.9420936E-02   1.3420071E-01   5.6443572E-02   1.5083009E-01
   1.4368957E+00  -5.7658698E-02   4.8280865E-01   5.3447995E-02   4.8916808E-01
   1.4533288E+00  -4.1551340E-02   8.0991137E-01   5.0335165E-02   8.1253713E-01
   1.4700798E+00  -4.1791458E-02   1.1209483E+00   4.6773776E-02   1.1227019E+00
   1.4870698E+00  -3.8722411E-02   1.4488528E+00   4.1769661E-02   1.4499718E+00
   1.5038166E+00  -2.4725977E-02   1.7745265E+00   3.7662126E-02   1.7750983E+00
   1.5212308E+00  -4.0644243E-02   2.1290519E+00   2.6682947E-02   2.1296070E+00
   1.5376338E+00  -3.4454338E-02   2.4958801E+00   1.4976791E-02   2.4961629E+00
   1.5548804E+00  -3.4813832E-02   2.8314357E+00   9.1667250E-03   2.8316646E+00
   1.5717961E+00  -2.2837399E-02   3.1441782E+00  -1.0865158E-02   3.1442800E+00
   1.5884421E+00  -1.0149938E-02   3.4787199E+00  -1.2210435E-02   3.4787562E+00
   1.6053540E+00  -1.3147932E-02   3.8195848E+00  -2.1462169E-02   3.8196678E+00
   1.6225134E+00   5.9400401E-03   4.1899228E+00  -5.0300349E-02   4.1902289E+00
   1.6394564E+00   5.8298302E-03   4.4702315E+00  -4.6479203E-02   4.4704771E+00
   1.6562204E+00   2.7071083E-02   4.8050046E+00  -5.1041216E-02   4.8053517E+00
   1.6732552E+00   3.1602029E-02   5.1369081E+00  -3.8495410E-02   5.1371493E+00
   1.6901418E+00   2.5318477E-02   5.4513693E+00  -3.3434164E-02   5.4515305E+00
   1.7068945E+00   3.8187116E-02   5.7459245E+00  -1.6884692E-02   5.7460761E+00
   1.7239416E+00   3.6158316E-02   6.0266452E+00  -4.9639503E-03   6.0267553E+00
   1.7405159E+00   1.0441171E-02   6.3398428E+00  -1.1443581E-02   6.3398619E+00
   1.7577519E+00   1.8075516E-02   6.6545305E+00  -2.9633243E-03   6.6545558E+00
   1.7745515E+00   3.6845297E-02   6.9780207E+00  -6.9831274E-03   6.9781213E+00
   1.7913016E+00   4.0069789E-02   7.2896748E+00  -2.8082564E-02   7.2898393E+00
   1.8083528E+00   3.1913374E-02   7.5695219E+00  -4.4730887E-02   7.5697217E+00
   1.8250353E+00   4.7900334E-02   7.8456602E+00  -6.5095179E-02   7.8460765E+00
   1.8420286E+00   4.7607239E-02   8.1014824E+00  -8.6959735E-02   8.1020889E+00
   1.8590064E+00   5.8037743E-02   8.3579216E+00  -1.1519931E-01   8.3589172E+00
   1.8759787E+00   4.6983950E-02   8.6193314E+00  -1.2895721E-01   8.6204243E+00
   1.8926488E+00   5.7827473E-02   8.8187914E+00  -1.4644966E-01   8.8201971E+00
   1.9096423E+00   4.8775923E-02   9.0311394E+00  -1.7672965E-01   9.0330000E+00
   1.9266557E+00   4.8850238E-02   9.2054558E+00  -1.9243515E-01   9.2075968E+00
   1.9434043E+00   4.7959913E-02   9.3254671E+00  -2.1032488E-01   9.3279619E+00
   1.9604390E+00   5.9632231E-02   9.4212942E+00  -2.2563441E-01   9.4241848E+00
   1.9772742E+00   5.0551012E-02   9.4970713E+00  -2.5006241E-01   9.5004969E+00
   1.9941624E+00   3.9123002E-02   9.5212688E+00  -2.7726009E-01   9.5253849E+00
   2.0111086E+00   3.7336867E-02   9.5042381E+00  -3.1704491E-01   9.5095978E+00
   2.0281177E+00   4.0774100E-02   9.4490538E+00  -3.6055329E-01   9.4560184E+00
   2.0449240E+00   3.6225442E-02   9.3386793E+00  -4.0911537E-01   9.3477068E+00
   2.0618079E+00   2.9901721E-02   9.1790342E+00  -4.5070493E-01   9.1901417E+00
   2.0787723E+00   3.6680531E-02   8.9822016E+00  -5.1195258E-01   8.9968538E+00
   2.0955601E+00   2.9261887E-02   8.6970720E+00  -5.6409216E-01   8.7153950E+00
   2.1124406E+00   4.0286675E-02   8.4081011E+00  -6.2565809E-01   8.4314432E+00
   2.1294165E+00   5.3165812E-02   8.1321211E+00  -6.7129719E-01   8.1599550E+00
   2.1462367E+00   4.4803493E-02   7.7195539E+00  -7.3970789E-01   7.7550430E+00
   2.1631622E+00   3.9467201E-02   7.2962894E+00  -7.9317641E-01   7.3393817E+00
   2.1801951E+00   3.3016074E-02   6.8197756E+00  -8.4080058E-01   6.8714900E+00
   2.1970901E+00   2.0311289E-02   6.3265591E+00  -8.8154387E-01   6.3877134E+00
   2.2138553E+00   3.8883896E-03   5.8338728E+00  -9.1267699E-01   5.9048343E+00
   2.2307417E+00  -3.9244607E-02   5.2365441E+00  -9.2461848E-01   5.3176928E+00
   2.2477508E+00  -1.6285134E-03   4.6333976E+00  -9.3979591E-01   4.7277470E+00
   2.2646439E+00  -6.1232720E-02   3.9989066E+00  -9.4055659E-01   4.1084852E+00
   2.2814274E+00  -1.0251093E-01   3.3656726E+00  -9.1677248E-01   3.4898040E+00
   2.2983444E+00  -9.8742358E-02   2.7694733E+00  -8.7985039E-01   2.9075539E+00
   2.3153961E+00  -1.2177482E-01   2.2304683E+00  -8.3070368E-01   2.3832512E+00
   2.3321147E+00  -1.0983828E-01   1.6991268E+00  -7.8401345E-01   1.8745062E+00
   2.3492093E+00  -8.6328343E-02   1.2252263E+00  -7.3851067E-01   1.4331888E+00
   2.3659804E+00  -1.2083943E-01   7.8081965E-01  -6.9527590E-01   1.0524685E+00
   2.3828983E+00  -9.9179760E-02   3.7809834E-01  -6.5297765E-01   7.6103532E-01
   2.3997343E+00  -1.1531421E-01  -3.6113679E-02  -6.2903494E-01   6.4053613E-01
   2.4167209E+00  -1.3096085E-01  -3.8685831E-01  -5.7440668E-01   7.0480716E-01
   2.4336302E+00  -1.3154279E-01  -7.0114726E-01  -4.9891552E-01   8.7053299E-01
   2.4504662E+00  -1.7563871E-01  -9.7205919E-01  -4.0825248E-01   1.0688396E+00
   2.4674578E+00  -1.6379339E-01  -1.2155418E+00  -3.5413143E-01   1.2766280E+00
   2.4843810E+00  -1.7081967E-01  -1.3762577E+00  -2.7878171E-01   1.4145613E+00
   2.5012388E+00  -1.5126289E-01  -1.5458211E+00  -2.1110202E-01   1.5674844E+00
   2.5180347E+00  -1.6223136E-01  -1.6363432E+00  -1.5247235E-01   1.6514194E+00
   2.5349941E+00  -1.1149547E-01  -1.7545902E+00  -1.0903163E-01   1.7615066E+00
   2.5518959E+00  -1.3534780E-01  -1.7649183E+00  -8.2137376E-02   1.7720052E+00
   2.5687420E+00  -1.5544738E-01  -1.7826399E+00  -2.9770827E-02   1.7896522E+00
   2.5857563E+00  -1.3993558E-01  -1.7690989E+00   3.8479649E-02   1.7750418E+00
   2.6024992E+00  -1.6738084E-01  -1.7636918E+00   9.6654482E-02   1.7742511E+00
   2.6194134E+00  -1.3434207E-01  -1.7558033E+00   1.4324950E-01   1.7667522E+00
   2.6364994E+00  -1.3638203E-01  -1.6737293E+00   1.9214037E-01   1.6902330E+00
   2.6533215E+00  -1.3881230E-01  -1.5772866E+00   2.3157436E-01   1.6002277E+00
   2.6701007E+00  -1.3481581E-01  -1.5144931E+00   2.8319505E-01   1.5466299E+00
   2.6870561E+00  -1.1467570E-01  -1.3700049E+00   3.2030523E-01   1.4116158E+00
   2.7039714E+00  -1.1265270E-01  -1.2866273E+00   3.5276660E-01   1.3388596E+00
   2.7208486E+00  -1.1613655E-01  -1.1393116E+00   3.8787925E-01   1.2091190E+00
   2.7379050E+00  -1.1856879E-01  -1.0531073E+00   4.1468963E-01   1.1380075E+00
   2.7547102E+00  -1.1263338E-01  -8.8472974E-01   4.3900517E-01   9.9406159E-01
   2.7716968E+00  -1.1401592E-01  -7.6837581E-01   4.5614657E-01   9.0081668E-01
   2.7884362E+00  -1.0530660E-01  -6.1425871E-01   4.7161126E-01   7.8155005E-01
   2.8053589E+00  -1.0847323E-01  -4.8082197E-01   4.8334020E-01   6.9034338E-01
   2.8222518E+00  -1.1141406E-01  -3.2176968E-01   4.9090177E-01   5.9743899E-01
   2.8391161E+00  -1.1051949E-01  -1.5514821E-01   5.0149959E-01   5.3645819E-01
   2.8561659E+00  -1.2678246E-01  -2.4112791E-02   5.1905352E-01   5.3485680E-01
   2.8729761E+00  -1.1574136E-01   1.3174140E-01   5.3351754E-01   5.6159842E-01
   2.8899734E+00  -1.0902966E-01   3.3687276E-01   5.4314411E-01   6.4836431E-01
   2.9067340E+00  -1.2039676E-01   5.4129106E-01   5.5405909E-01   7.8388321E-01
   2.9236834E+00  -1.1427601E-01   6.9406796E-01   5.6251889E-01   9.0067577E-01
   2.9406099E+00  -9.7672179E-02   8.7427312E-01   5.7237840E-01   1.0495286E+00
   2.9575150E+00  -1.0974728E-01   1.0213078E+00   5.8049136E-01   1.1798662E+00
   2.9743993E+00  -1.0362381E-01   1.2043798E+00   5.8772469E-01   1.3441314E+00
   2.9912639E+00  -1.1111645E-01   1.3869483E+00   5.9395462E-01   1.5128630E+00
   3.0081091E+00  -1.0612714E-01   1.5677582E+00   6.0001141E-01   1.6820054E+00
   3.0251465E+00  -1.0996778E-01   1.7629406E+00   6.0552412E-01   1.8672740E+00
   3.0419559E+00  -1.1387884E-01   1.9746912E+00   6.1080068E-01   2.0701332E+00
   3.0589583E+00  -1.0631484E-01   2.1598377E+00   6.1241126E-01   2.2474985E+00
   3.0757349E+00  -9.6435592E-02   2.4517627E+00   6.1268955E-01   2.5289977E+00
   3.0927052E+00  -1.5295728E-01   2.5998845E+00   6.2124890E-01   2.6774514E+00
   3.1096606E+00  -1.2408411E-01   2.8768604E+00   6.1801440E-01   2.9451084E+00
   3.1266015E+00  -1.3816683E-01   3.0650158E+00   6.1767083E-01   3.1296849E+00
   3.1433196E+00  -1.4872369E-01   3.2493558E+00   6.1824214E-01   3.3109901E+00
   3.1602333E+00  -1.6007790E-01   3.5736492E+00   6.1688852E-01   3.6300337E+00
   3.1771345E+00  -1.5377693E-01   3.8262055E+00   6.1527395E-01   3.8784091E+00
   3.1940231E+00  -1.6936046E-01   4.1198912E+00   6.1327308E-01   4.1687279E+00
   3.2109003E+00  -1.7344937E-01   4.4500351E+00   6.1308509E-01   4.4954166E+00
   3.2279742E+00  -1.5294158E-01   4.7618942E+00   6.2094164E-01   4.8046432E+00
   3.2448292E+00  -2.0408019E-01   5.1327271E+00   6.1579537E-01   5.1735616E+00
   3.2616737E+00  -1.8254872E-01   5.4478455E+00   6.1083502E-01   5.4850216E+00
   3.2785082E+00  -1.8773966E-01   5.8348827E+00   6.1029893E-01   5.8697162E+00
   3.2955408E+00  -2.3715405E-01   6.2254820E+00   6.0251296E-01   6.2590647E+00
   3.3123567E+00  -1.9839966E-01   6.6275344E+00   6.1087990E-01   6.6585846E+00
   3.3293712E+00  -2.0831214E-01   7.0318232E+00   6.0873336E-01   7.0611959E+00
   3.3461697E+00  -2.1585001E-01   7.4044509E+00   6.1625755E-01   7.4331861E+00
   3.3631675E+00  -2.3427375E-01   7.8424573E+00   6.2659425E-01   7.8709364E+00
   3.3799500E+00  -2.4271187E-01   8.2674932E+00   6.2521386E-01   8.2946520E+00
   3.3969324E+00  -2.5814497E-01   8.6766748E+00   6.1975849E-01   8.7026110E+00
   3.4137003E+00  -2.8695431E-01   9.1170845E+00   6.0611379E-01   9.1417150E+00
   3.4306684E+00  -3.2803258E-01   9.5293541E+00   5.8868945E-01   9.5531540E+00
   3.4476297E+00  -3.3879992E-01   9.9504948E+00   5.7409930E-01   9.9727993E+00
   3.4645844E+00  -3.8717541E-01   1.0358226E+01   5.4156631E-01   1.0379598E+01
   3.4813263E+00  -4.0363401E-01   1.0743228E+01   5.2297533E-01   1.0763520E+01
   3.4982693E+00  -4.5015788E-01   1.1093045E+01   5.0002676E-01   1.1113430E+01
   3.5152063E+00  -4.5041016E-01   1.1423077E+01   4.6429718E-01   1.1441377E+01
   3.5321379E+00  -4.5503694E-01   1.1714511E+01   4.4097996E-01   1.1731636E+01
   3.5490642E+00  -4.7784016E-01   1.2055702E+01   3.8752443E-01   1.2071390E+01
   3.5659857E+00  -5.1229686E-01   1.2261964E+01   3.7440857E-01   1.2278370E+01
   3.5829020E+00  -4.8872474E-01   1.2469543E+01   3.4212276E-01   1.2483805E+01
   3.5996077E+00  -5.2510166E-01   1.2595142E+01   2.9788488E-01   1.2609603E+01
   3.6165152E+00  -5.7043511E-01   1.2632101E+01   2.7643165E-01   1.2647996E+01
   3.6334183E+00  -5.9818166E-01   1.2654376E+01   2.0896113E-01   1.2670229E+01
   3.6503174E+00  -6.7270631E-01   1.2502349E+01   1.6791162E-01   1.2521560E+01
   3.6672125E+00  -6.5896106E-01   1.2280573E+01   1.1085609E-01   1.2298739E+01
   3.6841037E+00  -7.5128841E-01   1.1944583E+01   4.3937929E-02   1.1968267E+01
   3.7011974E+00  -7.6812822E-01   1.1621433E+01  -6.5403916E-03   1.1646792E+01
   3.7180815E+00  -8.0886859E-01   1.1178798E+01  -4.4739034E-02   1.1208113E+01
   3.7349622E+00  -8.4915602E-01   1.0664693E+01  -9.6842058E-02   1.0698884E+01
   3.7518399E+00  -8.9759779E-01   1.0079964E+01  -1.3634428E-01   1.0120768E+01
   3.7687144E+00  -8.9031732E-01   9.5059633E+00  -1.8085252E-01   9.5492783E+00
   3.7855859E+00  -9.6242189E-01   8.8280458E+00  -2.1288922E-01   8.8829041E+00
   3.8024547E+00  -1.0069046E+00   8.1430407E+00  -2.4737148E-01   8.2087860E+00
   3.8193207E+00  -1.0273480E+00   7.4402032E+00  -2.6961616E-01   7.5156341E+00
   3.8363895E+00  -1.0751854E+00   6.6217794E+00  -2.8693491E-01   6.7146344E+00
   3.8532503E+00  -1.0946897E+00   5.9882011E+00  -2.7182451E-01   6.0935035E+00
   3.8701088E+00  -1.0939125E+00   5.2769408E+00  -2.7438152E-01   5.3961129E+00
   3.8869648E+00  -1.1518625E+00   4.5943055E+00  -2.5601929E-01   4.7434139E+00
   3.9038186E+00  -1.1475320E+00   3.9832304E+00  -2.5792289E-01   4.1532493E+00
   3.9208758E+00  -1.1162517E+00   3.3969257E+00  -2.4362686E-01   3.5839190E+00
   3.9377255E+00  -1.1098523E+00   2.7913141E+00  -2.1470805E-01   3.0115290E+00
   3.9545732E+00  -1.1121693E+00   2.3108330E+00  -1.7392682E-01   2.5704319E+00
   3.9714189E+00  -1.0552453E+00   1.8770941E+00  -1.1142830E-01   2.1562562E+00
   3.9884682E+00  -1.0527501E+00   1.4937352E+00  -3.4733824E-02   1.8277676E+00
   4.0053105E+00  -1.0472045E+00   1.1960247E+00   2.9339230E-02   1.5899600E+00
   4.0221510E+00  -1.0689813E+00   9.3427670E-01   9.1516018E-02   1.4226627E+00
   4.0391951E+00  -1.0149823E+00   7.2792333E-01   1.3745196E-01   1.2565646E+00
   4.0560322E+00  -1.0167342E+00   5.7897216E-01   1.8097751E-01   1.1839384E+00
   4.0728683E+00  -9.6885175E-01   3.8936624E-01   2.0801258E-01   1.0646826E+00
   4.0897026E+00  -9.6513796E-01   2.9597172E-01   2.3313443E-01   1.0360706E+00
   4.1067410E+00  -9.7117621E-01   1.7371525E-01   2.5207591E-01   1.0182841E+00
   4.1235723E+00  -9.0599465E-01   1.0700627E-01   3.0568627E-01   9.6214384E-01
   4.1404028E+00  -8.7738431E-01   3.5559097E-03   3.4973899E-01   9.4452804E-01
   4.1574373E+00  -8.7861794E-01  -1.0112593E-01   3.9906245E-01   9.7028184E-01
   4.1742654E+00  -8.6732292E-01  -2.1227798E-01   4.4558942E-01   9.9792832E-01
   4.1912975E+00  -8.3556616E-01  -2.4260272E-01   4.8797652E-01   9.9757105E-01
   4.2081237E+00  -8.4823155E-01  -2.8705901E-01   5.2497923E-01   1.0380284E+00
   4.2249484E+00  -8.4800130E-01  -3.1874812E-01   5.6749576E-01   1.0689986E+00
   4.2419772E+00  -8.5316360E-01  -3.6504751E-01   5.9707087E-01   1.1034679E+00
   4.2588000E+00  -8.3049631E-01  -3.7080371E-01   6.2317902E-01   1.1025296E+00
   4.2756219E+00  -8.2614130E-01  -4.0046373E-01   6.4657921E-01   1.1229182E+00
   4.2926483E+00  -8.0177110E-01  -4.5659003E-01   6.6436428E-01   1.1369658E+00
   4.3094683E+00  -8.1749845E-01  -5.1505607E-01   6.9073194E-01   1.1877277E+00
   4.3264928E+00  -7.9514903E-01  -5.5117691E-01   7.0690656E-01   1.1982383E+00
   4.3433118E+00  -7.8887784E-01  -5.8374286E-01   7.1745145E-01   1.2156564E+00
   4.3601294E+00  -7.7509981E-01  -6.2318105E-01   7.3338568E-01   1.2357140E+00
   4.3771520E+00  -7.5195128E-01  -6.7654508E-01   7.4560040E-01   1.2566081E+00
   4.3939681E+00  -7.4385023E-01  -6.9251674E-01   7.5564933E-01   1.2664511E+00
   4.4109893E+00  -7.3723376E-01  -6.3968468E-01   7.6458621E-01   1.2398798E+00
   4.4278045E+00  -7.2320122E-01  -7.0454717E-01   7.7147174E-01   1.2706594E+00
   4.4446187E+00  -7.0941979E-01  -6.9095409E-01   7.7638042E-01   1.2583563E+00
   4.4616380E+00  -6.9816536E-01  -6.6344243E-01   7.8071028E-01   1.2397981E+00
   4.4784513E+00  -6.7607462E-01  -6.2986749E-01   7.8366828E-01   1.2115881E+00
   4.4954691E+00  -6.6331261E-01  -6.1183482E-01   7.8611469E-01   1.1967881E+00
   4.5122814E+00  -6.5172935E-01  -5.5308861E-01   7.8794479E-01   1.1625469E+00
   4.5292983E+00  -6.3088632E-01  -5.0150615E-01   7.8948218E-01   1.1281880E+00
   4.5461097E+00  -6.0938561E-01  -4.3894437E-01   7.9058456E-01   1.0904343E+00
   4.5629206E+00  -5.8992958E-01  -3.5163319E-01   7.9037130E-01   1.0470672E+00
   4.5799360E+00  -5.7059187E-01  -2.6737562E-01   7.8875244E-01   1.0095520E+00
   4.5967460E+00  -5.5301094E-01  -1.8583305E-01   7.8846592E-01   9.8083311E-01
   4.6137609E+00  -5.3183758E-01  -7.2991922E-02   7.8416377E-01   9.5031142E-01
   4.6305699E+00  -5.1916927E-01   5.2466761E-02   7.7847588E-01   9.3718415E-01
   4.6475840E+00  -5.0434124E-01   2.0350219E-01   7.7423781E-01   9.4615930E-01
   4.6643925E+00  -4.9037403E-01   3.5203522E-01   7.6647961E-01   9.7564667E-01
   4.6812005E+00  -4.7570872E-01   5.1976365E-01   7.5957286E-01   1.0360521E+00
   4.6982131E+00  -4.6286416E-01   7.3820770E-01   7.5368434E-01   1.1520563E+00
   4.7150207E+00  -4.4605306E-01   9.7560811E-01   7.4566865E-01   1.3064442E+00
   4.7320328E+00  -4.4435036E-01   1.2026659E+00   7.3666048E-01   1.4786891E+00
   4.7488399E+00  -4.4802374E-01   1.4798034E+00   7.2922117E-01   1.7094756E+00
   4.7658515E+00  -4.3837011E-01   1.7554741E+00   7.1773249E-01   1.9465348E+00
   4.7826576E+00  -4.3865287E-01   2.0840375E+00   7.0494312E-01   2.2433400E+00
   4.7996688E+00  -4.3901309E-01   2.4004986E+00   6.9659823E-01   2.5377893E+00
   4.8164744E+00  -4.5742813E-01   2.7396019E+00   6.8356901E-01   2.8604066E+00
   4.8334851E+00  -5.0536621E-01   3.0880828E+00   6.7195880E-01   3.2004967E+00
   4.8502903E+00  -4.8970580E-01   3.5018911E+00   6.5359420E-01   3.5958641E+00
   4.8673005E+00  -5.0634807E-01   3.9101272E+00   6.4005375E-01   3.9943900E+00
   4.8841052E+00  -5.3583634E-01   4.3252201E+00   6.4005828E-01   4.4050336E+00
   4.9009099E+00  -5.5066901E-01   4.7762127E+00   6.3328761E-01   4.8493814E+00
   4.9179196E+00  -5.7574654E-01   5.1878910E+00   6.2217242E-01   5.2566910E+00
   4.9347239E+00  -6.2520957E-01   5.6347175E+00   6.3752210E-01   5.7050300E+00
   4.9517331E+00  -6.3467616E-01   6.0850182E+00   6.5822846E-01   6.1533341E+00
   4.9685369E+00  -6.7707098E-01   6.5095563E+00   6.5854770E-01   6.5777225E+00
   4.9855456E+00  -6.9149482E-01   6.9650416E+00   6.3776118E-01   7.0282793E+00
   5.0023494E+00  -7.4770617E-01   7.3520718E+00   6.1338466E-01   7.4154072E+00
   5.0193577E+00  -7.8541607E-01   7.7613058E+00   5.8485270E-01   7.8228383E+00
   5.0361609E+00  -8.0772567E-01   8.1787615E+00   5.5698591E-01   8.2374020E+00
   5.0531693E+00  -8.4517717E-01   8.5264645E+00   5.2442771E-01   8.5842848E+00
   5.0699720E+00  -8.8896722E-01   8.8610210E+00   4.8778954E-01   8.9188509E+00
   5.0869799E+00  -9.1104335E-01   9.1479855E+00   4.5287487E-01   9.2043867E+00
   5.1037827E+00  -9.3469524E-01   9.4309330E+00   4.2086667E-01   9.4864788E+00
   5.1207905E+00  -9.3189418E-01   9.6869574E+00   4.0563789E-01   9.7401285E+00
   5.1375928E+00  -9.3360764E-01   9.9173813E+00   4.0257356E-01   9.9693604E+00
   5.1546001E+00  -9.6736032E-01   1.0027056E+01   3.9394361E-01   1.0081310E+01
   5.1714025E+00  -9.9647576E-01   1.0116962E+01   3.6114207E-01   1.0172331E+01
   5.1882048E+00  -1.0249908E+00   1.0142446E+01   2.8323653E-01   1.0198041E+01
   5.2052116E+00  -1.0406755E+00   1.0024917E+01   2.1569321E-01   1.0081096E+01
   5.2220140E+00  -1.0569332E+00   9.8565817E+00   1.2649909E-01   9.9138947E+00
   5.2390208E+00  -1.0717373E+00   9.6496916E+00   6.2008541E-02   9.7092228E+00
   5.2558227E+00  -1.1434652E+00   9.3933907E+00   9.4422493E-03   9.4627371E+00
   5.2728291E+00  -1.1215293E+00   9.0762205E+00  -8.1120141E-02   9.1456108E+00
   5.2896309E+00  -1.2146307E+00   8.5788546E+00  -1.4347765E-01   8.6656027E+00
   5.3066373E+00  -1.2737240E+00   8.1919537E+00  -2.1415642E-01   8.2931499E+00
   5.3234391E+00  -1.2306492E+00   7.7280436E+00  -2.8532249E-01   7.8306170E+00
   5.3404455E+00  -1.2407160E+00   7.1929431E+00  -3.4012628E-01   7.3070850E+00
   5.3572469E+00  -1.3062903E+00   6.5663958E+00  -3.8906592E-01   6.7063642E+00
   5.3742528E+00  -1.3122408E+00   5.9013014E+00  -4.0435201E-01   6.0589466E+00
   5.3910542E+00  -1.2901582E+00   5.2520013E+00  -4.4963792E-01   5.4268041E+00
   5.4080601E+00  -1.3312858E+00   4.5540209E+00  -4.7341779E-01   4.7681808E+00
   5.4248614E+00  -1.3212991E+00   3.9294820E+00  -4.6610692E-01   4.1718001E+00
   5.4418674E+00  -1.3364561E+00   3.2603099E+00  -4.6167406E-01   3.5537133E+00
   5.4586682E+00  -1.3348522E+00   2.6633401E+00  -4.3574911E-01   3.0108285E+00
   5.4756742E+00  -1.3198439E+00   2.1334927E+00  -3.7582916E-01   2.5367355E+00
   5.4924750E+00  -1.2747985E+00   1.6621413E+00  -3.6940792E-01   2.1270373E+00
   5.5094810E+00  -1.2998929E+00   1.1276320E+00  -3.2977879E-01   1.7521499E+00
   5.5262818E+00  -1.2516586E+00   8.4060431E-01  -3.0010107E-01   1.5373111E+00
   5.5432878E+00  -1.1715585E+00   4.5638704E-01  -2.7556330E-01   1.2871572E+00
   5.5600882E+00  -1.1246132E+00   1.4564958E-01  -2.4956079E-01   1.1611414E+00
   5.5770941E+00  -1.0798461E+00  -1.2144136E-01  -2.2192083E-01   1.1090828E+00
   5.5938945E+00  -1.0569751E+00  -3.5157186E-01  -1.4499085E-01   1.1233083E+00
   5.6108999E+00  -9.8238796E-01  -5.8998477E-01  -6.7637533E-02   1.1479299E+00
   5.6277008E+00  -9.4643915E-01  -7.2784865E-01   5.4548075E-03   1.1939601E+00
   5.6445012E+00  -9.1059703E-01  -9.4434667E-01   6.0435761E-02   1.3132517E+00
   5.6615067E+00  -8.8005984E-01  -9.2421907E-01   1.1893692E-01   1.2817302E+00
   5.6783071E+00  -8.6659497E-01  -9.7778660E-01   1.7472148E-01   1.3181734E+00
   5.6953125E+00  -7.8327841E-01  -1.0083696E+00   2.1426259E-01   1.2946979E+00
   5.7121129E+00  -7.5625181E-01  -1.0288676E+00   2.5032032E-01   1.3012093E+00
   5.7291183E+00  -7.5250709E-01  -1.0748935E+00   2.8259832E-01   1.3422090E+00
   5.7459188E+00  -7.1258783E-01  -1.0722425E+00   3.1457886E-01   1.3253095E+00
   5.7629237E+00  -6.9902354E-01  -1.1156002E+00   3.3904982E-01   1.3594677E+00
   5.7797241E+00  -6.8477982E-01  -1.1340405E+00   3.6970186E-01   1.3753730E+00
   5.7967291E+00  -6.8700212E-01  -1.1778022E+00   3.9677203E-01   1.4200767E+00
   5.8135295E+00  -6.7948502E-01  -1.1741023E+00   4.2848855E-01   1.4226098E+00
   5.8305349E+00  -6.7187870E-01  -1.2334245E+00   4.5403710E-01   1.4761121E+00
   5.8473349E+00  -6.6003287E-01  -1.1935424E+00   4.7273636E-01   1.4434910E+00
   5.8643403E+00  -6.5011430E-01  -1.2013429E+00   4.9905071E-01   1.4542782E+00
   5.8811402E+00  -6.3337946E-01  -1.2290922E+00   5.1896185E-01   1.4768746E+00
   5.8981452E+00  -6.2868351E-01  -1.1967124E+00   5.3541964E-01   1.4539731E+00
   5.9149456E+00  -5.9288287E-01  -1.1710774E+00   5.4775846E-01   1.4223120E+00
   5.9319506E+00  -5.9354496E-01  -1.2005857E+00   5.5828011E-01   1.4509922E+00
   5.9487505E+00  -5.9675950E-01  -1.2180711E+00   5.7530379E-01   1.4733613E+00
   5.9657555E+00  -5.8302212E-01  -1.2080586E+00   5.8550775E-01   1.4636050E+00
   5.9825559E+00  -5.6551623E-01  -1.1956043E+00   6.0049307E-01   1.4525393E+00
   5.9995608E+00  -5.7848310E-01  -1.1591280E+00   6.1423242E-01   1.4337021E+00
   6.0163608E+00  -5.5747360E-01  -1.1901042E+00   6.2102193E-01   1.4535451E+00
   6.0333657E+00  -5.3373849E-01  -1.1490450E+00   6.2967914E-01   1.4148064E+00
   6.0501657E+00  -5.4829586E-01  -1.2211406E+00   6.4464426E-01   1.4857252E+00
   6.0671706E+00  -5.3007776E-01  -1.1456988E+00   6.5106314E-01   1.4203842E+00
   6.0839705E+00  -5.1130998E-01  -1.1342201E+00   6.6449344E-01   1.4104768E+00
   6.1009755E+00  -5.0416875E-01  -1.1079649E+00   6.7488497E-01   1.3918484E+00
   6.1177754E+00  -4.9734658E-01  -1.1081543E+00   6.8466294E-01   1.3943181E+00
   6.1347804E+00  -4.8755017E-01  -1.0942057E+00   6.9353569E-01   1.3841904E+00
   6.1515803E+00  -4.7724241E-01  -1.0559828E+00   7.0412999E-01   1.3559717E+00
   6.1685853E+00  -4.6599579E-01  -1.0298758E+00   7.1289790E-01   1.3364204E+00
   6.1853852E+00  -4.5337313E-01  -1.0000278E+00   7.2330618E-01   1.3148288E+00
   6.2023897E+00  -4.3088561E-01  -9.7574830E-01   7.3486018E-01   1.2952863E+00
   6.2191896E+00  -4.1837665E-01  -9.5590132E-01   7.4082679E-01   1.2796916E+00
   6.2361946E+00  -3.8826278E-01  -9.2225111E-01   7.4904913E-01   1.2499479E+00
   6.2529945E+00  -3.9830619E-01  -8.6473620E-01   7.5440753E-01   1.2147211E+00
   6.2699995E+00  -3.5102904E-01  -8.4998912E-01   7.6171154E-01   1.1941136E+00
   6.2867994E+00  -3.1789789E-01  -8.0758172E-01   7.7083969E-01   1.1607933E+00
   6.3035994E+00  -2.8960729E-01  -7.6761335E-01   7.7716553E-01   1.1300836E+00
   6.3206038E+00  -2.6315966E-01  -7.2213578E-01   7.8212142E-01   1.0965614E+00
   6.3374038E+00  -2.3704219E-01  -6.9254130E-01   7.8504807E-01   1.0733606E+00
   6.3544087E+00  -2.1741666E-01  -6.6586322E-01   7.9003406E-01   1.0558398E+00
   6.3712082E+00  -1.9830114E-01  -6.1710680E-01   7.9191774E-01   1.0233660E+00
   6.3882132E+00  -1.8282232E-01  -5.7227206E-01   7.9315948E-01   9.9499816E-01
   6.4050131E+00  -1.7130917E-01  -5.3594863E-01   7.9329473E-01   9.7257614E-01
   6.4220176E+00  -1.6664197E-01  -4.6911702E-01   7.9072988E-01   9.3439502E-01
   6.4388175E+00  -1.6211532E-01  -4.0595591E-01   7.8780782E-01   9.0095657E-01
   6.4558225E+00  -1.8516091E-01  -4.2454895E-01   7.8269857E-01   9.0947425E-01
   6.4726219E+00  -1.7827986E-01  -2.4022350E-01   7.8050411E-01   8.3586943E-01
   6.4896269E+00  -1.8154518E-01  -1.3371053E-01   7.7432656E-01   8.0648547E-01
   6.5064268E+00  -1.6975230E-01  -1.7176066E-02   7.7058870E-01   7.8925145E-01
   6.5234313E+00  -1.7137465E-01   1.2943943E-01   7.6396960E-01   7.9358262E-01
   6.5402312E+00  -1.9078796E-01   2.5902104E-01   7.5433511E-01   8.2006913E-01
   6.5572357E+00  -2.0941058E-01   4.1306999E-01   7.4203223E-01   8.7469506E-01
   6.5740356E+00  -2.2302972E-01   5.5859256E-01   7.3477226E-01   9.4955683E-01
   6.5910401E+00  -2.4562055E-01   7.0614374E-01   7.1948934E-01   1.0376095E+00
   6.6078401E+00  -2.5958613E-01   9.3503225E-01   7.0906073E-01   1.2018474E+00
   6.6248450E+00  -3.7192383E-01   1.0591938E+00   6.8744093E-01   1.3163563E+00
   6.6416445E+00  -2.6187649E-01   1.2805432E+00   6.9126499E-01   1.4785863E+00
   6.6586494E+00  -2.9558173E-01   1.4892460E+00   6.5744019E-01   1.6545241E+00
   6.6754489E+00  -3.0661908E-01   1.7262430E+00   6.5240794E-01   1.8707128E+00
   6.6924539E+00  -2.8865385E-01   1.9544088E+00   6.4266741E-01   2.0775120E+00
   6.7092533E+00  -3.2560107E-01   2.2057281E+00   6.2843829E-01   2.3165030E+00
   6.7262583E+00  -3.6386660E-01   2.4695435E+00   6.1246949E-01   2.5702457E+00
   6.7431903E+00  -3.6025468E-01   2.7137094E+00   5.9844613E-01   2.8021669E+00
   6.7600160E+00  -3.8844889E-01   2.9677134E+00   5.8452797E-01   3.0495718E+00
   6.7769108E+00  -3.9714122E-01   3.2099512E+00   5.8070654E-01   3.2861419E+00
   6.7938704E+00  -3.9059177E-01   3.5287514E+00   5.8651584E-01   3.5984230E+00
   6.8106937E+00  -4.7885793E-01   3.8194137E+00   5.8173537E-01   3.8930247E+00
   6.8275819E+00  -4.4174045E-01   4.0534501E+00   5.8098125E-01   4.1186323E+00
   6.8445325E+00  -4.6318653E-01   4.3363361E+00   5.8480841E-01   4.4000401E+00
   6.8613539E+00  -4.8725820E-01   4.5927854E+00   5.6997824E-01   4.6535978E+00
   6.8782372E+00  -4.9968052E-01   4.8375540E+00   5.6410849E-01   4.8958988E+00
   6.8951793E+00  -5.2343607E-01   5.0787301E+00   5.4918545E-01   5.1350842E+00
   6.9121766E+00  -5.4771835E-01   5.2955532E+00   5.2867287E-01   5.3499885E+00
   6.9290528E+00  -5.7050610E-01   5.5064931E+00   5.0872058E-01   5.5592933E+00
   6.9459844E+00  -5.8920413E-01   5.7034650E+00   4.8716924E-01   5.7544770E+00
   6.9628010E+00  -6.1504406E-01   5.8561034E+00   4.6439746E-01   5.9065971E+00
   6.9796734E+00  -6.1412001E-01   5.9540329E+00   4.4195580E-01   6.0019145E+00
   6.9965992E+00  -6.2364721E-01   6.0618653E+00   4.2069805E-01   6.1083660E+00
   7.0135756E+00  -6.3948411E-01   6.1472301E+00   4.0291142E-01   6.1935220E+00
   7.0304427E+00  -6.2735355E-01   6.1458921E+00   3.8064727E-01   6.1895442E+00
   7.0473609E+00  -6.1406088E-01   6.1163349E+00   3.5769793E-01   6.1574807E+00
   7.0641742E+00  -6.4394540E-01   6.1417456E+00   3.2581747E-01   6.1840005E+00
   7.0810390E+00  -6.1538100E-01   5.9964714E+00   3.0084276E-01   6.0354676E+00
   7.0979524E+00  -6.4299440E-01   6.0081425E+00   2.7292293E-01   6.0486116E+00
   7.1149125E+00  -6.4258361E-01   5.8465886E+00   2.4590871E-01   5.8869333E+00
   7.1317730E+00  -5.9651047E-01   5.4530425E+00   2.1360822E-01   5.4897289E+00
   7.1486807E+00  -6.1778653E-01   5.2048168E+00   1.9491458E-01   5.2449756E+00
   7.1656327E+00  -5.9305781E-01   4.9539156E+00   1.5491933E-01   4.9916930E+00
   7.1824899E+00  -6.0207528E-01   4.6255727E+00   1.1898495E-01   4.6661091E+00
   7.1993918E+00  -5.8931428E-01   4.1478634E+00   9.0365306E-02   4.1904926E+00
   7.2163372E+00  -5.7757485E-01   3.7184360E+00   6.4118579E-02   3.7635715E+00
   7.2331910E+00  -6.2996715E-01   3.2733417E+00   3.7482642E-02   3.3336210E+00
   7.2500882E+00  -5.7058883E-01   2.7468431E+00   1.9224649E-02   2.8055460E+00
   7.2670274E+00  -5.6603682E-01   2.2666402E+00   1.8280199E-02   2.3363197E+00
   7.2838783E+00  -5.3687495E-01   1.7218564E+00   8.7632230E-03   1.8036355E+00
   7.3007717E+00  -5.4493111E-01   1.2116495E+00   3.4710106E-02   1.3290031E+00
   7.3177052E+00  -5.1594222E-01   7.4199480E-01   5.9075475E-02   9.0567243E-01
   7.3345542E+00  -5.1200420E-01   2.5396392E-01   9.3024500E-02   5.7905054E-01
   7.3514433E+00  -4.9607340E-01  -2.1782783E-01   1.1286488E-01   5.5342233E-01
   7.3683715E+00  -4.7768709E-01  -6.8575901E-01   1.4351943E-01   8.4796709E-01
   7.3853374E+00  -4.4936877E-01  -1.0813920E+00   1.7717798E-01   1.1843703E+00
   7.4022222E+00  -4.2081743E-01  -1.4734712E+00   2.0471080E-01   1.5459985E+00
   7.4191442E+00  -3.9502367E-01  -1.8829902E+00   2.3781022E-01   1.9386206E+00
   7.4359879E+00  -3.5137141E-01  -2.2215316E+00   2.7019110E-01   2.2653186E+00
   7.4528699E+00  -3.0648509E-01  -2.5280330E+00   3.0016640E-01   2.5641730E+00
   7.4697881E+00  -2.7827075E-01  -2.8405933E+00   3.2366735E-01   2.8724842E+00
   7.4867415E+00  -2.3681684E-01  -3.1061220E+00   3.6204240E-01   3.1361043E+00
   7.5036192E+00  -2.3002763E-01  -3.3176329E+00   4.0319440E-01   3.3499503E+00
   7.5205326E+00  -2.2720501E-01  -3.6098053E+00   4.5045295E-01   3.6448903E+00
   7.5373726E+00  -1.9424368E-01  -3.8038168E+00   4.9407810E-01   3.8406856E+00
   7.5542479E+00  -2.0047252E-01  -3.9852982E+00   5.3846461E-01   4.0265040E+00
   7.5711579E+00  -2.0833109E-01  -4.1246138E+00   5.7906002E-01   4.1702700E+00
   7.5881009E+00  -1.8284193E-01  -4.2733040E+00   6.1689651E-01   4.3214722E+00
   7.6049733E+00  -1.6626802E-01  -4.3919320E+00   6.5290302E-01   4.4433088E+00
   7.6218786E+00  -1.3501355E-01  -4.4887805E+00   6.8632221E-01   4.5429525E+00
   7.6388168E+00  -1.4336924E-01  -4.5563378E+00   7.1723235E-01   4.6146712E+00
   7.6556864E+00  -1.5870814E-01  -4.6083989E+00   7.4402976E-01   4.6707716E+00
   7.6725883E+00  -1.3925171E-01  -4.6770043E+00   7.7155161E-01   4.7422624E+00
   7.6895213E+00  -1.3413976E-01  -4.6899309E+00   8.0233717E-01   4.7599573E+00
   7.7063885E+00  -1.2811242E-02  -4.6933756E+00   8.2323337E-01   4.7650452E+00
   7.7232866E+00  -1.0307491E-01  -4.7153649E+00   8.4639806E-01   4.7918348E+00
   7.7402158E+00  -8.0846332E-02  -4.6843734E+00   8.6076176E-01   4.7634859E+00
   7.7570806E+00  -1.7678564E-02  -4.7338490E+00   8.7172997E-01   4.8134761E+00
   7.7739758E+00  -5.8850959E-02  -4.6955910E+00   8.8660491E-01   4.7789230E+00
   7.7909007E+00  -3.5135232E-02  -4.6893797E+00   8.9738113E-01   4.7746005E+00
   7.8077631E+00  -1.2360550E-02  -4.6569023E+00   8.9991820E-01   4.7430735E+00
   7.8246555E+00   2.1865477E-03  -4.6204162E+00   9.0055031E-01   4.7073603E+00
   7.8415771E+00   1.1888175E-02  -4.6352458E+00   9.2322415E-01   4.7263079E+00
   7.8585267E+00   4.8598234E-02  -4.5158410E+00   9.0397131E-01   4.6056862E+00
   7.8754153E+00   7.4370779E-02  -4.4517612E+00   9.0227509E-01   4.5428858E+00
   7.8923326E+00   9.2365429E-02  -4.3735332E+00   8.9562285E-01   4.4652505E+00
   7.9091907E+00   1.1452143E-01  -4.2867794E+00   8.9199859E-01   4.3800974E+00
   7.9260769E+00   1.1551492E-01  -4.1851606E+00   8.9377290E-01   4.2810917E+00
   7.9429913E+00   1.2950821E-01  -4.1286120E+00   9.1134280E-01   4.2299829E+00
   7.9599323E+00   9.3326800E-02  -4.0211477E+00   8.9184183E-01   4.1199174E+00
   7.9768157E+00   1.4653872E-01  -3.8810122E+00   8.9011002E-01   3.9844730E+00
   7.9937263E+00   1.7029083E-01  -3.7897375E+00   9.0219384E-01   3.8993671E+00
   8.0105810E+00   1.5679887E-01  -3.6024861E+00   8.9431083E-01   3.7151425E+00
   8.0274620E+00   1.8904147E-01  -3.6017594E+00   9.1725200E-01   3.7215264E+00
   8.0443697E+00   2.0596223E-01  -3.5327430E+00   9.1755313E-01   3.6557622E+00
   8.0613031E+00   1.9407786E-01  -3.4634683E+00   9.1216666E-01   3.5868268E+00
   8.0781155E+00   2.1946946E-01  -3.2092988E+00   9.1729796E-01   3.3450265E+00
   8.0953321E+00   2.1682595E-01  -3.1788778E+00   9.3635714E-01   3.3210003E+00
   8.1119642E+00   2.0108458E-01  -3.0952575E+00   9.4372928E-01   3.2421720E+00
   8.1288443E+00   2.1108851E-01  -2.9627836E+00   9.5198637E-01   3.1191220E+00
   8.1459370E+00   2.0102659E-01  -2.8430736E+00   9.5537800E-01   3.0060315E+00
   8.1626854E+00   1.9801600E-01  -2.7406678E+00   9.6437526E-01   2.9121282E+00
   8.1796436E+00   1.8137875E-01  -2.6493142E+00   9.6464038E-01   2.8252954E+00
   8.1963081E+00   2.3492898E-01  -2.5588908E+00   9.8829955E-01   2.7531526E+00
   8.2131777E+00   2.4164709E-01  -2.4175456E+00   9.9057692E-01   2.6237688E+00
   8.2302284E+00   2.5395179E-01  -2.3092690E+00   1.0042580E+00   2.5309579E+00
   8.2470217E+00   2.6604864E-01  -2.1805434E+00   1.0123097E+00   2.4187441E+00
   8.2639952E+00   2.8179526E-01  -2.0489051E+00   1.0216933E+00   2.3067894E+00
   8.2811308E+00   2.9767284E-01  -1.9168091E+00   1.0283504E+00   2.1955116E+00
   8.2980385E+00   3.3250067E-01  -1.8701217E+00   1.0395601E+00   2.1653168E+00
   8.3147430E+00   3.5961497E-01  -1.7191939E+00   1.0522316E+00   2.0474720E+00
   8.3316193E+00   3.9032418E-01  -1.6155808E+00   1.0608642E+00   1.9717727E+00
   8.3486557E+00   4.2143884E-01  -1.5037836E+00   1.0666261E+00   1.8912078E+00
   8.3655071E+00   4.2229903E-01  -1.3930910E+00   1.0809283E+00   1.8131313E+00
   8.3825159E+00   5.0522214E-01  -1.2756152E+00   1.0831144E+00   1.7480218E+00
   8.3993559E+00   5.2576876E-01  -1.1344517E+00   1.0885358E+00   1.6578069E+00
   8.4163351E+00   5.1333517E-01  -1.0316330E+00   1.1712877E+00   1.6430746E+00
   8.4331770E+00   4.8462957E-01  -8.5882658E-01   1.0713522E+00   1.4561059E+00
   8.4502573E+00   4.3952873E-01  -6.8009418E-01   1.1276039E+00   1.3882377E+00
   8.4670172E+00   4.1820931E-01  -5.5838501E-01   1.0996577E+00   1.3022826E+00
   8.4837885E+00   4.0108523E-01  -3.7670064E-01   1.0898461E+00   1.2208756E+00
   8.5005932E+00   3.6846024E-01  -2.5571689E-01   1.1099111E+00   1.1971034E+00
   8.5172091E+00   3.2657528E-01  -9.9385686E-02   1.1183566E+00   1.1692948E+00
   8.5342770E+00   3.0117145E-01   9.6453123E-02   1.1177006E+00   1.1615773E+00
   8.5511494E+00   2.6141980E-01   2.8617206E-01   1.1222472E+00   1.1872967E+00
   8.5679846E+00   1.9985603E-01   4.9795815E-01   1.1224811E+00   1.2441336E+00
   8.5850534E+00   1.5274014E-01   7.3684883E-01   1.1242210E+00   1.3528298E+00
   8.6023064E+00   1.1459535E-01   9.6595794E-01   1.1258421E+00   1.4878600E+00
   8.6191063E+00   8.1610255E-02   1.2025508E+00   1.1252120E+00   1.6489059E+00
   8.6360998E+00   2.5029948E-02   1.4952865E+00   1.1284353E+00   1.8734659E+00
   8.6527166E+00  -1.6275623E-03   1.7402544E+00   1.1265227E+00   2.0730512E+00
   8.6695271E+00  -1.2321227E-02   2.0408244E+00   1.1306988E+00   2.3331516E+00
   8.6865025E+00  -2.0963633E-02   2.3719196E+00   1.1284218E+00   2.6267428E+00
   8.7036200E+00  -2.9067587E-02   2.6689112E+00   1.1262723E+00   2.8969676E+00
   8.7204161E+00  -2.0638617E-02   3.0272520E+00   1.1281810E+00   3.2307076E+00
   8.7373581E+00  -6.1836480E-03   3.3904123E+00   1.1321187E+00   3.5744407E+00
   8.7540188E+00   7.7049402E-03   3.7242432E+00   1.1339874E+00   3.8930674E+00
   8.7712173E+00   1.7971378E-02   4.1486397E+00   1.1349552E+00   4.3011227E+00
   8.7881365E+00   6.2474057E-02   4.5483303E+00   1.1349301E+00   4.6882062E+00
   8.8048077E+00   1.4480272E-02   4.9780746E+00   1.1368985E+00   5.1062679E+00
   8.8219585E+00   1.3597672E-02   5.4328818E+00   1.1451106E+00   5.5522671E+00
   8.8388615E+00   9.4360113E-03   5.8797588E+00   1.1445929E+00   5.9901376E+00
   8.8555422E+00  -2.5886230E-03   6.3538260E+00   1.1646969E+00   6.4596930E+00
   8.8726568E+00  -1.4148471E-01   6.8919940E+00   1.1489288E+00   6.9885359E+00
   8.8895493E+00  -8.7954305E-02   7.3679099E+00   1.1493046E+00   7.4575286E+00
   8.9062386E+00  -6.5916367E-02   7.8158507E+00   1.1492606E+00   7.9001689E+00
   8.9233246E+00  -1.0603400E-01   8.2441540E+00   1.1660293E+00   8.3268805E+00
   8.9399929E+00  -1.1089163E-01   8.4798861E+00   1.1799949E+00   8.5623102E+00
   8.9569712E+00  -6.3846610E-02   8.8707533E+00   1.1706026E+00   8.9478855E+00
   8.9740314E+00  -6.4835519E-02   9.1889610E+00   1.1796212E+00   9.2645950E+00
   8.9909067E+00  -7.3772378E-02   9.5125055E+00   1.1742104E+00   9.5849876E+00
   9.0076113E+00  -1.0610290E-01   9.7740660E+00   1.0844995E+00   9.8346214E+00
   9.0246525E+00  -1.4949869E-01   9.9140530E+00   9.7266787E-01   9.9627743E+00
   9.0415230E+00  -1.6742510E-01   9.9936857E+00   9.3515879E-01   1.0038741E+01
   9.0583344E+00  -1.9312558E-01   1.0009561E+01   9.0073484E-01   1.0051862E+01
   9.0753565E+00  -1.8242383E-01   9.9011202E+00   9.1720378E-01   9.9451857E+00
   9.0922203E+00  -1.7845979E-01   9.6471424E+00   8.3845443E-01   9.6851540E+00
   9.1091576E+00  -2.0610404E-01   9.2828140E+00   7.0807815E-01   9.3120623E+00
   9.1259460E+00  -1.5039402E-01   8.7683287E+00   5.7291991E-01   8.7883129E+00
   9.1428070E+00  -1.0793676E-01   8.0682716E+00   4.9387690E-01   8.0840940E+00
   9.1597366E+00  -1.5017489E-01   7.1685529E+00   3.6762378E-01   7.1795440E+00
   9.1767302E+00  -1.3280816E-01   6.0018411E+00   2.9551792E-01   6.0105796E+00
   9.1935844E+00  -1.3835607E-01   4.7851133E+00   2.2964191E-01   4.7926178E+00
   9.2105036E+00  -1.4770156E-01   3.5124738E+00   1.4618166E-01   3.5186157E+00
   9.2274837E+00  -1.7706412E-01   2.2451944E+00   5.8659595E-02   2.2529294E+00
   9.2443333E+00  -1.8407638E-01   9.6314770E-01  -7.7368431E-03   9.8061079E-01
   9.2612438E+00  -1.5969267E-01  -3.1664875E-01  -5.8757000E-02   3.5947263E-01
   9.2780323E+00  -1.7583814E-01  -1.5777888E+00  -8.0139063E-02   1.5895783E+00
   9.2950583E+00  -1.7548642E-01  -2.7645783E+00  -1.0382608E-01   2.7720873E+00
   9.3119621E+00  -1.2448268E-01  -3.7978663E+00  -7.9340182E-02   3.8007340E+00
   9.3287487E+00  -1.2067278E-01  -4.7323480E+00  -2.2921769E-02   4.7339416E+00
   9.3457661E+00  -9.3788289E-02  -5.4451661E+00   4.4520311E-02   5.4461555E+00
   9.3628311E+00  -1.1552958E-01  -6.0935736E+00   1.9884771E-01   6.0979118E+00
   9.3794260E+00  -8.3109289E-02  -6.7076306E+00   2.2620840E-01   6.7119584E+00
   9.3965740E+00   2.8534820E-02  -7.0875258E+00   3.1228438E-01   7.0944600E+00
   9.4134588E+00   1.0674106E-01  -7.4060640E+00   4.6095467E-01   7.4211626E+00
   9.4303980E+00   9.6516289E-02  -7.7560854E+00   5.7912350E-01   7.7782750E+00
   9.4469175E+00   1.6022849E-01  -7.9669914E+00   6.7812723E-01   7.9974046E+00
   9.4637403E+00   3.3383403E-02  -8.0947142E+00   7.3732245E-01   8.1282940E+00
   9.4809313E+00   1.1370326E-01  -8.3160639E+00   7.8922498E-01   8.3542032E+00
   9.4980507E+00   1.0573744E-01  -8.3152552E+00   8.6054039E-01   8.3603344E+00
   9.5145922E+00   1.2260099E-01  -8.3075676E+00   9.1126627E-01   8.3582964E+00
   9.5315962E+00   1.0840163E-01  -8.1319227E+00   9.5434701E-01   8.1884489E+00
   9.5484343E+00   8.8890389E-02  -7.7967024E+00   1.0015100E+00   7.8612652E+00
   9.5652761E+00   1.5873764E-01  -7.4878483E+00   1.0380453E+00   7.5611243E+00
   9.5820827E+00   1.1539743E-01  -7.4170103E+00   1.0953145E+00   7.4983382E+00
   9.5993652E+00   1.0116541E-01  -7.1344914E+00   1.1186960E+00   7.2223735E+00
   9.6161585E+00   8.5402787E-02  -6.7732844E+00   1.1530854E+00   6.8712649E+00
   9.6329823E+00   1.2887661E-02  -6.2259769E+00   1.1487764E+00   6.3310852E+00
   9.6498537E+00   1.8275337E-02  -5.8424444E+00   1.1595753E+00   5.9564338E+00
   9.6667871E+00  -6.3431761E-03  -5.4899111E+00   1.1667949E+00   5.6125369E+00
   9.6837959E+00   8.4866174E-02  -5.1978860E+00   1.1679227E+00   5.3281574E+00
   9.7004690E+00   5.6261111E-02  -4.7518234E+00   1.1770408E+00   4.8957553E+00
   9.7176714E+00   1.3773967E-02  -4.4044056E+00   1.1800406E+00   4.5597668E+00
   9.7345734E+00  -1.9478709E-02  -4.0530033E+00   1.1749735E+00   4.2199264E+00
   9.7512045E+00  -1.3935728E-02  -3.7480195E+00   1.1691060E+00   3.9261501E+00
   9.7683821E+00  -8.7207267E-03  -3.4181018E+00   1.1657615E+00   3.6114395E+00
   9.7849226E+00  -1.7312612E-02  -3.1688602E+00   1.1774149E+00   3.3805740E+00
   9.8020220E+00  -6.1516117E-02  -2.9006414E+00   1.1778944E+00   3.1312840E+00
   9.8189077E+00  -9.5773816E-02  -2.6248019E+00   1.1772618E+00   2.8783159E+00
   9.8359737E+00  -1.5284890E-01  -2.4894586E+00   1.1795806E+00   2.7590175E+00
   9.8528528E+00  -1.5580800E-01  -2.1776676E+00   1.1783952E+00   2.4809530E+00
   9.8695602E+00  -1.6140543E-01  -2.0041044E+00   1.1777053E+00   2.3301237E+00
   9.8864756E+00  -1.8480852E-01  -1.8123791E+00   1.1807088E+00   2.1709318E+00
   9.9032393E+00  -1.6315955E-01  -1.6523952E+00   1.1819195E+00   2.0381277E+00
   9.9202213E+00  -1.4737412E-01  -1.4408312E+00   1.1796246E+00   1.8679475E+00
   9.9370699E+00  -1.8069319E-01  -1.2211258E+00   1.1794947E+00   1.7073389E+00
   9.9541473E+00  -1.9755155E-01  -1.0552632E+00   1.1805723E+00   1.5957310E+00
   9.9711046E+00  -2.2787897E-01  -8.7380660E-01   1.1763576E+00   1.4829984E+00
   9.9879513E+00  -1.4414851E-01  -7.0491612E-01   1.1762544E+00   1.3788619E+00
   1.0004695E+01  -1.3971563E-01  -5.5504358E-01   1.1760361E+00   1.3079200E+00
   1.0021688E+01  -1.3178898E-01  -3.5169727E-01   1.1741767E+00   1.2327814E+00
   1.0038589E+01  -1.3397914E-01  -2.5302795E-01   1.1739031E+00   1.2083138E+00
   1.0055404E+01  -5.8851901E-02  -1.0036216E-01   1.1743400E+00   1.1800892E+00
   1.0072479E+01  -9.7910896E-02  -2.1824764E-02   1.1755593E+00   1.1798316E+00
   1.0089139E+01  -6.8935841E-02   5.9343278E-02   1.1759158E+00   1.1794286E+00
   1.0106067E+01  -3.1804051E-02   2.0371030E-01   1.1762871E+00   1.1942197E+00
   1.0123263E+01   1.0712378E-03   3.0747005E-01   1.1782690E+00   1.2177261E+00
   1.0140060E+01   3.9413910E-02   4.6951780E-01   1.1813167E+00   1.2718135E+00
   1.0156799E+01   6.4633936E-02   5.7805949E-01   1.1825135E+00   1.3178271E+00
   1.0173816E+01   1.0854313E-01   7.0639056E-01   1.1852542E+00   1.3840508E+00
   1.0190781E+01   1.4849561E-01   8.8943851E-01   1.1886760E+00   1.4920130E+00
   1.0207695E+01   1.9650519E-01   1.0012544E+00   1.1909784E+00   1.5682967E+00
   1.0224565E+01   2.3450540E-01   1.2743477E+00   1.1936888E+00   1.7617739E+00
   1.0241390E+01   2.6981342E-01   1.3984536E+00   1.1950018E+00   1.8591669E+00
   1.0258176E+01   3.1139451E-01   1.6537601E+00   1.1981450E+00   2.0657785E+00
   1.0275251E+01   4.1449720E-01   1.7665297E+00   1.2004212E+00   2.1756485E+00
   1.0291964E+01   4.7129071E-01   2.2108200E+00   1.1985558E+00   2.5585885E+00
   1.0308969E+01   3.4169570E-01   2.7610464E+00   1.2003570E+00   3.0300150E+00
   1.0325943E+01   4.0503463E-01   2.8363450E+00   1.1986872E+00   3.1057620E+00
   1.0342886E+01   4.8890463E-01   3.1499333E+00   1.1968619E+00   3.4049354E+00
   1.0359801E+01   4.9484858E-01   3.5910556E+00   1.1986029E+00   3.8180103E+00
   1.0376691E+01   4.7638655E-01   3.9315462E+00   1.2005658E+00   4.1382794E+00
   1.0393635E+01   4.7986495E-01   4.5064087E+00   1.2089356E+00   4.6903644E+00
   1.0410555E+01   4.2807022E-01   5.2112679E+00   1.2204179E+00   5.3693552E+00
   1.0427411E+01   3.7101692E-01   5.6705174E+00   1.2291636E+00   5.8140578E+00
   1.0444216E+01   3.1876084E-01   6.2002311E+00   1.2411656E+00   6.3312693E+00
   1.0460989E+01   2.5824201E-01   6.6863852E+00   1.2457075E+00   6.8063369E+00
   1.0478090E+01   1.7685111E-01   7.5708055E+00   1.2714748E+00   7.6788688E+00
   1.0494985E+01   8.9636184E-02   7.9538989E+00   1.2796354E+00   8.0566750E+00
   1.0512065E+01   1.5104935E-01   8.9034405E+00   1.2396467E+00   8.9905939E+00
   1.0528792E+01  -1.2947554E-02   9.7314959E+00   1.2541651E+00   9.8119879E+00
   1.0545581E+01  -1.0713322E-01   1.0474487E+01   1.2641879E+00   1.0551044E+01
   1.0562369E+01  -1.3096936E-01   1.0869639E+01   1.2327714E+00   1.0940107E+01
   1.0579543E+01  -1.9789492E-01   1.1758579E+01   1.2490257E+00   1.1826386E+01
   1.0596344E+01  -1.2154543E-01   1.4272081E+01   1.3314058E+00   1.4334563E+01
   1.0613144E+01  -7.6162595E-01   1.6272369E+01   1.2414612E+00   1.6337421E+01
   1.0630004E+01  -6.3378048E-01   1.6465761E+01   1.1810431E+00   1.6520226E+01
   1.0647054E+01  -4.8274192E-01   1.6609739E+01   9.5734048E-01   1.6644308E+01
   1.0663891E+01  -3.6424494E-01   1.6568542E+01   9.1869891E-01   1.6597990E+01
   1.0680727E+01   1.7026369E-02   1.5085963E+01   7.0605922E-01   1.5102487E+01
   1.0697688E+01   5.3772670E-01   1.4264707E+01   6.7858291E-01   1.4290958E+01
   1.0714631E+01  -1.6355211E-01   1.2426692E+01   4.1705683E-01   1.2434764E+01
   1.0731525E+01  -1.2798882E-01   1.0428617E+01   1.7750552E-01   1.0430912E+01
   1.0748360E+01  -1.3945051E-01   8.3844738E+00  -2.3607971E-02   8.3856659E+00
   1.0765278E+01   1.2149829E-01   6.6263065E+00  -1.0960274E-01   6.6283264E+00
   1.0782138E+01  -1.3892785E-01   4.6002874E+00  -1.0177794E-01   4.6035099E+00
   1.0799114E+01  -8.4391199E-02   2.8649633E+00  -1.7164595E-01   2.8713410E+00
   1.0815971E+01   1.3098516E-01   1.7105324E+00  -2.3994602E-01   1.7322391E+00
   1.0832856E+01  -1.9586723E-01   5.2050000E-01  -1.3856202E-01   5.7313496E-01
   1.0849818E+01  -2.0576531E-01  -6.1448669E-01  -2.0881709E-01   6.8083614E-01
   1.0866636E+01  -1.4503571E-01  -1.7122542E+00  -2.1446943E-01   1.7317179E+00
   1.0883520E+01  -1.3548742E-01  -2.5810995E+00  -2.3661600E-01   2.5954614E+00
   1.0900528E+01   1.1333950E-02  -3.3645358E+00  -8.2640469E-02   3.3655696E+00
   1.0917405E+01  -4.2293292E-02  -3.9389589E+00   3.1720445E-02   3.9393137E+00
   1.0934229E+01   3.2132149E-02  -4.3252535E+00   8.5941903E-02   4.3262262E+00
   1.0951100E+01   4.2950414E-02  -4.6298895E+00   1.5923111E-01   4.6328259E+00
   1.0968069E+01  -1.0832592E-02  -4.8340597E+00   2.3968174E-01   4.8400102E+00
   1.0985017E+01   7.1272783E-02  -5.0602827E+00   3.9247483E-01   5.0759802E+00
   1.1001893E+01   8.0007195E-02  -5.1829057E+00   4.8819101E-01   5.2064619E+00
   1.1018876E+01   5.8948416E-02  -5.2925129E+00   5.6727678E-01   5.3231540E+00
   1.1035728E+01   1.6882816E-01  -5.2552648E+00   6.3792390E-01   5.2965326E+00
   1.1052524E+01   1.1628928E-01  -5.2674007E+00   7.1246511E-01   5.3166380E+00
   1.1069449E+01   1.3242865E-01  -5.3086481E+00   7.6727158E-01   5.3654442E+00
   1.1086268E+01   1.4591563E-01  -5.3410420E+00   8.1128347E-01   5.4042764E+00
   1.1103133E+01   1.1160962E-01  -5.2375784E+00   8.3903766E-01   5.3055320E+00
   1.1120334E+01   9.2958413E-02  -5.2139134E+00   8.9193350E-01   5.2904706E+00
   1.1137137E+01   7.3945783E-02  -5.1100035E+00   9.4916272E-01   5.1979337E+00
   1.1154193E+01   8.1866212E-02  -4.9269919E+00   9.9488467E-01   5.0271010E+00
   1.1170868E+01   5.2095134E-02  -4.8251843E+00   1.0164075E+00   4.9313488E+00
   1.1187935E+01   7.9586104E-02  -4.6889138E+00   1.0454940E+00   4.8047166E+00
   1.1204830E+01   1.0443688E-01  -4.5337429E+00   1.0673019E+00   4.6588478E+00
   1.1221615E+01   7.6951161E-02  -4.4012074E+00   1.0879906E+00   4.5343437E+00
   1.1238453E+01   4.3901160E-02  -4.1194377E+00   1.0939260E+00   4.2624369E+00
   1.1255339E+01   5.2568831E-02  -3.9139478E+00   1.1140566E+00   4.0697508E+00
   1.1272405E+01  -7.5158416E-05  -3.5901756E+00   1.1276004E+00   3.7630897E+00
   1.1289398E+01  -1.7429549E-02  -3.4266086E+00   1.1290467E+00   3.6078660E+00
   1.1306283E+01  -2.2938866E-02  -3.1361825E+00   1.1206760E+00   3.3304777E+00
   1.1322886E+01  -5.2556149E-03  -2.8955011E+00   1.1171349E+00   3.1035376E+00
   1.1339994E+01  -2.0618763E-02  -2.6509783E+00   1.1361872E+00   2.8842733E+00
   1.1356749E+01  -1.4272846E-02  -2.3785968E+00   1.1325338E+00   2.6344941E+00
   1.1373556E+01   2.7159858E-03  -2.1967475E+00   1.1368915E+00   2.4735055E+00
   1.1390763E+01   2.8070856E-02  -1.9615467E+00   1.1340127E+00   2.2659299E+00
   1.1407649E+01  -7.8996122E-03  -1.7979745E+00   1.1406938E+00   2.1293089E+00
   1.1424248E+01  -2.9701894E-02  -1.6052258E+00   1.1398811E+00   1.9690000E+00
   1.1441145E+01  -4.5545980E-02  -1.3955857E+00   1.1386395E+00   1.8017308E+00
   1.1458087E+01  -8.4699996E-02  -1.1877333E+00   1.1350213E+00   1.6450404E+00
   1.1475078E+01  -1.2320511E-01  -1.1193614E+00   1.1348621E+00   1.5987687E+00
   1.1491964E+01  -1.0193858E-01  -8.8247311E-01   1.1309534E+00   1.4381258E+00
   1.1508704E+01  -1.1417063E-01  -7.7476603E-01   1.1246817E+00   1.3704766E+00
   1.1525496E+01  -1.0855200E-01  -5.6556207E-01   1.1229094E+00   1.2619705E+00
   1.1542407E+01  -1.3434526E-01  -5.3952748E-01   1.1228197E+00   1.2529416E+00
   1.1559520E+01  -1.3865469E-01  -4.5041022E-01   1.1206666E+00   1.2157254E+00
   1.1576273E+01  -1.2862691E-01  -4.0346637E-01   1.1220930E+00   1.1993426E+00
   1.1593285E+01  -1.0492850E-01  -3.2976687E-01   1.1196014E+00   1.1718632E+00
   1.1610580E+01  -1.5665868E-01  -2.2516388E-01   1.1216806E+00   1.1547329E+00
   1.1627495E+01  -1.5817319E-01  -1.9523753E-01   1.1223012E+00   1.1500853E+00
   1.1644175E+01  -1.5220447E-01  -1.6620807E-01   1.1223422E+00   1.1447461E+00
   1.1661207E+01  -1.5852316E-01  -9.9503361E-02   1.1187325E+00   1.1342807E+00
   1.1677838E+01  -1.8215337E-01  -1.0358336E-01   1.1216558E+00   1.1410614E+00
   1.1694805E+01  -1.8377216E-01  -9.7921386E-02   1.1213343E+00   1.1405048E+00
   1.1711349E+01  -1.8934619E-01  -1.0830608E-01   1.1207483E+00   1.1417788E+00
   1.1728701E+01  -1.6764578E-01  -3.3628378E-02   1.1220194E+00   1.1349729E+00
   1.1745296E+01  -1.5804864E-01  -2.5260221E-02   1.1214919E+00   1.1328555E+00
   1.1762648E+01  -1.3879268E-01  -1.6050681E-02   1.1223303E+00   1.1309936E+00
   1.1779244E+01  -1.1621409E-01   4.7316402E-03   1.1232169E+00   1.1292229E+00
   1.1795840E+01  -8.3102763E-02   2.3319261E-02   1.1248035E+00   1.1281103E+00
   1.1813191E+01  -5.2229732E-02   1.1687151E-01   1.1272326E+00   1.1344779E+00
   1.1829788E+01  -3.5095301E-03   1.4477909E-01   1.1311276E+00   1.1403608E+00
   1.1847138E+01   2.8520428E-02   2.8252375E-01   1.1319872E+00   1.1670595E+00
   1.1863735E+01   7.3397726E-02   4.4433802E-01   1.1363534E+00   1.2223431E+00
   1.1880935E+01   1.0542783E-01   4.7115329E-01   1.1375874E+00   1.2358016E+00
   1.1897690E+01   1.4699426E-01   7.0266110E-01   1.1385080E+00   1.3459347E+00
   1.1914536E+01   1.7392914E-01   8.8273865E-01   1.1390004E+00   1.4514823E+00
   1.1931458E+01   2.2400773E-01   1.0996525E+00   1.1410153E+00   1.6004159E+00
   1.1948438E+01   2.6482382E-01   1.3270385E+00   1.1410412E+00   1.7700672E+00
   1.1964952E+01   3.0000246E-01   1.5720299E+00   1.1424204E+00   1.9663174E+00
   1.1981784E+01   3.3678034E-01   1.9449142E+00   1.1407595E+00   2.2797904E+00
   1.1999107E+01   3.5572278E-01   2.2875342E+00   1.1427200E+00   2.5816972E+00
   1.2015703E+01   3.8497236E-01   2.7268648E+00   1.1424441E+00   2.9814718E+00
   1.2033054E+01   3.8587469E-01   3.2083869E+00   1.1462464E+00   3.4287791E+00
   1.2049651E+01   4.0010622E-01   3.6758037E+00   1.1496253E+00   3.8721125E+00
   1.2066247E+01   3.8788027E-01   4.1533661E+00   1.1581240E+00   4.3292208E+00
   1.2083598E+01   3.5091019E-01   4.7127795E+00   1.1694441E+00   4.8683701E+00
   1.2100195E+01   3.1027931E-01   5.2918348E+00   1.1839310E+00   5.4315267E+00
   1.2117545E+01   2.7154273E-01   5.9661655E+00   1.1929573E+00   6.0903215E+00
   1.2134142E+01   2.0538427E-01   6.6509871E+00   1.2161114E+00   6.7643728E+00
   1.2150830E+01   1.5165991E-01   7.4359913E+00   1.2170866E+00   7.5364623E+00
   1.2167827E+01   3.7863731E-02   8.2503214E+00   1.2349120E+00   8.3423166E+00
   1.2185179E+01   7.6623499E-02   8.9359121E+00   1.2210090E+00   9.0192719E+00
   1.2201889E+01   2.3041308E-02   9.7005682E+00   1.2397652E+00   9.7794981E+00
   1.2218812E+01  -5.4274093E-02   1.0386477E+01   1.2466317E+00   1.0461164E+01
   1.2235633E+01  -7.6035842E-02   1.1155854E+01   1.2856345E+00   1.1229948E+01
   1.2252380E+01  -1.8323152E-01   1.1832488E+01   1.2500345E+00   1.1899745E+01
   1.2269468E+01  -2.1977855E-01   1.2293464E+01   1.1339083E+00   1.2347603E+01
   1.2286157E+01  -2.5052437E-01   1.2904974E+01   1.0976025E+00   1.2953990E+01
   1.2303216E+01  -3.1286573E-01   1.3466064E+01   1.1498604E+00   1.3518689E+01
   1.2320100E+01  -3.1648207E-01   1.3615247E+01   1.0063293E+00   1.3656054E+01
   1.2336884E+01  -1.5800163E-01   1.3642586E+01   9.4145435E-01   1.3675943E+01
   1.2353784E+01  -1.4969063E-01   1.3154102E+01   7.0648348E-01   1.3173911E+01
   1.2370770E+01  -1.1081305E-01   1.2330607E+01   5.2715027E-01   1.2342367E+01
   1.2387694E+01  -7.1401477E-02   1.0978912E+01   3.7076035E-01   1.0985402E+01
   1.2404521E+01  -3.8236890E-02   8.9254017E+00   1.9242701E-01   8.9275579E+00
   1.2421450E+01  -2.5991639E-02   8.2156620E+00   7.5887144E-02   8.2160540E+00
   1.2438265E+01  -8.1149459E-02   6.0455909E+00   2.5927339E-04   6.0461354E+00
   1.2455185E+01  -1.2208194E-01   4.1669159E+00  -1.6139595E-01   4.1718268E+00
   1.2472136E+01  -1.1387717E-02   2.4106498E+00  -2.5723112E-01   2.4243617E+00
   1.2489026E+01  -5.0766308E-02   6.9708347E-01  -3.1514823E-01   7.6669484E-01
   1.2506053E+01  -1.8510011E-01  -7.6398116E-01  -2.7787727E-01   8.3375359E-01
   1.2522939E+01  -1.7500164E-01  -2.1975393E+00  -2.7791640E-01   2.2219455E+00
   1.2539722E+01  -2.5714064E-01  -3.2743487E+00  -2.1303391E-01   3.2913318E+00
   1.2556799E+01  -3.3343059E-01  -4.0410347E+00  -1.8188488E-01   4.0588446E+00
   1.2573640E+01  -1.3494374E-01  -4.4985929E+00  -7.9677209E-02   4.5013218E+00
   1.2590591E+01  -1.3146308E-02  -4.9257855E+00  -4.6005337E-03   4.9258051E+00
   1.2607322E+01  -2.3295428E-01  -5.2110462E+00   7.9854742E-02   5.2168617E+00
   1.2624308E+01  -3.8593691E-02  -5.5140371E+00   2.2438185E-01   5.5187354E+00
   1.2641119E+01  -1.4488612E-01  -5.4386616E+00   3.5602275E-01   5.4522276E+00
   1.2658017E+01  -9.7268298E-02  -5.4677672E+00   5.0270456E-01   5.4916892E+00
   1.2674902E+01  -9.2663512E-02  -5.6189132E+00   6.0530508E-01   5.6521826E+00
   1.2691772E+01  -1.7947096E-01  -5.4504499E+00   6.9790423E-01   5.4978800E+00
   1.2708662E+01  -2.2439584E-01  -5.4126549E+00   7.5746715E-01   5.4700041E+00
   1.2725700E+01  -8.1720404E-02  -5.1650949E+00   8.0475259E-01   5.2280502E+00
   1.2742726E+01  -3.0529246E-02  -4.9921751E+00   8.4462029E-01   5.0632133E+00
   1.2759637E+01  -2.7703779E-02  -4.7881069E+00   9.0391713E-01   4.8727612E+00
   1.2776299E+01  -6.9808923E-03  -4.4560575E+00   9.4719887E-01   4.5556211E+00
   1.2793083E+01  -9.0349168E-03  -4.0838900E+00   9.9209976E-01   4.2026782E+00
   1.2810438E+01  -2.7452230E-02  -3.7520902E+00   1.0308026E+00   3.8912065E+00
   1.2826886E+01  -7.7600046E-03  -3.4983714E+00   1.0541043E+00   3.6537375E+00
   1.2843807E+01  -2.2857532E-02  -3.2628257E+00   1.0792166E+00   3.4367518E+00
   1.2860743E+01  -7.5444736E-02  -3.1157963E+00   1.1042727E+00   3.3065536E+00
   1.2878023E+01   1.2231072E-02  -2.9186442E+00   1.1171832E+00   3.1251771E+00
   1.2894916E+01   3.7283350E-02  -2.6214051E+00   1.1145664E+00   2.8487563E+00
   1.2911552E+01   1.2719311E-01  -2.3096380E+00   1.1106275E+00   2.5659499E+00
   1.2928652E+01   8.8097274E-02  -2.1327071E+00   1.1148467E+00   2.4081287E+00
   1.2945158E+01   1.2316410E-01  -1.8818175E+00   1.1078644E+00   2.1871831E+00
   1.2962072E+01   1.1947203E-01  -1.6839275E+00   1.1078490E+00   2.0192115E+00
   1.2979212E+01   1.2313263E-01  -1.4446890E+00   1.0936452E+00   1.8161354E+00
   1.2995835E+01   1.7983332E-01  -1.2471753E+00   1.0926921E+00   1.6678616E+00
   1.3012990E+01   1.6179258E-01  -1.0893785E+00   1.0901119E+00   1.5496019E+00
   1.3030094E+01   1.7082803E-01  -8.9136189E-01   1.0803697E+00   1.4109950E+00
   1.3046629E+01   1.6682824E-01  -8.3385670E-01   1.0775131E+00   1.3726555E+00
   1.3063684E+01   1.4532964E-01  -7.4231642E-01   1.0690461E+00   1.3095855E+00
   1.3080745E+01   9.1424234E-02  -6.3759881E-01   1.0692297E+00   1.2482558E+00
   1.3097301E+01   1.3116980E-01  -6.6824436E-01   1.0614030E+00   1.2610838E+00
   1.3114426E+01   7.7708729E-02  -6.5822709E-01   1.0547744E+00   1.2457329E+00
   1.3131560E+01   1.1068711E-02  -6.0043192E-01   1.0251621E+00   1.1881070E+00
   1.3148185E+01   1.9899352E-02  -7.0979011E-01   1.0480194E+00   1.2659158E+00
   1.3164855E+01  -3.2481141E-02  -7.5858319E-01   1.0422142E+00   1.2894626E+00
   1.3182137E+01  -5.7372596E-02  -7.4328619E-01   1.0293902E+00   1.2709879E+00
   1.3198977E+01  -4.1046347E-02  -8.6125696E-01   1.0298388E+00   1.3431367E+00
   1.3215944E+01  -6.6928081E-02  -8.5335553E-01   1.0243258E+00   1.3348926E+00
   1.3232516E+01  -8.6544760E-02  -9.0264046E-01   1.0232866E+00   1.3672473E+00
   1.3249805E+01  -1.2598786E-01  -9.1714925E-01   1.0075072E+00   1.3682494E+00
   1.3266539E+01  -1.8586548E-01  -9.3950129E-01   1.0138843E+00   1.3946935E+00
   1.3283422E+01  -1.6060907E-01  -9.5706171E-01   1.0119129E+00   1.4020450E+00
   1.3300440E+01  -1.8042903E-01  -1.0268987E+00   1.0100259E+00   1.4516294E+00
   1.3317129E+01  -1.8788162E-01  -1.0676949E+00   1.0097538E+00   1.4815110E+00
   1.3333971E+01  -1.9148268E-01  -1.0927037E+00   1.0104464E+00   1.5005561E+00
   1.3350955E+01  -2.1454909E-01  -1.1323183E+00   1.0293241E+00   1.5452132E+00
   1.3368071E+01  -2.3141102E-01  -1.1798224E+00   1.0375661E+00   1.5881044E+00
   1.3384924E+01  -2.2089629E-01  -1.2120769E+00   1.0428741E+00   1.6141599E+00
   1.3401549E+01  -2.2602595E-01  -1.2762989E+00   1.0628062E+00   1.6761813E+00
   1.3418539E+01  -2.1996170E-01  -1.2829378E+00   1.0701691E+00   1.6851037E+00
   1.3435442E+01  -1.9793877E-01  -1.2600309E+00   1.0820670E+00   1.6726406E+00
   1.3452518E+01  -1.6990109E-01  -1.2410444E+00   1.1066078E+00   1.6714181E+00
   1.3469115E+01  -1.4556164E-01  -1.1392632E+00   1.1200124E+00   1.6042246E+00
   1.3486522E+01  -9.7961001E-02  -1.0223130E+00   1.1307141E+00   1.5274929E+00
   1.3502808E+01  -5.9128050E-02  -9.3812007E-01   1.1430945E+00   1.4799427E+00
   1.3519926E+01  -3.4511715E-02  -7.0405990E-01   1.1509284E+00   1.3496398E+00
   1.3536576E+01   3.2964849E-03  -4.6054605E-01   1.1573998E+00   1.2456677E+00
   1.3554108E+01   5.3142488E-02  -1.9777443E-01   1.1654630E+00   1.1833185E+00
   1.3570493E+01   1.1599224E-01   1.0892832E-01   1.1704067E+00   1.1811738E+00
   1.3587659E+01   1.5513931E-01   5.0588751E-01   1.1738657E+00   1.2876145E+00
   1.3604200E+01   1.9232996E-01   8.1066436E-01   1.1747928E+00   1.4402450E+00
   1.3621497E+01   2.2161132E-01   1.2480863E+00   1.1755769E+00   1.7288182E+00
   1.3638163E+01   2.4964581E-01   1.6665303E+00   1.1719143E+00   2.0525665E+00
   1.3655506E+01   2.7472237E-01   2.1668382E+00   1.1742544E+00   2.4798253E+00
   1.3671919E+01   3.0516964E-01   2.5961881E+00   1.1720186E+00   2.8647773E+00
   1.3689191E+01   3.0735707E-01   3.2116635E+00   1.1707231E+00   3.4321778E+00
   1.3706028E+01   3.1536934E-01   3.7557378E+00   1.1713324E+00   3.9467764E+00
   1.3723055E+01   3.2544798E-01   4.2769170E+00   1.1791095E+00   4.4483967E+00
   1.3739718E+01   3.2384413E-01   4.8760629E+00   1.1885365E+00   5.0292625E+00
   1.3756620E+01   3.2058758E-01   5.5310621E+00   1.2058544E+00   5.6700535E+00
   1.3773726E+01   2.4969132E-01   6.0827336E+00   1.2306446E+00   6.2109966E+00
   1.3790499E+01   2.0917159E-01   6.7601509E+00   1.2580945E+00   6.8794036E+00
   1.3807475E+01   1.8444639E-01   7.4700351E+00   1.2922301E+00   7.5832253E+00
   1.3824165E+01   1.8756473E-01   8.2082319E+00   1.2972752E+00   8.3122301E+00
   1.3841045E+01   1.1552579E-01   8.9271498E+00   1.2990035E+00   9.0219040E+00
   1.3857852E+01   7.0660442E-02   9.6528654E+00   1.2696563E+00   9.7362642E+00
   1.3875092E+01  -1.6290916E-02   1.0310095E+01   1.2531018E+00   1.0385980E+01
   1.3891736E+01  -3.9299730E-02   1.0902879E+01   1.2271105E+00   1.0971787E+01
   1.3908807E+01  -1.1709677E-01   1.1485780E+01   1.2607079E+00   1.1555355E+01
   1.3925689E+01  -1.4573394E-01   1.2004108E+01   1.1825600E+00   1.2063096E+01
   1.3942444E+01  -1.5687254E-01   1.2329151E+01   1.0704080E+00   1.2376524E+01
   1.3959221E+01  -1.8514186E-01   1.2472652E+01   9.5608985E-01   1.2510613E+01
   1.3976243E+01  -2.9056600E-01   1.2567216E+01   1.0021783E+00   1.2610460E+01
   1.3993055E+01  -2.8167278E-01   1.2305560E+01   8.3552438E-01   1.2337109E+01
   1.4010038E+01  -1.8748645E-01   1.1849585E+01   7.0470339E-01   1.1872001E+01
   1.4026922E+01  -1.9171457E-01   1.1245097E+01   5.6444204E-01   1.1260886E+01
   1.4043970E+01  -1.6931832E-01   1.0551928E+01   4.2749578E-01   1.0561940E+01
   1.4060802E+01  -1.0727582E-01   9.4916468E+00   3.1971252E-01   9.4976349E+00
   1.4077650E+01  -7.4972436E-02   8.3594456E+00   1.9876897E-01   8.3621445E+00
   1.4094662E+01  -1.5386559E-01   7.0415258E+00   1.7351720E-01   7.0453439E+00
   1.4111459E+01  -1.0441746E-01   5.7002158E+00   9.5223002E-02   5.7019672E+00
   1.4128438E+01  -1.5973276E-01   4.5973344E+00   3.3049177E-02   4.6002269E+00
   1.4145281E+01  -2.0372127E-01   3.3192158E+00  -2.8914647E-02   3.3255873E+00
   1.4162237E+01  -2.9387721E-01   2.0217307E+00  -8.7853447E-02   2.0448658E+00
   1.4179199E+01  -2.6724863E-01   1.0892947E+00  -1.2351864E-01   1.1283801E+00
   1.4196106E+01  -2.7599570E-01   3.5205580E-02  -1.3289046E-01   3.0833900E-01
   1.4212946E+01  -1.8281955E-01  -8.2455647E-01  -1.1544050E-01   8.5243350E-01
   1.4229734E+01  -2.6401368E-01  -1.6402134E+00  -1.9383429E-02   1.6614388E+00
   1.4246571E+01  -2.8487384E-01  -2.3768172E+00   4.8780903E-02   2.3943250E+00
   1.4263533E+01  -2.4782555E-01  -2.8647664E+00   1.0360847E-01   2.8773317E+00
   1.4280450E+01  -1.9819415E-01  -3.2231867E+00   1.8301317E-01   3.2344563E+00
   1.4297433E+01  -1.7253034E-01  -3.6575739E+00   2.6671323E-01   3.6713417E+00
   1.4314251E+01  -2.0576625E-01  -3.7772501E+00   3.9127216E-01   3.8030319E+00
   1.4331178E+01  -1.8989812E-01  -4.0522771E+00   4.8031616E-01   4.0850601E+00
   1.4348125E+01  -1.8611467E-01  -4.0638423E+00   5.7564795E-01   4.1086283E+00
   1.4364940E+01  -1.8510121E-01  -4.0955229E+00   6.5942872E-01   4.1523986E+00
   1.4381917E+01  -2.2842184E-01  -4.1405582E+00   7.1162325E-01   4.2074704E+00
   1.4398796E+01  -2.2666770E-01  -4.1331377E+00   7.5930089E-01   4.2084131E+00
   1.4415575E+01  -1.8637113E-01  -4.0823998E+00   7.9797578E-01   4.1638308E+00
   1.4432702E+01  -1.8214315E-01  -4.0686054E+00   8.3076578E-01   4.1565490E+00
   1.4449477E+01  -1.5572955E-01  -4.0062919E+00   8.9162421E-01   4.1072640E+00
   1.4466484E+01  -2.9832000E-02  -3.9674585E+00   9.3220901E-01   4.0756140E+00
   1.4483269E+01  -2.5477417E-02  -3.8087544E+00   9.8666561E-01   3.9345608E+00
   1.4500136E+01  -2.3877654E-02  -3.7571268E+00   1.0307204E+00   3.8960180E+00
   1.4516992E+01   1.0118820E-02  -3.6389318E+00   1.0613632E+00   3.7905695E+00
   1.4533877E+01   9.3148373E-02  -3.5001509E+00   1.0799760E+00   3.6641619E+00
   1.4551006E+01   5.1224809E-02  -3.3137839E+00   1.0981615E+00   3.4913816E+00
   1.4567888E+01   2.0666653E-02  -3.1875045E+00   1.1000419E+00   3.3720477E+00
   1.4584727E+01  -4.5236617E-02  -3.0968485E+00   1.1170112E+00   3.2924507E+00
   1.4601569E+01   3.5504442E-02  -2.9808433E+00   1.1238444E+00   3.1858616E+00
   1.4618380E+01   6.0024999E-02  -2.8282745E+00   1.1257992E+00   3.0446944E+00
   1.4635423E+01   8.8594370E-02  -2.7485182E+00   1.1222190E+00   2.9701140E+00
   1.4652158E+01   8.5310094E-02  -2.5450838E+00   1.1283330E+00   2.7852943E+00
   1.4669157E+01   9.1694184E-02  -2.4151046E+00   1.1327184E+00   2.6691177E+00
   1.4686079E+01   7.6738313E-02  -2.2666817E+00   1.1308775E+00   2.5342884E+00
   1.4702911E+01   1.3585787E-01  -2.1663418E+00   1.1278617E+00   2.4461329E+00
   1.4719945E+01   1.5206911E-01  -2.0441120E+00   1.1247071E+00   2.3380516E+00
   1.4736866E+01   1.5931194E-01  -1.9397315E+00   1.1241417E+00   2.2475839E+00
   1.4753656E+01   1.7028213E-01  -1.8308520E+00   1.1208640E+00   2.1534510E+00
   1.4770617E+01   1.9430557E-01  -1.7657496E+00   1.1201179E+00   2.1000690E+00
   1.4787436E+01   1.7371354E-01  -1.6885467E+00   1.1197531E+00   2.0335224E+00
   1.4804404E+01   1.7491421E-01  -1.6390661E+00   1.1175106E+00   1.9914725E+00
   1.4821182E+01   1.5183455E-01  -1.5989455E+00   1.1168965E+00   1.9563073E+00
   1.4838088E+01   1.3732447E-01  -1.5844544E+00   1.1176134E+00   1.9438142E+00
   1.4855127E+01   9.6427217E-02  -1.6362600E+00   1.1171798E+00   1.9836168E+00
   1.4871979E+01   6.9253817E-02  -1.5319954E+00   1.1192971E+00   1.8985869E+00
   1.4888970E+01   3.4476928E-02  -1.5114120E+00   1.1219580E+00   1.8826430E+00
   1.4905780E+01   1.2299452E-02  -1.4943024E+00   1.1238173E+00   1.8697743E+00
   1.4922743E+01  -2.6911367E-02  -1.4940777E+00   1.1251373E+00   1.8705417E+00
   1.4939518E+01  -4.0407073E-02  -1.5409635E+00   1.1332687E+00   1.9132432E+00
   1.4956430E+01  -7.6099604E-02  -1.5426059E+00   1.1394116E+00   1.9192922E+00
   1.4973491E+01  -1.0643555E-01  -1.5613146E+00   1.1461645E+00   1.9397744E+00
   1.4990362E+01  -1.2630774E-01  -1.5301650E+00   1.1495061E+00   1.9179996E+00
   1.5007044E+01  -8.9122355E-02  -1.0726650E+00   1.1731361E+00   1.5921059E+00
   1.5024242E+01  -1.9515775E-01  -1.7705638E+00   1.1616349E+00   2.1265886E+00
   1.5040906E+01  -1.8004662E-01  -1.5205957E+00   1.1736826E+00   1.9292897E+00
   1.5057734E+01  -1.9729593E-01  -1.5344620E+00   1.1836902E+00   1.9479789E+00
   1.5074708E+01  -2.2412361E-01  -1.5097198E+00   1.1840628E+00   1.9317065E+00
   1.5091837E+01  -2.2199439E-01  -1.4792169E+00   1.1866173E+00   1.9092995E+00
   1.5108757E+01  -2.3029105E-01  -1.4161952E+00   1.1958624E+00   1.8678141E+00
   1.5125464E+01  -1.9899042E-01  -1.3333104E+00   1.2084594E+00   1.8104385E+00
   1.5142331E+01  -2.4188776E-01  -1.2577724E+00   1.2310777E+00   1.7765285E+00
   1.5159363E+01  -2.3542467E-01  -1.1000415E+00   1.2044806E+00   1.6481171E+00
   1.5176167E+01  -2.2269234E-01  -8.4787071E-01   1.2426589E+00   1.5207490E+00
   1.5193105E+01  -1.8463774E-01  -7.5953865E-01   1.2163107E+00   1.4458222E+00
   1.5210170E+01  -1.1540494E-01  -4.9168906E-01   1.2212514E+00   1.3215640E+00
   1.5226971E+01  -1.2845589E-01  -2.6467225E-01   1.2286538E+00   1.2633853E+00
   1.5243894E+01  -1.1364912E-01  -8.4034884E-03   1.2292390E+00   1.2345102E+00
   1.5260533E+01  -3.5572570E-02   3.1208688E-01   1.2349652E+00   1.2742851E+00
   1.5277619E+01  -1.8112363E-02   6.8597096E-01   1.2415506E+00   1.4185669E+00
   1.5294356E+01   7.9863004E-02   1.0561209E+00   1.2410318E+00   1.6315420E+00
   1.5311555E+01   1.1845529E-01   1.4976503E+00   1.2431922E+00   1.9500037E+00
   1.5328391E+01   1.5709354E-01   1.9504931E+00   1.2439039E+00   2.3187063E+00
   1.5345221E+01   1.5023485E-01   2.3664982E+00   1.2411405E+00   2.6764369E+00
   1.5362029E+01   2.1050972E-01   2.9667230E+00   1.2381662E+00   3.2216167E+00
   1.5379176E+01   2.4434902E-01   3.5411203E+00   1.2349335E+00   3.7582309E+00
   1.5395832E+01   2.5759491E-01   4.1229768E+00   1.2317485E+00   4.3107424E+00
   1.5412759E+01   2.4322441E-01   4.6743822E+00   1.2409827E+00   4.8424215E+00
   1.5429530E+01   2.5030673E-01   5.2429214E+00   1.2532072E+00   5.3964252E+00
   1.5446743E+01   2.1658708E-01   5.8265939E+00   1.2730864E+00   5.9679856E+00
   1.5463600E+01   1.8088821E-01   6.4173570E+00   1.2930120E+00   6.5488219E+00
   1.5480339E+01   1.5008192E-01   6.9174881E+00   1.3154180E+00   7.0430455E+00
   1.5497443E+01   1.4593595E-01   7.5332189E+00   1.3396270E+00   7.6527958E+00
   1.5514368E+01   8.8207208E-02   8.2322836E+00   1.3736646E+00   8.3465700E+00
   1.5531292E+01   2.5424916E-02   8.8491383E+00   1.3754892E+00   8.9554377E+00
   1.5547973E+01   4.0119089E-02   9.4579315E+00   1.3719288E+00   9.5570011E+00
   1.5565051E+01   2.9161996E-03   1.0170862E+01   1.3333129E+00   1.0257884E+01
   1.5581701E+01  -8.2746083E-03   1.0921029E+01   1.2864680E+00   1.0996542E+01
   1.5598847E+01  -3.0582314E-02   1.1454037E+01   1.2308983E+00   1.1520026E+01
   1.5615739E+01  -4.5483779E-02   1.1908431E+01   1.2545480E+00   1.1974419E+01
   1.5632534E+01  -3.3183107E-01   1.2045692E+01   1.2119718E+00   1.2111056E+01
   1.5649239E+01  -1.2711573E-01   1.2207512E+01   1.1236593E+00   1.2259776E+01
   1.5666396E+01  -9.2807516E-02   1.2279065E+01   9.5960277E-01   1.2316854E+01
   1.5683074E+01  -1.0261668E-01   1.2260137E+01   8.4098214E-01   1.2289374E+01
   1.5700165E+01  -1.2051141E-01   1.1958630E+01   8.6825264E-01   1.1990713E+01
   1.5716940E+01  -1.3184552E-01   1.1614229E+01   7.4959153E-01   1.1639140E+01
   1.5734002E+01  -1.0000551E-01   1.1082359E+01   6.2447047E-01   1.1100389E+01
   1.5750706E+01  -1.8758346E-01   1.0468909E+01   5.0116348E-01   1.0482576E+01
   1.5767716E+01  -1.6876563E-01   9.6636086E+00   4.2891893E-01   9.6745939E+00
   1.5784573E+01  -2.1530925E-01   8.7074423E+00   3.0841306E-01   8.7155628E+00
   1.5801601E+01  -2.4981172E-01   7.4820457E+00   2.9907838E-01   7.4921865E+00
   1.5818516E+01  -2.3879339E-01   6.1573834E+00   1.7161562E-01   6.1644015E+00
   1.5835363E+01  -2.7324778E-01   4.7379184E+00   1.2378635E-01   4.7474051E+00
   1.5852179E+01  -1.3150039E-01   3.1696155E+00   1.6637747E-01   3.1767020E+00
   1.5869177E+01  -3.0506316E-01   2.0242412E+00   4.6147555E-03   2.0471046E+00
   1.5885910E+01  -3.3618385E-01   9.5380652E-01  -5.0804768E-02   1.0125945E+00
   1.5902946E+01  -3.1412414E-01  -3.4751958E-01  -3.6502652E-02   4.6986836E-01
   1.5919824E+01  -2.5103271E-01  -1.4288535E+00   3.9046302E-03   1.4507428E+00
   1.5936728E+01  -5.1458722E-01  -2.4831905E+00  -7.6176003E-02   2.5370924E+00
   1.5953518E+01  -3.6412814E-01  -2.9606833E+00   1.3657771E-01   2.9861162E+00
   1.5970418E+01  -2.0683096E-01  -3.5693114E+00   1.6145614E-01   3.5789425E+00
   1.5987474E+01  -2.0113856E-01  -4.1500063E+00   3.2275638E-01   4.1673946E+00
   1.6004242E+01  -2.0638171E-01  -4.3785052E+00   4.7212693E-01   4.4087191E+00
   1.6021120E+01  -2.0366570E-01  -4.5920267E+00   6.1255127E-01   4.6371770E+00
   1.6038155E+01  -2.1455219E-01  -4.8693910E+00   6.7604828E-01   4.9207768E+00
   1.6054956E+01  -2.0256391E-01  -4.8053918E+00   7.3263592E-01   4.8651390E+00
   1.6071796E+01  -1.9716871E-01  -4.8355017E+00   7.7847052E-01   4.9017310E+00
   1.6088785E+01  -1.8897931E-01  -4.7019124E+00   8.8596320E-01   4.7883844E+00
   1.6105608E+01  -2.7206269E-01  -4.6673694E+00   9.6975708E-01   4.7748070E+00
   1.6122559E+01  -2.2990386E-01  -4.5421662E+00   1.0864246E+00   4.6759439E+00
   1.6139536E+01  -1.9900225E-01  -4.3200746E+00   1.1338441E+00   4.4708219E+00
   1.6156361E+01  -3.1054926E-01  -3.9221878E+00   1.1680493E+00   4.1041851E+00
   1.6173218E+01  -1.8866833E-01  -4.0773535E+00   1.2000467E+00   4.2544708E+00
   1.6190145E+01  -1.2738727E-01  -3.8137774E+00   1.2035778E+00   4.0012155E+00
   1.6207060E+01  -2.5731990E-01  -3.6510293E+00   1.2322252E+00   3.8619437E+00
   1.6223948E+01  -9.9960901E-02  -3.5205657E+00   1.2347171E+00   3.7321446E+00
   1.6240990E+01  -1.4205867E-03  -3.2565749E+00   1.2168900E+00   3.4765074E+00
   1.6257830E+01  -2.4991347E-03  -3.1760075E+00   1.2250268E+00   3.4040742E+00
   1.6274626E+01   1.2380159E-02  -3.0038035E+00   1.2283188E+00   3.2452667E+00
   1.6291536E+01  -3.0185607E-01  -1.0721607E+00   1.1734991E+00   1.6179450E+00
   1.6308443E+01   1.0285322E-01  -2.7118893E+00   1.2117791E+00   2.9720919E+00
   1.6325405E+01   7.1686625E-02  -2.4962947E+00   1.2112247E+00   2.7755525E+00
   1.6342367E+01  -1.8063214E-02  -2.3158143E+00   1.2048526E+00   2.6105540E+00
   1.6359146E+01   4.6135047E-03  -2.3189404E+00   1.2009290E+00   2.6114624E+00
   1.6376137E+01   1.1145738E-01  -2.2954597E+00   1.1966847E+00   2.5910640E+00
   1.6392902E+01   1.7180370E-01  -2.1680412E+00   1.1924889E+00   2.4803123E+00
   1.6409863E+01   2.6053306E-01  -2.1869693E+00   1.1885012E+00   2.5026481E+00
   1.6426807E+01   2.3793328E-01  -2.1441820E+00   1.1828334E+00   2.4603300E+00
   1.6443720E+01   2.0350450E-01  -2.0087359E+00   1.1806221E+00   2.3388677E+00
   1.6460583E+01   2.2185986E-01  -2.1551497E+00   1.1825569E+00   2.4682653E+00
   1.6477591E+01   2.1387416E-01  -2.0872631E+00   1.1827457E+00   2.4085879E+00
   1.6494297E+01   1.3912836E-01  -2.1375561E+00   1.1761696E+00   2.4437425E+00
   1.6511362E+01   1.3749363E-01  -2.1545360E+00   1.1760683E+00   2.4584682E+00
   1.6528118E+01   1.5211794E-01  -2.1560092E+00   1.1753227E+00   2.4602640E+00
   1.6545010E+01   8.6528249E-02  -2.1539152E+00   1.1724564E+00   2.4538729E+00
   1.6562033E+01   9.4179347E-02  -2.1699648E+00   1.1716365E+00   2.4678631E+00
   1.6578941E+01   7.1668208E-02  -2.1891904E+00   1.1718071E+00   2.4841139E+00
   1.6595747E+01   5.4348003E-02  -2.2437396E+00   1.1734791E+00   2.5326614E+00
   1.6612757E+01   2.6237495E-02  -2.1921163E+00   1.1725992E+00   2.4861720E+00
   1.6629528E+01   5.5951247E-04  -2.2523856E+00   1.1802534E+00   2.5428801E+00
   1.6646555E+01  -5.4725870E-02  -2.2623618E+00   1.1834978E+00   2.5538094E+00
   1.6663435E+01  -6.1544448E-02  -2.2934322E+00   1.1871569E+00   2.5832074E+00
   1.6680292E+01  -8.4338300E-02  -2.2885666E+00   1.1914092E+00   2.5814931E+00
   1.6697292E+01  -1.4476173E-01  -2.3399465E+00   1.1964500E+00   2.6320710E+00
   1.6714100E+01  -1.2185431E-01  -2.2655842E+00   1.1985595E+00   2.5659823E+00
   1.6730982E+01  -1.5963346E-01  -2.2233176E+00   1.2016302E+00   2.5322993E+00
   1.6747881E+01  -1.7875737E-01  -2.1893234E+00   1.2032138E+00   2.5045588E+00
   1.6764727E+01  -1.8611279E-01  -2.1415775E+00   1.2042131E+00   2.4639647E+00
   1.6781788E+01  -2.1623707E-01  -2.1107109E+00   1.2063920E+00   2.4407461E+00
   1.6798491E+01  -2.1112865E-01  -1.9938048E+00   1.2073940E+00   2.3404343E+00
   1.6815392E+01  -2.0206252E-01  -1.8825309E+00   1.2099345E+00   2.2469296E+00
   1.6832485E+01  -2.0279945E-01  -1.7343196E+00   1.2112395E+00   2.1251101E+00
   1.6849426E+01  -2.1003327E-01  -1.5408624E+00   1.2136747E+00   1.9726574E+00
   1.6866245E+01  -1.7982848E-01  -1.4370663E+00   1.2175684E+00   1.8920810E+00
   1.6883219E+01  -1.4220583E-01  -1.1950890E+00   1.2194705E+00   1.7133501E+00
   1.6900177E+01  -1.0046791E-01  -1.0520526E+00   1.2219577E+00   1.6155770E+00
