  flscon:  version 22.2.0.05  win64 2022 
 FLOW-3D   13:45:10  10/11/2023 jupc     
   hydr3d   version  22.2.0.16 win64     09/12/2022 HYDRO    
 Simulation Template: Free Surface - TruVOF (Default)                            

Mesh Block   1
 printing pfxob, pfyob, pfzob, pfob       
       1     1002      0.000E+00      8.160E+00
   time              pfxob_1         pfyob_1         pfzob_1         pfob_1
   0.0000000E+00  -1.9561760E-03  -1.5083863E+00   1.3500782E+00   2.0243380E+00
   1.6165863E-03   4.1330460E-02   2.1491617E+02   1.0767837E+00   2.1491887E+02
   7.8510894E-03   1.1509415E-03  -2.7784514E-01   1.2965657E+00   1.3260021E+00
   1.6092705E-02  -4.2425632E-03  -5.2399427E-01   1.3329555E+00   1.4322563E+00
   2.4769783E-02  -1.2417883E-03  -8.1117064E-01   1.3095276E+00   1.5404097E+00
   3.3246804E-02   1.5760401E-03  -1.0878227E+00   1.3034784E+00   1.6977681E+00
   4.0630963E-02  -3.5834912E-04  -1.1632103E+00   1.3204159E+00   1.7597035E+00
   4.8285324E-02   2.5496571E-03  -1.3631632E+00   1.3179709E+00   1.8961191E+00
   5.7842825E-02   4.4782562E-03  -1.5823193E+00   1.3109475E+00   2.0548327E+00
   6.4464323E-02   7.6022447E-04  -1.7337692E+00   1.3038145E+00   2.1693060E+00
   7.4011780E-02   5.5662199E-04  -1.9546423E+00   1.2960591E+00   2.3452923E+00
   8.1778832E-02  -6.5142643E-03  -2.1103206E+00   1.2936591E+00   2.4752877E+00
   8.9426711E-02  -3.2525919E-03  -2.2708423E+00   1.2989231E+00   2.6160917E+00
   9.8393314E-02  -1.1221538E-02  -2.4572480E+00   1.3047780E+00   2.7822006E+00
   1.0631315E-01   8.7373918E-03  -2.6018307E+00   1.3067759E+00   2.9115739E+00
   1.1423327E-01   2.7259851E-03  -2.7518711E+00   1.3076822E+00   3.0467744E+00
   1.2253483E-01  -7.5080469E-03  -2.8958027E+00   1.3079200E+00   3.1774809E+00
   1.3015223E-01   1.1969239E-02  -3.0432980E+00   1.3063968E+00   3.3118694E+00
   1.3853715E-01  -1.7921407E-02  -3.2037542E+00   1.3132520E+00   3.4625125E+00
   1.4702396E-01   7.6712272E-03  -3.2656536E+00   1.3212348E+00   3.5228133E+00
   1.5492180E-01  -8.7495772E-03  -3.4293280E+00   1.3318650E+00   3.6788900E+00
   1.6306363E-01  -1.4956305E-02  -3.5343106E+00   1.3402189E+00   3.7799156E+00
   1.7152630E-01  -9.2484988E-03  -3.5646296E+00   1.3419268E+00   3.8088629E+00
   1.7930625E-01   3.9081443E-03  -3.7196407E+00   1.3456177E+00   3.9555569E+00
   1.8776254E-01   2.4808969E-03  -3.7935200E+00   1.3479774E+00   4.0258965E+00
   1.9639093E-01   4.5002727E-03  -3.8649294E+00   1.3543115E+00   4.0953460E+00
   2.0451778E-01   1.1344704E-02  -3.8847964E+00   1.3567085E+00   4.1149035E+00
   2.1229123E-01   1.3602753E-02  -3.9488544E+00   1.3495193E+00   4.1731091E+00
   2.2028770E-01   2.1972757E-02  -3.8792427E+00   1.3531196E+00   4.1085200E+00
   2.2851451E-01   7.5648935E-03  -3.8291252E+00   1.3484294E+00   4.0596204E+00
   2.3696677E-01   1.4443113E-02  -3.7688353E+00   1.3441063E+00   4.0013685E+00
   2.4428229E-01   1.3222425E-02  -3.7090831E+00   1.3410344E+00   3.9440899E+00
   2.5242719E-01   3.6811652E-03  -3.5422521E+00   1.3396674E+00   3.7871194E+00
   2.6099402E-01   2.3319073E-02  -3.3889241E+00   1.3383306E+00   3.6436903E+00
   2.6922217E-01  -9.7271558E-03  -3.2619743E+00   1.3363594E+00   3.5251138E+00
   2.7724487E-01   1.8466478E-02  -3.0635517E+00   1.3332131E+00   3.3411295E+00
   2.8609225E-01  -2.1978697E-02  -2.8107698E+00   1.3306714E+00   3.1099191E+00
   2.9335064E-01  -1.7606369E-03  -2.6865480E+00   1.3275211E+00   2.9966407E+00
   3.0160841E-01   4.8038699E-03  -2.4708774E+00   1.3280114E+00   2.8051510E+00
   3.1052211E-01  -1.4247370E-02  -2.2006757E+00   1.3298551E+00   2.5713210E+00
   3.1811863E-01   1.2680299E-03  -1.9338905E+00   1.3302079E+00   2.3472083E+00
   3.2661241E-01   6.1539090E-03  -1.7306833E+00   1.3307834E+00   2.1831827E+00
   3.3427942E-01  -1.2686376E-02  -1.5305479E+00   1.3326216E+00   2.0294378E+00
   3.4279150E-01  -3.8307384E-03  -1.1724703E+00   1.3350135E+00   1.7767843E+00
   3.5076064E-01   8.7136746E-04  -9.9911332E-01   1.3370265E+00   1.6690919E+00
   3.5908219E-01  -3.6175225E-02  -6.7673171E-01   1.3412241E+00   1.5027163E+00
   3.6694345E-01  -3.7480433E-02  -3.7430108E-01   1.3459140E+00   1.3974944E+00
   3.7514558E-01  -2.7032776E-02  -1.8276794E-01   1.3519495E+00   1.3645154E+00
   3.8364235E-01  -2.5305759E-02   1.5526347E-01   1.3576547E+00   1.3667382E+00
   3.9173684E-01  -4.4207301E-02   3.6371568E-01   1.3640335E+00   1.4123847E+00
   4.0011510E-01  -1.2562536E-01   4.6393898E-01   1.3720667E+00   1.4538184E+00
   4.0790930E-01  -1.3206486E-02   9.2257994E-01   1.3775924E+00   1.6580378E+00
   4.1606909E-01  -7.9026818E-02   1.0597157E+00   1.3898660E+00   1.7495629E+00
   4.2477825E-01  -6.5962702E-02   1.3038806E+00   1.3954389E+00   1.9109436E+00
   4.3257159E-01  -3.5572201E-02   1.4897979E+00   1.4016827E+00   2.0458441E+00
   4.4080508E-01  -2.2262586E-02   1.6394610E+00   1.4095706E+00   2.1622250E+00
   4.4826302E-01  -4.8049674E-03   1.9026372E+00   1.4174389E+00   2.3725903E+00
   4.5678192E-01  -2.8196929E-02   2.1004643E+00   1.4249367E+00   2.5383439E+00
   4.6513987E-01  -1.3367414E-02   2.2864046E+00   1.4333514E+00   2.6985774E+00
   4.7329700E-01  -2.2757700E-02   2.3858020E+00   1.4402523E+00   2.7869153E+00
   4.8159441E-01  -5.2530251E-02   2.6279013E+00   1.4514462E+00   3.0025523E+00
   4.9002519E-01  -5.5869529E-03   2.7589793E+00   1.4537654E+00   3.1185625E+00
   4.9832958E-01  -6.4432487E-04   2.9851851E+00   1.4570640E+00   3.3218017E+00
   5.0586474E-01  -1.3820835E-02   3.0738373E+00   1.4617771E+00   3.4037421E+00
   5.1361018E-01  -4.5725550E-03   3.2779803E+00   1.4594204E+00   3.5881867E+00
   5.2207226E-01  -1.3753003E-02   3.4581482E+00   1.4653429E+00   3.7558231E+00
   5.3038818E-01   4.0625958E-04   3.6114979E+00   1.4723556E+00   3.9000959E+00
   5.3869307E-01  -2.5967283E-02   3.7173612E+00   1.4693254E+00   3.9972949E+00
   5.4627472E-01   1.7228441E-03   3.8412971E+00   1.4663589E+00   4.1116633E+00
   5.5546480E-01  -1.9460477E-02   4.0521255E+00   1.4685148E+00   4.3100624E+00
   5.6279314E-01  -3.0776711E-02   4.1156502E+00   1.4737903E+00   4.3716793E+00
   5.7103103E-01   6.9466647E-04   4.2081990E+00   1.4647297E+00   4.4558244E+00
   5.7937366E-01  -2.2791371E-02   4.3096690E+00   1.4667677E+00   4.5524912E+00
   5.8745253E-01  -2.3769278E-02   4.3829665E+00   1.4669374E+00   4.6219978E+00
   5.9547061E-01  -1.7504929E-02   4.4394684E+00   1.4622030E+00   4.6741014E+00
   6.0337955E-01  -3.5815943E-02   4.4822021E+00   1.4620464E+00   4.7147636E+00
   6.1191154E-01  -3.8024846E-02   4.5200205E+00   1.4577025E+00   4.7494135E+00
   6.2009406E-01  -5.8171884E-03   4.5283566E+00   1.4554136E+00   4.7564983E+00
   6.2802064E-01  -1.0110570E-02   4.4982843E+00   1.4401634E+00   4.7232127E+00
   6.3619620E-01  -3.9410222E-02   4.5273204E+00   1.4289371E+00   4.7476358E+00
   6.4490569E-01  -2.0670002E-02   4.3838902E+00   1.4122053E+00   4.6057839E+00
   6.5287083E-01  -2.5080796E-02   4.3497925E+00   1.4235570E+00   4.5768809E+00
   6.6132551E-01  -2.3386570E-02   4.2888269E+00   1.3954004E+00   4.5101805E+00
   6.6902858E-01  -2.0339660E-02   4.1865730E+00   1.3983134E+00   4.4139652E+00
   6.7746806E-01  -2.1410763E-02   4.0265613E+00   1.3939880E+00   4.2610860E+00
   6.8516654E-01  -1.9043563E-02   3.9289937E+00   1.3760656E+00   4.1630411E+00
   6.9364184E-01  -3.9814082E-03   3.7288814E+00   1.3651203E+00   3.9709101E+00
   7.0159727E-01   5.9602049E-04   3.5479391E+00   1.3549273E+00   3.7978547E+00
   7.1035898E-01  -1.3467947E-02   3.2969968E+00   1.3420980E+00   3.5597186E+00
   7.1821791E-01  -1.3450913E-02   3.0901797E+00   1.3332798E+00   3.3655648E+00
   7.2599524E-01  -2.6856549E-02   2.8297784E+00   1.3241086E+00   3.1243608E+00
   7.3439103E-01  -7.3602851E-03   2.6076212E+00   1.3212200E+00   2.9232457E+00
   7.4220955E-01  -2.5108531E-02   2.3011861E+00   1.3121306E+00   2.6491082E+00
   7.5113398E-01  -1.3743241E-02   2.0391157E+00   1.3055277E+00   2.4212773E+00
   7.5917971E-01  -7.5116032E-03   1.7104130E+00   1.3012360E+00   2.1491358E+00
   7.6742053E-01  -1.0302438E-02   1.4400874E+00   1.2961268E+00   1.9374990E+00
   7.7464253E-01  -1.4386606E-02   1.1577892E+00   1.2946485E+00   1.7368931E+00
   7.8332257E-01   1.7412427E-04   8.3479279E-01   1.2931019E+00   1.5391529E+00
   7.9131424E-01  -5.8985800E-03   4.8081681E-01   1.2918813E+00   1.3784691E+00
   8.0033445E-01   3.8365184E-03   1.6587499E-01   1.2920307E+00   1.3026406E+00
   8.0724365E-01  -1.7499411E-03  -1.1145586E-01   1.2908950E+00   1.2956988E+00
   8.1589097E-01   3.3081614E-03  -4.9858120E-01   1.2903514E+00   1.3833296E+00
   8.2392383E-01   1.8539874E-02  -7.3647451E-01   1.2966356E+00   1.4913089E+00
   8.3202726E-01   3.3313720E-03  -1.1208266E+00   1.2944402E+00   1.7122613E+00
   8.4079719E-01   1.3363259E-02  -1.3565489E+00   1.2980759E+00   1.8776060E+00
   8.4816897E-01   1.6573844E-02  -1.6202036E+00   1.2993159E+00   2.0769103E+00
   8.5645688E-01   1.9174669E-02  -1.9186906E+00   1.2966176E+00   2.3158064E+00
   8.6539179E-01   2.0814294E-02  -2.1938393E+00   1.2983737E+00   2.5493407E+00
   8.7384266E-01   2.4296330E-02  -2.4289734E+00   1.2982855E+00   2.7542779E+00
   8.8093591E-01   3.3778582E-02  -2.6050932E+00   1.2990880E+00   2.9112337E+00
   8.8914222E-01   3.0964965E-02  -2.8740132E+00   1.3029497E+00   3.1557231E+00
   8.9739245E-01   2.6404625E-02  -3.1158695E+00   1.3059925E+00   3.3786027E+00
   9.0544772E-01   2.3711134E-02  -3.3275900E+00   1.3119000E+00   3.5769398E+00
   9.1375768E-01   2.5553424E-02  -3.4982214E+00   1.3159791E+00   3.7376473E+00
   9.2161489E-01   2.5536997E-02  -3.7294285E+00   1.3194876E+00   3.9560506E+00
   9.3037003E-01   1.9633019E-02  -3.8915198E+00   1.3191528E+00   4.1090722E+00
   9.3820554E-01   1.5707662E-02  -4.0392776E+00   1.3194141E+00   4.2493367E+00
   9.4648814E-01   9.3465595E-04  -4.1459098E+00   1.3186444E+00   4.3505626E+00
   9.5434254E-01  -3.2189160E-03  -4.2596173E+00   1.3138156E+00   4.4576297E+00
   9.6264851E-01   9.1201467E-03  -4.3668985E+00   1.3091823E+00   4.5589304E+00
   9.7117084E-01  -9.9255610E-04  -4.4308209E+00   1.3061702E+00   4.6193352E+00
   9.7928661E-01   2.3720963E-02  -4.4724960E+00   1.3048897E+00   4.6590257E+00
   9.8751175E-01   1.2481491E-02  -4.5100756E+00   1.3038799E+00   4.6947885E+00
   9.9533033E-01  -1.5572120E-02  -4.4788141E+00   1.3039716E+00   4.6648002E+00
   1.0037413E+00  -2.8266036E-04  -4.4685998E+00   1.3040197E+00   4.6549816E+00
   1.0115281E+00  -4.9256645E-03  -4.3850904E+00   1.3036119E+00   4.5747614E+00
   1.0203695E+00   3.2087520E-02  -4.2526011E+00   1.3093746E+00   4.4497313E+00
   1.0282155E+00   5.6537408E-02  -4.2441998E+00   1.3064656E+00   4.4410901E+00
   1.0363181E+00  -3.0084927E-02  -4.1308942E+00   1.3161746E+00   4.3356090E+00
   1.0445639E+00  -7.2441506E-03  -3.9837854E+00   1.3254133E+00   4.1984901E+00
   1.0525839E+00   5.7984058E-02  -3.7724037E+00   1.3275596E+00   3.9996006E+00
   1.0607803E+00   5.3464893E-02  -3.6600797E+00   1.3288531E+00   3.8942127E+00
   1.0690967E+00  -5.8925867E-02  -3.5083125E+00   1.3352504E+00   3.7542806E+00
   1.0773476E+00   1.4757017E-02  -3.3768122E+00   1.3357246E+00   3.6314240E+00
   1.0848683E+00  -1.4176087E-02  -3.1895440E+00   1.3406711E+00   3.4598830E+00
   1.0935934E+00  -3.5339087E-02  -2.9146502E+00   1.3423301E+00   3.2090940E+00
   1.1012447E+00  -5.1551298E-03  -2.6807296E+00   1.3438780E+00   2.9987240E+00
   1.1096741E+00  -5.0984565E-03  -2.4521563E+00   1.3458885E+00   2.7972329E+00
   1.1174656E+00   5.6175515E-03  -2.2468143E+00   1.3488480E+00   2.6206100E+00
   1.1258775E+00   8.2582030E-03  -2.0626662E+00   1.3494248E+00   2.4648747E+00
   1.1344230E+00  -8.3599109E-03  -1.7935026E+00   1.3529747E+00   2.2466111E+00
   1.1425577E+00  -1.2466520E-02  -1.5511525E+00   1.3538610E+00   2.0589242E+00
   1.1507450E+00  -2.0932924E-02  -1.3620803E+00   1.3550483E+00   1.9214206E+00
   1.1582652E+00  -2.0544454E-03  -1.1077161E+00   1.3597524E+00   1.7538432E+00
   1.1671468E+00   4.4223228E-03  -9.1300195E-01   1.3617042E+00   1.6394604E+00
   1.1750827E+00   2.9581806E-02  -7.5712448E-01   1.3646343E+00   1.5608777E+00
   1.1836146E+00   1.4312000E-02  -4.1291055E-01   1.3648878E+00   1.4260501E+00
   1.1909366E+00  -1.5464784E-02  -4.3882984E-01   1.3689649E+00   1.4376633E+00
   1.1997238E+00   2.9551733E-02   6.7611247E-02   1.3703089E+00   1.3722941E+00
   1.2080548E+00   8.3859399E-02   2.8520003E-01   1.3742938E+00   1.4060779E+00
   1.2153999E+00  -2.0850072E-02   4.5299715E-01   1.3805387E+00   1.4531099E+00
   1.2239377E+00   3.6487870E-02   7.0914024E-01   1.3845891E+00   1.5560522E+00
   1.2324929E+00   8.7951003E-03   9.8122668E-01   1.3892740E+00   1.7008719E+00
   1.2398276E+00   1.1324770E-02   1.1685426E+00   1.3943108E+00   1.8192644E+00
   1.2479721E+00   7.2169807E-03   1.3633631E+00   1.4006948E+00   1.9546758E+00
   1.2564934E+00  -5.5941645E-02   1.7069522E+00   1.4120289E+00   2.2159965E+00
   1.2648029E+00  -1.6607068E-03   1.8381160E+00   1.4177536E+00   2.3213570E+00
   1.2728060E+00  -1.7280694E-02   2.0325909E+00   1.4244596E+00   2.4820976E+00
   1.2805573E+00  -1.0349203E-02   2.2922380E+00   1.4326214E+00   2.7031214E+00
   1.2894191E+00  -5.6984103E-03   2.4607553E+00   1.4417691E+00   2.8520250E+00
   1.2977865E+00   3.2919083E-02   2.7399762E+00   1.4514421E+00   3.1008446E+00
   1.3050379E+00  -7.9553891E-03   2.8472528E+00   1.4562356E+00   3.1980517E+00
   1.3138254E+00   9.5709981E-03   3.0489779E+00   1.4657272E+00   3.3830037E+00
   1.3219113E+00  -8.0522345E-03   3.3119400E+00   1.4741850E+00   3.6252217E+00
   1.3303676E+00  -4.1452399E-03   3.4464457E+00   1.4800510E+00   3.7508075E+00
   1.3382214E+00  -3.4616169E-02   3.6293223E+00   1.4847589E+00   3.9214394E+00
   1.3464873E+00  -3.8763959E-02   3.7855127E+00   1.4875082E+00   4.0674672E+00
   1.3548757E+00  -5.0115064E-02   3.9922707E+00   1.4890379E+00   4.2612171E+00
   1.3623836E+00  -2.7133763E-02   4.1678357E+00   1.4962416E+00   4.4283552E+00
   1.3709960E+00  -3.2499041E-02   4.3020186E+00   1.4926293E+00   4.5537200E+00
   1.3792206E+00   2.4516259E-03   4.4747000E+00   1.4948350E+00   4.7177830E+00
   1.3869997E+00  -1.3847061E-02   4.6138625E+00   1.5008479E+00   4.8518515E+00
   1.3954936E+00  -1.7496139E-02   4.6527300E+00   1.4953572E+00   4.8871565E+00
   1.4037763E+00  -1.9992335E-02   4.7461753E+00   1.4926803E+00   4.9754071E+00
   1.4116495E+00  -1.2080843E-02   4.7795835E+00   1.4782654E+00   5.0029826E+00
   1.4195197E+00  -3.0306259E-02   4.9046712E+00   1.4794124E+00   5.1230245E+00
   1.4275894E+00  -1.4750508E-02   4.8582659E+00   1.4699541E+00   5.0757985E+00
   1.4358953E+00  -1.7825337E-02   4.8045492E+00   1.4473597E+00   5.0178542E+00
   1.4442618E+00  -3.5195384E-02   4.7133183E+00   1.4298542E+00   4.9255548E+00
   1.4524721E+00  -1.3739353E-02   4.6456003E+00   1.4245528E+00   4.8591299E+00
   1.4604619E+00  -2.1600280E-02   4.5496702E+00   1.4115820E+00   4.7636676E+00
   1.4691261E+00  -1.9368840E-02   4.3836222E+00   1.3992341E+00   4.6015620E+00
   1.4769192E+00  -2.6092057E-03   4.3148251E+00   1.3961629E+00   4.5350847E+00
   1.4854376E+00  -1.3946561E-03   4.1184220E+00   1.3784578E+00   4.3429885E+00
   1.4935974E+00   6.6903667E-03   3.8735161E+00   1.3695816E+00   4.1085186E+00
   1.5013411E+00   1.7695030E-02   3.7075906E+00   1.3600169E+00   3.9492006E+00
   1.5097145E+00   3.7842607E-03   3.4893897E+00   1.3485174E+00   3.7409027E+00
   1.5180252E+00   1.9224327E-02   3.2435343E+00   1.3402212E+00   3.5095694E+00
   1.5258467E+00   3.0158008E-02   3.0202026E+00   1.3119549E+00   3.2929864E+00
   1.5341164E+00   2.8025163E-02   2.7270615E+00   1.3208990E+00   3.0302515E+00
   1.5420129E+00   6.0578720E-03   2.4836643E+00   1.3179543E+00   2.8116951E+00
   1.5502537E+00  -8.9129284E-03   2.1799316E+00   1.3033292E+00   2.5398519E+00
   1.5586087E+00   2.6991838E-03   1.9228474E+00   1.2997308E+00   2.3209157E+00
   1.5669224E+00   1.3876290E-02   1.6482629E+00   1.3015990E+00   2.1002674E+00
   1.5753690E+00   4.1159266E-03   1.2786802E+00   1.3005993E+00   1.8238965E+00
   1.5834147E+00   2.8822783E-03   9.9533010E-01   1.2977037E+00   1.6354587E+00
   1.5918151E+00   6.8763075E-03   6.3028651E-01   1.2999866E+00   1.4447399E+00
   1.5995493E+00   2.6248181E-03   3.0662364E-01   1.3011048E+00   1.3367492E+00
   1.6079640E+00  -3.7976750E-03   3.8266677E-02   1.3033725E+00   1.3039396E+00
   1.6153765E+00   2.7511660E-03  -2.4566986E-01   1.3051908E+00   1.3281131E+00
   1.6245028E+00   1.1852919E-02  -5.5034852E-01   1.3065989E+00   1.4178239E+00
   1.6326040E+00   3.3359401E-02  -8.9218134E-01   1.3069423E+00   1.5827820E+00
   1.6403668E+00   5.1661581E-03  -1.2264569E+00   1.3051809E+00   1.7910110E+00
   1.6478878E+00   2.1723451E-02  -1.3622017E+00   1.2999305E+00   1.8830519E+00
   1.6563734E+00   9.0454891E-03  -1.7052172E+00   1.2954794E+00   2.1415215E+00
   1.6650544E+00  -1.8821803E-03  -1.9658617E+00   1.2954129E+00   2.3542962E+00
   1.6730466E+00   1.2144636E-02  -2.2299135E+00   1.2963357E+00   2.5793698E+00
   1.6808013E+00   2.5387282E-02  -2.3900647E+00   1.2978649E+00   2.7198358E+00
   1.6886430E+00   8.2371170E-03  -2.6521914E+00   1.2981209E+00   2.9528468E+00
   1.6972686E+00   4.7035455E-03  -2.9067049E+00   1.3001746E+00   3.1842442E+00
   1.7058468E+00  -2.3979138E-04  -3.1264637E+00   1.3032618E+00   3.3872209E+00
   1.7132685E+00   5.0605065E-03  -3.3008194E+00   1.3080419E+00   3.5505502E+00
   1.7213537E+00   8.7661184E-03  -3.4921744E+00   1.3098772E+00   3.7297637E+00
   1.7295338E+00   2.3408171E-02  -3.6640177E+00   1.3133955E+00   3.8923748E+00
   1.7380697E+00   8.8622877E-03  -3.8406055E+00   1.3092231E+00   4.0576339E+00
   1.7462739E+00   9.5105208E-03  -3.9362211E+00   1.3055427E+00   4.1470914E+00
   1.7540697E+00  -1.1895490E-02  -4.1039619E+00   1.3020793E+00   4.3055844E+00
   1.7629337E+00   3.7487827E-03  -4.1681552E+00   1.2956461E+00   4.3648858E+00
   1.7705430E+00  -1.6473379E-02  -4.2638226E+00   1.2950792E+00   4.4561963E+00
   1.7791264E+00   1.6296791E-02  -4.2717075E+00   1.2893604E+00   4.4620848E+00
   1.7868009E+00   1.2757388E-02  -4.3417063E+00   1.2926761E+00   4.5300760E+00
   1.7953877E+00   6.6244737E-03  -4.3458743E+00   1.2941760E+00   4.5344858E+00
   1.8035114E+00  -1.6870858E-02  -4.3375978E+00   1.2945094E+00   4.5266762E+00
   1.8111844E+00  -3.2141656E-03  -4.2874823E+00   1.2963593E+00   4.4791808E+00
   1.8200003E+00  -1.2858059E-02  -4.2374597E+00   1.3005639E+00   4.4325719E+00
   1.8276255E+00   1.6622172E-03  -4.1577215E+00   1.3000396E+00   4.3562317E+00
   1.8362962E+00   5.9434265E-02  -3.9550517E+00   1.3021793E+00   4.1643291E+00
   1.8438896E+00   2.0559751E-03  -3.9413218E+00   1.3061855E+00   4.1521249E+00
   1.8521756E+00   4.1164006E-03  -3.7762120E+00   1.3121454E+00   3.9976892E+00
   1.8605720E+00  -2.4005417E-02  -3.6019855E+00   1.3141922E+00   3.8343155E+00
   1.8691807E+00   1.1459953E-02  -3.4729154E+00   1.3175714E+00   3.7144673E+00
   1.8766924E+00  -1.2105585E-03  -3.2804346E+00   1.3201946E+00   3.5361230E+00
   1.8845044E+00  -1.7215421E-02  -3.0750215E+00   1.3222477E+00   3.3472962E+00
   1.8935018E+00   3.6768313E-02  -2.7932856E+00   1.3258331E+00   3.0921884E+00
   1.9017957E+00  -1.5394703E-02  -2.5677922E+00   1.3291863E+00   2.8914580E+00
   1.9094020E+00   1.2975916E-02  -2.3868799E+00   1.3302441E+00   2.7325654E+00
   1.9170653E+00   3.0079106E-02  -2.1369116E+00   1.3309950E+00   2.5177062E+00
   1.9255446E+00   1.8777991E-02  -1.9708093E+00   1.3313756E+00   2.3784456E+00
   1.9339846E+00   3.8978823E-03  -1.6137519E+00   1.3325120E+00   2.0927968E+00
   1.9424387E+00   6.1301293E-04  -1.3345917E+00   1.3345394E+00   1.8873608E+00
   1.9499367E+00   1.6427845E-02  -1.1853104E+00   1.3369398E+00   1.7867956E+00
   1.9583553E+00   2.5762746E-02  -9.0852803E-01   1.3389374E+00   1.6182832E+00
   1.9660537E+00   1.9011017E-02  -6.4419419E-01   1.3399643E+00   1.4868933E+00
   1.9746096E+00   3.0577959E-02  -2.9183444E-01   1.3412405E+00   1.3729634E+00
   1.9833105E+00   2.5213271E-02  -9.9950194E-02   1.3447840E+00   1.3487289E+00
   1.9915985E+00   4.3451127E-02   1.8055232E-01   1.3457241E+00   1.3584774E+00
   1.9995716E+00   1.3571580E-02   4.7202450E-01   1.3572154E+00   1.4370195E+00
   2.0076704E+00  -5.9820570E-02   8.6301368E-01   1.3622943E+00   1.6137587E+00
   2.0157971E+00  -6.0375547E-03   9.8193121E-01   1.3699574E+00   1.6855292E+00
   2.0234215E+00   2.9495100E-02   1.1759737E+00   1.3747103E+00   1.8093127E+00
   2.0324273E+00   4.2710837E-02   1.3582045E+00   1.3817226E+00   1.9379631E+00
   2.0395417E+00   3.5741612E-02   1.6776001E+00   1.3890086E+00   2.1782939E+00
   2.0477083E+00   1.7144119E-02   1.8781939E+00   1.3976794E+00   2.3412418E+00
   2.0563312E+00   5.1977430E-03   2.1221573E+00   1.4062732E+00   2.5458167E+00
   2.0646093E+00  -6.6708988E-03   2.3133643E+00   1.4166412E+00   2.7126687E+00
   2.0729203E+00  -9.0636937E-03   2.5753767E+00   1.4244024E+00   2.9430544E+00
   2.0809810E+00   2.1114733E-02   2.7635586E+00   1.4339499E+00   3.1135054E+00
   2.0887468E+00  -1.4363784E-02   3.0167146E+00   1.4433466E+00   3.3442521E+00
   2.0966570E+00  -1.4770800E-02   3.2760177E+00   1.4518214E+00   3.5833359E+00
   2.1052842E+00  -1.3136171E-02   3.4106653E+00   1.4588108E+00   3.7095740E+00
   2.1131346E+00   9.7785331E-03   3.6343961E+00   1.4664909E+00   3.9191232E+00
   2.1218333E+00  -1.0155736E-02   3.8086522E+00   1.4727620E+00   4.0834990E+00
   2.1296694E+00  -2.2166312E-02   4.0482669E+00   1.4734776E+00   4.3081427E+00
   2.1377428E+00   4.7356775E-03   4.1596713E+00   1.4767735E+00   4.4140396E+00
   2.1460283E+00  -1.7490525E-02   4.4479527E+00   1.4794406E+00   4.6875725E+00
   2.1545892E+00  -1.3845312E-02   4.5848451E+00   1.4820815E+00   4.8184605E+00
   2.1625638E+00  -3.1105397E-02   4.7612143E+00   1.4850640E+00   4.9875388E+00
   2.1702385E+00   3.4570943E-03   4.8702946E+00   1.4838982E+00   5.0913391E+00
   2.1787503E+00  -2.7948728E-02   4.9552512E+00   1.4833676E+00   5.1725888E+00
   2.1870487E+00  -2.8648777E-02   5.0704908E+00   1.4761181E+00   5.2810631E+00
   2.1947532E+00  -3.1662568E-02   5.1734781E+00   1.4885747E+00   5.3834686E+00
   2.2027907E+00   9.9839857E-03   5.1893916E+00   1.4766824E+00   5.3954124E+00
   2.2109745E+00  -3.2272078E-02   5.2150192E+00   1.4697238E+00   5.4182611E+00
   2.2192497E+00  -2.2497762E-02   5.2341018E+00   1.4833453E+00   5.4402795E+00
   2.2276769E+00   4.4303620E-03   5.2128015E+00   1.4616804E+00   5.4138551E+00
   2.2355604E+00  -3.4179714E-02   5.1811357E+00   1.4404159E+00   5.3777442E+00
   2.2443047E+00   7.0744515E-03   5.1706982E+00   1.4463634E+00   5.3691840E+00
   2.2520080E+00  -3.2189641E-02   4.9718223E+00   1.4193684E+00   5.1705570E+00
   2.2604527E+00  -1.8816691E-02   4.9410915E+00   1.4040796E+00   5.1367483E+00
   2.2685597E+00  -2.7595775E-02   4.7673264E+00   1.3917493E+00   4.9664001E+00
   2.2767417E+00  -2.4042016E-02   4.6333413E+00   1.3738704E+00   4.8327994E+00
   2.2849646E+00  -1.6213665E-02   4.4439106E+00   1.3823264E+00   4.6539693E+00
   2.2925005E+00  -1.2507501E-02   4.2734227E+00   1.3644631E+00   4.4859848E+00
   2.3011961E+00   6.8216133E-03   4.0145459E+00   1.3498958E+00   4.2354274E+00
   2.3093672E+00   7.1460796E-03   3.7991393E+00   1.3370831E+00   4.0275674E+00
   2.3173063E+00   1.3662993E-02   3.5388439E+00   1.3294458E+00   3.7803478E+00
   2.3256226E+00   4.2737522E-03   3.2804472E+00   1.3212692E+00   3.5365386E+00
   2.3336806E+00   1.0028902E-02   3.0356648E+00   1.3141668E+00   3.3079290E+00
   2.3419821E+00  -2.0121347E-02   2.6899753E+00   1.2960348E+00   2.9859803E+00
   2.3498020E+00  -3.5403185E-03   2.5194056E+00   1.2977207E+00   2.8339894E+00
   2.3585558E+00   9.7236838E-03   2.1882772E+00   1.2889997E+00   2.5397189E+00
   2.3660111E+00   1.0910521E-02   1.9148718E+00   1.2875608E+00   2.3075237E+00
   2.3748910E+00  -1.5605730E-04   1.5833676E+00   1.2818923E+00   2.0372286E+00
   2.3825338E+00  -6.5069734E-03   1.2940930E+00   1.2787875E+00   1.8193451E+00
   2.3910615E+00  -8.4411502E-03   9.2245609E-01   1.2753091E+00   1.5739789E+00
   2.3988614E+00  -4.9804491E-03   6.4961475E-01   1.2730201E+00   1.4291972E+00
   2.4068470E+00   4.3960200E-03   3.5765308E-01   1.2753401E+00   1.3245480E+00
   2.4151955E+00  -2.5524227E-02  -1.4407529E-02   1.2725378E+00   1.2728753E+00
   2.4238062E+00  -1.0272125E-02  -2.6210371E-01   1.2745115E+00   1.3012239E+00
   2.4316003E+00   1.2247832E-02  -5.2020258E-01   1.2754625E+00   1.3775215E+00
   2.4401679E+00   1.3590519E-02  -8.3030158E-01   1.2803893E+00   1.5261004E+00
   2.4482398E+00   1.2702448E-02  -1.0992447E+00   1.2809914E+00   1.6880282E+00
   2.4560912E+00   1.5632672E-02  -1.3584710E+00   1.2824463E+00   1.8682495E+00
   2.4649160E+00   1.3507810E-02  -1.5899018E+00   1.2864285E+00   2.0452061E+00
   2.4727006E+00   1.9037118E-02  -1.8355577E+00   1.2906008E+00   2.2439442E+00
   2.4802461E+00   1.1194046E-02  -2.0324116E+00   1.2973478E+00   2.4112101E+00
   2.4888098E+00   1.2743806E-02  -2.2854474E+00   1.3001747E+00   2.6294270E+00
   2.4971771E+00   5.2901995E-03  -2.5272963E+00   1.3045251E+00   2.8441238E+00
   2.5050585E+00   2.7553326E-02  -2.6939538E+00   1.3063298E+00   2.9941015E+00
   2.5135736E+00  -4.8859930E-03  -2.9054613E+00   1.3055884E+00   3.1853242E+00
   2.5212131E+00   2.7242629E-02  -3.0480499E+00   1.3054178E+00   3.3159413E+00
   2.5298419E+00   7.2251549E-03  -3.2249990E+00   1.3036606E+00   3.4785345E+00
   2.5375309E+00   2.4599897E-02  -3.3604574E+00   1.3028871E+00   3.6042743E+00
   2.5459709E+00   2.2162110E-02  -3.4875083E+00   1.2979547E+00   3.7212756E+00
   2.5538287E+00  -3.9355452E-03  -3.5634446E+00   1.2993585E+00   3.7929521E+00
   2.5623753E+00   3.3846997E-02  -3.6541164E+00   1.3031715E+00   3.8796866E+00
   2.5700734E+00  -7.5747728E-02  -3.7188354E+00   1.2973806E+00   3.9393742E+00
   2.5787144E+00   5.0115388E-02  -3.7065313E+00   1.3030385E+00   3.9292233E+00
   2.5863643E+00  -1.5767587E-02  -3.7882702E+00   1.3020266E+00   4.0058098E+00
   2.5945530E+00  -1.1719012E-02  -3.8055854E+00   1.3035216E+00   4.0226593E+00
   2.6028452E+00   7.5214449E-03  -3.7144318E+00   1.3042151E+00   3.9367547E+00
   2.6115894E+00  -2.8650671E-02  -3.7138755E+00   1.3050746E+00   3.9366119E+00
   2.6194975E+00   1.5853552E-02  -3.7098637E+00   1.3045176E+00   3.9325700E+00
   2.6271322E+00   1.2477654E-02  -3.6492839E+00   1.3063364E+00   3.8760731E+00
   2.6356335E+00  -4.4228067E-03  -3.5355492E+00   1.3072957E+00   3.7695026E+00
   2.6437621E+00   5.6052014E-02  -3.3380597E+00   1.3072598E+00   3.5853469E+00
   2.6518149E+00   1.3789235E-04  -3.3697662E+00   1.3099718E+00   3.6154323E+00
   2.6600320E+00  -2.4071734E-02  -3.1037993E+00   1.3095331E+00   3.3688316E+00
   2.6685796E+00  -3.1050790E-02  -2.8031623E+00   1.3097931E+00   3.0942271E+00
   2.6763527E+00   1.2541078E-02  -2.7793090E+00   1.3103911E+00   3.0727577E+00
   2.6842501E+00  -1.9966306E-02  -2.5701921E+00   1.3097962E+00   2.8847620E+00
   2.6932623E+00   4.1997163E-03  -2.3156297E+00   1.3090411E+00   2.6600275E+00
   2.7009983E+00  -1.4362052E-02  -2.1164701E+00   1.3103994E+00   2.4893370E+00
   2.7089539E+00   2.0921698E-02  -1.8923130E+00   1.3119434E+00   2.3027117E+00
   2.7175283E+00  -8.5422527E-03  -1.6312778E+00   1.3131294E+00   2.0941465E+00
   2.7256856E+00   2.2723656E-03  -1.3954693E+00   1.3190480E+00   1.9202155E+00
   2.7339571E+00  -1.0723094E-02  -1.0606213E+00   1.3214620E+00   1.6944895E+00
   2.7414131E+00   4.9147387E-03  -9.8875612E-01   1.3225001E+00   1.6512629E+00
   2.7495108E+00  -7.0831655E-03  -5.5134207E-01   1.3285002E+00   1.4383813E+00
   2.7583423E+00  -4.1243276E-03  -4.4964197E-01   1.3308232E+00   1.4047368E+00
   2.7664452E+00   6.3349223E-03  -1.3281617E-01   1.3354338E+00   1.3420372E+00
   2.7747207E+00   1.0525028E-02   2.1781513E-01   1.3418419E+00   1.3594463E+00
   2.7830746E+00   1.6663590E-02   4.4941312E-01   1.3462864E+00   1.4194143E+00
   2.7906971E+00   2.6304761E-03   7.0169592E-01   1.3482435E+00   1.5199159E+00
   2.7987339E+00  -2.9711779E-03   9.8090494E-01   1.3497651E+00   1.6685469E+00
   2.8070133E+00   1.2198735E-02   1.2081685E+00   1.3514224E+00   1.8127775E+00
   2.8157008E+00   6.2810453E-03   1.4975719E+00   1.3557884E+00   2.0201294E+00
   2.8232627E+00  -7.6116845E-03   1.7130052E+00   1.3595235E+00   2.1869497E+00
   2.8320272E+00   1.1701360E-02   1.9162432E+00   1.3711802E+00   2.3563232E+00
   2.8397894E+00   1.4558941E-02   2.1626229E+00   1.3901927E+00   2.5709503E+00
   2.8478358E+00  -2.3788622E-02   2.3849378E+00   1.3890495E+00   2.7600639E+00
   2.8559351E+00   5.3170202E-03   2.5889490E+00   1.3979124E+00   2.9422517E+00
   2.8644929E+00  -4.4166981E-03   2.8193810E+00   1.4123642E+00   3.1533635E+00
   2.8726695E+00  -3.9432421E-06   3.0404742E+00   1.4250998E+00   3.3578851E+00
   2.8810413E+00  -2.0304905E-02   3.2400236E+00   1.4324290E+00   3.5426004E+00
   2.8882103E+00  -1.8638428E-02   3.4169724E+00   1.4358325E+00   3.7064354E+00
   2.8970573E+00   9.2331861E-04   3.6736870E+00   1.4410850E+00   3.9462264E+00
   2.9051154E+00  -2.6795132E-02   3.8671510E+00   1.4569858E+00   4.1326003E+00
   2.9133158E+00  -6.1382162E-03   4.0195127E+00   1.4574707E+00   4.2755985E+00
   2.9207470E+00  -6.3353684E-03   4.1942620E+00   1.4799299E+00   4.4477034E+00
   2.9289401E+00  -2.0142859E-02   4.3750834E+00   1.4572828E+00   4.6114459E+00
   2.9378128E+00  -7.8406185E-03   4.5925159E+00   1.4639416E+00   4.8202066E+00
   2.9460585E+00  -2.3632620E-02   4.7206264E+00   1.4660897E+00   4.9431052E+00
   2.9536591E+00  -2.4859088E-02   4.8568163E+00   1.4645526E+00   5.0728884E+00
   2.9622843E+00  -1.2665313E-02   4.9868221E+00   1.4622426E+00   5.1967978E+00
   2.9706318E+00   6.0180346E-03   5.0627270E+00   1.4613254E+00   5.2694130E+00
   2.9787657E+00   3.2818388E-02   5.1936336E+00   1.4563514E+00   5.3940587E+00
   2.9867220E+00  -7.1368806E-02   5.3891020E+00   1.4651456E+00   5.5851741E+00
   2.9945321E+00   5.7413876E-03   5.3161268E+00   1.4681053E+00   5.5151219E+00
   3.0027838E+00  -4.5576277E-03   5.2754736E+00   1.4575324E+00   5.4731202E+00
   3.0112481E+00  -4.5340661E-02   5.2336388E+00   1.4604940E+00   5.4337897E+00
   3.0191479E+00  -1.4070879E-03   5.1613197E+00   1.4491419E+00   5.3608985E+00
   3.0271616E+00  -2.4459420E-03   5.0824018E+00   1.4512627E+00   5.2855444E+00
   3.0353534E+00  -1.2383136E-02   5.0165267E+00   1.4408227E+00   5.2193546E+00
   3.0439117E+00  -3.4137286E-02   4.7413197E+00   1.4333566E+00   4.9533610E+00
   3.0521922E+00   1.1836039E-02   4.6793146E+00   1.4213423E+00   4.8904333E+00
   3.0594943E+00   1.0838757E-02   4.5121360E+00   1.4242082E+00   4.7315812E+00
   3.0681643E+00   3.6430717E-02   4.3169451E+00   1.4010755E+00   4.5387616E+00
   3.0764871E+00   4.1049812E-03   4.0632029E+00   1.3837197E+00   4.2923555E+00
   3.0848429E+00   9.8553365E-03   3.8174276E+00   1.3699542E+00   4.0558138E+00
   3.0921812E+00   2.1899445E-02   3.6483076E+00   1.3597645E+00   3.8935313E+00
   3.1004310E+00  -5.4416470E-03   3.2759287E+00   1.3430882E+00   3.5405684E+00
   3.1086907E+00   3.5562450E-03   2.9859126E+00   1.3290542E+00   3.2683439E+00
   3.1171927E+00   8.6319391E-03   2.6774547E+00   1.3144618E+00   2.9827249E+00
   3.1254244E+00   1.3644330E-02   2.3669717E+00   1.3207772E+00   2.7105708E+00
   3.1334848E+00   2.4382746E-02   2.0000808E+00   1.3006148E+00   2.3858995E+00
   3.1420844E+00   6.3578733E-03   1.6774909E+00   1.2905716E+00   2.1165044E+00
   3.1500454E+00   3.9358144E-03   1.3154209E+00   1.2833921E+00   1.8377820E+00
   3.1581578E+00   1.9632202E-02   9.8663878E-01   1.2777846E+00   1.6144891E+00
   3.1658428E+00   1.7637357E-02   5.9953177E-01   1.2751689E+00   1.4091859E+00
   3.1738975E+00   2.4001928E-02   2.9728606E-01   1.2695770E+00   1.3041400E+00
   3.1821198E+00   1.9071076E-02  -1.2153914E-03   1.2695745E+00   1.2697183E+00
   3.1907856E+00   9.9469228E-03  -3.4601793E-01   1.2670779E+00   1.3135121E+00
   3.1990433E+00   1.3189415E-03  -6.9649762E-01   1.2712163E+00   1.4495177E+00
   3.2071478E+00  -4.5984229E-03  -1.0405896E+00   1.2753448E+00   1.6460110E+00
   3.2153096E+00   1.7647171E-02  -1.3306423E+00   1.2815695E+00   1.8475230E+00
   3.2233114E+00   1.2811826E-02  -1.5843885E+00   1.2896801E+00   2.0429699E+00
   3.2318134E+00   3.7045937E-03  -1.9009812E+00   1.3028028E+00   2.3045690E+00
   3.2394671E+00   1.6220928E-03  -2.2485681E+00   1.3071578E+00   2.6009080E+00
   3.2475355E+00  -1.3634332E-02  -2.4248950E+00   1.3149666E+00   2.7585211E+00
   3.2556689E+00  -3.0487697E-03  -2.6864552E+00   1.3196343E+00   2.9930730E+00
   3.2640576E+00   3.6259715E-02  -2.9683537E+00   1.3213201E+00   3.2493577E+00
   3.2719543E+00   7.2881067E-03  -3.1687436E+00   1.3185619E+00   3.4321413E+00
   3.2803860E+00   1.1017292E-02  -3.3627968E+00   1.3177322E+00   3.6117783E+00
   3.2885165E+00   9.1499714E-03  -3.5442035E+00   1.3139353E+00   3.7799323E+00
   3.2964242E+00   1.4689286E-02  -3.7947757E+00   1.3103075E+00   4.0146537E+00
   3.3047445E+00   7.1325470E-03  -3.9302442E+00   1.3072857E+00   4.1419640E+00
   3.3135040E+00   8.1162471E-03  -4.0935421E+00   1.3047479E+00   4.2964544E+00
   3.3211637E+00   8.8611348E-03  -4.2272663E+00   1.3030702E+00   4.4235563E+00
   3.3287930E+00  -5.7975627E-03  -4.3543029E+00   1.3014697E+00   4.5446463E+00
   3.3374152E+00   1.1390321E-02  -4.4624100E+00   1.2988656E+00   4.6476107E+00
   3.3458686E+00   2.3122000E-02  -4.5574841E+00   1.2976494E+00   4.7386799E+00
   3.3536232E+00  -8.2132416E-03  -4.5901647E+00   1.2982920E+00   4.7702456E+00
   3.3623562E+00  -1.3978585E-02  -4.6333647E+00   1.3006569E+00   4.8124809E+00
   3.3702672E+00  -8.2344942E-02  -4.5981808E+00   1.3016169E+00   4.7795663E+00
   3.3781765E+00  -9.4453029E-02  -4.5834146E+00   1.3038177E+00   4.7661886E+00
   3.3863025E+00  -1.1270945E-02  -4.5737247E+00   1.3039025E+00   4.7559695E+00
   3.3946164E+00  -2.3802718E-02  -4.5634623E+00   1.3066213E+00   4.7468953E+00
   3.4027488E+00  -1.0303922E-02  -4.4698658E+00   1.3064233E+00   4.6568818E+00
   3.4108794E+00  -2.2470519E-02  -4.3353491E+00   1.3057674E+00   4.5277796E+00
   3.4188714E+00  -1.8047865E-02  -4.2157674E+00   1.3051786E+00   4.4132204E+00
   3.4275959E+00  -2.5156986E-02  -4.0838618E+00   1.3027632E+00   4.2866950E+00
   3.4355681E+00  -1.7714858E-02  -3.9212673E+00   1.3022237E+00   4.1318808E+00
   3.4434693E+00  -1.7557880E-02  -3.7225173E+00   1.3017093E+00   3.9435885E+00
   3.4520996E+00  -1.4286049E-02  -3.4696014E+00   1.3029791E+00   3.7062235E+00
   3.4597912E+00  -1.3673102E-02  -3.3377316E+00   1.3046954E+00   3.5836949E+00
   3.4681885E+00  -1.2098587E-02  -3.1034160E+00   1.3059032E+00   3.3670046E+00
   3.4757040E+00   1.5288405E-02  -2.8349516E+00   1.3081360E+00   3.1222434E+00
   3.4841223E+00  -1.3042814E-03  -2.6301606E+00   1.3110704E+00   2.9388182E+00
   3.4925523E+00  -1.5318495E-02  -2.3609049E+00   1.3141483E+00   2.7020535E+00
   3.5008593E+00  -4.7807088E-03  -2.1059430E+00   1.3199053E+00   2.4853909E+00
   3.5092878E+00  -1.2914536E-02  -1.8016064E+00   1.3249757E+00   2.2364063E+00
   3.5167227E+00   1.8992339E-03  -1.5138224E+00   1.3283399E+00   2.0139885E+00
   3.5254352E+00  -2.5929516E-04  -1.2131472E+00   1.3336471E+00   1.8028702E+00
   3.5331581E+00  -1.3800428E-02  -9.4188720E-01   1.3383920E+00   1.6366537E+00
   3.5418699E+00   8.6787259E-03  -6.1715060E-01   1.3437537E+00   1.4787239E+00
   3.5500081E+00   1.2293709E-02  -3.1662396E-01   1.3473068E+00   1.3840656E+00
   3.5577915E+00  -2.9563013E-04  -5.4885004E-02   1.3503901E+00   1.3515049E+00
   3.5662692E+00   1.0943392E-02   2.2073562E-01   1.3527758E+00   1.3707101E+00
   3.5739098E+00  -2.9601096E-03   4.6186608E-01   1.3562559E+00   1.4327453E+00
   3.5827246E+00   1.5190102E-02   7.5920588E-01   1.3591794E+00   1.5569178E+00
   3.5903654E+00  -7.6803821E-03   9.4134730E-01   1.3617154E+00   1.6554344E+00
   3.5986354E+00  -9.6878158E-03   1.2385573E+00   1.3634464E+00   1.8420380E+00
   3.6070461E+00   3.5398728E-03   1.4604568E+00   1.4034958E+00   2.0255239E+00
   3.6154170E+00   5.3085769E-03   1.7382222E+00   1.4034772E+00   2.2340977E+00
   3.6225348E+00   1.0017916E-02   1.8992970E+00   1.4028779E+00   2.3612487E+00
   3.6309714E+00   7.2613196E-03   2.1365435E+00   1.4150739E+00   2.5626752E+00
   3.6397393E+00  -6.7555122E-03   2.3710773E+00   1.4246930E+00   2.7661893E+00
   3.6472807E+00  -1.3885402E-02   2.5757205E+00   1.4359344E+00   2.9489720E+00
   3.6553140E+00  -1.5745146E-02   2.7486439E+00   1.4479505E+00   3.1067431E+00
   3.6636376E+00   2.2330252E-02   2.9830027E+00   1.4516718E+00   3.3175523E+00
   3.6717637E+00  -1.1040885E-02   3.1987739E+00   1.4583852E+00   3.5155602E+00
   3.6802878E+00  -4.1614636E-03   3.4220278E+00   1.4648796E+00   3.7223868E+00
   3.6881509E+00   4.9385257E-02   3.6309364E+00   1.4758902E+00   3.9197435E+00
   3.6966166E+00   1.2962919E-02   3.7762268E+00   1.4747504E+00   4.0540037E+00
   3.7044430E+00   6.2393849E-03   3.9094393E+00   1.4756504E+00   4.1786718E+00
   3.7130508E+00  -9.8261964E-03   4.1663194E+00   1.4747111E+00   4.4196253E+00
   3.7208703E+00  -7.8500949E-02   4.2746034E+00   1.4730628E+00   4.5219808E+00
   3.7291973E+00  -2.9502649E-02   4.4320598E+00   1.4702983E+00   4.6696682E+00
   3.7374017E+00  -2.7487148E-02   4.6137638E+00   1.4749862E+00   4.8438783E+00
   3.7451937E+00   4.1477390E-02   4.6569095E+00   1.4716781E+00   4.8840928E+00
   3.7539277E+00  -1.3238759E-02   4.6365061E+00   1.4706715E+00   4.8641791E+00
   3.7616022E+00  -1.0339051E-02   4.6893191E+00   1.4679317E+00   4.9137201E+00
   3.7701905E+00  -1.2449531E-02   4.6953535E+00   1.4691428E+00   4.9198456E+00
   3.7780018E+00  -1.9478187E-02   4.6749506E+00   1.4704547E+00   4.9007936E+00
   3.7859523E+00  -8.0014290E-03   4.5983715E+00   1.4646261E+00   4.8259935E+00
   3.7941113E+00  -3.2783402E-03   4.5655799E+00   1.4549030E+00   4.7917919E+00
   3.8023045E+00  -9.9079423E-03   4.4510994E+00   1.4473070E+00   4.6805000E+00
   3.8111267E+00   2.9911140E-02   4.2877975E+00   1.4531837E+00   4.5274544E+00
   3.8188875E+00   1.0902081E-02   4.1820102E+00   1.4186010E+00   4.4160790E+00
   3.8271365E+00  -1.8842520E-02   4.0131345E+00   1.4162976E+00   4.2557611E+00
   3.8351815E+00   9.7833123E-05   3.8189170E+00   1.3878882E+00   4.0632944E+00
   3.8435867E+00   7.0814905E-03   3.6130257E+00   1.3736660E+00   3.8653543E+00
   3.8513815E+00  -6.7842645E-03   3.4001398E+00   1.3601019E+00   3.6620860E+00
   3.8594518E+00  -1.6534377E-02   3.1852422E+00   1.3568281E+00   3.4622281E+00
   3.8674593E+00  -2.7407609E-02   2.9195240E+00   1.3437549E+00   3.2140391E+00
   3.8760705E+00  -2.7269118E-02   2.7225621E+00   1.3294262E+00   3.0299277E+00
   3.8841527E+00  -1.3457016E-02   2.3935103E+00   1.3234015E+00   2.7350438E+00
   3.8925431E+00  -1.0200467E-02   2.0725248E+00   1.3125194E+00   2.4531958E+00
   3.9010086E+00   4.0445523E-03   1.8345919E+00   1.3021855E+00   2.2497625E+00
   3.9088469E+00   2.0587124E-02   1.5133283E+00   1.2955322E+00   1.9922324E+00
   3.9168901E+00  -1.5737798E-02   1.2071748E+00   1.2866012E+00   1.7643303E+00
   3.9248347E+00  -2.1989305E-02   8.9189035E-01   1.2869378E+00   1.5659376E+00
   3.9331026E+00  -1.3083856E-02   6.8398404E-01   1.2788889E+00   1.4503663E+00
   3.9412794E+00   9.9640980E-04   3.5967514E-01   1.2764525E+00   1.3261592E+00
   3.9493487E+00  -8.5801696E-03   7.6333120E-02   1.2741024E+00   1.2764158E+00
   3.9573894E+00  -1.2649626E-02  -2.1379070E-01   1.2744175E+00   1.2922873E+00
   3.9653225E+00  -1.7516879E-02  -4.4812292E-01   1.2754014E+00   1.3519504E+00
   3.9740932E+00  -2.2619851E-02  -7.8354073E-01   1.2759722E+00   1.4975156E+00
   3.9816418E+00  -2.5332594E-02  -9.9949044E-01   1.2817105E+00   1.6255475E+00
   3.9899559E+00  -2.1146944E-02  -1.3108323E+00   1.2797128E+00   1.8320462E+00
   3.9985735E+00  -2.5963482E-02  -1.5669568E+00   1.2845693E+00   2.0263627E+00
   4.0061646E+00  -1.6743202E-02  -1.8266311E+00   1.2904001E+00   2.2365139E+00
   4.0144553E+00  -1.8427262E-02  -2.0580406E+00   1.2990007E+00   2.4337778E+00
   4.0227399E+00  -2.0447977E-02  -2.2964642E+00   1.3033110E+00   2.6406033E+00
   4.0310574E+00  -1.1294750E-02  -2.5162857E+00   1.3060877E+00   2.8350813E+00
   4.0394711E+00  -7.2985166E-03  -2.7405343E+00   1.3120695E+00   3.0384386E+00
   4.0470414E+00  -2.5033236E-02  -2.9176476E+00   1.3136336E+00   3.1998324E+00
   4.0559163E+00  -1.7618636E-02  -3.1675801E+00   1.3141409E+00   3.4294083E+00
   4.0632930E+00  -1.0387455E-02  -3.2430980E+00   1.3112133E+00   3.4981527E+00
   4.0715318E+00  -1.9905016E-02  -3.4050615E+00   1.3083171E+00   3.6478121E+00
   4.0799074E+00   2.9613099E-03  -3.6049995E+00   1.3015844E+00   3.8327734E+00
   4.0880880E+00   4.8693419E-03  -3.7226562E+00   1.3027838E+00   3.9440384E+00
   4.0963764E+00   8.4106618E-04  -3.8220472E+00   1.3008986E+00   4.0373731E+00
   4.1042180E+00   3.1197343E-03  -3.9159591E+00   1.2996199E+00   4.1259856E+00
   4.1123052E+00  -4.2501692E-02  -3.9977071E+00   1.2956554E+00   4.2026410E+00
   4.1207037E+00   4.6981275E-02  -4.0791130E+00   1.2943784E+00   4.2798114E+00
   4.1285696E+00   8.1889676E-03  -4.1186790E+00   1.2947687E+00   4.3174076E+00
   4.1368999E+00   1.0827860E-03  -4.1451693E+00   1.2962253E+00   4.3431129E+00
   4.1457238E+00   2.8436534E-02  -4.1432266E+00   1.2972230E+00   4.3416495E+00
   4.1536579E+00   2.1593142E-02  -4.1241684E+00   1.2995484E+00   4.3241253E+00
   4.1617670E+00   3.4985710E-02  -4.0335965E+00   1.2996633E+00   4.2379537E+00
   4.1696224E+00  -1.1352560E-02  -3.9697518E+00   1.3003309E+00   4.1773100E+00
   4.1775427E+00   6.0320467E-02  -3.9104662E+00   1.3014261E+00   4.1217828E+00
   4.1858268E+00  -1.2325300E-01  -3.5658383E+00   1.3008844E+00   3.7977223E+00
   4.1943016E+00   2.9126577E-02  -3.6313033E+00   1.3053221E+00   3.8588960E+00
   4.2024255E+00   1.2218757E-02  -3.5716128E+00   1.3038740E+00   3.8021908E+00
   4.2101383E+00   1.6562147E-02  -3.3791955E+00   1.3039955E+00   3.6221044E+00
   4.2190561E+00  -4.8364904E-02  -3.1707456E+00   1.3031706E+00   3.4284430E+00
   4.2265406E+00  -1.3614194E-02  -3.0751574E+00   1.3047317E+00   3.3405244E+00
   4.2354846E+00  -2.6199779E-02  -2.8062215E+00   1.3042235E+00   3.0946026E+00
   4.2431898E+00  -3.3412047E-02  -2.6422107E+00   1.3085932E+00   2.9486964E+00
   4.2512298E+00  -3.4175415E-02  -2.3819273E+00   1.3079203E+00   2.7176094E+00
   4.2591524E+00  -1.2779502E-02  -2.1748874E+00   1.3138278E+00   2.5409529E+00
   4.2680941E+00  -1.8076491E-02  -1.8575948E+00   1.3162967E+00   2.2767570E+00
   4.2761879E+00  -1.7128255E-02  -1.6396261E+00   1.3193244E+00   2.1045866E+00
   4.2839489E+00  -2.1809926E-02  -1.4169874E+00   1.3242199E+00   1.9395586E+00
   4.2922983E+00  -4.3745590E-03  -1.1304110E+00   1.3271434E+00   1.7433181E+00
   4.3001442E+00  -2.5387799E-02  -8.7965959E-01   1.3316383E+00   1.5961535E+00
   4.3088903E+00  -7.7500348E-03  -5.7586622E-01   1.3371259E+00   1.4558804E+00
   4.3163242E+00  -1.0904772E-03  -4.0454102E-01   1.3406675E+00   1.4003729E+00
   4.3250446E+00   2.5179493E-03  -9.6789829E-02   1.3456137E+00   1.3490927E+00
   4.3324466E+00   1.5858147E-02   1.3993314E-01   1.3497415E+00   1.3570684E+00
   4.3406806E+00   1.3470753E-02   4.2214867E-01   1.3529140E+00   1.4173098E+00
   4.3489146E+00   7.0499764E-03   7.0085943E-01   1.3557652E+00   1.5262219E+00
   4.3575296E+00   4.2009815E-03   9.5424712E-01   1.3569739E+00   1.6589103E+00
   4.3653092E+00   2.3098743E-02   1.1518632E+00   1.3609834E+00   1.7831428E+00
   4.3738208E+00   2.9495271E-02   1.4008056E+00   1.3655289E+00   1.9564753E+00
   4.3820186E+00   3.7603438E-02   1.6987512E+00   1.3782591E+00   2.1878684E+00
   4.3900023E+00   2.7487415E-03   1.8538494E+00   1.3903899E+00   2.3173151E+00
   4.3986034E+00   3.2750043E-04   2.0622671E+00   1.3970227E+00   2.4909070E+00
   4.4061995E+00  -1.3969310E-02   2.2826123E+00   1.4106158E+00   2.6833470E+00
   4.4142847E+00   9.6799070E-03   2.5104532E+00   1.4134932E+00   2.8810470E+00
   4.4230661E+00  -1.4058853E-02   2.6981966E+00   1.4264551E+00   3.0520873E+00
   4.4310608E+00   1.1206562E-02   2.9123776E+00   1.4353750E+00   3.2469015E+00
   4.4387336E+00  -3.2234050E-02   3.0876505E+00   1.4316882E+00   3.4035797E+00
   4.4474764E+00  -3.1011257E-02   3.3789399E+00   1.4423480E+00   3.6740391E+00
   4.4556813E+00  -1.0421959E-02   3.5543084E+00   1.4569588E+00   3.8413470E+00
   4.4634109E+00   1.8758137E-02   3.7100203E+00   1.4634405E+00   3.9882653E+00
   4.4715915E+00  -2.3988649E-02   3.9177353E+00   1.4709872E+00   4.1848574E+00
   4.4797626E+00   5.5838227E-03   4.1711278E+00   1.4715699E+00   4.4231048E+00
   4.4879088E+00  -3.2314304E-02   4.2620506E+00   1.4704208E+00   4.5086865E+00
   4.4959054E+00  -2.2822512E-02   4.4319606E+00   1.4701087E+00   4.6694770E+00
   4.5043640E+00  -1.0426893E-02   4.5391784E+00   1.4656036E+00   4.7699313E+00
   4.5126748E+00  -1.2728553E-02   4.6423364E+00   1.4668396E+00   4.8685799E+00
   4.5209193E+00   3.3699200E-02   4.7707758E+00   1.4593391E+00   4.9890985E+00
   4.5291018E+00  -1.2604513E-02   4.8264899E+00   1.4628838E+00   5.0433311E+00
   4.5370040E+00   8.0887424E-03   4.9026470E+00   1.4650834E+00   5.1168823E+00
   4.5448661E+00  -2.8488370E-02   4.9017158E+00   1.4577456E+00   5.1139660E+00
   4.5534711E+00  -2.2489266E-03   4.8331761E+00   1.4601667E+00   5.0489287E+00
   4.5610647E+00  -1.4679152E-02   4.8205004E+00   1.4689986E+00   5.0393844E+00
   4.5696831E+00   6.2815933E-03   4.7213387E+00   1.4692686E+00   4.9446769E+00
   4.5777025E+00  -1.5181040E-02   4.5951843E+00   1.4382991E+00   4.8150444E+00
   4.5856643E+00  -1.8165153E-02   4.4623914E+00   1.4265401E+00   4.6848993E+00
   4.5943646E+00  -1.7131846E-02   4.3109293E+00   1.4349576E+00   4.5435128E+00
   4.6023183E+00  -6.4076195E-03   4.1357064E+00   1.4032977E+00   4.3673048E+00
   4.6106882E+00  -1.3109087E-02   3.9416993E+00   1.3921754E+00   4.1803489E+00
   4.6186509E+00  -2.5620516E-03   3.7364688E+00   1.3745551E+00   3.9812822E+00
   4.6269560E+00  -3.1044783E-02   3.5230494E+00   1.3635925E+00   3.7778599E+00
   4.6348743E+00  -1.5270040E-02   3.2491088E+00   1.3531462E+00   3.5196514E+00
   4.6429601E+00  -4.7366824E-02   2.9294379E+00   1.3307099E+00   3.2178626E+00
   4.6510282E+00  -6.4456530E-02   2.6279857E+00   1.3212088E+00   2.9421177E+00
   4.6594343E+00  -2.6370065E-02   2.3527524E+00   1.3113475E+00   2.6936541E+00
   4.6678162E+00  -2.9904528E-02   2.0260563E+00   1.3112906E+00   2.4135621E+00
   4.6759672E+00  -9.2899904E-02   1.7086473E+00   1.2926172E+00   2.1445198E+00
   4.6838913E+00  -3.0344704E-01   1.2356708E+00   1.2849915E+00   1.8083600E+00
   4.6921620E+00   7.5474024E-02   9.9058908E-01   1.2866439E+00   1.6255509E+00
   4.7000942E+00   5.8709616E-03   7.6752532E-01   1.2772437E+00   1.4901279E+00
   4.7081213E+00  -1.7374208E-02   4.1671926E-01   1.2729517E+00   1.3395383E+00
   4.7167249E+00   9.2059504E-03   4.6787053E-02   1.2675779E+00   1.2684745E+00
   4.7245164E+00  -3.8749962E-03  -2.1230894E-01   1.2653079E+00   1.2830020E+00
   4.7327561E+00  -1.4202107E-02  -5.3303027E-01   1.2641634E+00   1.3720175E+00
   4.7412376E+00  -1.9105425E-02  -8.3963770E-01   1.2669960E+00   1.5200775E+00
   4.7491393E+00  -3.5473499E-02  -1.1285111E+00   1.2704991E+00   1.6996951E+00
   4.7573266E+00  -3.9088018E-02  -1.4255461E+00   1.2762016E+00   1.9137397E+00
   4.7652197E+00  -1.4885384E-02  -1.6861560E+00   1.2797536E+00   2.1168640E+00
   4.7738276E+00  -2.2079840E-02  -1.9581305E+00   1.2902341E+00   2.3450942E+00
   4.7815738E+00  -1.8642943E-02  -2.2232919E+00   1.2946376E+00   2.5728312E+00
   4.7898650E+00  -1.4446680E-02  -2.4810538E+00   1.3049682E+00   2.8033514E+00
   4.7981720E+00  -1.1940961E-02  -2.6976142E+00   1.3085512E+00   2.9982612E+00
   4.8065000E+00   3.8136472E-03  -2.9271936E+00   1.3175831E+00   3.2100625E+00
   4.8145804E+00   1.8473150E-03  -3.1564343E+00   1.3197416E+00   3.4212277E+00
   4.8226991E+00   1.1630476E-03  -3.3438966E+00   1.3163927E+00   3.5936799E+00
   4.8309588E+00   7.5724926E-03  -3.5485125E+00   1.3168683E+00   3.7849889E+00
   4.8386922E+00   9.6535636E-03  -3.6897738E+00   1.3132068E+00   3.9165082E+00
   4.8472300E+00   2.1183189E-02  -3.8499229E+00   1.3113911E+00   4.0671983E+00
   4.8553905E+00   1.3059946E-03  -4.0090318E+00   1.3042884E+00   4.2158637E+00
   4.8631701E+00   3.0745011E-02  -4.1136637E+00   1.3006588E+00   4.3144970E+00
   4.8712025E+00   1.3098704E-02  -4.2108517E+00   1.2979132E+00   4.4063616E+00
   4.8795919E+00   1.0553513E-02  -4.2887082E+00   1.2969781E+00   4.4805446E+00
   4.8876066E+00   2.2309823E-02  -4.3321304E+00   1.2956662E+00   4.5217919E+00
   4.8959312E+00  -7.7254176E-03  -4.4216976E+00   1.2950279E+00   4.6074467E+00
   4.9039035E+00   2.1545330E-02  -4.4748530E+00   1.2934576E+00   4.6580901E+00
   4.9122391E+00   7.6697826E-02  -4.4532390E+00   1.2953973E+00   4.6384559E+00
   4.9200678E+00   1.4999218E-02  -4.4641900E+00   1.2952811E+00   4.6483297E+00
   4.9290853E+00  -8.6792044E-02  -4.3994741E+00   1.2959732E+00   4.5872054E+00
   4.9370513E+00  -5.1672021E-03  -4.3523521E+00   1.3018024E+00   4.5428720E+00
   4.9451294E+00   4.9015578E-02  -4.2814736E+00   1.2994738E+00   4.4746008E+00
   4.9533262E+00   3.6221012E-02  -4.3001852E+00   1.3010485E+00   4.4928422E+00
   4.9615836E+00   4.6705702E-04  -4.0296798E+00   1.3030443E+00   4.2351203E+00
   4.9693274E+00   6.2233150E-02  -3.8989224E+00   1.3065457E+00   4.1124849E+00
   4.9775171E+00   4.7779265E-03  -3.6208017E+00   1.3028116E+00   3.8480573E+00
   4.9856701E+00  -4.1915685E-02  -3.5878751E+00   1.3041797E+00   3.8177857E+00
   4.9941058E+00  -1.5061637E-02  -3.3804557E+00   1.3047757E+00   3.6235547E+00
   5.0020514E+00  -3.4440327E-02  -3.1650133E+00   1.3042659E+00   3.4233906E+00
   5.0106359E+00  -4.0227797E-02  -2.9651830E+00   1.3051380E+00   3.2399559E+00
   5.0184488E+00  -2.9017041E-02  -2.7255623E+00   1.3063126E+00   3.0225792E+00
   5.0267200E+00  -1.9700291E-02  -2.5475473E+00   1.3064456E+00   2.8630726E+00
   5.0346241E+00  -3.4833197E-03  -2.2502308E+00   1.3126941E+00   2.6051328E+00
   5.0429316E+00  -6.8807065E-02  -1.9071527E+00   1.3163947E+00   2.3183744E+00
   5.0511017E+00  -5.4570738E-02  -1.6265965E+00   1.3224355E+00   2.0970526E+00
   5.0592451E+00  -1.3137418E-03  -1.3803777E+00   1.3238434E+00   1.9125913E+00
   5.0671816E+00  -9.1869390E-04  -1.1133946E+00   1.3272151E+00   1.7323823E+00
   5.0751452E+00  -5.6860675E-03  -8.0925024E-01   1.3321900E+00   1.5587330E+00
   5.0837259E+00  -2.9144587E-02  -5.6060606E-01   1.3338315E+00   1.4471473E+00
   5.0918431E+00  -1.6415642E-03  -2.8652182E-01   1.3379234E+00   1.3682604E+00
   5.0995436E+00  -1.2769258E-02   2.5410542E-02   1.3414773E+00   1.3417786E+00
   5.1079493E+00  -1.1104195E-02   2.7794635E-01   1.3438780E+00   1.3723650E+00
   5.1161938E+00   1.8911794E-02   5.4125065E-01   1.3452400E+00   1.4501656E+00
   5.1242952E+00   1.5746409E-02   7.9214191E-01   1.3479220E+00   1.5635314E+00
   5.1329298E+00   6.5823825E-04   1.0733840E+00   1.3523986E+00   1.7265966E+00
   5.1409178E+00   1.6091745E-02   1.3187642E+00   1.3534012E+00   1.8897336E+00
   5.1492639E+00   7.8163622E-03   1.5169125E+00   1.3829974E+00   2.0527461E+00
   5.1569891E+00   1.7223150E-02   1.7756824E+00   1.3888433E+00   2.2543802E+00
   5.1656146E+00   1.6519738E-02   1.9764360E+00   1.3905571E+00   2.4166551E+00
   5.1731071E+00   1.0426411E-02   2.1910174E+00   1.3970736E+00   2.5985534E+00
   5.1814094E+00   3.3790834E-02   2.4091427E+00   1.4105437E+00   2.7919068E+00
   5.1896276E+00   3.9422796E-03   2.6118858E+00   1.4173877E+00   2.9716916E+00
   5.1979289E+00   2.6546046E-03   2.8208458E+00   1.4230868E+00   3.1594863E+00
   5.2061129E+00   2.6268326E-02   3.0418200E+00   1.4317002E+00   3.3620119E+00
   5.2144394E+00   2.5675675E-02   3.2131267E+00   1.4501332E+00   3.5252984E+00
   5.2227349E+00   1.4840003E-02   3.3931601E+00   1.4337997E+00   3.6836853E+00
   5.2305002E+00  -3.5554849E-02   3.6235988E+00   1.4503002E+00   3.9032171E+00
   5.2386832E+00   3.3015158E-02   3.7886660E+00   1.4489930E+00   4.0564346E+00
   5.2467742E+00   4.3180417E-02   3.8648448E+00   1.4553003E+00   4.1299863E+00
   5.2553582E+00  -5.6698048E-03   4.1559992E+00   1.4538990E+00   4.4029746E+00
   5.2630024E+00  -1.6953299E-02   4.2856464E+00   1.4549747E+00   4.5259256E+00
   5.2712379E+00  -2.9238882E-02   4.4450350E+00   1.4497097E+00   4.6755586E+00
   5.2793398E+00  -1.6648676E-02   4.5777926E+00   1.4512488E+00   4.8023520E+00
   5.2875671E+00  -1.9335762E-02   4.6358953E+00   1.4529916E+00   4.8583002E+00
   5.2956595E+00  -5.1342152E-02   4.7361140E+00   1.4467045E+00   4.9524102E+00
   5.3041639E+00  -3.9551008E-02   4.7143574E+00   1.4496547E+00   4.9323654E+00
   5.3125110E+00  -2.1693774E-02   4.8238268E+00   1.4491463E+00   5.0368443E+00
   5.3200450E+00  -4.6640195E-02   4.8104382E+00   1.4514509E+00   5.0248580E+00
   5.3282547E+00   8.8683954E-03   4.7794266E+00   1.4647355E+00   4.9988446E+00
   5.3369513E+00  -3.6855586E-02   4.6944294E+00   1.4536861E+00   4.9144917E+00
   5.3450065E+00   4.6490277E-03   4.6301551E+00   1.4375772E+00   4.8481941E+00
   5.3528309E+00  -8.7899594E-03   4.4965129E+00   1.4183006E+00   4.7149000E+00
   5.3611898E+00   9.3353419E-03   4.3866181E+00   1.4355261E+00   4.6155434E+00
   5.3694081E+00   1.2600641E-02   4.2720780E+00   1.4458687E+00   4.5101380E+00
   5.3774104E+00   5.7758330E-03   4.0888424E+00   1.3693922E+00   4.3120646E+00
   5.3858409E+00   1.1283313E-02   3.9173434E+00   1.3736913E+00   4.1512327E+00
   5.3937650E+00  -1.5474112E-02   3.7534399E+00   1.3631153E+00   3.9933236E+00
   5.4017138E+00  -1.3565810E-02   3.4813125E+00   1.3517838E+00   3.7345736E+00
   5.4100223E+00  -3.1442847E-02   3.2633040E+00   1.3499722E+00   3.5316520E+00
   5.4180541E+00  -1.6452473E-02   2.9817212E+00   1.3340905E+00   3.2666082E+00
   5.4264951E+00  -2.1924360E-02   2.6845789E+00   1.3208627E+00   2.9920099E+00
   5.4348521E+00  -2.7974797E-02   2.4236627E+00   1.3115423E+00   2.7559149E+00
   5.4424634E+00   4.9401796E-03   2.1057830E+00   1.3032930E+00   2.4764731E+00
   5.4506226E+00   3.2201181E-03   1.8324080E+00   1.2811584E+00   2.2358658E+00
   5.4589934E+00   3.3173949E-02   1.5254446E+00   1.2925059E+00   1.9996632E+00
   5.4672213E+00  -8.5102759E-02   1.1823719E+00   1.2821363E+00   1.7461728E+00
   5.4756002E+00  -1.0940894E-02   9.2292243E-01   1.2777288E+00   1.5762285E+00
   5.4837904E+00  -1.9507635E-02   5.9277987E-01   1.2714000E+00   1.4029350E+00
   5.4917340E+00  -1.8080635E-02   2.8123167E-01   1.2723374E+00   1.3031733E+00
   5.4995627E+00  -5.5448608E-03   9.3992250E-03   1.2701395E+00   1.2701863E+00
   5.5078630E+00  -1.6298082E-02  -3.0104935E-01   1.2689888E+00   1.3043118E+00
   5.5161166E+00  -2.0045619E-02  -6.0998499E-01   1.2699833E+00   1.4090214E+00
   5.5243387E+00   1.6387680E-03  -9.6255702E-01   1.2714754E+00   1.5947315E+00
   5.5325308E+00  -1.2369169E-02  -1.1983421E+00   1.2770900E+00   1.7513239E+00
   5.5407257E+00  -3.5592590E-02  -1.4634724E+00   1.2828197E+00   1.9464440E+00
   5.5489340E+00  -1.7288044E-02  -1.7268702E+00   1.2879816E+00   2.1543622E+00
   5.5571537E+00  -3.5318330E-02  -2.0046673E+00   1.2939587E+00   2.3862665E+00
   5.5653777E+00  -2.4550343E-02  -2.2538555E+00   1.3028551E+00   2.6034398E+00
   5.5730605E+00  -2.2858121E-02  -2.5186896E+00   1.3063685E+00   2.8374143E+00
   5.5813069E+00  -1.9614967E-02  -2.7247093E+00   1.3134573E+00   3.0248296E+00
   5.5896196E+00  -1.9041462E-02  -2.9323275E+00   1.3167832E+00   3.2144713E+00
   5.5975094E+00  -2.5167521E-02  -3.1404924E+00   1.3188779E+00   3.4062831E+00
   5.6060824E+00  -1.4523638E-02  -3.3415036E+00   1.3147539E+00   3.5908823E+00
   5.6141920E+00  -3.3881932E-02  -3.5121031E+00   1.3162192E+00   3.7507932E+00
   5.6224160E+00  -1.5332478E-02  -3.6379521E+00   1.3153032E+00   3.8684561E+00
   5.6306276E+00  -5.6298110E-03  -3.8451948E+00   1.3120643E+00   4.0628891E+00
   5.6383977E+00  -2.0263739E-02  -3.9222505E+00   1.3094292E+00   4.1351013E+00
   5.6466599E+00   2.5681306E-03  -4.0333309E+00   1.3095831E+00   4.2406101E+00
   5.6550689E+00   5.9425359E-04  -4.1280847E+00   1.3069704E+00   4.3300409E+00
   5.6630111E+00  -7.7625825E-03  -4.2399216E+00   1.3067025E+00   4.4367185E+00
   5.6711960E+00  -1.6624756E-02  -4.3025651E+00   1.3064764E+00   4.4965792E+00
   5.6791244E+00   1.4494331E-02  -4.3557186E+00   1.3055264E+00   4.5471854E+00
   5.6874304E+00  -9.7843483E-03  -4.4172368E+00   1.3060251E+00   4.6062760E+00
   5.6958771E+00   3.5219040E-02  -4.3416743E+00   1.3073870E+00   4.5343838E+00
   5.7036996E+00   2.3770755E-02  -4.3591104E+00   1.3103182E+00   4.5518503E+00
   5.7119608E+00   9.0272045E-03  -4.3151326E+00   1.3088185E+00   4.5092635E+00
   5.7203174E+00  -1.9165901E-02  -4.2930861E+00   1.3127384E+00   4.4893475E+00
   5.7281547E+00   4.1721549E-02  -4.1739130E+00   1.3138342E+00   4.3760085E+00
   5.7361288E+00  -1.9632673E-02  -4.0579305E+00   1.3136542E+00   4.2653103E+00
   5.7446055E+00   2.5828948E-02  -4.0282874E+00   1.3147727E+00   4.2374988E+00
   5.7526374E+00  -5.0773330E-02  -3.8484359E+00   1.3135388E+00   4.0667458E+00
   5.7613273E+00  -4.0366229E-02  -3.6906397E+00   1.3139889E+00   3.9177823E+00
   5.7692947E+00   2.4261076E-03  -3.5794959E+00   1.3123101E+00   3.8124738E+00
   5.7774673E+00  -2.3422627E-02  -3.4012771E+00   1.3113369E+00   3.6453860E+00
   5.7854095E+00  -4.2207438E-02  -3.2036529E+00   1.3131635E+00   3.4625959E+00
   5.7933555E+00  -3.1664915E-02  -2.9992542E+00   1.3143058E+00   3.2747409E+00
   5.8020844E+00  -4.2064801E-02  -2.7562604E+00   1.3160211E+00   3.0546114E+00
   5.8100443E+00  -4.0415317E-02  -2.6275926E+00   1.3154149E+00   2.9387400E+00
   5.8179398E+00  -1.4666355E-02  -2.2584848E+00   1.3188585E+00   2.6154077E+00
   5.8260965E+00  -1.5688933E-02  -2.0934429E+00   1.3229052E+00   2.4764545E+00
   5.8341732E+00  -1.4643263E-02  -1.8568929E+00   1.3254572E+00   2.2814693E+00
   5.8425245E+00  -1.4552269E-03  -1.6008155E+00   1.3292880E+00   2.0807736E+00
   5.8510900E+00   3.1814452E-02  -1.3460703E+00   1.3318782E+00   1.8938894E+00
   5.8586493E+00  -8.9916717E-03  -1.1205274E+00   1.3339109E+00   1.7421197E+00
   5.8669009E+00   2.2102052E-03  -8.0732155E-01   1.3376316E+00   1.5623800E+00
   5.8754253E+00   2.4446839E-02  -5.8846462E-01   1.3410772E+00   1.4647102E+00
   5.8831162E+00   8.6421920E-03  -3.1801912E-01   1.3449899E+00   1.3821031E+00
   5.8911853E+00   4.6747591E-02  -2.0354654E-01   1.3486140E+00   1.3646890E+00
   5.9000387E+00   2.5175760E-02   1.7025791E-01   1.3487935E+00   1.3597299E+00
   5.9073963E+00   2.4096148E-02   4.2238322E-01   1.3523012E+00   1.4169358E+00
   5.9162970E+00   1.3091137E-02   6.9965124E-01   1.3547866E+00   1.5248377E+00
   5.9239664E+00   1.8284483E-02   9.0720195E-01   1.3585087E+00   1.6336755E+00
   5.9322028E+00   1.0133235E-02   1.1137083E+00   1.3575466E+00   1.7559559E+00
   5.9404254E+00  -9.3166353E-03   1.3007727E+00   1.3771099E+00   1.8943411E+00
   5.9489965E+00  -8.2086800E-03   1.5689218E+00   1.3826417E+00   2.0912390E+00
   5.9571366E+00   1.9241592E-02   1.7896190E+00   1.3971264E+00   2.2704775E+00
   5.9653220E+00   2.1006962E-02   1.9814165E+00   1.4101596E+00   2.4320779E+00
   5.9729371E+00   1.5335864E-02   2.2735670E+00   1.4103858E+00   2.6755431E+00
   5.9808197E+00   2.4427075E-02   2.4031880E+00   1.4150819E+00   2.7889721E+00
   5.9892220E+00   1.8100161E-02   2.5726430E+00   1.4188968E+00   2.9380414E+00
   5.9976377E+00  -5.7832659E-03   2.7845316E+00   1.4181110E+00   3.1248500E+00
   6.0058327E+00   2.2503389E-02   2.9921727E+00   1.4461493E+00   3.3233945E+00
   6.0135627E+00   1.4098895E-02   3.1488116E+00   1.4386480E+00   3.4619246E+00
   6.0224214E+00  -1.1961964E-02   3.3287449E+00   1.4487376E+00   3.6303618E+00
   6.0302305E+00  -3.3778460E-03   3.5211532E+00   1.4455835E+00   3.8063424E+00
   6.0380564E+00   1.3815492E-02   3.6600528E+00   1.4464520E+00   3.9355304E+00
   6.0463524E+00  -1.0391754E-02   3.8116148E+00   1.4488475E+00   4.0777044E+00
   6.0548716E+00  -3.5636164E-02   3.9435539E+00   1.4416125E+00   4.1989441E+00
   6.0625844E+00  -3.2496717E-02   4.0802989E+00   1.4512435E+00   4.3308201E+00
   6.0709009E+00  -1.5453339E-02   4.1810575E+00   1.4459728E+00   4.4240613E+00
   6.0793653E+00  -3.2565244E-02   4.2205377E+00   1.4365566E+00   4.4584408E+00
   6.0870366E+00  -3.3132561E-02   4.2962379E+00   1.4367168E+00   4.5302224E+00
   6.0953465E+00  -2.8875945E-02   4.3473291E+00   1.4387101E+00   4.5792999E+00
   6.1035385E+00  -2.2266828E-02   4.3195839E+00   1.4407392E+00   4.5535731E+00
   6.1120110E+00  -8.0438189E-02   4.2602620E+00   1.4345217E+00   4.4960155E+00
   6.1203060E+00  -2.1006322E-02   4.2101040E+00   1.4366311E+00   4.4485197E+00
   6.1284499E+00  -3.1521045E-02   4.1535254E+00   1.4307811E+00   4.3931651E+00
   6.1364918E+00  -3.2517113E-02   4.0504885E+00   1.4150573E+00   4.2906761E+00
   6.1444473E+00  -1.7557129E-02   3.9539182E+00   1.4051908E+00   4.1962290E+00
   6.1523442E+00  -1.9953294E-02   3.8244581E+00   1.4109238E+00   4.0764670E+00
   6.1607628E+00  -2.8664295E-02   3.6417255E+00   1.3981289E+00   3.9009936E+00
   6.1689949E+00  -3.3793047E-02   3.5203998E+00   1.3776683E+00   3.7805192E+00
   6.1768990E+00  -3.8654491E-02   3.3700225E+00   1.3602039E+00   3.6343775E+00
   6.1852942E+00  -2.2912160E-02   3.1543534E+00   1.3485430E+00   3.4306033E+00
   6.1933336E+00  -1.6430384E-02   2.9223342E+00   1.3422318E+00   3.2158816E+00
   6.2016072E+00  -2.6394174E-02   2.6463213E+00   1.3242230E+00   2.9592702E+00
   6.2096353E+00  -3.3556819E-02   2.4628301E+00   1.3455642E+00   2.8066351E+00
   6.2180843E+00  -3.0486511E-02   2.1830132E+00   1.3110398E+00   2.5466256E+00
   6.2258382E+00  -1.8440263E-02   1.9186453E+00   1.3008436E+00   2.3181314E+00
   6.2341146E+00  -4.1771182E-03   1.6157637E+00   1.3032596E+00   2.0758600E+00
   6.2424011E+00   6.2589403E-03   1.3439308E+00   1.2825602E+00   1.8577272E+00
   6.2503529E+00  -1.5823981E-02   1.0614964E+00   1.2753339E+00   1.6593678E+00
   6.2586389E+00   3.6140960E-02   7.7454859E-01   1.2755591E+00   1.4927434E+00
   6.2667475E+00  -3.0132644E-02   5.2148610E-01   1.2768375E+00   1.3795542E+00
   6.2752075E+00   2.4663938E-02   1.6869122E-01   1.2646061E+00   1.2760462E+00
   6.2830315E+00   1.2721390E-02  -9.3665197E-02   1.2624474E+00   1.2659812E+00
   6.2911925E+00  -8.0470750E-03  -3.7425461E-01   1.2673975E+00   1.3215249E+00
   6.2995887E+00   1.8922351E-02  -6.7520803E-01   1.2719604E+00   1.4401900E+00
   6.3074570E+00   1.3156745E-02  -9.5186621E-01   1.2711160E+00   1.5880674E+00
   6.3157558E+00   3.4789746E-03  -1.2269856E+00   1.2732413E+00   1.7682333E+00
   6.3240399E+00   3.4179483E-02  -1.4806807E+00   1.2821358E+00   1.9589425E+00
   6.3323159E+00   4.8277127E-03  -1.7399199E+00   1.2867692E+00   2.1640515E+00
   6.3401289E+00   2.1397214E-02  -2.0055854E+00   1.2978287E+00   2.3889725E+00
   6.3483963E+00   1.5733339E-02  -2.2569909E+00   1.3011386E+00   2.6052289E+00
   6.3566785E+00   1.1951300E-02  -2.5043206E+00   1.3079345E+00   2.8253243E+00
   6.3650317E+00   8.8329595E-03  -2.7406869E+00   1.3145126E+00   3.0396359E+00
   6.3730593E+00   2.4103252E-02  -2.9711199E+00   1.3164395E+00   3.2497919E+00
   6.3812208E+00  -3.0285134E-03  -3.1599312E+00   1.3154551E+00   3.4228053E+00
   6.3894749E+00   3.8320534E-03  -3.3159659E+00   1.3156474E+00   3.5674322E+00
   6.3973889E+00   2.0202233E-02  -3.5162010E+00   1.3162273E+00   3.7545350E+00
   6.4054084E+00  -7.9496941E-03  -3.6808591E+00   1.3142536E+00   3.9084587E+00
   6.4140191E+00  -4.6395752E-04  -3.8076596E+00   1.3137170E+00   4.0279179E+00
   6.4218960E+00  -8.5707866E-03  -3.9523742E+00   1.3105234E+00   4.1639891E+00
   6.4299326E+00  -1.4170081E-02  -4.0594940E+00   1.3099782E+00   4.2656460E+00
   6.4382215E+00  -2.1928677E-02  -4.1555877E+00   1.3111477E+00   4.3575792E+00
   6.4466629E+00   3.2010663E-02  -4.2693214E+00   1.3093544E+00   4.4657068E+00
   6.4547310E+00  -9.6471449E-03  -4.3250966E+00   1.3067124E+00   4.5181909E+00
   6.4629617E+00  -1.1887516E-02  -4.3687530E+00   1.3085928E+00   4.5605435E+00
   6.4710383E+00   2.1245243E-02  -4.3801365E+00   1.3071667E+00   4.5710754E+00
   6.4788027E+00  -1.2995288E-03  -4.3543849E+00   1.3139174E+00   4.5483017E+00
   6.4869552E+00  -2.5537282E-03  -4.4088068E+00   1.3153493E+00   4.6008396E+00
   6.4954815E+00   1.1753481E-02  -4.3466711E+00   1.3102945E+00   4.5398855E+00
   6.5035944E+00   5.1567636E-02  -4.2963281E+00   1.3140986E+00   4.4931002E+00
   6.5114274E+00  -1.3867157E-03  -4.2526569E+00   1.3167112E+00   4.4518332E+00
   6.5197182E+00  -1.6948747E-02  -4.2002645E+00   1.3178878E+00   4.4021969E+00
   6.5283103E+00  -5.1438522E-02  -4.0717587E+00   1.3143336E+00   4.2789416E+00
   6.5365410E+00   7.0054666E-03  -3.9340060E+00   1.3156658E+00   4.1481838E+00
   6.5441518E+00   5.7131099E-03  -3.8782618E+00   1.3116221E+00   4.0940566E+00
   6.5527072E+00  -1.1627888E-02  -3.7132928E+00   1.3129538E+00   3.9385943E+00
   6.5604539E+00  -4.1606780E-02  -3.5905414E+00   1.3105141E+00   3.8224554E+00
   6.5692124E+00  -1.8248133E-02  -3.3969481E+00   1.3121116E+00   3.6415968E+00
   6.5771203E+00  -1.2227606E-04  -3.2529380E+00   1.3131191E+00   3.5079749E+00
   6.5851116E+00  -1.9973276E-02  -2.9990673E+00   1.3135546E+00   3.2741761E+00
   6.5932035E+00  -1.4866964E-02  -2.8205450E+00   1.3156425E+00   3.1123319E+00
   6.6014185E+00  -1.7207602E-02  -2.6163468E+00   1.3204612E+00   2.9307311E+00
   6.6097846E+00  -2.1764459E-02  -2.4658585E+00   1.3227555E+00   2.7983234E+00
   6.6173797E+00   9.0483828E-03  -2.2011151E+00   1.3301013E+00   2.5718007E+00
   6.6260767E+00  -7.4690389E-03  -1.9492131E+00   1.3330450E+00   2.3614607E+00
   6.6344719E+00   3.0471262E-02  -1.7808995E+00   1.3373586E+00   2.2273436E+00
   6.6421704E+00  -3.3570230E-03  -1.4796003E+00   1.3411782E+00   1.9969945E+00
   6.6508145E+00  -9.7370613E-03  -1.2715333E+00   1.3460299E+00   1.8516717E+00
   6.6585236E+00  -5.0757178E-03  -1.0677702E+00   1.3487281E+00   1.7202402E+00
   6.6662636E+00  -2.3552379E-02  -7.7186102E-01   1.3527021E+00   1.5576030E+00
   6.6745682E+00   4.0831617E-03  -5.7601994E-01   1.3544176E+00   1.4718230E+00
   6.6831026E+00   1.0833057E-02  -3.0951890E-01   1.3582025E+00   1.3930660E+00
   6.6909633E+00   2.0732824E-02  -1.7892611E-01   1.3597823E+00   1.3716605E+00
   6.6998219E+00   1.9776471E-02   7.1370378E-02   1.3610926E+00   1.3631059E+00
   6.7077103E+00   1.5285691E-02   3.4995669E-01   1.3612733E+00   1.4056202E+00
   6.7155619E+00   1.8409807E-02   4.9156293E-01   1.3653195E+00   1.4512306E+00
   6.7234697E+00   4.5670525E-04   7.3882991E-01   1.3667874E+00   1.5536982E+00
   6.7318497E+00   2.1816598E-02   8.8705736E-01   1.3733039E+00   1.6350261E+00
   6.7404327E+00   1.5104432E-02   1.0600697E+00   1.3770367E+00   1.7378740E+00
   6.7479296E+00   2.1947123E-02   1.2779459E+00   1.3797386E+00   1.8807727E+00
   6.7562289E+00   2.0802133E-02   1.4655885E+00   1.3884575E+00   2.0189593E+00
   6.7647018E+00  -4.5572082E-03   1.6124513E+00   1.3906668E+00   2.1293130E+00
   6.7731767E+00   4.7558278E-02   1.8138717E+00   1.3977678E+00   2.2904470E+00
   6.7806907E+00   1.1242736E-02   1.9690827E+00   1.3959028E+00   2.4137020E+00
   6.7890043E+00   4.0674876E-02   2.1721237E+00   1.4037344E+00   2.5865512E+00
   6.7973943E+00   7.5542973E-03   2.3381536E+00   1.4091841E+00   2.7299850E+00
   6.8057766E+00  -1.8846220E-03   2.4714611E+00   1.4099513E+00   2.8453622E+00
   6.8132148E+00  -3.4173552E-02   2.6853368E+00   1.4161254E+00   3.0360522E+00
   6.8218584E+00  -2.0123424E-02   2.7975731E+00   1.4157557E+00   3.1354718E+00
   6.8296580E+00  -3.6661882E-02   2.9615686E+00   1.4189258E+00   3.2841411E+00
   6.8378253E+00   1.0314472E-02   3.1084781E+00   1.4179664E+00   3.4166315E+00
   6.8463454E+00  -9.1087176E-03   3.2630811E+00   1.4189788E+00   3.5582695E+00
   6.8545284E+00  -2.6780883E-02   3.4339871E+00   1.4312100E+00   3.7203963E+00
   6.8624563E+00  -4.3806821E-02   3.5267253E+00   1.4224986E+00   3.8030529E+00
   6.8708286E+00   5.5180765E-03   3.6192355E+00   1.4225609E+00   3.8887756E+00
   6.8790278E+00  -2.5801415E-02   3.6927314E+00   1.4173925E+00   3.9554939E+00
   6.8870969E+00  -4.0422371E-03   3.7640016E+00   1.4131191E+00   4.0205259E+00
   6.8950696E+00  -2.4375252E-02   3.8159788E+00   1.4127254E+00   4.0691624E+00
   6.9035301E+00  -3.9289616E-02   3.8494723E+00   1.4083148E+00   4.0991869E+00
   6.9116368E+00   1.8288642E-02   3.8670132E+00   1.4076685E+00   4.1152954E+00
   6.9195733E+00  -1.7390199E-02   3.8439088E+00   1.4076303E+00   4.0935755E+00
   6.9279923E+00   7.8456990E-02   3.6845317E+00   1.4098375E+00   3.9458296E+00
   6.9362445E+00  -3.5929665E-02   3.7549632E+00   1.4052461E+00   4.0094581E+00
   6.9443221E+00  -4.9639908E-03   3.6348102E+00   1.3983066E+00   3.8945000E+00
   6.9524632E+00   1.4048469E-02   3.5318778E+00   1.3984393E+00   3.7986827E+00
   6.9603248E+00  -1.1497270E-02   3.4676061E+00   1.4004154E+00   3.7397311E+00
   6.9684930E+00  -5.1244153E-03   3.2543917E+00   1.3824253E+00   3.5358438E+00
   6.9767866E+00   3.2820525E-03   3.1067719E+00   1.3839972E+00   3.4011014E+00
   6.9848824E+00   2.1076370E-02   2.8692055E+00   1.3723344E+00   3.1805797E+00
   6.9933085E+00  -3.8401324E-02   2.7068081E+00   1.3604436E+00   3.0297015E+00
   7.0010800E+00  -5.4529391E-04   2.5238681E+00   1.3551258E+00   2.8646598E+00
   7.0096097E+00   2.7449828E-02   2.2946644E+00   1.3385596E+00   2.6566858E+00
   7.0174870E+00   3.4774832E-02   2.0965965E+00   1.3368896E+00   2.4868052E+00
   7.0256720E+00  -4.0584087E-02   1.8414540E+00   1.3225845E+00   2.2675602E+00
   7.0337873E+00   2.0194435E-02   1.6175925E+00   1.3159628E+00   2.0853708E+00
   7.0422125E+00  -1.9490305E-02   1.3569169E+00   1.3002182E+00   1.8794070E+00
   7.0501451E+00  -3.8315557E-02   1.1092439E+00   1.3062168E+00   1.7140865E+00
   7.0584087E+00   9.5166527E-03   8.6724919E-01   1.3027674E+00   1.5650606E+00
   7.0665660E+00   1.3012753E-02   5.9045446E-01   1.2905302E+00   1.4192512E+00
   7.0748234E+00  -1.1904854E-02   3.5370967E-01   1.2969033E+00   1.3443252E+00
   7.0830951E+00   1.6191997E-02   7.3916651E-02   1.2910290E+00   1.2932446E+00
   7.0908341E+00   3.4032073E-03  -1.5274321E-01   1.3012701E+00   1.3102084E+00
   7.0992627E+00   8.8675320E-03  -4.1756961E-01   1.2925164E+00   1.3583231E+00
   7.1072655E+00   1.1957917E-02  -6.3891792E-01   1.2959770E+00   1.4449621E+00
   7.1156554E+00   1.4024176E-02  -8.7669832E-01   1.2978114E+00   1.5662410E+00
   7.1236067E+00   4.2704684E-03  -1.1325197E+00   1.3015443E+00   1.7252932E+00
   7.1320057E+00  -2.2938056E-04  -1.3604370E+00   1.3055224E+00   1.8855180E+00
   7.1399488E+00   7.5448519E-03  -1.6137466E+00   1.3085790E+00   2.0776463E+00
   7.1482749E+00   5.8967881E-03  -1.8118774E+00   1.3144333E+00   2.2384524E+00
   7.1561728E+00   4.8649693E-03  -2.0398340E+00   1.3162925E+00   2.4276681E+00
   7.1645136E+00  -1.4173896E-02  -2.2827320E+00   1.3167948E+00   2.6353397E+00
   7.1724887E+00  -1.0080264E-03  -2.4535265E+00   1.3211881E+00   2.7866344E+00
   7.1809316E+00  -1.3700914E-02  -2.6460114E+00   1.3200384E+00   2.9570365E+00
   7.1890054E+00  -2.0657118E-02  -2.8144357E+00   1.3183296E+00   3.1079683E+00
   7.1971846E+00  -2.3417423E-02  -3.0038257E+00   1.3196363E+00   3.2809994E+00
   7.2054482E+00  -1.9454949E-02  -3.1499064E+00   1.3182187E+00   3.4146726E+00
   7.2133260E+00  -5.0890399E-04  -3.2958016E+00   1.3168265E+00   3.5491323E+00
   7.2217073E+00  -8.8273762E-03  -3.4598913E+00   1.3166611E+00   3.7019620E+00
   7.2297306E+00  -1.3899219E-02  -3.5615225E+00   1.3171877E+00   3.7973173E+00
   7.2378659E+00  -1.3144087E-02  -3.6764622E+00   1.3162023E+00   3.9049885E+00
   7.2461510E+00  -2.4412693E-02  -3.8078673E+00   1.3160990E+00   4.0289660E+00
   7.2541747E+00   9.8067345E-03  -3.8833601E+00   1.3157955E+00   4.1002316E+00
   7.2624440E+00  -7.0924484E-03  -3.9633129E+00   1.3151872E+00   4.1758370E+00
   7.2705812E+00   1.5295658E-02  -4.0254068E+00   1.3158010E+00   4.2350287E+00
   7.2786002E+00  -1.4706522E-02  -4.0518084E+00   1.3175508E+00   4.2606702E+00
   7.2868381E+00   1.3003391E-02  -4.0729971E+00   1.3180355E+00   4.2809682E+00
   7.2950940E+00   9.0556573E-03  -4.0960813E+00   1.3184464E+00   4.3030529E+00
   7.3029575E+00   4.6712387E-02  -4.0768428E+00   1.3178533E+00   4.2848063E+00
   7.3111262E+00  -1.9258400E-02  -4.0562263E+00   1.3194302E+00   4.2654705E+00
   7.3195882E+00   2.6807832E-03  -4.0329866E+00   1.3197855E+00   4.2434449E+00
   7.3275042E+00   4.3297976E-02  -4.0262566E+00   1.3169403E+00   4.2363839E+00
   7.3355432E+00   5.8618877E-02  -4.0077209E+00   1.3167802E+00   4.2189064E+00
   7.3437033E+00   1.4690103E-02  -3.9147198E+00   1.3148013E+00   4.1296425E+00
   7.3519330E+00   3.9310977E-02  -3.7990780E+00   1.3158219E+00   4.0206871E+00
   7.3602538E+00  -4.8598577E-03  -3.6663625E+00   1.3160079E+00   3.8953965E+00
   7.3686819E+00   1.6633544E-02  -3.5927281E+00   1.3122454E+00   3.8249130E+00
   7.3765163E+00   1.6356708E-02  -3.4599869E+00   1.3153963E+00   3.7016273E+00
   7.3844762E+00  -1.2389096E-03  -3.3411846E+00   1.3168812E+00   3.5913358E+00
   7.3925891E+00  -9.7181024E-03  -3.2165601E+00   1.3210146E+00   3.4772737E+00
   7.4008865E+00   7.3740152E-03  -3.0279932E+00   1.3232971E+00   3.3045292E+00
   7.4094057E+00  -9.8682148E-04  -2.8742173E+00   1.3256770E+00   3.1652086E+00
   7.4173784E+00  -7.2438098E-03  -2.6855686E+00   1.3289088E+00   2.9963861E+00
   7.4256039E+00  -1.4162068E-02  -2.4842923E+00   1.3357984E+00   2.8206854E+00
   7.4340491E+00   1.1354261E-02  -2.3137069E+00   1.3403679E+00   2.6739399E+00
   7.4421277E+00  -1.1465320E-03  -2.0600557E+00   1.3456298E+00   2.4605994E+00
   7.4497905E+00  -5.5536949E-03  -1.9074636E+00   1.3481553E+00   2.3358018E+00
   7.4578910E+00  -4.2563286E-03  -1.6946021E+00   1.3495640E+00   2.1663373E+00
   7.4663773E+00  -1.8648174E-02  -1.4149525E+00   1.3539375E+00   1.9584650E+00
   7.4744668E+00  -1.0033673E-02  -1.2653042E+00   1.3592818E+00   1.8570789E+00
   7.4829454E+00  -1.1004257E-02  -1.0657563E+00   1.3639373E+00   1.7309773E+00
   7.4904904E+00  -7.9441173E-03  -8.8757700E-01   1.3680228E+00   1.6307490E+00
   7.4989963E+00  -9.4760880E-03  -5.8675957E-01   1.3706758E+00   1.4910160E+00
   7.5075340E+00  -7.3023951E-03  -4.0311602E-01   1.3713796E+00   1.4294187E+00
   7.5151610E+00  -5.7172072E-03  -2.0014215E-01   1.3761249E+00   1.3906146E+00
   7.5237932E+00   5.3978892E-04   9.3281390E-03   1.3799697E+00   1.3800013E+00
   7.5315208E+00  -4.1047493E-03   2.2275022E-01   1.3833649E+00   1.4011899E+00
   7.5402870E+00   1.2441149E-02   4.6284443E-01   1.3901391E+00   1.4652189E+00
   7.5477099E+00   8.8124629E-04   5.8768851E-01   1.3863604E+00   1.5057801E+00
   7.5565553E+00   1.4351289E-02   7.9144835E-01   1.3877722E+00   1.5976571E+00
   7.5640073E+00   4.2040297E-04   9.9119687E-01   1.3865201E+00   1.7043794E+00
   7.5725350E+00   1.6250158E-02   1.1542187E+00   1.3903306E+00   1.8070705E+00
   7.5809917E+00  -1.6927786E-02   1.3472733E+00   1.3918115E+00   1.9371555E+00
   7.5886822E+00  -2.3268776E-02   1.5299656E+00   1.3957464E+00   2.0710974E+00
   7.5967627E+00   2.7306881E-03   1.6974958E+00   1.3952324E+00   2.1973104E+00
   7.6053548E+00   1.2867297E-03   1.9386978E+00   1.3996073E+00   2.3911192E+00
   7.6134901E+00   1.4613872E-02   2.1244042E+00   1.4012847E+00   2.5449765E+00
   7.6211367E+00   1.3424099E-02   2.2217588E+00   1.4051454E+00   2.6288450E+00
   7.6295085E+00  -1.6898852E-02   2.4143391E+00   1.4063106E+00   2.7941060E+00
   7.6380253E+00   1.1699375E-02   2.5689974E+00   1.4095912E+00   2.9303296E+00
   7.6457062E+00  -3.3282521E-04   2.7706683E+00   1.4090083E+00   3.1083608E+00
   7.6542716E+00   2.2575096E-03   2.9121897E+00   1.4083525E+00   3.2348588E+00
   7.6620049E+00   4.1071330E-03   3.1265092E+00   1.4076701E+00   3.4287915E+00
   7.6705942E+00   1.2379426E-03   3.2048438E+00   1.4103063E+00   3.5014267E+00
   7.6788921E+00  -1.1579409E-02   3.4018483E+00   1.4212890E+00   3.6868372E+00
   7.6868377E+00  -9.0208361E-03   3.5472436E+00   1.4126034E+00   3.8181758E+00
   7.6952357E+00  -1.3730534E-03   3.6639347E+00   1.4092770E+00   3.9256184E+00
   7.7033114E+00  -1.5476370E-02   3.7575943E+00   1.4064809E+00   4.0122242E+00
   7.7111115E+00  -2.2628712E-02   3.8779883E+00   1.4091024E+00   4.1261210E+00
   7.7193580E+00   9.8359538E-03   3.9539599E+00   1.4142132E+00   4.1992731E+00
   7.7273746E+00  -4.2478759E-03   4.0327320E+00   1.4158509E+00   4.2740588E+00
   7.7358456E+00  -1.3928042E-02   4.1081576E+00   1.4122145E+00   4.3441343E+00
   7.7441540E+00  -9.5199170E-03   4.1278744E+00   1.4098426E+00   4.3620057E+00
   7.7517018E+00   9.5297359E-03   4.1592717E+00   1.4079361E+00   4.3911176E+00
   7.7604012E+00   1.8036008E-02   4.1936979E+00   1.4074076E+00   4.4235988E+00
   7.7684021E+00  -6.9030784E-02   4.2377071E+00   1.4012798E+00   4.4639120E+00
   7.7762213E+00   3.9809155E-03   4.1652741E+00   1.4001586E+00   4.3943110E+00
   7.7844219E+00  -5.4747920E-02   4.1248312E+00   1.3969215E+00   4.3552980E+00
   7.7927084E+00   7.9926932E-03   4.0371566E+00   1.3969864E+00   4.2720332E+00
   7.8010817E+00  -4.2913263E-03   3.9358504E+00   1.3957134E+00   4.1759973E+00
   7.8092804E+00  -1.3365958E-02   3.7861912E+00   1.3885722E+00   4.0328097E+00
   7.8172908E+00   2.0201737E-02   3.6812501E+00   1.3901509E+00   3.9350388E+00
   7.8256426E+00   3.8476570E-03   3.5599861E+00   1.3838301E+00   3.8194897E+00
   7.8335843E+00  -2.5233885E-02   3.3843303E+00   1.3754814E+00   3.6532557E+00
   7.8416982E+00   1.1165442E-02   3.2332056E+00   1.3769109E+00   3.5142035E+00
   7.8500366E+00   3.5900675E-02   3.0130532E+00   1.3762174E+00   3.3126655E+00
   7.8581357E+00   3.2784205E-02   2.8602321E+00   1.3697436E+00   3.1714666E+00
   7.8660283E+00   2.3724470E-02   2.6291142E+00   1.3553172E+00   2.9579873E+00
   7.8745847E+00   1.1068277E-02   2.4100718E+00   1.3496830E+00   2.7622840E+00
   7.8824558E+00   4.8149839E-02   2.1771510E+00   1.3394848E+00   2.5566628E+00
   7.8905506E+00   1.5589592E-02   1.9302360E+00   1.3313540E+00   2.3449004E+00
   7.8988662E+00   2.6399342E-02   1.7233013E+00   1.3259844E+00   2.1745572E+00
   7.9071321E+00   4.6032693E-02   1.4315497E+00   1.3220087E+00   1.9491435E+00
   7.9150577E+00   4.3062586E-02   1.2457149E+00   1.3216660E+00   1.8167171E+00
   7.9233651E+00   9.0820417E-03   1.0000494E+00   1.3160894E+00   1.6529588E+00
   7.9315815E+00   1.6845936E-02   7.3833847E-01   1.3065374E+00   1.5008222E+00
   7.9397235E+00   4.2849863E-03   5.2060342E-01   1.3152460E+00   1.4145381E+00
   7.9477091E+00   1.6243162E-02   2.6181713E-01   1.3053993E+00   1.3314952E+00
   7.9559317E+00   1.9537738E-02   1.5738454E-02   1.3119546E+00   1.3121945E+00
   7.9643188E+00   2.0624543E-02  -2.2578165E-01   1.3115505E+00   1.3310024E+00
   7.9724913E+00   5.2771666E-03  -4.8359898E-01   1.3130950E+00   1.3993263E+00
   7.9806027E+00   3.5770596E-03  -6.9775999E-01   1.3157209E+00   1.4892963E+00
   7.9885659E+00   6.0173548E-03  -8.9452255E-01   1.3183713E+00   1.5932074E+00
   7.9967694E+00   5.8957022E-03  -1.1089429E+00   1.3216425E+00   1.7252617E+00
   8.0049391E+00   1.0224002E-03  -1.3278265E+00   1.3242203E+00   1.8752823E+00
   8.0131178E+00   7.7868635E-03  -1.5412807E+00   1.3257121E+00   2.0330074E+00
   8.0213375E+00  -5.9486693E-03  -1.7142396E+00   1.3285754E+00   2.1688166E+00
   8.0292654E+00   2.4967373E-03  -1.9018792E+00   1.3323200E+00   2.3221169E+00
   8.0376368E+00  -5.1287925E-03  -2.0543451E+00   1.3299575E+00   2.4472735E+00
   8.0456753E+00  -7.6842704E-03  -2.2288482E+00   1.3298190E+00   2.5954273E+00
   8.0537605E+00  -1.9364825E-02  -2.3883867E+00   1.3290323E+00   2.7333302E+00
   8.0619640E+00  -1.2225489E-02  -2.5818694E+00   1.3277296E+00   2.9032850E+00
   8.0702553E+00  -7.1596070E-03  -2.6665926E+00   1.3262787E+00   2.9782181E+00
   8.0782166E+00  -2.4675960E-02  -2.7662489E+00   1.3266624E+00   3.0680246E+00
   8.0867109E+00  -2.0123314E-02  -2.9062200E+00   1.3256688E+00   3.1943569E+00
   8.0949087E+00  -7.6419250E-03  -3.0102642E+00   1.3245767E+00   3.2888072E+00
   8.1028395E+00  -2.1613549E-02  -3.0853753E+00   1.3235039E+00   3.3573310E+00
   8.1109886E+00  -9.8256618E-03  -3.1633959E+00   1.3243825E+00   3.4294546E+00
   8.1193485E+00   9.1241207E-03  -3.2330923E+00   1.3236266E+00   3.4935594E+00
   8.1274891E+00  -1.0437417E-02  -3.2915621E+00   1.3227297E+00   3.5474081E+00
   8.1355839E+00  -1.0201176E-02  -3.3831186E+00   1.3239106E+00   3.6329513E+00
   8.1434803E+00   4.5587313E-03  -3.4311988E+00   1.3247260E+00   3.6780491E+00
   8.1520081E+00   2.2566482E-02  -3.3960755E+00   1.3255683E+00   3.6456780E+00
   8.1602306E+00  -5.5437401E-04  -3.3973730E+00   1.3234998E+00   3.6460657E+00
