  flscon:  version 22.2.0.05  win64 2022 
 FLOW-3D   14:02:16  10/06/2023 jxht     
   hydr3d   version  22.2.0.16 win64     09/12/2022 HYDRO    
 Simulation Template: Free Surface - TruVOF (Default)                            

Mesh Block   1
 printing pfxob, pfyob, pfzob, pfob       
       1     1002      0.000E+00      2.280E+01
   time              pfxob_1         pfyob_1         pfzob_1         pfob_1
   0.0000000E+00  -1.0569888E-03  -1.0710477E+00  -5.7429868E-01   1.2153038E+00
   1.2749290E-03   8.8580161E-02   3.7038089E+02  -1.5642132E+00   3.7038422E+02
   2.2784347E-02   6.0974928E-03  -6.9264746E-01  -5.6811386E-01   8.9585209E-01
   4.5706421E-02   6.5217814E-03  -8.3174574E-01  -5.7407677E-01   1.0106472E+00
   6.8269692E-02   3.2816415E-03  -1.0037317E+00  -5.7290763E-01   1.1557298E+00
   9.1202483E-02   2.9907792E-03  -1.1196173E+00  -5.6961596E-01   1.2561903E+00
   1.1363882E-01  -1.6115371E-03  -1.2033870E+00  -5.6354684E-01   1.3288070E+00
   1.3679571E-01  -4.3714941E-03  -1.3104242E+00  -5.5329549E-01   1.4224509E+00
   1.5983744E-01  -4.2841834E-04  -1.4144993E+00  -5.4568952E-01   1.5161086E+00
   1.8266164E-01  -2.6530316E-03  -1.4755677E+00  -5.3243685E-01   1.5686924E+00
   2.0498745E-01  -1.6284728E-03  -1.5261343E+00  -5.1882488E-01   1.6119143E+00
   2.2847107E-01   4.0490790E-03  -1.5850114E+00  -5.0272757E-01   1.6628326E+00
   2.5024506E-01   1.2541042E-05  -1.6120406E+00  -4.8810956E-01   1.6843177E+00
   2.7413660E-01   3.5125504E-03  -1.6407669E+00  -4.7153741E-01   1.7071835E+00
   2.9601449E-01   9.1065932E-04  -1.6806573E+00  -4.5597386E-01   1.7414137E+00
   3.1892288E-01   2.1297992E-03  -1.6681195E+00  -4.3688819E-01   1.7243836E+00
   3.4226242E-01   8.1981777E-04  -1.6768860E+00  -4.1612545E-01   1.7277464E+00
   3.6461490E-01   7.6123566E-04  -1.6654137E+00  -3.9826199E-01   1.7123716E+00
   3.8845265E-01   7.7625987E-04  -1.6772702E+00  -3.8523209E-01   1.7209415E+00
   4.1143379E-01   1.8913676E-03  -1.6724379E+00  -3.6760092E-01   1.7123617E+00
   4.3331978E-01   3.3911809E-03  -1.6509318E+00  -3.5109410E-01   1.6878550E+00
   4.5596442E-01  -1.7252225E-04  -1.6451725E+00  -3.3633184E-01   1.6791997E+00
   4.7959191E-01   8.9463254E-04  -1.6043314E+00  -3.2022262E-01   1.6359775E+00
   5.0273955E-01   1.4909836E-03  -1.5757397E+00  -3.0963728E-01   1.6058747E+00
   5.2509481E-01   3.1188156E-03  -1.5445701E+00  -2.9831910E-01   1.5731182E+00
   5.4725122E-01   2.8543216E-03  -1.5174688E+00  -2.8948390E-01   1.5448368E+00
   5.6936377E-01   3.2991969E-03  -1.4843298E+00  -2.7954054E-01   1.5104268E+00
   5.9293145E-01   3.6724287E-03  -1.3954449E+00  -2.6812255E-01   1.4209749E+00
   6.1496252E-01   2.4384412E-03  -1.3344861E+00  -2.6014173E-01   1.3596077E+00
   6.3824171E-01   3.3692841E-03  -1.2419549E+00  -2.5032908E-01   1.2669364E+00
   6.6163993E-01   3.1266492E-03  -1.2181499E+00  -2.4547635E-01   1.2426413E+00
   6.8477660E-01   2.9709043E-03  -1.1437933E+00  -2.3579758E-01   1.1678495E+00
   7.0803893E-01   2.8634092E-03  -1.1512358E+00  -2.3271458E-01   1.1745247E+00
   7.3099327E-01   4.4206185E-03  -1.0737778E+00  -2.2872032E-01   1.0978758E+00
   7.5227767E-01   3.2008078E-03  -1.0159798E+00  -2.2699642E-01   1.0410343E+00
   7.7593547E-01   2.6024606E-03  -9.0901750E-01  -2.2444597E-01   9.3632025E-01
   7.9879385E-01   1.8330486E-03  -8.5235357E-01  -2.2359213E-01   8.8119429E-01
   8.2127845E-01   1.3913774E-03  -7.6140147E-01  -2.2163965E-01   7.9300582E-01
   8.4433836E-01   5.1772606E-04  -7.0052505E-01  -2.2054639E-01   7.3442245E-01
   8.6680186E-01   8.9663110E-05  -6.1372036E-01  -2.1820466E-01   6.5135705E-01
   8.8865232E-01   7.8107591E-04  -5.5309141E-01  -2.1642262E-01   5.9392720E-01
   9.1225934E-01  -1.4643776E-03  -4.6280771E-01  -2.1569273E-01   5.1060402E-01
   9.3408954E-01  -7.2155613E-04  -3.6124459E-01  -2.1449375E-01   4.2012587E-01
   9.5732033E-01  -1.2480045E-03  -2.8469893E-01  -2.1377738E-01   3.5602781E-01
   9.8069447E-01  -2.4082246E-03  -2.1001489E-01  -2.1375838E-01   2.9967433E-01
   1.0030504E+00  -2.4819367E-03  -1.1770695E-01  -2.1456373E-01   2.4474207E-01
   1.0261216E+00  -1.3369919E-03  -2.7347850E-02  -2.1501383E-01   2.1675017E-01
   1.0493052E+00  -9.5810555E-04   6.3601293E-02  -2.1640104E-01   2.2555588E-01
   1.0708559E+00  -1.0962741E-03   1.5488487E-01  -2.1466312E-01   2.6470888E-01
   1.0949587E+00  -1.6868735E-03   2.5403187E-01  -2.1547611E-01   3.3311409E-01
   1.1170756E+00  -1.5327025E-03   3.4052545E-01  -2.1718347E-01   4.0389180E-01
   1.1391608E+00  -2.6970990E-03   4.0378889E-01  -2.1488805E-01   4.5741624E-01
   1.1625476E+00  -1.2241849E-03   5.2357644E-01  -2.1945123E-01   5.6770825E-01
   1.1863331E+00  -7.1418576E-04   6.2156206E-01  -2.1655089E-01   6.5820527E-01
   1.2085669E+00  -9.7326742E-04   7.1475798E-01  -2.1823342E-01   7.4733245E-01
   1.2319037E+00   1.3136791E-04   8.0408299E-01  -2.1912685E-01   8.3340627E-01
   1.2542074E+00   8.2652300E-04   8.8582498E-01  -2.2185804E-01   9.1318536E-01
   1.2770091E+00   3.2716847E-04   9.6739441E-01  -2.2533511E-01   9.9329150E-01
   1.2992431E+00   1.9908391E-03   1.0621065E+00  -2.2957265E-01   1.0866361E+00
   1.3215424E+00   1.3971479E-03   1.1373410E+00  -2.3377353E-01   1.1611187E+00
   1.3441298E+00   3.1460412E-03   1.1999526E+00  -2.3783961E-01   1.2233005E+00
   1.3685566E+00   4.2295235E-04   1.3104482E+00  -2.4655236E-01   1.3334402E+00
   1.3920170E+00   1.0376801E-03   1.3896198E+00  -2.5233385E-01   1.4123443E+00
   1.4144902E+00   2.2276319E-03   1.4641680E+00  -2.5925100E-01   1.4869444E+00
   1.4373348E+00   1.9590408E-03   1.5452007E+00  -2.6820040E-01   1.5683050E+00
   1.4585671E+00   2.1993741E-03   1.6106176E+00  -2.7612913E-01   1.6341180E+00
   1.4816535E+00   3.5447490E-03   1.6656095E+00  -2.8479999E-01   1.6897866E+00
   1.5044491E+00   1.2211066E-03   1.7532977E+00  -2.9608205E-01   1.7781223E+00
   1.5279841E+00  -3.7869785E-04   1.7972481E+00  -3.0621141E-01   1.8231473E+00
   1.5500441E+00   5.0448196E-04   1.8334428E+00  -3.1423309E-01   1.8601762E+00
   1.5735441E+00   7.0123078E-04   1.9190524E+00  -3.2944408E-01   1.9471251E+00
   1.5967860E+00  -4.8726914E-03   1.9585335E+00  -3.4245497E-01   1.9882537E+00
   1.6193680E+00   3.7277220E-03   2.0001380E+00  -3.4933066E-01   2.0304182E+00
   1.6409928E+00   2.0797236E-03   2.0352185E+00  -3.6714512E-01   2.0680702E+00
   1.6648812E+00   5.2493699E-03   2.0664034E+00  -3.7669691E-01   2.1004646E+00
   1.6882436E+00   2.5317434E-03   2.0803685E+00  -3.9478493E-01   2.1174972E+00
   1.7109882E+00   9.4101094E-03   2.1063726E+00  -4.0602756E-01   2.1451695E+00
   1.7319030E+00   1.0762471E-02   2.1116812E+00  -4.1953281E-01   2.1529796E+00
   1.7548836E+00   1.1852319E-02   2.1210923E+00  -4.3243751E-01   2.1647577E+00
   1.7783307E+00   7.9549924E-03   2.1061313E+00  -4.4735885E-01   2.1531332E+00
   1.8017927E+00   1.6694902E-02   2.0870829E+00  -4.6287090E-01   2.1378596E+00
   1.8231117E+00   1.5933501E-02   2.0533671E+00  -4.7304264E-01   2.1072114E+00
   1.8468287E+00   2.1199150E-02   1.9954071E+00  -4.8904973E-01   2.0545726E+00
   1.8692954E+00   1.5859442E-02   1.9784976E+00  -4.9332783E-01   2.0391364E+00
   1.8917358E+00   2.0829391E-02   1.9784892E+00  -5.1570976E-01   2.0447028E+00
   1.9157255E+00   1.7933628E-02   1.8181056E+00  -5.1720542E-01   1.8903255E+00
   1.9374442E+00   2.0933045E-02   1.6789830E+00  -5.2432299E-01   1.7590727E+00
   1.9609634E+00   2.0538114E-02   1.5929412E+00  -5.3605497E-01   1.6808444E+00
   1.9830097E+00   1.9237792E-02   1.4647130E+00  -5.3311145E-01   1.5588335E+00
   2.0066252E+00   2.9691791E-02   1.3727510E+00  -5.4092252E-01   1.4757792E+00
   2.0291786E+00   2.6424490E-02   1.1665275E+00  -5.5850774E-01   1.2936057E+00
   2.0526986E+00   1.7731505E-02   1.0566417E+00  -5.6528282E-01   1.1984785E+00
   2.0740936E+00   1.4300086E-02   9.3873054E-01  -5.7038814E-01   1.0985273E+00
   2.0975177E+00   1.9978991E-02   5.8631450E-01  -5.7300311E-01   8.2005876E-01
   2.1200938E+00   1.1979061E-02   4.9230066E-01  -5.8116019E-01   7.6174182E-01
   2.1432421E+00   8.3156582E-03   3.7968570E-01  -5.8805782E-01   7.0003027E-01
   2.1656346E+00   4.4057458E-03   2.2307438E-01  -5.8959758E-01   6.3040215E-01
   2.1884503E+00   7.1117422E-03   6.1292555E-02  -5.9337127E-01   5.9657091E-01
   2.2113976E+00   5.4872860E-03  -1.0793563E-01  -5.9567118E-01   6.0539603E-01
   2.2340426E+00   5.6626690E-03  -2.6391330E-01  -5.9500253E-01   6.5093035E-01
   2.2569952E+00   5.8398438E-03  -4.3409151E-01  -5.9255254E-01   7.3456657E-01
   2.2797260E+00   4.6132700E-04  -5.7260728E-01  -5.8872890E-01   8.2126790E-01
   2.3033209E+00   1.5563543E-03  -7.1508920E-01  -5.8297271E-01   9.2261165E-01
   2.3254142E+00   3.8752105E-04  -8.1087673E-01  -5.7829916E-01   9.9596745E-01
   2.3486454E+00   7.6884967E-03  -9.4093734E-01  -5.7064492E-01   1.1004808E+00
   2.3717861E+00  -1.0619980E-03  -1.0314521E+00  -5.6236178E-01   1.1747959E+00
   2.3940485E+00  -1.8037279E-03  -1.1268702E+00  -5.5021214E-01   1.2540227E+00
   2.4173582E+00  -1.6897714E-02  -1.0985380E+00  -5.4725778E-01   1.2274212E+00
   2.4391694E+00   2.0876760E-03  -1.2618437E+00  -5.1925528E-01   1.3645072E+00
   2.4621003E+00  -1.6094945E-02  -1.2397134E+00  -5.1773202E-01   1.3435755E+00
   2.4852259E+00  -2.9461128E-03  -1.3562586E+00  -4.8304114E-01   1.4397135E+00
   2.5087624E+00  -3.5431946E-03  -1.3976728E+00  -4.5964637E-01   1.4713179E+00
   2.5308423E+00  -3.3287760E-03  -1.4101914E+00  -4.4289881E-01   1.4781103E+00
   2.5524690E+00  -1.2546217E-03  -1.4229072E+00  -4.2374399E-01   1.4846635E+00
   2.5758910E+00  -2.2409734E-04  -1.4217532E+00  -4.0281272E-01   1.4777145E+00
   2.5999115E+00  -1.0585595E-03  -1.4228630E+00  -3.8275382E-01   1.4734452E+00
   2.6209834E+00   1.5367023E-03  -1.3907541E+00  -3.5964444E-01   1.4365039E+00
   2.6445620E+00  -2.8729085E-03  -1.3758235E+00  -3.3728236E-01   1.4165655E+00
   2.6673057E+00   7.2589907E-04  -1.3564141E+00  -3.1700784E-01   1.3929658E+00
   2.6905410E+00   1.3809088E-03  -1.3218901E+00  -2.9908678E-01   1.3553038E+00
   2.7130957E+00   3.5627100E-03  -1.2858053E+00  -2.8315431E-01   1.3166186E+00
   2.7364199E+00  -2.0086027E-03  -1.2675967E+00  -2.7227262E-01   1.2965099E+00
   2.7597878E+00   2.7753131E-03  -1.1550812E+00  -2.5120401E-01   1.1820844E+00
   2.7815986E+00   3.3034836E-03  -1.0855285E+00  -2.3934314E-01   1.1116061E+00
   2.8039329E+00   7.3041231E-03  -1.1273609E+00  -2.3433822E-01   1.1514819E+00
   2.8273878E+00   2.5606132E-03  -1.0459021E+00  -2.2903858E-01   1.0706897E+00
   2.8504891E+00   2.2783817E-03  -9.7054535E-01  -2.2219974E-01   9.9565870E-01
   2.8724854E+00   4.2324346E-03  -9.2802906E-01  -2.1332575E-01   9.5224142E-01
   2.8963253E+00  -6.6722260E-04  -8.5574389E-01  -2.0438267E-01   8.7981266E-01
   2.9184005E+00   6.2204748E-03  -7.7600867E-01  -1.9806896E-01   8.0091161E-01
   2.9411912E+00   1.1606853E-02  -7.1589744E-01  -1.9011106E-01   7.4080098E-01
   2.9642842E+00   2.0270874E-03  -6.6017127E-01  -1.8320413E-01   6.8512332E-01
   2.9869361E+00   7.4002882E-03  -6.1949730E-01  -1.7614780E-01   6.4409602E-01
   3.0098672E+00   3.7419477E-03  -5.5116761E-01  -1.6765118E-01   5.7611340E-01
   3.0327969E+00   2.6901534E-03  -4.8207536E-01  -1.6105500E-01   5.0827414E-01
   3.0550082E+00   2.7953337E-03  -3.7615913E-01  -1.5214595E-01   4.0577319E-01
   3.0777955E+00   1.0489090E-03  -3.6959323E-01  -1.4737360E-01   3.9789352E-01
   3.1011009E+00   1.1539967E-03  -3.0524549E-01  -1.4107563E-01   3.3627144E-01
   3.1230292E+00   1.2544731E-03  -2.6204312E-01  -1.3758428E-01   2.9596892E-01
   3.1467197E+00   2.0913044E-03  -1.8511504E-01  -1.3132772E-01   2.2697780E-01
   3.1690571E+00  -1.3934778E-03  -1.0917617E-01  -1.2529686E-01   1.6619471E-01
   3.1921794E+00   1.7632764E-03   3.2694228E-03  -1.2165685E-01   1.2171354E-01
   3.2156041E+00   3.7111978E-03   2.1903243E-02  -1.1875954E-01   1.2081950E-01
   3.2382283E+00   4.5530600E-03   9.7334906E-02  -1.1769816E-01   1.5279944E-01
   3.2605898E+00   3.9745909E-03   1.4899085E-01  -1.1472786E-01   1.8808657E-01
   3.2825365E+00   4.2891945E-03   2.1913511E-01  -1.1494420E-01   2.4748892E-01
   3.3056095E+00   2.1914474E-03   2.7872595E-01  -1.1451056E-01   3.0133972E-01
   3.3295825E+00   1.1224180E-03   3.4074596E-01  -1.1487202E-01   3.5958955E-01
   3.3516030E+00   8.4513065E-04   4.1957814E-01  -1.1665395E-01   4.3549359E-01
   3.3740859E+00   2.2414308E-03   5.0956434E-01  -1.1775863E-01   5.2299899E-01
   3.3964264E+00   3.5567263E-03   5.7002431E-01  -1.1979459E-01   5.8248705E-01
   3.4192815E+00   3.2078605E-03   6.3729817E-01  -1.2429019E-01   6.4931291E-01
   3.4427061E+00   3.0029614E-03   7.0414752E-01  -1.2762181E-01   7.1562570E-01
   3.4660177E+00   1.7631741E-03   7.8768873E-01  -1.3174546E-01   7.9863226E-01
   3.4892857E+00   4.9612913E-03   8.4547454E-01  -1.3814272E-01   8.5670018E-01
   3.5112085E+00   1.4403168E-03   9.3533033E-01  -1.4462768E-01   9.4644707E-01
   3.5333977E+00  -2.1004945E-03   1.0291519E+00  -1.5054221E-01   1.0401062E+00
   3.5579100E+00  -5.5001710E-05   1.1272181E+00  -1.5588798E-01   1.1379464E+00
   3.5798609E+00  -3.6979245E-03   1.1868621E+00  -1.5970552E-01   1.1975647E+00
   3.6029294E+00  -3.1070314E-05   1.2707900E+00  -1.6152209E-01   1.2810140E+00
   3.6249971E+00  -4.5985687E-03   1.3339922E+00  -1.7346045E-01   1.3452303E+00
   3.6476734E+00  -3.7432781E-03   1.3920889E+00  -1.7660359E-01   1.4032513E+00
   3.6708071E+00  -5.0471583E-03   1.4581372E+00  -1.7652869E-01   1.4687926E+00
   3.6933808E+00  -5.1775309E-03   1.5164595E+00  -1.8341398E-01   1.5275198E+00
   3.7169404E+00  -5.1929662E-04   1.6226735E+00  -1.7848343E-01   1.6324601E+00
   3.7382755E+00  -1.8558596E-03   1.6466312E+00  -1.7026252E-01   1.6554115E+00
   3.7618694E+00   2.6409635E-03   1.7472330E+00  -1.7821744E-01   1.7563006E+00
   3.7856688E+00   2.8831572E-03   1.8366355E+00  -1.8410634E-01   1.8458422E+00
   3.8067975E+00   3.8684800E-03   1.8795627E+00  -1.8378082E-01   1.8885303E+00
   3.8298726E+00   5.5005979E-03   1.9282513E+00  -1.8863885E-01   1.9374642E+00
   3.8522937E+00   3.2653771E-03   1.9983699E+00  -1.9753739E-01   2.0081122E+00
   3.8755488E+00   7.7613490E-03   2.0454466E+00  -2.0940441E-01   2.0561523E+00
   3.8990829E+00   5.9001618E-03   2.0916829E+00  -2.1809854E-01   2.1030309E+00
   3.9225574E+00   6.8909233E-03   2.1176322E+00  -2.3260489E-01   2.1303799E+00
   3.9449041E+00   4.7212373E-03   2.1801171E+00  -2.4393901E-01   2.1937273E+00
   3.9667959E+00   2.8113571E-03   2.1916509E+00  -2.6177114E-01   2.2072303E+00
   3.9908226E+00   8.1709120E-04   2.2113492E+00  -2.7548745E-01   2.2284434E+00
   4.0117760E+00   4.6485323E-03   2.1822493E+00  -2.9311058E-01   2.2018509E+00
   4.0360551E+00   7.8734821E-03   2.1587889E+00  -3.0942413E-01   2.1808658E+00
   4.0576797E+00   8.7862620E-03   2.1456645E+00  -3.2425642E-01   2.1700451E+00
   4.0807180E+00   5.0033107E-03   2.1081367E+00  -3.4252253E-01   2.1357872E+00
   4.1033230E+00   1.3176929E-02   2.0488329E+00  -3.5835093E-01   2.0799770E+00
   4.1274343E+00   3.9001193E-03   1.9792089E+00  -3.7651372E-01   2.0147073E+00
   4.1494493E+00   2.4500934E-03   1.9249440E+00  -3.9046580E-01   1.9641485E+00
   4.1731548E+00   6.0482464E-05   1.8234403E+00  -4.0740708E-01   1.8683990E+00
   4.1949687E+00  -6.9104577E-03   1.7342809E+00  -4.1989249E-01   1.7844012E+00
   4.2185469E+00  -8.7224636E-03   1.6347642E+00  -4.3472818E-01   1.6916023E+00
   4.2404799E+00  -8.1151305E-03   1.5085268E+00  -4.4580930E-01   1.5730432E+00
   4.2642498E+00  -1.2441180E-02   1.3508153E+00  -4.5819613E-01   1.4264643E+00
   4.2869091E+00  -1.3208921E-02   1.2101041E+00  -4.6805581E-01   1.2975372E+00
   4.3098211E+00  -1.4051042E-02   1.0770226E+00  -4.7794268E-01   1.1783905E+00
   4.3325543E+00  -1.5103212E-02   9.0425605E-01  -4.8685804E-01   1.0271016E+00
   4.3552642E+00  -1.6218564E-02   7.1633625E-01  -4.9409473E-01   8.7036216E-01
   4.3780770E+00  -1.9529710E-02   5.4273516E-01  -5.0051129E-01   7.3854887E-01
   4.4011097E+00  -2.0485835E-02   3.7637258E-01  -5.0556177E-01   6.3060975E-01
   4.4225173E+00  -2.3658274E-02   1.6700236E-01  -5.0881058E-01   5.3603888E-01
   4.4462862E+00  -2.4453569E-02   9.4393725E-03  -5.1131856E-01   5.1199001E-01
   4.4684167E+00  -2.4611147E-02  -1.7629170E-01  -5.1156849E-01   5.4165190E-01
   4.4911776E+00  -2.4926851E-02  -3.5617590E-01  -5.1065266E-01   6.2309611E-01
   4.5142913E+00  -2.6773719E-02  -5.3436822E-01  -5.0646651E-01   7.3673236E-01
   4.5364985E+00  -2.9032940E-02  -5.9545308E-01  -5.0459254E-01   7.8103840E-01
   4.5608950E+00  -2.7302027E-02  -8.5506946E-01  -4.9400601E-01   9.8789227E-01
   4.5821767E+00  -2.9122781E-02  -1.0062883E+00  -4.8719615E-01   1.1184026E+00
   4.6061773E+00  -3.0854696E-02  -1.1601305E+00  -4.7798184E-01   1.2551181E+00
   4.6277003E+00  -3.3613611E-02  -1.2692616E+00  -4.6612722E-01   1.3525641E+00
   4.6513839E+00  -3.1553775E-02  -1.4459584E+00  -4.5388445E-01   1.5158503E+00
   4.6727028E+00  -3.2836907E-02  -1.5611168E+00  -4.3853363E-01   1.6218741E+00
   4.6962438E+00  -3.2277711E-02  -1.6144590E+00  -4.2605507E-01   1.6700428E+00
   4.7202239E+00  -3.0575816E-02  -1.7067250E+00  -4.0992486E-01   1.7555294E+00
   4.7411542E+00  -2.9345402E-02  -1.7658843E+00  -3.9501297E-01   1.8097634E+00
   4.7642307E+00  -2.6347071E-02  -1.8321522E+00  -3.7577173E-01   1.8704760E+00
   4.7865810E+00  -2.3060346E-02  -1.8694110E+00  -3.5874510E-01   1.9036615E+00
   4.8109965E+00  -2.2345373E-02  -1.9144826E+00  -3.3937496E-01   1.9444582E+00
   4.8343124E+00  -2.0002741E-02  -1.9277548E+00  -3.2287863E-01   1.9547095E+00
   4.8548236E+00  -1.6030673E-02  -1.9439186E+00  -3.0818292E-01   1.9682615E+00
   4.8788757E+00  -1.3835129E-02  -1.9350717E+00  -2.9033512E-01   1.9567802E+00
   4.9008884E+00  -1.0778634E-02  -1.9248427E+00  -2.7561560E-01   1.9445050E+00
   4.9237471E+00  -8.1376433E-03  -1.9070766E+00  -2.6098779E-01   1.9248693E+00
   4.9481635E+00  -4.1800062E-03  -1.8793232E+00  -2.4723193E-01   1.8955202E+00
   4.9698982E+00  -2.0178703E-03  -1.8385108E+00  -2.3685825E-01   1.8537065E+00
   4.9939246E+00   7.1871647E-04  -1.8148403E+00  -2.2884119E-01   1.8292114E+00
   5.0163755E+00   1.7464907E-03  -1.7518140E+00  -2.1814455E-01   1.7653449E+00
   5.0380898E+00   4.4385088E-03  -1.7037088E+00  -2.1239702E-01   1.7169030E+00
   5.0612597E+00   5.8653625E-03  -1.6331961E+00  -2.0683059E-01   1.6462512E+00
   5.0841713E+00   8.3902562E-03  -1.5667403E+00  -2.0228267E-01   1.5797670E+00
   5.1067905E+00   9.4332127E-03  -1.4979888E+00  -1.9689974E-01   1.5109034E+00
   5.1303744E+00   1.1864381E-02  -1.4022647E+00  -1.9093157E-01   1.4152533E+00
   5.1533551E+00   1.3547135E-02  -1.3303581E+00  -1.8473201E-01   1.3431910E+00
   5.1754370E+00   1.7754836E-02  -1.2379787E+00  -1.8088724E-01   1.2512500E+00
   5.1989150E+00   1.6460929E-02  -1.1730957E+00  -1.7669342E-01   1.1864421E+00
   5.2205949E+00   1.7892901E-02  -1.0647379E+00  -1.6951887E-01   1.0782965E+00
   5.2445064E+00   2.1016613E-02  -9.7019732E-01  -1.6520591E-01   9.8438686E-01
   5.2673321E+00   2.1587029E-02  -8.9411205E-01  -1.6022666E-01   9.0861154E-01
   5.2897158E+00   2.3047196E-02  -8.1261241E-01  -1.5489663E-01   8.2756454E-01
   5.3118463E+00   2.1938633E-02  -7.2288263E-01  -1.5132433E-01   7.3887730E-01
   5.3358679E+00   2.2088155E-02  -6.0760146E-01  -1.4270005E-01   6.2452441E-01
   5.3582020E+00   2.3688318E-02  -5.2436042E-01  -1.3790505E-01   5.4270875E-01
   5.3809109E+00   2.4678268E-02  -4.3984485E-01  -1.3134243E-01   4.5969918E-01
   5.4042478E+00   2.2160752E-02  -3.2856783E-01  -1.2775192E-01   3.5322583E-01
   5.4259081E+00   2.1266626E-02  -2.9548630E-01  -1.2429205E-01   3.2126769E-01
   5.4487557E+00   1.8188898E-02  -2.2904494E-01  -1.2003140E-01   2.5922954E-01
   5.4718204E+00   1.8089788E-02  -6.4661741E-02  -1.1347780E-01   1.3185443E-01
   5.4946809E+00   1.8166788E-02  -1.2321902E-02  -1.1102645E-01   1.1317568E-01
   5.5175009E+00   1.6339399E-02   6.4358905E-02  -1.0747072E-01   1.2632893E-01
   5.5414057E+00   1.7185578E-02   2.0145951E-01  -1.0311426E-01   2.2696659E-01
   5.5647850E+00   1.7052216E-02   2.7191153E-01  -1.0141929E-01   2.9071039E-01
   5.5846872E+00   1.6256634E-02   3.2494983E-01  -9.9806048E-02   3.4032032E-01
   5.6083097E+00   1.4557867E-02   4.1771409E-01  -9.8334633E-02   4.2937943E-01
   5.6309080E+00   1.3604809E-02   4.7884318E-01  -9.8195903E-02   4.8899728E-01
   5.6545091E+00   1.2931372E-02   5.5901605E-01  -9.7899146E-02   5.6767106E-01
   5.6771612E+00   1.2621048E-02   6.4417523E-01  -9.8661505E-02   6.5180910E-01
   5.6996684E+00   1.0167507E-02   6.9580543E-01  -1.0041079E-01   7.0308667E-01
   5.7216582E+00   8.7033268E-03   7.6477009E-01  -1.0243071E-01   7.7164829E-01
   5.7458043E+00   6.1665187E-03   8.8236558E-01  -1.0661078E-01   8.8880420E-01
   5.7678990E+00   5.1051755E-03   9.2981327E-01  -1.0956389E-01   9.3626010E-01
   5.7913880E+00   5.6728902E-03   9.8174745E-01  -1.1346125E-01   9.8829836E-01
   5.8151059E+00   3.9015147E-03   1.0743420E+00  -1.1888806E-01   1.0809072E+00
   5.8365350E+00   2.8134508E-03   1.1236724E+00  -1.2386926E-01   1.1304827E+00
   5.8600841E+00   2.7123577E-04   1.1916598E+00  -1.2962630E-01   1.1986893E+00
   5.8817315E+00  -2.1541829E-03   1.2357153E+00  -1.3422659E-01   1.2429857E+00
   5.9063396E+00  -2.6834679E-03   1.3452489E+00  -1.4336206E-01   1.3528690E+00
   5.9277277E+00  -6.1340947E-03   1.3868473E+00  -1.4716451E-01   1.3946470E+00
   5.9506311E+00  -7.0749666E-03   1.4377890E+00  -1.5218735E-01   1.4458382E+00
   5.9745736E+00  -8.9559406E-03   1.4994837E+00  -1.5924764E-01   1.5079428E+00
   5.9957647E+00  -6.7925323E-03   1.5597887E+00  -1.6252239E-01   1.5682476E+00
   6.0200887E+00  -2.1451652E-02   1.6381305E+00  -1.7075281E-01   1.6471455E+00
   6.0425162E+00  -1.1804666E-02   1.6850890E+00  -1.6956979E-01   1.6936406E+00
   6.0643787E+00  -1.3742370E-02   1.7191181E+00  -1.7051473E-01   1.7276084E+00
   6.0865459E+00  -1.4220334E-02   1.7655398E+00  -1.7507869E-01   1.7742562E+00
   6.1115012E+00  -1.3648336E-02   1.8139638E+00  -1.7172585E-01   1.8221252E+00
   6.1341877E+00  -1.2395387E-02   1.8505796E+00  -1.6982508E-01   1.8583970E+00
   6.1563964E+00  -1.5035079E-02   1.8880843E+00  -1.7188448E-01   1.8959516E+00
   6.1782084E+00  -1.3416705E-02   1.9149029E+00  -1.7611057E-01   1.9230310E+00
   6.2019515E+00  -1.5540637E-02   1.9461251E+00  -1.8924412E-01   1.9553665E+00
   6.2247100E+00  -1.2752729E-02   1.9581900E+00  -1.9788127E-01   1.9682041E+00
   6.2481680E+00  -1.7432580E-02   1.9550341E+00  -2.0987181E-01   1.9663440E+00
   6.2690167E+00  -1.8550765E-02   1.9515851E+00  -2.2073269E-01   1.9641159E+00
   6.2939520E+00  -2.0197295E-02   1.9551284E+00  -2.3275238E-01   1.9690375E+00
   6.3146377E+00  -1.9690154E-02   1.9354972E+00  -2.4702498E-01   1.9512966E+00
   6.3375955E+00  -2.0152297E-02   1.8985343E+00  -2.6165465E-01   1.9165859E+00
   6.3601446E+00  -2.4034182E-02   1.8295127E+00  -2.7754125E-01   1.8506008E+00
   6.3841290E+00  -2.4657063E-02   1.7463062E+00  -2.9262209E-01   1.7708249E+00
   6.4075184E+00  -2.7195336E-02   1.7065873E+00  -3.0640107E-01   1.7340881E+00
   6.4304795E+00  -3.1839646E-02   1.5785981E+00  -3.2334065E-01   1.6116871E+00
   6.4531755E+00  -3.0621145E-02   1.4686931E+00  -3.3758599E-01   1.5073028E+00
   6.4757771E+00  -3.3994287E-02   1.3488387E+00  -3.5216078E-01   1.3944672E+00
   6.4983907E+00  -3.6637280E-02   1.2152942E+00  -3.6543700E-01   1.2695774E+00
   6.5211425E+00  -3.8398057E-02   1.1039842E+00  -3.7744910E-01   1.1673574E+00
   6.5441303E+00  -4.0581904E-02   9.3649948E-01  -3.8813663E-01   1.0145581E+00
   6.5671721E+00  -4.3787505E-02   7.7829075E-01  -3.9847642E-01   8.7546408E-01
   6.5901213E+00  -4.2853411E-02   6.4882123E-01  -4.0597078E-01   7.6656228E-01
   6.6128941E+00  -4.3167859E-02   5.1068318E-01  -4.1319093E-01   6.5832174E-01
   6.6355333E+00  -4.3863546E-02   3.3055338E-01  -4.1893935E-01   5.3544348E-01
   6.6583562E+00  -4.4140417E-02   2.7588861E-02  -4.2412141E-01   4.2730376E-01
   6.6795602E+00  -4.4536803E-02   9.4023894E-04  -4.2656028E-01   4.2888004E-01
   6.7035370E+00  -4.5503765E-02  -2.4263880E-01  -4.2865172E-01   4.9465793E-01
   6.7259569E+00  -4.5235131E-02  -3.1757203E-01  -4.2912865E-01   5.3577012E-01
   6.7490163E+00  -4.4072095E-02  -4.9914986E-01  -4.2801064E-01   6.5900379E-01
   6.7705116E+00  -4.4631802E-02  -6.6329300E-01  -4.2515573E-01   7.8911787E-01
   6.7955451E+00  -4.4185579E-02  -8.0141693E-01  -4.2166048E-01   9.0665263E-01
   6.8165903E+00  -4.3262377E-02  -9.6178496E-01  -4.1503638E-01   1.0484070E+00
   6.8413391E+00  -4.2158883E-02  -1.0900345E+00  -4.0858671E-01   1.1648587E+00
   6.8613691E+00  -4.0336307E-02  -1.2306044E+00  -4.0027159E-01   1.2946936E+00
   6.8849406E+00  -3.8318090E-02  -1.3549229E+00  -3.8803098E-01   1.4099122E+00
   6.9085321E+00  -3.6521047E-02  -1.4526464E+00  -3.7649789E-01   1.5010883E+00
   6.9315219E+00  -3.4935549E-02  -1.5639732E+00  -3.6204800E-01   1.6057121E+00
   6.9544415E+00  -3.1989668E-02  -1.7283286E+00  -3.4432721E-01   1.7625846E+00
   6.9768062E+00  -2.9965676E-02  -1.7731556E+00  -3.3123508E-01   1.8040774E+00
   7.0003405E+00  -2.8107485E-02  -1.8293896E+00  -3.1578285E-01   1.8566570E+00
   7.0237522E+00  -2.3855289E-02  -1.9007928E+00  -3.0214968E-01   1.9248058E+00
   7.0451112E+00  -2.0721328E-02  -1.9563239E+00  -2.8640449E-01   1.9772860E+00
   7.0676327E+00  -1.6403286E-02  -1.9948953E+00  -2.7131245E-01   2.0133274E+00
   7.0903692E+00  -1.4069655E-02  -2.0387509E+00  -2.5901410E-01   2.0551865E+00
   7.1145859E+00  -1.0593751E-02  -2.0655620E+00  -2.4553479E-01   2.0801313E+00
   7.1356354E+00  -7.2428756E-03  -2.0794587E+00  -2.3636608E-01   2.0928617E+00
   7.1595702E+00  -3.9690700E-03  -2.0931041E+00  -2.2554220E-01   2.1052244E+00
   7.1820569E+00  -8.2136021E-04  -2.1023817E+00  -2.1854520E-01   2.1137104E+00
   7.2050018E+00   4.7108233E-03  -2.0958083E+00  -2.0742632E-01   2.1060531E+00
   7.2275844E+00   1.1813925E-03  -2.0819061E+00  -1.9977611E-01   2.0914695E+00
   7.2498245E+00   1.2536325E-02  -2.0727358E+00  -1.8989234E-01   2.0814538E+00
   7.2731175E+00  -5.9479997E-03  -2.0460136E+00  -1.7967118E-01   2.0538962E+00
   7.2964373E+00  -7.7520276E-04  -2.0256331E+00  -1.7042893E-01   2.0327902E+00
   7.3185477E+00   1.2860865E-02  -1.9927781E+00  -1.5799738E-01   1.9990730E+00
   7.3414836E+00   1.7148951E-02  -1.9551800E+00  -1.4883579E-01   1.9609119E+00
   7.3641558E+00   2.0947365E-02  -1.9156708E+00  -1.3581315E-01   1.9205933E+00
   7.3876133E+00   2.1135680E-02  -1.8633248E+00  -1.2318390E-01   1.8675117E+00
   7.4105258E+00   2.5535351E-02  -1.8288866E+00  -1.1434377E-01   1.8326354E+00
   7.4330554E+00   2.7293034E-02  -1.7768320E+00  -1.0268889E-01   1.7800061E+00
   7.4554410E+00   2.8652569E-02  -1.7167659E+00  -9.1273546E-02   1.7194293E+00
   7.4781556E+00   3.0946236E-02  -1.6751108E+00  -8.0489106E-02   1.6773289E+00
   7.5020189E+00   3.1981319E-02  -1.6043454E+00  -6.9369331E-02   1.6061628E+00
   7.5242729E+00   3.5666268E-02  -1.5766522E+00  -6.1402574E-02   1.5782504E+00
   7.5473604E+00   3.7103634E-02  -1.5052305E+00  -5.1042069E-02   1.5065527E+00
   7.5688148E+00   3.8664248E-02  -1.3861310E+00  -4.0219761E-02   1.3872534E+00
   7.5919657E+00   4.0651534E-02  -1.3276676E+00  -3.1873882E-02   1.3286722E+00
   7.6150746E+00   4.1477218E-02  -1.1825176E+00  -2.0115573E-02   1.1834159E+00
   7.6382623E+00   3.9931100E-02  -1.1460971E+00  -1.5082909E-02   1.1468917E+00
   7.6615524E+00   3.9368849E-02  -1.0898793E+00  -7.1599577E-03   1.0906136E+00
   7.6826038E+00   4.0015273E-02  -1.0302088E+00  -1.7122816E-03   1.0309870E+00
   7.7060547E+00   3.9572850E-02  -9.4365770E-01   6.6119749E-03   9.4451022E-01
   7.7296581E+00   3.9259255E-02  -7.6066250E-01   1.6538372E-02   7.6185447E-01
   7.7510700E+00   3.9096851E-02  -6.9371420E-01   2.1297073E-02   6.9514138E-01
   7.7750492E+00   3.6552716E-02  -6.1536187E-01   2.6455397E-02   6.1701399E-01
   7.7969809E+00   3.5995580E-02  -5.4094315E-01   3.1969860E-02   5.4308122E-01
   7.8215728E+00   3.4023345E-02  -4.3833292E-01   3.7614234E-02   4.4125748E-01
   7.8426199E+00   3.2253187E-02  -3.4070379E-01   4.2825289E-02   3.4489614E-01
   7.8667603E+00   3.1307098E-02  -2.5198948E-01   4.6101131E-02   2.5807780E-01
   7.8891006E+00   3.2015894E-02  -1.5377854E-01   5.0323304E-02   1.6494027E-01
   7.9121199E+00   2.9908765E-02  -5.8944311E-02   5.2931316E-02   8.4679931E-02
   7.9350638E+00   2.7430290E-02   3.5156153E-02   5.5746056E-02   7.1386263E-02
   7.9564071E+00   2.6264837E-02   1.2385580E-01   5.9027079E-02   1.3969359E-01
   7.9810605E+00   2.3853485E-02   2.4091244E-01   6.1079979E-02   2.4967690E-01
   8.0033245E+00   2.3560707E-02   3.2187241E-01   6.2659413E-02   3.2876003E-01
   8.0258894E+00   2.3072278E-02   4.0237287E-01   6.3601859E-02   4.0802139E-01
   8.0488424E+00   2.2991698E-02   5.1578867E-01   6.3480005E-02   5.2018869E-01
   8.0714750E+00   2.1902636E-02   6.2480271E-01   6.1738566E-02   6.2822753E-01
   8.0934553E+00   2.1811852E-02   6.9500476E-01   5.8933731E-02   6.9783992E-01
   8.1175365E+00   2.0064624E-02   7.8200185E-01   5.6758109E-02   7.8431565E-01
   8.1392870E+00   1.9031046E-02   9.3792647E-01   5.2389685E-02   9.3958122E-01
   8.1618376E+00   2.3119625E-02   1.0102993E+00   4.8547920E-02   1.0117292E+00
   8.1845074E+00   1.7993176E-02   1.1149291E+00   4.2984985E-02   1.1159024E+00
   8.2085581E+00   1.3678787E-02   1.2200598E+00   3.7794106E-02   1.2207217E+00
   8.2310381E+00   1.1945097E-02   1.3066816E+00   3.1299870E-02   1.3071110E+00
   8.2538824E+00   1.0267408E-02   1.4074289E+00   2.2366978E-02   1.4076440E+00
   8.2766161E+00   1.0699934E-02   1.4544947E+00   1.6531328E-02   1.4546280E+00
   8.2987041E+00   1.5462721E-02   1.5612029E+00   6.5844059E-03   1.5612934E+00
   8.3217964E+00   1.0568772E-02   1.6611109E+00  -2.5771039E-03   1.6611465E+00
   8.3439865E+00   8.0100484E-03   1.7516328E+00  -1.6114727E-02   1.7517252E+00
   8.3680887E+00   5.2313744E-03   1.8364637E+00  -2.5551880E-02   1.8366488E+00
   8.3905144E+00   1.5401365E-03   1.9021682E+00  -4.0315375E-02   1.9025960E+00
   8.4136887E+00   1.9888616E-04   1.9742968E+00  -4.8375867E-02   1.9748894E+00
   8.4356050E+00  -4.4822432E-03   2.0479524E+00  -6.4931899E-02   2.0489864E+00
   8.4596329E+00  -9.3159322E-03   2.1273422E+00  -7.7894300E-02   2.1287882E+00
   8.4822521E+00  -1.0077123E-02   2.1810341E+00  -9.0209626E-02   2.1829221E+00
   8.5048161E+00  -1.4383692E-02   2.2186577E+00  -9.8246813E-02   2.2208784E+00
   8.5273447E+00  -2.6045574E-02   2.2807829E+00  -1.1343168E-01   2.2837503E+00
   8.5502186E+00  -1.7737012E-02   2.3309848E+00  -1.1698911E-01   2.3339863E+00
   8.5728083E+00  -1.5938839E-02   2.3606994E+00  -1.3063663E-01   2.3643651E+00
   8.5955725E+00  -2.9558055E-02   2.4052601E+00  -1.2040864E-01   2.4084535E+00
   8.6179876E+00  -1.9338097E-02   2.4019315E+00  -1.2124921E-01   2.4050677E+00
   8.6409054E+00  -1.7292179E-02   2.3788559E+00  -1.3213290E-01   2.3825855E+00
   8.6635561E+00  -1.4840584E-02   2.3922436E+00  -1.4175513E-01   2.3964858E+00
   8.6868992E+00  -1.7632242E-02   2.3367662E+00  -1.6356473E-01   2.3425500E+00
   8.7093897E+00  -2.1024968E-02   2.3023028E+00  -1.8700616E-01   2.3099809E+00
   8.7320404E+00  -2.1161908E-02   2.2113564E+00  -2.0474900E-01   2.2209158E+00
   8.7554007E+00  -2.1098353E-02   2.1331182E+00  -2.1593432E-01   2.1441236E+00
   8.7787590E+00  -2.1986529E-02   2.0207472E+00  -2.3168093E-01   2.0341039E+00
   8.8010864E+00  -2.4572829E-02   1.8887483E+00  -2.4892788E-01   1.9052399E+00
   8.8241110E+00  -2.4356309E-02   1.8128303E+00  -2.6444414E-01   1.8321785E+00
   8.8455801E+00  -2.9489813E-02   1.5993572E+00  -2.7964517E-01   1.6238889E+00
   8.8686724E+00  -3.2150488E-02   1.4232531E+00  -2.9509801E-01   1.4538795E+00
   8.8919697E+00  -3.2383844E-02   1.2624246E+00  -3.1137466E-01   1.3006608E+00
   8.9149275E+00  -3.5067096E-02   9.7696543E-01  -3.2904902E-01   1.0314865E+00
   8.9378242E+00  -3.2425750E-02   9.1826379E-01  -3.4011990E-01   9.7976601E-01
   8.9607096E+00  -3.3118919E-02   6.8390852E-01  -3.5200426E-01   7.6989263E-01
   8.9837103E+00  -3.3647906E-02   4.5269570E-01  -3.6147162E-01   5.8028209E-01
   9.0051508E+00  -3.5005081E-02   2.5453740E-01  -3.6875111E-01   4.4943520E-01
   9.0291624E+00  -3.8395889E-02   4.7502417E-02  -3.7374356E-01   3.7870169E-01
   9.0519142E+00  -4.3843549E-02  -1.7305487E-01  -3.7687689E-01   4.1702092E-01
   9.0754175E+00  -4.1106500E-02  -4.0085331E-01  -3.7717640E-01   5.5193764E-01
   9.0978508E+00  -4.0495913E-02  -5.7763541E-01  -3.7527063E-01   6.9002223E-01
   9.1211815E+00  -3.8836535E-02  -7.6896989E-01  -3.7168425E-01   8.5496908E-01
   9.1430111E+00  -3.6402281E-02  -9.2525184E-01  -3.6684227E-01   9.9598658E-01
   9.1656036E+00  -3.5062145E-02  -1.1088654E+00  -3.5898933E-01   1.1660554E+00
   9.1886539E+00  -3.3451762E-02  -1.3012730E+00  -3.4928563E-01   1.3477503E+00
   9.2100067E+00  -3.1559248E-02  -1.3746079E+00  -3.4078127E-01   1.4165715E+00
   9.2344894E+00  -3.0563291E-02  -1.5372781E+00  -3.2768464E-01   1.5721117E+00
   9.2568216E+00  -2.7025286E-02  -1.6299253E+00  -3.1495640E-01   1.6602964E+00
   9.2801256E+00  -2.3993179E-02  -1.7470331E+00  -3.0035245E-01   1.7728260E+00
   9.3015833E+00  -2.1531519E-02  -1.8239940E+00  -2.8806609E-01   1.8467268E+00
   9.3255558E+00  -1.7704872E-02  -1.8917340E+00  -2.7104887E-01   1.9111354E+00
   9.3474226E+00  -1.6654974E-02  -1.9498924E+00  -2.6067555E-01   1.9673102E+00
   9.3706217E+00  -1.4740429E-02  -1.9916266E+00  -2.4906053E-01   2.0071933E+00
   9.3934746E+00  -1.1233071E-02  -2.0147736E+00  -2.3979944E-01   2.0290251E+00
   9.4158335E+00  -1.1511653E-02  -2.0425084E+00  -2.3165745E-01   2.0556357E+00
   9.4393692E+00  -8.4488634E-03  -2.0459774E+00  -2.2056247E-01   2.0578489E+00
   9.4620018E+00  -7.5306464E-03  -2.0461593E+00  -2.1052676E-01   2.0569749E+00
   9.4843941E+00   1.9771173E-03  -2.0375617E+00  -1.9905120E-01   2.0472622E+00
   9.5081091E+00  -7.4290270E-03  -2.0129006E+00  -1.8912394E-01   2.0217793E+00
   9.5306988E+00  -4.8990054E-03  -1.9703801E+00  -1.7770542E-01   1.9783834E+00
   9.5536318E+00   3.4524691E-03  -1.9647489E+00  -1.6518316E-01   1.9716834E+00
   9.5760756E+00   4.6402039E-03  -1.9189869E+00  -1.5339161E-01   1.9251133E+00
   9.5989723E+00   4.0981695E-03  -1.8707551E+00  -1.4101759E-01   1.8760669E+00
   9.6213350E+00   8.2799941E-03  -1.8346637E+00  -1.2685351E-01   1.8390626E+00
   9.6443148E+00   9.3765715E-03  -1.7716637E+00  -1.1379489E-01   1.7753392E+00
   9.6674280E+00   1.3701989E-02  -1.7120912E+00  -1.0090870E-01   1.7151171E+00
   9.6895247E+00   1.6584355E-02  -1.6696545E+00  -8.8854589E-02   1.6720994E+00
   9.7138262E+00   1.8967949E-02  -1.6072091E+00  -7.5612232E-02   1.6090984E+00
   9.7358847E+00   2.0061975E-02  -1.5384432E+00  -6.4799421E-02   1.5399380E+00
   9.7585869E+00   2.2280870E-02  -1.4569108E+00  -5.3617679E-02   1.4580674E+00
   9.7811613E+00   2.5786417E-02  -1.3920141E+00  -4.1372392E-02   1.3928676E+00
   9.8039331E+00   2.7677353E-02  -1.3267241E+00  -3.1743154E-02   1.3273922E+00
   9.8275948E+00   2.8535020E-02  -1.2419453E+00  -2.1416323E-02   1.2424576E+00
   9.8504772E+00   2.9566852E-02  -1.1948860E+00  -1.2635057E-02   1.1953185E+00
   9.8727808E+00   3.2136738E-02  -1.0970982E+00  -1.9610969E-03   1.0975705E+00
   9.8941212E+00   3.0329512E-02  -1.0193783E+00   6.1404365E-03   1.0198479E+00
   9.9175692E+00   2.9394070E-02  -9.5202035E-01   1.4469809E-02   9.5258391E-01
   9.9417124E+00   3.0442510E-02  -8.3773023E-01   2.4350887E-02   8.3863682E-01
   9.9633884E+00   3.3374596E-02  -7.7910131E-01   3.1179847E-02   7.8043890E-01
   9.9875755E+00   3.1378139E-02  -6.6740555E-01   4.0404294E-02   6.6936332E-01
   1.0009093E+01   3.1001484E-02  -5.8716685E-01   4.6244793E-02   5.8980048E-01
   1.0032359E+01   3.1494275E-02  -4.9894443E-01   5.3326745E-02   5.0277346E-01
   1.0055456E+01   2.8239610E-02  -3.9386833E-01   5.8874894E-02   3.9924428E-01
   1.0078055E+01   2.9716073E-02  -3.1643993E-01   6.4925581E-02   3.2439575E-01
   1.0100005E+01   3.0671837E-02  -2.5228763E-01   6.8774387E-02   2.6328638E-01
   1.0123043E+01   2.9845802E-02  -1.5605621E-01   7.3031195E-02   1.7486529E-01
   1.0146667E+01   2.9999224E-02  -7.2085872E-02   7.6633453E-02   1.0940298E-01
   1.0168697E+01   2.8989650E-02   1.6991926E-02   7.9446852E-02   8.6260818E-02
   1.0191088E+01   2.7488705E-02   9.6269377E-02   8.0631815E-02   1.2854926E-01
   1.0214865E+01   2.6396610E-02   1.6826649E-01   8.3649687E-02   1.8975686E-01
   1.0235863E+01   2.4536353E-02   2.4979758E-01   8.5681036E-02   2.6522085E-01
   1.0259766E+01   2.3963293E-02   3.6184001E-01   8.8506550E-02   3.7327716E-01
   1.0282950E+01   2.4133032E-02   4.5550019E-01   8.7709039E-02   4.6449509E-01
   1.0305560E+01   2.2888079E-02   5.1661241E-01   9.1649644E-02   5.2517796E-01
   1.0327790E+01   2.1971678E-02   5.9641016E-01   8.8128738E-02   6.0328639E-01
   1.0351667E+01   2.0949077E-02   6.6968381E-01   8.7786406E-02   6.7573792E-01
   1.0373980E+01   1.8443814E-02   7.3815447E-01   8.6677089E-02   7.4345487E-01
   1.0396904E+01   2.2552565E-02   8.3319670E-01   8.6101331E-02   8.3793724E-01
   1.0419374E+01   1.5250413E-02   9.0511036E-01   8.1993073E-02   9.0894455E-01
   1.0442971E+01   1.5319558E-02   9.8335254E-01   7.9162762E-02   9.8665273E-01
   1.0464188E+01   1.7451964E-02   1.0404986E+00   7.6408416E-02   1.0434463E+00
   1.0488235E+01   1.1673769E-02   1.1089940E+00   7.2652377E-02   1.1114326E+00
   1.0511025E+01   1.0518081E-02   1.1808666E+00   6.8964168E-02   1.1829255E+00
   1.0532434E+01   9.7960858E-03   1.2373257E+00   6.4432338E-02   1.2390410E+00
   1.0555880E+01   1.0549485E-02   1.2928843E+00   5.9707664E-02   1.2943053E+00
   1.0579001E+01  -2.8743888E-03   1.3888516E+00   5.2241202E-02   1.3898368E+00
   1.0603287E+01   4.5960564E-03   1.4742966E+00   4.5135155E-02   1.4749945E+00
   1.0623274E+01   2.9066764E-03   1.5240433E+00   3.9557215E-02   1.5245594E+00
   1.0648228E+01   7.5159158E-04   1.6207162E+00   2.9921129E-02   1.6209925E+00
   1.0671419E+01  -4.2946552E-04   1.6867787E+00   2.1904614E-02   1.6869210E+00
   1.0693412E+01  -2.8474592E-03   1.7701225E+00   9.5597841E-03   1.7701505E+00
   1.0716657E+01  -4.1911397E-03   1.8320208E+00   1.4458082E-03   1.8320261E+00
   1.0738577E+01  -1.0374933E-02   1.9072309E+00  -9.4998330E-03   1.9072827E+00
   1.0760874E+01  -1.0902444E-02   1.9719121E+00  -1.9342294E-02   1.9720372E+00
   1.0784662E+01  -1.1254357E-02   2.0333519E+00  -3.4388673E-02   2.0336738E+00
   1.0806562E+01  -1.5270375E-02   2.0956967E+00  -4.4905432E-02   2.0962334E+00
   1.0830784E+01  -1.4391473E-02   2.1485422E+00  -5.8094215E-02   2.1493757E+00
   1.0853266E+01  -1.6841313E-02   2.2004220E+00  -6.9978282E-02   2.2015991E+00
   1.0876302E+01  -7.3463083E-03   2.2301946E+00  -8.2562305E-02   2.2317343E+00
   1.0898816E+01  -1.4250055E-02   2.2447059E+00  -8.9485444E-02   2.2465341E+00
   1.0921852E+01  -2.0363474E-02   2.3102999E+00  -1.0590716E-01   2.3128157E+00
   1.0944386E+01  -1.6061611E-02   2.3364978E+00  -1.1639228E-01   2.3394501E+00
   1.0966936E+01  -1.5093720E-02   2.3290076E+00  -1.2102784E-01   2.3321989E+00
   1.0989021E+01  -2.0701824E-02   2.3328888E+00  -1.2821330E-01   2.3365011E+00
   1.1012362E+01  -1.3959037E-02   2.2634938E+00  -1.4386278E-01   2.2681038E+00
   1.1035441E+01  -1.5446221E-02   2.3004072E+00  -1.4331457E-01   2.3049188E+00
   1.1058270E+01  -1.6625172E-02   2.2295020E+00  -1.5702094E-01   2.2350862E+00
   1.1080232E+01  -2.1027725E-02   2.1602361E+00  -1.7374073E-01   2.1673136E+00
   1.1103612E+01  -2.6224053E-02   2.0473683E+00  -1.9100709E-01   2.0564260E+00
   1.1126004E+01  -3.0113649E-02   1.9476116E+00  -2.0853117E-01   1.9589750E+00
   1.1149105E+01  -3.1198883E-02   1.8160452E+00  -2.2001311E-01   1.8295900E+00
   1.1171864E+01  -2.8952122E-02   1.6679046E+00  -2.3243512E-01   1.6842715E+00
   1.1195442E+01  -3.1699982E-02   1.4958898E+00  -2.4785954E-01   1.5166165E+00
   1.1216927E+01  -3.5865281E-02   1.3067290E+00  -2.5835398E-01   1.3325065E+00
   1.1240506E+01  -3.8267668E-02   1.1077440E+00  -2.7390337E-01   1.1417460E+00
   1.1262619E+01  -3.9715037E-02   9.5432585E-01  -2.8535426E-01   9.9686617E-01
   1.1285417E+01  -3.8193736E-02   6.8737650E-01  -2.9769018E-01   7.5004309E-01
   1.1308283E+01  -3.7235178E-02   4.6825415E-01  -3.0742338E-01   5.6138897E-01
   1.1331516E+01  -4.0456828E-02   2.4365801E-01  -3.1525856E-01   4.0049213E-01
   1.1353498E+01  -3.9070491E-02   4.1416384E-02  -3.2162705E-01   3.2662788E-01
   1.1377793E+01  -4.1595109E-02  -1.8915337E-01  -3.2596430E-01   3.7915942E-01
   1.1399979E+01  -4.2997018E-02  -4.2278665E-01  -3.2643324E-01   5.3586936E-01
   1.1423338E+01  -4.1255709E-02  -6.2445545E-01  -3.2497528E-01   7.0516354E-01
   1.1444861E+01  -4.0595129E-02  -8.1638193E-01  -3.2245827E-01   8.7869602E-01
   1.1467801E+01  -4.2813301E-02  -1.0056413E+00  -3.1761420E-01   1.0554744E+00
   1.1490979E+01  -4.0657118E-02  -1.1963291E+00  -3.0990279E-01   1.2364854E+00
   1.1513775E+01  -3.8036987E-02  -1.3691598E+00  -3.0047756E-01   1.4022597E+00
   1.1537212E+01  -3.4937270E-02  -1.5312269E+00  -2.8988200E-01   1.5588162E+00
   1.1559954E+01  -3.1426236E-02  -1.5949024E+00  -2.8358361E-01   1.6202224E+00
   1.1583069E+01  -2.8390065E-02  -1.7707580E+00  -2.6532757E-01   1.7907509E+00
   1.1604680E+01  -2.4971500E-02  -1.8655568E+00  -2.5886345E-01   1.8835965E+00
   1.1628303E+01  -2.0674702E-02  -1.9626384E+00  -2.4399889E-01   1.9778554E+00
   1.1651263E+01  -1.6274471E-02  -1.9849253E+00  -2.4026407E-01   1.9994799E+00
   1.1673033E+01  -1.8389931E-02  -2.0558996E+00  -2.2164850E-01   2.0678949E+00
   1.1696172E+01  -1.4233614E-02  -2.0970261E+00  -2.0996815E-01   2.1075594E+00
   1.1719659E+01   7.0408836E-04  -2.1297839E+00  -1.9513972E-01   2.1387050E+00
   1.1741633E+01  -1.5169057E-02  -2.1535451E+00  -1.8000536E-01   2.1611083E+00
   1.1764659E+01  -9.2051774E-03  -2.1289194E+00  -1.6522644E-01   2.1353414E+00
   1.1787197E+01  -4.7704517E-03  -2.1088085E+00  -1.4855486E-01   2.1140399E+00
   1.1810739E+01  -1.6013808E-03  -2.0728014E+00  -1.2921622E-01   2.0768256E+00
   1.1833467E+01   1.9239230E-03  -2.0530672E+00  -1.1322185E-01   2.0561876E+00
   1.1855603E+01   3.8838966E-03  -2.0140851E+00  -9.3080267E-02   2.0162385E+00
   1.1877900E+01   5.1842448E-03  -1.9795996E+00  -7.6282278E-02   1.9810756E+00
   1.1902328E+01   9.6671060E-03  -1.8695095E+00  -5.4030690E-02   1.8703151E+00
   1.1924370E+01   7.7391746E-03  -1.8381137E+00  -3.9163508E-02   1.8385471E+00
   1.1946611E+01   8.5358191E-03  -1.7748852E+00  -2.5336318E-02   1.7750865E+00
   1.1970413E+01   1.0965007E-02  -1.7203391E+00  -8.0197472E-03   1.7203927E+00
   1.1992955E+01   1.3303962E-02  -1.6265657E+00   6.3545983E-03   1.6266326E+00
   1.2016208E+01   1.4924286E-02  -1.5639884E+00   1.9892357E-02   1.5641862E+00
   1.2037156E+01   1.6014252E-02  -1.4725102E+00   3.2278560E-02   1.4729511E+00
   1.2060727E+01   1.5887585E-02  -1.3705016E+00   4.2664424E-02   1.3712575E+00
   1.2083028E+01   1.5797719E-02  -1.2428229E+00   5.7291687E-02   1.2442430E+00
   1.2107031E+01   1.8008783E-02  -1.1902366E+00   6.4507753E-02   1.1921194E+00
   1.2128659E+01   1.9367211E-02  -1.0969889E+00   7.4124478E-02   1.0996610E+00
   1.2152830E+01   2.3050070E-02  -9.3729377E-01   8.4671073E-02   9.4139266E-01
   1.2175920E+01   2.3073155E-02  -7.9981786E-01   9.4554424E-02   8.0571800E-01
   1.2197983E+01   2.6394969E-02  -7.7504611E-01   9.8404184E-02   7.8171384E-01
   1.2220679E+01   2.3638381E-02  -5.8097041E-01   1.0536046E-01   5.9091985E-01
   1.2244892E+01   2.3413189E-02  -5.9030426E-01   1.0861193E-01   6.0066950E-01
   1.2267372E+01   1.0931484E-02  -4.1258204E-01   1.1466651E-01   4.2835948E-01
   1.2290009E+01   2.7212109E-02  -3.1846383E-01   1.1819257E-01   3.4077734E-01
   1.2311850E+01   2.2532795E-02  -2.3509370E-01   1.2166184E-01   2.6566592E-01
   1.2335134E+01   2.3445187E-02  -1.4316440E-01   1.2540762E-01   1.9176233E-01
   1.2357785E+01   2.2295868E-02  -5.0098572E-02   1.2850600E-01   1.3971673E-01
   1.2380915E+01   2.1735240E-02   3.0744679E-02   1.3046008E-01   1.3578472E-01
   1.2403589E+01   2.0471942E-02   1.0529923E-01   1.3389739E-01   1.7156789E-01
   1.2425216E+01   1.9711658E-02   1.8748763E-01   1.3589269E-01   2.3239404E-01
   1.2447574E+01   1.8272687E-02   2.6039809E-01   1.3733312E-01   2.9496008E-01
   1.2472742E+01   1.7710656E-02   3.6668265E-01   1.3820599E-01   3.9226359E-01
   1.2494416E+01   1.7843898E-02   3.7308553E-01   1.3829154E-01   3.9829108E-01
   1.2517952E+01   1.6316086E-02   4.7808486E-01   1.3995674E-01   4.9841675E-01
   1.2540068E+01   1.6211431E-02   5.1984203E-01   1.4005359E-01   5.3862190E-01
   1.2562235E+01   1.5374403E-02   5.8240914E-01   1.3995057E-01   5.9918523E-01
   1.2586449E+01   1.5239798E-02   6.2272781E-01   1.3975626E-01   6.3839954E-01
   1.2609034E+01   1.3366092E-02   6.6196394E-01   1.3866177E-01   6.7646289E-01
   1.2630414E+01   1.1133854E-02   7.1469146E-01   1.3724925E-01   7.2783601E-01
   1.2654269E+01   1.0923407E-02   7.5540012E-01   1.3538732E-01   7.6751441E-01
   1.2677051E+01   9.6515249E-03   8.0622524E-01   1.3351209E-01   8.1726241E-01
   1.2700092E+01   7.6789544E-03   8.4730917E-01   1.3113201E-01   8.5743070E-01
   1.2722171E+01   7.6952204E-03   8.9704096E-01   1.2863067E-01   9.0624917E-01
   1.2746460E+01   5.8053816E-03   9.5057690E-01   1.2625515E-01   9.5894241E-01
   1.2766489E+01   5.9759538E-03   9.9383938E-01   1.2428857E-01   1.0015987E+00
   1.2792029E+01   4.3344614E-03   1.0631412E+00   1.2071151E-01   1.0699810E+00
   1.2812424E+01   4.4964254E-03   1.1062481E+00   1.1789113E-01   1.1125212E+00
   1.2837878E+01   1.1735206E-03   1.1883619E+00   1.1366913E-01   1.1937865E+00
   1.2859765E+01  -1.5310966E-03   1.2449895E+00   1.0904643E-01   1.2497569E+00
   1.2883281E+01  -5.0211865E-03   1.3330581E+00   1.0471784E-01   1.3371743E+00
   1.2905066E+01  -3.6857373E-03   1.4060850E+00   1.0033596E-01   1.4096651E+00
   1.2927857E+01  -8.8858036E-03   1.4842974E+00   9.2203014E-02   1.4871850E+00
   1.2951685E+01  -6.3831965E-03   1.5550193E+00   8.9255348E-02   1.5575918E+00
   1.2974308E+01  -8.6619630E-03   1.6243076E+00   8.1716552E-02   1.6263850E+00
   1.2995092E+01  -9.3628811E-03   1.6959053E+00   7.4032530E-02   1.6975462E+00
   1.3018167E+01  -1.4837932E-02   1.8093843E+00   6.3360177E-02   1.8105541E+00
   1.3042673E+01  -1.0425163E-02   1.8965679E+00   5.2879505E-02   1.8973336E+00
   1.3063530E+01  -1.3492831E-02   1.9749382E+00   4.2271834E-02   1.9754367E+00
   1.3088193E+01  -1.7369492E-02   2.0865662E+00   2.7193526E-02   2.0868156E+00
   1.3110196E+01  -1.9119790E-02   2.1636434E+00   1.4021096E-02   2.1637733E+00
   1.3133587E+01  -1.7472187E-02   2.2442186E+00  -5.2015232E-03   2.2442927E+00
   1.3156549E+01  -1.5055941E-02   2.2863669E+00  -1.6806230E-02   2.2864783E+00
   1.3179188E+01  -1.6688561E-02   2.3624907E+00  -3.2905307E-02   2.3627787E+00
   1.3202182E+01  -1.5919201E-02   2.3932288E+00  -4.9989425E-02   2.3938038E+00
   1.3224291E+01  -1.6396087E-02   2.4152427E+00  -6.6627391E-02   2.4162171E+00
   1.3246137E+01  -2.2162318E-02   2.4316719E+00  -8.4012717E-02   2.4332237E+00
   1.3269814E+01  -1.6553786E-02   2.4222722E+00  -9.9056073E-02   2.4243534E+00
   1.3291972E+01  -1.8763514E-02   2.4145374E+00  -1.1252470E-01   2.4172308E+00
   1.3315084E+01  -2.3057109E-02   2.3494334E+00  -1.2471425E-01   2.3528543E+00
   1.3337619E+01  -2.5581613E-02   2.2869709E+00  -1.3774873E-01   2.2912583E+00
   1.3361325E+01  -2.4916261E-02   2.2112787E+00  -1.5242544E-01   2.2166657E+00
   1.3383816E+01  -3.0661540E-02   2.1087766E+00  -1.5884742E-01   2.1149731E+00
   1.3407018E+01  -3.1686489E-02   1.9682246E+00  -1.7282149E-01   1.9760516E+00
   1.3429235E+01  -3.2413851E-02   1.8610471E+00  -1.8947743E-01   1.8709486E+00
   1.3451518E+01  -3.6786262E-02   1.6994274E+00  -2.0375085E-01   1.7119932E+00
   1.3475560E+01  -4.0599991E-02   1.4917877E+00  -2.1557140E-01   1.5078294E+00
   1.3498268E+01  -4.5132101E-02   1.3059473E+00  -2.2699334E-01   1.3262961E+00
   1.3520388E+01  -4.3229096E-02   1.1230639E+00  -2.3419170E-01   1.1480361E+00
   1.3543689E+01  -4.5681357E-02   9.3597698E-01  -2.4275273E-01   9.6802306E-01
   1.3566467E+01  -4.7181029E-02   7.4520105E-01  -2.4890272E-01   7.8708529E-01
   1.3588427E+01  -4.8190441E-02   4.8408771E-01  -2.5433666E-01   5.4895389E-01
   1.3611942E+01  -4.9775068E-02   3.1483048E-01  -2.5930539E-01   4.1089544E-01
   1.3633997E+01  -4.4320177E-02   1.1431017E-01  -2.6266250E-01   2.8986669E-01
   1.3656609E+01  -4.4964891E-02  -9.1476433E-02  -2.6436052E-01   2.8333065E-01
   1.3680120E+01  -4.1021321E-02  -3.2451865E-01  -2.6568347E-01   4.2140573E-01
   1.3703180E+01  -4.4146813E-02  -5.5065995E-01  -2.6471496E-01   6.1257601E-01
   1.3725666E+01  -4.6462253E-02  -7.0690686E-01  -2.6504597E-01   7.5638968E-01
   1.3748652E+01  -4.3174133E-02  -8.8829470E-01  -2.6334742E-01   9.2751461E-01
   1.3770801E+01  -4.1187171E-02  -1.0790961E+00  -2.5726405E-01   1.1101034E+00
   1.3793633E+01  -4.1369475E-02  -1.2264154E+00  -2.4993370E-01   1.2523071E+00
   1.3817204E+01  -3.1625677E-02  -1.3859308E+00  -2.4134308E-01   1.4071428E+00
   1.3839066E+01  -3.1720258E-02  -1.5528383E+00  -2.3239788E-01   1.5704528E+00
   1.3862673E+01  -3.0839620E-02  -1.6798581E+00  -2.2525176E-01   1.6951733E+00
   1.3885076E+01  -2.7003080E-02  -1.8349802E+00  -2.0909296E-01   1.8470522E+00
   1.3908122E+01  -2.4118343E-02  -1.9398842E+00  -2.0025876E-01   1.9503425E+00
   1.3930502E+01  -2.7300349E-02  -2.0206945E+00  -1.8629152E-01   2.0294471E+00
   1.3954102E+01  -2.3553068E-02  -2.1086712E+00  -1.6825053E-01   2.1155040E+00
   1.3976248E+01  -2.3787541E-02  -2.1524794E+00  -1.5426831E-01   2.1581316E+00
   1.3999696E+01  -1.8094266E-02  -2.1951036E+00  -1.3307503E-01   2.1992083E+00
   1.4022070E+01  -1.0272887E-02  -2.2357841E+00  -1.1471117E-01   2.2387483E+00
   1.4044708E+01  -1.7664526E-02  -2.2534461E+00  -9.3257241E-02   2.2554443E+00
   1.4067352E+01  -1.3663077E-02  -2.2570357E+00  -7.3278360E-02   2.2582664E+00
   1.4090890E+01  -1.0144950E-02  -2.2613232E+00  -5.4833807E-02   2.2620106E+00
   1.4112789E+01  -5.1242933E-03  -2.2547457E+00  -3.2165624E-02   2.2549808E+00
   1.4136477E+01  -2.7205021E-04  -2.2543986E+00  -1.2744035E-02   2.2544348E+00
   1.4158649E+01  -3.3525438E-03  -2.2169740E+00   7.4552656E-03   2.2169890E+00
   1.4181538E+01   7.4720993E-03  -2.1640580E+00   2.7782366E-02   2.1642492E+00
   1.4204228E+01   6.1063003E-03  -2.1170149E+00   4.4638965E-02   2.1174943E+00
   1.4227921E+01   9.3720332E-03  -2.0534103E+00   6.1161641E-02   2.0543423E+00
   1.4250651E+01   9.7349240E-03  -1.9843103E+00   7.5182810E-02   1.9857579E+00
   1.4272996E+01   1.1955377E-02  -1.9174179E+00   8.5250713E-02   1.9193494E+00
   1.4295280E+01   1.3133612E-02  -1.8519225E+00   9.4548501E-02   1.8543811E+00
   1.4317718E+01   1.4837102E-02  -1.7727385E+00   1.0201607E-01   1.7757334E+00
   1.4341817E+01   1.7746897E-02  -1.6558045E+00   1.1180460E-01   1.6596698E+00
   1.4364808E+01   1.7537989E-02  -1.5803760E+00   1.1860254E-01   1.5849172E+00
   1.4386165E+01   1.9313131E-02  -1.4378152E+00   1.2404468E-01   1.4432853E+00
   1.4409760E+01   1.9222209E-02  -1.3187914E+00   1.2895314E-01   1.3252203E+00
   1.4432407E+01   2.0810694E-02  -1.2090366E+00   1.3279751E-01   1.2164859E+00
   1.4455350E+01   2.6179941E-02  -1.0445288E+00   1.3748150E-01   1.0538629E+00
   1.4477209E+01   2.1676593E-02  -9.7952455E-01   1.3881531E-01   9.8954934E-01
   1.4500708E+01   2.1461572E-02  -8.7261903E-01   1.3978618E-01   8.8400495E-01
   1.4523334E+01   2.2916883E-02  -7.5968552E-01   1.4174269E-01   7.7313536E-01
   1.4546056E+01   2.1511808E-02  -6.5556437E-01   1.4423034E-01   6.7158753E-01
   1.4568983E+01   2.2391092E-02  -5.3889167E-01   1.4450473E-01   5.5837911E-01
   1.4591393E+01   2.3014352E-02  -4.4940296E-01   1.4614125E-01   4.7312784E-01
   1.4614143E+01   2.8644009E-02  -3.6290479E-01   1.4499959E-01   3.9184847E-01
   1.4637772E+01   2.1375339E-02  -2.4714322E-01   1.4708504E-01   2.8839329E-01
   1.4660193E+01   2.3782849E-02  -1.6985001E-01   1.4891455E-01   2.2713473E-01
   1.4682641E+01   2.7172916E-02  -6.0977206E-02   1.5026690E-01   1.6442849E-01
   1.4705299E+01   2.7256804E-02  -4.8570576E-04   1.5135361E-01   1.5378910E-01
   1.4728743E+01   2.5364105E-02   8.2076773E-02   1.5271647E-01   1.7522059E-01
   1.4751902E+01   3.2555182E-02   1.5962334E-01   1.5170103E-01   2.2260426E-01
   1.4774059E+01   2.8114382E-02   2.4980767E-01   1.5432985E-01   2.9497796E-01
   1.4797369E+01   3.0738294E-02   3.3033946E-01   1.5418246E-01   3.6584318E-01
   1.4819597E+01   3.0701118E-02   3.7994149E-01   1.5487929E-01   4.1144344E-01
   1.4842396E+01   2.4954755E-02   4.5854169E-01   1.5581435E-01   4.8493436E-01
   1.4865411E+01   1.9217689E-02   5.3325754E-01   1.5587856E-01   5.5590558E-01
   1.4888051E+01   1.7320689E-02   5.8910561E-01   1.5627754E-01   6.0972786E-01
   1.4911236E+01   1.2158428E-02   6.3871843E-01   1.5698744E-01   6.5784049E-01
   1.4934627E+01   8.9896442E-03   7.4998647E-01   1.5724409E-01   7.6634604E-01
   1.4956937E+01   8.2369018E-03   7.7921313E-01   1.6027090E-01   7.9556757E-01
   1.4979539E+01   4.9166167E-03   8.3794546E-01   1.5888280E-01   8.5288948E-01
   1.5002561E+01   4.4396240E-03   8.7763375E-01   1.5969515E-01   8.9205563E-01
   1.5025258E+01   3.4735519E-03   9.4495326E-01   1.5867567E-01   9.5818925E-01
   1.5047814E+01   4.8574614E-03   9.9783480E-01   1.5467478E-01   1.0097634E+00
   1.5071043E+01   3.5795458E-03   1.0535856E+00   1.5924016E-01   1.0655576E+00
   1.5092839E+01   1.0689361E-03   1.0932169E+00   1.6072023E-01   1.1049685E+00
   1.5116738E+01  -5.8603863E-04   1.1534659E+00   1.6054194E-01   1.1645846E+00
   1.5138446E+01  -4.1668690E-03   1.2246733E+00   1.6046850E-01   1.2351487E+00
   1.5162046E+01  -8.5791415E-03   1.2946888E+00   1.5934953E-01   1.3044865E+00
   1.5184305E+01  -1.3380336E-02   1.3480710E+00   1.5693708E-01   1.3572412E+00
   1.5207579E+01  -1.3386154E-02   1.4227352E+00   1.5796655E-01   1.4315405E+00
   1.5229759E+01  -1.2636563E-02   1.4865241E+00   1.5186536E-01   1.4943148E+00
   1.5252817E+01  -1.2788502E-02   1.5745146E+00   1.4390767E-01   1.5811291E+00
   1.5276149E+01  -8.9082951E-03   1.7178286E+00   1.3810465E-01   1.7233942E+00
   1.5299459E+01  -1.9073604E-03   1.7225833E+00   1.3696019E-01   1.7280205E+00
   1.5322386E+01  -3.9360034E-03   1.8070102E+00   1.3213927E-01   1.8118393E+00
   1.5344408E+01  -7.7161314E-03   1.8897095E+00   1.2585944E-01   1.8939118E+00
   1.5367249E+01  -1.1803015E-02   1.9857881E+00   1.1709689E-01   1.9892726E+00
   1.5389525E+01  -2.0877922E-02   2.0613081E+00   1.0399103E-01   2.0640352E+00
   1.5412421E+01  -2.2844369E-02   2.1335814E+00   9.2843875E-02   2.1357229E+00
   1.5435690E+01  -2.4969393E-02   2.2049639E+00   7.7833071E-02   2.2064786E+00
   1.5458611E+01  -2.3944195E-02   2.2619770E+00   6.0200512E-02   2.2629044E+00
   1.5481239E+01  -1.8965794E-02   2.2960672E+00   4.2334497E-02   2.2965357E+00
   1.5503560E+01  -1.7606193E-02   2.3518114E+00   2.6444497E-02   2.3520260E+00
   1.5526093E+01  -1.4450466E-02   2.3500142E+00   5.0313408E-03   2.3500640E+00
   1.5549863E+01  -1.2966818E-02   2.3358848E+00  -1.7486060E-02   2.3359864E+00
   1.5573011E+01  -2.1530798E-02   2.3359358E+00  -3.6670249E-02   2.3363230E+00
   1.5595046E+01  -2.2358835E-02   2.3195069E+00  -5.7367392E-02   2.3203237E+00
   1.5617395E+01  -2.0319810E-02   2.2374120E+00  -7.4472286E-02   2.2387433E+00
   1.5641038E+01  -2.2795791E-02   2.1661994E+00  -9.2433192E-02   2.1682906E+00
   1.5663373E+01  -2.6487166E-02   2.0500619E+00  -1.0888010E-01   2.0531220E+00
   1.5686876E+01  -3.1136429E-02   1.8708943E+00  -1.2491316E-01   1.8753182E+00
   1.5708996E+01  -3.1841822E-02   1.8605160E+00  -1.3703063E-01   1.8658272E+00
   1.5732173E+01  -2.7463917E-02   1.6363609E+00  -1.5341695E-01   1.6437664E+00
   1.5755307E+01  -2.6899515E-02   1.4833174E+00  -1.6365349E-01   1.4925604E+00
   1.5777967E+01  -3.3536110E-02   1.2899560E+00  -1.7802329E-01   1.3026140E+00
   1.5801009E+01  -3.4490697E-02   1.0880618E+00  -1.8624592E-01   1.1044255E+00
   1.5823321E+01  -3.7129894E-02   9.2995900E-01  -1.9655617E-01   9.5122904E-01
   1.5845675E+01  -4.6707951E-02   6.9622296E-01  -2.0264772E-01   7.2661829E-01
   1.5868845E+01  -4.8881467E-02   4.8704943E-01  -2.1111089E-01   5.3308010E-01
   1.5891344E+01  -4.9099661E-02   2.5376350E-01  -2.1455742E-01   3.3591899E-01
   1.5914326E+01  -5.2873004E-02   1.2562841E-01  -2.1773745E-01   2.5688061E-01
   1.5937409E+01  -5.0587352E-02  -5.1657610E-02  -2.1790175E-01   2.2958389E-01
   1.5959592E+01  -5.2845154E-02  -2.3122987E-01  -2.1934476E-01   3.2306653E-01
   1.5983214E+01  -4.6962745E-02  -5.1699734E-01  -2.1813807E-01   5.6309497E-01
   1.6005219E+01  -5.2735317E-02  -6.2850499E-01  -2.1677947E-01   6.6692793E-01
   1.6029058E+01  -4.6535362E-02  -8.2864475E-01  -2.1384156E-01   8.5705656E-01
   1.6051392E+01  -4.4524338E-02  -9.9472380E-01  -2.1040079E-01   1.0177064E+00
   1.6074318E+01  -3.9804183E-02  -1.1775352E+00  -2.0266587E-01   1.1955111E+00
   1.6097149E+01  -3.6417831E-02  -1.3390212E+00  -1.9661336E-01   1.3538688E+00
   1.6119118E+01  -3.6739022E-02  -1.4876624E+00  -1.8668121E-01   1.4997797E+00
   1.6142965E+01  -3.1109534E-02  -1.6088723E+00  -1.7478371E-01   1.6186374E+00
   1.6164749E+01  -2.8256748E-02  -1.7474148E+00  -1.6198307E-01   1.7551340E+00
   1.6187763E+01  -2.5733287E-02  -1.8801101E+00  -1.4555570E-01   1.8859116E+00
   1.6210978E+01  -2.2655079E-02  -2.0013745E+00  -1.2752610E-01   2.0055614E+00
   1.6233627E+01  -1.8609505E-02  -2.0629101E+00  -1.1168119E-01   2.0660148E+00
   1.6256613E+01  -1.1555527E-02  -2.1266270E+00  -9.1855511E-02   2.1286411E+00
   1.6279516E+01  -1.6136874E-02  -2.2115028E+00  -6.8070941E-02   2.2126091E+00
   1.6301941E+01  -1.1277025E-02  -2.2284091E+00  -4.7557257E-02   2.2289450E+00
   1.6325214E+01  -1.1179823E-02  -2.2648993E+00  -2.2697074E-02   2.2650406E+00
   1.6348019E+01  -5.7722409E-03  -2.2795668E+00  -1.6356972E-03   2.2795749E+00
   1.6370378E+01  -1.5444460E-03  -2.2806921E+00   1.8830661E-02   2.2807705E+00
   1.6393242E+01  -1.0779931E-03  -2.2748451E+00   4.0642522E-02   2.2752082E+00
   1.6416111E+01   1.2182002E-03  -2.2590804E+00   6.1275285E-02   2.2599118E+00
   1.6439018E+01   1.8366596E-03  -2.2282455E+00   7.7103376E-02   2.2295797E+00
   1.6462082E+01   1.4745799E-03  -2.2029541E+00   9.3887351E-02   2.2049544E+00
   1.6484291E+01   5.8898302E-03  -2.1364610E+00   1.0803076E-01   2.1391988E+00
   1.6507462E+01   1.0407957E-02  -2.0881565E+00   1.2130996E-01   2.0917032E+00
   1.6529667E+01   1.5936024E-02  -2.0205085E+00   1.3157442E-01   2.0248508E+00
   1.6552839E+01   1.7130336E-02  -1.9647775E+00   1.4057320E-01   1.9698743E+00
   1.6576422E+01   2.0124057E-02  -1.8932489E+00   1.4767456E-01   1.8991061E+00
   1.6598812E+01   2.2649866E-02  -1.8051636E+00   1.5264213E-01   1.8117473E+00
   1.6621058E+01   1.8380241E-02  -1.7219652E+00   1.5669835E-01   1.7291780E+00
   1.6643557E+01   2.4359494E-02  -1.5228790E+00   1.6148800E-01   1.5316110E+00
   1.6667164E+01   2.6057668E-02  -1.4152718E+00   1.6308211E-01   1.4248750E+00
   1.6689432E+01   2.6581470E-02  -1.4668306E+00   1.6383818E-01   1.4761915E+00
   1.6712616E+01   2.6116727E-02  -1.3457707E+00   1.6844141E-01   1.3565226E+00
   1.6734997E+01   1.9390550E-02  -1.2439854E+00   1.6850735E-01   1.2554960E+00
   1.6757627E+01   2.3396114E-02  -1.1522956E+00   1.7345908E-01   1.1655130E+00
   1.6780575E+01   2.2876130E-02  -1.0574688E+00   1.7549802E-01   1.0721768E+00
   1.6803642E+01   2.1579992E-02  -9.4255978E-01   1.7868608E-01   9.5959020E-01
   1.6826525E+01   1.9424401E-02  -8.5886240E-01   1.8007666E-01   8.7775254E-01
   1.6849466E+01   1.7595701E-02  -7.3130602E-01   1.8396090E-01   7.5429416E-01
   1.6871710E+01   2.6939027E-02  -6.1880583E-01   1.8637902E-01   6.4682573E-01
   1.6894634E+01   2.2256166E-02  -6.9722700E-01   1.7944469E-01   7.2029245E-01
   1.6917637E+01   2.7455512E-02  -3.9821872E-01   1.8853892E-01   4.4145089E-01
   1.6940165E+01   2.3649283E-02  -2.6642141E-01   1.9512893E-01   3.3108148E-01
   1.6963480E+01   2.6839852E-02  -2.4710090E-01   1.9667979E-01   3.1695768E-01
   1.6985905E+01   2.3655113E-02  -1.2735212E-01   1.9892228E-01   2.3737775E-01
   1.7009254E+01   1.9703221E-02  -5.6016158E-02   2.0331760E-01   2.1181141E-01
   1.7031204E+01   1.8560780E-02   9.2855141E-02   2.0425574E-01   2.2513771E-01
   1.7053978E+01   1.7171407E-02   1.2885128E-01   2.0500611E-01   2.4274474E-01
   1.7077932E+01   1.5717238E-02   2.0708200E-01   2.0748132E-01   2.9356173E-01
   1.7100885E+01   1.5187538E-02   2.8030780E-01   2.0909491E-01   3.5003403E-01
   1.7123629E+01   1.6158286E-02   3.3879164E-01   2.0987333E-01   3.9885798E-01
   1.7145998E+01   1.6411666E-02   4.3904865E-01   2.1224205E-01   4.8793417E-01
   1.7168453E+01   1.6670940E-02   5.1973122E-01   2.1285579E-01   5.6187725E-01
   1.7190962E+01   1.8741526E-02   5.6501478E-01   2.1346331E-01   6.0428429E-01
   1.7212807E+01   1.7230954E-02   6.4971405E-01   2.1380727E-01   6.8420672E-01
   1.7235670E+01   1.6737748E-02   7.2860283E-01   2.1378756E-01   7.5950468E-01
   1.7259359E+01   1.4802351E-02   7.7290493E-01   2.1302263E-01   8.0186015E-01
   1.7281643E+01   1.3220148E-02   8.1887186E-01   2.1227093E-01   8.4604073E-01
   1.7305666E+01   1.2016173E-02   9.0504134E-01   2.1062636E-01   9.2930490E-01
   1.7327446E+01   9.3320813E-03   9.6567976E-01   2.0908658E-01   9.8810005E-01
   1.7349766E+01   8.3252778E-03   1.0200032E+00   2.0784461E-01   1.0409973E+00
   1.7372997E+01   5.8957669E-03   1.0853343E+00   2.0455417E-01   1.1044581E+00
   1.7395601E+01   3.6859186E-03   1.1408633E+00   2.0212440E-01   1.1586359E+00
   1.7419243E+01   1.2105337E-03   1.2018969E+00   1.9960363E-01   1.2183592E+00
   1.7440540E+01   1.1587018E-03   1.2710850E+00   1.9647427E-01   1.2861806E+00
   1.7465208E+01   3.7807040E-04   1.3271506E+00   1.9367997E-01   1.3412087E+00
   1.7486546E+01   6.2725745E-04   1.4010645E+00   1.9089833E-01   1.4140100E+00
   1.7511044E+01  -1.9630005E-03   1.5432090E+00   1.8587470E-01   1.5543640E+00
   1.7532310E+01  -5.0624355E-04   1.5920740E+00   1.8477577E-01   1.6027608E+00
   1.7556324E+01  -7.2862594E-03   1.6760250E+00   1.8231839E-01   1.6859279E+00
   1.7578770E+01  -6.4742295E-03   1.7547324E+00   1.8657728E-01   1.7646356E+00
   1.7600683E+01  -6.5557417E-03   1.8325794E+00   1.8348765E-01   1.8417541E+00
   1.7623447E+01  -1.0819872E-02   1.9534851E+00   1.8086153E-01   1.9618696E+00
   1.7647522E+01  -1.3258136E-02   2.0266471E+00   1.9182236E-01   2.0357480E+00
   1.7669586E+01  -1.3180548E-02   2.0942628E+00   1.8571810E-01   2.1025226E+00
   1.7693546E+01  -1.6497603E-02   2.1789491E+00   1.8550555E-01   2.1868937E+00
   1.7716431E+01  -1.4583907E-02   2.2554245E+00   1.7965502E-01   2.2626154E+00
   1.7739033E+01  -1.4186239E-02   2.3281186E+00   1.6741768E-01   2.3341734E+00
   1.7760817E+01  -1.4081788E-02   2.3786786E+00   1.5504886E-01   2.3837681E+00
   1.7784580E+01  -1.3214410E-02   2.4161892E+00   1.4068180E-01   2.4203174E+00
   1.7807161E+01  -1.0543498E-02   2.4539986E+00   1.1879174E-01   2.4568949E+00
   1.7829906E+01  -1.2742561E-02   2.4442637E+00   9.8628558E-02   2.4462860E+00
   1.7852753E+01  -1.6624175E-02   2.4415534E+00   7.8589596E-02   2.4428744E+00
   1.7874691E+01  -1.5797261E-02   2.4193764E+00   5.7798460E-02   2.4201183E+00
   1.7898304E+01  -1.9716654E-02   2.3388295E+00   3.6123626E-02   2.3391914E+00
   1.7920130E+01  -2.1971039E-02   2.2975423E+00   1.7198557E-02   2.2977118E+00
   1.7943911E+01  -2.1465074E-02   2.1977823E+00  -5.4649380E-03   2.1978939E+00
   1.7966896E+01  -2.3330679E-02   2.0933754E+00  -2.4956727E-02   2.0936542E+00
   1.7988556E+01  -2.5363380E-02   1.9840238E+00  -4.3003373E-02   1.9846519E+00
   1.8011620E+01  -2.9141376E-02   1.8192405E+00  -6.0945619E-02   1.8204943E+00
   1.8034897E+01  -2.3209468E-02   1.6281687E+00  -7.7694483E-02   1.6301867E+00
   1.8056973E+01  -3.4934837E-02   1.5109810E+00  -8.9608841E-02   1.5140389E+00
   1.8080887E+01  -3.2648731E-02   1.2427962E+00  -1.0433204E-01   1.2475951E+00
   1.8103405E+01  -2.9163687E-02   1.0998904E+00  -1.1612354E-01   1.1063879E+00
   1.8125734E+01  -3.2641914E-02   8.9061046E-01  -1.2486354E-01   8.9991301E-01
   1.8148394E+01  -2.7279694E-02   7.3050630E-01  -1.3339670E-01   7.4308705E-01
   1.8170839E+01  -2.6898168E-02   5.5214274E-01  -1.3944185E-01   5.7011324E-01
   1.8193949E+01  -2.4499489E-02   3.1611893E-01  -1.4491057E-01   3.4861222E-01
   1.8216579E+01  -2.6005670E-02   1.4280497E-01  -1.4900546E-01   2.0801966E-01
   1.8240328E+01  -2.7570281E-02  -5.7292789E-02  -1.5122828E-01   1.6405053E-01
   1.8262106E+01  -2.8879525E-02  -2.6753652E-01  -1.5161034E-01   3.0886164E-01
   1.8285109E+01  -3.1060142E-02  -4.3387094E-01  -1.5182148E-01   4.6071517E-01
   1.8307831E+01  -3.2370955E-02  -6.2408245E-01  -1.4932145E-01   6.4251357E-01
   1.8331627E+01  -3.0877301E-02  -8.1912237E-01  -1.4468808E-01   8.3237582E-01
   1.8353622E+01  -2.9273964E-02  -9.9580860E-01  -1.4019337E-01   1.0060546E+00
   1.8376402E+01  -2.7497247E-02  -1.2127153E+00  -1.3107255E-01   1.2200879E+00
   1.8399969E+01  -2.4560200E-02  -1.3455762E+00  -1.2097340E-01   1.3512264E+00
   1.8422033E+01  -2.2412226E-02  -1.4905277E+00  -1.0911148E-01   1.4946841E+00
   1.8444616E+01  -2.1806477E-02  -1.6250218E+00  -9.6139714E-02   1.6280093E+00
   1.8468061E+01  -1.9839970E-02  -1.7675112E+00  -7.9349793E-02   1.7694027E+00
   1.8490936E+01  -1.7405607E-02  -1.8790061E+00  -6.2589817E-02   1.8801289E+00
   1.8513638E+01  -1.6553748E-02  -1.9833357E+00  -4.4236213E-02   1.9838980E+00
   1.8536600E+01  -1.7298007E-02  -2.0681639E+00  -2.5205500E-02   2.0683897E+00
   1.8558720E+01  -1.4146888E-02  -2.1342840E+00  -3.6936232E-03   2.1343341E+00
   1.8581720E+01  -1.5219473E-02  -2.1981559E+00   1.5708536E-02   2.1982646E+00
   1.8605011E+01  -1.2671597E-02  -2.2475107E+00   3.7026890E-02   2.2478514E+00
   1.8627401E+01  -9.8861875E-03  -2.2719204E+00   5.7638470E-02   2.2726731E+00
   1.8650038E+01  -7.5750123E-03  -2.2832661E+00   7.8581266E-02   2.2846305E+00
   1.8672741E+01  -5.1708883E-03  -2.2815776E+00   9.6163280E-02   2.2836092E+00
   1.8696384E+01  -2.7757105E-03  -2.2755475E+00   1.1141319E-01   2.2782750E+00
   1.8719343E+01   5.3789845E-04  -2.2585094E+00   1.2490665E-01   2.2619610E+00
   1.8742037E+01   2.9099211E-03  -2.2201490E+00   1.3738397E-01   2.2243977E+00
   1.8764956E+01   5.3721010E-03  -2.1688423E+00   1.4642870E-01   2.1737864E+00
   1.8787577E+01   6.1481087E-03  -2.1122885E+00   1.5422867E-01   2.1179204E+00
   1.8810602E+01   6.0519283E-03  -2.0441792E+00   1.6529909E-01   2.0508604E+00
   1.8832560E+01   7.4777836E-03  -1.9615493E+00   1.6995548E-01   1.9689125E+00
   1.8855133E+01   1.2077982E-02  -1.8910893E+00   1.7758814E-01   1.8994479E+00
   1.8878407E+01   1.5115781E-02  -1.8249134E+00   1.8493578E-01   1.8343223E+00
   1.8901049E+01   1.7839065E-02  -1.7204692E+00   1.9157636E-01   1.7311945E+00
   1.8924118E+01   1.6773382E-02  -1.6240271E+00   1.9692491E-01   1.6360089E+00
   1.8946835E+01   1.9083589E-02  -1.5272617E+00   2.0232576E-01   1.5407233E+00
   1.8969471E+01   2.3927327E-02  -1.4074948E+00   2.0775928E-01   1.4229469E+00
   1.8992115E+01   2.4703700E-02  -1.2982787E+00   2.1330720E-01   1.3159170E+00
   1.9015228E+01   2.3811013E-02  -1.0054370E+00   2.2290570E-01   1.0301249E+00
   1.9037569E+01   3.0885227E-02  -1.0615788E+00   2.2365510E-01   1.0853225E+00
   1.9060570E+01   2.4899447E-02  -9.7690958E-01   2.2602563E-01   1.0030254E+00
   1.9082739E+01   2.9387284E-02  -8.6168230E-01   2.3344803E-01   8.9322901E-01
   1.9107267E+01   2.7878568E-02  -7.0339841E-01   2.3487483E-01   7.4210018E-01
   1.9128830E+01   2.8893083E-02  -6.5478653E-01   2.3521501E-01   6.9635212E-01
   1.9152723E+01   3.0317355E-02  -5.4522783E-01   2.3887503E-01   5.9603173E-01
   1.9174791E+01   2.7826354E-02  -4.4690141E-01   2.3993187E-01   5.0799847E-01
   1.9198208E+01   2.3950258E-02  -3.5366619E-01   2.4267556E-01   4.2958680E-01
   1.9220461E+01   2.2494106E-02  -2.9723668E-01   2.4563369E-01   3.8625321E-01
   1.9243248E+01   2.2343399E-02  -1.4959200E-01   2.4738529E-01   2.8995943E-01
   1.9266838E+01   2.0361777E-02  -7.1663052E-02   2.4976620E-01   2.6064026E-01
   1.9288103E+01   1.8993137E-02   3.6851007E-02   2.5099096E-01   2.5439182E-01
   1.9311945E+01   1.7269954E-02   8.5671313E-02   2.5375688E-01   2.6838478E-01
   1.9333761E+01   1.4789575E-02   1.8902248E-01   2.5447866E-01   3.1734467E-01
   1.9356899E+01   1.1053341E-02   2.4866000E-01   2.5636011E-01   3.5731566E-01
   1.9380274E+01   9.9285590E-03   3.2456172E-01   2.5699043E-01   4.1410503E-01
   1.9403139E+01   8.8302949E-03   4.0744588E-01   2.5799775E-01   4.8234114E-01
   1.9425995E+01   8.5039753E-03   4.8030019E-01   2.5916371E-01   5.4582638E-01
   1.9447456E+01   7.2240098E-03   5.4205751E-01   2.5930843E-01   6.0093212E-01
   1.9471025E+01   7.6146522E-03   6.1188400E-01   2.5978881E-01   6.6479343E-01
   1.9494848E+01   7.5729880E-03   6.8443424E-01   2.5988451E-01   7.3215264E-01
   1.9515974E+01   4.8245727E-03   7.3585200E-01   2.5927505E-01   7.8020835E-01
   1.9539621E+01   4.8821932E-03   8.0114931E-01   2.5912604E-01   8.4202754E-01
   1.9562738E+01   7.6040057E-03   8.5492909E-01   2.5686002E-01   8.9271420E-01
   1.9586227E+01   5.9374846E-03   9.1607451E-01   2.5526544E-01   9.5099330E-01
   1.9607761E+01   6.0296268E-03   9.7229236E-01   2.5339216E-01   1.0047867E+00
   1.9629658E+01   6.8875393E-03   1.0189797E+00   2.5052291E-01   1.0493468E+00
   1.9655010E+01   7.2371955E-03   1.1123693E+00   2.4693516E-01   1.1394713E+00
   1.9675264E+01   7.6213088E-03   1.1418871E+00   2.4397206E-01   1.1676843E+00
   1.9698807E+01   8.3508939E-03   1.2172925E+00   2.3942721E-01   1.2406435E+00
   1.9720875E+01   8.4407972E-03   1.2443265E+00   2.3645756E-01   1.2666223E+00
   1.9744875E+01   5.8116596E-03   1.3246154E+00   2.3040603E-01   1.3445172E+00
   1.9766211E+01   5.4117101E-03   1.3685526E+00   2.2730486E-01   1.3873115E+00
   1.9791195E+01   3.1640069E-03   1.4438313E+00   2.2297306E-01   1.4609504E+00
   1.9812840E+01   2.0315798E-03   1.4856794E+00   2.1888120E-01   1.5017178E+00
   1.9837019E+01  -1.5905309E-03   1.5702549E+00   2.1305920E-01   1.5846442E+00
   1.9859348E+01  -8.7735866E-04   1.6477687E+00   2.0816711E-01   1.6608660E+00
   1.9882418E+01  -4.7859438E-03   1.7148373E+00   2.0494969E-01   1.7270478E+00
   1.9904079E+01  -5.6426618E-03   1.8020052E+00   2.0062156E-01   1.8131474E+00
   1.9927683E+01  -9.4722249E-03   1.8722162E+00   1.9753602E-01   1.8826321E+00
   1.9949886E+01  -6.5043722E-03   1.9548181E+00   1.9694771E-01   1.9647250E+00
   1.9973776E+01  -1.3615374E-02   2.0328307E+00   1.9932619E-01   2.0426252E+00
   1.9996016E+01  -1.6425526E-02   2.1154051E+00   1.9790861E-01   2.1247063E+00
   2.0017530E+01  -1.2711179E-02   2.1639893E+00   2.0050906E-01   2.1732960E+00
   2.0041378E+01  -1.3623692E-02   2.2232468E+00   1.9481438E-01   2.2318075E+00
   2.0064346E+01  -1.4566747E-02   2.2631698E+00   1.8496817E-01   2.2707627E+00
   2.0087294E+01  -1.4450409E-02   2.2950878E+00   1.7272018E-01   2.3016231E+00
   2.0109291E+01  -1.2948181E-02   2.3016765E+00   1.5956147E-01   2.3072369E+00
   2.0132847E+01  -9.5224204E-03   2.2814438E+00   1.4086555E-01   2.2858083E+00
   2.0155945E+01  -9.7123487E-03   2.2627819E+00   1.2495832E-01   2.2662504E+00
   2.0178827E+01  -8.1937620E-03   2.2154362E+00   1.0586140E-01   2.2179792E+00
   2.0201204E+01  -7.6555191E-03   2.1506538E+00   8.9244291E-02   2.1525183E+00
   2.0223377E+01  -9.9350167E-03   2.1011801E+00   7.2675310E-02   2.1024601E+00
   2.0247103E+01  -8.7040598E-03   1.9728446E+00   5.1806163E-02   1.9735439E+00
   2.0269232E+01  -1.2242172E-02   1.8606999E+00   3.8077191E-02   1.8611298E+00
   2.0291243E+01  -1.2408067E-02   1.7403409E+00   2.1897973E-02   1.7405230E+00
   2.0314919E+01  -1.3735654E-02   1.5951160E+00   7.9798270E-03   1.5951951E+00
   2.0337894E+01  -1.9315500E-02   1.4740385E+00  -1.0392516E-02   1.4742016E+00
   2.0360945E+01  -2.4411464E-02   1.2626879E+00  -2.1993348E-02   1.2631154E+00
   2.0382805E+01  -2.6580989E-02   1.1798434E+00  -3.2459293E-02   1.1805892E+00
   2.0405262E+01  -2.9007131E-02   1.1031915E+00  -4.1546807E-02   1.1043546E+00
   2.0428997E+01  -2.8359303E-02   8.1582177E-01  -5.2725643E-02   8.1801552E-01
   2.0451138E+01  -2.6966061E-02   6.9072437E-01  -5.9967946E-02   6.9384688E-01
   2.0474325E+01  -2.3973929E-02   5.2556127E-01  -6.7131512E-02   5.3037351E-01
   2.0497803E+01  -2.4191441E-02   3.6881569E-01  -7.3343672E-02   3.7681499E-01
   2.0519997E+01  -2.4720997E-02   1.9853644E-01  -7.8216352E-02   2.1481536E-01
   2.0542433E+01  -2.7692012E-02  -8.9908734E-02  -8.0708764E-02   1.2395295E-01
   2.0565481E+01  -2.2800196E-02  -8.9670695E-02  -8.2820535E-02   1.2417698E-01
   2.0588366E+01  -2.2454029E-02  -2.6002321E-01  -8.3813019E-02   2.7411836E-01
   2.0611664E+01  -2.7014889E-02  -5.0990808E-01  -8.2996964E-02   5.1732439E-01
   2.0634464E+01  -2.7737884E-02  -7.0461887E-01  -7.9484433E-02   7.0963013E-01
   2.0656336E+01  -2.5954058E-02  -8.6555743E-01  -7.0995718E-02   8.6885190E-01
   2.0679512E+01  -1.9091433E-02  -1.0662760E+00  -6.3658856E-02   1.0683452E+00
   2.0702147E+01  -2.1515056E-02  -1.2231506E+00  -5.6424916E-02   1.2246404E+00
   2.0724947E+01  -2.6255304E-02  -1.3855848E+00  -4.2004257E-02   1.3864700E+00
   2.0748262E+01  -2.9028300E-02  -1.5465329E+00  -3.4870870E-02   1.5471983E+00
   2.0770901E+01  -1.9429561E-02  -1.6841943E+00  -1.7713353E-02   1.6843995E+00
   2.0793522E+01  -9.9777598E-03  -1.8547720E+00   4.5856813E-04   1.8547988E+00
   2.0816038E+01  -8.3930735E-03  -1.9169590E+00   1.9028755E-02   1.9170719E+00
   2.0839245E+01  -3.6812844E-03  -2.0178628E+00   3.8171049E-02   2.0182273E+00
   2.0862026E+01   5.4662614E-03  -2.1311147E+00   6.7331202E-02   2.1321850E+00
   2.0885048E+01  -7.5387099E-04  -2.1824784E+00   7.0663743E-02   2.1836224E+00
   2.0907505E+01  -3.9924961E-03  -2.2423232E+00   9.0075918E-02   2.2441351E+00
   2.0930666E+01  -2.8989231E-03  -2.2736900E+00   1.0219195E-01   2.2759871E+00
   2.0952761E+01  -6.2134243E-03  -2.2920880E+00   1.2055511E-01   2.2952645E+00
   2.0975651E+01  -1.5848115E-02  -2.3244779E+00   1.3949420E-01   2.3287137E+00
   2.0998446E+01  -1.8768856E-02  -2.2902682E+00   1.5183540E-01   2.2953725E+00
   2.1021605E+01   6.0375099E-04  -2.2691045E+00   1.4654216E-01   2.2738316E+00
   2.1044039E+01   4.7612847E-03  -2.1764665E+00   1.6717485E-01   2.1828825E+00
   2.1066835E+01  -2.0497022E-03  -2.1925488E+00   1.7989549E-01   2.1999176E+00
   2.1089886E+01   1.9992606E-03  -2.1417434E+00   1.8812421E-01   2.1499906E+00
   2.1112408E+01   8.0200182E-03  -2.0828869E+00   2.0198557E-01   2.0926731E+00
   2.1135193E+01   1.1666307E-02  -1.9691309E+00   2.1364418E-01   1.9807212E+00
   2.1158524E+01   1.2869091E-02  -1.9261770E+00   2.2210453E-01   1.9389827E+00
   2.1180882E+01   1.5336717E-02  -1.8405870E+00   2.3519617E-01   1.8556167E+00
   2.1203539E+01   1.4853989E-02  -1.7345837E+00   2.4483749E-01   1.7518409E+00
   2.1227461E+01   1.6379440E-02  -1.6811742E+00   2.5454101E-01   1.7004135E+00
   2.1249971E+01   1.6522301E-02  -1.5710571E+00   2.6463401E-01   1.5932747E+00
   2.1271875E+01   1.7046554E-02  -1.4117504E+00   2.7227068E-01   1.4378668E+00
   2.1295465E+01   1.5378380E-02  -1.3998936E+00   2.8191555E-01   1.4280809E+00
   2.1317371E+01   1.7545873E-02  -1.2156508E+00   2.8749633E-01   1.2493074E+00
   2.1340961E+01   1.8061224E-02  -1.1475857E+00   2.9423347E-01   1.1848428E+00
   2.1362865E+01   1.8502479E-02  -9.9959260E-01   3.0137408E-01   1.0442002E+00
   2.1386456E+01   1.8360374E-02  -8.4350532E-01   3.0654097E-01   8.9766681E-01
   2.1408360E+01   1.8268315E-02  -7.6314723E-01   3.1103468E-01   8.2429969E-01
   2.1431950E+01   2.0004908E-02  -5.8755130E-01   3.1577095E-01   6.6732901E-01
   2.1455540E+01   2.0224020E-02  -5.5739892E-01   3.1860730E-01   6.4234972E-01
   2.1477446E+01   1.8783169E-02  -4.0132970E-01   3.2184228E-01   5.1478225E-01
   2.1501036E+01   1.9892659E-02  -2.9832375E-01   3.2458514E-01   4.4130293E-01
   2.1522940E+01   2.0943632E-02  -1.3586731E-01   3.2714063E-01   3.5485145E-01
   2.1546530E+01   1.9663768E-02  -1.1597906E-01   3.2840544E-01   3.4883797E-01
   2.1568434E+01   2.1235092E-02   1.6313501E-02   3.2964656E-01   3.3073238E-01
   2.1592024E+01   2.2153962E-02   1.1284138E-01   3.3064425E-01   3.5007083E-01
   2.1613930E+01   2.1865824E-02   2.0849021E-01   3.3156720E-01   3.9227936E-01
   2.1637520E+01   2.1501275E-02   2.9749012E-01   3.3149821E-01   4.4593018E-01
   2.1659424E+01   2.0804206E-02   3.6784232E-01   3.3106449E-01   4.9532259E-01
   2.1683014E+01   1.8484153E-02   4.7024602E-01   3.3093137E-01   5.7531601E-01
   2.1704920E+01   1.5319117E-02   5.3495449E-01   3.2974276E-01   6.2860262E-01
   2.1728508E+01   1.4988240E-02   6.0168517E-01   3.2845986E-01   6.8566436E-01
   2.1750414E+01   1.3614045E-02   6.6174537E-01   3.2731044E-01   7.3839313E-01
   2.1774004E+01   1.1744550E-02   7.3749244E-01   3.2562199E-01   8.0626470E-01
   2.1797594E+01   1.0659915E-02   7.4483520E-01   3.2379535E-01   8.1224167E-01
   2.1819498E+01   8.0164038E-03   8.1277722E-01   3.2219359E-01   8.7434536E-01
   2.1842226E+01   5.9324298E-03   8.6179465E-01   3.2052904E-01   9.1949123E-01
   2.1865091E+01   4.6379734E-03   9.0178579E-01   3.1918478E-01   9.5661801E-01
   2.1888208E+01   2.6824963E-03   9.3051732E-01   3.1756926E-01   9.8321915E-01
   2.1910114E+01   1.8475150E-03   9.8353720E-01   3.1593069E-01   1.0330349E+00
   2.1933704E+01   6.2605727E-04   1.0310121E+00   3.1394559E-01   1.0777514E+00
   2.1955608E+01   4.3344629E-04   1.1223935E+00   3.1156436E-01   1.1648346E+00
   2.1979198E+01  -3.8622380E-03   1.0987835E+00   3.0867353E-01   1.1413236E+00
   2.2002789E+01   3.4188092E-04   1.1704403E+00   3.0768666E-01   1.2102073E+00
   2.2024693E+01  -2.5035539E-03   1.2268262E+00   3.0286556E-01   1.2636600E+00
   2.2048283E+01  -5.2904892E-03   1.2767637E+00   2.9881257E-01   1.3112751E+00
   2.2070189E+01  -3.2601710E-03   1.3536224E+00   2.9376101E-01   1.3851354E+00
   2.2093779E+01  -2.7279763E-03   1.4458917E+00   2.8638181E-01   1.4739826E+00
   2.2115595E+01  -2.7546708E-03   1.5127438E+00   2.8073967E-01   1.5385760E+00
   2.2139185E+01  -2.7415568E-03   1.6032134E+00   2.7652156E-01   1.6268882E+00
   2.2161089E+01  -1.6201271E-03   1.6762429E+00   2.6784641E-01   1.6975083E+00
   2.2184679E+01  -3.5218436E-03   1.7427027E+00   2.6065522E-01   1.7620915E+00
   2.2206585E+01  -6.0872422E-03   1.8161858E+00   2.5202322E-01   1.8335986E+00
   2.2230173E+01  -5.8924342E-03   1.9023619E+00   2.4298377E-01   1.9178261E+00
   2.2252079E+01  -5.5652414E-03   1.9666494E+00   2.3538806E-01   1.9806939E+00
   2.2275669E+01  -5.5878418E-03   2.0398445E+00   2.2517899E-01   2.0522432E+00
   2.2297573E+01  -7.1261986E-03   2.0941663E+00   2.2017899E-01   2.1057212E+00
   2.2321163E+01  -7.3972242E-03   2.1421483E+00   2.1611303E-01   2.1530347E+00
   2.2344753E+01  -1.1327275E-02   2.1812468E+00   2.1264793E-01   2.1916170E+00
   2.2366659E+01  -9.8051969E-03   2.2157326E+00   2.1200344E-01   2.2258732E+00
   2.2389380E+01  -7.1994420E-03   2.2334960E+00   2.0853555E-01   2.2432215E+00
   2.2412128E+01  -6.9245994E-03   2.2252715E+00   1.9587706E-01   2.2338865E+00
   2.2435247E+01  -7.8984899E-03   2.2110171E+00   1.8053071E-01   2.2183890E+00
   2.2458044E+01  -6.8229362E-03   2.1666245E+00   1.6430236E-01   2.1728561E+00
   2.2480835E+01  -6.9341133E-03   2.1212039E+00   1.4931971E-01   2.1264641E+00
   2.2503725E+01  -6.7103705E-03   2.0505354E+00   1.3582443E-01   2.0550399E+00
   2.2526482E+01  -3.1556443E-03   1.9715476E+00   1.2181970E-01   1.9753101E+00
   2.2549192E+01  -6.4700134E-03   1.8713233E+00   1.0987469E-01   1.8745574E+00
   2.2572386E+01  -3.0440185E-03   1.7435428E+00   9.9818669E-02   1.7464005E+00
   2.2595037E+01  -4.2590979E-03   1.6437472E+00   8.5422665E-02   1.6459708E+00
   2.2617386E+01  -5.4657967E-03   1.5232089E+00   7.3454060E-02   1.5249888E+00
   2.2640768E+01  -6.9632893E-03   1.3841178E+00   5.8372863E-02   1.3853657E+00
   2.2663473E+01  -9.7935293E-03   1.2370539E+00   4.9164254E-02   1.2380692E+00
   2.2686071E+01  -1.2652212E-02   1.0932952E+00   3.8405832E-02   1.0940428E+00
   2.2708963E+01  -1.5338862E-02   9.5840335E-01   2.8382773E-02   9.5894617E-01
   2.2732094E+01  -2.1156408E-02   7.7433699E-01   2.4306159E-02   7.7500725E-01
   2.2754568E+01  -2.3081433E-02   5.4424649E-01   1.3925297E-02   5.4491365E-01
   2.2777372E+01  -2.6509769E-02   4.6651220E-01   1.2359622E-02   4.6742827E-01
   2.2800219E+01  -2.7803600E-02   2.9838619E-01   7.2252797E-03   2.9976583E-01
