  flscon:  version 22.2.0.05  win64 2022 
 FLOW-3D   08:29:33  12/15/2023 cero     
   hydr3d   version  22.2.0.16 win64     09/12/2022 HYDRO    
 Simulation Template: Free Surface - TruVOF (Default)                            

Mesh Block   1
 printing p, p       
       1     1002      0.000E+00      1.688E+01
   time              p_1             p_2
   0.0000000E+00   4.1545894E+03   4.1482773E+03
   8.8658482E-03   4.1130078E+03   4.1532378E+03
   1.7288404E-02   4.2073760E+03   4.2018467E+03
   3.4890220E-02   4.2352690E+03   4.2290552E+03
   5.2362960E-02   4.2680825E+03   4.2613838E+03
   6.9801591E-02   4.3110020E+03   4.3037432E+03
   8.1920609E-02   4.3164658E+03   4.3089521E+03
   1.0246754E-01   4.3645625E+03   4.3563687E+03
   1.1793482E-01   4.3631343E+03   4.3546509E+03
   1.3498749E-01   4.4150981E+03   4.4059858E+03
   1.5072261E-01   4.4192417E+03   4.4096069E+03
   1.6792783E-01   4.4775220E+03   4.4670435E+03
   1.8405990E-01   4.4944829E+03   4.4831997E+03
   2.0065579E-01   4.5319375E+03   4.5195981E+03
   2.1601969E-01   4.5505400E+03   4.5371284E+03
   2.3676738E-01   4.5991841E+03   4.5842642E+03
   2.5510740E-01   4.5912549E+03   4.5746694E+03
   2.7169573E-01   4.6195225E+03   4.6015820E+03
   2.8704080E-01   4.6554268E+03   4.6364600E+03
   3.0611187E-01   4.6687266E+03   4.6482261E+03
   3.1889454E-01   4.6907183E+03   4.6696704E+03
   3.3617592E-01   4.6923242E+03   4.6694922E+03
   3.5280392E-01   4.7142544E+03   4.6907710E+03
   3.7296030E-01   4.7088506E+03   4.6838032E+03
   3.8854721E-01   4.7200747E+03   4.6946191E+03
   4.0338573E-01   4.7311626E+03   4.7057773E+03
   4.2117208E-01   4.7251089E+03   4.6987041E+03
   4.3892381E-01   4.7300645E+03   4.7044902E+03
   4.5661625E-01   4.7244077E+03   4.6987573E+03
   4.7092995E-01   4.7229473E+03   4.6981743E+03
   4.8903108E-01   4.7141152E+03   4.6903882E+03
   5.0738764E-01   4.7036221E+03   4.6810513E+03
   5.2237582E-01   4.6876504E+03   4.6668574E+03
   5.4059166E-01   4.6908716E+03   4.6708130E+03
   5.5873984E-01   4.6622817E+03   4.6448403E+03
   5.7409692E-01   4.6586382E+03   4.6423257E+03
   5.8911610E-01   4.6288457E+03   4.6148740E+03
   6.0812694E-01   4.6100239E+03   4.5983213E+03
   6.2360227E-01   4.6095225E+03   4.5992695E+03
   6.4164102E-01   4.5492173E+03   4.5422769E+03
   6.5749973E-01   4.5075337E+03   4.5027505E+03
   6.7475212E-01   4.5037891E+03   4.5009712E+03
   6.9072598E-01   4.4416733E+03   4.4410747E+03
   7.1016026E-01   4.4523867E+03   4.4532661E+03
   7.2621572E-01   4.3365913E+03   4.3398438E+03
   7.4048966E-01   4.4227866E+03   4.4262871E+03
   7.5690788E-01   4.3382656E+03   4.3435645E+03
   7.7454042E-01   4.3048716E+03   4.3109409E+03
   7.9159182E-01   4.2793901E+03   4.2870176E+03
   8.0834132E-01   4.2561997E+03   4.2646133E+03
   8.2684064E-01   4.2075747E+03   4.2169375E+03
   8.4231800E-01   4.1868325E+03   4.1968755E+03
   8.6143249E-01   4.1470605E+03   4.1580049E+03
   8.7670386E-01   4.0998091E+03   4.1112808E+03
   8.9604425E-01   4.0834036E+03   4.0959739E+03
   9.0980583E-01   4.0609639E+03   4.0742642E+03
   9.3027085E-01   4.0188569E+03   4.0338091E+03
   9.4526649E-01   3.9949609E+03   4.0113276E+03
   9.6087044E-01   3.9686333E+03   3.9864514E+03
   9.7770476E-01   3.9400481E+03   3.9592476E+03
   9.9571979E-01   3.9247380E+03   3.9455579E+03
   1.0140010E+00   3.8847549E+03   3.9066431E+03
   1.0277358E+00   3.8726912E+03   3.8954380E+03
   1.0445762E+00   3.8628020E+03   3.8863931E+03
   1.0646849E+00   3.8409487E+03   3.8646606E+03
   1.0808605E+00   3.8305339E+03   3.8540779E+03
   1.0975459E+00   3.8230652E+03   3.8458757E+03
   1.1149551E+00   3.8137446E+03   3.8354001E+03
   1.1332465E+00   3.7904575E+03   3.8099692E+03
   1.1472832E+00   3.8112529E+03   3.8302485E+03
   1.1659517E+00   3.8015894E+03   3.8184319E+03
   1.1808808E+00   3.8000762E+03   3.8151707E+03
   1.1971936E+00   3.7983833E+03   3.8115615E+03
   1.2146708E+00   3.8020718E+03   3.8137434E+03
   1.2317896E+00   3.8087129E+03   3.8185471E+03
   1.2482249E+00   3.8063120E+03   3.8143289E+03
   1.2655910E+00   3.8121350E+03   3.8186458E+03
   1.2827311E+00   3.8216067E+03   3.8264060E+03
   1.2994689E+00   3.8272515E+03   3.8305903E+03
   1.3158308E+00   3.8364177E+03   3.8383628E+03
   1.3318954E+00   3.8455017E+03   3.8460667E+03
   1.3515593E+00   3.8635405E+03   3.8627839E+03
   1.3670685E+00   3.8634998E+03   3.8613474E+03
   1.3825160E+00   3.8856814E+03   3.8829375E+03
   1.4018991E+00   3.8933474E+03   3.8892910E+03
   1.4177114E+00   3.9058931E+03   3.9012158E+03
   1.4339025E+00   3.9402915E+03   3.9341465E+03
   1.4525589E+00   3.9426077E+03   3.9360537E+03
   1.4689116E+00   3.9504983E+03   3.9440410E+03
   1.4864388E+00   3.9666975E+03   3.9600251E+03
   1.5046431E+00   4.0245200E+03   4.0159788E+03
   1.5188558E+00   4.0058293E+03   3.9983582E+03
   1.5336424E+00   4.0252937E+03   4.0175012E+03
   1.5544397E+00   4.0442231E+03   4.0366150E+03
   1.5695791E+00   4.0945464E+03   4.0862747E+03
   1.5865312E+00   4.0771079E+03   4.0694324E+03
   1.6054156E+00   4.1137788E+03   4.1056152E+03
   1.6200254E+00   4.1474668E+03   4.1393613E+03
   1.6387982E+00   4.1500391E+03   4.1416592E+03
   1.6554880E+00   4.2115962E+03   4.2023472E+03
   1.6680517E+00   4.1946626E+03   4.1857222E+03
   1.6889628E+00   4.2202993E+03   4.2105244E+03
   1.7032815E+00   4.3259521E+03   4.3147827E+03
   1.7251658E+00   4.2400938E+03   4.2292026E+03
   1.7400988E+00   4.3390000E+03   4.3264517E+03
   1.7553443E+00   4.3208574E+03   4.3079717E+03
   1.7709426E+00   4.3307095E+03   4.3173594E+03
   1.7869506E+00   4.4011055E+03   4.3869268E+03
   1.8034099E+00   4.3886689E+03   4.3740781E+03
   1.8198302E+00   4.4519121E+03   4.4366807E+03
   1.8360220E+00   4.4466714E+03   4.4312354E+03
   1.8596539E+00   4.4912979E+03   4.4757529E+03
   1.8741543E+00   4.5079277E+03   4.4914868E+03
   1.8876480E+00   4.5113320E+03   4.4945029E+03
   1.9057089E+00   4.5694082E+03   4.5524902E+03
   1.9219791E+00   4.5676201E+03   4.5493120E+03
   1.9421562E+00   4.5786035E+03   4.5587119E+03
   1.9568127E+00   4.6071777E+03   4.5863994E+03
   1.9756095E+00   4.6407544E+03   4.6190537E+03
   1.9940439E+00   4.6342290E+03   4.6110186E+03
   2.0073574E+00   4.6740132E+03   4.6505293E+03
   2.0239110E+00   4.6362437E+03   4.6109180E+03
   2.0405169E+00   4.7014092E+03   4.6763394E+03
   2.0607142E+00   4.6610234E+03   4.6337397E+03
   2.0764477E+00   4.6830854E+03   4.6558818E+03
   2.0918937E+00   4.6815635E+03   4.6531694E+03
   2.1108756E+00   4.6873125E+03   4.6590317E+03
   2.1258376E+00   4.6834766E+03   4.6549517E+03
   2.1437752E+00   4.6672798E+03   4.6392910E+03
   2.1593769E+00   4.6756382E+03   4.6468257E+03
   2.1771545E+00   4.6437383E+03   4.6172300E+03
   2.1947958E+00   4.6454639E+03   4.6191162E+03
   2.2118733E+00   4.6401572E+03   4.6134351E+03
   2.2290661E+00   4.5876826E+03   4.5659419E+03
   2.2452602E+00   4.6010737E+03   4.5778882E+03
   2.2608902E+00   4.5455435E+03   4.5241440E+03
   2.2785609E+00   4.5686206E+03   4.5479043E+03
   2.2946630E+00   4.5149004E+03   4.4968584E+03
   2.3133144E+00   4.4946670E+03   4.4784229E+03
   2.3299658E+00   4.4006392E+03   4.3872793E+03
   2.3480933E+00   4.4549023E+03   4.4422642E+03
   2.3612926E+00   4.3679404E+03   4.3576616E+03
   2.3813896E+00   4.3864731E+03   4.3777339E+03
   2.3950686E+00   4.3406230E+03   4.3335327E+03
   2.4143636E+00   4.2905000E+03   4.2855815E+03
   2.4303374E+00   4.2410894E+03   4.2379624E+03
   2.4459536E+00   4.2408047E+03   4.2389551E+03
   2.4641426E+00   4.2052666E+03   4.2048867E+03
   2.4812527E+00   4.0623389E+03   4.0637825E+03
   2.4980071E+00   4.1056133E+03   4.1076113E+03
   2.5145254E+00   4.0795906E+03   4.0824714E+03
   2.5321674E+00   3.9923130E+03   3.9944900E+03
   2.5477078E+00   4.0189241E+03   4.0229934E+03
   2.5646257E+00   3.9752312E+03   3.9813281E+03
   2.5814681E+00   3.8829541E+03   3.8889673E+03
   2.6019402E+00   3.9082173E+03   3.9157888E+03
   2.6137755E+00   3.8700684E+03   3.8779089E+03
   2.6331162E+00   3.8534438E+03   3.8620249E+03
   2.6512024E+00   3.7949316E+03   3.8039170E+03
   2.6677873E+00   3.7590032E+03   3.7684456E+03
   2.6837354E+00   3.7790344E+03   3.7894680E+03
   2.6999228E+00   3.6728552E+03   3.6833828E+03
   2.7156932E+00   3.7336812E+03   3.7457915E+03
   2.7366018E+00   3.6785510E+03   3.6915625E+03
   2.7522304E+00   3.6706624E+03   3.6846602E+03
   2.7683976E+00   3.6368445E+03   3.6513735E+03
   2.7849374E+00   3.6180535E+03   3.6330911E+03
   2.8017972E+00   3.6164658E+03   3.6322634E+03
   2.8189602E+00   3.5929846E+03   3.6088530E+03
   2.8347073E+00   3.5704355E+03   3.5859360E+03
   2.8544962E+00   3.5603035E+03   3.5753208E+03
   2.8706219E+00   3.5655818E+03   3.5803667E+03
   2.8869150E+00   3.5627769E+03   3.5769822E+03
   2.9035523E+00   3.5494377E+03   3.5624482E+03
   2.9212391E+00   3.5444841E+03   3.5562705E+03
   2.9389517E+00   3.5452295E+03   3.5559355E+03
   2.9567442E+00   3.5459871E+03   3.5554133E+03
   2.9685738E+00   3.5462065E+03   3.5547639E+03
   2.9862790E+00   3.5473469E+03   3.5547065E+03
   3.0040326E+00   3.5506833E+03   3.5568389E+03
   3.0219450E+00   3.5563528E+03   3.5613594E+03
   3.0401039E+00   3.5644412E+03   3.5683157E+03
   3.0523880E+00   3.5692173E+03   3.5723901E+03
   3.0711644E+00   3.5878835E+03   3.5895320E+03
   3.0904675E+00   3.5809858E+03   3.5825530E+03
   3.1036060E+00   3.6231267E+03   3.6225095E+03
   3.1237450E+00   3.5971272E+03   3.5977727E+03
   3.1371148E+00   3.6307126E+03   3.6292053E+03
   3.1556597E+00   3.6326199E+03   3.6316570E+03
   3.1727507E+00   3.6527134E+03   3.6510916E+03
   3.1896989E+00   3.6726807E+03   3.6700552E+03
   3.2087610E+00   3.6801990E+03   3.6777153E+03
   3.2217612E+00   3.7627717E+03   3.7586389E+03
   3.2413855E+00   3.6884189E+03   3.6855916E+03
   3.2610250E+00   3.7470891E+03   3.7430461E+03
   3.2739511E+00   3.8247251E+03   3.8193696E+03
   3.2925799E+00   3.8009429E+03   3.7955840E+03
   3.3107564E+00   3.8075493E+03   3.8016221E+03
   3.3226054E+00   3.8569963E+03   3.8499819E+03
   3.3405144E+00   3.8985132E+03   3.8903157E+03
   3.3595440E+00   3.9136267E+03   3.9043572E+03
   3.3786440E+00   3.9520708E+03   3.9414744E+03
   3.3911099E+00   3.9793169E+03   3.9678477E+03
   3.4101830E+00   4.0139500E+03   4.0012512E+03
   3.4294167E+00   4.0420823E+03   4.0280449E+03
   3.4422700E+00   4.0945220E+03   4.0793794E+03
   3.4616604E+00   4.0858928E+03   4.0692690E+03
   3.4747055E+00   4.1404419E+03   4.1225464E+03
   3.4942129E+00   4.1630366E+03   4.1429893E+03
   3.5120850E+00   4.2151221E+03   4.1927817E+03
   3.5284922E+00   4.2402520E+03   4.2156035E+03
   3.5429003E+00   4.2748682E+03   4.2478262E+03
   3.5605838E+00   4.2921470E+03   4.2620000E+03
   3.5798364E+00   4.3368472E+03   4.3038506E+03
   3.5961845E+00   4.3584639E+03   4.3228618E+03
   3.6113396E+00   4.3651357E+03   4.3264624E+03
   3.6292112E+00   4.3928955E+03   4.3509971E+03
   3.6460061E+00   4.4111157E+03   4.3665767E+03
   3.6619532E+00   4.4470039E+03   4.4000386E+03
   3.6804156E+00   4.4572354E+03   4.4078604E+03
   3.6953475E+00   4.4687993E+03   4.4177705E+03
   3.7128217E+00   4.4808398E+03   4.4282158E+03
   3.7299829E+00   4.4867319E+03   4.4328330E+03
   3.7468147E+00   4.4921763E+03   4.4374072E+03
   3.7646172E+00   4.4923989E+03   4.4373501E+03
   3.7801790E+00   4.4919883E+03   4.4367285E+03
   3.7968650E+00   4.4862173E+03   4.4315791E+03
   3.8137417E+00   4.4793271E+03   4.4258228E+03
   3.8308787E+00   4.4686670E+03   4.4166270E+03
   3.8476663E+00   4.4538833E+03   4.4039673E+03
   3.8648558E+00   4.4405928E+03   4.3928857E+03
   3.8821878E+00   4.4175522E+03   4.3729473E+03
   3.8995609E+00   4.3993779E+03   4.3577808E+03
   3.9166260E+00   4.2904639E+03   4.2547637E+03
   3.9330232E+00   4.3804653E+03   4.3446069E+03
   3.9484727E+00   4.3127344E+03   4.2806855E+03
   3.9652917E+00   4.3079585E+03   4.2787852E+03
   3.9846432E+00   4.2215322E+03   4.1968403E+03
   4.0000730E+00   4.2096538E+03   4.1877720E+03
   4.0182524E+00   4.2179834E+03   4.1990571E+03
   4.0347342E+00   4.1588647E+03   4.1432349E+03
   4.0505085E+00   4.1483472E+03   4.1349536E+03
   4.0676808E+00   4.1097891E+03   4.0988716E+03
   4.0863047E+00   4.0778955E+03   4.0697373E+03
   4.1002784E+00   4.0029331E+03   3.9966370E+03
   4.1174870E+00   4.0407063E+03   4.0364587E+03
   4.1351051E+00   3.9689304E+03   3.9667634E+03
   4.1516757E+00   3.9356868E+03   3.9347395E+03
   4.1678314E+00   3.9375427E+03   3.9385962E+03
   4.1884508E+00   3.8903271E+03   3.8925554E+03
   4.2034512E+00   3.8705925E+03   3.8739570E+03
   4.2193470E+00   3.8397993E+03   3.8439404E+03
   4.2356472E+00   3.8633381E+03   3.8686282E+03
   4.2520728E+00   3.7528567E+03   3.7583704E+03
   4.2682691E+00   3.7760110E+03   3.7826760E+03
   4.2892995E+00   3.7164768E+03   3.7229211E+03
   4.3047509E+00   3.7175771E+03   3.7253757E+03
   4.3230033E+00   3.7179578E+03   3.7270039E+03
   4.3368297E+00   3.6740923E+03   3.6833655E+03
   4.3560381E+00   3.6698608E+03   3.6801270E+03
   4.3697071E+00   3.6282969E+03   3.6388818E+03
   4.3890190E+00   3.6376409E+03   3.6495583E+03
   4.4071712E+00   3.5979729E+03   3.6101104E+03
   4.4226809E+00   3.6111523E+03   3.6244771E+03
   4.4385967E+00   3.5999861E+03   3.6136433E+03
   4.4558525E+00   3.5867039E+03   3.6007039E+03
   4.4741616E+00   3.5814438E+03   3.5955439E+03
   4.4923892E+00   3.5660911E+03   3.5796565E+03
   4.5083270E+00   3.5719766E+03   3.5854248E+03
   4.5243840E+00   3.5511946E+03   3.5634412E+03
   4.5402908E+00   3.5647615E+03   3.5767847E+03
   4.5555663E+00   3.5609043E+03   3.5719436E+03
   4.5762310E+00   3.5556096E+03   3.5652107E+03
   4.5915666E+00   3.5573325E+03   3.5657898E+03
   4.6074085E+00   3.5607109E+03   3.5685535E+03
   4.6228485E+00   3.5669485E+03   3.5739077E+03
   4.6442175E+00   3.5614741E+03   3.5667373E+03
   4.6604238E+00   3.5665161E+03   3.5709688E+03
   4.6768184E+00   3.5747354E+03   3.5783962E+03
   4.6934328E+00   3.5845107E+03   3.5872734E+03
   4.7103095E+00   3.5888828E+03   3.5908823E+03
   4.7272215E+00   3.5951130E+03   3.5963362E+03
   4.7441459E+00   3.6040442E+03   3.6047029E+03
   4.7602124E+00   3.6363225E+03   3.6357637E+03
   4.7762518E+00   3.6199675E+03   3.6195325E+03
   4.7917891E+00   3.6360081E+03   3.6352246E+03
   4.8100238E+00   3.6571018E+03   3.6555325E+03
   4.8259840E+00   3.6723354E+03   3.6703347E+03
   4.8426414E+00   3.6723259E+03   3.6703750E+03
   4.8610868E+00   3.7009832E+03   3.6984209E+03
   4.8768153E+00   3.7119839E+03   3.7091921E+03
   4.8940725E+00   3.7341426E+03   3.7310291E+03
   4.9104748E+00   3.7445154E+03   3.7411650E+03
   4.9278560E+00   3.8135750E+03   3.8088232E+03
   4.9453406E+00   3.7777908E+03   3.7737231E+03
   4.9616508E+00   3.8427554E+03   3.8372068E+03
   4.9811196E+00   3.8311135E+03   3.8256794E+03
   4.9957695E+00   3.8823447E+03   3.8757156E+03
   5.0151672E+00   3.8928887E+03   3.8853535E+03
   5.0307441E+00   3.9357371E+03   3.9268269E+03
   5.0458360E+00   3.9680146E+03   3.9580278E+03
   5.0656509E+00   4.0015701E+03   3.9901851E+03
   5.0798240E+00   4.0283174E+03   4.0157312E+03
   5.0967808E+00   4.0594614E+03   4.0455586E+03
   5.1150670E+00   4.0890845E+03   4.0737693E+03
   5.1293917E+00   4.1236895E+03   4.1071440E+03
   5.1467123E+00   4.1606802E+03   4.1426475E+03
   5.1645055E+00   4.1844336E+03   4.1647651E+03
   5.1822705E+00   4.2643701E+03   4.2430190E+03
   5.1991920E+00   4.2211211E+03   4.1976040E+03
   5.2166958E+00   4.3105874E+03   4.2851006E+03
   5.2314296E+00   4.2777983E+03   4.2499961E+03
   5.2484636E+00   4.3424321E+03   4.3122915E+03
   5.2663341E+00   4.3619893E+03   4.3292417E+03
   5.2842488E+00   4.3880615E+03   4.3529121E+03
   5.3013225E+00   4.4354399E+03   4.3985825E+03
   5.3171668E+00   4.4209565E+03   4.3807573E+03
   5.3351374E+00   4.4396919E+03   4.3967939E+03
   5.3496504E+00   4.4657495E+03   4.4214321E+03
   5.3665805E+00   4.4743149E+03   4.4281211E+03
   5.3856921E+00   4.4761055E+03   4.4281973E+03
   5.4018517E+00   4.4858740E+03   4.4371719E+03
   5.4194808E+00   4.4891045E+03   4.4400703E+03
   5.4353280E+00   4.4854160E+03   4.4359761E+03
   5.4523954E+00   4.4791235E+03   4.4302188E+03
   5.4689183E+00   4.4733794E+03   4.4252041E+03
   5.4850655E+00   4.4603589E+03   4.4136133E+03
   5.5027680E+00   4.4482876E+03   4.4029507E+03
   5.5198054E+00   4.4309644E+03   4.3880015E+03
   5.5367193E+00   4.3866895E+03   4.3469512E+03
   5.5523257E+00   4.4172065E+03   4.3779312E+03
   5.5690370E+00   4.3684346E+03   4.3332275E+03
   5.5860105E+00   4.3417529E+03   4.3096748E+03
   5.6033001E+00   4.3227588E+03   4.2938164E+03
   5.6213799E+00   4.3035669E+03   4.2781313E+03
   5.6371889E+00   4.2529624E+03   4.2305933E+03
   5.6542997E+00   4.2248071E+03   4.2055112E+03
   5.6715980E+00   4.1973281E+03   4.1811162E+03
   5.6897054E+00   4.1710024E+03   4.1577207E+03
   5.7046623E+00   4.0783748E+03   4.0674182E+03
   5.7227697E+00   4.0832144E+03   4.0746704E+03
   5.7377224E+00   4.0835527E+03   4.0768562E+03
   5.7568974E+00   4.0433179E+03   4.0389504E+03
   5.7731628E+00   3.9760190E+03   3.9732502E+03
   5.7903228E+00   3.9888557E+03   3.9880010E+03
   5.8073382E+00   3.9452061E+03   3.9458059E+03
   5.8241396E+00   3.9107432E+03   3.9125774E+03
   5.8412786E+00   3.8786624E+03   3.8816367E+03
   5.8578382E+00   3.8437637E+03   3.8477241E+03
   5.8749223E+00   3.8575361E+03   3.8624797E+03
   5.8917465E+00   3.7869741E+03   3.7924985E+03
   5.9084458E+00   3.7729851E+03   3.7793831E+03
   5.9253297E+00   3.7463076E+03   3.7535591E+03
   5.9402475E+00   3.7311897E+03   3.7384592E+03
   5.9584541E+00   3.7098389E+03   3.7183428E+03
   5.9760938E+00   3.6800730E+03   3.6889709E+03
   5.9941392E+00   3.6663057E+03   3.6761123E+03
   6.0087566E+00   3.6537168E+03   3.6643030E+03
   6.0276532E+00   3.6415447E+03   3.6532390E+03
   6.0430694E+00   3.6158916E+03   3.6281428E+03
   6.0585136E+00   3.6008171E+03   3.6136863E+03
   6.0782337E+00   3.5770098E+03   3.5904270E+03
   6.0943532E+00   3.5775156E+03   3.5915156E+03
   6.1108651E+00   3.5704651E+03   3.5849963E+03
   6.1277156E+00   3.5566240E+03   3.5709548E+03
   6.1445894E+00   3.5457002E+03   3.5598364E+03
   6.1616168E+00   3.5411997E+03   3.5549409E+03
   6.1788931E+00   3.5360840E+03   3.5491099E+03
   6.1954298E+00   3.5288538E+03   3.5410312E+03
   6.2133474E+00   3.5262944E+03   3.5375569E+03
   6.2276583E+00   3.5236917E+03   3.5341069E+03
   6.2463140E+00   3.5204504E+03   3.5296609E+03
   6.2647839E+00   3.5184326E+03   3.5265959E+03
   6.2790899E+00   3.5174099E+03   3.5246851E+03
   6.2980499E+00   3.5178987E+03   3.5241111E+03
   6.3118515E+00   3.5181174E+03   3.5235698E+03
   6.3302412E+00   3.5191279E+03   3.5236365E+03
   6.3486595E+00   3.5210278E+03   3.5246045E+03
   6.3620162E+00   3.5227520E+03   3.5257256E+03
   6.3799019E+00   3.5262097E+03   3.5283921E+03
   6.3979340E+00   3.5310742E+03   3.5325156E+03
   6.4163795E+00   3.5355833E+03   3.5363047E+03
   6.4305077E+00   3.5395107E+03   3.5397314E+03
   6.4494681E+00   3.5456875E+03   3.5452271E+03
   6.4636831E+00   3.5617065E+03   3.5603372E+03
   6.4824085E+00   3.5582903E+03   3.5564111E+03
   6.5009937E+00   3.5652346E+03   3.5634844E+03
   6.5149078E+00   3.5865032E+03   3.5836631E+03
   6.5332704E+00   3.5787517E+03   3.5761741E+03
   6.5515447E+00   3.6182183E+03   3.6137007E+03
   6.5652199E+00   3.5919973E+03   3.5890710E+03
   6.5834155E+00   3.6168186E+03   3.6131990E+03
   6.6015539E+00   3.6273464E+03   3.6230574E+03
   6.6151614E+00   3.6393472E+03   3.6348879E+03
   6.6332431E+00   3.6536841E+03   3.6491204E+03
   6.6513686E+00   3.6695337E+03   3.6646838E+03
   6.6695189E+00   3.6866487E+03   3.6817698E+03
   6.6831503E+00   3.7287249E+03   3.7230688E+03
   6.7009001E+00   3.7108987E+03   3.7059824E+03
   6.7177248E+00   3.7207095E+03   3.7154424E+03
   6.7343674E+00   3.7868210E+03   3.7809370E+03
   6.7508116E+00   3.7381353E+03   3.7327139E+03
   6.7707052E+00   3.7845481E+03   3.7784749E+03
   6.7866673E+00   3.8102856E+03   3.8038860E+03
   6.8016081E+00   3.8377004E+03   3.8307773E+03
   6.8206997E+00   3.8608474E+03   3.8532427E+03
   6.8364348E+00   3.8788433E+03   3.8705615E+03
   6.8521943E+00   3.8955562E+03   3.8865159E+03
   6.8683171E+00   3.9814604E+03   3.9711829E+03
   6.8880916E+00   3.9165996E+03   3.9058203E+03
   6.9054303E+00   3.9884077E+03   3.9765789E+03
   6.9198427E+00   3.9706902E+03   3.9583547E+03
   6.9375234E+00   3.9886501E+03   3.9757703E+03
   6.9562926E+00   4.0369939E+03   4.0231292E+03
   6.9709063E+00   4.0485300E+03   4.0340979E+03
   6.9889932E+00   4.0927417E+03   4.0774512E+03
   7.0048189E+00   4.1051479E+03   4.0890740E+03
   7.0224094E+00   4.1201821E+03   4.1032158E+03
   7.0399098E+00   4.1409673E+03   4.1229443E+03
   7.0543027E+00   4.1594956E+03   4.1407803E+03
   7.0718241E+00   4.1721099E+03   4.1524341E+03
   7.0896888E+00   4.1820918E+03   4.1613589E+03
   7.1071062E+00   4.1985557E+03   4.1771875E+03
   7.1250510E+00   4.2032554E+03   4.1811582E+03
   7.1392565E+00   4.2106748E+03   4.1882998E+03
   7.1564765E+00   4.2143037E+03   4.1914424E+03
   7.1737480E+00   4.2166924E+03   4.1936216E+03
   7.1908002E+00   4.2158887E+03   4.1927603E+03
   7.2078161E+00   4.2136992E+03   4.1907437E+03
   7.2250896E+00   4.2033081E+03   4.1817017E+03
   7.2426882E+00   4.2071299E+03   4.1845620E+03
   7.2570744E+00   4.1816987E+03   4.1610996E+03
   7.2750902E+00   4.1908726E+03   4.1699858E+03
   7.2935472E+00   4.1764409E+03   4.1569526E+03
   7.3083191E+00   4.1388853E+03   4.1213262E+03
   7.3266616E+00   4.1327036E+03   4.1165527E+03
   7.3426056E+00   4.1272988E+03   4.1118423E+03
   7.3587775E+00   4.0991548E+03   4.0856099E+03
   7.3761311E+00   4.0788157E+03   4.0671169E+03
   7.3947206E+00   4.0600007E+03   4.0499109E+03
   7.4095216E+00   4.0370974E+03   4.0284788E+03
   7.4283433E+00   4.0226609E+03   4.0156526E+03
   7.4435005E+00   3.9888577E+03   3.9834087E+03
   7.4625392E+00   3.9532556E+03   3.9496829E+03
   7.4779363E+00   3.9313398E+03   3.9289795E+03
   7.4929290E+00   3.8920310E+03   3.8909299E+03
   7.5114355E+00   3.8966184E+03   3.8967405E+03
   7.5300775E+00   3.8558110E+03   3.8573955E+03
   7.5444989E+00   3.8332061E+03   3.8354148E+03
   7.5630035E+00   3.7602559E+03   3.7637412E+03
   7.5781593E+00   3.7835752E+03   3.7879729E+03
   7.5959239E+00   3.7466921E+03   3.7518459E+03
   7.6141510E+00   3.7170828E+03   3.7234460E+03
   7.6288791E+00   3.6899658E+03   3.6968486E+03
   7.6457148E+00   3.6670435E+03   3.6746423E+03
   7.6627131E+00   3.6398647E+03   3.6481396E+03
   7.6791873E+00   3.6159834E+03   3.6249333E+03
   7.6985335E+00   3.5862744E+03   3.5960488E+03
   7.7140217E+00   3.5716294E+03   3.5822764E+03
   7.7298827E+00   3.5437585E+03   3.5552019E+03
   7.7476935E+00   3.5245005E+03   3.5372151E+03
   7.7657771E+00   3.5035237E+03   3.5176790E+03
   7.7810907E+00   3.4827656E+03   3.4980977E+03
   7.7997169E+00   3.4625457E+03   3.4792263E+03
   7.8155360E+00   3.4448357E+03   3.4625642E+03
   7.8315382E+00   3.4286201E+03   3.4471760E+03
   7.8477283E+00   3.4130364E+03   3.4321750E+03
   7.8676476E+00   3.3956956E+03   3.4152434E+03
   7.8844948E+00   3.3815103E+03   3.4009846E+03
   7.8981996E+00   3.3706245E+03   3.3897563E+03
   7.9155507E+00   3.3578938E+03   3.3761968E+03
   7.9330530E+00   3.3490974E+03   3.3662185E+03
   7.9505825E+00   3.3383628E+03   3.3540344E+03
   7.9681706E+00   3.3321851E+03   3.3463704E+03
   7.9860010E+00   3.3234502E+03   3.3359338E+03
   8.0000734E+00   3.3189385E+03   3.3300833E+03
   8.0175819E+00   3.3119348E+03   3.3214636E+03
   8.0345821E+00   3.3079221E+03   3.3159436E+03
   8.0517187E+00   3.3034624E+03   3.3099507E+03
   8.0683966E+00   3.3012778E+03   3.3064229E+03
   8.0853319E+00   3.2985789E+03   3.3023159E+03
   8.1023169E+00   3.2971558E+03   3.2994907E+03
   8.1204824E+00   3.2969854E+03   3.2978816E+03
   8.1368208E+00   3.2971777E+03   3.2968474E+03
   8.1542940E+00   3.2993542E+03   3.2976936E+03
   8.1702461E+00   3.3005464E+03   3.2980300E+03
   8.1863708E+00   3.3047549E+03   3.3008665E+03
   8.2034149E+00   3.3052957E+03   3.3011492E+03
   8.2204990E+00   3.3119976E+03   3.3066902E+03
   8.2375669E+00   3.3176765E+03   3.3113020E+03
   8.2540178E+00   3.3234961E+03   3.3164915E+03
   8.2726784E+00   3.3346746E+03   3.3268120E+03
   8.2874146E+00   3.3435095E+03   3.3351399E+03
   8.3042088E+00   3.3510942E+03   3.3423267E+03
   8.3226624E+00   3.3652812E+03   3.3562012E+03
   8.3375463E+00   3.3737175E+03   3.3645422E+03
   8.3559256E+00   3.3937144E+03   3.3842544E+03
   8.3720074E+00   3.4022166E+03   3.3927683E+03
   8.3882465E+00   3.4216580E+03   3.4122131E+03
   8.4064589E+00   3.4434993E+03   3.4342024E+03
   8.4239836E+00   3.4693967E+03   3.4599155E+03
   8.4389505E+00   3.4808853E+03   3.4716589E+03
   8.4569111E+00   3.5057559E+03   3.4965085E+03
   8.4751835E+00   3.5309194E+03   3.5217153E+03
   8.4916553E+00   3.5570442E+03   3.5477515E+03
   8.5074778E+00   3.5856409E+03   3.5758921E+03
   8.5233850E+00   3.6100291E+03   3.6003943E+03
   8.5425797E+00   3.6439116E+03   3.6334534E+03
   8.5585938E+00   3.6718772E+03   3.6607090E+03
   8.5747404E+00   3.7048345E+03   3.6928259E+03
   8.5911818E+00   3.7450542E+03   3.7319680E+03
   8.6079683E+00   3.7680337E+03   3.7539612E+03
   8.6247768E+00   3.8176013E+03   3.8023882E+03
   8.6418295E+00   3.8443984E+03   3.8284307E+03
   8.6590214E+00   3.8693684E+03   3.8527061E+03
   8.6761703E+00   3.9283438E+03   3.9111057E+03
   8.6931152E+00   3.9444500E+03   3.9267483E+03
   8.7089500E+00   3.9867864E+03   3.9685457E+03
   8.7269335E+00   4.0245806E+03   4.0054700E+03
   8.7451200E+00   4.0465078E+03   4.0262825E+03
   8.7606659E+00   4.0801140E+03   4.0587483E+03
   8.7790728E+00   4.1080239E+03   4.0850662E+03
   8.7948942E+00   4.1354453E+03   4.1111787E+03
   8.8099937E+00   4.1502524E+03   4.1246963E+03
   8.8272238E+00   4.1699355E+03   4.1430752E+03
   8.8437824E+00   4.1905459E+03   4.1627656E+03
   8.8622475E+00   4.2015825E+03   4.1728467E+03
   8.8776178E+00   4.2069053E+03   4.1771733E+03
   8.8952284E+00   4.2185181E+03   4.1887168E+03
   8.9131117E+00   4.2152295E+03   4.1848423E+03
   8.9293442E+00   4.2167852E+03   4.1868154E+03
   8.9475851E+00   4.2086724E+03   4.1786602E+03
   8.9638119E+00   4.2039717E+03   4.1757710E+03
   8.9789991E+00   4.1954810E+03   4.1677305E+03
   8.9970427E+00   4.1763242E+03   4.1504653E+03
   9.0130672E+00   4.1652964E+03   4.1414077E+03
   9.0299311E+00   4.1459990E+03   4.1241738E+03
   9.0472374E+00   4.1159688E+03   4.0968374E+03
   9.0647860E+00   4.0928499E+03   4.0766460E+03
   9.0808458E+00   4.0710579E+03   4.0569683E+03
   9.0977669E+00   4.0381345E+03   4.0266736E+03
   9.1150131E+00   4.0126340E+03   4.0038467E+03
   9.1330414E+00   3.9584170E+03   3.9526008E+03
   9.1486950E+00   3.9465420E+03   3.9425574E+03
   9.1662865E+00   3.9107712E+03   3.9086379E+03
   9.1834831E+00   3.8765632E+03   3.8765156E+03
   9.2004080E+00   3.8443589E+03   3.8458064E+03
   9.2173557E+00   3.8052239E+03   3.8083499E+03
   9.2334919E+00   3.7735117E+03   3.7777922E+03
   9.2500362E+00   3.7400593E+03   3.7455444E+03
   9.2666178E+00   3.7074912E+03   3.7141333E+03
   9.2832403E+00   3.6711074E+03   3.6790522E+03
   9.3021116E+00   3.6377280E+03   3.6467585E+03
   9.3190594E+00   3.6032261E+03   3.6130933E+03
   9.3351698E+00   3.5744119E+03   3.5850994E+03
   9.3513479E+00   3.5254075E+03   3.5365381E+03
   9.3695621E+00   3.4925212E+03   3.5039668E+03
   9.3851280E+00   3.5010520E+03   3.5147090E+03
   9.4029799E+00   3.4646816E+03   3.4796001E+03
   9.4179668E+00   3.4338928E+03   3.4493137E+03
   9.4348669E+00   3.4137156E+03   3.4305928E+03
   9.4534054E+00   3.3876770E+03   3.4059070E+03
   9.4695940E+00   3.3664556E+03   3.3856072E+03
   9.4856110E+00   3.3472922E+03   3.3672041E+03
   9.5043135E+00   3.3316626E+03   3.3521487E+03
   9.5209837E+00   3.3169893E+03   3.3375366E+03
   9.5379410E+00   3.3037136E+03   3.3238679E+03
   9.5552645E+00   3.2924768E+03   3.3117275E+03
   9.5703659E+00   3.2826282E+03   3.3008425E+03
   9.5883188E+00   3.2747407E+03   3.2914141E+03
   9.6039314E+00   3.2671033E+03   3.2821821E+03
   9.6221457E+00   3.2616753E+03   3.2749937E+03
   9.6373720E+00   3.2570481E+03   3.2689895E+03
   9.6556492E+00   3.2525623E+03   3.2626865E+03
   9.6709814E+00   3.2509719E+03   3.2597834E+03
   9.6895285E+00   3.2479858E+03   3.2551660E+03
   9.7051258E+00   3.2465208E+03   3.2524814E+03
   9.7229004E+00   3.2449141E+03   3.2495801E+03
   9.7387686E+00   3.2469045E+03   3.2504644E+03
   9.7571430E+00   3.2467122E+03   3.2490144E+03
   9.7729311E+00   3.2488889E+03   3.2502798E+03
   9.7899704E+00   3.2514299E+03   3.2516172E+03
   9.8076439E+00   3.2550867E+03   3.2545225E+03
   9.8229284E+00   3.2578767E+03   3.2565293E+03
   9.8406363E+00   3.2626426E+03   3.2604971E+03
   9.8583660E+00   3.2694819E+03   3.2664854E+03
   9.8737707E+00   3.2744097E+03   3.2708418E+03
   9.8919859E+00   3.2820151E+03   3.2777563E+03
   9.9075785E+00   3.2895750E+03   3.2847056E+03
   9.9257412E+00   3.3013403E+03   3.2959634E+03
   9.9412870E+00   3.3090388E+03   3.3031846E+03
   9.9594469E+00   3.3214597E+03   3.3152307E+03
   9.9750099E+00   3.3298201E+03   3.3233408E+03
   9.9931498E+00   3.3391221E+03   3.3324929E+03
   1.0008684E+01   3.3610452E+03   3.3539507E+03
   1.0026780E+01   3.3754434E+03   3.3680447E+03
   1.0044846E+01   3.3928643E+03   3.3855137E+03
   1.0060294E+01   3.4124797E+03   3.4050476E+03
   1.0078321E+01   3.4335413E+03   3.4259065E+03
   1.0093847E+01   3.4488215E+03   3.4414055E+03
   1.0111762E+01   3.4723933E+03   3.4648552E+03
   1.0127100E+01   3.4952476E+03   3.4876099E+03
   1.0144981E+01   3.5216904E+03   3.5139221E+03
   1.0162934E+01   3.5460173E+03   3.5381543E+03
   1.0178321E+01   3.5737808E+03   3.5655806E+03
   1.0196228E+01   3.5988894E+03   3.5904473E+03
   1.0211439E+01   3.6252957E+03   3.6165049E+03
   1.0228982E+01   3.6629880E+03   3.6535806E+03
   1.0246486E+01   3.6856475E+03   3.6753398E+03
   1.0263827E+01   3.7181443E+03   3.7067317E+03
   1.0280634E+01   3.7736497E+03   3.7610974E+03
   1.0297103E+01   3.7781628E+03   3.7649106E+03
   1.0312903E+01   3.8356326E+03   3.8215159E+03
   1.0330668E+01   3.8569563E+03   3.8422603E+03
   1.0348546E+01   3.8881565E+03   3.8728423E+03
   1.0364284E+01   3.9321909E+03   3.9163418E+03
   1.0382171E+01   3.9591841E+03   3.9425537E+03
   1.0397895E+01   3.9887678E+03   3.9713420E+03
   1.0415921E+01   4.0157568E+03   3.9970269E+03
   1.0431985E+01   4.0503699E+03   4.0304985E+03
   1.0448230E+01   4.0757190E+03   4.0545962E+03
   1.0466469E+01   4.0960850E+03   4.0733435E+03
   1.0482152E+01   4.1374067E+03   4.1138647E+03
   1.0500341E+01   4.1303755E+03   4.1048081E+03
   1.0516258E+01   4.1625688E+03   4.1365591E+03
   1.0532359E+01   4.1687104E+03   4.1415444E+03
   1.0550876E+01   4.1776147E+03   4.1497993E+03
   1.0567155E+01   4.1824258E+03   4.1534355E+03
   1.0583597E+01   4.1898657E+03   4.1616084E+03
   1.0599868E+01   4.1841812E+03   4.1550659E+03
   1.0616831E+01   4.1779414E+03   4.1499487E+03
   1.0635019E+01   4.1710137E+03   4.1432734E+03
   1.0651464E+01   4.1621416E+03   4.1356499E+03
   1.0669182E+01   4.1432930E+03   4.1186606E+03
   1.0684218E+01   4.1332705E+03   4.1103130E+03
   1.0701701E+01   4.1080342E+03   4.0869744E+03
   1.0718410E+01   4.0882712E+03   4.0698608E+03
   1.0735940E+01   4.0442649E+03   4.0285146E+03
   1.0753362E+01   4.0438911E+03   4.0303042E+03
   1.0769915E+01   4.0008367E+03   3.9902959E+03
   1.0786407E+01   3.9844946E+03   3.9760632E+03
   1.0803201E+01   3.9321377E+03   3.9258835E+03
   1.0820263E+01   3.9206074E+03   3.9163091E+03
   1.0837642E+01   3.8787112E+03   3.8765171E+03
   1.0853325E+01   3.8251521E+03   3.8246455E+03
   1.0871343E+01   3.7760654E+03   3.7772363E+03
   1.0887324E+01   3.7513547E+03   3.7530894E+03
   1.0904704E+01   3.7419790E+03   3.7455925E+03
   1.0921855E+01   3.7138040E+03   3.7185938E+03
   1.0938996E+01   3.6954961E+03   3.7016670E+03
   1.0954457E+01   3.6516165E+03   3.6586001E+03
   1.0972062E+01   3.6317312E+03   3.6400583E+03
   1.0989601E+01   3.5747495E+03   3.5839080E+03
   1.1005210E+01   3.5820354E+03   3.5915676E+03
   1.1022837E+01   3.5384436E+03   3.5491309E+03
   1.1040270E+01   3.5012700E+03   3.5122532E+03
   1.1055510E+01   3.4931860E+03   3.5055461E+03
   1.1074211E+01   3.4538899E+03   3.4674141E+03
   1.1090877E+01   3.4350786E+03   3.4499265E+03
   1.1107326E+01   3.3823872E+03   3.3979937E+03
   1.1123785E+01   3.4019368E+03   3.4195615E+03
   1.1141343E+01   3.3797908E+03   3.3984670E+03
   1.1157469E+01   3.3553567E+03   3.3749163E+03
   1.1173794E+01   3.3386938E+03   3.3587256E+03
   1.1192265E+01   3.3218545E+03   3.3417104E+03
   1.1207378E+01   3.3106577E+03   3.3306794E+03
   1.1224655E+01   3.3007007E+03   3.3204409E+03
   1.1242217E+01   3.2926421E+03   3.3113708E+03
   1.1258122E+01   3.2832019E+03   3.3007175E+03
   1.1275853E+01   3.2835894E+03   3.2995815E+03
   1.1293518E+01   3.2727214E+03   3.2875330E+03
   1.1308729E+01   3.2649844E+03   3.2777886E+03
   1.1326076E+01   3.2535789E+03   3.2648511E+03
   1.1342937E+01   3.2547134E+03   3.2645447E+03
   1.1360041E+01   3.2499390E+03   3.2582332E+03
   1.1376981E+01   3.2484336E+03   3.2553362E+03
   1.1394253E+01   3.2443433E+03   3.2498101E+03
   1.1411511E+01   3.2459062E+03   3.2501770E+03
   1.1427236E+01   3.2437217E+03   3.2472896E+03
   1.1444910E+01   3.2447717E+03   3.2470325E+03
   1.1462506E+01   3.2455327E+03   3.2465491E+03
   1.1478480E+01   3.2493220E+03   3.2497388E+03
   1.1494415E+01   3.2506760E+03   3.2500984E+03
   1.1512327E+01   3.2528835E+03   3.2515820E+03
   1.1528315E+01   3.2591228E+03   3.2566987E+03
   1.1546513E+01   3.2612236E+03   3.2582932E+03
   1.1562926E+01   3.2672197E+03   3.2635642E+03
   1.1579485E+01   3.2733862E+03   3.2690920E+03
   1.1596044E+01   3.2876252E+03   3.2825549E+03
   1.1612629E+01   3.2825090E+03   3.2771428E+03
   1.1631139E+01   3.2885774E+03   3.2828003E+03
   1.1647465E+01   3.3080835E+03   3.3020334E+03
   1.1663672E+01   3.3185571E+03   3.3120161E+03
   1.1681811E+01   3.3145964E+03   3.3069780E+03
   1.1697868E+01   3.3468181E+03   3.3396230E+03
   1.1713842E+01   3.3477915E+03   3.3401135E+03
   1.1731733E+01   3.3630652E+03   3.3547100E+03
   1.1747571E+01   3.3924795E+03   3.3845276E+03
   1.1765320E+01   3.4072585E+03   3.3999070E+03
   1.1783134E+01   3.4290828E+03   3.4213259E+03
   1.1798892E+01   3.4465552E+03   3.4388301E+03
   1.1816552E+01   3.4685669E+03   3.4608159E+03
   1.1832205E+01   3.4929675E+03   3.4852703E+03
   1.1849749E+01   3.5156963E+03   3.5075144E+03
   1.1867235E+01   3.5498914E+03   3.5415161E+03
   1.1882744E+01   3.5608345E+03   3.5522671E+03
   1.1900027E+01   3.6219626E+03   3.6126294E+03
   1.1916972E+01   3.6058889E+03   3.5965935E+03
   1.1933629E+01   3.6592803E+03   3.6490969E+03
   1.1951853E+01   3.6917944E+03   3.6803633E+03
   1.1967739E+01   3.7331199E+03   3.7206768E+03
   1.1985205E+01   3.7531633E+03   3.7398787E+03
   1.2001059E+01   3.7851042E+03   3.7710364E+03
   1.2018678E+01   3.8289744E+03   3.8142561E+03
   1.2036119E+01   3.8518318E+03   3.8366648E+03
   1.2051897E+01   3.8816755E+03   3.8660652E+03
   1.2069285E+01   3.9248718E+03   3.9088252E+03
   1.2086642E+01   3.9493162E+03   3.9325662E+03
   1.2102180E+01   3.9782402E+03   3.9607190E+03
   1.2119588E+01   4.0029348E+03   3.9843198E+03
   1.2136600E+01   4.0377759E+03   4.0181865E+03
   1.2153610E+01   4.0542419E+03   4.0332373E+03
   1.2170713E+01   4.0818262E+03   4.0596943E+03
   1.2187892E+01   4.1022788E+03   4.0792483E+03
   1.2205098E+01   4.1136108E+03   4.0894292E+03
   1.2220645E+01   4.1277002E+03   4.1027925E+03
   1.2237979E+01   4.1368281E+03   4.1113960E+03
   1.2255419E+01   4.1407959E+03   4.1147124E+03
   1.2271283E+01   4.1445234E+03   4.1178647E+03
   1.2289091E+01   4.1443306E+03   4.1183608E+03
   1.2305143E+01   4.1393159E+03   4.1129609E+03
   1.2323027E+01   4.1308994E+03   4.1054761E+03
   1.2339175E+01   4.1180034E+03   4.0941689E+03
   1.2356282E+01   4.1083550E+03   4.0858667E+03
   1.2372742E+01   4.0917947E+03   4.0705291E+03
   1.2390446E+01   4.0657354E+03   4.0465388E+03
   1.2406488E+01   4.0543945E+03   4.0373816E+03
   1.2424239E+01   4.0239031E+03   4.0096641E+03
   1.2439869E+01   4.0078340E+03   3.9957766E+03
   1.2457049E+01   3.9808281E+03   3.9712109E+03
   1.2473837E+01   3.9448474E+03   3.9374666E+03
   1.2491475E+01   3.9246343E+03   3.9187119E+03
   1.2507955E+01   3.8850874E+03   3.8820596E+03
   1.2524530E+01   3.8597275E+03   3.8582876E+03
   1.2541378E+01   3.7960203E+03   3.7969495E+03
   1.2558416E+01   3.7876643E+03   3.7899336E+03
   1.2575711E+01   3.7162224E+03   3.7196892E+03
   1.2593224E+01   3.6923901E+03   3.6962852E+03
   1.2609267E+01   3.6934419E+03   3.6994153E+03
   1.2626863E+01   3.5991287E+03   3.6059170E+03
   1.2642461E+01   3.5887454E+03   3.5965630E+03
   1.2659366E+01   3.6088735E+03   3.6170688E+03
   1.2676210E+01   3.5475581E+03   3.5574199E+03
   1.2693034E+01   3.5297727E+03   3.5404172E+03
   1.2711235E+01   3.5019307E+03   3.5129697E+03
   1.2727645E+01   3.4776743E+03   3.4896907E+03
   1.2744154E+01   3.4581196E+03   3.4711177E+03
   1.2760818E+01   3.4389055E+03   3.4527793E+03
   1.2777575E+01   3.3970259E+03   3.4122258E+03
   1.2794386E+01   3.3713811E+03   3.3879404E+03
   1.2812543E+01   3.3486306E+03   3.3665134E+03
   1.2829170E+01   3.3320984E+03   3.3511055E+03
   1.2846128E+01   3.3125881E+03   3.3322527E+03
   1.2863294E+01   3.2942808E+03   3.3144277E+03
   1.2878977E+01   3.2882769E+03   3.3087385E+03
   1.2896239E+01   3.2668679E+03   3.2865881E+03
   1.2913354E+01   3.2673779E+03   3.2859990E+03
   1.2930710E+01   3.2429380E+03   3.2609490E+03
   1.2946994E+01   3.2382385E+03   3.2555994E+03
   1.2964496E+01   3.2238611E+03   3.2394878E+03
   1.2980763E+01   3.2254346E+03   3.2392288E+03
   1.2996861E+01   3.1945034E+03   3.2068857E+03
   1.3014570E+01   3.2086030E+03   3.2181487E+03
   1.3032114E+01   3.1994231E+03   3.2091565E+03
   1.3048091E+01   3.2014509E+03   3.2088611E+03
   1.3065941E+01   3.1970786E+03   3.2036487E+03
   1.3082135E+01   3.1968027E+03   3.2021790E+03
   1.3098585E+01   3.1956050E+03   3.1997668E+03
   1.3115038E+01   3.1953450E+03   3.1983462E+03
   1.3133162E+01   3.1951685E+03   3.1970317E+03
   1.3149862E+01   3.1960920E+03   3.1969539E+03
   1.3166703E+01   3.1972017E+03   3.1971746E+03
   1.3183567E+01   3.1990566E+03   3.1978838E+03
   1.3200500E+01   3.2021755E+03   3.2002678E+03
   1.3217653E+01   3.2074802E+03   3.2046067E+03
   1.3233118E+01   3.2084031E+03   3.2050342E+03
   1.3250179E+01   3.2142571E+03   3.2101829E+03
   1.3267119E+01   3.2185784E+03   3.2138130E+03
   1.3284064E+01   3.2237520E+03   3.2182644E+03
   1.3300860E+01   3.2297268E+03   3.2238521E+03
   1.3317517E+01   3.2443140E+03   3.2376069E+03
   1.3335717E+01   3.2486018E+03   3.2415107E+03
   1.3352134E+01   3.2338333E+03   3.2272263E+03
   1.3368442E+01   3.2822480E+03   3.2735955E+03
   1.3386235E+01   3.2804285E+03   3.2721431E+03
   1.3402295E+01   3.2972073E+03   3.2890034E+03
   1.3419840E+01   3.3061201E+03   3.2978550E+03
   1.3435696E+01   3.3260977E+03   3.3176255E+03
   1.3453144E+01   3.3380508E+03   3.3295300E+03
   1.3470458E+01   3.3540603E+03   3.3456177E+03
   1.3487620E+01   3.3673499E+03   3.3590300E+03
   1.3504666E+01   3.4150481E+03   3.4068953E+03
   1.3521632E+01   3.3941155E+03   3.3860281E+03
   1.3538510E+01   3.4431978E+03   3.4350469E+03
   1.3555279E+01   3.4497166E+03   3.4406348E+03
   1.3571945E+01   3.4654890E+03   3.4564802E+03
   1.3588476E+01   3.5254573E+03   3.5161042E+03
   1.3604614E+01   3.5296819E+03   3.5204521E+03
   1.3621489E+01   3.5944309E+03   3.5836560E+03
   1.3639413E+01   3.5812280E+03   3.5702478E+03
   1.3655787E+01   3.6214312E+03   3.6095540E+03
   1.3673447E+01   3.6572463E+03   3.6438718E+03
   1.3689979E+01   3.7110859E+03   3.6969431E+03
   1.3706594E+01   3.7209268E+03   3.7060864E+03
   1.3723235E+01   3.7632766E+03   3.7478457E+03
   1.3739888E+01   3.7945901E+03   3.7786829E+03
   1.3756572E+01   3.8256841E+03   3.8094331E+03
   1.3774611E+01   3.8671335E+03   3.8503303E+03
   1.3790964E+01   3.8920261E+03   3.8745100E+03
   1.3808194E+01   3.9273647E+03   3.9089294E+03
   1.3824079E+01   3.9581533E+03   3.9388540E+03
   1.3841074E+01   3.9744854E+03   3.9539482E+03
   1.3858046E+01   4.0037041E+03   3.9819807E+03
   1.3875039E+01   4.0317107E+03   4.0088621E+03
   1.3892219E+01   4.0453330E+03   4.0214585E+03
   1.3909506E+01   4.0599426E+03   4.0352576E+03
   1.3925468E+01   4.0721580E+03   4.0464211E+03
   1.3942764E+01   4.0847998E+03   4.0590425E+03
   1.3960073E+01   4.0846912E+03   4.0564204E+03
   1.3976078E+01   4.0884980E+03   4.0604609E+03
   1.3993430E+01   4.0853167E+03   4.0587483E+03
   1.4010736E+01   4.0772368E+03   4.0507405E+03
   1.4026856E+01   4.0732217E+03   4.0474197E+03
   1.4044300E+01   4.0626816E+03   4.0382415E+03
   1.4061686E+01   4.0448972E+03   4.0205742E+03
   1.4077719E+01   4.0302197E+03   4.0099590E+03
   1.4095059E+01   4.0052793E+03   3.9876665E+03
   1.4112282E+01   3.9838647E+03   3.9675627E+03
   1.4128122E+01   3.9308958E+03   3.9180632E+03
   1.4146049E+01   3.9547930E+03   3.9431157E+03
   1.4161753E+01   3.8828970E+03   3.8741604E+03
   1.4179112E+01   3.8641885E+03   3.8572239E+03
   1.4195629E+01   3.8476797E+03   3.8432375E+03
   1.4213347E+01   3.8087227E+03   3.8065005E+03
   1.4229963E+01   3.7743672E+03   3.7740928E+03
   1.4246947E+01   3.7416567E+03   3.7428105E+03
   1.4263897E+01   3.7070056E+03   3.7099817E+03
   1.4280869E+01   3.6751108E+03   3.6795874E+03
   1.4297577E+01   3.6074036E+03   3.6117556E+03
   1.4314140E+01   3.6133479E+03   3.6213108E+03
   1.4330786E+01   3.5612417E+03   3.5715981E+03
   1.4347535E+01   3.5290129E+03   3.5378848E+03
   1.4365301E+01   3.4961414E+03   3.5061274E+03
   1.4381803E+01   3.4557502E+03   3.4657244E+03
   1.4398211E+01   3.4538582E+03   3.4660645E+03
   1.4415716E+01   3.3640635E+03   3.3758105E+03
   1.4432896E+01   3.3748469E+03   3.3874194E+03
   1.4448797E+01   3.3517568E+03   3.3657395E+03
   1.4466055E+01   3.3320625E+03   3.3473169E+03
   1.4483491E+01   3.3016975E+03   3.3183662E+03
   1.4499813E+01   3.2622385E+03   3.2798538E+03
   1.4516285E+01   3.2581128E+03   3.2767400E+03
   1.4533975E+01   3.2424187E+03   3.2619563E+03
   1.4550405E+01   3.2229954E+03   3.2427832E+03
   1.4567329E+01   3.2078123E+03   3.2276716E+03
   1.4584184E+01   3.1971487E+03   3.2167471E+03
   1.4600809E+01   3.1906653E+03   3.2094792E+03
   1.4618488E+01   3.2085212E+03   3.2260898E+03
   1.4635079E+01   3.1671682E+03   3.1836306E+03
   1.4651771E+01   3.1572312E+03   3.1722837E+03
   1.4668218E+01   3.1549714E+03   3.1688535E+03
   1.4685971E+01   3.1514006E+03   3.1636936E+03
   1.4702608E+01   3.1494836E+03   3.1601533E+03
   1.4719409E+01   3.1371426E+03   3.1460234E+03
   1.4736217E+01   3.1413887E+03   3.1494290E+03
   1.4753006E+01   3.1378665E+03   3.1446118E+03
   1.4769810E+01   3.1350120E+03   3.1404443E+03
   1.4786460E+01   3.1344009E+03   3.1387144E+03
   1.4803271E+01   3.1353147E+03   3.1385439E+03
   1.4820992E+01   3.1562104E+03   3.1607527E+03
   1.4837346E+01   3.1391284E+03   3.1401152E+03
   1.4853991E+01   3.1371992E+03   3.1375776E+03
   1.4871702E+01   3.1402751E+03   3.1398511E+03
   1.4887919E+01   3.1471477E+03   3.1454824E+03
   1.4905276E+01   3.1492224E+03   3.1473232E+03
   1.4921861E+01   3.1497271E+03   3.1467915E+03
   1.4938514E+01   3.1593359E+03   3.1557317E+03
   1.4955136E+01   3.1631902E+03   3.1590676E+03
   1.4973201E+01   3.1662991E+03   3.1616843E+03
   1.4989146E+01   3.1757092E+03   3.1705503E+03
   1.5006690E+01   3.1832517E+03   3.1776111E+03
   1.5022874E+01   3.1938652E+03   3.1878298E+03
   1.5040531E+01   3.2032627E+03   3.1967488E+03
   1.5056776E+01   3.2110383E+03   3.2045801E+03
   1.5074266E+01   3.2223174E+03   3.2151865E+03
   1.5090270E+01   3.2383296E+03   3.2309917E+03
   1.5107533E+01   3.2629500E+03   3.2550359E+03
   1.5124704E+01   3.2792351E+03   3.2714209E+03
   1.5141693E+01   3.2828206E+03   3.2751824E+03
   1.5158559E+01   3.2912742E+03   3.2832539E+03
   1.5175219E+01   3.3350042E+03   3.3268691E+03
   1.5192339E+01   3.3289736E+03   3.3223274E+03
   1.5209051E+01   3.3653022E+03   3.3571562E+03
   1.5225198E+01   3.3786663E+03   3.3698843E+03
   1.5242902E+01   3.4141279E+03   3.4057871E+03
   1.5259885E+01   3.4229639E+03   3.4138743E+03
   1.5276592E+01   3.4737339E+03   3.4641086E+03
   1.5293270E+01   3.5879644E+03   3.5771367E+03
   1.5309910E+01   3.5365251E+03   3.5272600E+03
   1.5327509E+01   3.5553481E+03   3.5444861E+03
   1.5343928E+01   3.5863289E+03   3.5741831E+03
   1.5360312E+01   3.6204636E+03   3.6071897E+03
   1.5377769E+01   3.6505339E+03   3.6363872E+03
   1.5394227E+01   3.6998721E+03   3.6847109E+03
   1.5411698E+01   3.7281899E+03   3.7123059E+03
   1.5428108E+01   3.7479058E+03   3.7314858E+03
   1.5445496E+01   3.7917253E+03   3.7746375E+03
   1.5461793E+01   3.8236599E+03   3.8057690E+03
   1.5479001E+01   3.8593047E+03   3.8401873E+03
   1.5496167E+01   3.8884839E+03   3.8682126E+03
   1.5512332E+01   3.9173948E+03   3.8958223E+03
   1.5529520E+01   3.9492727E+03   3.9261384E+03
   1.5546718E+01   3.9918328E+03   3.9675347E+03
   1.5562918E+01   3.9869827E+03   3.9606208E+03
   1.5580137E+01   4.0275833E+03   4.0005002E+03
   1.5597369E+01   4.0255408E+03   3.9971934E+03
   1.5613582E+01   4.0449368E+03   4.0150291E+03
   1.5630820E+01   4.0558743E+03   4.0243401E+03
   1.5648026E+01   4.0560361E+03   4.0253191E+03
   1.5664212E+01   4.0587817E+03   4.0284629E+03
   1.5681418E+01   4.0487915E+03   4.0192393E+03
   1.5698710E+01   4.0459846E+03   4.0160884E+03
   1.5714994E+01   4.0369944E+03   4.0086926E+03
   1.5732285E+01   4.0248391E+03   3.9971465E+03
   1.5748543E+01   4.0144570E+03   3.9899500E+03
   1.5765710E+01   3.9819189E+03   3.9596716E+03
   1.5782832E+01   3.9707380E+03   3.9500918E+03
   1.5799817E+01   3.9422764E+03   3.9249360E+03
   1.5816969E+01   3.9125657E+03   3.8979497E+03
   1.5833838E+01   3.8712217E+03   3.8591411E+03
   1.5850487E+01   3.8383474E+03   3.8299170E+03
   1.5866994E+01   3.7849324E+03   3.7786392E+03
   1.5884520E+01   3.7905071E+03   3.7861235E+03
   1.5901272E+01   3.7378359E+03   3.7359270E+03
   1.5917976E+01   3.7097073E+03   3.7097810E+03
   1.5934690E+01   3.6766765E+03   3.6786753E+03
   1.5951966E+01   3.5680535E+03   3.5708320E+03
   1.5968378E+01   3.6061357E+03   3.6102886E+03
   1.5985837E+01   3.5537549E+03   3.5593677E+03
   1.6002323E+01   3.6187708E+03   3.6239619E+03
   1.6018694E+01   3.5027915E+03   3.5103792E+03
   1.6035904E+01   3.4613457E+03   3.4700061E+03
   1.6053068E+01   3.4354709E+03   3.4446936E+03
   1.6069403E+01   3.4035847E+03   3.4149409E+03
   1.6086735E+01   3.4160720E+03   3.4267695E+03
   1.6103220E+01   3.3460303E+03   3.3575798E+03
   1.6120575E+01   3.3290288E+03   3.3412766E+03
   1.6137133E+01   3.3172798E+03   3.3297363E+03
   1.6153706E+01   3.2512993E+03   3.2662173E+03
   1.6171324E+01   3.2623684E+03   3.2781472E+03
   1.6188082E+01   3.2290425E+03   3.2466782E+03
   1.6204962E+01   3.2339993E+03   3.2514055E+03
   1.6222048E+01   3.2084385E+03   3.2263518E+03
   1.6238283E+01   3.1874036E+03   3.2055386E+03
   1.6255627E+01   3.1610913E+03   3.1793264E+03
   1.6272032E+01   3.1723879E+03   3.1901553E+03
   1.6289557E+01   3.1670112E+03   3.1840183E+03
   1.6306139E+01   3.1576946E+03   3.1736831E+03
   1.6322807E+01   3.1422256E+03   3.1572319E+03
   1.6339560E+01   3.1456511E+03   3.1594485E+03
   1.6356392E+01   3.1383286E+03   3.1502244E+03
   1.6373285E+01   3.1339138E+03   3.1448699E+03
   1.6390205E+01   3.1312605E+03   3.1408955E+03
   1.6407148E+01   3.1291694E+03   3.1375242E+03
   1.6424112E+01   3.1274468E+03   3.1345850E+03
   1.6441031E+01   3.1265618E+03   3.1325186E+03
   1.6457600E+01   3.1257024E+03   3.1304949E+03
   1.6474545E+01   3.1257312E+03   3.1297344E+03
   1.6491568E+01   3.1258984E+03   3.1284529E+03
   1.6508568E+01   3.1270828E+03   3.1291084E+03
   1.6525499E+01   3.1292739E+03   3.1304382E+03
   1.6542444E+01   3.1315266E+03   3.1320969E+03
   1.6559347E+01   3.1329207E+03   3.1325261E+03
   1.6576136E+01   3.1359236E+03   3.1350449E+03
   1.6592844E+01   3.1430823E+03   3.1413433E+03
   1.6609671E+01   3.1448472E+03   3.1425391E+03
   1.6626692E+01   3.1493853E+03   3.1465168E+03
   1.6643703E+01   3.1525620E+03   3.1492351E+03
   1.6660906E+01   3.1647097E+03   3.1606133E+03
   1.6677225E+01   3.1682219E+03   3.1638647E+03
   1.6694584E+01   3.1789114E+03   3.1740662E+03
   1.6710945E+01   3.1835378E+03   3.1782668E+03
   1.6728569E+01   3.1886433E+03   3.1832710E+03
   1.6745129E+01   3.2025371E+03   3.1967378E+03
   1.6761742E+01   3.2194421E+03   3.2134097E+03
   1.6778397E+01   3.2227253E+03   3.2166516E+03
   1.6795046E+01   3.2402307E+03   3.2337705E+03
   1.6812769E+01   3.2484573E+03   3.2420012E+03
   1.6829094E+01   3.2565535E+03   3.2498716E+03
   1.6846371E+01   3.2828069E+03   3.2762095E+03
   1.6863150E+01   3.2897217E+03   3.2837708E+03
   1.6880367E+01   3.3304990E+03   3.3228267E+03
