  flscon:  version 22.2.0.05  win64 2022 
 FLOW-3D   14:12:17  10/17/2023 ogpj     
   hydr3d   version  22.2.0.16 win64     09/12/2022 HYDRO    
 Simulation Template: Free Surface - TruVOF (Default)                            

Mesh Block   1
 printing pfxob, pfyob, pfzob, pfob       
       1      951      0.000E+00      1.604E+01
   time              pfxob_1         pfyob_1         pfzob_1         pfob_1
   0.0000000E+00   2.8393185E-03   4.1057873E+00  -2.6331916E-01   4.1142230E+00
   2.3466912E-03   2.3331423E-01  -1.5201390E+02   1.4169414E+00   1.5202068E+02
   1.6781343E-02   1.9126361E-03   4.0113902E+00  -1.1120119E-01   4.0129318E+00
   3.4016106E-02   3.7891825E-03   4.2402091E+00  -1.4228724E-01   4.2425976E+00
   5.0257441E-02   3.6262407E-03   4.4245076E+00  -1.6561984E-01   4.4276075E+00
   6.8371683E-02   3.3997205E-07   4.6109638E+00  -1.8856397E-01   4.6148176E+00
   8.4957466E-02   1.2308042E-02   4.7976403E+00  -2.1953376E-01   4.8026762E+00
   1.0076653E-01   5.6064120E-03   4.9251766E+00  -2.4902098E-01   4.9314713E+00
   1.1836134E-01   6.1586960E-03   5.1164470E+00  -2.7671403E-01   5.1239281E+00
   1.3478385E-01   4.9061845E-03   5.2933912E+00  -3.0961996E-01   5.3024406E+00
   1.5177618E-01   1.3681398E-03   5.4660211E+00  -3.3382490E-01   5.4762058E+00
   1.6936192E-01   1.9640967E-03   5.6479492E+00  -3.5664046E-01   5.6591988E+00
   1.8595541E-01   4.8900885E-03   5.7970490E+00  -3.6919963E-01   5.8087959E+00
   2.0287767E-01   4.0121778E-04   5.9451003E+00  -3.7526879E-01   5.9569325E+00
   2.1949758E-01  -3.1003482E-03   6.0698452E+00  -3.7554216E-01   6.0814524E+00
   2.3634027E-01   7.8784646E-03   6.1942096E+00  -3.5255179E-01   6.2042398E+00
   2.5326124E-01  -1.3016451E-03   6.2963018E+00  -4.0693042E-01   6.3094382E+00
   2.7065146E-01   2.0231355E-03   6.3397498E+00  -4.8240694E-01   6.3580775E+00
   2.8708866E-01   1.5073223E-02   6.4199996E+00  -4.9862584E-01   6.4393516E+00
   3.0413193E-01  -1.7612602E-01   6.2100773E+00  -5.1145524E-01   6.2335916E+00
   3.2121643E-01  -1.6499599E-02   6.3099966E+00  -5.9934872E-01   6.3384185E+00
   3.3831885E-01  -1.3261531E-02   6.2114711E+00  -6.1424601E-01   6.2417827E+00
   3.5476294E-01  -2.0666549E-02   5.9824047E+00  -6.6836667E-01   6.0196600E+00
   3.7185714E-01  -5.6818377E-02   6.2477002E+00  -6.9439936E-01   6.2864280E+00
   3.8863045E-01  -2.1424253E-02   5.4487720E+00  -7.3426920E-01   5.4980655E+00
   4.0557507E-01  -9.3713263E-03   5.1943407E+00  -7.5338411E-01   5.2487001E+00
   4.2216748E-01  -2.5368696E-02   4.8301325E+00  -7.9560602E-01   4.8952847E+00
   4.3923229E-01  -3.2764707E-02   4.4724960E+00  -8.1932783E-01   4.5470419E+00
   4.5625401E-01  -5.3658064E-02   4.0117693E+00  -8.6152369E-01   4.1035833E+00
   4.7328451E-01  -2.1435173E-02   3.4556124E+00  -9.1986650E-01   3.5760133E+00
   4.9022180E-01   1.4254416E-02   2.9787416E+00  -9.7160411E-01   3.1332281E+00
   5.0692320E-01  -2.4511894E-02   2.4312127E+00  -1.0153297E+00   2.6348226E+00
   5.2407724E-01  -2.9733732E-02   1.8347458E+00  -1.0694978E+00   2.1239119E+00
   5.4062569E-01  -9.6869441E-03   1.2837950E+00  -1.1052940E+00   1.6940774E+00
   5.5817872E-01  -3.4184158E-02   6.4612764E-01  -1.1385037E+00   1.3095191E+00
   5.7497573E-01  -5.0776586E-02   1.2755650E-01  -1.1624854E+00   1.1705644E+00
   5.9183216E-01  -2.0520249E-02  -4.5617023E-01  -1.1827397E+00   1.2678272E+00
   6.0820520E-01  -1.6942063E-02  -1.0370179E+00  -1.1789742E+00   1.5702462E+00
   6.2562430E-01  -1.6330965E-02  -1.5696187E+00  -1.1568464E+00   1.9499393E+00
   6.4231527E-01  -3.9776012E-02  -2.1659455E+00  -1.1302425E+00   2.4434299E+00
   6.5927368E-01  -9.2096208E-03  -2.6002657E+00  -1.0996646E+00   2.8232481E+00
   6.7576319E-01  -1.6844776E-02  -3.0412004E+00  -1.0603087E+00   3.2207823E+00
   6.9335687E-01  -6.2175733E-03  -3.4728110E+00  -1.0004483E+00   3.6140492E+00
   7.1023476E-01  -1.5314682E-03  -3.8849154E+00  -9.4775635E-01   3.9988513E+00
   7.2651064E-01  -3.2160876E-03  -4.2320971E+00  -8.9560026E-01   4.3258243E+00
   7.4355674E-01  -9.5322803E-03  -4.5415702E+00  -8.4958124E-01   4.6203613E+00
   7.6039344E-01  -3.5642270E-02  -4.8121147E+00  -7.9156446E-01   4.8769140E+00
   7.7778548E-01  -1.7894465E-02  -5.0323801E+00  -7.3888344E-01   5.0863657E+00
   7.9438502E-01  -1.3742081E-02  -5.2620640E+00  -6.9730014E-01   5.3080821E+00
   8.1133801E-01  -1.4010175E-02  -5.4376121E+00  -6.3624454E-01   5.4747262E+00
   8.2835096E-01  -4.0879551E-02  -5.5694404E+00  -5.8648121E-01   5.6003838E+00
   8.4477335E-01  -1.2820477E-02  -5.7251525E+00  -5.4643637E-01   5.7511849E+00
   8.6229199E-01  -3.6057890E-03  -5.8160591E+00  -4.9936804E-01   5.8374591E+00
   8.7874979E-01   1.8708680E-03  -5.9085178E+00  -4.6122873E-01   5.9264932E+00
   8.9562416E-01  -5.6972005E-03  -5.9180984E+00  -4.2362282E-01   5.9332433E+00
   9.1262847E-01  -4.7266004E-03  -6.0221634E+00  -3.8704637E-01   6.0345902E+00
   9.2930931E-01   1.0737303E-02  -5.9935851E+00  -3.6475238E-01   6.0046830E+00
   9.4613183E-01   2.3703514E-02  -6.0053158E+00  -3.3519775E-01   6.0147099E+00
   9.6283597E-01   1.0289090E-02  -5.9436383E+00  -3.0965284E-01   5.9517078E+00
   9.8031759E-01   2.8405095E-02  -5.9254990E+00  -2.8458950E-01   5.9323974E+00
   9.9744195E-01   2.2161469E-02  -5.8367810E+00  -2.5263962E-01   5.8422880E+00
   1.0138587E+00  -5.3193821E-03  -5.7568088E+00  -2.3138745E-01   5.7614594E+00
   1.0307148E+00   2.2946978E-02  -5.6156354E+00  -2.0831221E-01   5.6195445E+00
   1.0479816E+00   1.7463086E-02  -5.5004425E+00  -1.8693216E-01   5.5036459E+00
   1.0646375E+00   1.2284165E-02  -5.3589678E+00  -1.6608900E-01   5.3615551E+00
   1.0818268E+00   2.0848421E-02  -5.1713610E+00  -1.5145385E-01   5.1736202E+00
   1.0988560E+00   1.4879989E-02  -4.9798055E+00  -1.3267450E-01   4.9815950E+00
   1.1151258E+00   1.6616909E-02  -4.7908530E+00  -1.2204449E-01   4.7924361E+00
   1.1327255E+00   3.4618519E-02  -4.5254054E+00  -1.1655719E-01   4.5270386E+00
   1.1490633E+00   2.2615157E-02  -4.3228226E+00  -9.9224955E-02   4.3240204E+00
   1.1664351E+00   2.3185825E-02  -4.1592841E+00  -8.4967896E-02   4.1602168E+00
   1.1834193E+00   1.9511914E-02  -3.9071455E+00  -6.3369907E-02   3.9077079E+00
   1.1997286E+00   1.5044180E-02  -3.6131771E+00  -5.0741762E-02   3.6135647E+00
   1.2165805E+00   2.5045460E-02  -3.3616021E+00  -4.0581983E-02   3.3619404E+00
   1.2337160E+00   1.1300986E-02  -3.0489769E+00  -3.0460251E-02   3.0491500E+00
   1.2511137E+00   2.1610027E-02  -2.7872736E+00  -2.5079105E-02   2.7874701E+00
   1.2676634E+00   1.4379107E-02  -2.5308387E+00  -2.0644460E-02   2.5309637E+00
   1.2846551E+00   1.3410111E-02  -2.1927218E+00  -1.4651572E-02   2.1928120E+00
   1.3009673E+00   8.1183175E-03  -1.9596974E+00  -7.7223075E-03   1.9597294E+00
   1.3185499E+00   2.9876083E-03  -1.6735063E+00  -4.3416126E-03   1.6735146E+00
   1.3354682E+00  -3.3013700E-03  -1.3970640E+00  -4.0997274E-04   1.3970679E+00
   1.3518721E+00  -1.0815013E-02  -1.0828462E+00   1.4282429E-03   1.0829011E+00
   1.3685685E+00  -1.5675623E-02  -7.7559561E-01   6.0899963E-04   7.7575427E-01
   1.3855004E+00  -1.5167990E-02  -4.7609419E-01  -1.4286060E-04   4.7633576E-01
   1.4027531E+00  -2.1320596E-02  -1.5270615E-01  -1.9197449E-03   1.5419929E-01
   1.4194824E+00  -2.4138972E-02   2.0983520E-01  -4.6623559E-03   2.1127054E-01
   1.4364636E+00  -2.8534215E-02   4.8586497E-01  -6.8561016E-03   4.8675042E-01
   1.4536724E+00  -3.0673048E-02   8.0215859E-01  -1.0672984E-02   8.0281579E-01
   1.4705429E+00  -3.6301989E-02   1.1400249E+00  -1.5010580E-02   1.1407014E+00
   1.4871392E+00  -3.1874575E-02   1.4684378E+00  -2.1796307E-02   1.4689455E+00
   1.5040129E+00  -3.0715501E-02   1.7728714E+00  -3.0183557E-02   1.7733942E+00
   1.5211443E+00  -3.4942895E-02   2.1014040E+00  -4.0867019E-02   2.1020916E+00
   1.5380570E+00  -2.4962492E-02   2.4395194E+00  -4.7572490E-02   2.4401109E+00
   1.5547899E+00  -1.7629605E-02   2.7879837E+00  -6.2088538E-02   2.7887306E+00
   1.5718043E+00  -4.2810207E-03   3.1001842E+00  -7.5215153E-02   3.1010995E+00
   1.5886707E+00  -3.0538780E-03   3.4354775E+00  -7.9875909E-02   3.4364073E+00
   1.6054165E+00  -1.9566391E-03   3.7771709E+00  -9.2825890E-02   3.7783117E+00
   1.6224551E+00   1.5965568E-02   4.0688162E+00  -1.0259002E-01   4.0701404E+00
   1.6393945E+00   1.7911665E-02   4.3496475E+00  -1.0800670E-01   4.3510251E+00
   1.6562549E+00   3.3326343E-02   4.6758184E+00  -1.1317118E-01   4.6773067E+00
   1.6730536E+00   3.4020700E-02   4.9716058E+00  -7.7093214E-02   4.9723201E+00
   1.6901404E+00   2.5938112E-02   5.2671185E+00  -8.4936462E-02   5.2678671E+00
   1.7070155E+00   2.3019357E-02   5.5516706E+00  -8.0805957E-02   5.5523067E+00
   1.7236700E+00   3.6576975E-02   5.8753610E+00  -6.3907593E-02   5.8758225E+00
   1.7407593E+00   3.6303464E-02   6.1597085E+00  -5.7530794E-02   6.1600838E+00
   1.7576281E+00   2.8107656E-02   6.4848905E+00  -6.1709899E-02   6.4852448E+00
   1.7745947E+00   2.1984596E-02   6.7947502E+00  -7.6026604E-02   6.7952113E+00
   1.7913606E+00   2.1169530E-02   7.1085806E+00  -1.0042478E-01   7.1093211E+00
   1.8082247E+00   1.4561004E-02   7.3891015E+00  -1.2320472E-01   7.3901429E+00
   1.8251789E+00   2.4329382E-03   7.6617146E+00  -1.4530797E-01   7.6630926E+00
   1.8422158E+00  -1.7013794E-03   7.9146967E+00  -1.6164404E-01   7.9163470E+00
   1.8590693E+00   2.9106215E-03   8.1413536E+00  -1.8042649E-01   8.1433535E+00
   1.8760066E+00  -9.7141191E-03   8.3867350E+00  -1.9413865E-01   8.3889866E+00
   1.8928432E+00  -2.5966680E-03   8.5943098E+00  -2.0819068E-01   8.5968313E+00
   1.9096117E+00  -3.1728165E-03   8.8055496E+00  -2.4069023E-01   8.8088388E+00
   1.9265217E+00  -2.8432216E-03   8.9959106E+00  -2.6052886E-01   8.9996834E+00
   1.9436189E+00  -1.9595399E-03   9.0976543E+00  -2.7951747E-01   9.1019478E+00
   1.9604701E+00  -2.0508783E-02   9.1992044E+00  -2.8291553E-01   9.2035761E+00
   1.9772757E+00   4.6580841E-04   9.2887068E+00  -3.2205558E-01   9.2942877E+00
   1.9942541E+00  -2.7120139E-02   9.2660065E+00  -3.4940347E-01   9.2726307E+00
   2.0113544E+00  -1.6279988E-02   9.2327805E+00  -3.7975204E-01   9.2406006E+00
   2.0277901E+00  -2.2344323E-02   9.1347227E+00  -4.2468739E-01   9.1446161E+00
   2.0446227E+00  -8.9127300E-03   9.0082531E+00  -4.7648937E-01   9.0208511E+00
   2.0615048E+00  -2.3833681E-02   8.8930616E+00  -5.2704775E-01   8.9086981E+00
   2.0785396E+00  -8.1454637E-03   8.6138086E+00  -5.8180344E-01   8.6334381E+00
   2.0953689E+00  -1.7251810E-02   8.3720331E+00  -6.2707180E-01   8.3955021E+00
   2.1125767E+00  -1.5011240E-02   8.0444717E+00  -6.8616307E-01   8.0736961E+00
   2.1292241E+00  -2.4137003E-02   7.7023516E+00  -7.3828769E-01   7.7376914E+00
   2.1464355E+00  -4.3780468E-02   7.2269197E+00  -8.0330330E-01   7.2715597E+00
   2.1630132E+00  -3.6690846E-02   6.8575253E+00  -8.4157002E-01   6.9090691E+00
   2.1802120E+00  -3.9054181E-02   6.3900285E+00  -8.8605124E-01   6.4512849E+00
   2.1972227E+00  -6.5153137E-02   5.8284116E+00  -9.2633903E-01   5.9019260E+00
   2.2137043E+00  -6.0092699E-02   5.3821888E+00  -9.6061724E-01   5.4675727E+00
   2.2305827E+00  -6.8385087E-02   4.8277431E+00  -9.8882461E-01   4.9284434E+00
   2.2476315E+00  -5.2573904E-02   4.2319055E+00  -1.0106195E+00   4.3512230E+00
   2.2644658E+00  -9.7505987E-02   3.6727908E+00  -1.0008898E+00   3.8079758E+00
   2.2815416E+00  -9.5265977E-02   3.0732253E+00  -9.9280894E-01   3.2310152E+00
   2.2981372E+00  -9.5948927E-02   2.5172529E+00  -9.7282529E-01   2.7003996E+00
   2.3153024E+00  -1.3719681E-01   1.8824939E+00  -9.3137586E-01   2.1047726E+00
   2.3321218E+00  -1.4104392E-01   1.4298792E+00  -8.8257045E-01   1.6862320E+00
   2.3491831E+00  -1.0786898E-01   9.1843545E-01  -8.3030319E-01   1.2428044E+00
   2.3655751E+00  -1.1374141E-01   4.8966342E-01  -7.8882402E-01   9.3538803E-01
   2.3829889E+00  -1.2442029E-01   1.4958315E-01  -7.2781545E-01   7.5337297E-01
   2.3999329E+00  -1.2488648E-01  -1.9129376E-01  -6.7616385E-01   7.1371388E-01
   2.4166002E+00  -1.3548753E-01  -6.1732292E-01  -6.5913606E-01   9.1318387E-01
   2.4333959E+00  -1.3906801E-01  -9.3405706E-01  -6.0678589E-01   1.1224935E+00
   2.4503074E+00  -1.3549036E-01  -1.1979996E+00  -5.0652599E-01   1.3077191E+00
   2.4671886E+00  -1.4120948E-01  -1.4392970E+00  -4.2513973E-01   1.5074017E+00
   2.4843018E+00  -1.1148206E-01  -1.6458060E+00  -3.6788350E-01   1.6901017E+00
   2.5013635E+00  -1.7195126E-01  -1.8399410E+00  -2.8899798E-01   1.8704197E+00
   2.5182981E+00  -1.1372344E-01  -1.8981495E+00  -2.3630977E-01   1.9161803E+00
   2.5350800E+00  -1.4628628E-01  -2.0354874E+00  -1.6814297E-01   2.0476525E+00
   2.5522554E+00  -1.3556831E-01  -2.0886693E+00  -1.4181192E-01   2.0978630E+00
   2.5687656E+00  -1.6604133E-01  -2.0905294E+00  -8.7823667E-02   2.0989513E+00
   2.5854120E+00  -1.2334321E-01  -2.1154861E+00  -7.7739201E-02   2.1205044E+00
   2.6025460E+00  -1.3410340E-01  -2.0836046E+00   9.1819968E-03   2.0879359E+00
   2.6193647E+00  -1.0887094E-01  -2.0064101E+00   5.5416960E-02   2.0101259E+00
   2.6365550E+00  -1.1916841E-01  -2.0050135E+00   1.0881633E-01   2.0114973E+00
   2.6533189E+00  -1.1745579E-01  -1.9010531E+00   1.5476316E-01   1.9109553E+00
   2.6704972E+00  -9.2581451E-02  -1.7767589E+00   1.8940286E-01   1.7892224E+00
   2.6874313E+00  -8.7815441E-02  -1.6838580E+00   2.2982070E-01   1.7017365E+00
   2.7041099E+00  -1.2920694E-01  -1.4342089E+00   2.7935684E-01   1.4668639E+00
   2.7212327E+00  -9.8214693E-02  -1.5001100E+00   3.1200382E-01   1.5353575E+00
   2.7373862E+00  -8.1911199E-02  -1.3027284E+00   3.4032187E-01   1.3489366E+00
   2.7549040E+00  -7.8505896E-02  -1.1655195E+00   3.6841273E-01   1.2248782E+00
   2.7715080E+00  -8.9568757E-02  -1.0383025E+00   3.9431268E-01   1.1142608E+00
   2.7884903E+00  -9.0821065E-02  -9.0504760E-01   4.1483679E-01   9.9972457E-01
   2.8056293E+00  -8.4531136E-02  -7.2756308E-01   4.2793775E-01   8.4830672E-01
   2.8221922E+00  -9.1609322E-02  -5.7462293E-01   4.4715324E-01   7.3384589E-01
   2.8389213E+00  -8.8991530E-02  -4.3205884E-01   4.5335287E-01   6.3255286E-01
   2.8563752E+00  -8.3070330E-02  -2.5086233E-01   4.6069366E-01   5.3110379E-01
   2.8727853E+00  -9.0359308E-02  -1.0757794E-01   4.6917391E-01   4.8975706E-01
   2.8898873E+00  -8.8835701E-02   1.0380712E-01   4.7401881E-01   4.9331689E-01
   2.9066377E+00  -9.0318546E-02   2.5522006E-01   4.9135724E-01   5.6100500E-01
   2.9238212E+00  -1.0413043E-01   4.6163407E-01   5.0206631E-01   6.8994182E-01
   2.9405444E+00  -8.1645049E-02   6.1876798E-01   5.0874203E-01   8.0520695E-01
   2.9575837E+00  -9.7335689E-02   8.4750241E-01   5.1541257E-01   9.9668682E-01
   2.9742215E+00  -6.1767302E-02   9.9545592E-01   5.1915270E-01   1.1243964E+00
   2.9913971E+00  -8.3556846E-02   1.1731050E+00   5.2309799E-01   1.2871630E+00
   3.0077903E+00  -7.5644284E-02   1.3229021E+00   5.2994436E-01   1.4271065E+00
   3.0251412E+00  -9.0131037E-02   1.5739887E+00   5.3455406E-01   1.6647259E+00
   3.0421467E+00  -7.6756418E-02   1.7420245E+00   5.3766799E-01   1.8247268E+00
   3.0587895E+00  -7.7509031E-02   1.9236876E+00   5.3869134E-01   1.9991924E+00
   3.0756853E+00  -8.5950233E-02   2.1344953E+00   5.3720152E-01   2.2027354E+00
   3.0926075E+00  -9.0430692E-02   2.3616607E+00   5.4187816E-01   2.4247167E+00
   3.1098304E+00  -9.6219100E-02   2.5677760E+00   5.4319882E-01   2.6263657E+00
   3.1263585E+00  -1.0211943E-01   2.8411040E+00   5.4143906E-01   2.8940380E+00
   3.1434417E+00  -1.1130730E-01   3.1177285E+00   5.4072756E-01   3.1662290E+00
   3.1601996E+00  -1.2630165E-01   3.3343990E+00   5.3594953E-01   3.3795578E+00
   3.1771748E+00  -1.2601526E-01   3.5659132E+00   5.3982449E-01   3.6087432E+00
   3.1936486E+00  -1.1635224E-01   3.8530018E+00   5.2149320E-01   3.8898735E+00
   3.2116115E+00  -1.4196219E-01   4.1690869E+00   5.4118723E-01   4.2064619E+00
   3.2276466E+00  -1.3913429E-01   4.3985119E+00   5.3031272E-01   4.4325495E+00
   3.2442746E+00  -1.3091582E-01   4.7506051E+00   5.3677964E-01   4.7826271E+00
   3.2612901E+00  -1.4510992E-01   5.1232905E+00   5.4444844E-01   5.1541815E+00
   3.2786920E+00  -1.5897368E-01   5.5304971E+00   5.4162884E-01   5.5592294E+00
   3.2957220E+00  -1.5394886E-01   5.8591433E+00   5.5866367E-01   5.8877301E+00
   3.3126614E+00  -1.5207060E-01   6.2727909E+00   5.5959213E-01   6.2995377E+00
   3.3293235E+00  -1.7603390E-01   6.5886478E+00   5.4852247E-01   6.6137848E+00
   3.3465586E+00  -2.0794429E-01   7.0098968E+00   5.3765345E-01   7.0335598E+00
   3.3629031E+00  -2.1297614E-01   7.3701663E+00   5.3084463E-01   7.3923278E+00
   3.3799107E+00  -2.2063442E-01   7.7579107E+00   5.0391895E-01   7.7773895E+00
   3.3965898E+00  -2.2882052E-01   8.2192240E+00   4.7894323E-01   8.2363453E+00
   3.4141676E+00  -2.5233364E-01   8.5684004E+00   4.7047320E-01   8.5850163E+00
   3.4303496E+00  -2.8102785E-01   8.8156128E+00   4.6370095E-01   8.8322716E+00
   3.4477160E+00  -3.0990636E-01   9.3131857E+00   4.5004991E-01   9.3292027E+00
   3.4643629E+00  -3.0829665E-01   9.5888834E+00   4.3907359E-01   9.6038799E+00
   3.4814994E+00  -3.3093455E-01   1.0011883E+01   4.0223736E-01   1.0025424E+01
   3.4984148E+00  -3.1927505E-01   1.0679864E+01   3.6725840E-01   1.0690945E+01
   3.5154145E+00  -3.9005998E-01   1.0661163E+01   3.4700215E-01   1.0673939E+01
   3.5317752E+00  -4.0192899E-01   1.0956634E+01   3.1583068E-01   1.0968552E+01
   3.5486684E+00  -4.5318139E-01   1.1217607E+01   3.2261130E-01   1.1231392E+01
   3.5657983E+00  -4.5658419E-01   1.1303082E+01   2.9181752E-01   1.1316064E+01
   3.5825949E+00  -5.1436847E-01   1.1606646E+01   2.6201576E-01   1.1620992E+01
   3.5995102E+00  -5.5621916E-01   1.1712271E+01   2.2227606E-01   1.1727578E+01
   3.6166399E+00  -6.3445902E-01   1.1699746E+01   1.7557567E-01   1.1718251E+01
   3.6335492E+00  -6.9163209E-01   1.1397677E+01   1.5046453E-01   1.1419634E+01
   3.6505468E+00  -7.1344227E-01   1.1459713E+01   8.0245025E-02   1.1482180E+01
   3.6674528E+00  -7.0808136E-01   1.1322742E+01   2.5049403E-02   1.1344889E+01
   3.6840837E+00  -7.9006290E-01   1.1109180E+01  -2.5147472E-02   1.1137267E+01
   3.7012370E+00  -8.0874419E-01   1.0812613E+01  -1.1949283E-01   1.0843475E+01
   3.7177560E+00  -8.1273550E-01   1.0535336E+01  -1.9993392E-01   1.0568529E+01
   3.7347913E+00  -8.7237495E-01   9.9182806E+00  -2.6722693E-01   9.9601574E+00
   3.7520397E+00  -8.6306816E-01   9.3039970E+00  -3.1456774E-01   9.3492346E+00
   3.7688544E+00  -8.7494081E-01   8.5728989E+00  -3.8520667E-01   8.6260366E+00
   3.7854824E+00  -8.6549258E-01   7.9697113E+00  -3.8690993E-01   8.0258999E+00
   3.8024306E+00  -8.7042791E-01   7.3241239E+00  -4.0337586E-01   7.3866873E+00
   3.8192363E+00  -9.0182304E-01   6.6092453E+00  -4.3716356E-01   6.6847973E+00
   3.8360844E+00  -9.0537286E-01   5.9248285E+00  -4.6586463E-01   6.0116820E+00
   3.8530698E+00  -9.0511835E-01   5.2030482E+00  -4.7408551E-01   5.3024249E+00
   3.8699372E+00  -8.9029253E-01   4.6314659E+00  -4.5925170E-01   4.7385659E+00
   3.8868704E+00  -9.0407956E-01   3.8943841E+00  -4.3766809E-01   4.0218329E+00
   3.9040556E+00  -8.9449203E-01   3.2764030E+00  -4.0249759E-01   3.4200783E+00
   3.9204481E+00  -8.9995009E-01   2.7948987E+00  -3.8134548E-01   2.9608772E+00
   3.9376645E+00  -9.1478336E-01   2.1741939E+00  -3.5036108E-01   2.3846803E+00
   3.9549057E+00  -8.7592262E-01   1.7969948E+00  -3.3899078E-01   2.0276453E+00
   3.9716947E+00  -8.2506347E-01   1.2960554E+00  -3.1508049E-01   1.5683639E+00
   3.9883833E+00  -8.7574369E-01   9.1399807E-01  -2.9927620E-01   1.3007251E+00
   4.0053034E+00  -8.2103920E-01   3.9267173E-01  -2.1163294E-01   9.3439019E-01
   4.0219464E+00  -7.6138407E-01   1.9688989E-01  -1.4493640E-01   7.9967362E-01
   4.0387845E+00  -7.6781940E-01  -1.1329391E-01  -5.0323863E-02   7.7776253E-01
   4.0557399E+00  -7.2144383E-01  -4.2784935E-01   4.8185443E-03   8.3878452E-01
   4.0728831E+00  -6.5876573E-01  -4.7364089E-01   1.4115696E-02   8.1148458E-01
   4.0894928E+00  -6.7979360E-01  -6.3027734E-01   1.0011531E-01   9.3241191E-01
   4.1066809E+00  -6.5354931E-01  -7.3359215E-01   1.3860899E-01   9.9221802E-01
   4.1233144E+00  -6.2880230E-01  -8.5318792E-01   1.7781518E-01   1.0746814E+00
   4.1405511E+00  -6.2393153E-01  -9.6690392E-01   2.0396292E-01   1.1686722E+00
   4.1572795E+00  -5.9743470E-01  -1.0956510E+00   2.2700426E-01   1.2684283E+00
   4.1746850E+00  -5.9152651E-01  -1.1351112E+00   2.6568469E-01   1.3072755E+00
   4.1911511E+00  -5.7486075E-01  -1.2186414E+00   3.0880332E-01   1.3823571E+00
   4.2081313E+00  -5.8689213E-01  -1.2621022E+00   3.4982195E-01   1.4351724E+00
   4.2251725E+00  -5.4160780E-01  -1.3127209E+00   3.8450167E-01   1.4711957E+00
   4.2415671E+00  -5.3980374E-01  -1.3955923E+00   4.1975328E-01   1.5541103E+00
   4.2584252E+00  -5.1400548E-01  -1.4321660E+00   4.4429904E-01   1.5851507E+00
   4.2754083E+00  -5.0297803E-01  -1.4694910E+00   4.6827742E-01   1.6222438E+00
   4.2924576E+00  -4.9459723E-01  -1.4539002E+00   4.9323487E-01   1.6129888E+00
   4.3094802E+00  -5.0148386E-01  -1.4852430E+00   5.0934303E-01   1.6482910E+00
   4.3262749E+00  -5.2489108E-01  -1.5722941E+00   5.2982408E-01   1.7402107E+00
   4.3434725E+00  -4.8313478E-01  -1.5347657E+00   5.5368185E-01   1.7016135E+00
   4.3601871E+00  -4.8291305E-01  -1.5325716E+00   5.6360370E-01   1.7028298E+00
   4.3769765E+00  -4.5266855E-01  -1.5491732E+00   5.6463701E-01   1.7098718E+00
   4.3935361E+00  -4.4015300E-01  -1.5133535E+00   5.8467132E-01   1.6810157E+00
   4.4106083E+00  -4.4466382E-01  -1.4834032E+00   5.9499156E-01   1.6589833E+00
   4.4279037E+00  -4.1817325E-01  -1.4583315E+00   6.0113788E-01   1.6318598E+00
   4.4449620E+00  -4.2980653E-01  -1.4543580E+00   6.0771632E-01   1.6337718E+00
   4.4612460E+00  -3.9861479E-01  -1.4122957E+00   6.1314046E-01   1.5904132E+00
   4.4785843E+00  -3.8212913E-01  -1.3309294E+00   6.1679810E-01   1.5158614E+00
   4.4955940E+00  -3.9355764E-01  -1.2940494E+00   6.1918759E-01   1.4875633E+00
   4.5119820E+00  -3.6568442E-01  -1.2259634E+00   6.1672318E-01   1.4202319E+00
   4.5289273E+00  -3.5058284E-01  -1.1667855E+00   6.1618418E-01   1.3652765E+00
   4.5457563E+00  -3.4738043E-01  -1.0456488E+00   6.2189925E-01   1.2652324E+00
   4.5626321E+00  -2.8399467E-01  -9.9147922E-01   5.9874552E-01   1.1925520E+00
   4.5800967E+00  -2.9938063E-01  -8.5017979E-01   6.0135484E-01   1.0835415E+00
   4.5972042E+00  -2.9269904E-01  -7.3630971E-01   5.9901291E-01   9.9329811E-01
   4.6140604E+00  -2.9081264E-01  -5.8860677E-01   5.9650105E-01   8.8704193E-01
   4.6304021E+00  -2.6207358E-01  -4.6812278E-01   5.9396571E-01   8.0038536E-01
   4.6474757E+00  -2.5753289E-01  -3.0451229E-01   5.8549339E-01   7.0841616E-01
   4.6642914E+00  -2.3470421E-01  -8.1116058E-02   5.7869798E-01   6.2972790E-01
   4.6813192E+00  -2.3066187E-01   1.3395843E-01   5.7223111E-01   6.3134634E-01
   4.6981945E+00  -2.2820562E-01   3.8708410E-01   5.6481177E-01   7.2175086E-01
   4.7149787E+00  -2.2715344E-01   6.0115212E-01   5.5724454E-01   8.5059041E-01
   4.7316904E+00  -2.2258548E-01   8.4352928E-01   5.4972261E-01   1.0311551E+00
   4.7492452E+00  -2.3883340E-01   1.1069854E+00   5.4273349E-01   1.2557937E+00
   4.7657442E+00  -2.5893769E-01   1.4194890E+00   5.3202486E-01   1.5378714E+00
   4.7831459E+00  -2.4112554E-01   1.7373945E+00   5.2425480E-01   1.8307168E+00
   4.7995462E+00  -2.6275441E-01   2.0579600E+00   5.1592934E-01   2.1378546E+00
   4.8166261E+00  -2.9768178E-01   2.3566020E+00   5.1560795E-01   2.4306457E+00
   4.8331170E+00  -2.9524571E-01   2.7135925E+00   5.3053117E-01   2.7806866E+00
   4.8500485E+00  -3.0736718E-01   3.0355127E+00   5.3709233E-01   3.0979476E+00
   4.8675613E+00  -3.5860029E-01   3.4642606E+00   5.4307342E-01   3.5248580E+00
   4.8841066E+00  -3.6945811E-01   3.8731835E+00   5.3731358E-01   3.9276907E+00
   4.9006133E+00  -3.8469878E-01   4.2834048E+00   5.3469712E-01   4.3337569E+00
   4.9183345E+00  -4.0539411E-01   4.7160683E+00   5.1257354E-01   4.7611318E+00
   4.9344707E+00  -4.2005503E-01   5.1027527E+00   4.9241400E-01   5.1436372E+00
   4.9515562E+00  -4.5172891E-01   5.5495906E+00   4.6664885E-01   5.5874662E+00
   4.9686069E+00  -4.9645996E-01   6.0064077E+00   4.4602287E-01   6.0433717E+00
   4.9857512E+00  -5.3985006E-01   6.3667793E+00   4.1026485E-01   6.4027834E+00
   5.0024257E+00  -5.6671834E-01   6.7828455E+00   3.8845378E-01   6.8175554E+00
   5.0190873E+00  -5.9208024E-01   7.1961946E+00   3.7386212E-01   7.2301831E+00
   5.0363722E+00  -5.9836853E-01   7.6626897E+00   3.5129362E-01   7.6940408E+00
   5.0530810E+00  -6.2928420E-01   7.9433904E+00   3.4206960E-01   7.9756165E+00
   5.0703321E+00  -6.6888851E-01   8.2826414E+00   3.5607705E-01   8.3172321E+00
   5.0869899E+00  -6.8337500E-01   8.6404419E+00   3.6473474E-01   8.6750946E+00
   5.1040220E+00  -7.0133674E-01   8.9358654E+00   3.4331048E-01   8.9699173E+00
   5.1204386E+00  -7.6067406E-01   9.2199554E+00   2.8438127E-01   9.2556515E+00
   5.1377802E+00  -8.2348937E-01   9.4581966E+00   2.5857818E-01   9.4974985E+00
   5.1546416E+00  -7.7264434E-01   9.6339588E+00   1.9068547E-01   9.6667728E+00
   5.1715722E+00  -8.8937563E-01   9.7284803E+00   1.3493210E-01   9.7699804E+00
   5.1882939E+00  -8.4375572E-01   9.8324661E+00   7.2950557E-02   9.8688726E+00
   5.2053633E+00  -8.8849288E-01   9.7860756E+00   7.6726065E-03   9.8263292E+00
   5.2218781E+00  -9.1048503E-01   9.7383652E+00  -2.7835233E-02   9.7808743E+00
   5.2388015E+00  -9.2953604E-01   9.6132870E+00  -5.5494428E-02   9.6582813E+00
   5.2559791E+00  -9.7874349E-01   9.2853956E+00  -8.7322079E-02   9.3372440E+00
   5.2725997E+00  -9.8370790E-01   9.1896896E+00  -1.7216031E-01   9.2437935E+00
   5.2894840E+00  -1.0159515E+00   8.7726660E+00  -2.3011534E-01   8.8342953E+00
   5.3063326E+00  -1.0023482E+00   8.4531002E+00  -3.3189797E-01   8.5187883E+00
   5.3236289E+00  -9.6846288E-01   7.8741245E+00  -3.9850500E-01   7.9434600E+00
   5.3401542E+00  -1.0161562E+00   7.3703189E+00  -4.6957445E-01   7.4548426E+00
   5.3572984E+00  -1.0396626E+00   6.7760677E+00  -5.3508884E-01   6.8762136E+00
   5.3742433E+00  -9.9484199E-01   6.0999856E+00  -5.7199711E-01   6.2069893E+00
   5.3911533E+00  -1.0387936E+00   5.4971271E+00  -6.0378683E-01   5.6269050E+00
   5.4077682E+00  -1.0517656E+00   4.8935137E+00  -6.1439621E-01   5.0428338E+00
   5.4249811E+00  -9.9457455E-01   4.2944207E+00  -6.4534909E-01   4.4550757E+00
   5.4418550E+00  -9.3916237E-01   3.6992702E+00  -6.6658062E-01   3.8743975E+00
   5.4586892E+00  -9.3545830E-01   3.0217772E+00  -6.7305773E-01   3.2340727E+00
   5.4759197E+00  -9.2868513E-01   2.4858346E+00  -6.7601669E-01   2.7383990E+00
   5.4927020E+00  -8.9547843E-01   1.8589128E+00  -6.3003695E-01   2.1574025E+00
   5.5097117E+00  -9.0823317E-01   1.2401681E+00  -5.5795407E-01   1.6353034E+00
   5.5263524E+00  -8.4771621E-01   8.4579456E-01  -5.0790840E-01   1.3007544E+00
   5.5432053E+00  -8.0007315E-01   3.7479749E-01  -4.4202980E-01   9.8791724E-01
   5.5600767E+00  -8.2966942E-01  -4.2897038E-02  -3.9576200E-01   9.2022771E-01
   5.5770631E+00  -8.3586192E-01  -4.0107360E-01  -3.4468940E-01   9.8910868E-01
   5.5939054E+00  -7.7443188E-01  -6.2605178E-01  -3.1035334E-01   1.0430747E+00
   5.6111546E+00  -7.1834403E-01  -8.2869482E-01  -2.6556873E-01   1.1283971E+00
   5.6277494E+00  -6.9289833E-01  -1.1186870E+00  -2.3830204E-01   1.3372946E+00
   5.6445599E+00  -6.4185518E-01  -1.2579938E+00  -1.8122710E-01   1.4238573E+00
   5.6615167E+00  -6.3256103E-01  -1.4393787E+00  -1.0801831E-01   1.5759482E+00
   5.6784854E+00  -5.9794432E-01  -1.6192120E+00  -5.9722986E-02   1.7271224E+00
   5.6950865E+00  -5.8795351E-01  -1.7066672E+00   1.6399730E-02   1.8051790E+00
   5.7119970E+00  -5.7568985E-01  -1.7494171E+00   5.9287608E-02   1.8426595E+00
   5.7290497E+00  -5.5579895E-01  -1.8098204E+00   1.1401296E-01   1.8966711E+00
   5.7456808E+00  -5.3766024E-01  -1.8296739E+00   1.6095540E-01   1.9138161E+00
   5.7627487E+00  -5.3058529E-01  -1.8317031E+00   2.0694275E-01   1.9181976E+00
   5.7793579E+00  -5.0034970E-01  -1.8304160E+00   2.4365081E-01   1.9131488E+00
   5.7966747E+00  -4.9417302E-01  -1.8417234E+00   2.7794039E-01   1.9270191E+00
   5.8133564E+00  -4.8701313E-01  -1.8586990E+00   3.0791342E-01   1.9459585E+00
   5.8301568E+00  -4.6003583E-01  -1.8909808E+00   3.3724213E-01   1.9751389E+00
   5.8475041E+00  -4.5712122E-01  -1.8820549E+00   3.6311787E-01   1.9705189E+00
   5.8645864E+00  -4.7119895E-01  -1.9031018E+00   3.8562700E-01   1.9981325E+00
   5.8814859E+00  -4.6848115E-01  -1.8858176E+00   3.9205492E-01   1.9822941E+00
   5.8982682E+00  -4.6130702E-01  -1.8925148E+00   4.0886968E-01   1.9903746E+00
   5.9149909E+00  -4.4395670E-01  -1.8981452E+00   4.1901261E-01   1.9938967E+00
   5.9317012E+00  -4.4456688E-01  -1.8855501E+00   4.2615193E-01   1.9835687E+00
   5.9490685E+00  -4.5035976E-01  -1.8715099E+00   4.3923688E-01   1.9744120E+00
   5.9659042E+00  -4.4230804E-01  -1.8608799E+00   4.5808673E-01   1.9668131E+00
   5.9826751E+00  -4.4106227E-01  -1.8230443E+00   4.6093959E-01   1.9314481E+00
   5.9994941E+00  -4.3170330E-01  -1.7863729E+00   4.8269677E-01   1.9001294E+00
   6.0164862E+00  -3.9937070E-01  -1.5937778E+00   4.8249498E-01   1.7124327E+00
   6.0332723E+00  -4.0608993E-01  -1.8768636E+00   4.9990276E-01   1.9842956E+00
   6.0502086E+00  -3.7144282E-01  -1.9004934E+00   5.1047409E-01   2.0026054E+00
   6.0671730E+00  -4.0779114E-01  -1.8485209E+00   5.1625395E-01   1.9621012E+00
   6.0840139E+00  -4.0363517E-01  -1.8429819E+00   5.2529979E-01   1.9584289E+00
   6.1008568E+00  -3.9274752E-01  -1.8516849E+00   5.3393531E-01   1.9667420E+00
   6.1178331E+00  -3.6982906E-01  -1.8755368E+00   5.3926009E-01   1.9862560E+00
   6.1346760E+00  -3.5551810E-01  -1.8592561E+00   5.4790425E-01   1.9706409E+00
   6.1516523E+00  -3.3216861E-01  -1.8483372E+00   5.5477804E-01   1.9581790E+00
   6.1684947E+00  -3.0221957E-01  -1.8544923E+00   5.6193966E-01   1.9611870E+00
   6.1853375E+00  -2.8125310E-01  -1.8438678E+00   5.6857955E-01   1.9499319E+00
   6.2022715E+00  -2.5512683E-01  -1.8404173E+00   5.7565099E-01   1.9451476E+00
   6.2191463E+00  -2.2899112E-01  -1.8291317E+00   5.8243096E-01   1.9332319E+00
   6.2361536E+00  -2.0219859E-01  -1.8194432E+00   5.8805186E-01   1.9227748E+00
   6.2530284E+00  -1.7363386E-01  -1.8161643E+00   5.9336251E-01   1.9185100E+00
   6.2699032E+00  -1.4931549E-01  -1.8277373E+00   5.9752810E-01   1.9287194E+00
   6.2867780E+00  -1.2035002E-01  -1.7753950E+00   6.0052961E-01   1.8780701E+00
   6.3036528E+00  -9.8349527E-02  -1.7425226E+00   6.0316926E-01   1.8465835E+00
   6.3206601E+00  -7.8414954E-02  -1.7165099E+00   6.0312545E-01   1.8210754E+00
   6.3375349E+00  -7.0651874E-02  -1.6728821E+00   6.0310757E-01   1.7796812E+00
   6.3544097E+00  -4.7636095E-02  -1.5934795E+00   6.0145509E-01   1.7038763E+00
   6.3712845E+00  -4.4933621E-02  -1.5359341E+00   5.9888870E-01   1.6491756E+00
   6.3881593E+00  -2.6166085E-02  -1.4496539E+00   5.9417564E-01   1.5669160E+00
   6.4050336E+00  -2.2137301E-02  -1.3831406E+00   5.9056610E-01   1.5041065E+00
   6.4220414E+00  -1.7902171E-02  -1.2406387E+00   5.8468354E-01   1.3716267E+00
   6.4389162E+00  -1.4961934E-02  -1.1015210E+00   5.7872188E-01   1.2443839E+00
   6.4557905E+00  -1.6407788E-02  -9.7058666E-01   5.7184035E-01   1.1266361E+00
   6.4726653E+00  -2.6884807E-02  -8.0359703E-01   5.6532121E-01   9.8289323E-01
   6.4895401E+00  -3.6621254E-02  -6.2305677E-01   5.5943984E-01   8.3816093E-01
   6.5065198E+00  -4.0733218E-02  -4.8912689E-01   5.5232525E-01   7.3889613E-01
   6.5233808E+00  -3.3238675E-02  -2.7400944E-01   5.4646999E-01   6.1222172E-01
   6.5402484E+00  -6.1732136E-02  -8.2371347E-02   5.3666723E-01   5.4645002E-01
   6.5572419E+00  -7.2217621E-02   1.3947885E-01   5.3227484E-01   5.5496508E-01
   6.5741167E+00  -8.7742604E-02   3.6288539E-01   5.2410990E-01   6.4348722E-01
   6.5909915E+00  -9.3224406E-02   6.0905796E-01   5.1675338E-01   8.0416191E-01
   6.6078343E+00  -1.1724559E-01   8.7479877E-01   5.3421575E-01   1.0317005E+00
   6.6247144E+00  -1.2822595E-01   1.1042018E+00   5.0114745E-01   1.2193655E+00
   6.6414866E+00  -1.3455066E-01   1.3317630E+00   5.1979363E-01   1.4359255E+00
   6.6589603E+00  -1.5087166E-01   1.6067764E+00   4.9966258E-01   1.6894245E+00
   6.6757326E+00  -1.6337170E-01   1.8409721E+00   5.0511140E-01   1.9159869E+00
   6.6925044E+00  -1.7228514E-01   2.0779123E+00   5.0682437E-01   2.1457570E+00
   6.7092767E+00  -1.8539812E-01   2.3387794E+00   4.9737003E-01   2.3982575E+00
   6.7260485E+00  -1.8343274E-01   2.5612357E+00   4.9798441E-01   2.6156385E+00
   6.7428207E+00  -2.1284921E-01   2.8589389E+00   4.9162066E-01   2.9086986E+00
   6.7603912E+00  -2.1313204E-01   3.0833468E+00   4.9960768E-01   3.1308243E+00
   6.7771635E+00  -2.3104444E-01   3.3347118E+00   4.9279392E-01   3.3788357E+00
   6.7939353E+00  -2.5176376E-01   3.5873718E+00   4.9040067E-01   3.6294785E+00
   6.8106666E+00  -2.6161921E-01   3.8366995E+00   4.8299855E-01   3.8758218E+00
   6.8274384E+00  -2.7948537E-01   4.0702214E+00   4.7648433E-01   4.1075358E+00
   6.8442106E+00  -3.0106539E-01   4.2850876E+00   4.6528304E-01   4.3207760E+00
   6.8617687E+00  -3.2124421E-01   4.5497117E+00   4.5254904E-01   4.5834351E+00
   6.8784456E+00  -3.3161375E-01   4.7270083E+00   4.4157487E-01   4.7591558E+00
   6.8951430E+00  -3.5834476E-01   4.9545999E+00   4.2773011E-01   4.9859223E+00
   6.9119544E+00  -3.6531761E-01   5.1477728E+00   4.1242364E-01   5.1771727E+00
   6.9286251E+00  -3.8670629E-01   5.3292150E+00   3.9569801E-01   5.3578587E+00
   6.9461899E+00  -3.9412937E-01   5.4902387E+00   3.7387231E-01   5.5170498E+00
   6.9632058E+00  -4.1261035E-01   5.6383185E+00   3.5110050E-01   5.6642876E+00
   6.9799647E+00  -4.4060519E-01   5.7570386E+00   3.4120089E-01   5.7839475E+00
   6.9966574E+00  -4.4814941E-01   5.8279114E+00   3.1968290E-01   5.8538523E+00
   7.0134225E+00  -4.3074834E-01   5.9099436E+00   3.0109835E-01   5.9332652E+00
   7.0301981E+00  -4.4679350E-01   5.9635239E+00   2.7963918E-01   5.9867721E+00
   7.0475974E+00  -4.6574101E-01   5.9603863E+00   2.5519824E-01   5.9839993E+00
   7.0644188E+00  -4.8396015E-01   5.9051189E+00   2.2773345E-01   5.9292927E+00
   7.0815015E+00  -4.9300587E-01   5.7896633E+00   2.0457651E-01   5.8142161E+00
   7.0979261E+00  -4.9448952E-01   5.6783357E+00   1.7660327E-01   5.7025614E+00
   7.1151085E+00  -5.0671053E-01   5.4574218E+00   1.6414472E-01   5.4833522E+00
   7.1315136E+00  -5.5907536E-01   5.3030300E+00   1.3827194E-01   5.3342113E+00
   7.1489959E+00  -5.3879941E-01   4.9761467E+00   1.0856483E-01   5.0064087E+00
   7.1657882E+00  -5.4023784E-01   4.6881971E+00   8.0408245E-02   4.7199059E+00
   7.1825948E+00  -5.3563333E-01   4.2774596E+00   5.3159148E-02   4.3111935E+00
   7.1991162E+00  -5.3180951E-01   3.8615136E+00   2.7718738E-02   3.8980608E+00
   7.2165017E+00  -5.1924461E-01   3.4728041E+00   1.4175742E-03   3.5114079E+00
   7.2333555E+00  -5.1152867E-01   3.0584524E+00  -2.6456719E-02   3.1010470E+00
   7.2502370E+00  -5.0468796E-01   2.5299194E+00  -4.2255342E-02   2.5801139E+00
   7.2669792E+00  -4.9557239E-01   2.0391555E+00  -6.1548226E-02   2.0994129E+00
   7.2839155E+00  -4.9472898E-01   1.5160394E+00  -8.0570489E-02   1.5967541E+00
   7.3006492E+00  -4.6384910E-01   9.6425712E-01  -8.8869065E-02   1.0737064E+00
   7.3179202E+00  -4.5383829E-01   4.6978036E-01  -9.8643310E-02   6.6060072E-01
   7.3348932E+00  -4.3276307E-01  -1.0731024E-01  -9.5369749E-02   4.5595476E-01
   7.3511481E+00  -4.2327261E-01  -5.5126756E-01  -9.4003633E-02   7.0135033E-01
   7.3686280E+00  -4.1063437E-01  -1.1005490E+00  -8.3767377E-02   1.1776441E+00
   7.3853421E+00  -3.7889451E-01  -1.5300225E+00  -5.7303779E-02   1.5772805E+00
   7.4022198E+00  -3.7143353E-01  -2.0532782E+00  -2.4126694E-02   2.0867429E+00
   7.4190912E+00  -3.5377446E-01  -2.4474728E+00   1.9533113E-02   2.4729865E+00
   7.4360948E+00  -3.6635467E-01  -2.7890577E+00   5.8299128E-02   2.8136199E+00
   7.4529452E+00  -3.4571674E-01  -3.1938031E+00   9.7657599E-02   3.2139440E+00
   7.4699049E+00  -2.9457030E-01  -3.4993565E+00   1.4347982E-01   3.5146627E+00
   7.4865222E+00  -2.7606022E-01  -3.7687626E+00   1.8848327E-01   3.7835574E+00
   7.5033798E+00  -2.4082597E-01  -4.0414662E+00   2.2753620E-01   4.0550241E+00
   7.5204000E+00  -2.3991346E-01  -4.3394160E+00   2.7461046E-01   4.3547101E+00
   7.5373526E+00  -2.0045696E-01  -4.5330033E+00   3.1696346E-01   4.5484905E+00
   7.5547132E+00  -1.6812994E-01  -4.7597914E+00   3.5592821E-01   4.7760410E+00
   7.5714712E+00  -1.5741192E-01  -4.9003930E+00   3.8703024E-01   4.9181724E+00
   7.5878358E+00  -1.3620713E-01  -5.0574465E+00   4.1386542E-01   5.0761800E+00
   7.6047072E+00  -1.1117077E-01  -5.1680069E+00   4.3838465E-01   5.1877580E+00
   7.6215725E+00  -8.8991940E-02  -5.2562780E+00   4.6906403E-01   5.2779160E+00
   7.6389136E+00  -6.9256589E-02  -5.3192616E+00   4.9529845E-01   5.3427205E+00
   7.6557860E+00  -6.2593855E-02  -5.3973112E+00   5.3061330E-01   5.4236922E+00
   7.6722689E+00  -3.2596376E-02  -5.4011917E+00   5.5217981E-01   5.4294419E+00
   7.6899829E+00  -2.5278999E-02  -5.4171062E+00   5.8498108E-01   5.4486589E+00
   7.7067108E+00   6.9030225E-03  -5.4479375E+00   6.0597336E-01   5.4815392E+00
   7.7234607E+00  -7.1963938E-03  -5.4292955E+00   6.2727416E-01   5.4654164E+00
   7.7397747E+00   3.5682108E-02  -5.4383745E+00   6.4619869E-01   5.4767475E+00
   7.7576084E+00   3.4157392E-02  -5.4054589E+00   6.6346562E-01   5.4461308E+00
   7.7743340E+00   6.3619547E-02  -5.3357663E+00   6.7999339E-01   5.3792973E+00
   7.7908616E+00   6.1685789E-02  -5.2655501E+00   6.9256216E-01   5.3112588E+00
   7.8072925E+00   7.1483128E-02  -5.1980138E+00   7.0436347E-01   5.2460065E+00
   7.8243794E+00   8.0961503E-02  -5.1094179E+00   7.1437210E-01   5.1597514E+00
   7.8418922E+00   8.3494291E-02  -5.0205054E+00   7.2030580E-01   5.0726018E+00
   7.8586206E+00   8.5470788E-02  -4.9010310E+00   7.2651201E-01   4.9553237E+00
   7.8756166E+00   8.5056141E-02  -4.8030481E+00   7.3061538E-01   4.8590436E+00
   7.8922014E+00   8.7684192E-02  -4.6851792E+00   7.3423827E-01   4.7431741E+00
   7.9094572E+00   7.8195564E-02  -4.5433264E+00   7.3786545E-01   4.6035175E+00
   7.9264283E+00   8.0323711E-02  -4.4255161E+00   7.3967856E-01   4.4876242E+00
   7.9429359E+00   8.2616121E-02  -4.3167400E+00   7.4197680E-01   4.3808217E+00
   7.9602466E+00   8.4100701E-02  -4.2067437E+00   7.4708939E-01   4.2733951E+00
   7.9763722E+00   8.0420680E-02  -4.0942812E+00   7.4848610E-01   4.1629124E+00
   7.9941344E+00   7.9314947E-02  -3.9696577E+00   7.5106084E-01   4.0408621E+00
   8.0109739E+00   7.8676529E-02  -3.8402026E+00   7.5282061E-01   3.9140880E+00
   8.0278301E+00   8.2010075E-02  -3.7186434E+00   7.5613225E-01   3.7956252E+00
   8.0439682E+00   8.3560027E-02  -3.5957332E+00   7.6062107E-01   3.6762514E+00
   8.0611181E+00   9.2411056E-02  -3.4629214E+00   7.6363897E-01   3.5473242E+00
   8.0780315E+00   9.7654618E-02  -3.3617251E+00   7.6839787E-01   3.4498069E+00
   8.0952454E+00   1.1160704E-01  -3.2760355E+00   7.7944636E-01   3.3693326E+00
   8.1123428E+00   1.0838234E-01  -3.1117814E+00   7.7971095E-01   3.2098098E+00
   8.1285200E+00   1.2731004E-01  -2.9881592E+00   7.8236562E-01   3.0915043E+00
   8.1456032E+00   1.1797459E-01  -2.8513050E+00   7.9181439E-01   2.9615586E+00
   8.1626081E+00   1.3995263E-01  -2.7133932E+00   7.9836696E-01   2.8318686E+00
   8.1794386E+00   1.8411052E-01  -2.5776150E+00   8.0092221E-01   2.7054522E+00
   8.1966209E+00   1.7423876E-01  -2.4762819E+00   8.1266189E-01   2.6120396E+00
   8.2134266E+00   2.1277830E-01  -2.3456452E+00   8.1892711E-01   2.4935853E+00
   8.2305174E+00   1.8390250E-01  -2.2394810E+00   8.3390212E-01   2.3967662E+00
   8.2470713E+00   1.9806471E-01  -2.0649416E+00   8.4493798E-01   2.2398958E+00
   8.2640486E+00   2.2272563E-01  -2.0248704E+00   8.5922021E-01   2.2108746E+00
   8.2810812E+00   2.3309961E-01  -1.9008741E+00   8.7166250E-01   2.1041515E+00
   8.2977953E+00   2.3167998E-01  -1.7784243E+00   8.8754934E-01   2.0010529E+00
   8.3149109E+00   2.5366616E-01  -1.6664422E+00   9.0177411E-01   1.9116936E+00
   8.3320065E+00   2.6167116E-01  -1.5162351E+00   9.1430390E-01   1.7898023E+00
   8.3485317E+00   2.6902080E-01  -1.3911940E+00   9.2291582E-01   1.6910253E+00
   8.3656530E+00   2.8145939E-01  -1.4000781E+00   9.3735635E-01   1.7082373E+00
   8.3824606E+00   2.7324086E-01  -1.2098962E+00   9.4380164E-01   1.5586119E+00
   8.3990278E+00   2.6604316E-01  -1.1232291E+00   9.5371443E-01   1.4973290E+00
   8.4159517E+00   2.6943359E-01  -1.0153795E+00   9.6201497E-01   1.4244518E+00
   8.4333048E+00   2.4793071E-01  -8.3964181E-01   9.6702242E-01   1.3044540E+00
   8.4503450E+00   2.5940636E-01  -7.3265284E-01   9.7148734E-01   1.2441300E+00
   8.4671478E+00   2.4319546E-01  -5.7788229E-01   9.7458279E-01   1.1588372E+00
   8.4839544E+00   2.3365749E-01  -4.1259152E-01   9.7638398E-01   1.0854278E+00
   8.5006742E+00   2.1603441E-01  -2.4558707E-01   9.8059541E-01   1.0337075E+00
   8.5178328E+00   1.9422415E-01  -8.6227529E-02   9.8423779E-01   1.0069171E+00
   8.5347490E+00   1.8923621E-01   8.6236797E-02   9.8049653E-01   1.0023077E+00
   8.5514574E+00   1.4445625E-01   2.6457503E-01   9.8324704E-01   1.0284173E+00
   8.5679913E+00   1.4209005E-01   4.5172173E-01   9.8215884E-01   1.0903568E+00
   8.5850353E+00   9.2745043E-02   6.0851169E-01   9.8085296E-01   1.1579986E+00
   8.6019545E+00   8.2669377E-02   8.0769730E-01   9.7903228E-01   1.2718936E+00
   8.6191111E+00   5.2795134E-02   1.0109818E+00   9.7694165E-01   1.4068712E+00
   8.6358652E+00   2.7234901E-02   1.2603655E+00   9.7549576E-01   1.5940059E+00
   8.6527109E+00   1.4563514E-03   1.5413997E+00   9.7344553E-01   1.8230500E+00
   8.6695566E+00  -2.5150251E-02   1.7424759E+00   9.6880132E-01   1.9938482E+00
   8.6864023E+00  -4.0886886E-02   2.0226974E+00   9.6513987E-01   2.2415333E+00
   8.7032490E+00  -5.3802140E-02   2.3718522E+00   9.6485084E-01   2.5611551E+00
   8.7206755E+00  -7.9763316E-02   2.6845248E+00   9.6626902E-01   2.8542445E+00
   8.7375212E+00  -9.3430072E-02   3.0340741E+00   9.5899999E-01   3.1833968E+00
   8.7543669E+00  -9.8657422E-02   3.3675911E+00   9.5559525E-01   3.5019374E+00
   8.7712126E+00  -1.2500767E-01   3.7245510E+00   9.6428603E-01   3.8493838E+00
   8.7880592E+00  -1.1985472E-01   4.0838842E+00   9.6449596E-01   4.1979432E+00
   8.8049049E+00  -1.2035022E-01   4.4727697E+00   9.7687101E-01   4.5797849E+00
   8.8219814E+00  -9.0966150E-02   4.8502235E+00   9.9566787E-01   4.9522014E+00
   8.8388271E+00  -9.7523034E-02   5.2983041E+00   1.0147414E+00   5.3954830E+00
   8.8556728E+00  -9.4760790E-02   5.7010441E+00   1.0168232E+00   5.7917881E+00
   8.8725195E+00  -7.1051061E-02   6.1185455E+00   1.0151787E+00   6.2025990E+00
   8.8892441E+00  -6.6447012E-02   6.5314264E+00   1.0241441E+00   6.6115670E+00
   8.9060144E+00  -6.8342648E-02   6.9414401E+00   1.0179524E+00   7.0160165E+00
   8.9232988E+00  -5.4356970E-02   7.3703027E+00   9.7387367E-01   7.4345641E+00
   8.9403305E+00  -5.2783981E-02   7.7681990E+00   9.4353563E-01   7.8254685E+00
   8.9571466E+00  -7.9013824E-02   8.1360292E+00   9.1883570E-01   8.1881304E+00
   8.9738703E+00  -5.9271887E-02   8.5146513E+00   8.7790298E-01   8.5599947E+00
   8.9905214E+00  -8.4253930E-02   8.7221479E+00   8.7086874E-01   8.7659206E+00
   9.0079317E+00  -1.1416838E-01   8.9853668E+00   9.1904485E-01   9.0329676E+00
   9.0245581E+00  -1.2931888E-01   9.0771713E+00   8.7199658E-01   9.1198769E+00
   9.0416174E+00  -1.4708908E-01   9.1595011E+00   8.3154505E-01   9.1983452E+00
   9.0582037E+00  -1.5620632E-01   9.2211828E+00   8.4870672E-01   9.2614756E+00
   9.0751600E+00  -1.5548678E-01   9.1377964E+00   7.0647508E-01   9.1663847E+00
   9.0920277E+00  -1.8444021E-01   8.9995403E+00   5.7734740E-01   9.0199261E+00
   9.1091709E+00  -1.9699870E-01   8.7631302E+00   4.6121737E-01   8.7774696E+00
   9.1259069E+00  -2.2470027E-01   8.4885597E+00   4.1550219E-01   8.5016928E+00
   9.1430473E+00  -2.9290926E-01   7.9760060E+00   3.3713254E-01   7.9884996E+00
   9.1597204E+00  -2.9492223E-01   7.2092419E+00   2.6830259E-01   7.2202587E+00
   9.1766567E+00  -1.3589290E-01   6.0997229E+00   1.9832392E-01   6.1044588E+00
   9.1937141E+00  -3.0589065E-01   5.4132242E+00   1.0823826E-01   5.4229403E+00
   9.2103844E+00  -2.6936892E-01   4.3727651E+00   4.1606769E-02   4.3812513E+00
   9.2273302E+00  -2.5502837E-01   3.1561770E+00  -1.6843464E-02   3.1665084E+00
   9.2443562E+00  -2.1832541E-01   2.0192113E+00  -7.8306809E-02   2.0324891E+00
   9.2613926E+00  -2.0841454E-01   8.2456702E-01  -1.9465293E-01   8.7248904E-01
   9.2783298E+00  -1.8318070E-01  -3.0464870E-01  -2.6654172E-01   4.4430900E-01
   9.2950439E+00  -2.0721760E-01  -1.3282089E+00  -2.7228588E-01   1.3715749E+00
   9.3117781E+00  -1.6733092E-01  -2.3596861E+00  -3.0169097E-01   2.3847716E+00
   9.3287697E+00  -1.4412098E-01  -3.3651912E+00  -2.9511967E-01   3.3811800E+00
   9.3455963E+00  -1.0593090E-01  -4.2420869E+00  -2.3597698E-01   4.2499657E+00
   9.3626862E+00  -9.3256555E-02  -4.8978710E+00  -1.5638301E-01   4.9012542E+00
   9.3794422E+00  -6.2567502E-02  -5.5097451E+00  -1.0236846E-01   5.5110512E+00
   9.3965559E+00  -2.0380558E-02  -6.1234479E+00  -1.7565367E-03   6.1234822E+00
   9.4130888E+00  -3.8316133E-03  -6.5839787E+00   9.0743773E-02   6.5846047E+00
   9.4302387E+00   8.5735090E-02  -6.9419131E+00   1.9282649E-01   6.9451199E+00
   9.4473438E+00   2.9065674E-02  -7.2123346E+00   3.0177319E-01   7.2187037E+00
   9.4636793E+00   4.8587028E-02  -7.5069871E+00   3.9827797E-01   7.5177021E+00
   9.4811783E+00   1.3297038E-01  -7.7431211E+00   4.9303478E-01   7.7599411E+00
   9.4975443E+00   1.2193093E-01  -7.8759747E+00   5.8155131E-01   7.8983569E+00
   9.5149288E+00   1.1454183E-01  -8.0563488E+00   6.6173559E-01   8.0842915E+00
   9.5318079E+00   1.3296980E-01  -8.0461531E+00   7.1993488E-01   8.0793915E+00
   9.5485811E+00   9.8271042E-02  -7.9214268E+00   7.7219039E-01   7.9595814E+00
   9.5650511E+00   4.8934821E-02  -7.7849045E+00   8.0892527E-01   7.8269720E+00
   9.5821972E+00   4.5506343E-02  -7.4470220E+00   8.2494235E-01   7.4927120E+00
   9.5992908E+00   8.5952491E-02  -7.2084351E+00   8.5661519E-01   7.2596631E+00
   9.6162195E+00   7.5838774E-02  -6.8729591E+00   8.8393289E-01   6.9299822E+00
   9.6328726E+00   1.0754690E-01  -6.6247115E+00   9.2551863E-01   6.6899147E+00
   9.6499119E+00   2.8317241E-02  -6.2838035E+00   9.5028007E-01   6.3553143E+00
   9.6665068E+00   1.1401888E-01  -5.9253335E+00   9.7115839E-01   6.0054746E+00
   9.6838293E+00   5.4843206E-02  -5.6035614E+00   9.9610043E-01   5.6916714E+00
   9.7003193E+00   7.1889110E-02  -5.3318801E+00   1.0312574E+00   5.4311700E+00
   9.7171736E+00   1.4714873E-02  -4.8680539E+00   1.0291266E+00   4.9756675E+00
   9.7347631E+00   1.0937819E-03  -4.5996633E+00   1.0416596E+00   4.7161379E+00
   9.7515202E+00  -6.4397708E-02  -4.2504807E+00   1.0521808E+00   4.3792481E+00
   9.7680712E+00  -6.5124243E-02  -3.9281769E+00   1.0579115E+00   4.0686598E+00
   9.7852631E+00  -7.4955843E-02  -3.5903733E+00   1.0718927E+00   3.7477131E+00
   9.8017092E+00  -9.4118655E-02  -3.3281918E+00   1.0630720E+00   3.4951167E+00
   9.8189707E+00  -5.3727631E-02  -2.9936972E+00   1.0633383E+00   3.1773887E+00
   9.8354330E+00  -8.7034091E-02  -2.7238760E+00   1.0716027E+00   2.9283798E+00
   9.8527336E+00  -1.0215454E-01  -2.5178139E+00   1.0745387E+00   2.7394261E+00
   9.8699465E+00  -8.0744326E-02  -2.2106864E+00   1.0711429E+00   2.4578450E+00
   9.8864269E+00  -5.2475329E-02  -1.9918392E+00   1.0713757E+00   2.2623048E+00
   9.9033241E+00  -8.4341280E-02  -1.8028436E+00   1.0722020E+00   2.0992796E+00
   9.9199820E+00  -6.1379567E-02  -1.5775632E+00   1.0707442E+00   1.9076074E+00
   9.9374561E+00  -4.5079134E-02  -1.3903166E+00   1.0736642E+00   1.7572043E+00
   9.9539242E+00  -7.0530176E-02  -1.1792572E+00   1.0661063E+00   1.5912902E+00
   9.9710865E+00  -5.5889543E-02  -9.5865750E-01   1.0692580E+00   1.4371710E+00
   9.9877405E+00  -4.6389755E-02  -8.1528491E-01   1.0646235E+00   1.3417394E+00
   1.0004906E+01  -2.3122849E-02  -5.8956796E-01   1.0612805E+00   1.2142657E+00
   1.0021810E+01  -2.7620910E-02  -4.0427426E-01   1.0609905E+00   1.1357381E+00
   1.0038713E+01  -2.6049882E-02  -2.6395461E-01   1.0569024E+00   1.0896758E+00
   1.0055617E+01  -3.8845709E-03  -6.8563409E-02   1.0563952E+00   1.0586250E+00
   1.0072521E+01   1.7252358E-02   1.1578768E-01   1.0529221E+00   1.0594100E+00
   1.0089083E+01   3.3225786E-02   3.1120384E-01   1.0531884E+00   1.0987073E+00
   1.0106388E+01   4.4457473E-02   4.8649472E-01   1.0468025E+00   1.1551836E+00
   1.0123148E+01   5.8245428E-02   6.4257741E-01   1.0464287E+00   1.2293539E+00
   1.0139985E+01   7.0746608E-02   8.8566244E-01   1.0436997E+00   1.3706611E+00
   1.0156886E+01   6.6667236E-02   1.1021675E+00   1.0388215E+00   1.5160367E+00
   1.0173841E+01   9.4629303E-02   1.3131795E+00   1.0372913E+00   1.6761171E+00
   1.0190843E+01   1.3068807E-01   1.5357757E+00   1.0327505E+00   1.8553329E+00
   1.0207458E+01   1.4833233E-01   1.7778407E+00   1.0313891E+00   2.0606997E+00
   1.0224553E+01   1.6156432E-01   2.0472763E+00   1.0308609E+00   2.2978506E+00
   1.0241286E+01   1.8720895E-01   2.3087077E+00   1.0250973E+00   2.5329831E+00
   1.0258451E+01   2.2008879E-01   2.6054833E+00   1.0165743E+00   2.8054242E+00
   1.0275277E+01   2.6133254E-01   2.9457390E+00   1.0131432E+00   3.1260409E+00
   1.0292149E+01   2.5664666E-01   3.3231373E+00   1.0105934E+00   3.4828737E+00
   1.0309061E+01   3.2209200E-01   3.7761855E+00   9.9920017E-01   3.9194031E+00
   1.0326010E+01   4.5032004E-01   4.2830329E+00   9.0012193E-01   4.3997021E+00
   1.0342683E+01   3.5168800E-01   4.5266047E+00   9.9414212E-01   4.6478114E+00
   1.0359691E+01   3.8407171E-01   4.9834933E+00   1.0066419E+00   5.0986314E+00
   1.0376540E+01   3.8252035E-01   5.3621964E+00   1.0135638E+00   5.4705377E+00
   1.0393228E+01   3.8111112E-01   5.8458691E+00   1.0298299E+00   5.9481072E+00
   1.0410192E+01   3.5363805E-01   6.3274546E+00   1.0320363E+00   6.4208131E+00
   1.0427612E+01   3.2039481E-01   6.8302984E+00   1.0411631E+00   6.9166217E+00
   1.0444145E+01   2.7280530E-01   7.2352843E+00   1.0211245E+00   7.3120761E+00
   1.0461014E+01   2.2268751E-01   7.7578773E+00   1.0193957E+00   7.8277335E+00
   1.0478086E+01   1.6247466E-01   8.1584778E+00   9.9458075E-01   8.2204838E+00
   1.0494996E+01   1.0739550E-01   8.6488190E+00   9.6526706E-01   8.7031803E+00
   1.0511796E+01   5.8106706E-02   9.1330357E+00   9.4446361E-01   9.1819239E+00
   1.0528787E+01  -5.2196287E-02   9.6216097E+00   9.0035522E-01   9.6637850E+00
   1.0545465E+01  -1.2367341E-01   9.8967361E+00   8.7152308E-01   9.9358063E+00
   1.0562508E+01  -1.8107046E-01   1.0212983E+01   8.7577939E-01   1.0252064E+01
   1.0579517E+01  -2.2781733E-01   1.0509732E+01   8.8098633E-01   1.0549052E+01
   1.0596463E+01  -3.0647171E-01   1.0872016E+01   8.7816733E-01   1.0911729E+01
   1.0613285E+01  -3.0164522E-01   1.1049840E+01   8.3622080E-01   1.1085542E+01
   1.0629915E+01  -3.7001720E-01   1.1244141E+01   6.9984615E-01   1.1271974E+01
   1.0646812E+01  -4.1728675E-01   1.1313040E+01   6.0823399E-01   1.1337061E+01
   1.0663939E+01  -4.5043746E-01   1.1423498E+01   5.2384472E-01   1.1444370E+01
   1.0680664E+01  -4.4854051E-01   1.1330802E+01   5.0046349E-01   1.1350715E+01
   1.0697585E+01  -4.6413758E-01   1.0995522E+01   3.9711002E-01   1.1012476E+01
   1.0714807E+01  -4.6313074E-01   1.0539532E+01   3.0087712E-01   1.0553992E+01
   1.0731375E+01  -4.7788548E-01   9.5857658E+00   2.0965946E-01   9.5999603E+00
   1.0748194E+01  -4.8614001E-01   8.5371027E+00   4.4756174E-02   8.5510502E+00
   1.0765172E+01  -3.8257924E-01   7.2761040E+00  -4.8612829E-02   7.2863173E+00
   1.0782138E+01  -3.8472980E-01   5.5739417E+00  -1.8508503E-01   5.5902686E+00
   1.0799191E+01  -4.4694754E-01   4.0037560E+00  -2.9523572E-01   4.0394292E+00
   1.0815860E+01  -3.6481258E-01   2.5158086E+00  -3.7552479E-01   2.5697081E+00
   1.0832899E+01  -2.8706872E-01   9.6598738E-01  -5.1709086E-01   1.1326619E+00
   1.0849634E+01  -2.5973564E-01  -5.2716500E-01  -6.3711691E-01   8.6676610E-01
   1.0866811E+01  -1.3112335E-01  -1.9702208E+00  -6.4871693E-01   2.0784123E+00
   1.0883692E+01  -1.8912368E-01  -3.2849593E+00  -5.9410065E-01   3.3436029E+00
   1.0900421E+01  -1.0569019E-01  -4.3087277E+00  -4.7377080E-01   4.3359847E+00
   1.0917440E+01  -6.3261777E-02  -5.0415130E+00  -3.7589157E-01   5.0559025E+00
   1.0934334E+01  -1.1228543E-01  -5.7624073E+00  -2.2102711E-01   5.7677374E+00
   1.0951117E+01  -1.0836796E-01  -6.2654357E+00  -8.0544785E-02   6.2668905E+00
   1.0968243E+01  -1.0588095E-02  -6.6323576E+00  -1.1670400E-02   6.6323762E+00
   1.0985061E+01  -5.9257422E-02  -6.8430128E+00   7.6930813E-02   6.8437018E+00
   1.1001952E+01   1.1184298E-02  -7.0092778E+00   2.0810899E-01   7.0123754E+00
   1.1018682E+01   9.8331524E-03  -7.0614123E+00   2.8155637E-01   7.0670300E+00
   1.1035831E+01   9.4072647E-02  -7.2227545E+00   4.0434530E-01   7.2346754E+00
   1.1052507E+01   4.4802032E-02  -7.2833304E+00   4.8917544E-01   7.2998767E+00
   1.1069678E+01   8.7243319E-02  -7.2655430E+00   5.8103150E-01   7.2892609E+00
   1.1086457E+01   9.9208288E-02  -7.1959434E+00   6.6534144E-01   7.2273178E+00
   1.1103373E+01   1.3702665E-01  -6.9788556E+00   7.2475201E-01   7.0177255E+00
   1.1120193E+01   1.0441355E-01  -6.7086186E+00   7.9317337E-01   6.7561522E+00
   1.1137233E+01   6.5491058E-02  -6.3531904E+00   8.0859363E-01   6.4047751E+00
   1.1154095E+01   8.9457288E-02  -5.9461455E+00   8.3063644E-01   6.0045485E+00
   1.1171085E+01   6.5230213E-02  -5.5486064E+00   8.4780973E-01   5.6133828E+00
   1.1187506E+01   5.1167194E-02  -5.2036405E+00   8.7334675E-01   5.2766681E+00
   1.1204887E+01   6.4811438E-02  -4.8642702E+00   9.1438359E-01   4.9498916E+00
   1.1221835E+01   4.7547765E-02  -4.4852777E+00   9.2948985E-01   4.5808215E+00
   1.1238315E+01   5.3638392E-03  -4.0648503E+00   9.4718879E-01   4.1737518E+00
   1.1255227E+01  -1.1599092E-02  -3.7837512E+00   9.6118289E-01   3.9039443E+00
   1.1272120E+01   1.8837318E-02  -3.3602383E+00   9.5913154E-01   3.4944942E+00
   1.1289246E+01   3.8252296E-03  -3.0200403E+00   9.6012604E-01   3.1689904E+00
   1.1306122E+01  -2.4668129E-02  -2.7088604E+00   9.5862710E-01   2.8735864E+00
   1.1323359E+01   2.7459417E-02  -2.3295310E+00   9.5922482E-01   2.5194407E+00
   1.1339851E+01   3.4234360E-02  -2.0539243E+00   9.5110613E-01   2.2637093E+00
   1.1357173E+01   2.6503693E-02  -1.7456971E+00   9.4346583E-01   1.9845122E+00
   1.1373416E+01   8.8424319E-03  -1.4017403E+00   9.3791395E-01   1.6866051E+00
   1.1390706E+01   6.1245984E-03  -1.1287901E+00   9.3441689E-01   1.4653803E+00
   1.1407886E+01   1.3263627E-02  -8.6494005E-01   9.2688417E-01   1.2678374E+00
   1.1424261E+01   7.7889557E-03  -6.4132947E-01   9.2340273E-01   1.1242939E+00
   1.1440996E+01  -1.4917676E-02  -3.9137682E-01   9.1914088E-01   9.9910879E-01
   1.1458226E+01  -4.5093134E-02  -2.2546376E-01   9.1525316E-01   9.4369256E-01
   1.1474839E+01  -5.1359739E-02  -9.3804337E-02   9.1006780E-01   9.1632992E-01
   1.1492256E+01  -6.4889893E-02   3.1571239E-02   9.0558380E-01   9.0845448E-01
   1.1509058E+01  -9.9788181E-02   1.5777387E-01   9.0341747E-01   9.2250389E-01
   1.1525960E+01  -1.0614782E-01   2.3787533E-01   8.9394563E-01   9.3112338E-01
   1.1542941E+01  -1.2143278E-01   3.2829875E-01   8.9178824E-01   9.5802516E-01
   1.1559472E+01  -1.1781858E-01   3.8146874E-01   8.8956988E-01   9.7505599E-01
   1.1576609E+01  -1.4031163E-01   4.3927476E-01   8.8473535E-01   9.9770045E-01
   1.1593328E+01  -1.3581553E-01   4.6667442E-01   8.7830675E-01   1.0038195E+00
   1.1610135E+01  -1.3411145E-01   4.8586473E-01   8.7162679E-01   1.0068682E+00
   1.1627021E+01  -1.5348789E-01   4.7397107E-01   8.7613678E-01   1.0078803E+00
   1.1643976E+01  -1.4079677E-01   5.0057393E-01   8.6137950E-01   1.0061673E+00
   1.1660994E+01  -1.3639399E-01   4.4001928E-01   8.6671090E-01   9.8153353E-01
   1.1678068E+01  -1.2608889E-01   4.1998440E-01   8.6746007E-01   9.7199398E-01
   1.1694837E+01  -1.1885592E-01   4.1602233E-01   8.7640738E-01   9.7738999E-01
   1.1711679E+01  -1.0889887E-01   4.3881467E-01   8.6797339E-01   9.7867006E-01
   1.1728590E+01  -7.7943534E-02   3.6887482E-01   8.6189014E-01   9.4074357E-01
   1.1745564E+01  -5.2291177E-02   4.1632709E-01   8.5990137E-01   9.5681399E-01
   1.1762284E+01  -1.6094064E-02   3.7296689E-01   8.5642409E-01   9.3425131E-01
   1.1779380E+01   1.0047056E-02   3.0013257E-01   8.5488915E-01   9.0609932E-01
   1.1796234E+01   5.4715391E-02   4.9781343E-01   8.5299581E-01   9.8914802E-01
   1.1813152E+01   1.3364053E-01   3.9049870E-01   8.5291123E-01   9.4752657E-01
   1.1830132E+01   1.7588364E-01   1.4750421E-01   8.4831083E-01   8.7881953E-01
   1.1846901E+01   1.6977163E-01   7.0606524E-01   8.5118240E-01   1.1188664E+00
   1.1863738E+01   1.9620527E-01   7.4741143E-01   8.5340357E-01   1.1512680E+00
   1.1880640E+01   2.4339309E-01   9.3021452E-01   8.5902190E-01   1.2893634E+00
   1.1897603E+01   2.7636698E-01   1.1821969E+00   8.5851640E-01   1.4869494E+00
   1.1914383E+01   2.9080713E-01   1.4231007E+00   8.5699302E-01   1.6864820E+00
   1.1931464E+01   3.1033373E-01   1.7178781E+00   8.6567348E-01   1.9485387E+00
   1.1948370E+01   3.4899193E-01   2.0371137E+00   8.7983155E-01   2.2462704E+00
   1.1965112E+01   3.5577887E-01   2.3634126E+00   8.7806284E-01   2.5462308E+00
   1.1982141E+01   3.5453010E-01   2.7560186E+00   8.8817942E-01   2.9172235E+00
   1.1998810E+01   3.4535086E-01   3.1393943E+00   8.9426792E-01   3.2824957E+00
   1.2015625E+01   3.3125454E-01   3.5507188E+00   9.1750491E-01   3.6822751E+00
   1.2033114E+01   2.9376331E-01   4.0289941E+00   9.2074037E-01   4.1432900E+00
   1.2050143E+01   2.3957716E-01   4.5972810E+00   9.3098921E-01   4.6967149E+00
   1.2066280E+01   1.9937684E-01   5.0007491E+00   9.2775142E-01   5.0899868E+00
   1.2083932E+01   1.0942511E-01   5.6714792E+00   9.2460901E-01   5.7473955E+00
   1.2100514E+01   8.0578692E-02   6.1064377E+00   9.2004704E-01   6.1758852E+00
   1.2117186E+01   2.1688731E-02   6.7168837E+00   8.9736474E-01   6.7765961E+00
   1.2133953E+01  -4.3909598E-02   7.2877855E+00   8.7333852E-01   7.3400588E+00
   1.2151312E+01  -1.3104510E-01   7.8724804E+00   8.7082410E-01   7.9215813E+00
   1.2167882E+01  -2.0468993E-01   8.4371252E+00   8.4991395E-01   8.4822950E+00
   1.2184747E+01  -2.4040560E-01   8.9898701E+00   8.3729124E-01   9.0319777E+00
   1.2201597E+01  -3.0325633E-01   9.4718027E+00   8.6863053E-01   9.5163822E+00
   1.2218836E+01  -3.3924171E-01   9.9686108E+00   9.0349972E-01   1.0015219E+01
   1.2235680E+01  -3.7288985E-01   1.0369453E+01   8.4508109E-01   1.0410513E+01
   1.2252381E+01  -3.6472291E-01   1.0822064E+01   8.6239630E-01   1.0862496E+01
   1.2269497E+01  -4.0153718E-01   1.1010124E+01   7.1258456E-01   1.1040464E+01
   1.2286421E+01  -4.4594657E-01   1.1164413E+01   6.0391086E-01   1.1189625E+01
   1.2303173E+01  -4.6562839E-01   1.1298818E+01   5.6346583E-01   1.1322436E+01
   1.2320285E+01  -3.9627713E-01   1.1250687E+01   4.8583975E-01   1.1268142E+01
   1.2337197E+01  -3.9439803E-01   1.0768536E+01   3.8692310E-01   1.0782701E+01
   1.2353716E+01  -3.8721514E-01   1.0119086E+01   2.8755608E-01   1.0130574E+01
   1.2370983E+01  -3.3402398E-01   9.2624331E+00   1.1637624E-01   9.2691841E+00
   1.2387749E+01  -3.7728316E-01   8.4735193E+00  -1.1984403E-01   8.4827604E+00
   1.2404616E+01  -3.1119525E-01   6.9354911E+00  -6.2493697E-02   6.9427505E+00
   1.2421419E+01  -3.1383276E-01   5.5816422E+00  -2.0121406E-01   5.5940781E+00
   1.2438340E+01  -3.1166521E-01   4.1549778E+00  -3.0304214E-01   4.1776557E+00
   1.2455420E+01  -2.3079637E-01   2.8028624E+00  -3.7959856E-01   2.8378513E+00
   1.2472265E+01  -2.4703276E-01   1.5750355E+00  -4.8815611E-01   1.6673506E+00
   1.2489141E+01  -2.4862434E-01   4.7702456E-01  -5.0743055E-01   7.3949462E-01
   1.2506014E+01  -4.2838495E-02  -8.0098516E-01  -5.5877990E-01   9.7757214E-01
   1.2522909E+01  -2.1169937E-01  -1.6590887E+00  -4.7986591E-01   1.7400182E+00
   1.2539722E+01  -2.2624001E-01  -2.5208261E+00  -4.2176533E-01   2.5658596E+00
   1.2556618E+01  -2.1082275E-01  -3.2112205E+00  -2.8209379E-01   3.2304735E+00
   1.2573653E+01  -1.2988575E-01  -3.5848436E+00  -2.0868492E-01   3.5932610E+00
   1.2590527E+01  -1.9113660E-01  -3.9815016E+00  -1.8209814E-01   3.9902442E+00
   1.2607352E+01  -1.3959557E-01  -4.2341781E+00   1.4429936E-02   4.2365031E+00
   1.2624228E+01  -2.0788679E-01  -4.4275103E+00   1.2804809E-01   4.4342375E+00
   1.2641242E+01  -1.3679633E-01  -4.4253654E+00   1.8565087E-01   4.4313698E+00
   1.2657976E+01  -1.4181799E-01  -4.5360909E+00   2.5584385E-01   4.5455132E+00
   1.2675102E+01  -4.7059745E-02  -4.6305652E+00   3.6423719E-01   4.6451068E+00
   1.2692039E+01  -7.3246010E-02  -4.5883503E+00   4.5830914E-01   4.6117644E+00
   1.2708810E+01  -3.5100337E-02  -4.5061741E+00   5.3918195E-01   4.5384531E+00
   1.2725631E+01  -5.0680466E-02  -4.4199877E+00   5.9039819E-01   4.4595323E+00
   1.2742559E+01   7.1711568E-03  -4.3047953E+00   6.4516693E-01   4.3528786E+00
   1.2759562E+01  -1.1673692E-02  -4.1584315E+00   7.0151496E-01   4.2172041E+00
   1.2776241E+01   5.5366079E-03  -4.0069170E+00   7.2579980E-01   4.0721245E+00
   1.2793243E+01   6.9449097E-04  -3.8266060E+00   7.5201535E-01   3.8998003E+00
   1.2810150E+01  -2.2290247E-02  -3.6451294E+00   7.8288412E-01   3.7283204E+00
   1.2826949E+01   5.5835012E-02  -3.3932717E+00   8.0249280E-01   3.4873204E+00
   1.2843940E+01   2.9513033E-02  -3.2049191E+00   8.1882066E-01   3.3079970E+00
   1.2860736E+01   2.0192839E-02  -3.0620756E+00   8.2965410E-01   3.1725450E+00
   1.2877745E+01   2.1945395E-02  -2.8825285E+00   8.5050750E-01   3.0054643E+00
   1.2894574E+01   4.0018801E-02  -2.7193370E+00   8.5639060E-01   2.8512805E+00
   1.2911582E+01   2.3856401E-02  -2.5804248E+00   8.7806749E-01   2.7258327E+00
   1.2928345E+01   5.7785366E-02  -2.5136189E+00   8.8215047E-01   2.6645465E+00
   1.2945270E+01   4.8421260E-02  -2.3285809E+00   8.8467121E-01   2.4914408E+00
   1.2962353E+01   4.3539856E-02  -2.1938031E+00   8.9210480E-01   2.3686533E+00
   1.2979168E+01   5.1486462E-02  -2.1017678E+00   8.9194083E-01   2.2837770E+00
   1.2996112E+01   6.2951483E-02  -1.9777092E+00   8.9163274E-01   2.1703238E+00
   1.3013180E+01   7.1211986E-02  -1.9346102E+00   8.8540423E-01   2.1287856E+00
   1.3029911E+01   6.8961486E-02  -1.8101050E+00   8.8164735E-01   2.0145812E+00
   1.3046724E+01   5.8946703E-02  -1.7919960E+00   8.7982374E-01   1.9972017E+00
   1.3063607E+01   4.5430422E-02  -1.6832428E+00   8.7306046E-01   1.8967353E+00
   1.3080438E+01   3.9658170E-02  -1.6828364E+00   8.7182128E-01   1.8956749E+00
   1.3097320E+01   2.8001266E-02  -1.6387405E+00   8.7313396E-01   1.8570454E+00
   1.3114246E+01   1.2010208E-02  -1.5186192E+00   8.7255740E-01   1.7514864E+00
   1.3131438E+01  -1.0867151E-02  -1.4612606E+00   8.8267559E-01   1.7071955E+00
   1.3148221E+01  -2.1016857E-02  -1.4480877E+00   8.6994553E-01   1.6894392E+00
   1.3165071E+01  -3.2130055E-02  -1.3260167E+00   8.7298900E-01   1.5879112E+00
   1.3181994E+01  -4.6594694E-02  -1.2610967E+00   8.6992985E-01   1.5327471E+00
   1.3198993E+01  -6.0825575E-02  -1.2822354E+00   8.7702650E-01   1.5546713E+00
   1.3215623E+01  -8.0801412E-02  -1.2437636E+00   8.7928253E-01   1.5253243E+00
   1.3232788E+01  -8.7979130E-02  -1.1487081E+00   8.8407105E-01   1.4521888E+00
   1.3249582E+01  -9.6960895E-02  -1.1835837E+00   8.8840580E-01   1.4830835E+00
   1.3266453E+01  -1.0277638E-01  -1.0960423E+00   8.9088351E-01   1.4161726E+00
   1.3283402E+01  -1.0623203E-01  -1.0890594E+00   8.9622742E-01   1.4144112E+00
   1.3300414E+01  -1.1002818E-01  -1.0422693E+00   9.0122938E-01   1.3822612E+00
   1.3317027E+01  -1.1686514E-01  -9.9051291E-01   9.0442997E-01   1.3463904E+00
   1.3334168E+01  -1.1189052E-01  -9.5963305E-01   9.1061878E-01   1.3276452E+00
   1.3350917E+01  -1.1863466E-01  -8.9904690E-01   9.1385019E-01   1.2874322E+00
   1.3367740E+01  -1.0947445E-01  -8.8350439E-01   9.2095822E-01   1.2809093E+00
   1.3384640E+01  -8.5407495E-02  -7.2725236E-01   9.1942644E-01   1.1753874E+00
   1.3401623E+01  -8.4305555E-02  -7.2600782E-01   9.2571324E-01   1.1794659E+00
   1.3418692E+01  -4.3346606E-02  -8.2694322E-01   9.2807573E-01   1.2438000E+00
   1.3435373E+01   9.0800663E-03  -1.8575692E-01   9.3777096E-01   9.5603478E-01
   1.3452626E+01  -2.6089098E-02  -2.6189819E-01   9.3910146E-01   9.7528601E-01
   1.3469498E+01   8.1763067E-04  -1.6484785E-01   9.4150513E-01   9.5582813E-01
   1.3485985E+01   3.4732345E-02  -3.4674775E-02   9.4514769E-01   9.4642103E-01
   1.3503065E+01   4.7997929E-02   1.7512654E-01   9.4518626E-01   9.6247089E-01
   1.3519770E+01   9.7387940E-02   3.7396389E-01   9.4675148E-01   1.0225809E+00
   1.3537063E+01   1.1635747E-01   8.5881990E-01   9.5144802E-01   1.2869980E+00
   1.3553897E+01   1.2364216E-01   1.1928067E+00   9.5024908E-01   1.5300486E+00
   1.3570774E+01   1.6705576E-01   1.2790532E+00   9.4984466E-01   1.6019019E+00
   1.3587705E+01   1.8594266E-01   1.6011750E+00   9.4955057E-01   1.8708239E+00
   1.3604671E+01   1.9982436E-01   2.0009835E+00   9.4744647E-01   2.2229528E+00
   1.3621644E+01   2.1718375E-01   2.3620589E+00   9.4759053E-01   2.5542943E+00
   1.3638092E+01   2.2488450E-01   2.7601256E+00   9.5010185E-01   2.9277227E+00
   1.3654964E+01   2.2221071E-01   3.1723750E+00   9.5354104E-01   3.3200271E+00
   1.3672208E+01   2.1073309E-01   3.6413500E+00   9.5582724E-01   3.7706027E+00
   1.3688805E+01   1.9749062E-01   4.0868216E+00   9.6869171E-01   4.2046971E+00
   1.3705911E+01   1.6153301E-01   4.5921917E+00   9.8888665E-01   4.7002354E+00
   1.3723034E+01   1.4400788E-01   5.1241136E+00   1.0169355E+00   5.2260342E+00
   1.3739714E+01   1.1261304E-01   5.6981225E+00   1.0352849E+00   5.7925038E+00
   1.3756470E+01   8.8517494E-02   6.2940655E+00   1.0246351E+00   6.3775368E+00
   1.3773292E+01   3.1664744E-02   6.9022756E+00   1.0224547E+00   6.9776659E+00
   1.3790592E+01  -1.9802768E-02   7.4668679E+00   1.0309603E+00   7.5377307E+00
   1.3807500E+01  -4.5678444E-02   8.1110506E+00   1.0020247E+00   8.1728382E+00
   1.3824065E+01  -6.3945182E-02   8.6404476E+00   9.8045784E-01   8.6961327E+00
   1.3841055E+01  -1.3382131E-01   9.1829624E+00   9.4835573E-01   9.2327728E+00
   1.3858095E+01  -1.8771015E-01   9.7107277E+00   8.9660084E-01   9.7538385E+00
   1.3874798E+01  -1.8280658E-01   1.0174194E+01   8.5574985E-01   1.0211756E+01
   1.3891906E+01  -1.9810016E-01   1.0599227E+01   8.2587171E-01   1.0633199E+01
   1.3908714E+01  -2.6080102E-01   1.0864264E+01   8.2485163E-01   1.0898654E+01
   1.3925569E+01  -2.4525350E-01   1.1152834E+01   8.2497370E-01   1.1185992E+01
   1.3942461E+01  -2.7359813E-01   1.1238329E+01   7.2944677E-01   1.1265300E+01
   1.3959297E+01  -2.8232661E-01   1.1198874E+01   6.2311137E-01   1.1219748E+01
   1.3976256E+01  -2.5502846E-01   1.0908553E+01   4.4988307E-01   1.0920804E+01
   1.3993168E+01  -2.7057365E-01   1.0603412E+01   3.7894353E-01   1.0613630E+01
   1.4009975E+01  -2.8097796E-01   1.0111011E+01   2.9498759E-01   1.0119214E+01
   1.4027020E+01  -2.8849354E-01   9.3766718E+00   2.2096200E-01   9.3837109E+00
   1.4043816E+01  -2.3623714E-01   8.5206900E+00   1.5820506E-01   8.5254326E+00
   1.4060910E+01  -2.2862470E-01   7.6772447E+00   8.7948054E-02   7.6811519E+00
   1.4077784E+01  -2.3099278E-01   6.8100533E+00  -6.5553798E-03   6.8139729E+00
   1.4094687E+01  -2.5853589E-01   5.6605563E+00  -4.4488683E-02   5.6666322E+00
   1.4111391E+01  -2.9774949E-01   4.6317987E+00  -1.3107051E-01   4.6432095E+00
   1.4128430E+01  -2.9288143E-01   3.5979459E+00  -1.7883484E-01   3.6142740E+00
   1.4145212E+01  -2.6796931E-01   2.5894389E+00  -2.4482486E-01   2.6147544E+00
   1.4162243E+01  -2.9231280E-01   1.6711789E+00  -2.8588086E-01   1.7204691E+00
   1.4179061E+01  -2.8755713E-01   8.2681590E-01  -3.1665838E-01   9.3090612E-01
   1.4195906E+01  -3.1545821E-01  -2.1830685E-02  -2.8358576E-01   4.2474857E-01
   1.4212946E+01  -2.8273210E-01  -6.7983317E-01  -2.2041164E-01   7.6856482E-01
   1.4229836E+01  -2.6607424E-01  -1.3368762E+00  -1.5795358E-01   1.3722181E+00
   1.4246748E+01  -2.6152030E-01  -1.8639880E+00  -7.7384450E-02   1.8838346E+00
   1.4263680E+01  -2.4304773E-01  -2.3731079E+00   1.4804067E-02   2.3855677E+00
   1.4280455E+01  -2.6309872E-01  -2.8043613E+00   6.3446343E-02   2.8173904E+00
   1.4297428E+01  -2.1449405E-01  -3.0972764E+00   1.3062759E-01   3.1074414E+00
   1.4314248E+01  -2.0575087E-01  -3.4010167E+00   1.9877610E-01   3.4130280E+00
   1.4331259E+01  -2.0707722E-01  -3.6336455E+00   2.7096969E-01   3.6496146E+00
   1.4348120E+01  -1.7581508E-01  -3.8038375E+00   3.6354265E-01   3.8252130E+00
   1.4365001E+01  -1.7312200E-01  -3.9671309E+00   4.4181946E-01   3.9954102E+00
   1.4381901E+01  -1.6141617E-01  -4.0870895E+00   5.1294237E-01   4.1223135E+00
   1.4398820E+01  -1.4652748E-01  -4.1273274E+00   5.7827199E-01   4.1702161E+00
   1.4415755E+01  -1.1728044E-01  -4.2365618E+00   6.4559519E-01   4.2870741E+00
   1.4432556E+01  -8.0812953E-02  -4.2547932E+00   6.8671227E-01   4.3106112E+00
   1.4449527E+01  -9.2032045E-02  -4.2751150E+00   7.2883224E-01   4.3377728E+00
   1.4466366E+01  -8.8109940E-02  -4.2624002E+00   7.5345874E-01   4.3293786E+00
   1.4483368E+01  -5.1720988E-02  -4.2021918E+00   7.9461849E-01   4.2769747E+00
   1.4500241E+01  -3.5469200E-02  -4.1893082E+00   8.2668626E-01   4.2702427E+00
   1.4517132E+01  -2.4617011E-02  -4.0972867E+00   8.6057961E-01   4.1867604E+00
   1.4534039E+01  -1.8129289E-02  -4.0150857E+00   8.9467925E-01   4.1135988E+00
   1.4550961E+01   4.2881031E-04  -3.8614802E+00   9.2574239E-01   3.9708977E+00
   1.4567764E+01   4.7257734E-03  -3.7647493E+00   9.5218796E-01   3.8833005E+00
   1.4584719E+01   1.7922029E-02  -3.6880081E+00   9.6481609E-01   3.8121641E+00
   1.4601556E+01  -9.1765169E-03  -3.6059792E+00   9.8863405E-01   3.7390597E+00
   1.4618604E+01   6.3819103E-02  -3.5612302E+00   1.0060159E+00   3.7011485E+00
   1.4635342E+01   5.9278589E-02  -3.3420734E+00   1.0166457E+00   3.4937854E+00
   1.4652353E+01   4.9439386E-02  -3.0928400E+00   1.0156714E+00   3.2557168E+00
   1.4669131E+01   6.5089732E-02  -3.0261846E+00   1.0322845E+00   3.1980684E+00
   1.4686119E+01   7.7124596E-02  -2.8472741E+00   1.0346899E+00   3.0304294E+00
   1.4703104E+01   7.9208396E-02  -2.6919444E+00   1.0383387E+00   2.8863447E+00
   1.4719810E+01   1.2751848E-01  -2.5308378E+00   1.0523498E+00   2.7438734E+00
   1.4736912E+01   9.5356651E-02  -2.3760049E+00   1.0290231E+00   2.5910194E+00
   1.4753697E+01   7.8399666E-02  -2.2346234E+00   1.0571985E+00   2.4733293E+00
   1.4770640E+01   5.9670176E-02  -2.0057070E+00   1.0533013E+00   2.2662446E+00
   1.4787498E+01   6.3327014E-02  -1.9440310E+00   1.0502476E+00   2.2104948E+00
   1.4804505E+01   3.2638732E-02  -1.8650980E+00   1.0494705E+00   2.1403375E+00
   1.4821389E+01   5.2484530E-03  -1.7208791E+00   1.0476166E+00   2.0146842E+00
   1.4838134E+01  -4.3857358E-03  -1.6065278E+00   1.0489708E+00   1.9186689E+00
   1.4854989E+01  -1.9141868E-02  -1.5575316E+00   1.0455804E+00   1.8760356E+00
   1.4871963E+01  -2.5303053E-02  -1.4744785E+00   1.0481327E+00   1.8092289E+00
   1.4888805E+01  -4.3025244E-02  -1.4259108E+00   1.0468259E+00   1.7694398E+00
   1.4905773E+01   6.5775782E-02  -1.3770411E+00   1.0460740E+00   1.7305604E+00
   1.4922600E+01  -1.1462002E-01  -1.3045626E+00   1.0432976E+00   1.6743630E+00
   1.4939541E+01  -5.2810490E-02  -1.2421811E+00   1.0431919E+00   1.6229763E+00
   1.4956605E+01  -4.9892608E-02  -1.2542762E+00   1.0396510E+00   1.6298995E+00
   1.4973269E+01  -5.2945629E-02  -1.1745986E+00   1.0430732E+00   1.5717782E+00
   1.4990329E+01  -5.7220709E-02  -1.1666780E+00   1.0439227E+00   1.5665842E+00
   1.5007257E+01   4.6499258E-01  -1.3009824E+00   1.0431999E+00   1.7311959E+00
   1.5024052E+01  -4.1070588E-02  -1.0720780E+00   1.0450690E+00   1.4977341E+00
   1.5040988E+01  -8.6821489E-02  -9.6991336E-01   1.0395424E+00   1.4244010E+00
   1.5057792E+01  -1.2125023E-01  -9.1886216E-01   1.0449526E+00   1.3967588E+00
   1.5074741E+01  -1.5505476E-01  -8.0190587E-01   1.0439945E+00   1.3255261E+00
   1.5091838E+01  -7.8199126E-02  -7.2573775E-01   1.0452671E+00   1.2749093E+00
   1.5108517E+01  -7.0564315E-02  -6.0345435E-01   1.0481507E+00   1.2115099E+00
   1.5125622E+01  -7.6537818E-02  -4.8733076E-01   1.0506445E+00   1.1606908E+00
   1.5142297E+01  -6.1963867E-02  -2.5334889E-01   1.0517144E+00   1.0835720E+00
   1.5159403E+01  -5.3141776E-02  -6.2611856E-02   1.0518948E+00   1.0550957E+00
   1.5176067E+01  -3.7364185E-02   1.5949942E-01   1.0539274E+00   1.0665829E+00
   1.5193141E+01  -2.6943507E-02   4.3564978E-01   1.0512248E+00   1.1382400E+00
   1.5210016E+01  -3.3927069E-03   7.6320082E-01   1.0465163E+00   1.2952541E+00
   1.5226994E+01   3.2651223E-02   1.1516398E+00   1.0431620E+00   1.5541967E+00
   1.5243784E+01   4.8395436E-02   1.4531913E+00   1.0376627E+00   1.7862953E+00
   1.5260690E+01   1.1609468E-01   1.8679490E+00   1.0349699E+00   2.1386616E+00
   1.5277686E+01   9.5965549E-02   2.2755244E+00   1.0339389E+00   2.5012498E+00
   1.5294448E+01   1.0856985E-01   2.7001963E+00   1.0360103E+00   2.8941605E+00
   1.5311248E+01   1.3558842E-01   3.2333317E+00   1.0390452E+00   3.3988869E+00
   1.5328351E+01   1.7185001E-01   3.6893234E+00   1.0404243E+00   3.8370721E+00
   1.5345147E+01   1.5724804E-01   4.2216163E+00   1.0387503E+00   4.3503761E+00
   1.5362022E+01   1.4404288E-01   4.7893453E+00   1.0410742E+00   4.9033065E+00
   1.5379080E+01   1.4983295E-01   5.3428979E+00   1.0471414E+00   5.4466057E+00
   1.5396049E+01   1.3837977E-01   5.9744339E+00   1.0557930E+00   6.0685840E+00
   1.5412691E+01   1.4629026E-01   6.5805545E+00   1.0620427E+00   6.6673107E+00
   1.5429760E+01   1.2087227E-01   7.2064533E+00   1.0769527E+00   7.2874827E+00
   1.5446589E+01  -1.9030359E-04   7.7923317E+00   1.0666509E+00   7.8649969E+00
   1.5463661E+01   1.0257350E-01   8.3651810E+00   1.0578413E+00   8.4324255E+00
   1.5480519E+01   2.0463331E-02   8.9864321E+00   1.0567744E+00   9.0483789E+00
   1.5497241E+01  -8.2049547E-03   9.5340099E+00   1.0518920E+00   9.5918655E+00
   1.5514059E+01  -3.6308508E-02   1.0005713E+01   1.0255396E+00   1.0058197E+01
   1.5530962E+01  -8.2869522E-02   1.0594107E+01   9.4563508E-01   1.0636550E+01
   1.5548155E+01  -6.6024065E-02   1.0958337E+01   8.8235217E-01   1.0994001E+01
   1.5564747E+01  -1.0727420E-01   1.1261977E+01   8.3564955E-01   1.1293447E+01
   1.5581693E+01  -1.1437318E-01   1.1478724E+01   8.2834774E-01   1.1509142E+01
   1.5598551E+01  -1.5623304E-01   1.1702172E+01   8.0200213E-01   1.1730663E+01
   1.5615563E+01  -1.6544329E-01   1.1776716E+01   7.1343070E-01   1.1799466E+01
   1.5632462E+01  -1.9214609E-01   1.1738608E+01   6.5336353E-01   1.1758348E+01
   1.5649495E+01  -2.1647033E-01   1.1536968E+01   5.1328027E-01   1.1550409E+01
   1.5666271E+01  -2.4015827E-01   1.1263120E+01   3.8448611E-01   1.1272239E+01
   1.5683289E+01  -2.2585906E-01   1.0820758E+01   3.3179653E-01   1.0828199E+01
   1.5699995E+01  -2.1739252E-01   1.0300323E+01   2.5117832E-01   1.0305679E+01
   1.5717022E+01  -2.0269239E-01   9.5526209E+00   1.6501793E-01   9.5561962E+00
   1.5734018E+01  -2.2178154E-01   8.5809507E+00   8.5662946E-02   8.5842438E+00
   1.5750782E+01  -2.1205372E-01   7.5616808E+00  -1.4442015E-02   7.5646672E+00
   1.5767710E+01  -2.1949925E-01   6.6559067E+00  -1.0585415E-01   6.6603665E+00
   1.5784537E+01  -2.0644106E-01   5.2421889E+00  -1.6037226E-01   5.2487030E+00
   1.5801515E+01  -1.8541458E-01   4.0366182E+00  -2.3282301E-01   4.0475760E+00
   1.5818427E+01  -1.6118346E-01   2.8494027E+00  -3.0944309E-01   2.8706846E+00
   1.5835364E+01  -2.0336261E-01   1.4777294E+00  -3.1645435E-01   1.5248554E+00
   1.5852183E+01  -1.4426230E-01   4.1284654E-01  -3.7316838E-01   5.7489872E-01
   1.5869115E+01  -1.6951595E-01  -6.6700065E-01  -3.2470894E-01   7.6096082E-01
   1.5886081E+01  -2.1885550E-01  -1.5368915E+00  -2.4268658E-01   1.5712510E+00
   1.5902907E+01  -1.8187781E-01  -2.2825699E+00  -1.3474479E-01   2.2937658E+00
   1.5919833E+01  -2.1096599E-01  -2.9137418E+00  -3.8046174E-02   2.9216170E+00
   1.5936736E+01  -1.9744059E-01  -3.5077145E+00   3.5388514E-02   3.5134451E+00
   1.5953504E+01  -2.1331033E-01  -3.8989553E+00   9.6415475E-02   3.9059763E+00
   1.5970509E+01  -1.9814998E-01  -4.1382666E+00   2.3784371E-01   4.1498294E+00
   1.5987349E+01  -1.4298412E-01  -4.2887759E+00   4.0679598E-01   4.3103971E+00
   1.6004265E+01  -1.8574093E-01  -4.4433575E+00   5.1203263E-01   4.4766173E+00
   1.6021238E+01  -2.8296492E-01  -4.6501527E+00   5.8314615E-01   4.6951094E+00
   1.6038048E+01  -1.5432186E-01  -4.5584998E+00   6.4432061E-01   4.6063962E+00
