  flscon:  version 22.2.0.05  win64 2022 
 FLOW-3D   03:36:30  10/07/2023 htxs     
   hydr3d   version  22.2.0.16 win64     09/12/2022 HYDRO    
 Simulation Template: Free Surface - TruVOF (Default)                            

Mesh Block   1
 printing pfxob, pfyob, pfzob, pfob       
       1     1002      0.000E+00      8.160E+00
   time              pfxob_1         pfyob_1         pfzob_1         pfob_1
   0.0000000E+00  -2.2920507E-03  -1.2424406E+00   7.1519566E-01   1.4335859E+00
   1.6165863E-03   4.9200207E-02   1.7332263E+02   2.4209973E-01   1.7332280E+02
   8.5351309E-03   3.0224354E-03  -3.4954929E-01   6.7944807E-01   7.6409656E-01
   1.6222766E-02  -2.5843734E-05  -5.6507498E-01   7.1517915E-01   9.1147733E-01
   2.3980442E-02   8.0033429E-03  -8.6076915E-01   6.7491496E-01   1.0938454E+00
   3.2828014E-02   3.0737799E-03  -9.4742119E-01   6.8475878E-01   1.1689786E+00
   4.0755704E-02  -4.3113265E-05  -1.0002130E+00   6.8209112E-01   1.2106503E+00
   4.8255283E-02   1.2615230E-04  -1.3397354E+00   6.7974228E-01   1.5023117E+00
   5.7163782E-02  -3.0124739E-03  -1.4828495E+00   6.8680435E-01   1.6341823E+00
   6.5895975E-02  -1.1014546E-03  -1.5878255E+00   6.9618964E-01   1.7337449E+00
   7.3538944E-02   2.1603513E-03  -1.7299963E+00   6.9957465E-01   1.8660914E+00
   8.2029417E-02   5.4248334E-03  -1.9015957E+00   6.9757366E-01   2.0255134E+00
   9.0314470E-02   1.5836462E-02  -2.0427980E+00   6.9492519E-01   2.1578221E+00
   9.7664803E-02   5.3389743E-03  -2.1205099E+00   6.9668359E-01   2.2320302E+00
   1.0595721E-01   3.4118749E-02  -2.2581425E+00   7.0462090E-01   2.3657689E+00
   1.1437270E-01  -2.4993783E-03  -2.3258939E+00   7.1631825E-01   2.4337010E+00
   1.2242112E-01   7.8949193E-03  -2.4594204E+00   7.2287077E-01   2.5634651E+00
   1.3023318E-01   9.0952509E-04  -2.5436106E+00   7.2386760E-01   2.6446059E+00
   1.3889305E-01   1.1986709E-03  -2.6107099E+00   7.2323805E-01   2.7090368E+00
   1.4675042E-01  -3.5208848E-03  -2.6758814E+00   7.2610569E-01   2.7726490E+00
   1.5568759E-01  -1.2422254E-02  -2.7538376E+00   7.3536444E-01   2.8503573E+00
   1.6276422E-01   1.6309408E-02  -2.7891095E+00   7.4195337E-01   2.8861551E+00
   1.7113361E-01  -1.6015206E-03  -2.8401871E+00   7.5027400E-01   2.9376140E+00
   1.7888433E-01   5.3414218E-03  -2.8505118E+00   7.5366759E-01   2.9484677E+00
   1.8763205E-01  -1.4831913E-02  -2.8777487E+00   7.5447148E-01   2.9750438E+00
   1.9649287E-01   8.5859634E-03  -2.8919017E+00   7.5650781E-01   2.9892261E+00
   2.0434938E-01  -9.2055602E-04  -2.9070168E+00   7.5975358E-01   3.0046585E+00
   2.1214791E-01  -3.4135075E-03  -2.8872166E+00   7.6471806E-01   2.9867752E+00
   2.2042881E-01  -5.1842723E-03  -2.8367660E+00   7.6918048E-01   2.9392018E+00
   2.2789648E-01  -1.6675987E-03  -2.8080974E+00   7.6930881E-01   2.9115715E+00
   2.3634544E-01   1.0662545E-02  -2.7583761E+00   7.6530790E-01   2.8625948E+00
   2.4491493E-01  -1.0330427E-02  -2.6579897E+00   7.6721150E-01   2.7665195E+00
   2.5281763E-01  -1.0338784E-02  -2.5886045E+00   7.6747292E-01   2.6999989E+00
   2.6150656E-01  -5.4306588E-03  -2.4961646E+00   7.6980591E-01   2.6121769E+00
   2.6930261E-01   1.3769850E-03  -2.3563452E+00   7.7180779E-01   2.4795265E+00
   2.7761441E-01   9.0110591E-03  -2.2233846E+00   7.6822799E-01   2.3523808E+00
   2.8592634E-01  -2.2252848E-02  -2.1180713E+00   7.7115875E-01   2.2541976E+00
   2.9412284E-01   1.2572188E-02  -1.9742533E+00   7.7363449E-01   2.1204586E+00
   3.0149308E-01   2.2895504E-03  -1.8442057E+00   7.7800214E-01   2.0015962E+00
   3.0994421E-01   1.4030620E-02  -1.6323192E+00   7.7985203E-01   1.8090971E+00
   3.1786132E-01  -4.2708949E-03  -1.5276937E+00   7.8964585E-01   1.7197113E+00
   3.2692271E-01  -5.4133227E-03  -1.3373607E+00   7.9364258E-01   1.5551307E+00
   3.3479422E-01  -4.5726039E-03  -1.1338334E+00   7.9130864E-01   1.3826672E+00
   3.4259361E-01  -2.1845168E-02  -9.8729753E-01   7.9901230E-01   1.2702969E+00
   3.5099173E-01   4.3494720E-02  -7.9940981E-01   8.0138230E-01   1.1327672E+00
   3.5961896E-01   5.8587245E-03  -6.4300680E-01   8.0659550E-01   1.0315466E+00
   3.6707324E-01  -4.8930697E-02  -5.0480580E-01   8.0985898E-01   9.5555991E-01
   3.7567416E-01  -2.7465297E-02  -2.6275614E-01   8.1012470E-01   8.5211337E-01
   3.8354003E-01  -3.8621083E-02  -1.0316312E-01   8.1204379E-01   8.1948113E-01
   3.9173213E-01   3.8014030E-05   1.5007503E-01   8.1526619E-01   8.2896411E-01
   3.9940190E-01  -1.7687825E-03   2.0425686E-01   8.1764978E-01   8.4277821E-01
   4.0739110E-01  -9.4217844E-03   4.1155195E-01   8.1928039E-01   9.1688830E-01
   4.1604993E-01  -2.5872359E-02   6.2312293E-01   8.2481939E-01   1.0340593E+00
   4.2467374E-01  -1.9374074E-02   7.4916363E-01   8.3473527E-01   1.1217862E+00
   4.3230096E-01  -2.2543989E-02   9.8281986E-01   8.4880471E-01   1.2988119E+00
   4.4105086E-01  -1.7080924E-02   1.1935380E+00   8.4321618E-01   1.4614507E+00
   4.4934630E-01  -8.6731594E-03   1.2662842E+00   8.5455769E-01   1.5276845E+00
   4.5680320E-01  -1.7041072E-02   1.4375762E+00   8.5262787E-01   1.6714933E+00
   4.6474943E-01   1.4472872E-02   1.6148425E+00   8.5185593E-01   1.8258107E+00
   4.7339100E-01  -1.2360420E-02   1.7600622E+00   8.5679334E-01   1.9575665E+00
   4.8096770E-01  -1.0793433E-02   1.8724289E+00   8.5826457E-01   2.0597875E+00
   4.8945931E-01  -2.1869916E-02   2.0511565E+00   8.6013174E-01   2.2243085E+00
   4.9841496E-01  -1.2501515E-02   2.1949227E+00   8.6158711E-01   2.3580019E+00
   5.0645095E-01  -9.3973745E-03   2.3310506E+00   8.6710823E-01   2.4871192E+00
   5.1435131E-01  -1.2341018E-02   2.4593420E+00   8.6696362E-01   2.6077080E+00
   5.2275574E-01  -2.5500521E-02   2.5809243E+00   8.6387897E-01   2.7217839E+00
   5.2989292E-01  -6.6885002E-02   2.7116613E+00   8.6566728E-01   2.8472724E+00
   5.3824729E-01   4.6771001E-02   2.8118334E+00   8.6461353E-01   2.9421337E+00
   5.4645628E-01   2.4378940E-02   2.9074512E+00   8.5592270E-01   3.0309191E+00
   5.5440050E-01  -1.0429359E-02   2.9819360E+00   8.5290277E-01   3.1015308E+00
   5.6250966E-01  -4.4447472E-03   3.0989444E+00   8.5059196E-01   3.2135623E+00
   5.7160777E-01  -2.1027980E-02   3.1732490E+00   8.4215510E-01   3.2831657E+00
   5.7998705E-01   7.3315725E-03   3.2472670E+00   8.3389026E-01   3.3526363E+00
   5.8753932E-01  -1.8025773E-02   3.3163786E+00   8.2839376E-01   3.4183226E+00
   5.9634191E-01  -1.1463246E-02   3.3733740E+00   8.2392144E-01   3.4725537E+00
   6.0369158E-01  -1.4577623E-02   3.3913174E+00   8.1443977E-01   3.4877727E+00
   6.1219841E-01  -3.1937796E-03   3.4436936E+00   8.0729276E-01   3.5370550E+00
   6.2090480E-01  -1.3551960E-02   3.4577079E+00   7.9960239E-01   3.5489848E+00
   6.2795395E-01  -5.0960099E-03   3.4620106E+00   7.9181355E-01   3.5514097E+00
   6.3657826E-01  -1.1122259E-02   3.4558899E+00   7.8473836E-01   3.5438840E+00
   6.4474517E-01  -1.6733389E-02   3.4125946E+00   7.7364695E-01   3.4992301E+00
   6.5314943E-01  -1.8213795E-02   3.3919888E+00   7.6506621E-01   3.4772470E+00
   6.6068625E-01  -1.1995685E-02   3.3350224E+00   7.5699395E-01   3.4198768E+00
   6.6866976E-01  -1.5344493E-02   3.2569668E+00   7.5339830E-01   3.3430042E+00
   6.7694950E-01  -2.8325818E-02   3.1284673E+00   7.4572808E-01   3.2162433E+00
   6.8549335E-01  -1.7610079E-02   3.0495055E+00   7.3804301E-01   3.1375949E+00
   6.9377506E-01  -1.0819566E-02   2.9298561E+00   7.2636580E-01   3.0185726E+00
   7.0173699E-01  -2.1681101E-03   2.7592938E+00   7.2059584E-01   2.8518355E+00
   7.0996183E-01   3.1304210E-03   2.6002464E+00   7.1288204E-01   2.6961997E+00
   7.1746475E-01  -9.5147323E-03   2.4434812E+00   7.0394033E-01   2.5428770E+00
   7.2598410E-01   1.1100645E-02   2.2605700E+00   6.9654071E-01   2.3654745E+00
   7.3457474E-01  -1.2267884E-02   2.0405564E+00   6.8789101E-01   2.1534195E+00
   7.4224359E-01   4.8053088E-03   1.8304319E+00   6.8595469E-01   1.9547476E+00
   7.5086826E-01   3.2118659E-02   1.6501273E+00   6.8346035E-01   1.7863564E+00
   7.5863069E-01   1.6013749E-02   1.3969636E+00   6.7444557E-01   1.5513351E+00
   7.6658142E-01   1.8692963E-02   1.1995754E+00   6.7093492E-01   1.3745852E+00
   7.7539635E-01   1.5979523E-02   9.3057281E-01   6.7067564E-01   1.1471822E+00
   7.8340268E-01   1.4649002E-02   6.3846952E-01   6.7131394E-01   9.2656368E-01
   7.9197526E-01   1.5637647E-02   5.2209347E-01   6.7414391E-01   8.5281658E-01
   7.9924762E-01   2.7029598E-02   2.6322687E-01   6.7387366E-01   7.2396451E-01
   8.0794859E-01   2.7602494E-03   2.2030235E-03   6.7615879E-01   6.7616796E-01
   8.1614178E-01   5.1756180E-03  -1.9815128E-01   6.7566282E-01   7.0413846E-01
   8.2428700E-01  -1.7533605E-03  -4.4450113E-01   6.7806804E-01   8.1077778E-01
   8.3186179E-01  -1.1459849E-02  -5.8875620E-01   6.7716449E-01   8.9739454E-01
   8.4104186E-01   2.8898704E-03  -8.6381388E-01   6.7914337E-01   1.0988259E+00
   8.4899628E-01  -2.0721870E-02  -1.0648681E+00   6.8121350E-01   1.2642884E+00
   8.5633522E-01  -3.5619736E-02  -1.2225164E+00   6.8204969E-01   1.4003595E+00
   8.6549014E-01  -2.8733902E-03  -1.4656152E+00   6.8387783E-01   1.6173203E+00
   8.7246192E-01   3.4667952E-03  -1.6434598E+00   6.8650752E-01   1.7810853E+00
   8.8162696E-01  -1.2308221E-02  -1.8104104E+00   6.9003594E-01   1.9374950E+00
   8.8962734E-01  -4.3976787E-03  -1.9972663E+00   6.9246328E-01   2.1139057E+00
   8.9780688E-01  -2.4290001E-02  -2.1614256E+00   6.9853389E-01   2.2716293E+00
   9.0612513E-01  -1.6310981E-02  -2.3181264E+00   7.0361644E-01   2.4226129E+00
   9.1339034E-01  -1.0755896E-02  -2.4416449E+00   7.0587921E-01   2.5416553E+00
   9.2166126E-01  -3.1379717E-03  -2.5861781E+00   7.0847517E-01   2.6814668E+00
   9.2969722E-01  -1.6705951E-02  -2.6917639E+00   7.1166784E-01   2.7843029E+00
   9.3810189E-01  -3.3682834E-02  -2.8233936E+00   7.1610218E-01   2.9129860E+00
   9.4662166E-01  -9.7811241E-03  -2.9116848E+00   7.2113007E-01   2.9996719E+00
   9.5512480E-01  -3.1625552E-03  -2.9783089E+00   7.2627878E-01   3.0655856E+00
   9.6345872E-01  -4.4641126E-04  -3.0635827E+00   7.2947592E-01   3.1492338E+00
   9.7065622E-01  -3.6816308E-03  -3.1058707E+00   7.3288423E-01   3.1911700E+00
   9.7868776E-01   3.0589295E-03  -3.1567483E+00   7.3762441E-01   3.2417834E+00
   9.8763609E-01  -6.0369442E-03  -3.1845205E+00   7.4181640E-01   3.2697856E+00
   9.9554211E-01  -7.2126387E-04  -3.2008913E+00   7.4845958E-01   3.2872326E+00
   1.0034608E+00   8.7018711E-03  -3.2081680E+00   7.5092024E-01   3.2948899E+00
   1.0116780E+00   2.0512313E-02  -3.2027514E+00   7.5534260E-01   3.2906806E+00
   1.0200616E+00  -1.8586578E-02  -3.1806149E+00   7.5780779E-01   3.2696989E+00
   1.0287834E+00  -9.7403787E-03  -3.1218941E+00   7.6375866E-01   3.2139764E+00
   1.0362488E+00   1.7665621E-02  -2.9995337E+00   7.6520890E-01   3.0956516E+00
   1.0445269E+00   1.3088973E-02  -3.0003166E+00   7.7023149E-01   3.0976324E+00
   1.0526533E+00   8.6478842E-03  -2.9374235E+00   7.7629292E-01   3.0382826E+00
   1.0609438E+00   1.8952804E-02  -2.8517919E+00   7.7581227E-01   2.9554968E+00
   1.0688423E+00   3.4980621E-02  -2.7576623E+00   7.7849388E-01   2.8656547E+00
   1.0772432E+00   1.4125491E-02  -2.5937648E+00   7.7658057E-01   2.7075622E+00
   1.0852329E+00   1.3768637E-02  -2.4425943E+00   7.8308636E-01   2.5650887E+00
   1.0935295E+00   1.5903110E-02  -2.3965886E+00   7.8363669E-01   2.5215027E+00
   1.1017325E+00  -3.8806319E-02  -2.2134538E+00   7.8606391E-01   2.3492084E+00
   1.1102281E+00   8.3456086E-03  -2.0615003E+00   7.8975749E-01   2.2076163E+00
   1.1177281E+00   9.2964284E-03  -1.9079247E+00   7.8952515E-01   2.0648518E+00
   1.1263865E+00  -1.2122546E-02  -1.7902743E+00   7.9348439E-01   1.9582764E+00
   1.1341734E+00   1.2193603E-02  -1.6066521E+00   7.9807794E-01   1.7939923E+00
   1.1426334E+00  -1.7792640E-02  -1.4109949E+00   8.0266881E-01   1.6234225E+00
   1.1510670E+00  -2.3938939E-03  -1.2305740E+00   8.0578434E-01   1.4709203E+00
   1.1582673E+00  -2.3780223E-03  -1.0829977E+00   7.9396451E-01   1.3428587E+00
   1.1669930E+00  -4.8997410E-04  -9.1525131E-01   8.0901849E-01   1.2215548E+00
   1.1755531E+00   1.3848075E-03  -7.7886558E-01   8.1093216E-01   1.1243863E+00
   1.1828283E+00  -2.7440814E-02  -3.9787820E-01   8.1131935E-01   9.0404600E-01
   1.1914418E+00  -1.7430411E-04  -3.2313064E-01   8.1264657E-01   8.7453294E-01
   1.1996807E+00  -1.2987943E-03  -1.5671359E-01   8.1549871E-01   8.3042097E-01
   1.2077924E+00   2.3127178E-02   1.0335222E-02   8.2115835E-01   8.2154900E-01
   1.2162004E+00  -3.5769551E-03   2.0869611E-01   8.2543564E-01   8.5141695E-01
   1.2242689E+00  -1.2945085E-02   3.9936692E-01   8.2528335E-01   9.1692644E-01
   1.2318099E+00  -4.6202736E-03   5.8085346E-01   8.2819790E-01   1.0115948E+00
   1.2404547E+00  -7.6295082E-03   7.2139096E-01   8.3541012E-01   1.1037995E+00
   1.2484392E+00  -1.8184084E-02   1.0344067E+00   8.4934300E-01   1.3385482E+00
   1.2564464E+00  -9.7984076E-03   1.1414499E+00   8.4174967E-01   1.4182900E+00
   1.2645277E+00  -9.0881716E-03   1.3107328E+00   8.5779309E-01   1.5664967E+00
   1.2727249E+00  -3.6770720E-03   1.4567193E+00   8.3595729E-01   1.6795443E+00
   1.2806243E+00   1.0165172E-02   1.6142128E+00   8.4477293E-01   1.8219297E+00
   1.2888098E+00  -2.0846618E-02   1.7832047E+00   8.5747218E-01   1.9787652E+00
   1.2974621E+00  -8.9218300E-03   1.9436878E+00   8.6178637E-01   2.1261885E+00
   1.3048129E+00  -7.9020951E-03   2.1124413E+00   8.5277587E-01   2.2780907E+00
   1.3140140E+00  -1.5671043E-02   2.2638743E+00   8.6876833E-01   2.4248981E+00
   1.3214430E+00   1.2101522E-03   2.3871794E+00   8.7358010E-01   2.5420010E+00
   1.3302921E+00   6.3150069E-03   2.5287197E+00   8.7385803E-01   2.6754611E+00
   1.3384172E+00  -2.1923871E-03   2.6688457E+00   8.7336290E-01   2.8081141E+00
   1.3459033E+00   7.9706404E-03   2.7891450E+00   8.6960244E-01   2.9215753E+00
   1.3547622E+00  -1.1837794E-02   2.9169407E+00   8.6567438E-01   3.0427086E+00
   1.3627540E+00  -4.0278137E-03   3.0138574E+00   8.6257684E-01   3.1348670E+00
   1.3702970E+00   6.1758324E-03   3.1058848E+00   8.5765839E-01   3.2221322E+00
   1.3791872E+00   1.5448597E-04   3.2172139E+00   8.5013217E-01   3.3276403E+00
   1.3873054E+00   7.7644703E-03   3.3044524E+00   8.4285951E-01   3.4102607E+00
   1.3956677E+00  -1.3220474E-02   3.3907831E+00   8.3398813E-01   3.4918649E+00
   1.4030414E+00   9.2637427E-03   3.4176919E+00   8.2632798E-01   3.5161800E+00
   1.4112767E+00  -2.5642956E-02   3.4511645E+00   8.1549919E-01   3.5462985E+00
   1.4201059E+00  -4.8334757E-03   3.4942648E+00   8.1089014E-01   3.5871232E+00
   1.4283913E+00  -1.7643662E-02   3.5409675E+00   8.0305964E-01   3.6309319E+00
   1.4362381E+00  -7.8580081E-03   3.5385671E+00   7.9262394E-01   3.6262615E+00
   1.4438957E+00  -1.0938954E-02   3.5209794E+00   7.8366226E-01   3.6071515E+00
   1.4528325E+00  -1.9980736E-02   3.4948945E+00   7.7310568E-01   3.5794384E+00
   1.4609146E+00  -7.4138497E-03   3.4532673E+00   7.6388484E-01   3.5367541E+00
   1.4688349E+00  -1.3262906E-02   3.3922071E+00   7.6052052E-01   3.4764402E+00
   1.4775298E+00  -1.7990081E-02   3.2963853E+00   7.5149632E-01   3.3810096E+00
   1.4851168E+00  -5.4819132E-03   3.1930788E+00   7.4375248E-01   3.2785592E+00
   1.4937544E+00   6.9383420E-03   3.0755620E+00   7.3085529E-01   3.1612148E+00
   1.5014305E+00  -4.3680359E-02   2.8555064E+00   7.1572143E-01   2.9441607E+00
   1.5097035E+00  -1.1512612E-02   2.7777100E+00   7.2249615E-01   2.8701577E+00
   1.5173146E+00   1.3298265E-02   2.6118231E+00   7.1026927E-01   2.7067101E+00
   1.5254748E+00   1.0458875E-02   2.4673090E+00   6.9943351E-01   2.5645525E+00
   1.5343448E+00   5.5049928E-03   2.2749941E+00   6.9208312E-01   2.3779418E+00
   1.5417472E+00   1.2413532E-02   2.0876336E+00   6.8687475E-01   2.1977637E+00
   1.5509676E+00   4.1028354E-03   1.8467915E+00   6.8331748E-01   1.9691569E+00
   1.5587592E+00   1.2564808E-02   1.6402336E+00   6.7778015E-01   1.7747986E+00
   1.5665085E+00   2.5381006E-02   1.4279677E+00   6.6751534E-01   1.5764874E+00
   1.5745358E+00   1.3567415E-02   1.2246023E+00   6.6843212E-01   1.3952192E+00
   1.5833399E+00   2.0065600E-02   9.2516249E-01   6.6566831E-01   1.1399310E+00
   1.5911671E+00   2.2326510E-02   7.4259853E-01   6.7025471E-01   1.0005960E+00
   1.5989139E+00   2.8069053E-02   5.0094140E-01   6.6933674E-01   8.3650571E-01
   1.6074156E+00   1.5620995E-02   2.8464478E-01   6.6987920E-01   7.2801429E-01
   1.6156288E+00   1.1930687E-02   1.5370541E-02   6.7233998E-01   6.7262143E-01
   1.6239532E+00   1.3348867E-02  -1.9733965E-01   6.7384344E-01   7.0227212E-01
   1.6320510E+00   6.8897582E-03  -4.2681575E-01   6.7375386E-01   7.9759854E-01
   1.6405568E+00  -4.6551935E-03  -6.5289044E-01   6.7157793E-01   9.3664539E-01
   1.6481074E+00   4.2402502E-03  -8.3869278E-01   6.7143744E-01   1.0743611E+00
   1.6560248E+00  -1.4690152E-02  -1.0455704E+00   6.7461222E-01   1.2444013E+00
   1.6641484E+00  -4.1765445E-03  -1.2216167E+00   6.7569774E-01   1.3960418E+00
   1.6732379E+00   1.9241959E-02  -1.4784496E+00   6.7586011E-01   1.6257215E+00
   1.6813992E+00  -9.0597412E-03  -1.6493806E+00   6.7994249E-01   1.7840573E+00
   1.6890825E+00  -1.7796537E-02  -1.8087450E+00   6.8273729E-01   1.9333922E+00
   1.6974007E+00  -1.0776287E-02  -1.9920098E+00   6.8944138E-01   2.1079726E+00
   1.7057924E+00   3.9865259E-02  -2.1729925E+00   6.9794422E-01   2.2826765E+00
   1.7132978E+00  -3.7483464E-03  -2.3024304E+00   7.0104092E-01   2.4067943E+00
   1.7216662E+00   1.0691110E-02  -2.4406614E+00   7.0698202E-01   2.5410168E+00
   1.7297864E+00   1.0253614E-02  -2.5679929E+00   7.1085131E-01   2.6645830E+00
   1.7375444E+00   4.7320370E-03  -2.6800694E+00   7.1265292E-01   2.7732055E+00
   1.7462872E+00   6.4955624E-03  -2.7884912E+00   7.1575302E-01   2.8788936E+00
   1.7546864E+00  -6.3209976E-03  -2.9015191E+00   7.2258252E-01   2.9901469E+00
   1.7627157E+00  -6.6804816E-03  -2.9694142E+00   7.2404665E-01   3.0564210E+00
   1.7703179E+00  -1.5541634E-03  -3.0007763E+00   7.2748506E-01   3.0877006E+00
   1.7787156E+00   7.5179045E-03  -3.0288644E+00   7.3021585E-01   3.1156526E+00
   1.7873737E+00   3.4145135E-03  -3.0939298E+00   7.3489660E-01   3.1800134E+00
   1.7950516E+00   1.7181074E-02  -3.0877843E+00   7.3926789E-01   3.1750944E+00
   1.8035727E+00   1.4347835E-02  -3.1345148E+00   7.4228466E-01   3.2212384E+00
   1.8119539E+00  -2.0761134E-02  -3.0989130E+00   7.4837422E-01   3.1880648E+00
   1.8194507E+00  -1.6038427E-02  -3.0631218E+00   7.5424623E-01   3.1546569E+00
   1.8282838E+00   9.9266674E-03  -3.0230508E+00   7.5849950E-01   3.1167700E+00
   1.8359287E+00   1.2234993E-02  -2.8973682E+00   7.5931251E-01   2.9952376E+00
   1.8441068E+00   1.6016001E-02  -2.8817303E+00   7.6709098E-01   2.9821227E+00
   1.8523470E+00   3.0399252E-02  -2.8313527E+00   7.7052689E-01   2.9344835E+00
   1.8602935E+00   3.7890486E-03  -2.7004426E+00   7.7304506E-01   2.8089149E+00
   1.8683755E+00  -5.8787595E-03  -2.5510948E+00   7.7134091E-01   2.6651616E+00
   1.8764567E+00   6.3951951E-03  -2.4640319E+00   7.7524012E-01   2.5831168E+00
   1.8848429E+00   1.4364250E-03  -2.3233953E+00   7.7670574E-01   2.4497836E+00
   1.8931689E+00  -9.3327221E-03  -2.1883283E+00   7.8147131E-01   2.3236964E+00
   1.9007769E+00   3.9539165E-03  -2.1112957E+00   7.8310817E-01   2.2518535E+00
   1.9093375E+00   5.3459043E-03  -1.8796525E+00   7.8417736E-01   2.0366778E+00
   1.9175050E+00  -3.1434074E-03  -1.7188419E+00   7.9082960E-01   1.8920462E+00
   1.9255478E+00  -4.9581747E-03  -1.6007869E+00   7.9923522E-01   1.7892233E+00
   1.9343727E+00  -4.8104124E-03  -1.4123253E+00   8.0414402E-01   1.6252180E+00
   1.9419813E+00  -5.6386716E-03  -1.2245957E+00   8.0720741E-01   1.4667140E+00
   1.9505116E+00   9.9702273E-03  -9.7913557E-01   8.1042647E-01   1.2710613E+00
   1.9588921E+00  -1.2966174E-02  -8.2802236E-01   8.1062227E-01   1.1588346E+00
   1.9668272E+00   4.2609586E-03  -6.4253247E-01   8.1387162E-01   1.0369442E+00
   1.9742929E+00  -1.1993535E-02  -4.1678923E-01   8.1421578E-01   9.1477019E-01
   1.9828995E+00   5.8701863E-03  -2.4018005E-01   8.1888437E-01   8.5340053E-01
   1.9913018E+00  -3.2640472E-02   1.5148838E-02   8.1725246E-01   8.1804430E-01
   1.9990038E+00   1.6126396E-02   7.8115575E-02   8.2284242E-01   8.2669932E-01
   2.0073407E+00   2.0447584E-02   3.4664646E-01   8.2111651E-01   8.9152348E-01
   2.0151677E+00   8.2187755E-03   5.8261871E-01   8.2518822E-01   1.0101721E+00
   2.0236459E+00   1.2769978E-02   7.1499139E-01   8.2926226E-01   1.0950122E+00
   2.0318067E+00   3.0171623E-02   9.5568788E-01   8.3485776E-01   1.2693452E+00
   2.0403504E+00  -6.0698483E-03   1.1591482E+00   8.5790306E-01   1.4421023E+00
   2.0477941E+00   1.3776359E-02   1.2683384E+00   8.4508812E-01   1.5241542E+00
   2.0565073E+00   8.4175738E-03   1.5010871E+00   8.5311878E-01   1.7265992E+00
   2.0645580E+00  -4.6523572E-03   1.6765380E+00   8.5403043E-01   1.8815337E+00
   2.0727141E+00   7.5723901E-03   1.8419784E+00   8.7061608E-01   2.0373793E+00
   2.0809097E+00  -1.2036939E-02   2.0555885E+00   8.6402845E-01   2.2298281E+00
   2.0885286E+00   4.9625114E-03   2.2099047E+00   8.6746103E-01   2.3740666E+00
   2.0973003E+00  -4.1445545E-03   2.4381659E+00   8.6992729E-01   2.5887148E+00
   2.1048503E+00   1.3347176E-02   2.5668948E+00   8.7050211E-01   2.7105167E+00
   2.1133735E+00  -9.1030039E-03   2.7406197E+00   8.8325262E-01   2.8794467E+00
   2.1218035E+00   2.0785702E-02   2.8591478E+00   9.0212655E-01   2.9981644E+00
   2.1296699E+00   1.0133979E-03   3.0540416E+00   8.8698846E-01   3.1802390E+00
   2.1374304E+00  -1.6640482E-02   3.1637268E+00   8.8264608E-01   3.2845864E+00
   2.1458340E+00  -1.3689850E-02   3.3098493E+00   8.8757503E-01   3.4268174E+00
   2.1539261E+00  -9.0388060E-03   3.4614494E+00   8.7863296E-01   3.5712335E+00
   2.1621025E+00   3.3750284E-02   3.5234101E+00   8.7034804E-01   3.6294713E+00
   2.1708250E+00  -3.9509233E-02   3.6708095E+00   8.7071723E-01   3.7728705E+00
   2.1782844E+00  -2.4102854E-02   3.7143023E+00   8.6052459E-01   3.8127582E+00
   2.1865311E+00  -2.5314361E-02   3.8251975E+00   8.5366035E-01   3.9193764E+00
   2.1944711E+00  -4.6092272E-04   3.8946710E+00   8.4532559E-01   3.9853528E+00
   2.2034361E+00  -3.0700838E-02   3.9708626E+00   8.3655423E-01   4.0581422E+00
   2.2118697E+00  -5.5475876E-04   4.0292358E+00   8.2858145E-01   4.1135497E+00
   2.2191145E+00   4.6902429E-03   4.0288367E+00   8.1772786E-01   4.1109886E+00
   2.2276978E+00  -1.6354848E-02   4.0404782E+00   8.1075794E-01   4.1210508E+00
   2.2363169E+00  -1.8623684E-02   4.0218329E+00   8.0238932E-01   4.1011357E+00
   2.2444649E+00  -7.8185415E-03   4.0278878E+00   7.9120642E-01   4.1048689E+00
   2.2525282E+00  -1.4630366E-02   3.9511991E+00   7.8127426E-01   4.0277262E+00
   2.2605019E+00  -1.2024441E-02   3.9091280E+00   7.7220595E-01   3.9846869E+00
   2.2680709E+00  -8.9408960E-03   3.8462818E+00   7.6535738E-01   3.9217005E+00
   2.2767973E+00  -1.0968555E-02   3.7722802E+00   7.5414699E-01   3.8469410E+00
   2.2850885E+00  -7.8456914E-03   3.6274731E+00   7.4380869E-01   3.7029548E+00
   2.2930298E+00  -8.5721631E-03   3.4896603E+00   7.3633081E-01   3.5665088E+00
   2.3016741E+00  -4.7597867E-03   3.3350050E+00   7.2651702E-01   3.4132254E+00
   2.3092258E+00   7.3298304E-03   3.1723080E+00   7.1879911E-01   3.2527318E+00
   2.3177798E+00  -3.3737575E-03   3.0031700E+00   7.1463889E-01   3.0870292E+00
   2.3253379E+00  -6.9607082E-03   2.8402185E+00   7.0875132E-01   2.9273226E+00
   2.3341503E+00  -5.6949902E-02   2.5816035E+00   7.0010513E-01   2.6754565E+00
   2.3418972E+00  -4.4023912E-04   2.4493196E+00   6.9601357E-01   2.5462918E+00
   2.3505857E+00   6.6469302E-03   2.2204866E+00   6.9166249E-01   2.3257263E+00
   2.3581097E+00   1.2567919E-02   2.0042596E+00   6.8805170E-01   2.1191106E+00
   2.3666828E+00   9.2899799E-03   1.7513453E+00   6.8588656E-01   1.8808873E+00
   2.3751287E+00   1.9341391E-02   1.5204313E+00   6.8640786E-01   1.6683048E+00
   2.3823087E+00   1.9904213E-02   1.2907096E+00   6.8366486E-01   1.4607276E+00
   2.3911872E+00   2.2913244E-02   1.0529277E+00   6.8263841E-01   1.2550606E+00
   2.3987978E+00   2.3063153E-02   8.7915969E-01   6.8200338E-01   1.1129161E+00
   2.4066429E+00   2.3366695E-02   6.4421213E-01   6.8200445E-01   9.3844837E-01
   2.4155738E+00   2.3699241E-02   3.2131588E-01   6.8044102E-01   7.5286490E-01
   2.4230638E+00   1.9744586E-02   1.6964991E-01   6.8390095E-01   7.0490527E-01
   2.4317548E+00   3.9148465E-02  -1.5874328E-01   6.8535310E-01   7.0458567E-01
   2.4400585E+00   1.2676399E-02  -2.8752837E-01   6.8827051E-01   7.4602246E-01
   2.4479344E+00   1.4943649E-02  -5.5138105E-01   6.9310915E-01   8.8580173E-01
   2.4557831E+00   1.0180770E-02  -7.5324494E-01   6.9580340E-01   1.0254872E+00
   2.4640920E+00  -2.6503229E-03  -8.9548832E-01   6.9727266E-01   1.1349429E+00
   2.4728653E+00   1.8730856E-02  -1.1775138E+00   7.0645165E-01   1.3733039E+00
   2.4810958E+00   1.9275485E-02  -1.3018702E+00   7.1075928E-01   1.4833801E+00
   2.4885778E+00  -2.1904297E-03  -1.4997268E+00   7.1414417E-01   1.6610801E+00
   2.4969230E+00   3.8377724E-03  -1.6394825E+00   7.1788955E-01   1.7897718E+00
   2.5057044E+00   1.5583317E-02  -1.8228250E+00   7.2212803E-01   1.9607148E+00
   2.5128624E+00   1.2465678E-02  -1.9563509E+00   7.2451806E-01   2.0862384E+00
   2.5210412E+00   1.8809715E-02  -2.0537765E+00   7.2494048E-01   2.1780472E+00
   2.5298710E+00   7.7654701E-03  -2.1855640E+00   7.2706360E-01   2.3033395E+00
   2.5376685E+00  -9.8254986E-04  -2.2998741E+00   7.2899151E-01   2.4126437E+00
   2.5454910E+00   5.4740540E-05  -2.4059620E+00   7.3099411E-01   2.5145588E+00
   2.5540321E+00   1.7822489E-02  -2.4652932E+00   7.3123312E-01   2.5715151E+00
   2.5624630E+00   4.0131770E-03  -2.5496325E+00   7.3622459E-01   2.6538026E+00
   2.5704298E+00  -1.3757822E-02  -2.5751631E+00   7.3817575E-01   2.6789098E+00
   2.5789921E+00  -5.2609723E-03  -2.6014488E+00   7.4533182E-01   2.7061195E+00
   2.5863397E+00  -2.0950243E-02  -2.6329489E+00   7.4987149E-01   2.7377300E+00
   2.5946777E+00  -4.8141074E-03  -2.6334026E+00   7.5826621E-01   2.7404015E+00
   2.6027329E+00   1.5211362E-02  -2.6380827E+00   7.6601714E-01   2.7470882E+00
   2.6110611E+00   8.5929558E-03  -2.6061304E+00   7.6896536E-01   2.7172225E+00
   2.6193907E+00  -8.7169213E-03  -2.5685141E+00   7.7500248E-01   2.6829033E+00
   2.6273406E+00   7.5577646E-03  -2.5310948E+00   7.8209245E-01   2.6491823E+00
   2.6358373E+00  -1.0203148E-02  -2.4337339E+00   7.8419685E-01   2.5569766E+00
   2.6441321E+00  -4.5200186E-03  -2.4000103E+00   7.8557873E-01   2.5253127E+00
   2.6524479E+00   1.4792277E-02  -2.2748575E+00   7.8936201E-01   2.4079633E+00
   2.6603479E+00   2.8860703E-02  -2.1456306E+00   7.9253286E-01   2.2875035E+00
   2.6682301E+00   2.1711838E-02  -2.0950761E+00   7.9974490E-01   2.2426341E+00
   2.6760352E+00   3.9132785E-02  -1.9787699E+00   8.0372733E-01   2.1361272E+00
   2.6848135E+00   1.8877074E-02  -1.8936437E+00   8.1174594E-01   2.0603821E+00
   2.6927147E+00   1.3429740E-02  -1.6890762E+00   8.1535202E-01   1.8756219E+00
   2.7007353E+00  -6.7961193E-03  -1.5674428E+00   8.2011336E-01   1.7690419E+00
   2.7086961E+00  -1.8888593E-03  -1.4091896E+00   8.2426167E-01   1.6325520E+00
   2.7173860E+00   5.0259579E-04  -1.1919783E+00   8.2770711E-01   1.4511760E+00
   2.7259271E+00   1.2289658E-03  -1.0368081E+00   8.3278310E-01   1.3298497E+00
   2.7331131E+00  -1.0523202E-02  -8.7707943E-01   8.3405256E-01   1.2103813E+00
   2.7414107E+00   4.3367227E-03  -6.4942145E-01   8.3778834E-01   1.0600265E+00
   2.7495513E+00  -2.8730696E-03  -5.7724315E-01   8.4007502E-01   1.0192859E+00
   2.7584229E+00   1.2369744E-02  -2.7466378E-01   8.4386426E-01   8.8752472E-01
   2.7658956E+00  -8.0839209E-03  -1.7899196E-01   8.4561032E-01   8.6438435E-01
   2.7741172E+00   1.4021892E-02   1.4022215E-01   8.4799147E-01   8.5962111E-01
   2.7826915E+00  -1.9509695E-02   2.5542280E-01   8.5044646E-01   8.8818955E-01
   2.7902353E+00  -1.9502793E-02   4.9320006E-01   8.5119784E-01   9.8395348E-01
   2.7990034E+00  -1.2777822E-02   6.7174232E-01   8.5225946E-01   1.0852406E+00
   2.8074992E+00  -4.5016870E-02   8.7445247E-01   8.5486698E-01   1.2237202E+00
   2.8156493E+00  -7.3918188E-03   1.1160369E+00   8.5475445E-01   1.4057732E+00
   2.8236785E+00  -9.1771213E-03   1.2615097E+00   8.5571736E-01   1.5243828E+00
   2.8310635E+00  -4.6803551E-03   1.4324989E+00   8.5859483E-01   1.6701078E+00
   2.8401213E+00   1.5616902E-03   1.6187378E+00   8.5820955E-01   1.8321676E+00
   2.8478200E+00  -6.2115849E-03   1.8088459E+00   8.5477185E-01   2.0006492E+00
   2.8561680E+00  -1.6971201E-02   1.9946712E+00   8.8738561E-01   2.1832211E+00
   2.8642812E+00  -2.1978638E-03   2.1434410E+00   8.7480378E-01   2.3150864E+00
   2.8719761E+00  -3.9120484E-03   2.3135006E+00   8.7949991E-01   2.4750397E+00
   2.8807428E+00  -1.8706357E-02   2.5378084E+00   8.8753104E-01   2.6885931E+00
   2.8887353E+00  -1.3064652E-02   2.6435091E+00   8.8689518E-01   2.7883496E+00
   2.8965247E+00  -6.8182223E-03   2.8100076E+00   8.9599937E-01   2.9494073E+00
   2.9048672E+00   4.5392020E-03   2.9519167E+00   8.9802110E-01   3.0854943E+00
   2.9134457E+00  -1.7975915E-02   3.0904419E+00   8.9728963E-01   3.2181180E+00
   2.9209502E+00  -2.2462372E-02   3.2264478E+00   8.9118958E-01   3.3473406E+00
   2.9299269E+00  -1.7473053E-02   3.3511863E+00   8.8878733E-01   3.4670877E+00
   2.9371929E+00  -2.6345208E-02   3.4488456E+00   9.0280080E-01   3.5651481E+00
   2.9453187E+00  -1.5423807E-02   3.5636091E+00   8.9293021E-01   3.6738088E+00
   2.9542866E+00  -6.5655308E-03   3.6716185E+00   8.9095861E-01   3.7781785E+00
   2.9625099E+00  -2.0824874E-02   3.7800086E+00   8.9138055E-01   3.8837428E+00
   2.9704072E+00  -1.1094359E-02   3.8530059E+00   8.8412869E-01   3.9531584E+00
   2.9787669E+00  -1.5405620E-02   3.9247618E+00   8.7793636E-01   4.0217862E+00
   2.9866850E+00  -1.5507589E-02   3.9482684E+00   8.6830521E-01   4.0426497E+00
   2.9945288E+00  -1.2595102E-02   4.0010662E+00   8.6883026E-01   4.0943322E+00
   3.0030558E+00  -2.0552319E-02   4.0225730E+00   8.5726202E-01   4.1129570E+00
   3.0109527E+00  -6.5223691E-03   4.0415087E+00   8.4968549E-01   4.1298671E+00
   3.0186679E+00   8.9995153E-03   4.0094719E+00   8.3821863E-01   4.0961633E+00
   3.0270474E+00  -2.3501434E-03   3.9910228E+00   8.2418436E-01   4.0752358E+00
   3.0359962E+00   1.4432150E-02   3.9355547E+00   8.1393826E-01   4.0188675E+00
   3.0435836E+00   7.9619195E-03   3.8927083E+00   8.0280441E-01   3.9746366E+00
   3.0517595E+00  -1.1920020E-03   3.7959733E+00   7.9579270E-01   3.8784921E+00
   3.0595999E+00   1.5508348E-02   3.6929455E+00   7.8085780E-01   3.7746291E+00
   3.0679638E+00   1.0594349E-02   3.5781941E+00   7.7281851E-01   3.6607149E+00
   3.0762386E+00  -4.4868197E-03   3.4022210E+00   7.6146680E-01   3.4863963E+00
   3.0848835E+00   1.2297396E-02   3.2412894E+00   7.5155425E-01   3.3273025E+00
   3.0926666E+00   2.1955006E-02   3.0521796E+00   7.3700953E-01   3.1399786E+00
   3.1009324E+00   2.1804299E-02   2.8759346E+00   7.3333466E-01   2.9680388E+00
   3.1090169E+00   2.4485193E-02   2.6268888E+00   7.2417474E-01   2.7249906E+00
   3.1167023E+00   2.2099722E-02   2.4403057E+00   7.1503365E-01   2.5430009E+00
   3.1254096E+00   5.6747794E-02   2.2539780E+00   7.1511048E-01   2.3653796E+00
   3.1334355E+00   2.4700847E-02   1.9647723E+00   7.1350688E-01   2.0904622E+00
   3.1417344E+00   1.3159373E-02   1.5947419E+00   6.9479293E-01   1.7395724E+00
   3.1501763E+00   3.4204606E-02   1.3934916E+00   6.9763577E-01   1.5587445E+00
   3.1583071E+00   3.4009781E-02   1.0889742E+00   6.9748187E-01   1.2936393E+00
   3.1660984E+00   3.9265439E-02   7.7951032E-01   7.0395076E-01   1.0510589E+00
   3.1741226E+00   2.4322322E-02   5.7327110E-01   7.0611334E-01   9.0985024E-01
   3.1820669E+00   6.7547332E-03   3.0557880E-01   7.0306641E-01   7.6663321E-01
   3.1901252E+00  -1.3605478E-02   1.9987429E-02   6.9575083E-01   6.9617087E-01
   3.1992245E+00   1.6540004E-02  -2.9569173E-01   6.9566435E-01   7.5607944E-01
   3.2064080E+00   1.3063609E-02  -4.5722434E-01   6.9786030E-01   8.3440626E-01
   3.2153988E+00   1.6430371E-02  -7.8058052E-01   7.0757473E-01   1.0536783E+00
   3.2235034E+00   4.2895009E-03  -9.7989482E-01   7.1116698E-01   1.2107728E+00
   3.2309110E+00   1.0414982E-02  -1.2069942E+00   7.1208477E-01   1.4014307E+00
   3.2394423E+00   3.5228792E-03  -1.4396762E+00   7.1330881E-01   1.6067014E+00
   3.2476146E+00   1.1704274E-02  -1.7033484E+00   7.1369982E-01   1.8468623E+00
   3.2560632E+00   1.7377021E-02  -1.8962873E+00   7.2184503E-01   2.0291052E+00
   3.2640533E+00   1.8116396E-03  -2.0868514E+00   7.2931284E-01   2.2106218E+00
   3.2726159E+00   5.0303023E-03  -2.2800548E+00   7.3777324E-01   2.3964524E+00
   3.2805357E+00   2.2510791E-03  -2.4320543E+00   7.3840576E-01   2.5416799E+00
   3.2888598E+00  -2.1241823E-02  -2.5870104E+00   7.3279715E-01   2.6888783E+00
   3.2964249E+00  -7.8847753E-03  -2.7306776E+00   7.3139060E-01   2.8269408E+00
   3.3050454E+00   1.7730726E-02  -2.8730192E+00   7.2900665E-01   2.9641197E+00
   3.3126011E+00  -1.7397178E-02  -2.9905980E+00   7.3125672E-01   3.0787523E+00
   3.3209479E+00  -1.3122153E-02  -3.0442414E+00   7.3624486E-01   3.1320336E+00
   3.3290441E+00  -2.2620330E-02  -3.1542556E+00   7.3905593E-01   3.2397599E+00
   3.3369670E+00  -2.7263751E-02  -3.2474196E+00   7.4333149E-01   3.3315191E+00
   3.3458626E+00  -1.3343076E-02  -3.3078969E+00   7.5392616E-01   3.3927517E+00
   3.3539960E+00   2.4768053E-02  -3.3685670E+00   7.6563406E-01   3.4545698E+00
   3.3617735E+00  -6.2045245E-03  -3.3850894E+00   7.7822864E-01   3.4734001E+00
   3.3700945E+00  -6.5554090E-02  -3.4003468E+00   7.8263664E-01   3.4898674E+00
   3.3781936E+00   5.0307089E-03  -3.3980560E+00   7.9364073E-01   3.4895093E+00
   3.3860443E+00   4.8225433E-02  -3.3464439E+00   7.9416502E-01   3.4397252E+00
   3.3945024E+00   1.0539624E-02  -3.3283136E+00   7.9763150E-01   3.4225719E+00
   3.4024999E+00  -1.9851732E-03  -3.2556190E+00   7.9967481E-01   3.3523929E+00
   3.4113941E+00  -1.2349394E-02  -3.1996086E+00   8.0090165E-01   3.2983468E+00
   3.4189794E+00   9.9672955E-03  -3.0987968E+00   8.0370265E-01   3.2013402E+00
   3.4274263E+00  -1.9772921E-02  -2.9862044E+00   8.0900609E-01   3.0939131E+00
   3.4358020E+00  -3.2433882E-02  -2.9366701E+00   8.1390858E-01   3.0475450E+00
   3.4436948E+00   2.0673821E-02  -2.7841079E+00   8.1948215E-01   2.9022810E+00
   3.4512913E+00   7.2325543E-03  -2.6983607E+00   8.2250512E-01   2.8209426E+00
   3.4596238E+00  -4.2679952E-04  -2.5912549E+00   8.2728946E-01   2.7201123E+00
   3.4677801E+00   8.1037441E-03  -2.4626374E+00   8.3160728E-01   2.5992727E+00
   3.4760537E+00   3.1431995E-03  -2.2827394E+00   8.3535045E-01   2.4307857E+00
   3.4839170E+00   4.7578518E-03  -2.1078589E+00   8.3808202E-01   2.2683635E+00
   3.4924636E+00   4.3103695E-04  -1.9019074E+00   8.4096634E-01   2.0795376E+00
   3.5001726E+00   3.4904268E-03  -1.7583368E+00   8.4606898E-01   1.9513055E+00
   3.5086918E+00  -5.5505256E-03  -1.5627857E+00   8.4931302E-01   1.7786688E+00
   3.5170915E+00  -3.6040558E-03  -1.3736439E+00   8.5215205E-01   1.6165004E+00
   3.5253217E+00  -5.2649812E-03  -1.1741089E+00   8.5357046E-01   1.4515998E+00
   3.5334268E+00   4.0399092E-03  -9.6622032E-01   8.5612595E-01   1.2909491E+00
   3.5418427E+00  -5.0815470E-03  -7.5977546E-01   8.5761547E-01   1.1457700E+00
   3.5499911E+00  -5.7552103E-03  -5.4448801E-01   8.5892582E-01   1.0169828E+00
   3.5576105E+00  -1.8574753E-04  -3.6755326E-01   8.5928935E-01   9.3459815E-01
   3.5657516E+00  -3.1467574E-03  -1.7134202E-01   8.6046511E-01   8.7736434E-01
   3.5736144E+00  -7.7104671E-03   5.3883944E-02   8.6001134E-01   8.6173224E-01
   3.5820026E+00   7.8691719E-03   2.6841259E-01   8.6168665E-01   9.0255809E-01
   3.5903780E+00  -2.8654438E-02   4.2775044E-01   8.6262667E-01   9.6328413E-01
   3.5990906E+00   1.2716509E-02   6.3949692E-01   8.6355847E-01   1.0746400E+00
   3.6063545E+00   2.1048751E-02   8.9047879E-01   8.6589545E-01   1.2422441E+00
   3.6145782E+00   2.3251599E-02   1.0603925E+00   8.6987013E-01   1.3717314E+00
   3.6226056E+00  -1.0293286E-02   1.2529376E+00   8.7669629E-01   1.5292335E+00
   3.6314344E+00  -1.0216607E-02   1.4733536E+00   8.7661469E-01   1.7144470E+00
   3.6394711E+00   1.0039469E-02   1.6885135E+00   8.8822621E-01   1.9079111E+00
   3.6473937E+00  -8.5048061E-03   1.8026658E+00   8.9299655E-01   2.0117452E+00
   3.6557605E+00  -3.5296205E-02   1.9967444E+00   8.9603913E-01   2.1888628E+00
   3.6639299E+00  -1.2453021E-02   2.1828194E+00   9.0068793E-01   2.3613753E+00
   3.6713507E+00  -2.9437993E-02   2.3555300E+00   9.0168405E-01   2.5223844E+00
   3.6800547E+00  -9.9845501E-03   2.5487220E+00   8.9281160E-01   2.7005918E+00
   3.6883912E+00  -5.3634729E-02   2.6814463E+00   9.0425736E-01   2.8303201E+00
   3.6967354E+00  -3.2935072E-02   2.8229048E+00   9.0227491E-01   2.9637773E+00
   3.7045207E+00  -1.3876709E-02   2.9969742E+00   9.1297960E-01   3.1329825E+00
   3.7126930E+00  -1.5254793E-02   3.0846734E+00   8.9843726E-01   3.2128854E+00
   3.7212217E+00   1.0265897E-02   3.2141042E+00   8.9080024E-01   3.3352804E+00
   3.7293181E+00  -6.4511104E-03   3.3215094E+00   8.8920033E-01   3.4384797E+00
   3.7372160E+00   2.9446844E-03   3.4084084E+00   8.7966657E-01   3.5200951E+00
   3.7451282E+00   1.5788391E-02   3.4642437E+00   8.7785536E-01   3.5737743E+00
   3.7539802E+00  -1.7383603E-02   3.4881113E+00   8.6369860E-01   3.5934937E+00
   3.7613130E+00   4.7342940E-03   3.5370882E+00   8.5129213E-01   3.6380920E+00
   3.7699177E+00  -4.1309483E-03   3.5705864E+00   8.4164554E-01   3.6684427E+00
   3.7784479E+00   1.2646400E-02   3.5670137E+00   8.2685685E-01   3.6616170E+00
   3.7861388E+00  -8.3305985E-03   3.5302222E+00   8.1754202E-01   3.6236601E+00
   3.7942789E+00  -9.9478848E-04   3.4979067E+00   8.1025088E-01   3.5905232E+00
   3.8027387E+00   3.1289386E-03   3.4483476E+00   7.9665852E-01   3.5391774E+00
   3.8109541E+00   2.0394521E-03   3.3491495E+00   7.8128171E-01   3.4390707E+00
   3.8189301E+00   4.0885024E-03   3.2865179E+00   7.7448440E-01   3.3765430E+00
   3.8267174E+00   5.9572477E-03   3.1798036E+00   7.6709187E-01   3.2710266E+00
   3.8354349E+00  -3.7258400E-03   3.0505495E+00   7.5810200E-01   3.1433396E+00
   3.8432701E+00   8.7762496E-04   2.8618963E+00   7.5432169E-01   2.9596372E+00
   3.8518958E+00   7.8579606E-03   2.7504416E+00   7.3706102E-01   2.8474989E+00
   3.8601615E+00   9.2638321E-03   2.5401897E+00   7.2601610E-01   2.6419215E+00
   3.8675902E+00   1.8799581E-02   2.4035649E+00   7.2016990E-01   2.5092075E+00
   3.8755410E+00   6.0940082E-03   2.2277222E+00   7.1657693E-01   2.3401423E+00
   3.8845336E+00   7.5197066E-03   2.0059295E+00   7.1375585E-01   2.1291447E+00
   3.8926268E+00  -1.2163133E-02   1.7787211E+00   7.0925027E-01   1.9149498E+00
   3.9007330E+00   1.9343795E-02   1.5413415E+00   7.0340782E-01   1.6943703E+00
   3.9090955E+00   1.2319210E-02   1.3414427E+00   6.9569188E-01   1.5111610E+00
   3.9171622E+00   1.4759809E-02   1.0780463E+00   6.9362372E-01   1.2819967E+00
   3.9250014E+00   2.5777375E-02   8.8077223E-01   6.9310427E-01   1.1210788E+00
   3.9327741E+00   2.4589349E-02   6.8039143E-01   6.9643003E-01   9.7393626E-01
   3.9412818E+00   2.6619053E-02   4.0183002E-01   6.9468641E-01   8.0297267E-01
   3.9497015E+00   1.8645681E-02   1.8770520E-01   6.9120651E-01   7.1648264E-01
   3.9572303E+00   1.0939166E-02  -8.0031883E-03   6.8972605E-01   6.8985921E-01
   3.9655483E+00   1.8276313E-02  -2.9820314E-01   6.8963480E-01   7.5156856E-01
   3.9737496E+00   6.2512727E-03  -4.7418725E-01   6.9225061E-01   8.3910877E-01
   3.9818501E+00   1.0609020E-02  -6.8008870E-01   6.9764876E-01   9.7434437E-01
   3.9898899E+00  -4.8685111E-03  -8.9465088E-01   7.0118093E-01   1.1366963E+00
   3.9987040E+00   1.0536761E-03  -1.0956863E+00   7.0291692E-01   1.3017764E+00
   4.0067186E+00  -1.1823493E-02  -1.3099601E+00   7.0709407E-01   1.4886630E+00
   4.0148706E+00  -7.2106472E-03  -1.4998490E+00   7.1138173E-01   1.6600189E+00
   4.0227180E+00   3.3658240E-03  -1.6440368E+00   7.1685749E-01   1.7935308E+00
   4.0307283E+00   4.1502700E-03  -1.8547794E+00   7.2230333E-01   1.9904637E+00
   4.0395360E+00   4.5387088E-03  -2.0111713E+00   7.2444135E-01   2.1376731E+00
   4.0475392E+00   6.5035938E-04  -2.1747251E+00   7.2845852E-01   2.2934866E+00
   4.0556135E+00   6.1242511E-03  -2.2703123E+00   7.3113018E-01   2.3851430E+00
   4.0637488E+00   1.8228895E-03  -2.4128726E+00   7.3214370E-01   2.5215058E+00
   4.0722365E+00  -4.4499468E-02  -2.5301225E+00   7.3522788E-01   2.6351585E+00
   4.0800524E+00   1.9642113E-02  -2.6711855E+00   7.3778337E-01   2.7712710E+00
   4.0878320E+00  -1.3393471E-02  -2.7674184E+00   7.3605055E-01   2.8636611E+00
   4.0960488E+00   1.1916032E-02  -2.8337607E+00   7.3968440E-01   2.9287326E+00
   4.1047006E+00  -1.7890522E-02  -2.9381835E+00   7.4560529E-01   3.0313644E+00
   4.1127415E+00   7.4033700E-03  -2.9295809E+00   7.4889511E-01   3.0237963E+00
   4.1208692E+00   1.8934678E-02  -2.9822423E+00   7.5025117E-01   3.0752244E+00
   4.1284428E+00  -3.7291520E-03  -3.0095022E+00   7.5973016E-01   3.1039181E+00
   4.1371574E+00   1.1791851E-02  -3.0259724E+00   7.6741284E-01   3.1217897E+00
   4.1454248E+00   3.6015086E-02  -3.0170624E+00   7.7898502E-01   3.1162126E+00
   4.1532583E+00   1.0793409E-02  -3.0013423E+00   7.8398269E-01   3.1020639E+00
   4.1618905E+00  -1.2494603E-02  -2.9740343E+00   7.8880298E-01   3.0768890E+00
   4.1697831E+00   1.8292877E-03  -2.9111261E+00   7.9342902E-01   3.0173147E+00
   4.1776543E+00  -3.4717727E-02  -2.8890822E+00   7.9360271E-01   2.9962988E+00
   4.1860785E+00   1.5048000E-02  -2.8156724E+00   7.9599375E-01   2.9260628E+00
   4.1945753E+00   2.6382964E-02  -2.7184095E+00   8.0040318E-01   2.8339181E+00
   4.2027140E+00   7.7693951E-03  -2.6199214E+00   8.0659503E-01   2.7412853E+00
   4.2108636E+00   2.4559613E-02  -2.4756618E+00   8.1232977E-01   2.6056447E+00
   4.2190280E+00  -8.0013527E-03  -2.3905215E+00   8.1544751E-01   2.5257893E+00
   4.2265172E+00  -6.3587921E-03  -2.2502494E+00   8.2150441E-01   2.3955233E+00
   4.2355318E+00   1.5827395E-03  -2.1095018E+00   8.2532334E-01   2.2652061E+00
   4.2431126E+00   1.2549796E-02  -2.0164127E+00   8.2973224E-01   2.1804891E+00
   4.2509899E+00  -2.0788850E-03  -1.8768438E+00   8.3262002E-01   2.0532422E+00
   4.2600117E+00  -1.1889505E-03  -1.7039465E+00   8.3675122E-01   1.8983119E+00
   4.2678390E+00   1.1464296E-02  -1.6216775E+00   8.3885717E-01   1.8258288E+00
   4.2760892E+00   9.1112284E-03  -1.3949459E+00   8.4304380E-01   1.6299325E+00
   4.2836127E+00   5.0326046E-03  -1.2041689E+00   8.4665895E-01   1.4720324E+00
   4.2920437E+00  -9.7664993E-04  -1.0104507E+00   8.4939295E-01   1.3200303E+00
   4.3005481E+00  -1.2029486E-02  -8.2595247E-01   8.5176367E-01   1.1865258E+00
   4.3083529E+00   2.0987797E-03  -6.0521090E-01   8.5370427E-01   1.0464681E+00
   4.3161578E+00  -5.7108682E-03  -4.2844641E-01   8.5475403E-01   9.5613986E-01
   4.3251204E+00   1.0680379E-02  -3.0077195E-01   8.5720116E-01   9.0849966E-01
   4.3331847E+00   8.8214027E-03  -8.4548876E-02   8.5683906E-01   8.6104560E-01
   4.3411589E+00  -4.3966416E-03   1.4720729E-01   8.5895413E-01   8.7148809E-01
   4.3486729E+00   1.8022869E-02   3.2755053E-01   8.5968614E-01   9.2014915E-01
   4.3569779E+00   6.3224870E-04   5.4766935E-01   8.6028069E-01   1.0198162E+00
   4.3652587E+00  -1.4729982E-03   7.2634786E-01   8.6147445E-01   1.1268193E+00
   4.3741498E+00  -1.8374268E-02   9.6039855E-01   8.6251795E-01   1.2909843E+00
   4.3819714E+00  -9.1568185E-03   1.0774596E+00   8.6463577E-01   1.3815202E+00
   4.3897781E+00   2.3240410E-02   1.2521943E+00   8.6668777E-01   1.5230490E+00
   4.3986907E+00  -2.6441591E-02   1.4953701E+00   8.7852961E-01   1.7345448E+00
   4.4063110E+00  -4.6842545E-02   1.6644356E+00   8.8255727E-01   1.8845285E+00
   4.4144778E+00  -8.0501055E-03   1.8282301E+00   8.8476360E-01   2.0310826E+00
   4.4231081E+00   1.4932045E-02   2.0174677E+00   8.8624471E-01   2.2035947E+00
   4.4305425E+00  -1.3710123E-02   2.1733582E+00   8.8667631E-01   2.3473110E+00
   4.4392452E+00  -2.1992637E-02   2.3369384E+00   8.9179909E-01   2.5014136E+00
   4.4477582E+00  -1.9737097E-02   2.5163486E+00   8.9420313E-01   2.6705804E+00
   4.4550734E+00  -3.3544619E-02   2.6500795E+00   8.7323946E-01   2.7904470E+00
   4.4631448E+00  -1.7475184E-02   2.7609551E+00   8.9498979E-01   2.9024448E+00
   4.4720879E+00  -3.3992950E-02   2.9415796E+00   8.9321631E-01   3.0743914E+00
   4.4800944E+00  -3.2117367E-02   3.0620825E+00   8.9251995E-01   3.1896665E+00
   4.4880190E+00  -2.7059741E-02   3.1754034E+00   8.9370936E-01   3.2988839E+00
   4.4960690E+00  -3.2265808E-02   3.2688119E+00   8.8699353E-01   3.3871715E+00
   4.5044746E+00  -4.5512106E-02   3.4023600E+00   9.0588081E-01   3.5211852E+00
   4.5127773E+00  -1.9318787E-02   3.4688442E+00   8.8005239E-01   3.5787911E+00
   4.5201945E+00   2.7386537E-03   3.5358369E+00   8.7013870E-01   3.6413310E+00
   4.5291262E+00   9.4067324E-03   3.5968981E+00   8.6730409E-01   3.6999974E+00
   4.5365620E+00   3.4281846E-02   3.5825830E+00   8.6508203E-01   3.6857080E+00
   4.5454907E+00  -1.1270563E-02   3.6478243E+00   8.4547585E-01   3.7445397E+00
   4.5532637E+00  -1.9195817E-02   3.6437411E+00   8.3531165E-01   3.7383103E+00
   4.5614882E+00  -1.4096216E-02   3.5991845E+00   8.2150584E-01   3.6917746E+00
   4.5697956E+00  -1.5409835E-02   3.5779419E+00   8.1114370E-01   3.6687682E+00
   4.5776587E+00  -1.6182045E-02   3.5465391E+00   8.0440855E-01   3.6366570E+00
   4.5857253E+00  -1.3374331E-02   3.4457698E+00   7.9319704E-01   3.5359113E+00
   4.5942569E+00  -1.4380327E-02   3.3346519E+00   7.7874506E-01   3.4244056E+00
   4.6024308E+00  -1.0008716E-02   3.2502832E+00   7.6767302E-01   3.3397250E+00
   4.6104512E+00  -1.2079471E-02   3.0973003E+00   7.5624573E-01   3.1883104E+00
   4.6185231E+00  -6.5904493E-03   2.9546638E+00   7.4892223E-01   3.0481086E+00
   4.6265531E+00  -4.1026548E-03   2.7715561E+00   7.3639345E-01   2.8677194E+00
   4.6346893E+00  -2.4252587E-03   2.6013365E+00   7.2855169E-01   2.7014339E+00
   4.6427865E+00   6.2111686E-03   2.3752413E+00   7.2066361E-01   2.4821696E+00
   4.6515536E+00   6.5098805E-03   2.1660523E+00   7.0960861E-01   2.2793353E+00
   4.6595092E+00  -2.9637860E-03   1.9448271E+00   7.0924443E-01   2.0701180E+00
   4.6677060E+00   1.4386777E-03   1.7091241E+00   7.0064330E-01   1.8471622E+00
   4.6755781E+00   2.2091173E-02   1.4282066E+00   6.9619071E-01   1.5890070E+00
   4.6840281E+00   3.8389947E-02   1.1519003E+00   6.9140553E-01   1.3440200E+00
   4.6919413E+00   9.6964458E-04   9.2208129E-01   6.8871641E-01   1.1508975E+00
   4.7000861E+00  -1.7240731E-02   7.4055314E-01   6.8817914E-01   1.0110918E+00
   4.7083659E+00   7.7820946E-03   3.9002579E-01   6.8748802E-01   7.9045582E-01
   4.7162204E+00  -1.0529608E-02   1.9641513E-01   6.8619549E-01   7.1383053E-01
   4.7247605E+00   2.3926308E-03  -7.0784621E-02   6.8546891E-01   6.8911815E-01
   4.7329383E+00   5.5082883E-03  -3.0669627E-01   6.8398935E-01   7.4962282E-01
   4.7407355E+00   9.8897154E-03  -5.8227241E-01   6.8541139E-01   8.9940411E-01
   4.7489085E+00   7.3665772E-03  -8.2639438E-01   6.8615764E-01   1.0741482E+00
   4.7575159E+00  -2.4493428E-02  -1.0314488E+00   6.8000275E-01   1.2356740E+00
   4.7655902E+00  -2.1119690E-02  -1.2072612E+00   6.9353050E-01   1.3924476E+00
   4.7736731E+00   4.0626545E-03  -1.4412478E+00   7.0027262E-01   1.6023712E+00
   4.7818031E+00   4.6926565E-03  -1.6502544E+00   7.0642370E-01   1.7951033E+00
   4.7900009E+00  -7.7375285E-03  -1.8562418E+00   7.0908785E-01   1.9870831E+00
   4.7982531E+00  -8.6623663E-03  -2.0479369E+00   7.1422845E-01   2.1689267E+00
   4.8062496E+00  -2.3013864E-02  -2.2250388E+00   7.1818382E-01   2.3381863E+00
   4.8141642E+00  -8.1824083E-03  -2.3770289E+00   7.2558171E-01   2.4853175E+00
   4.8226533E+00  -1.3918473E-02  -2.5252917E+00   7.2963005E-01   2.6286216E+00
   4.8307238E+00  -1.1770379E-02  -2.6492043E+00   7.3122990E-01   2.7482939E+00
   4.8388972E+00  -1.2786049E-02  -2.7852881E+00   7.3212892E-01   2.8799314E+00
   4.8468060E+00  -1.8169444E-02  -2.9137330E+00   7.3142266E-01   3.0041888E+00
   4.8551674E+00  -1.5612991E-02  -3.0044599E+00   7.3231018E-01   3.0924587E+00
   4.8632174E+00  -1.4771718E-02  -3.1215596E+00   7.3456490E-01   3.2068579E+00
   4.8716583E+00  -2.4397204E-02  -3.1670921E+00   7.3513311E-01   3.2513824E+00
   4.8793521E+00  -1.0961193E-02  -3.2112634E+00   7.3799580E-01   3.2949917E+00
   4.8881559E+00  -9.7389594E-03  -3.2496719E+00   7.4562114E-01   3.3341286E+00
   4.8958907E+00  -1.4621951E-04  -3.2571647E+00   7.5356263E-01   3.3431988E+00
   4.9040136E+00   1.9869078E-03  -3.3054726E+00   7.6183915E-01   3.3921309E+00
   4.9122944E+00  -7.4399360E-03  -3.2787285E+00   7.6707369E-01   3.3672717E+00
   4.9204555E+00  -2.8835319E-03  -3.2912388E+00   7.8021222E-01   3.3824534E+00
   4.9286880E+00   1.1211907E-02  -3.2751722E+00   7.8290850E-01   3.3674657E+00
   4.9365721E+00   8.1857666E-03  -3.1967525E+00   7.8814763E-01   3.2924869E+00
   4.9450445E+00   2.5637597E-03  -3.1233487E+00   7.8949362E-01   3.2215858E+00
   4.9535751E+00  -1.7925322E-02  -3.0722950E+00   7.9241645E-01   3.1728916E+00
   4.9610868E+00  -1.3724712E-02  -2.9099646E+00   7.9556727E-01   3.0167880E+00
   4.9696774E+00  -1.2441017E-02  -2.8918271E+00   7.9772097E-01   2.9998629E+00
   4.9777021E+00   1.9034542E-02  -2.7315223E+00   8.0325150E-01   2.8472424E+00
   4.9853234E+00   1.3987509E-02  -2.6701674E+00   8.0890566E-01   2.7900393E+00
   4.9944110E+00   3.3877885E-03  -2.5084302E+00   8.1443852E-01   2.6373365E+00
   5.0021467E+00  -2.5558339E-02  -2.3663640E+00   8.2009965E-01   2.5045750E+00
   5.0099792E+00   1.1005074E-02  -2.2176020E+00   8.2330477E-01   2.3655255E+00
   5.0186362E+00  -1.6861608E-02  -2.0971706E+00   8.2595897E-01   2.2540226E+00
   5.0262055E+00   1.0507605E-02  -1.9313145E+00   8.2833958E-01   2.1014833E+00
   5.0345912E+00   1.2477689E-02  -1.7128028E+00   8.3323663E-01   1.9047657E+00
   5.0431247E+00  -1.1321526E-03  -1.5606629E+00   8.3754337E-01   1.7711997E+00
   5.0511370E+00   2.1180916E-03  -1.3787671E+00   8.4055567E-01   1.6147870E+00
   5.0593829E+00   1.0769268E-02  -1.1689459E+00   8.4276360E-01   1.4411110E+00
   5.0674610E+00   1.0178894E-02  -9.1691017E-01   8.4579808E-01   1.2474784E+00
   5.0751157E+00   3.5950277E-02  -7.9262024E-01   8.4748524E-01   1.1609352E+00
   5.0837393E+00   1.0988845E-02  -5.6399173E-01   8.4950227E-01   1.0197361E+00
   5.0917163E+00  -1.4233178E-02  -3.9491731E-01   8.4951067E-01   9.3692619E-01
   5.1003571E+00   1.4831549E-02  -1.5976809E-01   8.5126525E-01   8.6625534E-01
   5.1080890E+00   1.6752725E-02   2.5969220E-02   8.5098815E-01   8.5154915E-01
   5.1159821E+00   1.2432891E-02   2.3231712E-01   8.5203034E-01   8.8322222E-01
   5.1249094E+00   5.3582056E-03   4.3590459E-01   8.5075867E-01   9.5594549E-01
   5.1328783E+00   1.2597334E-02   6.2766922E-01   8.5409617E-01   1.0600036E+00
   5.1412716E+00   1.4092781E-02   8.3408105E-01   8.5571331E-01   1.1950461E+00
   5.1489868E+00   1.5274234E-02   1.0239761E+00   8.6030251E-01   1.3374906E+00
   5.1575909E+00   2.4962332E-03   1.2430226E+00   8.6542183E-01   1.5146176E+00
   5.1648483E+00  -5.7287319E-03   1.3919041E+00   8.7288493E-01   1.6429724E+00
   5.1730967E+00   1.1826071E-04   1.5328143E+00   8.7047410E-01   1.7627379E+00
   5.1812658E+00   1.1969164E-02   1.7536516E+00   8.7882453E-01   1.9615732E+00
   5.1902275E+00   4.3447763E-03   1.9432207E+00   8.8143861E-01   2.1337900E+00
   5.1980977E+00  -3.2678694E-02   2.1797285E+00   8.8314450E-01   2.3520691E+00
   5.2056961E+00  -9.5296111E-03   2.2979639E+00   9.0667385E-01   2.4703817E+00
   5.2140775E+00  -1.3627701E-02   2.4422402E+00   8.9018995E-01   2.5994542E+00
   5.2226367E+00  -3.0401149E-03   2.6216583E+00   8.8525301E-01   2.7670877E+00
   5.2302384E+00  -2.1833481E-02   2.7402833E+00   8.8832098E-01   2.8807540E+00
   5.2385249E+00   6.8795797E-03   2.8711662E+00   8.8481873E-01   3.0044212E+00
   5.2467022E+00  -1.5690818E-02   3.0140500E+00   8.8011199E-01   3.1399589E+00
   5.2547946E+00  -2.7702073E-02   3.1563308E+00   8.8269746E-01   3.2775519E+00
   5.2628126E+00   2.2450825E-02   3.1784053E+00   8.8030416E-01   3.2981358E+00
   5.2717147E+00  -1.6461445E-02   3.3724039E+00   8.8372087E-01   3.4863076E+00
   5.2797198E+00  -4.0630914E-02   3.4580128E+00   8.6769545E-01   3.5654452E+00
   5.2876596E+00  -1.1394649E-02   3.5129466E+00   8.6564338E-01   3.6180468E+00
   5.2962017E+00   4.5680703E-04   3.5988917E+00   8.6239433E-01   3.7007763E+00
   5.3036470E+00  -1.9495344E-02   3.6145818E+00   8.1781721E-01   3.7059960E+00
   5.3121696E+00  -5.9962012E-03   3.6015563E+00   8.3553630E-01   3.6972106E+00
   5.3204260E+00  -9.3921367E-03   3.6348867E+00   8.2482940E-01   3.7273092E+00
   5.3283062E+00   1.2194409E-02   3.6065297E+00   8.2062823E-01   3.6987343E+00
   5.3366065E+00  -2.3339668E-03   3.5744138E+00   8.1012332E-01   3.6650701E+00
   5.3450460E+00  -5.6323768E-03   3.5465975E+00   7.9939657E-01   3.6355770E+00
   5.3530173E+00   1.3597190E-03   3.4945645E+00   7.8951782E-01   3.5826416E+00
   5.3612733E+00  -1.3875064E-02   3.4058132E+00   7.8187567E-01   3.4944365E+00
   5.3694148E+00  -1.1437717E-02   3.3228269E+00   7.7096158E-01   3.4111128E+00
   5.3773766E+00  -4.7464357E-03   3.2200480E+00   7.6166105E-01   3.3089061E+00
   5.3855758E+00   1.3841880E-03   3.0970128E+00   7.5298530E-01   3.1872365E+00
   5.3935933E+00  -7.1053151E-03   2.9663107E+00   7.4412829E-01   3.0582311E+00
   5.4022098E+00  -7.7918135E-03   2.7813182E+00   7.3309827E-01   2.8763216E+00
   5.4100223E+00  -5.8261855E-03   2.6125062E+00   7.2486913E-01   2.7112095E+00
   5.4182320E+00  -1.8001955E-02   2.4542758E+00   7.1990013E-01   2.5577431E+00
   5.4262490E+00  -1.0373589E-02   2.2455807E+00   7.1514601E-01   2.3567295E+00
   5.4346609E+00  -9.2918212E-03   2.0150366E+00   7.0686001E-01   2.1354413E+00
   5.4426990E+00   4.5616846E-03   1.7637060E+00   7.0199108E-01   1.8982810E+00
   5.4508114E+00   8.7130601E-03   1.5304577E+00   6.9907749E-01   1.6825831E+00
   5.4590378E+00  -1.1960574E-02   1.3080729E+00   6.9659311E-01   1.4820390E+00
   5.4672508E+00  -4.6936482E-02   1.0460979E+00   6.9405013E-01   1.2562760E+00
   5.4754739E+00   9.8366207E-03   8.1188536E-01   6.9094354E-01   1.0661415E+00
   5.4834042E+00   1.3556006E-02   5.6433427E-01   6.9050813E-01   8.9188474E-01
   5.4917192E+00   8.4877089E-03   3.3715194E-01   6.9285870E-01   7.7058202E-01
   5.4997196E+00  -4.3892450E-04   7.7856608E-02   6.8782800E-01   6.9222051E-01
   5.5081396E+00  -3.7043163E-04  -1.7765875E-01   6.8866915E-01   7.1121585E-01
   5.5161037E+00   1.2684643E-02  -3.7583339E-01   6.9030958E-01   7.8609097E-01
   5.5244217E+00  -2.0322908E-02  -7.2303450E-01   6.9231087E-01   1.0012424E+00
   5.5326505E+00  -1.4863976E-02  -9.0492511E-01   6.9395822E-01   1.1404773E+00
   5.5408349E+00   3.9606896E-04  -1.0935634E+00   6.9887918E-01   1.2978109E+00
   5.5485978E+00   4.5020240E-03  -1.2948860E+00   7.0253509E-01   1.4731957E+00
   5.5567870E+00  -1.4652528E-02  -1.4892608E+00   7.0972025E-01   1.6497924E+00
   5.5650253E+00  -2.5471246E-02  -1.6705805E+00   7.0998096E-01   1.8153681E+00
   5.5733328E+00  -3.7402536E-03  -1.8590226E+00   7.1665865E-01   1.9923801E+00
   5.5812750E+00  -1.0984370E-02  -2.1003876E+00   7.2271836E-01   2.2212768E+00
   5.5896525E+00  -4.2337691E-03  -2.2363369E+00   7.2673374E-01   2.3514597E+00
   5.5977817E+00  -1.9190289E-02  -2.3762934E+00   7.3263574E-01   2.4867435E+00
   5.6058493E+00  -4.5676320E-03  -2.5425324E+00   7.3608530E-01   2.6469443E+00
   5.6141095E+00  -1.7395383E-02  -2.6299276E+00   7.3673904E-01   2.7312281E+00
   5.6221652E+00  -1.2637489E-02  -2.7875388E+00   7.3848808E-01   2.8837297E+00
   5.6304049E+00  -4.1747838E-02  -2.8878117E+00   7.4250138E-01   2.9820309E+00
   5.6384020E+00  -1.2333386E-02  -2.9599936E+00   7.4384123E-01   3.0520508E+00
   5.6466765E+00  -1.1022985E-02  -3.0701110E+00   7.4355412E-01   3.1588886E+00
   5.6548300E+00  -2.6120476E-03  -3.1004148E+00   7.4690688E-01   3.1891141E+00
   5.6629472E+00   1.3660628E-03  -3.1404331E+00   7.5170004E-01   3.2291446E+00
   5.6712613E+00  -6.5608416E-03  -3.1773527E+00   7.5778317E-01   3.2664733E+00
   5.6792498E+00   1.3568400E-03  -3.2049930E+00   7.6549631E-01   3.2951429E+00
   5.6874766E+00   1.2976694E-02  -3.1920462E+00   7.7358675E-01   3.2844732E+00
   5.6956935E+00   1.6588734E-02  -3.2212958E+00   7.8205878E-01   3.3149116E+00
   5.7040486E+00  -4.2604404E-03  -3.2048781E+00   7.8568548E-01   3.2997823E+00
   5.7122698E+00  -7.0773259E-02  -3.1559117E+00   7.9265982E-01   3.2547040E+00
   5.7198391E+00   1.1435321E-02  -3.1322296E+00   7.9163426E-01   3.2307394E+00
   5.7286267E+00  -2.3537535E-02  -3.0703020E+00   7.9883677E-01   3.1726091E+00
   5.7361102E+00   1.2765108E-03  -3.0060298E+00   8.0056173E-01   3.1108062E+00
   5.7446146E+00   5.9080478E-03  -2.9202504E+00   8.0438721E-01   3.0290158E+00
   5.7529421E+00   3.8044382E-02  -2.8245735E+00   8.0806398E-01   2.9381337E+00
   5.7610035E+00   2.3395703E-03  -2.6824133E+00   8.1244743E-01   2.8027518E+00
   5.7693009E+00  -9.3709109E-03  -2.6442511E+00   8.1986845E-01   2.7684538E+00
   5.7777209E+00  -1.2419270E-03  -2.4894552E+00   8.2435638E-01   2.6223943E+00
   5.7855229E+00  -1.1822140E-02  -2.3540547E+00   8.2826293E-01   2.4955425E+00
   5.7933798E+00   6.9092950E-03  -2.2056494E+00   8.3003199E-01   2.3566694E+00
   5.8018808E+00   9.4012087E-03  -2.0591865E+00   8.3405471E-01   2.2217076E+00
   5.8098183E+00  -1.3486037E-02  -1.8779550E+00   8.3810371E-01   2.0565298E+00
   5.8184128E+00  -2.5658410E-02  -1.7779118E+00   8.4127492E-01   1.9670720E+00
   5.8260207E+00   1.1855226E-02  -1.5983589E+00   8.4360987E-01   1.8073653E+00
   5.8347321E+00   6.0130842E-03  -1.3893858E+00   8.4702551E-01   1.6272312E+00
   5.8422589E+00   2.9595457E-02  -1.3087254E+00   8.4759653E-01   1.5595057E+00
   5.8502731E+00   1.6810908E-03  -1.0561271E+00   8.4989548E-01   1.3556288E+00
   5.8586264E+00  -1.0630607E-03  -9.2638111E-01   8.5193694E-01   1.2585626E+00
   5.8673706E+00   1.3778692E-02  -6.3374788E-01   8.5385007E-01   1.0634313E+00
   5.8748498E+00   1.9092603E-02  -5.8728224E-01   8.5368282E-01   1.0363586E+00
   5.8832679E+00  -2.0912869E-02  -3.5434920E-01   8.5323924E-01   9.2413092E-01
   5.8916349E+00   8.3703138E-03  -1.8593788E-01   8.5315663E-01   8.7322342E-01
   5.8993931E+00   1.4064587E-02   3.6973577E-02   8.5330868E-01   8.5422510E-01
   5.9074111E+00   2.0753905E-02   1.7356101E-01   8.5400057E-01   8.7170583E-01
   5.9162297E+00   4.1521522E-03   4.6138200E-01   8.5299236E-01   9.6978682E-01
   5.9242220E+00   1.3436494E-02   5.9724599E-01   8.5583436E-01   1.0437125E+00
   5.9325504E+00   3.7882973E-02   7.4102241E-01   8.5677582E-01   1.1334082E+00
   5.9404073E+00   1.0536836E-02   9.3085378E-01   8.6445743E-01   1.2703882E+00
   5.9490266E+00   1.0245765E-02   1.1197549E+00   8.8011211E-01   1.4242729E+00
   5.9568043E+00   2.4529543E-02   1.2599965E+00   8.7247014E-01   1.5327743E+00
   5.9648538E+00  -7.3491060E-03   1.4913794E+00   8.7400681E-01   1.7286279E+00
   5.9727573E+00   5.6378912E-02   1.6264148E+00   8.7851101E-01   1.8493742E+00
   5.9813027E+00   3.6795799E-02   1.7852957E+00   8.7775928E-01   1.9897478E+00
   5.9896531E+00   4.0048622E-03   1.9317869E+00   8.8597739E-01   2.1252701E+00
   5.9978795E+00   8.5222786E-03   2.1227846E+00   8.8914108E-01   2.3014905E+00
   6.0057073E+00  -2.7032487E-02   2.2247057E+00   8.8205284E-01   2.3933372E+00
   6.0136499E+00  -1.7279735E-02   2.3660219E+00   8.8548797E-01   2.5263505E+00
   6.0224643E+00   6.4028306E-03   2.5030489E+00   8.7878138E-01   2.6528382E+00
   6.0303655E+00  -1.1397132E-02   2.5975084E+00   8.7057292E-01   2.7395394E+00
   6.0381622E+00  -1.5003315E-02   2.7285388E+00   8.7254256E-01   2.8646953E+00
   6.0466185E+00  -7.7210185E-03   2.8250189E+00   8.6894947E-01   2.9556496E+00
   6.0549288E+00  -1.3448415E-02   2.9248838E+00   8.6730838E-01   3.0507948E+00
   6.0629969E+00  -3.6007322E-02   3.0143335E+00   8.5828918E-01   3.1343522E+00
   6.0709057E+00  -2.4540287E-02   3.0750780E+00   8.6715263E-01   3.1950994E+00
   6.0793529E+00  -2.4745055E-02   3.1339664E+00   8.5415155E-01   3.2483740E+00
   6.0870609E+00   1.5939031E-02   3.1513460E+00   8.5799903E-01   3.2660983E+00
   6.0952420E+00  -1.2239955E-02   3.1860049E+00   8.4298909E-01   3.2956650E+00
   6.1039925E+00  -6.5989182E-03   3.1764259E+00   8.2785821E-01   3.2825408E+00
   6.1116319E+00  -9.6225170E-03   3.1710610E+00   8.1889606E-01   3.2751048E+00
   6.1200471E+00  -1.9713918E-02   3.1388502E+00   8.1032544E-01   3.2418199E+00
   6.1281376E+00  -7.9933237E-03   3.0906901E+00   7.9855633E-01   3.1921968E+00
   6.1361756E+00  -1.2100207E-02   3.0240049E+00   7.8823036E-01   3.1250696E+00
   6.1443815E+00  -1.9894766E-02   2.9601703E+00   7.7972084E-01   3.0612037E+00
   6.1528444E+00  -1.6325053E-02   2.8692815E+00   7.7085358E-01   2.9710703E+00
   6.1610274E+00  -1.9214267E-02   2.7680633E+00   7.6312178E-01   2.8713932E+00
   6.1690679E+00  -1.2078642E-02   2.6472058E+00   7.5611621E-01   2.7530994E+00
   6.1772614E+00  -8.5173771E-03   2.4995513E+00   7.4744183E-01   2.6089268E+00
   6.1854200E+00  -1.1594388E-02   2.3478172E+00   7.4032599E-01   2.4618006E+00
   6.1934357E+00  -6.1425185E-03   2.1901999E+00   7.3378110E-01   2.3098588E+00
   6.2015128E+00  -1.9888312E-02   2.0133777E+00   7.2748911E-01   2.1408703E+00
   6.2097745E+00  -1.5400599E-02   1.8400916E+00   7.2225612E-01   1.9768227E+00
   6.2178884E+00   3.5573773E-03   1.6049731E+00   7.1597135E-01   1.7574317E+00
   6.2262325E+00   3.5700088E-03   1.4182987E+00   7.1169567E-01   1.5868505E+00
   6.2342153E+00  -7.6296800E-03   1.2251529E+00   7.1119565E-01   1.4166359E+00
   6.2423596E+00   3.9850203E-03   9.9875021E-01   7.0726138E-01   1.2238204E+00
   6.2507086E+00   1.8102873E-02   7.8490394E-01   7.0433688E-01   1.0547476E+00
   6.2585516E+00  -1.4204918E-02   5.7754636E-01   7.0304990E-01   9.0996742E-01
   6.2666922E+00   6.0650976E-03   3.7953201E-01   7.0277667E-01   7.9873425E-01
   6.2751598E+00   3.1032784E-02   9.9924020E-02   7.0169747E-01   7.0945555E-01
   6.2832136E+00   1.7773964E-02  -1.0017730E-01   7.0101035E-01   7.0835507E-01
   6.2914577E+00   8.3885035E-03  -3.7730861E-01   6.9852221E-01   7.9395556E-01
   6.2996078E+00   4.2727711E-03  -5.6113940E-01   7.0153362E-01   8.9835691E-01
   6.3076863E+00   1.7695526E-02  -7.3722100E-01   7.0254338E-01   1.0185162E+00
   6.3157234E+00   1.1963455E-02  -9.5245337E-01   7.0299017E-01   1.1838521E+00
   6.3241191E+00   1.2986006E-02  -1.1639982E+00   7.0664382E-01   1.3617657E+00
   6.3321667E+00   4.2157616E-03  -1.3703811E+00   7.0992196E-01   1.5433571E+00
   6.3402481E+00  -1.9215483E-03  -1.5560800E+00   7.1494061E-01   1.7124628E+00
   6.3483181E+00  -5.2093123E-03  -1.7273115E+00   7.1760982E-01   1.8704535E+00
   6.3566456E+00  -8.9810081E-03  -1.9217337E+00   7.2300237E-01   2.0532591E+00
   6.3646507E+00  -4.4964892E-03  -2.0959830E+00   7.2729361E-01   2.2185855E+00
   6.3731117E+00  -1.5248806E-03  -2.2799764E+00   7.3292935E-01   2.3948863E+00
   6.3809333E+00  -9.6055418E-03  -2.4085855E+00   7.3534191E-01   2.5183535E+00
   6.3892612E+00  -1.4541180E-02  -2.5661504E+00   7.4040145E-01   2.6708677E+00
   6.3975220E+00  -1.1131429E-02  -2.6892400E+00   7.4216574E-01   2.7897933E+00
   6.4056764E+00  -4.0199564E-04  -2.8320332E+00   7.4366140E-01   2.9280443E+00
   6.4135761E+00  -1.2718209E-02  -2.9163208E+00   7.4343497E-01   3.0096154E+00
   6.4220328E+00  -1.5235039E-02  -2.9949913E+00   7.4527597E-01   3.0863636E+00
   6.4299998E+00  -1.4267670E-02  -3.0841966E+00   7.4777138E-01   3.1735837E+00
   6.4380932E+00   2.3223313E-03  -3.0917759E+00   7.5441897E-01   3.1824882E+00
   6.4463868E+00   1.7293176E-02  -3.2052531E+00   7.6095289E-01   3.2943885E+00
   6.4544358E+00   1.4105556E-02  -3.2480359E+00   7.6606148E-01   3.3371825E+00
   6.4626484E+00  -3.7156595E-03  -3.2769709E+00   7.7565861E-01   3.3675210E+00
   6.4710569E+00   1.4947954E-02  -3.3051727E+00   7.8159654E-01   3.3963633E+00
   6.4788880E+00   4.0072016E-02  -3.3331168E+00   7.8860855E-01   3.4253726E+00
   6.4873152E+00   2.1610009E-02  -3.2508552E+00   7.9608357E-01   3.3469801E+00
   6.4955745E+00  -1.7404878E-03  -3.2783720E+00   7.9902261E-01   3.3743391E+00
   6.5037041E+00  -1.3149978E-02  -3.1776290E+00   8.0087209E-01   3.2770255E+00
   6.5114765E+00   1.9754099E-02  -3.2080791E+00   8.0587298E-01   3.3078079E+00
   6.5201259E+00   1.6652739E-02  -3.1221745E+00   8.1018114E-01   3.2256231E+00
   6.5283351E+00  -2.2897592E-02  -3.0756664E+00   8.1410414E-01   3.1816683E+00
   6.5360785E+00   1.2076208E-03  -3.0195806E+00   8.1748086E-01   3.1282814E+00
   6.5440559E+00   1.9370779E-02  -2.8834405E+00   8.2427323E-01   2.9990048E+00
   6.5522847E+00  -2.3379484E-02  -2.8158302E+00   8.2986903E-01   2.9356649E+00
   6.5607729E+00   4.4604745E-03  -2.6913533E+00   8.3336508E-01   2.8174279E+00
   6.5687242E+00  -2.8592928E-03  -2.6275187E+00   8.3845109E-01   2.7580543E+00
   6.5769048E+00   6.1524590E-03  -2.5085182E+00   8.4194821E-01   2.6460495E+00
   6.5853181E+00   2.1547846E-02  -2.3712354E+00   8.4744555E-01   2.5182106E+00
   6.5930910E+00   1.4232685E-02  -2.2592547E+00   8.4968662E-01   2.4137940E+00
   6.6019015E+00   3.8515271E-03  -2.0916805E+00   8.5281086E-01   2.2588556E+00
   6.6100168E+00   8.1206746E-03  -1.9789586E+00   8.5635322E-01   2.1563125E+00
   6.6173506E+00  -3.7919106E-03  -1.7657632E+00   8.5831463E-01   1.9633232E+00
   6.6257200E+00   1.9703863E-02  -1.6555607E+00   8.6234474E-01   1.8667908E+00
   6.6341586E+00   1.7367944E-02  -1.5177929E+00   8.6642945E-01   1.7477691E+00
   6.6426663E+00   3.4371413E-02  -1.3077966E+00   8.6544961E-01   1.5686034E+00
   6.6502957E+00   7.9815453E-03  -1.2115340E+00   8.6758530E-01   1.4901620E+00
   6.6589317E+00   2.0085104E-02  -1.0288306E+00   8.6746871E-01   1.3458818E+00
   6.6666646E+00   1.5869321E-02  -8.0939537E-01   8.6873144E-01   1.1874624E+00
   6.6744604E+00   8.2605239E-03  -6.8805307E-01   8.7014055E-01   1.1093376E+00
   6.6832380E+00   1.5723292E-02  -5.3491676E-01   8.7070411E-01   1.0220122E+00
   6.6911621E+00   1.5801216E-02  -2.2861844E-01   8.6937499E-01   8.9907116E-01
   6.6994495E+00   8.4879473E-03  -1.7301103E-01   8.6932474E-01   8.8641435E-01
   6.7071891E+00   3.0544152E-02   2.8281489E-03   8.6842406E-01   8.6896563E-01
   6.7157283E+00   2.0890454E-02   1.3299622E-01   8.6868340E-01   8.7905359E-01
   6.7242556E+00   2.4679614E-02   3.0685800E-01   8.6910737E-01   9.2201871E-01
   6.7319207E+00   1.3929388E-02   4.9102914E-01   8.6903501E-01   9.9826121E-01
   6.7402434E+00   3.6699285E-03   7.0529306E-01   8.6862248E-01   1.1189088E+00
   6.7486186E+00   5.6218165E-03   8.9595401E-01   8.6806148E-01   1.2475159E+00
   6.7568998E+00   1.5621473E-03   9.6511191E-01   8.6960816E-01   1.2991004E+00
   6.7644515E+00  -6.2691411E-03   1.1489549E+00   8.6771971E-01   1.4398174E+00
   6.7729669E+00   4.7514461E-02   1.2962667E+00   8.6839974E-01   1.5609878E+00
   6.7810965E+00  -2.7157066E-03   1.5042249E+00   8.7926137E-01   1.7423549E+00
   6.7893925E+00   6.4616362E-03   1.5920609E+00   8.7125647E-01   1.8148794E+00
   6.7969956E+00  -2.4416273E-02   1.7705283E+00   8.7312120E-01   1.9742613E+00
   6.8053083E+00  -1.9990046E-02   1.8951063E+00   8.7341970E-01   2.0867894E+00
   6.8139839E+00   2.4593014E-02   2.0147779E+00   8.7797546E-01   2.1979027E+00
   6.8217177E+00   9.3647391E-03   2.1320033E+00   8.8399923E-01   2.3080251E+00
   6.8300271E+00  -2.7180359E-02   2.2343674E+00   8.6245626E-01   2.3951967E+00
   6.8384223E+00  -3.5671182E-02   2.3336356E+00   8.7489617E-01   2.4925029E+00
   6.8459530E+00  -1.5313477E-02   2.4323161E+00   8.7736923E-01   2.5857635E+00
   6.8541098E+00  -1.4175119E-02   2.5607748E+00   8.7774599E-01   2.7070661E+00
   6.8628545E+00  -2.2482691E-02   2.6109316E+00   8.7980664E-01   2.7552729E+00
   6.8707318E+00  -1.0148698E-02   2.6782939E+00   8.6276066E-01   2.8138440E+00
   6.8792238E+00  -5.7837479E-03   2.7356999E+00   8.6563367E-01   2.8693919E+00
   6.8872042E+00   5.7988800E-04   2.7826858E+00   8.5494828E-01   2.9110610E+00
   6.8954759E+00   3.3140301E-03   2.7958071E+00   8.5726815E-01   2.9242876E+00
   6.9035087E+00   6.4337039E-03   2.8260689E+00   8.5182500E-01   2.9516628E+00
   6.9117575E+00  -1.0079586E-02   2.8011203E+00   8.3744895E-01   2.9236445E+00
   6.9199157E+00   4.3260318E-04   2.7991481E+00   8.2768953E-01   2.9189553E+00
   6.9279833E+00   1.3716705E-02   2.7743764E+00   8.4062809E-01   2.8989668E+00
   6.9357257E+00   2.7161019E-03   2.7316206E+00   8.1607264E-01   2.8509178E+00
   6.9440908E+00   2.2636896E-03   2.6697636E+00   8.1204462E-01   2.7905302E+00
   6.9524517E+00  -5.1625231E-03   2.5776157E+00   8.0524766E-01   2.7004728E+00
   6.9603715E+00  -5.0346088E-03   2.5258641E+00   7.9664266E-01   2.6485193E+00
   6.9684458E+00  -2.2136902E-03   2.4222708E+00   7.8847885E-01   2.5473711E+00
   6.9768243E+00  -8.0461251E-03   2.3007262E+00   7.8087455E-01   2.4296443E+00
   6.9847097E+00  -1.0463314E-03   2.2083297E+00   7.7580881E-01   2.3406410E+00
   6.9930639E+00  -3.1704798E-03   2.0686703E+00   7.6929098E-01   2.2070830E+00
   7.0012975E+00  -5.8184325E-04   1.9304610E+00   7.6144183E-01   2.0752046E+00
   7.0093026E+00   6.2888074E-03   1.7781677E+00   7.5504053E-01   1.9318402E+00
   7.0176053E+00  -8.2794507E-04   1.6374346E+00   7.5019503E-01   1.8011067E+00
   7.0256891E+00   1.8485475E-03   1.4636025E+00   7.4592024E-01   1.6427212E+00
   7.0339637E+00   3.9933575E-03   1.2994102E+00   7.4127108E-01   1.4959831E+00
   7.0420399E+00  -9.0006730E-03   1.1096411E+00   7.3718327E-01   1.3322251E+00
   7.0501018E+00   5.0227144E-03   9.1676724E-01   7.3332775E-01   1.1739919E+00
   7.0584002E+00  -8.2312608E-03   7.3540342E-01   7.3561448E-01   1.0401993E+00
   7.0664945E+00   1.4968765E-02   5.2245301E-01   7.2864950E-01   8.9672250E-01
   7.0745635E+00  -2.1735900E-03   3.3272251E-01   7.2755885E-01   8.0003178E-01
   7.0830336E+00   8.5858870E-03   1.2942228E-01   7.2633290E-01   7.3782337E-01
   7.0911784E+00   7.0704217E-03  -7.9812102E-02   7.2577560E-01   7.3018503E-01
   7.0992932E+00   4.8534712E-03  -2.0883612E-01   7.2533363E-01   7.5481457E-01
   7.1074724E+00   2.1689644E-03  -4.3620223E-01   7.2640675E-01   8.4731567E-01
   7.1153636E+00   8.4696949E-04  -6.2437731E-01   7.2770965E-01   9.5885825E-01
   7.1238270E+00   1.7810137E-03  -8.0442357E-01   7.2857434E-01   1.0853207E+00
   7.1317577E+00   4.4253510E-03  -9.9980366E-01   7.3130023E-01   1.2387199E+00
   7.1400876E+00  -4.9980087E-03  -1.1859071E+00   7.3347545E-01   1.3944128E+00
   7.1481242E+00  -2.7934595E-03  -1.3564939E+00   7.3587847E-01   1.5432435E+00
   7.1564765E+00  -2.2172518E-03  -1.5634348E+00   7.3963273E-01   1.7295635E+00
   7.1645193E+00  -3.7980510E-03  -1.7308694E+00   7.4313819E-01   1.8836607E+00
   7.1725945E+00  -1.7467905E-03  -1.8965001E+00   7.4595970E-01   2.0379331E+00
   7.1807060E+00  -9.6000440E-04  -2.0405369E+00   7.4967933E-01   2.1738930E+00
   7.1888642E+00  -3.5881463E-02  -2.2039506E+00   7.5268519E-01   2.3292103E+00
   7.1971145E+00   6.2681036E-03  -2.3708489E+00   7.5215566E-01   2.4873083E+00
   7.2052460E+00  -1.4916447E-03  -2.4763691E+00   7.5577968E-01   2.5891328E+00
   7.2135730E+00   1.7846669E-03  -2.6064935E+00   7.5461233E-01   2.7135310E+00
   7.2216802E+00  -1.7095399E-03  -2.6967359E+00   7.5669992E-01   2.8008895E+00
   7.2298946E+00   4.7922768E-03  -2.7955570E+00   7.5817883E-01   2.8965492E+00
   7.2378802E+00   6.7644715E-03  -2.8672304E+00   7.5976807E-01   2.9661934E+00
   7.2460575E+00   1.6823456E-03  -2.9480453E+00   7.6775342E-01   3.0463781E+00
   7.2540650E+00   7.3766052E-03  -2.9957764E+00   7.7319062E-01   3.0939546E+00
   7.2622805E+00  -8.1811342E-03  -3.0840573E+00   7.8243446E-01   3.1817732E+00
   7.2704110E+00   7.1602301E-03  -3.1302345E+00   7.8577071E-01   3.2273605E+00
   7.2788529E+00   4.6851464E-02  -3.1289628E+00   7.9143989E-01   3.2278445E+00
   7.2866607E+00   1.0880026E-02  -3.1897848E+00   7.9875714E-01   3.2882912E+00
   7.2951541E+00  -5.6611691E-03  -3.1775100E+00   8.0137831E-01   3.2770121E+00
   7.3030024E+00   9.7490940E-03  -3.1907852E+00   8.0512393E-01   3.2908099E+00
   7.3112445E+00   1.5366657E-02  -3.1883252E+00   8.1127018E-01   3.2899563E+00
   7.3194919E+00  -9.3612084E-03  -3.1669238E+00   8.1579655E-01   3.2703240E+00
   7.3277831E+00   2.3523187E-02  -3.1107242E+00   8.1881821E-01   3.2167718E+00
   7.3360143E+00  -7.8973198E-07  -3.0989704E+00   8.2580477E-01   3.2071126E+00
   7.3438883E+00   1.8171519E-02  -3.0457382E+00   8.3188391E-01   3.1573536E+00
   7.3519883E+00   1.4402094E-02  -2.9873977E+00   8.3706498E-01   3.1024878E+00
   7.3602657E+00   8.4610805E-03  -2.9529719E+00   8.3980250E-01   3.0700786E+00
   7.3687444E+00   2.1244338E-02  -2.8387229E+00   8.4348220E-01   2.9614627E+00
   7.3767719E+00  -1.2118286E-02  -2.7724948E+00   8.4785348E-01   2.8992636E+00
   7.3850098E+00   1.1776565E-02  -2.6900020E+00   8.5378605E-01   2.8222687E+00
   7.3927579E+00   2.5249138E-02  -2.6093621E+00   8.5759050E-01   2.7467926E+00
   7.4014378E+00   8.6833928E-03  -2.4917784E+00   8.6015016E-01   2.6360753E+00
   7.4095845E+00   8.8593401E-03  -2.3645759E+00   8.6284906E-01   2.5171027E+00
   7.4171281E+00   1.3152019E-02  -2.2379408E+00   8.6573017E-01   2.3995917E+00
   7.4256201E+00   2.0513711E-02  -2.1270871E+00   8.6994094E-01   2.2981987E+00
   7.4335532E+00   2.4225436E-02  -2.0052972E+00   8.7362319E-01   2.1874692E+00
   7.4417043E+00   1.4632238E-02  -1.8354830E+00   8.7651962E-01   2.0340841E+00
   7.4500542E+00   1.1261721E-02  -1.6786361E+00   8.7830520E-01   1.8945622E+00
   7.4585586E+00   6.6241408E-03  -1.5399233E+00   8.7977606E-01   1.7735313E+00
   7.4663148E+00   2.0340830E-02  -1.3950111E+00   8.8192683E-01   1.6505346E+00
   7.4749336E+00   1.9622697E-02  -1.2294092E+00   8.8419729E-01   1.5144758E+00
   7.4827380E+00   1.0508412E-02  -1.1225199E+00   8.8614398E-01   1.4301791E+00
   7.4905543E+00   1.9717846E-02  -9.3817902E-01   8.8551247E-01   1.2902329E+00
   7.4992447E+00   1.3616311E-02  -7.5582838E-01   8.8685775E-01   1.1653234E+00
   7.5068684E+00   1.5698995E-02  -5.9800673E-01   8.8752151E-01   1.0703051E+00
   7.5156655E+00   1.3357043E-02  -4.6194583E-01   8.8747835E-01   1.0005949E+00
   7.5236769E+00   1.1129513E-02  -2.5690842E-01   8.8843966E-01   9.2490584E-01
   7.5317712E+00   8.6111743E-03  -4.0582199E-02   8.8796496E-01   8.8893354E-01
   7.5398159E+00   1.3294830E-02   8.3104804E-02   8.8932729E-01   8.9330071E-01
   7.5483088E+00   2.8628236E-02   2.6577777E-01   8.8805974E-01   9.2741984E-01
   7.5564055E+00   1.1773947E-02   4.1118491E-01   8.8683718E-01   9.7759497E-01
   7.5645247E+00   1.8120242E-02   6.2346560E-01   8.8696682E-01   1.0843191E+00
   7.5727086E+00   1.1022976E-02   7.0082879E-01   8.8665342E-01   1.1302375E+00
   7.5810256E+00   1.1778305E-02   9.2215180E-01   8.8637495E-01   1.2791259E+00
   7.5885143E+00   1.4953601E-02   1.0492135E+00   8.8497698E-01   1.3726825E+00
   7.5969610E+00  -6.9737756E-03   1.1802902E+00   8.8462549E-01   1.4750241E+00
   7.6055083E+00   3.1531766E-02   1.3511901E+00   8.8498950E-01   1.6155232E+00
   7.6132956E+00  -2.4473246E-03   1.4828573E+00   8.8268948E-01   1.7256919E+00
   7.6211009E+00  -1.7740617E-04   1.6850358E+00   8.8222259E-01   1.9020154E+00
   7.6297674E+00  -2.4519281E-02   1.8182678E+00   8.8217634E-01   2.0211220E+00
   7.6381650E+00  -5.9155161E-03   1.9607112E+00   8.8217008E-01   2.1500344E+00
   7.6460590E+00  -3.4115219E-03   2.1317418E+00   8.8395554E-01   2.3077505E+00
   7.6538992E+00  -3.8436592E-02   2.2067690E+00   8.8131022E-01   2.3765552E+00
   7.6618905E+00  -8.6513866E-04   2.3143926E+00   8.7812632E-01   2.4753828E+00
   7.6707196E+00  -9.3498733E-03   2.4331622E+00   8.7810957E-01   2.5867822E+00
   7.6786976E+00  -3.0447179E-03   2.5730412E+00   8.8019562E-01   2.7194290E+00
   7.6865864E+00  -6.7470539E-03   2.6781394E+00   8.7906528E-01   2.8187287E+00
   7.6952028E+00  -5.7526440E-03   2.7388945E+00   8.7856513E-01   2.8763609E+00
   7.7033319E+00   1.6120406E-02   2.8163512E+00   8.8153571E-01   2.9511352E+00
   7.7110257E+00  -1.0084141E-02   2.8697326E+00   8.6952221E-01   2.9985890E+00
   7.7193265E+00  -3.2872120E-03   2.9479012E+00   8.8225543E-01   3.0770938E+00
   7.7276115E+00  -1.7866749E-02   3.0035839E+00   8.7079525E-01   3.1273184E+00
   7.7358551E+00  -3.2189353E-03   3.0610001E+00   8.6408824E-01   3.1806259E+00
   7.7440896E+00   5.7909465E-03   3.0885968E+00   8.7077701E-01   3.2090056E+00
   7.7521243E+00  -6.6108443E-03   3.1118269E+00   8.6023706E-01   3.2285473E+00
   7.7599587E+00  -2.3042033E-03   3.1139803E+00   8.5792685E-01   3.2300026E+00
   7.7683764E+00  -1.1370582E-02   3.1187978E+00   8.4657824E-01   3.2316751E+00
   7.7765722E+00   5.4287584E-03   3.1060493E+00   8.4715056E-01   3.2195086E+00
   7.7844925E+00  -4.8696846E-03   3.0815523E+00   8.4392476E-01   3.1950269E+00
   7.7925324E+00   2.1713395E-03   3.0551636E+00   8.2843834E-01   3.1654921E+00
   7.8009176E+00   2.1578666E-02   3.0069616E+00   8.2946122E-01   3.1193411E+00
   7.8091307E+00   1.6580703E-03   2.9480131E+00   8.1389552E-01   3.0583017E+00
   7.8173370E+00   1.1965524E-03   2.8499486E+00   8.1033868E-01   2.9629138E+00
   7.8253841E+00  -2.7380595E-03   2.7772663E+00   8.0486333E-01   2.8915429E+00
   7.8338051E+00  -6.1582983E-03   2.6593699E+00   7.9607761E-01   2.7759731E+00
   7.8416018E+00   5.7870415E-03   2.5573843E+00   7.9348201E-01   2.6776597E+00
   7.8497739E+00  -1.2395994E-02   2.4530189E+00   7.8116786E-01   2.5744278E+00
   7.8578968E+00  -4.6860273E-03   2.3186295E+00   7.7662963E-01   2.4452441E+00
   7.8662868E+00   3.8423468E-03   2.1725190E+00   7.6721328E-01   2.3040118E+00
   7.8744659E+00   1.3950157E-03   2.0292318E+00   7.6285684E-01   2.1678870E+00
   7.8827319E+00  -8.5208885E-04   1.8611623E+00   7.5942576E-01   2.0101376E+00
   7.8907099E+00  -9.2216698E-04   1.7180711E+00   7.6050967E-01   1.8788677E+00
   7.8988938E+00  -4.1165026E-03   1.5214596E+00   7.5467461E-01   1.6983491E+00
   7.9068899E+00  -3.6011164E-03   1.3654544E+00   7.5088674E-01   1.5583035E+00
   7.9150753E+00  -1.9629144E-03   1.1664189E+00   7.4833989E-01   1.3858390E+00
   7.9232578E+00  -1.8608563E-03   1.0028436E+00   7.4487311E-01   1.2492136E+00
   7.9314899E+00   2.4798303E-03   8.0315810E-01   7.4373019E-01   1.0946249E+00
   7.9395723E+00   2.6747598E-03   6.2720788E-01   7.4137968E-01   9.7110283E-01
   7.9478850E+00   7.5829830E-03   4.3966457E-01   7.3964584E-01   8.6048734E-01
   7.9560604E+00  -3.7469768E-03   2.8149223E-01   7.4007750E-01   7.9181224E-01
   7.9641790E+00  -1.3438064E-03   5.8185544E-02   7.3978883E-01   7.4207473E-01
   7.9722195E+00  -9.9745486E-04  -1.1047451E-01   7.4082279E-01   7.4901533E-01
   7.9805551E+00  -9.6496672E-04  -3.1980613E-01   7.4242651E-01   8.0837739E-01
   7.9885030E+00  -2.7770907E-04  -4.7989172E-01   7.4322999E-01   8.8469595E-01
   7.9967151E+00  -1.1690399E-03  -6.7603797E-01   7.4579519E-01   1.0065978E+00
   8.0048494E+00  -1.7210331E-03  -7.8886527E-01   7.4825174E-01   1.0872866E+00
   8.0129595E+00  -7.5228320E-04  -1.0096881E+00   7.4997717E-01   1.2577506E+00
   8.0214024E+00   3.6290192E-04  -1.1756775E+00   7.5132304E-01   1.3952434E+00
   8.0295172E+00   5.9588528E-03  -1.3274240E+00   7.5484353E-01   1.5270491E+00
   8.0376501E+00   2.1267638E-03  -1.4574343E+00   7.5785083E-01   1.6426982E+00
   8.0458088E+00   5.0134715E-03  -1.6361268E+00   7.6017070E-01   1.8041052E+00
   8.0540009E+00   4.4644978E-03  -1.7912825E+00   7.6156539E-01   1.9464570E+00
   8.0619307E+00   4.2342343E-03  -1.8905511E+00   7.6245022E-01   2.0385122E+00
   8.0703869E+00   2.2972687E-03  -2.0135174E+00   7.6274681E-01   2.1531467E+00
   8.0782652E+00   4.9133436E-03  -2.0984840E+00   7.6439375E-01   2.2333734E+00
   8.0865898E+00   4.7160015E-03  -2.2067671E+00   7.6424801E-01   2.3353624E+00
   8.0946436E+00   1.0384449E-02  -2.3122439E+00   7.6463795E-01   2.4354160E+00
   8.1028042E+00  -5.4229605E-03  -2.3467407E+00   7.6633799E-01   2.4687033E+00
   8.1110029E+00   9.5206667E-03  -2.4231133E+00   7.6738793E-01   2.5417421E+00
   8.1192884E+00   1.1445245E-02  -2.5208008E+00   7.7366924E-01   2.6368792E+00
   8.1274090E+00   1.6892016E-03  -2.5114162E+00   7.7893662E-01   2.6294405E+00
   8.1353579E+00  -5.3409291E-03  -2.5503094E+00   7.8318930E-01   2.6678629E+00
   8.1435318E+00   2.8848419E-02  -2.6149476E+00   7.8655213E-01   2.7308328E+00
   8.1518488E+00   1.0612103E-02  -2.6191916E+00   7.9277688E-01   2.7365623E+00
   8.1603594E+00   5.5418718E-03  -2.5842886E+00   7.9378712E-01   2.7034564E+00
