  flscon:  version 22.2.0.05  win64 2022 
 FLOW-3D   14:10:46  09/07/2023 bbyu     
   hydr3d   version  22.2.0.16 win64     09/12/2022 HYDRO    
 Simulation Template: Free Surface - TruVOF (Default)                            

Mesh Block   1
 printing pfxob, pfyob, pfzob, pfob       
       1     1002      0.000E+00      2.280E+01
   time              pfxob_1         pfyob_1         pfzob_1         pfob_1
   0.0000000E+00   1.3218127E-04  -1.1737821E+00  -1.3956875E+00   1.8236524E+00
   1.5095273E-03   1.4740598E-03   3.5255856E+02  -2.1772039E+00   3.5256528E+02
   2.2479977E-02   7.0362403E-03  -5.1436114E-01  -1.3790681E+00   1.4718851E+00
   4.5733977E-02   5.8196876E-03  -6.5741974E-01  -1.3876014E+00   1.5354713E+00
   6.8667270E-02   6.5997364E-03  -8.3653498E-01  -1.3917731E+00   1.6238431E+00
   9.1640584E-02   1.6521761E-03  -9.4741642E-01  -1.3914254E+00   1.6833494E+00
   1.1380665E-01   2.3834847E-03  -1.1162995E+00  -1.3868580E+00   1.7803105E+00
   1.3695964E-01   5.9503838E-03  -1.3206055E+00  -1.3829696E+00   1.9122341E+00
   1.5897082E-01   8.1365192E-03  -1.4451157E+00  -1.3707607E+00   1.9918360E+00
   1.8272962E-01   9.5172776E-03  -1.5743992E+00  -1.3623475E+00   2.0820217E+00
   2.0565854E-01   3.9729487E-02  -1.7120498E+00  -1.3563225E+00   2.1845603E+00
   2.2787854E-01   2.4902250E-03  -1.8139241E+00  -1.3442702E+00   2.2577398E+00
   2.5035158E-01   2.8850022E-03  -1.8809845E+00  -1.3321580E+00   2.3049417E+00
   2.7412891E-01   5.2574393E-03  -1.9162050E+00  -1.3261977E+00   2.3303797E+00
   2.9692364E-01   5.7992490E-04  -1.9279748E+00  -1.3157965E+00   2.3341823E+00
   3.1817108E-01  -2.5115744E-04  -1.9376366E+00  -1.3040701E+00   2.3356016E+00
   3.4217131E-01  -4.1264220E-04  -1.9408820E+00  -1.2917104E+00   2.3314240E+00
   3.6468601E-01   9.3890686E-04  -1.9478816E+00  -1.2805655E+00   2.3311138E+00
   3.8714191E-01  -2.4811227E-03  -1.9412074E+00  -1.2666996E+00   2.3179345E+00
   4.1100290E-01   6.1343610E-04  -1.9224887E+00  -1.2466154E+00   2.2912908E+00
   4.3366498E-01   2.8667733E-04  -2.0074513E+00  -1.2502842E+00   2.3649673E+00
   4.5557150E-01   4.5439453E-04  -1.9981825E+00  -1.2321670E+00   2.3475454E+00
   4.7748378E-01   1.3143150E-03  -1.9957378E+00  -1.2243605E+00   2.3413734E+00
   5.0175893E-01   2.5298721E-03  -1.9713771E+00  -1.2120805E+00   2.3141897E+00
   5.2340943E-01   1.6149482E-03  -1.9589353E+00  -1.2056984E+00   2.3002474E+00
   5.4640579E-01   3.4121892E-03  -1.9321625E+00  -1.1964397E+00   2.2726047E+00
   5.6945676E-01   2.0986998E-03  -1.8596005E+00  -1.1907200E+00   2.2081513E+00
   5.9169316E-01   6.9526286E-04  -1.7968818E+00  -1.1789081E+00   2.1490948E+00
   6.1578894E-01   9.7145874E-04  -1.7374247E+00  -1.1810882E+00   2.1008606E+00
   6.3863915E-01  -7.0211831E-03  -1.6482837E+00  -1.1692209E+00   2.0208826E+00
   6.6191643E-01   2.7903311E-03  -1.5778800E+00  -1.1645843E+00   1.9611144E+00
   6.8419206E-01   2.3502144E-03  -1.5598655E+00  -1.1610652E+00   1.9445457E+00
   7.0726722E-01   1.5732883E-03  -1.4086306E+00  -1.1517973E+00   1.8195822E+00
   7.3075259E-01   2.5161861E-03  -1.3316327E+00  -1.1495115E+00   1.7591556E+00
   7.5334877E-01   2.8598080E-03  -1.2718242E+00  -1.1470236E+00   1.7126611E+00
   7.7587843E-01   2.8887866E-03  -1.2035241E+00  -1.1441590E+00   1.6605958E+00
   7.9831821E-01   2.4795330E-03  -1.0865800E+00  -1.1425520E+00   1.5767331E+00
   8.2193744E-01   2.6127659E-03  -1.0198436E+00  -1.1401179E+00   1.5296916E+00
   8.4383726E-01   4.1200113E-03  -8.9986324E-01  -1.1382097E+00   1.4509625E+00
   8.6545229E-01   3.0583972E-03  -8.0154145E-01  -1.1361089E+00   1.3904034E+00
   8.9014173E-01   2.2354771E-03  -7.2441667E-01  -1.1345285E+00   1.3460830E+00
   9.1333312E-01   2.5593718E-03  -6.4050174E-01  -1.1326499E+00   1.3012090E+00
   9.3345898E-01   1.9791410E-03  -5.3249258E-01  -1.1319402E+00   1.2509360E+00
   9.5664352E-01   3.6605948E-04  -3.9041340E-01  -1.1316243E+00   1.1970782E+00
   9.7933489E-01   1.2707697E-03  -3.0315995E-01  -1.1311599E+00   1.1710808E+00
   1.0047708E+00   7.8071898E-04  -1.8354487E-01  -1.1316723E+00   1.1464604E+00
   1.0249820E+00   8.4830564E-04  -8.4052928E-02  -1.1320063E+00   1.1351228E+00
   1.0500281E+00   1.5174813E-03   5.9264719E-02  -1.1320541E+00   1.1336054E+00
   1.0730464E+00   1.5688986E-03   1.9932093E-01  -1.1326842E+00   1.1500891E+00
   1.0937585E+00   1.2523902E-03   2.9317549E-01  -1.1331016E+00   1.1704156E+00
   1.1179198E+00   1.2354231E-03   3.7788126E-01  -1.1337444E+00   1.1950616E+00
   1.1385522E+00   6.1215949E-04   4.6612263E-01  -1.1349334E+00   1.2269248E+00
   1.1624898E+00   7.2072819E-04   5.8442241E-01  -1.1375077E+00   1.2788564E+00
   1.1860937E+00   4.6428543E-04   6.7738158E-01  -1.1395161E+00   1.3256482E+00
   1.2086194E+00  -1.8074296E-03   8.2918215E-01  -1.1428748E+00   1.4119878E+00
   1.2311869E+00  -6.4078078E-04   9.1439039E-01  -1.1461176E+00   1.4661841E+00
   1.2538271E+00  -1.4607720E-03   1.0379831E+00  -1.1504458E+00   1.5494956E+00
   1.2773036E+00  -7.8043109E-04   1.1563619E+00  -1.1542708E+00   1.6338649E+00
   1.2981763E+00  -2.0899222E-04   1.2280583E+00  -1.1569908E+00   1.6872330E+00
   1.3210865E+00   9.7493339E-06   1.3233939E+00  -1.1615307E+00   1.7608308E+00
   1.3443180E+00  -2.2862011E-03   1.4508187E+00  -1.1686156E+00   1.8629392E+00
   1.3689653E+00   7.8775600E-05   1.5441096E+00  -1.1735636E+00   1.9394654E+00
   1.3914293E+00   1.1722427E-03   1.6483234E+00  -1.1799424E+00   2.0271249E+00
   1.4138178E+00  -1.0871232E-03   1.7395169E+00  -1.1867681E+00   2.1057868E+00
   1.4370508E+00  -3.6256062E-04   1.8374060E+00  -1.1936359E+00   2.1910791E+00
   1.4583536E+00  -5.9125887E-04   1.8940319E+00  -1.1993053E+00   2.2418051E+00
   1.4807403E+00  -3.2462692E-04   2.0125921E+00  -1.2085055E+00   2.3475544E+00
   1.5045201E+00   1.9824270E-03   2.0899701E+00  -1.2158036E+00   2.4178829E+00
   1.5278362E+00   9.4241707E-04   2.2005179E+00  -1.2259049E+00   2.5189526E+00
   1.5514336E+00   6.6726743E-03   2.2769401E+00  -1.2338715E+00   2.5897760E+00
   1.5741348E+00   2.8808194E-03   2.3653975E+00  -1.2417436E+00   2.6715238E+00
   1.5954870E+00   3.4470349E-03   2.4467812E+00  -1.2500716E+00   2.7476225E+00
   1.6182055E+00   3.3373646E-03   2.5103335E+00  -1.2566603E+00   2.8073084E+00
   1.6415162E+00   3.1272725E-03   2.5905311E+00  -1.2660789E+00   2.8833690E+00
   1.6640908E+00   3.2189072E-03   2.6538327E+00  -1.2795920E+00   2.9462168E+00
   1.6880331E+00   9.1906292E-03   2.7087555E+00  -1.2892678E+00   2.9999421E+00
   1.7094573E+00   9.5087904E-03   2.7479684E+00  -1.2978237E+00   3.0390406E+00
   1.7320088E+00   8.2545280E-03   2.7648959E+00  -1.3078294E+00   3.0586166E+00
   1.7555625E+00   5.9070387E-03   2.7736783E+00  -1.3187772E+00   3.0712376E+00
   1.7778735E+00   7.6784687E-03   2.7654872E+00  -1.3273852E+00   3.0675609E+00
   1.8015218E+00   6.2267501E-03   2.7485573E+00  -1.3351771E+00   3.0557003E+00
   1.8250954E+00   7.9822941E-03   2.6993642E+00  -1.3438845E+00   3.0154030E+00
   1.8463469E+00   9.2177568E-03   2.6465859E+00  -1.3510901E+00   2.9715226E+00
   1.8686951E+00   1.3022804E-02   2.5727375E+00  -1.3564624E+00   2.9084597E+00
   1.8913602E+00   9.2430739E-03   2.4757650E+00  -1.3602158E+00   2.8248336E+00
   1.9150710E+00   1.2757669E-02   2.3756814E+00  -1.3664432E+00   2.7406554E+00
   1.9386915E+00   1.2670422E-02   2.2414882E+00  -1.3747618E+00   2.6295247E+00
   1.9616416E+00   1.1332174E-02   2.0822179E+00  -1.3819448E+00   2.4991062E+00
   1.9836327E+00   1.3037857E-02   1.9036497E+00  -1.3882881E+00   2.3561401E+00
   2.0066998E+00   1.0368153E-02   1.7147454E+00  -1.3983748E+00   2.2126706E+00
   2.0300188E+00   9.9841328E-03   1.5097477E+00  -1.3943584E+00   2.0551577E+00
   2.0509164E+00   1.0334944E-02   1.3418384E+00  -1.3967081E+00   1.9368609E+00
   2.0758266E+00   9.1079585E-03   1.1388227E+00  -1.3970370E+00   1.8024186E+00
   2.0985477E+00   8.0439728E-03   8.8446879E-01  -1.3985710E+00   1.6547962E+00
   2.1214132E+00   6.5128030E-03   6.6972685E-01  -1.3999608E+00   1.5519235E+00
   2.1438639E+00   5.1703090E-03   4.5223969E-01  -1.4009686E+00   1.4721618E+00
   2.1665180E+00   3.9022272E-03   2.3102878E-01  -1.4022174E+00   1.4211274E+00
   2.1889267E+00   3.1059573E-03   1.7599316E-02  -1.4025581E+00   1.4026719E+00
   2.2120345E+00   1.9026399E-03  -1.3849628E-01  -1.4024383E+00   1.4092615E+00
   2.2350452E+00   1.2702288E-04  -4.0618935E-01  -1.4010997E+00   1.4587907E+00
   2.2568841E+00  -1.8249310E-04  -5.9888250E-01  -1.3979286E+00   1.5208105E+00
   2.2794139E+00   4.9873366E-04  -7.4136621E-01  -1.3906479E+00   1.5759206E+00
   2.3029249E+00  -3.7926383E-04  -9.1431516E-01  -1.3882428E+00   1.6622849E+00
   2.3255715E+00  -4.4511380E-03  -1.0627648E+00  -1.3849140E+00   1.7457020E+00
   2.3480120E+00  -1.0381980E-03  -1.1984715E+00  -1.3784543E+00   1.8266011E+00
   2.3717542E+00  -4.8851580E-03  -1.3340116E+00  -1.3716953E+00   1.9134154E+00
   2.3941700E+00  -4.6029580E-03  -1.4433283E+00  -1.3636725E+00   1.9856536E+00
   2.4167411E+00  -1.9328648E-02  -1.5365379E+00  -1.3567797E+00   2.0499203E+00
   2.4391530E+00  -2.0094621E-03  -1.5914987E+00  -1.3485019E+00   2.0859842E+00
   2.4618540E+00  -5.3344029E-03  -1.6876558E+00  -1.3262273E+00   2.1464131E+00
   2.4850972E+00  -9.3843639E-03  -1.8224014E+00  -1.3103038E+00   2.2445781E+00
   2.5078893E+00  -5.5375965E-03  -1.7479998E+00  -1.3142955E+00   2.1869857E+00
   2.5304480E+00  -3.9015913E-03  -1.7834519E+00  -1.2967222E+00   2.2050407E+00
   2.5524194E+00  -3.7776190E-03  -1.7864004E+00  -1.2853000E+00   2.2007356E+00
   2.5762715E+00  -1.3436811E-03  -1.7970102E+00  -1.2715942E+00   2.2014084E+00
   2.5980749E+00  -1.6695710E-03  -1.8092365E+00  -1.2546053E+00   2.2016752E+00
   2.6207759E+00  -3.4428047E-04  -1.7993379E+00  -1.2417796E+00   2.1862373E+00
   2.6444111E+00  -3.3325350E-04  -1.7910516E+00  -1.2273177E+00   2.1712151E+00
   2.6676347E+00   3.3970007E-03  -1.7374443E+00  -1.2103060E+00   2.1174431E+00
   2.6896698E+00   6.5450091E-04  -1.7477412E+00  -1.2022120E+00   2.1213000E+00
   2.7125823E+00  -6.1393762E-04  -1.7059393E+00  -1.1898127E+00   2.0798759E+00
   2.7363203E+00   1.9290744E-03  -1.6313955E+00  -1.1732739E+00   2.0094841E+00
   2.7590280E+00   1.7731136E-03  -1.5442624E+00  -1.1669707E+00   1.9356059E+00
   2.7814043E+00  -5.0326262E-04  -1.5609999E+00  -1.1623548E+00   1.9462245E+00
   2.8044827E+00   1.1528966E-03  -1.4900239E+00  -1.1522453E+00   1.8835715E+00
   2.8269498E+00   7.3123391E-04  -1.3821536E+00  -1.1456171E+00   1.7952124E+00
   2.8501897E+00   9.4464349E-06  -1.3376107E+00  -1.1404741E+00   1.7578064E+00
   2.8732247E+00   3.7038380E-03  -1.2719860E+00  -1.1359919E+00   1.7054149E+00
   2.8955412E+00   6.0331589E-03  -1.2272437E+00  -1.1333252E+00   1.6705058E+00
   2.9188747E+00  -8.1710532E-05  -1.1045811E+00  -1.1248033E+00   1.5764778E+00
   2.9407623E+00  -6.3456963E-03  -1.0687994E+00  -1.1227053E+00   1.5501095E+00
   2.9638641E+00  -4.6195230E-03  -9.0191782E-01  -1.1170174E+00   1.4356897E+00
   2.9870689E+00   3.0051966E-03  -8.2283217E-01  -1.1063657E+00   1.3788062E+00
   3.0095980E+00  -5.7797202E-05  -7.5221878E-01  -1.1035873E+00   1.3355665E+00
   3.0325212E+00   1.7240293E-04  -6.6095877E-01  -1.0928425E+00   1.2771730E+00
   3.0547526E+00   2.5462597E-03  -5.1311505E-01  -1.0939978E+00   1.2083563E+00
   3.0778899E+00  -2.4956344E-03  -5.0918704E-01  -1.0902721E+00   1.2033167E+00
   3.1010957E+00  -2.5082836E-03  -4.4506872E-01  -1.0855916E+00   1.1732867E+00
   3.1234572E+00   2.4009461E-03  -3.6809266E-01  -1.0827905E+00   1.1436491E+00
   3.1456079E+00   2.3450248E-03  -2.9825369E-01  -1.0796934E+00   1.1201334E+00
   3.1691859E+00   2.1385786E-03  -2.1600915E-01  -1.0763476E+00   1.0978109E+00
   3.1922436E+00   1.2933788E-03  -1.2391562E-01  -1.0741163E+00   1.0812413E+00
   3.2151878E+00   4.4446876E-03  -5.5404328E-02  -1.0721750E+00   1.0736148E+00
   3.2381518E+00   4.7418929E-04   5.0764348E-02  -1.0701249E+00   1.0713284E+00
   3.2606006E+00   2.1539589E-04   1.0887051E-01  -1.0695337E+00   1.0750606E+00
   3.2836132E+00  -3.4093001E-04   1.8016395E-01  -1.0691264E+00   1.0842003E+00
   3.3055487E+00  -1.7994245E-03   2.7855033E-01  -1.0687089E+00   1.1044148E+00
   3.3295984E+00  -2.1268548E-03   3.7808013E-01  -1.0692641E+00   1.1341405E+00
   3.3507228E+00  -3.7780604E-03   4.2379656E-01  -1.0695002E+00   1.1504123E+00
   3.3741798E+00  -2.5058729E-03   5.1827174E-01  -1.0707223E+00   1.1895622E+00
   3.3969104E+00  -8.9576578E-04   6.0398793E-01  -1.0724379E+00   1.2308230E+00
   3.4184079E+00  -9.4188924E-04   6.7610836E-01  -1.0738139E+00   1.2689364E+00
   3.4419577E+00  -8.3385775E-04   7.7755523E-01  -1.0763037E+00   1.3277886E+00
   3.4655800E+00   4.9013592E-04   8.7363344E-01  -1.0790854E+00   1.3884022E+00
   3.4894531E+00  -1.6122224E-04   9.7888511E-01  -1.0820607E+00   1.4591337E+00
   3.5115364E+00  -2.5382059E-04   1.0676242E+00  -1.0847086E+00   1.5219771E+00
   3.5331476E+00  -1.1865975E-03   1.1396799E+00  -1.0867082E+00   1.5747401E+00
   3.5559783E+00  -1.3660089E-03   1.2599038E+00  -1.0902925E+00   1.6661624E+00
   3.5793295E+00  -1.8862385E-04   1.3433139E+00  -1.0934107E+00   1.7320622E+00
   3.6016710E+00  -6.7722686E-03   1.4397860E+00  -1.0954432E+00   1.8091506E+00
   3.6242254E+00   2.0106789E-03   1.5251185E+00  -1.0954666E+00   1.8777747E+00
   3.6486931E+00   3.4998893E-04   1.6177857E+00  -1.0988480E+00   1.9556834E+00
   3.6705668E+00  -1.6926297E-03   1.6989495E+00  -1.0980300E+00   2.0228944E+00
   3.6947012E+00  -1.4904701E-03   1.8175189E+00  -1.1035678E+00   2.1263206E+00
   3.7153502E+00   6.6065026E-04   1.8845465E+00  -1.1057047E+00   2.1849711E+00
   3.7401223E+00   9.2083687E-04   1.9776297E+00  -1.1115501E+00   2.2686038E+00
   3.7626355E+00  -1.4830731E-04   2.0615082E+00  -1.1163373E+00   2.3443601E+00
   3.7857053E+00  -1.0193957E-04   2.1409636E+00  -1.1230335E+00   2.4176288E+00
   3.8068585E+00   4.7516928E-04   2.2248902E+00  -1.1284506E+00   2.4947019E+00
   3.8297751E+00   1.2252058E-04   2.3292122E+00  -1.1379592E+00   2.5923309E+00
   3.8520024E+00   9.9104538E-04   2.4105284E+00  -1.1462597E+00   2.6691871E+00
   3.8758152E+00   1.0817649E-03   2.4890587E+00  -1.1553514E+00   2.7441304E+00
   3.8991051E+00   4.1884792E-04   2.5539675E+00  -1.1668124E+00   2.8078821E+00
   3.9221535E+00   7.1262807E-04   2.6114244E+00  -1.1763893E+00   2.8641629E+00
   3.9437501E+00   1.9873178E-03   2.6643114E+00  -1.1854638E+00   2.9161420E+00
   3.9673376E+00   1.7357419E-03   2.6967804E+00  -1.1992654E+00   2.9514174E+00
   3.9899006E+00   3.2741942E-03   2.7173836E+00  -1.2112387E+00   2.9751108E+00
   4.0123320E+00   2.8624469E-03   2.7196062E+00  -1.2225255E+00   2.9817502E+00
   4.0359640E+00   4.8136618E-03   2.7102842E+00  -1.2346463E+00   2.9782572E+00
   4.0582294E+00   5.4688728E-03   2.6786628E+00  -1.2452365E+00   2.9539597E+00
   4.0801754E+00   5.5226614E-03   2.6368847E+00  -1.2548639E+00   2.9202526E+00
   4.1050887E+00   8.2225120E-03   2.5584748E+00  -1.2665732E+00   2.8548324E+00
   4.1258664E+00   6.4682257E-03   2.4726558E+00  -1.2769558E+00   2.7829273E+00
   4.1505752E+00   9.9212471E-03   2.4896083E+00  -1.2822058E+00   2.8004107E+00
   4.1723413E+00   1.0737946E-02   2.2943280E+00  -1.2933517E+00   2.6337833E+00
   4.1945887E+00   1.0968327E-02   2.1618516E+00  -1.3010064E+00   2.5231609E+00
   4.2187538E+00   8.7059466E-03   1.9124026E+00  -1.3116341E+00   2.3189962E+00
   4.2401862E+00   8.4515130E-03   1.7215306E+00  -1.3185385E+00   2.1684747E+00
   4.2637677E+00   6.5581463E-03   1.6634463E+00  -1.3218831E+00   2.1247287E+00
   4.2869844E+00   5.6334338E-03   1.5396360E+00  -1.3278221E+00   2.0331311E+00
   4.3101554E+00   5.0861705E-03   1.2796904E+00  -1.3329164E+00   1.8477824E+00
   4.3313189E+00   1.8040478E-03   1.0426804E+00  -1.3374437E+00   1.6958600E+00
   4.3547711E+00   2.4184144E-06   8.3857059E-01  -1.3403294E+00   1.5810387E+00
   4.3784966E+00  -1.0947196E-03   5.9809518E-01  -1.3430983E+00   1.4702489E+00
   4.4003663E+00  -2.7263060E-03   3.8061458E-01  -1.3449823E+00   1.3978026E+00
   4.4226198E+00  -3.5552846E-03   1.8138795E-01  -1.3458933E+00   1.3580658E+00
   4.4465246E+00  -4.2576846E-03  -6.1478097E-02  -1.3466289E+00   1.3480382E+00
   4.4679570E+00  -7.4374317E-03  -2.8344312E-01  -1.3458828E+00   1.3754257E+00
   4.4921718E+00  -8.0075115E-03  -5.2192265E-01  -1.3445530E+00   1.4423212E+00
   4.5145445E+00  -8.1570959E-03  -7.1513629E-01  -1.3420511E+00   1.5207195E+00
   4.5365000E+00  -9.6707828E-03  -9.2439222E-01  -1.3386941E+00   1.6268671E+00
   4.5595636E+00  -1.0150979E-02  -1.1367722E+00  -1.3331628E+00   1.7520494E+00
   4.5832663E+00  -1.0585981E-02  -1.3391982E+00  -1.3269106E+00   1.8852733E+00
   4.6066256E+00  -9.8402658E-03  -1.5177957E+00  -1.3195211E+00   2.0112028E+00
   4.6294885E+00  -1.0051704E-02  -1.6610440E+00  -1.3119895E+00   2.1167157E+00
   4.6510882E+00  -9.5233861E-03  -1.7574687E+00  -1.3047931E+00   2.1888974E+00
   4.6751013E+00  -9.9152774E-03  -1.9160072E+00  -1.2949724E+00   2.3126035E+00
   4.6967630E+00  -9.0294713E-03  -2.0660226E+00  -1.2800217E+00   2.4304292E+00
   4.7184682E+00  -1.0365614E-02  -2.0987334E+00  -1.2765973E+00   2.4565201E+00
   4.7426586E+00  -9.1016255E-03  -2.1400385E+00  -1.2657107E+00   2.4863369E+00
   4.7643614E+00  -6.5223775E-03  -2.2348440E+00  -1.2541795E+00   2.5627205E+00
   4.7884355E+00  -7.7044824E-03  -2.3218284E+00  -1.2385671E+00   2.6315384E+00
   4.8097668E+00  -7.1648220E-03  -2.3700500E+00  -1.2275940E+00   2.6691151E+00
   4.8333197E+00  -4.4224272E-03  -2.4002776E+00  -1.2157415E+00   2.6906097E+00
   4.8563547E+00  -5.7852603E-03  -2.4289775E+00  -1.2003388E+00   2.7093873E+00
   4.8797541E+00  -3.8874361E-03  -2.4634736E+00  -1.1922963E+00   2.7368391E+00
   4.9008808E+00  -4.7719167E-03  -2.4725156E+00  -1.1813494E+00   2.7402449E+00
   4.9246488E+00  -2.3118777E-03  -2.4965773E+00  -1.1726428E+00   2.7582593E+00
   4.9473681E+00  -4.6425726E-04  -2.4645941E+00  -1.1648583E+00   2.7260082E+00
   4.9710908E+00   1.3246710E-03  -2.4553721E+00  -1.1575150E+00   2.7145340E+00
   4.9920731E+00   3.0530703E-03  -2.4259562E+00  -1.1538355E+00   2.6863749E+00
   5.0165329E+00   5.2119908E-03  -2.4097250E+00  -1.1502266E+00   2.6701729E+00
   5.0379272E+00   4.7186748E-03  -2.2852697E+00  -1.1459515E+00   2.5564985E+00
   5.0618539E+00   7.7291206E-03  -2.1933610E+00  -1.1389455E+00   2.4714549E+00
   5.0849609E+00   6.9594770E-03  -2.1637287E+00  -1.1366410E+00   2.4441199E+00
   5.1073527E+00   7.1223807E-03  -2.0312972E+00  -1.1351749E+00   2.3269811E+00
   5.1305242E+00   8.1560183E-03  -1.9270601E+00  -1.1304545E+00   2.2341788E+00
   5.1531487E+00   7.7622784E-03  -1.8136748E+00  -1.1268028E+00   2.1352193E+00
   5.1763806E+00   8.7435273E-03  -1.6701316E+00  -1.1227134E+00   2.0124366E+00
   5.1984944E+00  -1.2177009E-04  -1.5414146E+00  -1.1180958E+00   1.9042314E+00
   5.2212424E+00   8.9726569E-03  -1.4295224E+00  -1.1149752E+00   1.8129492E+00
   5.2439952E+00   8.4023364E-03  -1.2783883E+00  -1.1083324E+00   1.6919657E+00
   5.2669349E+00   7.5123021E-03  -1.1456394E+00  -1.1014948E+00   1.5892882E+00
   5.2896509E+00   9.2427656E-03  -1.0062964E+00  -1.0964675E+00   1.4882739E+00
   5.3125944E+00   1.8043421E-03  -8.7267005E-01  -1.0921558E+00   1.3979845E+00
   5.3349686E+00   1.0578579E-02  -7.4933064E-01  -1.0878216E+00   1.3209709E+00
   5.3587379E+00   8.3838403E-03  -6.4855176E-01  -1.0848317E+00   1.2639420E+00
   5.3802810E+00   8.3642574E-03  -5.2955836E-01  -1.0815942E+00   1.2043040E+00
   5.4043827E+00   7.5447359E-03  -4.0387928E-01  -1.0782527E+00   1.1514357E+00
   5.4271965E+00   7.6061068E-03  -2.9065734E-01  -1.0751275E+00   1.1137497E+00
   5.4490843E+00   7.4512050E-03  -1.8047360E-01  -1.0720505E+00   1.0871608E+00
   5.4715662E+00   5.8697606E-03  -7.9588905E-02  -1.0692710E+00   1.0722449E+00
   5.4950838E+00   4.4966321E-03   3.1492423E-02  -1.0667948E+00   1.0672690E+00
   5.5166063E+00   4.2008301E-03   1.1559471E-01  -1.0646205E+00   1.0708859E+00
   5.5409870E+00   3.9606523E-03   2.2563013E-01  -1.0627578E+00   1.0864524E+00
   5.5638862E+00   2.6870323E-03   3.2436597E-01  -1.0611731E+00   1.1096436E+00
   5.5858712E+00   1.9694068E-03   4.1508529E-01  -1.0597678E+00   1.1381598E+00
   5.6096606E+00   1.8743419E-03   5.0860935E-01  -1.0588539E+00   1.1746738E+00
   5.6313109E+00   2.9332421E-04   5.8124137E-01  -1.0584428E+00   1.2075359E+00
   5.6533461E+00   2.4788766E-05   6.6485739E-01  -1.0583342E+00   1.2498426E+00
   5.6759877E+00   2.0529438E-05   7.4585932E-01  -1.0586553E+00   1.2950124E+00
   5.6994271E+00  -1.9474866E-05   8.2856721E-01  -1.0595224E+00   1.3450321E+00
   5.7238274E+00  -9.1555674E-04   9.3309879E-01  -1.0612051E+00   1.4130925E+00
   5.7461891E+00  -3.8552604E-04   9.9200398E-01  -1.0621425E+00   1.4533473E+00
   5.7693028E+00  -9.4846153E-04   1.0804417E+00  -1.0648116E+00   1.5169637E+00
   5.7928500E+00  -1.4370228E-03   1.1488835E+00  -1.0666192E+00   1.5676771E+00
   5.8130865E+00  -2.7308306E-03   1.2385068E+00  -1.0698498E+00   1.6366079E+00
   5.8359613E+00  -2.0371501E-03   1.3071014E+00  -1.0721773E+00   1.6905863E+00
   5.8596416E+00  -3.2424678E-03   1.3756814E+00  -1.0753107E+00   1.7460822E+00
   5.8828735E+00  -2.5971115E-03   1.4764177E+00  -1.0783800E+00   1.8283105E+00
   5.9055057E+00  -2.7658960E-03   1.5390271E+00  -1.0810949E+00   1.8807919E+00
   5.9286113E+00  -4.3558856E-03   1.6428088E+00  -1.0849837E+00   1.9687634E+00
   5.9512024E+00  -3.0766646E-03   1.7015914E+00  -1.0872740E+00   2.0193038E+00
   5.9748302E+00  -2.3623337E-03   1.7724288E+00  -1.0897726E+00   2.0806522E+00
   5.9975691E+00  -2.3196780E-03   1.8263749E+00  -1.0920050E+00   2.1279392E+00
   6.0186949E+00  -2.7397373E-03   1.8919098E+00  -1.0915154E+00   2.1842015E+00
   6.0417781E+00  -3.8287356E-03   1.9855349E+00  -1.0956730E+00   2.2677882E+00
   6.0648737E+00  -2.6764618E-03   2.0613914E+00  -1.1009914E+00   2.3369904E+00
   6.0882201E+00   6.2993361E-04   2.1366050E+00  -1.1022613E+00   2.4041758E+00
   6.1100721E+00  -2.2688140E-03   2.1951618E+00  -1.1119014E+00   2.4607043E+00
   6.1323681E+00  -2.1121316E-03   2.2655482E+00  -1.1198051E+00   2.5271876E+00
   6.1565604E+00  -2.0070970E-03   2.3231726E+00  -1.1288612E+00   2.5829175E+00
   6.1794443E+00  -2.0075066E-03   2.3728778E+00  -1.1364845E+00   2.6309979E+00
   6.2007575E+00  -2.1690859E-03   2.4097562E+00  -1.1445689E+00   2.6677644E+00
   6.2242622E+00  -1.2971999E-03   2.4459515E+00  -1.1537883E+00   2.7044237E+00
   6.2476945E+00  -4.4200197E-03   2.4437068E+00  -1.1659287E+00   2.7076027E+00
   6.2707310E+00  -3.1814203E-03   2.4515409E+00  -1.1731153E+00   2.7177680E+00
   6.2918487E+00  -3.3327632E-03   2.4747114E+00  -1.1797875E+00   2.7415519E+00
   6.3154063E+00  -4.7992743E-03   2.4080245E+00  -1.1929573E+00   2.6873319E+00
   6.3391213E+00  -4.6968344E-03   2.3312235E+00  -1.2062917E+00   2.6248362E+00
   6.3605208E+00  -4.6735127E-03   2.2795010E+00  -1.2138846E+00   2.5825689E+00
   6.3842983E+00  -4.3346528E-03   2.1606286E+00  -1.2265785E+00   2.4845181E+00
   6.4079270E+00  -2.6475273E-03   2.0872836E+00  -1.2339329E+00   2.4247372E+00
   6.4287558E+00  -3.6835193E-03   1.9761628E+00  -1.2422264E+00   2.3341720E+00
   6.4521303E+00  -3.9833187E-04   1.8439025E+00  -1.2518222E+00   2.2286847E+00
   6.4754515E+00  -6.5055850E-04   1.6306524E+00  -1.2611353E+00   2.0614293E+00
   6.4988813E+00  -1.9736397E-03   1.4847697E+00  -1.2679930E+00   1.9525244E+00
   6.5199814E+00  -2.0384612E-03   1.3399566E+00  -1.2728180E+00   1.8481216E+00
   6.5435271E+00  -2.4254988E-03   1.1211764E+00  -1.2792319E+00   1.7010223E+00
   6.5672126E+00  -2.4534112E-03   9.4416809E-01  -1.2836672E+00   1.5935059E+00
   6.5887227E+00  -3.5811402E-03   7.5777417E-01  -1.2876449E+00   1.4940763E+00
   6.6127839E+00  -4.6368157E-03   5.5491114E-01  -1.2910011E+00   1.4052159E+00
   6.6346321E+00  -6.1399140E-03   3.7875032E-01  -1.2933440E+00   1.3476752E+00
   6.6567349E+00  -7.5926525E-03   2.2731327E-01  -1.2951541E+00   1.3149726E+00
   6.6815405E+00  -1.0758460E-02  -8.3273083E-02  -1.2960033E+00   1.2987204E+00
   6.7040081E+00  -1.0357763E-02  -2.5600478E-01  -1.2959986E+00   1.3210822E+00
   6.7266178E+00  -1.1096689E-02  -4.2982623E-01  -1.2950214E+00   1.3645344E+00
   6.7490258E+00  -1.1207809E-02  -6.1965197E-01  -1.2931131E+00   1.4339581E+00
   6.7711115E+00  -1.1649108E-02  -7.9262936E-01  -1.2904910E+00   1.5145178E+00
   6.7953687E+00  -1.4469119E-02  -1.0257241E+00  -1.2856784E+00   1.6447760E+00
   6.8170152E+00  -4.5257355E-03  -1.2858706E+00  -1.2798667E+00   1.8142608E+00
   6.8409362E+00  -1.2783109E-02  -1.4084363E+00  -1.2746711E+00   1.8996428E+00
   6.8623614E+00  -1.2513095E-02  -1.5382546E+00  -1.2677608E+00   1.9933892E+00
   6.8860679E+00  -1.3259538E-02  -1.7015705E+00  -1.2588664E+00   2.1166630E+00
   6.9073482E+00  -1.3338577E-02  -1.8304942E+00  -1.2518952E+00   2.2176852E+00
   6.9309878E+00  -1.2231104E-02  -1.9289942E+00  -1.2424698E+00   2.2945368E+00
   6.9546509E+00  -1.0220260E-02  -2.0269849E+00  -1.2328719E+00   2.3724978E+00
   6.9759626E+00  -9.4016362E-03  -2.1651061E+00  -1.2182074E+00   2.4843111E+00
   6.9996481E+00  -1.0095589E-02  -2.2659767E+00  -1.2077351E+00   2.5677571E+00
   7.0224109E+00  -8.3373366E-03  -2.3207812E+00  -1.1985322E+00   2.6120057E+00
   7.0460567E+00  -6.4685652E-03  -2.3811226E+00  -1.1872666E+00   2.6607122E+00
   7.0670209E+00  -3.7010694E-03  -2.4583695E+00  -1.1745348E+00   2.7245417E+00
   7.0904918E+00  -6.9366279E-04  -2.5132632E+00  -1.1594585E+00   2.7678216E+00
   7.1139832E+00   1.2932068E-05  -2.5558250E+00  -1.1561061E+00   2.8051424E+00
   7.1355472E+00   1.2837222E-03  -2.5894868E+00  -1.1466256E+00   2.8319948E+00
   7.1602564E+00   2.1581084E-03  -2.6335318E+00  -1.1368871E+00   2.8684504E+00
   7.1809497E+00   2.8184385E-03  -2.6530952E+00  -1.1319789E+00   2.8844929E+00
   7.2042317E+00   4.7108526E-03  -2.6699588E+00  -1.1272898E+00   2.8981864E+00
   7.2269034E+00   5.7984167E-03  -2.6733365E+00  -1.1211505E+00   2.8989205E+00
   7.2510591E+00   5.9181992E-03  -2.6634626E+00  -1.1160458E+00   2.8878412E+00
   7.2729411E+00   3.2077320E-03  -2.6400669E+00  -1.1145427E+00   2.8656881E+00
   7.2963052E+00   1.3912349E-03  -2.5937443E+00  -1.1069380E+00   2.8200750E+00
   7.3192673E+00   6.7555932E-03  -2.5534983E+00  -1.1017610E+00   2.7810566E+00
   7.3419771E+00   9.7506465E-03  -2.4856455E+00  -1.0912486E+00   2.7146552E+00
   7.3650508E+00   8.0558239E-03  -2.4246898E+00  -1.0841668E+00   2.6560502E+00
   7.3874578E+00   1.1611937E-02  -2.3655233E+00  -1.0771371E+00   2.5992422E+00
   7.4094448E+00   8.1567448E-03  -2.2775002E+00  -1.0710576E+00   2.5167911E+00
   7.4322000E+00   7.8975316E-03  -2.2086215E+00  -1.0639334E+00   2.4515355E+00
   7.4562416E+00   7.1092919E-03  -2.1325343E+00  -1.0565320E+00   2.3799186E+00
   7.4783726E+00   1.2022497E-02  -2.0335116E+00  -1.0491152E+00   2.2882214E+00
   7.5014586E+00   1.2754711E-02  -1.9283845E+00  -1.0414798E+00   2.1916912E+00
   7.5236697E+00   1.3526447E-02  -1.8442693E+00  -1.0355624E+00   2.1151600E+00
   7.5458446E+00   1.5466670E-02  -1.7608254E+00  -1.0294421E+00   2.0397294E+00
   7.5694656E+00   2.2734065E-02  -1.6485174E+00  -1.0231057E+00   1.9403278E+00
   7.5914755E+00   1.4684490E-02  -1.5403072E+00  -1.0167301E+00   1.8456711E+00
   7.6154137E+00   1.4647017E-02  -1.4343647E+00  -1.0109859E+00   1.7549100E+00
   7.6386533E+00   1.3668338E-02  -1.3207309E+00  -1.0055050E+00   1.6599871E+00
   7.6609020E+00   1.2548405E-02  -1.2208056E+00  -1.0001698E+00   1.5782471E+00
   7.6841183E+00   1.1122146E-02  -1.0932785E+00  -9.9397153E-01   1.4776201E+00
   7.7057071E+00   1.1478093E-02  -9.8317456E-01  -9.8905474E-01   1.3946301E+00
   7.7295790E+00   1.1094261E-02  -8.6188614E-01  -9.8347157E-01   1.3077413E+00
   7.7513742E+00   9.8425345E-03  -7.4999285E-01  -9.7879064E-01   1.2331331E+00
   7.7748132E+00   8.9037269E-03  -6.4503902E-01  -9.7428244E-01   1.1684952E+00
   7.7972283E+00   9.0743285E-03  -5.2854013E-01  -9.7021919E-01   1.1048810E+00
   7.8202558E+00   8.4071402E-03  -4.2905745E-01  -9.6642965E-01   1.0574248E+00
   7.8424788E+00   7.7013685E-03  -3.0214611E-01  -9.6301597E-01   1.0093322E+00
   7.8653302E+00   7.8143114E-03  -2.1723455E-01  -9.5983499E-01   9.8414183E-01
   7.8889918E+00   7.0451442E-03  -8.3044760E-02  -9.5656836E-01   9.6019220E-01
   7.9124804E+00   7.3146466E-03   3.4807142E-02  -9.5384628E-01   9.5450914E-01
   7.9349704E+00   6.4754174E-03   1.3774908E-01  -9.5171142E-01   9.6165031E-01
   7.9564719E+00   5.8287825E-03   2.4393846E-01  -9.4996643E-01   9.8080385E-01
   7.9801621E+00   5.3373827E-03   3.5598004E-01  -9.4848317E-01   1.0130994E+00
   8.0032530E+00   4.3784664E-03   4.7830656E-01  -9.4733775E-01   1.0612470E+00
   8.0255976E+00   1.4971482E-02   5.9603238E-01  -9.4673514E-01   1.1188325E+00
   8.0490370E+00   3.1547740E-03   6.8594384E-01  -9.4787771E-01   1.1700432E+00
   8.0718021E+00   1.9469187E-03   7.9163933E-01  -9.4909126E-01   1.2359090E+00
   8.0944719E+00   2.5977455E-03   8.9071602E-01  -9.5091069E-01   1.3029248E+00
   8.1154594E+00   2.5625629E-03   9.9851555E-01  -9.5289207E-01   1.3802330E+00
   8.1402731E+00   3.3787058E-03   1.1210476E+00  -9.5568514E-01   1.4731237E+00
   8.1634007E+00   1.9576182E-03   1.2745031E+00  -9.5995736E-01   1.5955814E+00
   8.1851473E+00   3.2349424E-03   1.3384510E+00  -9.6326292E-01   1.6490413E+00
   8.2083330E+00   5.2120164E-03   1.4138813E+00  -9.6651238E-01   1.7126685E+00
   8.2298756E+00   4.5225197E-03   1.5175594E+00  -9.7088528E-01   1.8015618E+00
   8.2546320E+00   2.3909796E-03   1.6554313E+00  -9.7839105E-01   1.9229424E+00
   8.2772541E+00   2.2314009E-03   1.7447701E+00  -9.8353732E-01   2.0028911E+00
   8.2997026E+00   1.4437105E-03   1.8565294E+00  -9.9013871E-01   2.1040623E+00
   8.3216581E+00   8.5621694E-04   2.0049212E+00  -9.9859035E-01   2.2398422E+00
   8.3447104E+00  -7.7118377E-05   2.0811965E+00  -1.0047318E+00   2.3110311E+00
   8.3672142E+00  -2.9112000E-03   2.1822245E+00  -1.0116669E+00   2.4053237E+00
   8.3916683E+00  -1.6491833E-03   2.2904229E+00  -1.0209697E+00   2.5076718E+00
   8.4127293E+00  -6.1253173E-04   2.3845046E+00  -1.0285270E+00   2.5968692E+00
   8.4349060E+00  -2.3727154E-04   2.4501705E+00  -1.0334216E+00   2.6591909E+00
   8.4596586E+00  -1.4208179E-03   2.5887504E+00  -1.0444486E+00   2.7915056E+00
   8.4824982E+00  -5.0316134E-04   2.6625688E+00  -1.0526088E+00   2.8630855E+00
   8.5051899E+00   1.0774494E-03   2.7658675E+00  -1.0592047E+00   2.9617457E+00
   8.5271311E+00  -5.9429958E-04   2.8171821E+00  -1.0652208E+00   3.0118449E+00
   8.5497952E+00  -6.4344291E-04   2.8883262E+00  -1.0687768E+00   3.0797260E+00
   8.5722694E+00  -2.6989714E-04   2.9451489E+00  -1.0803456E+00   3.1370447E+00
   8.5954380E+00  -1.2270000E-03   2.9838431E+00  -1.0898287E+00   3.1766410E+00
   8.6178951E+00  -4.4037987E-04   3.0254762E+00  -1.0973278E+00   3.2183280E+00
   8.6416817E+00  -2.0254316E-04   3.0292609E+00  -1.1132758E+00   3.2273524E+00
   8.6638288E+00   1.2473339E-03   3.0214550E+00  -1.1247821E+00   3.2240233E+00
   8.6871662E+00   6.4411311E-04   2.9804842E+00  -1.1357039E+00   3.1895313E+00
   8.7091875E+00   7.8181340E-04   2.9238787E+00  -1.1452218E+00   3.1401594E+00
   8.7324066E+00   5.5806135E-04   2.8506305E+00  -1.1557031E+00   3.0759950E+00
   8.7560978E+00   1.0508054E-03   2.7061856E+00  -1.1677803E+00   2.9473975E+00
   8.7789192E+00  -7.7246391E-04   2.5782313E+00  -1.1792538E+00   2.8351219E+00
   8.8016253E+00  -3.1938386E-04   2.3595638E+00  -1.1912549E+00   2.6432233E+00
   8.8241730E+00  -1.3524898E-03   2.1665289E+00  -1.2044063E+00   2.4787991E+00
   8.8465719E+00  -2.2410257E-03   1.9698229E+00  -1.2136779E+00   2.3137028E+00
   8.8689795E+00  -1.1883295E-03   1.8705300E+00  -1.2219744E+00   2.2343020E+00
   8.8915548E+00  -1.5256901E-03   1.5804030E+00  -1.2311634E+00   2.0033569E+00
   8.9144707E+00  -2.0047878E-03   1.3923870E+00  -1.2384248E+00   1.8634489E+00
   8.9378576E+00  -1.7863089E-03   1.1022513E+00  -1.2462738E+00   1.6637787E+00
   8.9596910E+00  -2.8773502E-03   8.0631864E-01  -1.2507070E+00   1.4880948E+00
   8.9841442E+00  -5.0677764E-03   5.1704943E-01  -1.2550802E+00   1.3574212E+00
   9.0064850E+00  -5.8584497E-03   2.8212169E-01  -1.2579533E+00   1.2892143E+00
   9.0290260E+00  -7.2660903E-03   2.0170068E-02  -1.2589911E+00   1.2591736E+00
   9.0517616E+00  -8.6213779E-03  -2.3063552E-01  -1.2589846E+00   1.2799646E+00
   9.0743876E+00  -1.0091065E-02  -4.9252748E-01  -1.2581800E+00   1.3511854E+00
   9.0966921E+00  -1.1648717E-02  -7.5341952E-01  -1.2552367E+00   1.4640341E+00
   9.1209679E+00  -1.2678783E-02  -1.0042968E+00  -1.2509077E+00   1.6042266E+00
   9.1428852E+00  -1.3151372E-02  -1.1795336E+00  -1.2468222E+00   1.7164026E+00
   9.1647243E+00  -1.4090156E-02  -1.3778659E+00  -1.2405137E+00   1.8540732E+00
   9.1887274E+00  -1.4229471E-02  -1.5811121E+00  -1.2317535E+00   2.0043290E+00
   9.2105770E+00  -1.2908598E-02  -1.7085873E+00  -1.2250104E+00   2.1024005E+00
   9.2346916E+00  -1.2067288E-02  -1.9479337E+00  -1.2122434E+00   2.2943683E+00
   9.2566175E+00  -1.2769668E-02  -2.0218172E+00  -1.2046472E+00   2.3535254E+00
   9.2786894E+00  -1.1062386E-02  -2.1095905E+00  -1.1950767E+00   2.4246037E+00
   9.3030300E+00  -9.6893823E-03  -2.2034059E+00  -1.1839195E+00   2.5013511E+00
   9.3252363E+00  -8.5043283E-03  -2.3025882E+00  -1.1735154E+00   2.5844002E+00
   9.3475389E+00  -7.4880873E-03  -2.3624175E+00  -1.1639557E+00   2.6336031E+00
   9.3718395E+00  -8.0289226E-03  -2.4293628E+00  -1.1519930E+00   2.6886718E+00
   9.3938026E+00  -6.5143034E-03  -2.4896522E+00  -1.1421845E+00   2.7391596E+00
   9.4155807E+00  -5.5656792E-03  -2.5251222E+00  -1.1327969E+00   2.7675805E+00
   9.4388638E+00  -3.6551419E-03  -2.5584824E+00  -1.1287946E+00   2.7964303E+00
   9.4618702E+00  -3.6262118E-04  -2.5726035E+00  -1.1181637E+00   2.8050985E+00
   9.4848671E+00   2.6679537E-04  -2.5798347E+00  -1.1131388E+00   2.8097377E+00
   9.5075092E+00   1.1201156E-03  -2.5733325E+00  -1.1077058E+00   2.8016162E+00
   9.5304060E+00  -1.0706273E-02  -2.5544775E+00  -1.0969907E+00   2.7800825E+00
   9.5534372E+00   7.3140324E-03  -2.5057507E+00  -1.0933795E+00   2.7339199E+00
   9.5765266E+00   4.8243590E-03  -2.4666967E+00  -1.0848781E+00   2.6947312E+00
   9.5986881E+00   6.6624940E-03  -2.4197814E+00  -1.0790983E+00   2.6494980E+00
   9.6221762E+00   8.2075140E-03  -2.3461020E+00  -1.0720415E+00   2.5794446E+00
   9.6434555E+00   7.7696363E-03  -2.2901020E+00  -1.0658286E+00   2.5259886E+00
   9.6671448E+00   7.9094060E-03  -2.2386847E+00  -1.0608299E+00   2.4773235E+00
   9.6899576E+00   5.6201215E-03  -2.1176546E+00  -1.0519470E+00   2.3645475E+00
   9.7122526E+00   8.3428882E-03  -2.0225146E+00  -1.0440516E+00   2.2761104E+00
   9.7353077E+00   3.8639293E-03  -1.9251707E+00  -1.0373244E+00   2.1868560E+00
   9.7593517E+00   7.4776285E-03  -1.8461781E+00  -1.0303178E+00   2.1142337E+00
   9.7803097E+00   6.1036041E-03  -1.7647817E+00  -1.0239953E+00   2.0403574E+00
   9.8034258E+00   8.9930892E-03  -1.5906422E+00  -1.0129803E+00   1.8858294E+00
   9.8266335E+00   9.5104268E-03  -1.5244415E+00  -1.0086839E+00   1.8279649E+00
   9.8491955E+00   8.1317741E-03  -1.4278456E+00  -1.0023452E+00   1.7445644E+00
   9.8730679E+00   1.0001832E-02  -1.3063629E+00  -9.9518126E-01   1.6422758E+00
   9.8945704E+00   8.9685218E-03  -1.2090695E+00  -9.8957992E-01   1.5624334E+00
   9.9176092E+00   7.8005362E-03  -1.0872720E+00  -9.8276556E-01   1.4656225E+00
   9.9412870E+00   7.6530259E-03  -9.7839230E-01  -9.7648829E-01   1.3823311E+00
   9.9629469E+00   7.8500053E-03  -8.7227929E-01  -9.7100973E-01   1.3052940E+00
   9.9870033E+00   6.7251828E-03  -7.6468557E-01  -9.6536374E-01   1.2315505E+00
   1.0009862E+01   8.3497548E-03  -6.4575416E-01  -9.5930737E-01   1.1564337E+00
   1.0032401E+01   7.4313963E-03  -5.3587717E-01  -9.5466918E-01   1.0948118E+00
   1.0055286E+01   8.0668302E-03  -4.3662384E-01  -9.5050770E-01   1.0460260E+00
   1.0077279E+01   8.7712789E-03  -3.4870431E-01  -9.4694877E-01   1.0091499E+00
   1.0100441E+01   6.4086686E-03  -1.4855707E-01  -9.4000113E-01   9.5168924E-01
   1.0123222E+01   6.3083968E-03  -1.3525754E-01  -9.3551296E-01   9.4526130E-01
   1.0145730E+01   6.6160839E-03  -1.6829899E-02  -9.3371570E-01   9.3389082E-01
   1.0168920E+01   5.1160213E-03   8.5626416E-02  -9.3234444E-01   9.3628216E-01
   1.0191809E+01   5.9260316E-03   1.4570056E-01  -9.3075669E-01   9.4211030E-01
   1.0214464E+01   3.0831944E-03   2.8618565E-01  -9.3039346E-01   9.7341859E-01
   1.0236934E+01   4.6058255E-03   3.5589379E-01  -9.2792428E-01   9.9384362E-01
   1.0259907E+01   2.8289177E-03   4.6355751E-01  -9.2746258E-01   1.0368608E+00
   1.0282676E+01   2.6073593E-03   5.5667108E-01  -9.2640936E-01   1.0807978E+00
   1.0305854E+01   2.1256427E-03   6.2518269E-01  -9.2651981E-01   1.1177195E+00
   1.0328282E+01   1.3174788E-03   7.2991788E-01  -9.2622429E-01   1.1792681E+00
   1.0351112E+01   2.1975625E-03   8.1401545E-01  -9.2744190E-01   1.2340075E+00
   1.0373792E+01   3.1152901E-03   9.0356445E-01  -9.2851591E-01   1.2956003E+00
   1.0396811E+01   3.8676192E-03   1.0046906E+00  -9.3002886E-01   1.3690771E+00
   1.0419675E+01   3.2615780E-03   1.0893502E+00  -9.3197584E-01   1.4336226E+00
   1.0442406E+01   4.1250070E-03   1.2121805E+00  -9.3427068E-01   1.5304445E+00
   1.0465018E+01   2.1613876E-03   1.2336500E+00  -9.3714201E-01   1.5492359E+00
   1.0487922E+01   2.6834428E-03   1.3012906E+00  -9.4033110E-01   1.6054865E+00
   1.0510703E+01   2.6542302E-03   1.3828667E+00  -9.4374102E-01   1.6742086E+00
   1.0533740E+01  -1.2583402E-02   1.4830841E+00  -9.4744283E-01   1.7599275E+00
   1.0556303E+01   1.7435611E-03   1.5495546E+00  -9.5243418E-01   1.8188604E+00
   1.0579110E+01   8.2818116E-04   1.6204132E+00  -9.5624912E-01   1.8815291E+00
   1.0601963E+01   1.1955176E-03   1.7403454E+00  -9.6247429E-01   1.9887584E+00
   1.0624794E+01   8.2114944E-04   1.8273433E+00  -9.6748024E-01   2.0676563E+00
   1.0648005E+01   1.5820377E-03   1.9060787E+00  -9.7306520E-01   2.1400921E+00
   1.0670337E+01   1.1760242E-04   1.9720672E+00  -9.7747862E-01   2.2010255E+00
   1.0692520E+01   1.4053894E-03   2.0813885E+00  -9.8484176E-01   2.3026276E+00
   1.0716187E+01  -3.8485238E-04   2.1807761E+00  -9.9201947E-01   2.3958061E+00
   1.0738268E+01   4.8559735E-04   2.3030410E+00  -1.0019554E+00   2.5115559E+00
   1.0762583E+01  -1.1231336E-03   2.3481922E+00  -1.0089273E+00   2.5557666E+00
   1.0783339E+01  -6.4665452E-04   2.4485261E+00  -1.0178190E+00   2.6516478E+00
   1.0806802E+01  -8.3370227E-04   2.5344784E+00  -1.0273048E+00   2.7347646E+00
   1.0829153E+01  -1.7278085E-03   2.6110184E+00  -1.0363752E+00   2.8091803E+00
   1.0852002E+01  -2.0004073E-03   2.6821101E+00  -1.0443302E+00   2.8782537E+00
   1.0875137E+01  -2.1710196E-03   2.7588756E+00  -1.0557994E+00   2.9539993E+00
   1.0898489E+01  -2.3075880E-03   2.8049574E+00  -1.0637619E+00   2.9998968E+00
   1.0920495E+01  -5.8358599E-04   2.8513973E+00  -1.0707613E+00   3.0458164E+00
   1.0944103E+01  -2.9370172E-03   2.8791759E+00  -1.0743549E+00   3.0730929E+00
   1.0967279E+01  -1.6508566E-03   2.8978813E+00  -1.0858009E+00   3.0946217E+00
   1.0989419E+01  -1.8329335E-03   2.8905644E+00  -1.0945781E+00   3.0908682E+00
   1.1012021E+01   9.8662982E-03   2.8389945E+00  -1.1046642E+00   3.0463536E+00
   1.1035058E+01   1.9027889E-04   2.7979996E+00  -1.1145917E+00   3.0118294E+00
   1.1058698E+01   4.0632155E-04   2.7285631E+00  -1.1257823E+00   2.9516847E+00
   1.1080656E+01   3.5213486E-03   2.6303983E+00  -1.1350707E+00   2.8648548E+00
   1.1104526E+01  -6.4360537E-04   2.4903657E+00  -1.1444482E+00   2.7407451E+00
   1.1125665E+01  -9.6532668E-04   2.3422093E+00  -1.1524053E+00   2.6103606E+00
   1.1148479E+01  -2.6333323E-04   2.1735318E+00  -1.1619983E+00   2.4646461E+00
   1.1172915E+01  -6.0893997E-04   1.9678376E+00  -1.1720898E+00   2.2904539E+00
   1.1195234E+01  -9.6898299E-04   1.7661082E+00  -1.1805203E+00   2.1243274E+00
   1.1217587E+01  -2.3470153E-03   1.5401452E+00  -1.1898561E+00   1.9462297E+00
   1.1239951E+01  -2.7739690E-03   1.3015615E+00  -1.1978157E+00   1.7688506E+00
   1.1262354E+01  -3.4022655E-03   1.0632619E+00  -1.2041034E+00   1.6063631E+00
   1.1285062E+01  -4.7411253E-03   8.0908781E-01  -1.2096435E+00   1.4552947E+00
   1.1308240E+01  -6.0701952E-03   5.4608256E-01  -1.2142073E+00   1.3313686E+00
   1.1332057E+01  -5.6239530E-03   2.4490593E-01  -1.2175866E+00   1.2419853E+00
   1.1354444E+01  -7.4555799E-03  -4.0043667E-02  -1.2188220E+00   1.2195024E+00
   1.1376806E+01  -8.7489486E-03  -2.6958817E-01  -1.2187865E+00   1.2482768E+00
   1.1398918E+01  -9.2740003E-03  -5.3078318E-01  -1.2180029E+00   1.3286639E+00
   1.1422994E+01  -9.0547223E-03  -9.3925881E-01  -1.2133723E+00   1.5344582E+00
   1.1446525E+01  -1.1841520E-02  -1.0936774E+00  -1.2107040E+00   1.6315866E+00
   1.1467491E+01  -1.2217276E-02  -1.2950928E+00  -1.2045153E+00   1.7686921E+00
   1.1490603E+01  -1.1755722E-02  -1.5013545E+00  -1.1983480E+00   1.9210001E+00
   1.1513184E+01  -1.4141166E-02  -1.6977395E+00  -1.1907231E+00   2.0737262E+00
   1.1536882E+01  -1.4962121E-02  -1.8500344E+00  -1.1822690E+00   2.1955888E+00
   1.1558811E+01  -1.4734263E-02  -2.0220373E+00  -1.1731741E+00   2.3377745E+00
   1.1582919E+01  -1.3871799E-02  -2.1733890E+00  -1.1619319E+00   2.4645278E+00
   1.1604550E+01  -1.2404064E-02  -2.2740331E+00  -1.1534779E+00   2.5498805E+00
   1.1628877E+01  -1.1597457E-02  -2.3835166E+00  -1.1435926E+00   2.6436887E+00
   1.1651293E+01  -5.0376551E-03  -2.4753592E+00  -1.1321321E+00   2.7219758E+00
   1.1674276E+01  -5.3588399E-03  -2.5404637E+00  -1.1236056E+00   2.7778542E+00
   1.1695780E+01  -8.1770606E-03  -2.5876663E+00  -1.1148514E+00   2.8176191E+00
   1.1719098E+01  -1.5229495E-02  -2.6498220E+00  -1.1069275E+00   2.8717723E+00
   1.1741912E+01  -4.0994566E-03  -2.6553807E+00  -1.0904597E+00   2.8705690E+00
   1.1765233E+01  -1.6689121E-03  -2.6359470E+00  -1.0826519E+00   2.8496234E+00
   1.1788094E+01  -2.2804750E-04  -2.6910868E+00  -1.0709555E+00   2.8963587E+00
   1.1810251E+01  -4.1775433E-03  -2.6942868E+00  -1.0644107E+00   2.8969240E+00
   1.1833605E+01   1.5076812E-04  -2.6519437E+00  -1.0520872E+00   2.8530147E+00
   1.1855984E+01  -2.5486136E-03  -2.6073096E+00  -1.0433406E+00   2.8083143E+00
   1.1879039E+01   4.0215584E-03  -2.5453894E+00  -1.0337268E+00   2.7472923E+00
   1.1902225E+01   8.0070610E-04  -2.4840271E+00  -1.0240088E+00   2.6868169E+00
   1.1924414E+01   5.0675669E-03  -2.4196148E+00  -1.0171063E+00   2.6247032E+00
   1.1947095E+01   4.1168313E-03  -2.3195503E+00  -1.0076669E+00   2.5289767E+00
   1.1970574E+01   5.7951557E-03  -2.2010005E+00  -9.9844772E-01   2.4168854E+00
   1.1992126E+01   5.9824749E-03  -2.0899229E+00  -9.9073744E-01   2.3128715E+00
   1.2015732E+01   6.5636504E-03  -1.9859229E+00  -9.8210019E-01   2.2155030E+00
   1.2037742E+01   6.9955122E-03  -1.8358363E+00  -9.7375202E-01   2.0781090E+00
   1.2061522E+01   6.4539476E-03  -1.6998482E+00  -9.6551776E-01   1.9549297E+00
   1.2084785E+01   6.2672384E-03  -1.5739870E+00  -9.5780760E-01   1.8425173E+00
   1.2106297E+01   5.8099814E-03  -1.4376630E+00  -9.5028514E-01   1.7233545E+00
   1.2129253E+01   6.0631111E-03  -1.2883710E+00  -9.4232202E-01   1.5962166E+00
   1.2152058E+01   9.2459200E-03  -1.1490760E+00  -9.3670714E-01   1.4825253E+00
   1.2175792E+01   7.6370514E-03  -1.0138016E+00  -9.2951083E-01   1.3754426E+00
   1.2197414E+01   7.9894299E-03  -8.8058829E-01  -9.2318732E-01   1.2758427E+00
   1.2220488E+01   8.5868947E-03  -7.5045443E-01  -9.1771799E-01   1.1855217E+00
   1.2242865E+01   8.5179200E-03  -5.9038699E-01  -9.1165346E-01   1.0861590E+00
   1.2266802E+01   8.9543983E-03  -5.1923132E-01  -9.0755093E-01   1.0456243E+00
   1.2289715E+01   9.2267357E-03  -3.8758606E-01  -9.0299946E-01   9.8270857E-01
   1.2311585E+01   8.2911048E-03  -2.1765409E-01  -8.9857054E-01   9.2459238E-01
   1.2334551E+01   5.9942123E-03  -1.3390924E-01  -8.9567029E-01   9.0564501E-01
   1.2358224E+01   4.5335251E-03  -2.3763055E-02  -8.9224505E-01   8.9257294E-01
   1.2380219E+01   3.1222042E-03   7.4837975E-02  -8.8936931E-01   8.9251792E-01
   1.2402902E+01   4.2404225E-03   1.6160394E-01  -8.8701743E-01   9.0162838E-01
   1.2426235E+01   2.3531737E-03   2.4977437E-01  -8.8450003E-01   9.1909361E-01
   1.2449586E+01   1.6467941E-03   3.3159196E-01  -8.8312691E-01   9.4332874E-01
   1.2470625E+01   3.5248657E-03   4.0147960E-01  -8.8101768E-01   9.6818930E-01
   1.2494826E+01  -1.4718039E-03   4.8934609E-01  -8.8020259E-01   1.0070840E+00
   1.2517060E+01   1.4524622E-03   5.4803300E-01  -8.7902606E-01   1.0358711E+00
   1.2540824E+01   2.2123819E-03   6.0544020E-01  -8.7922406E-01   1.0675194E+00
   1.2563153E+01   1.8394416E-03   6.6724920E-01  -8.7972128E-01   1.1041442E+00
   1.2586316E+01   8.4409834E-04   7.1437204E-01  -8.8057286E-01   1.1339033E+00
   1.2607990E+01   7.5420359E-04   7.6197523E-01  -8.8199550E-01   1.1655569E+00
   1.2631228E+01   3.0190940E-04   8.0973107E-01  -8.8352621E-01   1.1984502E+00
   1.2655384E+01   8.9704423E-05   8.4316903E-01  -8.8507390E-01   1.2224114E+00
   1.2677058E+01   2.1438340E-04   9.1538006E-01  -8.8762915E-01   1.2750710E+00
   1.2700049E+01  -1.6126924E-04   9.7121567E-01  -8.8955325E-01   1.3170288E+00
   1.2723454E+01  -1.7292429E-03   1.0273718E+00  -8.9205939E-01   1.3606123E+00
   1.2746332E+01  -2.7241595E-03   1.0822858E+00  -8.9479893E-01   1.4042845E+00
   1.2767659E+01   5.6457478E-03   1.1314030E+00  -8.9722770E-01   1.4439951E+00
   1.2791573E+01  -1.9213324E-04   1.2236954E+00  -9.0188575E-01   1.5201409E+00
   1.2813400E+01   5.9219508E-04   1.2838142E+00  -9.0510607E-01   1.5707948E+00
   1.2836153E+01   8.7279250E-04   1.3476582E+00  -9.0959495E-01   1.6258986E+00
   1.2859509E+01  -9.0487621E-05   1.4234736E+00  -9.1348982E-01   1.6913724E+00
   1.2882915E+01  -4.6221173E-04   1.5177072E+00  -9.1809565E-01   1.7737912E+00
   1.2905583E+01  -5.1137590E-04   1.5823506E+00  -9.2180789E-01   1.8312737E+00
   1.2927219E+01  -3.2242925E-03   1.7015281E+00  -9.2887747E-01   1.9385618E+00
   1.2949667E+01  -7.5693947E-04   1.8023344E+00  -9.3430877E-01   2.0301092E+00
   1.2972248E+01   5.5493898E-04   1.8763702E+00  -9.3941677E-01   2.0983968E+00
   1.2995749E+01   1.1531882E-03   1.9686573E+00  -9.4612032E-01   2.1842060E+00
   1.3019539E+01   1.9978476E-03   2.1016605E+00  -9.5515954E-01   2.3085301E+00
   1.3041134E+01  -1.1049953E-03   2.2009797E+00  -9.6324569E-01   2.4025311E+00
   1.3064403E+01  -3.0799056E-03   2.3266342E+00  -9.7299206E-01   2.5218940E+00
   1.3088110E+01  -1.7643255E-03   2.4406140E+00  -9.8274755E-01   2.6310439E+00
   1.3110978E+01  -1.1255491E-04   2.5542731E+00  -9.9398291E-01   2.7408600E+00
   1.3133224E+01   3.5975219E-05   2.6678250E+00  -1.0046806E+00   2.8507321E+00
   1.3155216E+01   3.6806739E-03   2.7556319E+00  -1.0157013E+00   2.9368641E+00
   1.3178044E+01  -1.0942754E-04   2.8207552E+00  -1.0264575E+00   3.0017121E+00
   1.3201139E+01  -1.3901572E-03   2.8937075E+00  -1.0373298E+00   3.0740199E+00
   1.3224046E+01   4.6754479E-03   2.9417553E+00  -1.0470860E+00   3.1225529E+00
   1.3247354E+01  -2.8828098E-04   2.9652624E+00  -1.0581429E+00   3.1484041E+00
   1.3270311E+01  -1.5291806E-03   2.9885976E+00  -1.0694757E+00   3.1741922E+00
   1.3292429E+01  -2.9947017E-03   2.9575808E+00  -1.0731629E+00   3.1462631E+00
   1.3314826E+01  -2.8170706E-03   2.9019055E+00  -1.0831107E+00   3.0974493E+00
   1.3338230E+01  -3.2097804E-03   2.8207736E+00  -1.0931783E+00   3.0251963E+00
   1.3360276E+01   8.4719434E-03   2.7122765E+00  -1.1040705E+00   2.9283934E+00
   1.3383768E+01  -1.4668403E-03   2.5757360E+00  -1.1138093E+00   2.8062410E+00
   1.3406307E+01  -1.6026782E-03   2.4491446E+00  -1.1222191E+00   2.6940095E+00
   1.3428642E+01  -2.5744131E-03   2.2297306E+00  -1.1309052E+00   2.5001304E+00
   1.3452336E+01  -1.6443398E-03   2.0246871E+00  -1.1367097E+00   2.3219538E+00
   1.3473893E+01   6.4585597E-04   1.7900923E+00  -1.1418887E+00   2.1232853E+00
   1.3497518E+01   1.4026441E-03   1.5276643E+00  -1.1476039E+00   1.9106948E+00
   1.3519803E+01   1.9344539E-04   1.2866324E+00  -1.1519763E+00   1.7269837E+00
   1.3542847E+01  -1.6876681E-03   1.0272758E+00  -1.1561986E+00   1.5466396E+00
   1.3566141E+01  -3.9647412E-03   7.5274771E-01  -1.1593999E+00   1.3823360E+00
   1.3588325E+01  -6.9649946E-03   5.1482707E-01  -1.1612324E+00   1.2702583E+00
   1.3611261E+01  -9.6017299E-03   2.4717636E-01  -1.1621461E+00   1.1881801E+00
   1.3634854E+01  -1.1268273E-02  -3.6927930E-03  -1.1619164E+00   1.1619768E+00
   1.3658068E+01  -1.3986860E-02  -2.6394495E-01  -1.1604360E+00   1.1901573E+00
   1.3680735E+01  -1.4692150E-02  -4.9946740E-01  -1.1578910E+00   1.2611088E+00
   1.3702820E+01  -1.4308661E-02  -7.2984922E-01  -1.1539285E+00   1.3654433E+00
   1.3726151E+01  -1.3476159E-02  -9.6496916E-01  -1.1497778E+00   1.5011116E+00
   1.3747655E+01  -1.2861697E-02  -1.1350856E+00  -1.1452198E+00   1.6124866E+00
   1.3771570E+01  -1.1596477E-02  -1.3234081E+00  -1.1403505E+00   1.7469810E+00
   1.3793463E+01  -1.1231494E-02  -1.4915326E+00  -1.1346536E+00   1.8740956E+00
   1.3817386E+01  -9.4583873E-03  -1.6774040E+00  -1.1283648E+00   2.0216284E+00
   1.3839598E+01  -1.0698334E-02  -1.8600292E+00  -1.1208839E+00   2.1716824E+00
   1.3861784E+01  -1.0208593E-02  -2.0195856E+00  -1.1144854E+00   2.3067095E+00
   1.3884940E+01  -8.8950098E-03  -2.1480570E+00  -1.1073165E+00   2.4166873E+00
   1.3908033E+01  -8.0069723E-03  -2.2849054E+00  -1.0967734E+00   2.5345154E+00
   1.3930778E+01  -9.8025901E-03  -2.3848567E+00  -1.0898880E+00   2.6221163E+00
   1.3954085E+01  -7.8205885E-03  -2.4885552E+00  -1.0819048E+00   2.7135744E+00
   1.3975918E+01  -9.0631219E-03  -2.5676818E+00  -1.0705703E+00   2.7819405E+00
   1.3998868E+01  -6.7552617E-03  -2.6277952E+00  -1.0601972E+00   2.8336146E+00
   1.4022414E+01   1.7763741E-04  -2.6997075E+00  -1.0463923E+00   2.8954029E+00
   1.4044282E+01  -2.5381001E-03  -2.7387915E+00  -1.0352104E+00   2.9279079E+00
   1.4068030E+01  -1.6519784E-03  -2.7804453E+00  -1.0196403E+00   2.9615107E+00
   1.4090182E+01  -2.0825355E-03  -2.8086667E+00  -1.0091919E+00   2.9844735E+00
   1.4113317E+01  -1.6047437E-03  -2.8249574E+00  -9.9763215E-01   2.9959402E+00
   1.4136178E+01   1.9559257E-03  -2.8284400E+00  -9.8627758E-01   2.9954667E+00
   1.4159285E+01   8.4224023E-04  -2.8002028E+00  -9.7636902E-01   2.9655411E+00
   1.4181950E+01   2.6101659E-03  -2.7670555E+00  -9.6807438E-01   2.9315135E+00
   1.4203842E+01   4.0557147E-03  -2.7111554E+00  -9.5940244E-01   2.8759058E+00
   1.4226700E+01   2.4015550E-03  -2.6239793E+00  -9.5189953E-01   2.7913053E+00
   1.4249700E+01   4.3939166E-03  -2.5374041E+00  -9.4474924E-01   2.7075801E+00
   1.4273060E+01   2.8783951E-03  -2.4004176E+00  -9.3613291E-01   2.5765011E+00
   1.4295469E+01   4.6432833E-03  -2.3056486E+00  -9.3132174E-01   2.4866438E+00
   1.4318678E+01   5.2715410E-03  -2.1876576E+00  -9.2578959E-01   2.3754916E+00
   1.4340968E+01   4.6663382E-03  -2.0505302E+00  -9.1991150E-01   2.2474282E+00
   1.4364824E+01   5.5925744E-03  -1.8987057E+00  -9.1327548E-01   2.1069379E+00
   1.4387013E+01   7.3895538E-03  -1.7568597E+00  -9.0797633E-01   1.9776328E+00
   1.4409287E+01   7.4562938E-03  -1.6127479E+00  -9.0323359E-01   1.8484703E+00
   1.4431697E+01   7.9797134E-03  -1.4498662E+00  -8.9729542E-01   1.7050849E+00
   1.4454295E+01   8.1508514E-03  -1.2920898E+00  -8.9249730E-01   1.5703865E+00
   1.4477122E+01   8.4381904E-03  -1.1330898E+00  -8.8792372E-01   1.4395736E+00
   1.4501122E+01   8.5637532E-03  -1.0286932E+00  -8.8389444E-01   1.3563010E+00
   1.4523819E+01   8.1313672E-03  -8.3168960E-01  -8.7940753E-01   1.2104261E+00
   1.4546884E+01   9.6330736E-03  -6.9378573E-01  -8.7616873E-01   1.1176327E+00
   1.4569082E+01   9.2577701E-03  -5.6782019E-01  -8.7251288E-01   1.0410495E+00
   1.4591647E+01   9.2890337E-03  -4.2671117E-01  -8.6725861E-01   9.6659517E-01
   1.4614573E+01   9.9643813E-03  -3.1794065E-01  -8.6727726E-01   9.2377239E-01
   1.4637730E+01   9.5590325E-03  -1.9744778E-01  -8.6458510E-01   8.8689595E-01
   1.4660963E+01   7.8716837E-03  -9.3237802E-02  -8.6163330E-01   8.6669898E-01
   1.4683748E+01   6.7122281E-03   8.4755188E-03  -8.5953075E-01   8.5959876E-01
   1.4706523E+01   4.9439897E-03   1.0772166E-01  -8.5665065E-01   8.6341113E-01
   1.4729491E+01   2.8799030E-03   2.0764507E-01  -8.5491216E-01   8.7977242E-01
   1.4751285E+01   1.8642986E-03   2.9188189E-01  -8.5358167E-01   9.0210873E-01
   1.4774843E+01   7.4362231E-04   3.8283399E-01  -8.5220736E-01   9.3424827E-01
   1.4797227E+01   8.2607969E-04   4.5847216E-01  -8.5149932E-01   9.6708244E-01
   1.4819523E+01   1.3418734E-03   5.2936393E-01  -8.4992832E-01   1.0013022E+00
   1.4842078E+01  -4.8658054E-05   5.9938580E-01  -8.5263515E-01   1.0422332E+00
   1.4865194E+01   1.2781995E-03   6.7129177E-01  -8.4868288E-01   1.0820799E+00
   1.4888498E+01   7.8232755E-04   7.3129314E-01  -8.4809983E-01   1.1198498E+00
   1.4911962E+01  -7.7440945E-04   7.9728007E-01  -8.4782410E-01   1.1638135E+00
   1.4933980E+01  -1.3606491E-03   8.5547405E-01  -8.4777975E-01   1.2043954E+00
   1.4957352E+01  -1.7876297E-03   9.2220217E-01  -8.4823793E-01   1.2529835E+00
   1.4979529E+01  -6.1673165E-04   9.7794867E-01  -8.4930575E-01   1.2952622E+00
   1.5001803E+01  -1.6311713E-03   1.0459502E+00  -8.5009289E-01   1.3478398E+00
   1.5025733E+01  -1.4097474E-03   1.1111580E+00  -8.5107780E-01   1.3996454E+00
   1.5048120E+01  -6.6067808E-04   1.2126397E+00  -8.5349703E-01   1.4828867E+00
   1.5070552E+01   1.3420940E-03   1.2410612E+00  -8.5333568E-01   1.5061263E+00
   1.5093022E+01  -1.4575493E-03   1.2878213E+00  -8.5576713E-01   1.5462288E+00
   1.5117136E+01  -1.4231300E-04   1.3366096E+00  -8.5806471E-01   1.5883325E+00
   1.5139106E+01   1.4168695E-03   1.4223524E+00  -8.6089665E-01   1.6625979E+00
   1.5161948E+01   4.6603652E-04   1.5082477E+00  -8.6363310E-01   1.7380085E+00
   1.5184771E+01   1.3948274E-03   1.5709245E+00  -8.6769396E-01   1.7946304E+00
   1.5207584E+01  -1.7949196E-03   1.6787375E+00  -8.7305707E-01   1.8921924E+00
   1.5230294E+01  -2.7764434E-04   1.7519535E+00  -8.7573165E-01   1.9586339E+00
   1.5253329E+01  -9.7302918E-04   1.8573909E+00  -8.8309425E-01   2.0566373E+00
   1.5275893E+01  -5.7550968E-04   1.9347563E+00  -8.8815439E-01   2.1288731E+00
   1.5297943E+01  -9.7245595E-04   2.0250654E+00  -8.9476603E-01   2.2139325E+00
   1.5320629E+01  -2.2240237E-03   2.1610935E+00  -9.0262043E-01   2.3420191E+00
   1.5344609E+01  -1.1288080E-03   2.2442741E+00  -9.1022515E-01   2.4218335E+00
   1.5366512E+01  -2.7780391E-03   2.3432162E+00  -9.1899502E-01   2.5169866E+00
   1.5391016E+01  -3.0349940E-03   2.4528222E+00  -9.2883539E-01   2.6228001E+00
   1.5412697E+01  -6.9857948E-03   2.5559669E+00  -9.3886739E-01   2.7229555E+00
   1.5435906E+01  -4.1195904E-03   2.6530864E+00  -9.4894296E-01   2.8176901E+00
   1.5459248E+01  -1.5964559E-03   2.7445619E+00  -9.6146268E-01   2.9080977E+00
   1.5480882E+01  -3.3092909E-03   2.8159482E+00  -9.7427189E-01   2.9797285E+00
   1.5504280E+01  -1.6887706E-03   2.8839867E+00  -9.8753858E-01   3.0483789E+00
   1.5525888E+01  -8.1303058E-04   2.9201686E+00  -9.9965662E-01   3.0865352E+00
   1.5550161E+01  -2.3912052E-03   2.9288793E+00  -1.0143564E+00   3.0995576E+00
   1.5571466E+01  -3.1423734E-03   2.9234977E+00  -1.0252624E+00   3.0980656E+00
   1.5595161E+01  -8.5898774E-04   2.8786962E+00  -1.0375813E+00   3.0599785E+00
   1.5617583E+01   5.0692656E-04   2.8172586E+00  -1.0484356E+00   3.0060213E+00
   1.5641041E+01  -7.2943014E-03   2.7015688E+00  -1.0591199E+00   2.9017689E+00
   1.5664415E+01  -1.2291893E-03   2.5901759E+00  -1.0688074E+00   2.8020279E+00
   1.5685794E+01  -4.7634001E-04   2.4309621E+00  -1.0789970E+00   2.6596637E+00
   1.5708817E+01   9.9390023E-04   2.1859455E+00  -1.0874931E+00   2.4415159E+00
   1.5732361E+01   2.8843791E-04   2.0068724E+00  -1.0934786E+00   2.2854390E+00
   1.5755091E+01   4.2152245E-04   1.7794244E+00  -1.1013999E+00   2.0927095E+00
   1.5778077E+01   1.3826170E-03   1.6418778E+00  -1.1028833E+00   1.9779071E+00
   1.5799573E+01  -2.9322109E-04   1.3547081E+00  -1.1119857E+00   1.7526398E+00
   1.5822701E+01  -4.7074966E-03   1.0749854E+00  -1.1123646E+00   1.5469230E+00
   1.5845838E+01  -5.8174063E-03   7.6752222E-01  -1.1204824E+00   1.3581624E+00
   1.5868468E+01  -4.5284936E-03   5.4034561E-01  -1.1168015E+00   1.2406609E+00
   1.5891946E+01  -6.3443412E-03   2.4683402E-01  -1.1173861E+00   1.1443422E+00
   1.5915012E+01  -6.8414551E-03   1.6906932E-02  -1.1174568E+00   1.1176057E+00
   1.5937163E+01  -8.4080445E-03  -1.9207262E-01  -1.1175151E+00   1.1339324E+00
   1.5959712E+01  -9.5940251E-03  -4.3901432E-01  -1.1159531E+00   1.1992401E+00
   1.5983406E+01  -1.0092333E-02  -6.8033993E-01  -1.1137229E+00   1.3051219E+00
   1.6006182E+01  -1.2806506E-02  -8.6634141E-01  -1.1158175E+00   1.4127138E+00
   1.6028187E+01  -1.3054021E-02  -1.0802082E+00  -1.1091100E+00   1.5482717E+00
   1.6051041E+01  -1.3999850E-02  -1.2846992E+00  -1.1047448E+00   1.6944346E+00
   1.6074461E+01  -1.1442536E-02  -1.6075701E+00  -1.0964586E+00   1.9459275E+00
   1.6097164E+01  -1.4478346E-02  -1.7247016E+00  -1.0924304E+00   2.0416193E+00
   1.6119490E+01  -1.2215081E-02  -1.8641081E+00  -1.0878290E+00   2.1583374E+00
   1.6142757E+01  -1.2082852E-02  -1.9833044E+00  -1.0815310E+00   2.2590599E+00
   1.6165270E+01  -1.2650193E-02  -2.1286051E+00  -1.0727388E+00   2.3836710E+00
   1.6188089E+01  -1.1830669E-02  -2.2651336E+00  -1.0638719E+00   2.5025575E+00
   1.6210819E+01  -9.8973513E-03  -2.3761969E+00  -1.0545098E+00   2.5996923E+00
   1.6233604E+01  -1.1364837E-02  -2.4777062E+00  -1.0434113E+00   2.6884687E+00
   1.6256012E+01  -8.8915331E-03  -2.5632093E+00  -1.0310739E+00   2.7628310E+00
   1.6279785E+01  -8.1373937E-03  -2.6397512E+00  -1.0167149E+00   2.8287916E+00
   1.6301319E+01  -6.9038202E-03  -2.7059746E+00  -1.0037490E+00   2.8861492E+00
   1.6325407E+01  -4.3913666E-03  -2.7612164E+00  -9.8801792E-01   2.9326634E+00
   1.6346968E+01  -3.0493594E-03  -2.8012290E+00  -9.7542256E-01   2.9662001E+00
   1.6371040E+01  -3.2997210E-04  -2.8274412E+00  -9.6174949E-01   2.9865341E+00
   1.6393412E+01   1.8427910E-03  -2.8452604E+00  -9.4909376E-01   2.9993813E+00
   1.6416264E+01   2.8613866E-03  -2.8301632E+00  -9.3707311E-01   2.9812646E+00
   1.6439125E+01   4.7011063E-03  -2.8397889E+00  -9.2924333E-01   2.9879618E+00
   1.6461317E+01   5.9094420E-03  -2.8099105E+00  -9.2075670E-01   2.9569283E+00
   1.6484482E+01   7.8574661E-03  -2.7422957E+00  -9.1303736E-01   2.8903089E+00
   1.6506775E+01   7.4404390E-03  -2.6964083E+00  -9.0721285E-01   2.8449442E+00
   1.6530130E+01   8.8013439E-03  -2.6094444E+00  -9.0134776E-01   2.7607436E+00
   1.6553318E+01   1.0916594E-02  -2.4857998E+00  -8.9454925E-01   2.6418815E+00
   1.6575573E+01   9.6027013E-03  -2.4008627E+00  -8.9154577E-01   2.5610716E+00
   1.6597881E+01   7.0976806E-03  -2.2854819E+00  -8.8704860E-01   2.4515982E+00
   1.6621439E+01   1.7631374E-02  -2.2191000E+00  -8.8030636E-01   2.3873951E+00
   1.6643692E+01   7.2470298E-03  -2.0436215E+00  -8.7088758E-01   2.2214603E+00
   1.6666534E+01   9.0637133E-03  -1.7298337E+00  -8.6514819E-01   1.9341376E+00
   1.6689663E+01   8.4740445E-03  -1.7685139E+00  -8.6561501E-01   1.9690106E+00
   1.6712749E+01   6.3267136E-03  -1.5979970E+00  -8.5129464E-01   1.8106178E+00
   1.6735611E+01   1.0761502E-02  -1.4670564E+00  -8.5437477E-01   1.6977416E+00
   1.6758099E+01   7.3890137E-03  -1.3158077E+00  -8.5410082E-01   1.5687232E+00
   1.6780325E+01   9.3078939E-03  -1.1832592E+00  -8.4684741E-01   1.4551080E+00
   1.6803217E+01   9.4838757E-03  -1.0340362E+00  -8.4625220E-01   1.3362123E+00
   1.6826122E+01   8.8187978E-03  -8.9565510E-01  -8.4307009E-01   1.2300582E+00
   1.6849529E+01   9.3738129E-03  -7.3976398E-01  -8.4368265E-01   1.1221136E+00
   1.6872625E+01   6.1285156E-03  -6.1594504E-01  -8.3679140E-01   1.0390600E+00
   1.6895256E+01   3.8967717E-03  -4.6157899E-01  -8.3421564E-01   9.5340765E-01
   1.6917257E+01   6.1365105E-03  -3.7630334E-01  -8.3372486E-01   9.1473442E-01
   1.6940523E+01   3.5567700E-03  -2.6558337E-01  -8.2830179E-01   8.6984539E-01
   1.6963247E+01   4.5668441E-03  -1.4778028E-01  -8.2782745E-01   8.4092700E-01
   1.6986551E+01   6.7539746E-03  -3.0082442E-02  -8.2385218E-01   8.2442886E-01
   1.7008631E+01   7.9827588E-03   5.4187112E-02  -8.2302189E-01   8.2484239E-01
   1.7031500E+01   7.4792393E-03   1.7052867E-01  -8.2224417E-01   8.3977467E-01
   1.7054884E+01   1.9654327E-03   2.4864568E-01  -8.1934786E-01   8.5624731E-01
   1.7077549E+01   1.7715204E-03   3.6015975E-01  -8.1927246E-01   8.9494449E-01
   1.7099979E+01   3.4589714E-03   4.4827911E-01  -8.1734836E-01   9.3221486E-01
   1.7122570E+01   2.1258574E-03   5.3877234E-01  -8.1630558E-01   9.7807717E-01
   1.7145874E+01   2.2552125E-03   6.0694677E-01  -8.1616324E-01   1.0171096E+00
   1.7168985E+01   3.4946618E-03   6.8366295E-01  -8.1521046E-01   1.0639434E+00
   1.7191040E+01   1.4111991E-03   7.6027763E-01  -8.1465632E-01   1.1143110E+00
   1.7214357E+01   1.9456561E-03   8.3574694E-01  -8.1499648E-01   1.1673458E+00
   1.7237347E+01   2.3971666E-03   9.0565687E-01  -8.1493008E-01   1.2183313E+00
   1.7259516E+01   2.1335233E-02   9.8960149E-01  -8.1509876E-01   1.2822450E+00
   1.7282598E+01   1.5902494E-03   1.0594105E+00  -8.1576765E-01   1.3370975E+00
   1.7304918E+01   3.3270364E-04   1.1168283E+00  -8.1664759E-01   1.3835529E+00
   1.7327644E+01   4.1217208E-03   1.0837988E+00  -8.1609625E-01   1.3567055E+00
   1.7351063E+01   2.6407070E-03   1.3233385E+00  -8.1952256E-01   1.5565504E+00
   1.7373400E+01  -9.0002327E-04   1.2987826E+00  -8.1918848E-01   1.5355477E+00
   1.7396851E+01  -7.4522075E-04   1.4147707E+00  -8.2074136E-01   1.6356018E+00
   1.7419575E+01  -2.7539236E-03   1.4620084E+00  -8.2135600E-01   1.6769322E+00
   1.7442488E+01   1.2635272E-03   1.5316020E+00  -8.2094508E-01   1.7377448E+00
   1.7464611E+01   2.8385365E-04   1.6042130E+00  -8.2299227E-01   1.8030019E+00
   1.7487787E+01  -1.0424169E-03   1.6957142E+00  -8.2628030E-01   1.8863157E+00
   1.7510294E+01  -2.5827053E-03   1.7763469E+00  -8.3360207E-01   1.9622201E+00
   1.7533268E+01  -1.7258804E-03   1.8819026E+00  -8.2639128E-01   2.0553546E+00
   1.7555582E+01  -1.4159919E-03   1.9839127E+00  -8.3014894E-01   2.1505949E+00
   1.7578604E+01  -2.6668943E-03   2.0900080E+00  -8.4057367E-01   2.2527106E+00
   1.7602362E+01  -9.7253552E-04   2.2148783E+00  -8.3934981E-01   2.3685849E+00
   1.7623674E+01   2.7571663E-03   2.3060782E+00  -8.4547704E-01   2.4561832E+00
   1.7647795E+01  -3.3511966E-04   2.4322655E+00  -8.5476357E-01   2.5780878E+00
   1.7670286E+01  -5.3102325E-04   2.5651293E+00  -8.6066973E-01   2.7056682E+00
   1.7692217E+01  -7.0058997E-04   2.6537182E+00  -8.6789471E-01   2.7920356E+00
   1.7714903E+01  -1.8329200E-03   2.7597704E+00  -8.7808424E-01   2.8960953E+00
   1.7739159E+01  -3.0860084E-03   2.8542292E+00  -8.8860029E-01   2.9893551E+00
   1.7761480E+01  -2.2754883E-03   2.9502633E+00  -9.0022331E-01   3.0845520E+00
   1.7784620E+01  -4.7491672E-03   2.9967678E+00  -9.1310877E-01   3.1327953E+00
   1.7806870E+01   1.4037385E-03   3.0595694E+00  -9.2856532E-01   3.1973739E+00
   1.7829674E+01  -5.1677637E-03   3.0375185E+00  -9.3996298E-01   3.1796346E+00
   1.7851698E+01  -2.1134948E-03   3.0255573E+00  -9.5399976E-01   3.1723993E+00
   1.7874949E+01  -2.4888706E-03   2.9777427E+00  -9.6956748E-01   3.1316159E+00
   1.7896997E+01  -9.3365653E-04   2.9155362E+00  -9.8280209E-01   3.0767274E+00
   1.7920271E+01  -2.1791055E-03   2.7734101E+00  -9.9670500E-01   2.9470711E+00
   1.7942772E+01  -4.9857545E-04   2.6529632E+00  -1.0095049E+00   2.8385408E+00
   1.7966343E+01   2.0779076E-03   2.5138819E+00  -1.0204996E+00   2.7131209E+00
   1.7989580E+01   1.1978962E-03   2.3065500E+00  -1.0307442E+00   2.5263824E+00
   1.8011650E+01   1.1379431E-03   2.0846918E+00  -1.0404741E+00   2.3299201E+00
   1.8034979E+01  -1.9609293E-03   1.9161166E+00  -1.0468923E+00   2.1834583E+00
   1.8058304E+01   1.3386245E-03   1.6442422E+00  -1.0563014E+00   1.9543047E+00
   1.8080822E+01  -4.1395251E-04   1.4030560E+00  -1.0610096E+00   1.7590644E+00
   1.8103888E+01  -1.2378216E-03   1.1655443E+00  -1.0655141E+00   1.5791818E+00
   1.8126255E+01  -3.7771135E-03   9.3688321E-01  -1.0699750E+00   1.4221853E+00
   1.8148760E+01  -5.3806319E-03   6.8728334E-01  -1.0718224E+00   1.2732599E+00
   1.8171558E+01  -4.3331538E-03   4.1871482E-01  -1.0750065E+00   1.1536810E+00
   1.8193674E+01  -4.9582818E-03   3.0105999E-01  -1.0750014E+00   1.1163734E+00
   1.8216530E+01  -6.6712797E-03   1.5318580E-01  -1.0765116E+00   1.0873765E+00
   1.8240589E+01  -7.9869358E-03  -2.2773722E-01  -1.0761510E+00   1.1000131E+00
   1.8262606E+01  -9.6077817E-03  -4.4486883E-01  -1.0755234E+00   1.1639378E+00
   1.8285599E+01  -1.2743082E-02  -6.7179173E-01  -1.0730418E+00   1.2660511E+00
   1.8308060E+01  -1.3502485E-02  -8.9105797E-01  -1.0705841E+00   1.3929526E+00
   1.8331078E+01  -1.4615566E-02  -1.0910217E+00  -1.0663230E+00   1.5256430E+00
   1.8354462E+01  -1.6342223E-02  -1.3129610E+00  -1.0616900E+00   1.6885850E+00
   1.8376514E+01  -1.5938837E-02  -1.5026327E+00  -1.0549799E+00   1.8360670E+00
   1.8399668E+01  -1.5945764E-02  -1.6837062E+00  -1.0477406E+00   1.9831493E+00
   1.8422497E+01  -1.5627146E-02  -1.8783230E+00  -1.0398519E+00   2.1470056E+00
   1.8445433E+01  -1.2847267E-02  -2.0077381E+00  -1.0309849E+00   2.2570128E+00
   1.8468605E+01  -1.2398981E-02  -2.1545956E+00  -1.0192997E+00   2.3835704E+00
   1.8490942E+01  -8.5687172E-03  -2.2895520E+00  -1.0091419E+00   2.5020969E+00
   1.8513460E+01  -6.3878307E-03  -2.3996778E+00  -9.9708891E-01   2.5985920E+00
   1.8535963E+01  -5.4856725E-03  -2.4991047E+00  -9.8495090E-01   2.6862023E+00
   1.8558479E+01  -4.7063790E-03  -2.5896504E+00  -9.7004944E-01   2.7653766E+00
   1.8581553E+01  -3.9832760E-03  -2.6616857E+00  -9.5680827E-01   2.8284392E+00
   1.8604931E+01  -2.9704436E-03  -2.7268970E+00  -9.4129270E-01   2.8847890E+00
   1.8628172E+01  -2.0478938E-03  -2.7800853E+00  -9.2674202E-01   2.9304829E+00
   1.8649893E+01  -1.0238925E-03  -2.8109214E+00  -9.1431141E-01   2.9558833E+00
   1.8673029E+01   2.0442650E-04  -2.8274150E+00  -9.0108919E-01   2.9675305E+00
   1.8696405E+01   1.6942654E-03  -2.8438578E+00  -8.9217401E-01   2.9805210E+00
   1.8718725E+01   1.6135877E-03  -2.8199055E+00  -8.8361555E-01   2.9551051E+00
   1.8741823E+01   2.6192591E-03  -2.7875030E+00  -8.7646496E-01   2.9220490E+00
   1.8764578E+01   3.4516382E-03  -2.7474179E+00  -8.7267524E-01   2.8826859E+00
   1.8786554E+01   6.7135463E-03  -2.6727915E+00  -8.6753207E-01   2.8100660E+00
   1.8809477E+01   6.6833957E-03  -2.5887089E+00  -8.6490631E-01   2.7293813E+00
   1.8833321E+01   6.6724815E-03  -2.4918001E+00  -8.6132067E-01   2.6364722E+00
   1.8855635E+01   8.3554043E-03  -2.4179304E+00  -8.5779244E-01   2.5655925E+00
   1.8878553E+01   9.2025222E-03  -2.2688057E+00  -8.5387349E-01   2.4241831E+00
   1.8901287E+01   1.3584741E-03  -2.1165729E+00  -8.4931868E-01   2.2806194E+00
   1.8924477E+01   8.5000070E-03  -2.0011797E+00  -8.4317803E-01   2.1715758E+00
   1.8946346E+01  -1.7164816E-03  -1.8832115E+00  -8.3791989E-01   2.0612128E+00
   1.8970028E+01   8.3785132E-03  -1.7014832E+00  -8.3240676E-01   1.8942059E+00
   1.8992796E+01   8.0514094E-03  -1.4475100E+00  -8.2636786E-01   1.6668035E+00
   1.9014639E+01   6.6322586E-03  -1.3883244E+00  -8.2142693E-01   1.6131431E+00
   1.9037964E+01   5.0627729E-03  -1.2441860E+00  -8.1730509E-01   1.4886276E+00
   1.9060753E+01   7.2474927E-03  -1.1122575E+00  -8.1473303E-01   1.3787527E+00
   1.9083941E+01   7.8378068E-03  -9.8660207E-01  -8.1256682E-01   1.2781667E+00
   1.9106436E+01   1.4582745E-02  -8.4731883E-01  -8.0943221E-01   1.1718969E+00
   1.9128613E+01   9.8501863E-03  -7.4054581E-01  -8.0735534E-01   1.0955948E+00
   1.9152617E+01   8.8526504E-03  -6.0983753E-01  -8.0399328E-01   1.0091509E+00
   1.9174511E+01   7.7190693E-03  -4.8729610E-01  -8.0201215E-01   9.3847775E-01
   1.9197414E+01   7.4523501E-03  -3.6984119E-01  -8.0021292E-01   8.8157743E-01
   1.9220657E+01   7.4555189E-03  -2.4535236E-01  -7.9752064E-01   8.3444142E-01
   1.9242962E+01   6.1405939E-03  -1.5021107E-01  -7.9583418E-01   8.0990934E-01
   1.9265446E+01   6.6815699E-03  -2.7111575E-02  -7.9359382E-01   7.9408491E-01
   1.9289360E+01   4.7879517E-03   7.4065968E-02  -7.9140830E-01   7.9488099E-01
   1.9312010E+01   5.3049149E-03   1.7677063E-01  -7.8981906E-01   8.0937642E-01
   1.9334705E+01   5.7649487E-03   2.7199447E-01  -7.8823370E-01   8.3386242E-01
   1.9357010E+01   5.4996447E-03   3.5838732E-01  -7.8694493E-01   8.6472768E-01
   1.9379446E+01   5.4057138E-03   4.5609829E-01  -7.8589505E-01   9.0867263E-01
   1.9402544E+01   4.4586672E-03   5.4577988E-01  -7.8487074E-01   9.5599037E-01
   1.9425859E+01   3.1030099E-03   6.2886900E-01  -7.8412884E-01   1.0051587E+00
   1.9449041E+01   2.3060448E-03   7.1259987E-01  -7.8346616E-01   1.0590671E+00
   1.9471703E+01   2.6157124E-03   7.9388469E-01  -7.8315502E-01   1.1151643E+00
   1.9494511E+01   2.3601009E-03   8.5318881E-01  -7.8309137E-01   1.1580884E+00
   1.9517075E+01   2.1437248E-03   9.2795020E-01  -7.8333533E-01   1.2143766E+00
   1.9539232E+01   1.9019621E-03   9.9285364E-01  -7.8373694E-01   1.2649133E+00
   1.9562178E+01   1.3017709E-03   1.0506204E+00  -7.8431350E-01   1.3110883E+00
   1.9584776E+01  -2.0580551E-04   1.1227868E+00  -7.8560662E-01   1.3703387E+00
   1.9608183E+01  -7.6568402E-05   1.1789819E+00  -7.8679150E-01   1.4174057E+00
   1.9630713E+01  -3.0194063E-04   1.2330604E+00  -7.8813136E-01   1.4634169E+00
   1.9653784E+01  -2.3682686E-04   1.2781488E+00  -7.9008585E-01   1.5026309E+00
   1.9676254E+01  -4.5451778E-04   1.3540478E+00  -7.9188073E-01   1.5686047E+00
   1.9698879E+01  -9.7669009E-04   1.4139460E+00  -7.9447663E-01   1.6218623E+00
   1.9721581E+01  -1.8169545E-03   1.4830408E+00  -7.9677999E-01   1.6835295E+00
   1.9744493E+01  -3.7590752E-03   1.5789410E+00  -8.0076069E-01   1.7703916E+00
   1.9767385E+01  -1.0594274E-03   1.6072153E+00  -8.0105054E-01   1.7957796E+00
   1.9790192E+01  -4.0937960E-03   1.6894871E+00  -8.0398607E-01   1.8710364E+00
   1.9813641E+01  -6.2335473E-03   1.7538618E+00  -8.0698818E-01   1.9306216E+00
   1.9836208E+01  -4.1575548E-03   1.8488845E+00  -8.0922675E-01   2.0182266E+00
   1.9859274E+01  -2.5629443E-03   1.9573060E+00  -8.1509513E-01   2.1202438E+00
   1.9881346E+01   3.0740828E-03   2.0752773E+00  -8.1767178E-01   2.2305543E+00
   1.9905062E+01  -2.5486234E-03   2.1428425E+00  -8.1592631E-01   2.2929273E+00
   1.9927853E+01  -2.8686561E-03   2.2550724E+00  -8.2174540E-01   2.4001303E+00
   1.9950130E+01  -1.2347734E-03   2.3599429E+00  -8.2338148E-01   2.4994578E+00
   1.9972593E+01   7.7601854E-04   2.4482858E+00  -8.2222790E-01   2.5826657E+00
   1.9996365E+01  -3.8542013E-04   2.5667205E+00  -8.3784372E-01   2.7000067E+00
   2.0018465E+01  -2.0978730E-03   2.6473475E+00  -8.4294051E-01   2.7783091E+00
   2.0041119E+01  -2.8333396E-03   2.7167568E+00  -8.5182011E-01   2.8471692E+00
   2.0063457E+01  -3.1605884E-03   2.7645831E+00  -8.6387748E-01   2.8964140E+00
   2.0086206E+01  -2.7650550E-03   2.7956960E+00  -8.7457210E-01   2.9293003E+00
   2.0108829E+01  -4.7365162E-03   2.8119829E+00  -8.8512248E-01   2.9480014E+00
   2.0132957E+01   1.3351245E-04   2.8108816E+00  -8.9637399E-01   2.9503460E+00
   2.0155502E+01   2.0413438E-03   2.7546113E+00  -9.1633672E-01   2.9030261E+00
   2.0177763E+01  -5.8671162E-03   2.7226985E+00  -9.2156994E-01   2.8744414E+00
   2.0201300E+01  -5.9998739E-03   2.6577563E+00  -9.3589056E-01   2.8177290E+00
   2.0224188E+01  -3.9068358E-03   2.5255737E+00  -9.4619954E-01   2.6970041E+00
   2.0246426E+01  -4.9838941E-03   2.3838451E+00  -9.5950246E-01   2.5697057E+00
   2.0270052E+01  -3.4707335E-03   2.2299469E+00  -9.6886027E-01   2.4313300E+00
   2.0292164E+01  -2.5406443E-03   2.0908604E+00  -9.7711325E-01   2.3079112E+00
   2.0314425E+01  -2.8229626E-03   1.9110444E+00  -9.8694801E-01   2.1508522E+00
   2.0337433E+01   7.6634326E-04   1.7149975E+00  -9.9251652E-01   1.9814909E+00
   2.0361010E+01  -8.3290925E-04   1.5120609E+00  -1.0004208E+00   1.8130556E+00
   2.0383926E+01  -1.4718465E-03   1.4261893E+00  -1.0047734E+00   1.7445881E+00
   2.0406328E+01  -1.4575191E-03   1.0917902E+00  -1.0133017E+00   1.4895598E+00
   2.0428270E+01  -6.7641976E-04   1.0031848E+00  -1.0148289E+00   1.4269751E+00
   2.0452322E+01  -5.0946693E-03   7.9028231E-01  -1.0187614E+00   1.2893591E+00
   2.0473978E+01  -1.1930908E-02   6.1445796E-01  -1.0209233E+00   1.1916313E+00
   2.0497614E+01  -8.5180374E-03   3.8986877E-01  -1.0257818E+00   1.0974053E+00
   2.0520002E+01  -7.8558400E-03   1.9046749E-01  -1.0265173E+00   1.0440676E+00
   2.0542816E+01  -1.0050583E-02  -2.4599850E-02  -1.0257491E+00   1.0260932E+00
   2.0565294E+01  -1.0739016E-02  -2.9930282E-01  -1.0253924E+00   1.0682355E+00
   2.0588245E+01  -9.8649878E-03  -4.8727179E-01  -1.0239429E+00   1.1340151E+00
   2.0611387E+01  -9.2557371E-03  -6.9953537E-01  -1.0209626E+00   1.2376591E+00
   2.0633612E+01  -7.2746081E-03  -9.2594749E-01  -1.0167277E+00   1.3751969E+00
   2.0656849E+01  -7.3021031E-03  -1.1225069E+00  -1.0119417E+00   1.5113243E+00
   2.0680136E+01  -4.9520680E-03  -1.3348932E+00  -1.0062199E+00   1.6716588E+00
   2.0702524E+01  -5.6988909E-03  -1.5319111E+00  -9.9880141E-01   1.8287669E+00
   2.0724632E+01  -8.0862008E-03  -1.6915313E+00  -9.9202746E-01   1.9609849E+00
   2.0747498E+01  -9.2388075E-03  -1.8776120E+00  -9.8325306E-01   2.1195045E+00
   2.0771057E+01  -1.0368893E-02  -2.0383711E+00  -9.7261626E-01   2.2585497E+00
   2.0793682E+01  -1.0616539E-02  -2.1774862E+00  -9.6178901E-01   2.3804615E+00
   2.0815851E+01  -9.4876392E-03  -2.3059196E+00  -9.5079541E-01   2.4942670E+00
   2.0838865E+01  -8.4379483E-03  -2.4204350E+00  -9.3709558E-01   2.5955203E+00
   2.0861719E+01  -6.6415598E-03  -2.5200961E+00  -9.2405409E-01   2.6841767E+00
   2.0884439E+01  -4.9886871E-03  -2.6016805E+00  -9.0986210E-01   2.7561958E+00
   2.0907326E+01  -4.1376050E-03  -2.6725476E+00  -8.9635873E-01   2.8188624E+00
   2.0930576E+01  -3.2214818E-03  -2.7251275E+00  -8.8225460E-01   2.8643854E+00
   2.0953249E+01  -2.1207810E-03  -2.7763472E+00  -8.7104201E-01   2.9097805E+00
   2.0976078E+01  -1.5429842E-03  -2.8048792E+00  -8.6055416E-01   2.9339228E+00
   2.0998533E+01  -4.4042492E-05  -2.8102074E+00  -8.5122442E-01   2.9362986E+00
   2.1021631E+01   8.0286141E-04  -2.8199420E+00  -8.4772474E-01   2.9446070E+00
   2.1044342E+01   1.5535069E-03  -2.7984350E+00  -8.4279382E-01   2.9225917E+00
   2.1066641E+01   4.1032685E-03  -2.7580500E+00  -8.3916777E-01   2.8828907E+00
   2.1090284E+01   3.1878285E-03  -2.7130036E+00  -8.3360988E-01   2.8381870E+00
   2.1112593E+01   1.6312069E-03  -2.6393867E+00  -8.2723886E-01   2.7659879E+00
   2.1135683E+01   8.7582059E-03  -2.5347090E+00  -8.2064444E-01   2.6642604E+00
   2.1158749E+01   6.0170041E-03  -2.4362960E+00  -8.1146866E-01   2.5678892E+00
   2.1180731E+01   4.6787951E-03  -2.3238072E+00  -8.0774432E-01   2.4601936E+00
   2.1204319E+01   7.5137434E-03  -2.2069569E+00  -8.0128825E-01   2.3479307E+00
   2.1226248E+01   7.8214193E-03  -2.0839467E+00  -7.9457289E-01   2.2303007E+00
   2.1249002E+01   8.8261291E-03  -1.9412429E+00  -7.8934997E-01   2.0956087E+00
   2.1272173E+01   1.1944987E-02  -1.7885146E+00  -7.8378522E-01   1.9527535E+00
   2.1295408E+01   1.2193924E-02  -1.6460849E+00  -7.7856779E-01   1.8209646E+00
   2.1317610E+01   1.0406529E-02  -1.5177850E+00  -7.7434772E-01   1.7039349E+00
   2.1341131E+01   9.7050713E-03  -1.3610152E+00  -7.6960850E-01   1.5635709E+00
   2.1363279E+01   1.0731074E-02  -1.2092395E+00  -7.6594549E-01   1.4314495E+00
   2.1386829E+01   8.2063694E-03  -1.0168952E+00  -7.6153862E-01   1.2704662E+00
   2.1409012E+01   7.7244416E-03  -8.6363399E-01  -7.5850153E-01   1.1494554E+00
   2.1432589E+01   6.8342253E-03  -7.2146052E-01  -7.5570077E-01   1.0448138E+00
   2.1454782E+01   6.9980123E-03  -5.8481085E-01  -7.5283307E-01   9.5331544E-01
   2.1476976E+01   6.5911105E-03  -4.5470706E-01  -7.5035930E-01   8.7740582E-01
   2.1500555E+01   5.8722873E-03  -2.9243320E-01  -7.4762112E-01   8.0280071E-01
   2.1522745E+01   5.6352615E-03  -1.5636067E-01  -7.4530876E-01   7.6155472E-01
   2.1546328E+01   5.7306485E-03  -1.7543972E-02  -7.4330705E-01   7.4353617E-01
   2.1568348E+01   4.7003394E-03   9.7744495E-02  -7.4161416E-01   7.4804252E-01
   2.1591946E+01   2.9969348E-03   2.1460529E-01  -7.4024713E-01   7.7073359E-01
   2.1614157E+01   1.6736811E-03   3.2334110E-01  -7.3924774E-01   8.0687022E-01
   2.1637756E+01   5.4161408E-04   4.4182867E-01  -7.3826504E-01   8.6037672E-01
   2.1659967E+01   1.5217297E-03   5.2194011E-01  -7.3803943E-01   9.0395021E-01
   2.1682175E+01   7.2135538E-04   5.9045172E-01  -7.3795968E-01   9.4510221E-01
   2.1705759E+01   1.0900827E-03   6.7671126E-01  -7.3811090E-01   1.0013726E+00
   2.1727943E+01   1.5096155E-04   7.4653614E-01  -7.3847157E-01   1.0500745E+00
   2.1751499E+01  -1.3051594E-04   8.1236970E-01  -7.3904341E-01   1.0982394E+00
   2.1773699E+01   1.3991630E-04   8.6541820E-01  -7.3967201E-01   1.1384478E+00
   2.1796316E+01  -9.0003901E-05   9.2157805E-01  -7.4044061E-01   1.1821837E+00
   2.1819420E+01  -7.7954598E-04   9.6689671E-01  -7.4135327E-01   1.2183983E+00
   2.1842810E+01  -4.7766583E-04   1.0117794E+00  -7.4232298E-01   1.2548870E+00
   2.1864866E+01  -5.8955856E-04   1.0531406E+00  -7.4344337E-01   1.2891135E+00
   2.1888453E+01   6.6928842E-05   1.1009969E+00  -7.4462271E-01   1.3291565E+00
   2.1910589E+01  -6.5136416E-04   1.1173024E+00  -7.4590039E-01   1.3434033E+00
   2.1934212E+01   3.2915612E-04   1.1941404E+00  -7.4771088E-01   1.4089155E+00
   2.1956360E+01  -3.6351592E-04   1.2469767E+00  -7.4894732E-01   1.4546041E+00
   2.1978504E+01  -5.2692974E-04   1.3070543E+00  -7.5090188E-01   1.5073967E+00
   2.2002123E+01   4.0264701E-04   1.3615477E+00  -7.5259221E-01   1.5557015E+00
   2.2024260E+01  -3.9360684E-04   1.4112164E+00  -7.5433421E-01   1.6001725E+00
   2.2047920E+01   3.1090551E-03   1.4936724E+00  -7.5837344E-01   1.6751708E+00
   2.2070490E+01   2.4850457E-03   1.6223017E+00  -7.6230860E-01   1.7924796E+00
   2.2093412E+01  -2.9397907E-03   1.6896780E+00  -7.6531339E-01   1.8549191E+00
   2.2116531E+01  -2.6712860E-03   1.7365733E+00  -7.6789713E-01   1.8987786E+00
   2.2138201E+01   4.3748487E-03   1.8595883E+00  -7.7283090E-01   2.0137913E+00
   2.2161232E+01  -2.2537695E-04   1.9195201E+00  -7.7435875E-01   2.0698283E+00
   2.2184282E+01  -1.0632073E-03   2.0101731E+00  -7.7992386E-01   2.1561720E+00
   2.2207085E+01  -1.8499665E-03   2.1407962E+00  -7.8578234E-01   2.2804530E+00
   2.2229242E+01   9.3065674E-04   2.2510054E+00  -7.9118669E-01   2.3860013E+00
   2.2253397E+01   4.6939086E-04   2.3554173E+00  -7.9914308E-01   2.4872918E+00
   2.2275536E+01  -1.7639845E-04   2.4469204E+00  -8.0243349E-01   2.5751348E+00
   2.2298267E+01   2.0067395E-04   2.5353060E+00  -8.0830622E-01   2.6610403E+00
   2.2320559E+01  -1.9878652E-03   2.5968881E+00  -8.1264907E-01   2.7210717E+00
   2.2344032E+01  -3.3156126E-04   2.6681004E+00  -8.1674618E-01   2.7903109E+00
   2.2367437E+01  -1.5669579E-03   2.7173064E+00  -8.2758296E-01   2.8405368E+00
   2.2390213E+01  -2.2602212E-03   2.7552977E+00  -8.3572084E-01   2.8792531E+00
   2.2411898E+01  -9.3562837E-04   2.7551172E+00  -8.4766710E-01   2.8825703E+00
   2.2434570E+01  -2.8259314E-03   2.7331843E+00  -8.6099535E-01   2.8655920E+00
   2.2458099E+01  -3.2757754E-03   2.6865468E+00  -8.6767775E-01   2.8231912E+00
   2.2479988E+01  -3.1008753E-03   2.6295793E+00  -8.7531728E-01   2.7714396E+00
   2.2504311E+01  -3.2869659E-03   2.5449123E+00  -8.8841987E-01   2.6955295E+00
   2.2526899E+01  -4.3907599E-03   2.4168587E+00  -8.9829248E-01   2.5784016E+00
   2.2548475E+01  -4.2795693E-03   2.3209617E+00  -9.0754670E-01   2.4920919E+00
   2.2571936E+01  -3.9440375E-03   2.1693282E+00  -9.1753256E-01   2.3553910E+00
   2.2594517E+01  -5.7977536E-03   2.0350327E+00  -9.2747420E-01   2.2364256E+00
   2.2617626E+01  -2.9002456E-03   1.8469940E+00  -9.3465108E-01   2.0700164E+00
   2.2640272E+01  -1.2910482E-03   1.6747334E+00  -9.4237208E-01   1.9216655E+00
   2.2663063E+01   8.4836764E-04   1.4901975E+00  -9.4831109E-01   1.7663475E+00
   2.2686508E+01   1.1155017E-03   1.2582163E+00  -9.5450896E-01   1.5793025E+00
   2.2709230E+01  -1.1365378E-03   1.0832793E+00  -9.5981860E-01   1.4473240E+00
   2.2731325E+01   3.1854404E-04   8.3280146E-01  -9.6277022E-01   1.2729827E+00
   2.2754173E+01  -9.1585726E-04   6.5467370E-01  -9.6527332E-01   1.1663409E+00
   2.2777470E+01  -3.6055094E-03   4.5405468E-01  -9.6695954E-01   1.0682647E+00
   2.2801153E+01  -5.4368498E-03   2.4000910E-01  -9.6739918E-01   9.9674225E-01
