  flscon:  version 22.2.0.05  win64 2022 
 FLOW-3D   20:04:12  09/11/2023 jjup     
   hydr3d   version  22.2.0.16 win64     09/12/2022 HYDRO    
 Simulation Template: Free Surface - TruVOF (Default)                            

Mesh Block   1
 printing pfxob, pfyob, pfzob, pfob       
       1     1002      0.000E+00      2.280E+01
   time              pfxob_1         pfyob_1         pfzob_1         pfob_1
   0.0000000E+00  -6.1988481E-04  -1.0569352E+00  -2.7103612E+00   2.9091530E+00
   3.3703928E-03   1.4519532E-03   1.3738905E+02  -3.3929040E+00   1.3743094E+02
   2.3781497E-02  -8.3106197E-04  -6.6817999E-01  -2.6947405E+00   2.7763450E+00
   4.4983830E-02  -1.3952624E-03  -8.0639488E-01  -2.7006168E+00   2.8184402E+00
   6.8187661E-02  -7.4004172E-04  -9.4464022E-01  -2.7015235E+00   2.8619182E+00
   9.1911212E-02  -6.3677231E-04  -1.0602118E+00  -2.6941533E+00   2.8952568E+00
   1.1351442E-01   4.0058373E-03  -1.1864042E+00  -2.6854661E+00   2.9358642E+00
   1.3702215E-01   2.6729330E-03  -1.2478662E+00  -2.6753216E+00   2.9520371E+00
   1.5988326E-01   7.0440685E-03  -1.3744758E+00  -2.6593850E+00   2.9935868E+00
   1.8227106E-01   5.0925314E-03  -1.4318641E+00  -2.6441033E+00   3.0069158E+00
   2.0477618E-01  -4.9290056E-03  -1.5147949E+00  -2.6281619E+00   3.0334573E+00
   2.2776060E-01   4.0553636E-03  -1.5683032E+00  -2.6099114E+00   3.0448692E+00
   2.5110897E-01   3.9019224E-03  -1.6023258E+00  -2.5909977E+00   3.0464294E+00
   2.7410370E-01  -2.2064743E-03  -1.6165110E+00  -2.5716035E+00   3.0374753E+00
   2.9656145E-01  -1.9211610E-03  -1.6460967E+00  -2.5507388E+00   3.0357711E+00
   3.1977880E-01  -5.1736098E-04  -1.6508887E+00  -2.5270503E+00   3.0185125E+00
   3.4150773E-01  -8.9528163E-05  -1.6516390E+00  -2.5065086E+00   3.0017490E+00
   3.6513475E-01   6.0662522E-05  -1.6437140E+00  -2.4796281E+00   2.9749539E+00
   3.8708815E-01  -1.3036940E-04  -1.6403457E+00  -2.4627519E+00   2.9590337E+00
   4.1110125E-01  -1.8552473E-03  -1.6406456E+00  -2.4408729E+00   2.9410172E+00
   4.3255186E-01   7.3328047E-05  -1.6371728E+00  -2.4162612E+00   2.9186730E+00
   4.5474514E-01  -4.4771985E-04  -1.6052637E+00  -2.3981979E+00   2.8858664E+00
   4.7773805E-01  -3.0996121E-04  -1.5900878E+00  -2.3757770E+00   2.8587928E+00
   5.0138843E-01  -4.1537726E-04  -1.5511290E+00  -2.3590181E+00   2.8232903E+00
   5.2353889E-01   4.3201199E-04  -1.4974380E+00  -2.3399587E+00   2.7780797E+00
   5.4837275E-01  -2.8488089E-04  -1.4790157E+00  -2.3276083E+00   2.7577612E+00
   5.6930703E-01   1.2645479E-04  -1.4327822E+00  -2.3133571E+00   2.7211185E+00
   5.9218687E-01   3.7656026E-04  -1.3978916E+00  -2.2991288E+00   2.6907425E+00
   6.1662942E-01  -1.5782205E-04  -1.3174474E+00  -2.2807469E+00   2.6339085E+00
   6.3899654E-01   1.5976777E-03  -1.2848197E+00  -2.2699299E+00   2.6083224E+00
   6.6099209E-01  -1.3703034E-04  -1.2357663E+00  -2.2577372E+00   2.5738096E+00
   6.8365979E-01   4.4983017E-04  -1.1630802E+00  -2.2430656E+00   2.5266776E+00
   7.0726043E-01  -2.2189607E-04  -1.0988457E+00  -2.2350912E+00   2.4906013E+00
   7.2884971E-01  -7.7365711E-04  -1.0568751E+00  -2.2287843E+00   2.4666708E+00
   7.5164795E-01  -1.2122205E-03  -1.0805879E+00  -2.2241197E+00   2.4727273E+00
   7.7452189E-01  -1.2895708E-03  -9.3866563E-01  -2.2174249E+00   2.4079177E+00
   7.9723662E-01  -9.7495511E-05  -8.3559263E-01  -2.2071187E+00   2.3599975E+00
   8.2187724E-01   9.3909871E-04  -7.7113694E-01  -2.2027071E+00   2.3337891E+00
   8.4413993E-01   1.2557121E-03  -6.9645727E-01  -2.1987667E+00   2.3064322E+00
   8.6621904E-01   9.3812100E-04  -6.2677550E-01  -2.1945581E+00   2.2823088E+00
   8.8966668E-01   9.0628990E-04  -5.4487401E-01  -2.1929040E+00   2.2595832E+00
   9.1176909E-01  -1.5100623E-05  -4.7110075E-01  -2.1885004E+00   2.2386312E+00
   9.3431640E-01  -7.2717114E-04  -3.8828284E-01  -2.1871965E+00   2.2213943E+00
   9.5770270E-01  -3.8570355E-04  -2.9068318E-01  -2.1859181E+00   2.2051611E+00
   9.8056555E-01   1.3434250E-04  -2.0417912E-01  -2.1865273E+00   2.1960397E+00
   1.0034368E+00   7.7878369E-04  -1.2661760E-01  -2.1874876E+00   2.1911492E+00
   1.0255114E+00   7.1376789E-04  -4.8189778E-02  -2.1890266E+00   2.1895571E+00
   1.0490707E+00   1.1862719E-03   5.2823335E-02  -2.1909850E+00   2.1916220E+00
   1.0712699E+00   1.2150216E-03   1.4325760E-01  -2.1929052E+00   2.1975799E+00
   1.0939647E+00   9.6092495E-04   2.3013139E-01  -2.1948059E+00   2.2068381E+00
   1.1169603E+00   5.5454945E-04   3.2693097E-01  -2.1979895E+00   2.2221706E+00
   1.1401868E+00  -3.0615527E-04   4.2945001E-01  -2.2022984E+00   2.2437794E+00
   1.1634008E+00  -7.2460499E-04   5.1555425E-01  -2.2061446E+00   2.2655840E+00
   1.1856788E+00  -1.7224099E-03   6.0003591E-01  -2.2117972E+00   2.2917445E+00
   1.2091937E+00  -1.2688434E-03   6.6455442E-01  -2.2163365E+00   2.3138239E+00
   1.2321693E+00  -8.7468844E-04   7.8601015E-01  -2.2244549E+00   2.3592398E+00
   1.2542961E+00   1.0300527E-04   8.7035847E-01  -2.2335906E+00   2.3971756E+00
   1.2770798E+00   1.2356712E-03   9.7080511E-01  -2.2392962E+00   2.4406784E+00
   1.2990482E+00  -1.5083818E-03   1.0363954E+00  -2.2513387E+00   2.4784358E+00
   1.3230404E+00  -6.9033273E-04   1.1297444E+00  -2.2619300E+00   2.5283692E+00
   1.3467430E+00  -1.0024401E-03   1.2126102E+00  -2.2712893E+00   2.5747194E+00
   1.3696150E+00  -2.0039915E-03   1.3136344E+00  -2.2866011E+00   2.6370785E+00
   1.3904337E+00   9.7188627E-04   1.3758901E+00  -2.2962313E+00   2.6768923E+00
   1.4133136E+00  -2.7352397E-04   1.4310850E+00  -2.3066673E+00   2.7145383E+00
   1.4346014E+00  -1.8907263E-04   1.4921972E+00  -2.3202994E+00   2.7587028E+00
   1.4592153E+00  -1.1895943E-04   1.5770335E+00  -2.3372741E+00   2.8195541E+00
   1.4815428E+00  -2.0527942E-03   1.6851639E+00  -2.3602574E+00   2.9001029E+00
   1.5060312E+00  -1.0902348E-03   1.7133493E+00  -2.3701277E+00   2.9245636E+00
   1.5277777E+00  -3.8665934E-03   1.7988063E+00  -2.3921590E+00   2.9930158E+00
   1.5509288E+00   1.4400066E-05   1.8336838E+00  -2.4036639E+00   3.0232427E+00
   1.5736285E+00   9.9360989E-04   1.8830220E+00  -2.4185631E+00   3.0651624E+00
   1.5956981E+00   7.5755175E-04   1.9353548E+00  -2.4340055E+00   3.1096594E+00
   1.6190478E+00   1.8312733E-04   1.9735125E+00  -2.4516592E+00   3.1472821E+00
   1.6418136E+00   1.9617169E-03   2.0005057E+00  -2.4692261E+00   3.1779087E+00
   1.6634465E+00   3.7364868E-04   2.0414724E+00  -2.4852321E+00   3.2162073E+00
   1.6878071E+00   1.2431906E-03   2.0639501E+00  -2.5042388E+00   3.2451663E+00
   1.7093780E+00   4.4539203E-03   2.0797405E+00  -2.5167713E+00   3.2648857E+00
   1.7318740E+00  -4.4233602E-05   2.0699856E+00  -2.5390570E+00   3.2759199E+00
   1.7558668E+00  -1.5214137E-03   2.0467224E+00  -2.5577257E+00   3.2758260E+00
   1.7784926E+00   1.6451605E-03   2.0521567E+00  -2.5674629E+00   3.2868247E+00
   1.8020238E+00  -1.6416439E-03   2.0371046E+00  -2.5810583E+00   3.2881088E+00
   1.8241718E+00  -7.6585705E-04   2.0120752E+00  -2.5939007E+00   3.2827988E+00
   1.8460789E+00   3.1331842E-04   1.9737322E+00  -2.6031377E+00   3.2667942E+00
   1.8695782E+00   8.9203293E-04   1.9204903E+00  -2.6126583E+00   3.2425711E+00
   1.8917108E+00   2.0816250E-04   1.8456292E+00  -2.6217895E+00   3.2062638E+00
   1.9160968E+00   1.0319829E-03   1.7504680E+00  -2.6387317E+00   3.1665509E+00
   1.9385101E+00   1.1431902E-03   1.6739064E+00  -2.6522844E+00   3.1363318E+00
   1.9608516E+00   1.2090792E-03   1.5576816E+00  -2.6656702E+00   3.0874214E+00
   1.9834855E+00   2.3943267E-03   1.4594522E+00  -2.6784983E+00   3.0503049E+00
   2.0065041E+00   2.3286364E-03   1.3184766E+00  -2.6896338E+00   2.9954159E+00
   2.0288231E+00   1.8204927E-03   1.1924073E+00  -2.6964014E+00   2.9482908E+00
   2.0525668E+00   2.0519411E-03   1.0299826E+00  -2.7054033E+00   2.8948362E+00
   2.0741394E+00   2.2218274E-03   8.8112497E-01  -2.7111304E+00   2.8507216E+00
   2.0969734E+00   2.1891673E-03   7.0747632E-01  -2.7161839E+00   2.8068101E+00
   2.1205292E+00   2.0686125E-03   5.4978532E-01  -2.7200465E+00   2.7750535E+00
   2.1430705E+00   2.5103078E-03   3.8533464E-01  -2.7229536E+00   2.7500846E+00
   2.1652927E+00   2.8468759E-03   2.1323411E-01  -2.7251339E+00   2.7334652E+00
   2.1890888E+00   2.4490848E-03   5.9375998E-02  -2.7265599E+00   2.7272074E+00
   2.2111368E+00   3.7130734E-03  -6.8823919E-02  -2.7262492E+00   2.7271202E+00
   2.2342234E+00   1.7621000E-03  -2.2368796E-01  -2.7230749E+00   2.7322476E+00
   2.2562311E+00   9.6319424E-04  -4.0723082E-01  -2.7161043E+00   2.7464633E+00
   2.2805729E+00   3.3179505E-03  -5.5004555E-01  -2.7125683E+00   2.7677767E+00
   2.3033333E+00   9.8237919E-04  -6.8345439E-01  -2.7062063E+00   2.7911761E+00
   2.3259706E+00   5.1545870E-04  -7.9303610E-01  -2.6979198E+00   2.8120594E+00
   2.3480051E+00   3.0982849E-04  -9.1937006E-01  -2.6852057E+00   2.8382337E+00
   2.3717849E+00   2.2742662E-03  -1.0233059E+00  -2.6744058E+00   2.8634956E+00
   2.3940866E+00  -4.2920379E-04  -1.1117736E+00  -2.6572680E+00   2.8804712E+00
   2.4163268E+00  -3.0541450E-03  -1.1828685E+00  -2.6452563E+00   2.8976831E+00
   2.4399443E+00   1.2690115E-03  -1.2570698E+00  -2.6248741E+00   2.9103591E+00
   2.4617374E+00   2.9255528E-04  -1.3122450E+00  -2.6048920E+00   2.9167531E+00
   2.4857912E+00   3.4532794E-03  -1.3469685E+00  -2.5812287E+00   2.9115422E+00
   2.5074542E+00   1.1740442E-03  -1.3675028E+00  -2.5585780E+00   2.9011009E+00
   2.5305331E+00   1.1651547E-03  -1.3932617E+00  -2.5307119E+00   2.8888893E+00
   2.5536103E+00  -1.0922692E-03  -1.4020460E+00  -2.5065982E+00   2.8720670E+00
   2.5770657E+00  -1.5194227E-03  -1.3917767E+00  -2.4721529E+00   2.8370028E+00
   2.5991545E+00   6.2397349E-04  -1.3901279E+00  -2.4523175E+00   2.8189213E+00
   2.6214118E+00  -5.7214283E-04  -1.3854290E+00  -2.4273014E+00   2.7948537E+00
   2.6445665E+00   3.0426227E-04  -1.3707684E+00  -2.3943155E+00   2.7589405E+00
   2.6668251E+00   2.4848266E-03  -1.2822818E+00  -2.3626356E+00   2.6881778E+00
   2.6911211E+00   2.6380194E-03  -1.3191099E+00  -2.3391802E+00   2.6854835E+00
   2.7142096E+00  -1.3598265E-03  -1.2674010E+00  -2.3208835E+00   2.6443918E+00
   2.7360749E+00   1.9781385E-03  -1.2373064E+00  -2.2946787E+00   2.6070063E+00
   2.7580638E+00   9.6054480E-04  -1.1774322E+00  -2.2753215E+00   2.5619204E+00
   2.7825518E+00   2.5888674E-03  -1.1327598E+00  -2.2537115E+00   2.5223734E+00
   2.8043187E+00   6.4356037E-04  -1.0892811E+00  -2.2327259E+00   2.4842703E+00
   2.8265166E+00   2.7410300E-03  -1.0347365E+00  -2.2177474E+00   2.4472620E+00
   2.8502564E+00   5.1635242E-04  -9.7368211E-01  -2.2015622E+00   2.4072666E+00
   2.8731415E+00  -1.2521005E-03  -9.1061640E-01  -2.1858757E+00   2.3679688E+00
   2.8960078E+00  -1.1607857E-02  -8.7602264E-01  -2.1760428E+00   2.3457861E+00
   2.9180284E+00  -1.8492712E-04  -7.7652025E-01  -2.1640892E+00   2.2991879E+00
   2.9405355E+00   7.4081012E-04  -7.4551326E-01  -2.1566899E+00   2.2819073E+00
   2.9633160E+00   1.1754382E-03  -6.7705649E-01  -2.1483340E+00   2.2524977E+00
   2.9863091E+00   1.4904250E-03  -6.1123735E-01  -2.1371026E+00   2.2227957E+00
   3.0099580E+00  -9.8575943E-04  -5.3358817E-01  -2.1260183E+00   2.1919558E+00
   3.0320849E+00  -1.5997950E-03  -4.7895855E-01  -2.1193030E+00   2.1727514E+00
   3.0550718E+00   3.0270698E-03  -4.3308368E-01  -2.1137226E+00   2.1576362E+00
   3.0787323E+00   1.2638232E-03  -3.2393742E-01  -2.0976470E+00   2.1225126E+00
   3.1007035E+00  -3.6902351E-03  -3.0841920E-01  -2.0971098E+00   2.1196711E+00
   3.1241188E+00   2.8911707E-04  -2.6195812E-01  -2.0908899E+00   2.1072359E+00
   3.1468670E+00   1.0041632E-03  -1.8711586E-01  -2.0836651E+00   2.0920501E+00
   3.1694155E+00   9.8599950E-05  -1.1392309E-01  -2.0798016E+00   2.0829194E+00
   3.1924603E+00  -1.5708065E-04  -5.0767571E-02  -2.0747569E+00   2.0753779E+00
   3.2149291E+00  -1.2042299E-04  -1.2788573E-02  -2.0714443E+00   2.0714836E+00
   3.2376060E+00   2.2457226E-04   6.9891155E-02  -2.0688672E+00   2.0700474E+00
   3.2610269E+00   7.2802108E-04   1.0301416E-01  -2.0689275E+00   2.0714908E+00
   3.2827079E+00   1.3710595E-04   1.8620707E-01  -2.0650098E+00   2.0733883E+00
   3.3067439E+00  -1.4246581E-03   2.5922841E-01  -2.0661898E+00   2.0823884E+00
   3.3277545E+00  -4.4176873E-04   3.3768252E-01  -2.0665600E+00   2.0939674E+00
   3.3499088E+00  -7.0165534E-04   3.9686900E-01  -2.0689528E+00   2.1066730E+00
   3.3745544E+00  -2.4706670E-04   4.7952351E-01  -2.0717254E+00   2.1264970E+00
   3.3958318E+00   3.4632074E-04   5.4495448E-01  -2.0747166E+00   2.1450932E+00
   3.4217997E+00   4.5428875E-05   6.2994736E-01  -2.0798826E+00   2.1731880E+00
   3.4421356E+00   7.7729514E-05   6.9026017E-01  -2.0842798E+00   2.1956050E+00
   3.4662313E+00  -1.2194045E-03   8.5897225E-01  -2.0949357E+00   2.2641976E+00
   3.4886520E+00   2.8446614E-04   8.8368440E-01  -2.0973141E+00   2.2758787E+00
   3.5112188E+00  -6.5265887E-04   9.3868488E-01  -2.1031609E+00   2.3031318E+00
   3.5348151E+00  -6.4288155E-04   1.0244014E+00  -2.1118445E+00   2.3471868E+00
   3.5562706E+00   1.0772779E-04   1.0668797E+00  -2.1157668E+00   2.3695362E+00
   3.5805688E+00  -7.4750819E-04   1.1620815E+00  -2.1295090E+00   2.4259517E+00
   3.6017888E+00  -5.0849427E-04   1.2393415E+00  -2.1307726E+00   2.4649866E+00
   3.6261382E+00  -1.7833809E-03   1.3191686E+00  -2.1340683E+00   2.5088754E+00
   3.6476092E+00  -2.7987738E-03   1.3886101E+00  -2.1355898E+00   2.5473497E+00
   3.6716697E+00  -4.9112132E-03   1.4714068E+00  -2.1378005E+00   2.5952365E+00
   3.6942339E+00  -1.2421893E-04   1.5286989E+00  -2.1380258E+00   2.6283216E+00
   3.7160695E+00  -1.7612104E-03   1.6034820E+00  -2.1496570E+00   2.6818244E+00
   3.7390115E+00  -4.9024131E-03   1.6811278E+00  -2.1588001E+00   2.7361712E+00
   3.7614181E+00  -1.4201069E-03   1.7363626E+00  -2.1718109E+00   2.7805970E+00
   3.7849483E+00  -4.4819978E-03   1.8011878E+00  -2.1782057E+00   2.8264601E+00
   3.8085117E+00  -2.6980322E-03   1.8919293E+00  -2.2004993E+00   2.9019995E+00
   3.8317580E+00  -2.4582553E-03   1.9231656E+00  -2.2067335E+00   2.9271564E+00
   3.8545499E+00  -1.0210853E-03   1.9705069E+00  -2.2228651E+00   2.9705265E+00
   3.8756819E+00  -1.3568961E-03   2.0078490E+00  -2.2375307E+00   3.0063272E+00
   3.8987319E+00  -2.0869391E-03   2.0612023E+00  -2.2553999E+00   3.0553868E+00
   3.9228060E+00  -2.7893856E-03   2.1044893E+00  -2.2762046E+00   3.0999985E+00
   3.9435410E+00  -1.8846756E-03   2.1190383E+00  -2.2975748E+00   3.1255684E+00
   3.9664907E+00  -5.6623365E-03   2.1500988E+00  -2.3163507E+00   3.1604490E+00
   3.9891043E+00  -1.8356290E-03   2.1453493E+00  -2.3395925E+00   3.1743062E+00
   4.0129466E+00  -2.8542371E-03   2.1501832E+00  -2.3628142E+00   3.1947124E+00
   4.0344825E+00  -5.8543547E-03   2.1213551E+00  -2.3832138E+00   3.1905940E+00
   4.0573049E+00  -5.5705747E-03   2.1078541E+00  -2.4041269E+00   3.1973279E+00
   4.0819731E+00  -5.1430180E-03   1.9837247E+00  -2.4346213E+00   3.1404731E+00
   4.1046090E+00  -4.3166657E-03   2.0079808E+00  -2.4487271E+00   3.1667445E+00
   4.1268578E+00  -5.5951052E-03   1.9821064E+00  -2.4633131E+00   3.1617539E+00
   4.1492400E+00  -5.1388307E-03   1.8558071E+00  -2.4844787E+00   3.1010773E+00
   4.1719012E+00  -4.4738548E-03   1.8124017E+00  -2.5017498E+00   3.0892673E+00
   4.1945171E+00  -7.4404734E-03   1.6859376E+00  -2.5182188E+00   3.0304897E+00
   4.2188396E+00  -8.5745985E-03   1.5513344E+00  -2.5350630E+00   2.9720795E+00
   4.2407241E+00  -8.7581724E-03   1.4776547E+00  -2.5472252E+00   2.9448085E+00
   4.2646022E+00  -7.4018384E-03   1.3352131E+00  -2.5610569E+00   2.8882279E+00
   4.2856321E+00  -7.7127926E-03   1.2151583E+00  -2.5726798E+00   2.8452330E+00
   4.3091712E+00  -8.7291151E-03   1.0090801E+00  -2.5829470E+00   2.7730730E+00
   4.3317533E+00  -7.7589643E-03   8.8831174E-01  -2.5952446E+00   2.7430737E+00
   4.3543992E+00  -4.6585556E-03   7.2532320E-01  -2.5978098E+00   2.6971710E+00
   4.3772855E+00  -7.7455589E-03   5.5554134E-01  -2.6070001E+00   2.6655462E+00
   4.3997312E+00  -8.1051784E-03   3.5272333E-01  -2.6125765E+00   2.6362920E+00
   4.4228487E+00  -7.4556437E-03   1.8656209E-01  -2.6151609E+00   2.6218176E+00
   4.4456611E+00  -8.7368367E-03  -1.1515363E-02  -2.6180022E+00   2.6180420E+00
   4.4682140E+00  -8.7253330E-03  -2.0320213E-01  -2.6168771E+00   2.6247690E+00
   4.4914694E+00  -9.0262461E-03  -3.8098937E-01  -2.6142242E+00   2.6418560E+00
   4.5135899E+00  -9.9625550E-03  -5.6990528E-01  -2.6098659E+00   2.6713839E+00
   4.5359874E+00  -9.0050139E-03  -6.9861054E-01  -2.6044500E+00   2.6965344E+00
   4.5597515E+00  -8.1552248E-03  -8.9486730E-01  -2.5941472E+00   2.7441671E+00
   4.5831962E+00  -9.7151753E-03  -1.0559635E+00  -2.5848181E+00   2.7922103E+00
   4.6058364E+00  -8.4407767E-03  -1.1221594E+00  -2.5739551E+00   2.8079455E+00
   4.6281199E+00  -1.0996961E-02  -1.4087509E+00  -2.5519333E+00   2.9149723E+00
   4.6516328E+00  -1.0588999E-02  -1.4351203E+00  -2.5436997E+00   2.9206319E+00
   4.6728206E+00  -9.3507990E-03  -1.5014142E+00  -2.5292459E+00   2.9413292E+00
   4.6981783E+00  -8.4989760E-03  -1.6476719E+00  -2.5044057E+00   2.9978230E+00
   4.7202401E+00  -9.5607927E-03  -1.6948235E+00  -2.4864435E+00   3.0091393E+00
   4.7422309E+00  -9.1900146E-03  -1.7728339E+00  -2.4640229E+00   3.0355284E+00
   4.7661200E+00  -8.9345332E-03  -1.8183610E+00  -2.4431510E+00   3.0455711E+00
   4.7890949E+00  -4.4823429E-03  -1.8661652E+00  -2.4171579E+00   3.0537264E+00
   4.8093791E+00  -7.3280628E-03  -1.8865885E+00  -2.4001904E+00   3.0528975E+00
   4.8328438E+00  -7.1895001E-03  -1.9073036E+00  -2.3752441E+00   3.0462508E+00
   4.8557796E+00  -6.3419165E-03  -1.9145817E+00  -2.3518369E+00   3.0326228E+00
   4.8776646E+00  -6.4198147E-03  -1.9182926E+00  -2.3326211E+00   3.0201008E+00
   4.9029341E+00  -5.6178793E-03  -1.9108129E+00  -2.3092525E+00   2.9973130E+00
   4.9261837E+00  -3.7470926E-03  -1.8976923E+00  -2.2890854E+00   2.9734092E+00
   4.9483500E+00  -3.7310640E-03  -1.8585105E+00  -2.2687659E+00   2.9328098E+00
   4.9699726E+00  -2.7479264E-03  -1.8316568E+00  -2.2501783E+00   2.9014268E+00
   4.9927206E+00  -1.7126935E-03  -1.7793124E+00  -2.2292237E+00   2.8522611E+00
   5.0162096E+00   6.5352517E-04  -1.7428969E+00  -2.2166722E+00   2.8198094E+00
   5.0381627E+00   2.6044466E-03  -1.6843871E+00  -2.2021585E+00   2.7724841E+00
   5.0625038E+00   3.1313582E-03  -1.6114788E+00  -2.1846921E+00   2.7147291E+00
   5.0848408E+00   3.0307786E-03  -1.5820576E+00  -2.1756916E+00   2.6900835E+00
   5.1065001E+00   3.4728167E-03  -1.5071472E+00  -2.1657794E+00   2.6385801E+00
   5.1309891E+00   4.0012049E-03  -1.3205978E+00  -2.1499355E+00   2.5231364E+00
   5.1520677E+00   3.3462881E-03  -1.2052647E+00  -2.1415162E+00   2.4573901E+00
   5.1765094E+00   3.8121531E-03  -1.2236278E+00  -2.1434579E+00   2.4681351E+00
   5.1990304E+00   3.4844463E-03  -1.0922079E+00  -2.1321352E+00   2.3956065E+00
   5.2212439E+00   3.4547050E-03  -1.0381992E+00  -2.1320686E+00   2.3714101E+00
   5.2443419E+00   7.9689156E-03  -9.5978212E-01  -2.1233547E+00   2.3302102E+00
   5.2666526E+00   5.9843250E-03  -8.9949781E-01  -2.1117177E+00   2.2953176E+00
   5.2894316E+00   2.3129738E-03  -7.8847194E-01  -2.1082389E+00   2.2508585E+00
   5.3121181E+00   4.4741975E-03  -6.9275790E-01  -2.1007075E+00   2.2119913E+00
   5.3346438E+00   5.2399607E-03  -5.9460145E-01  -2.0934906E+00   2.1762998E+00
   5.3581948E+00   6.0720835E-03  -5.1174092E-01  -2.0877898E+00   2.1496003E+00
   5.3811154E+00   6.8415301E-03  -4.0724316E-01  -2.0802479E+00   2.1197464E+00
   5.4038901E+00   7.2803996E-03  -3.2181963E-01  -2.0757313E+00   2.1005430E+00
   5.4267540E+00   6.4201350E-03  -2.4137114E-01  -2.0714593E+00   2.0854843E+00
   5.4495378E+00   9.9085337E-03  -4.5459577E-01  -2.0693023E+00   2.1186712E+00
   5.4727550E+00   7.1103601E-03  -6.2819600E-02  -2.0607698E+00   2.0617394E+00
   5.4951401E+00   5.8588982E-03   5.4417816E-03  -2.0558190E+00   2.0558348E+00
   5.5174036E+00   5.5092243E-03   3.7775364E-02  -2.0539744E+00   2.0543292E+00
   5.5408664E+00   5.9139724E-03   1.3597648E-01  -2.0497360E+00   2.0542498E+00
   5.5621834E+00   5.6125442E-03   2.3451446E-01  -2.0477853E+00   2.0611775E+00
   5.5856156E+00   5.0094752E-03   3.6313391E-01  -2.0460482E+00   2.0780289E+00
   5.6099038E+00   4.3864171E-03   4.4605076E-01  -2.0445154E+00   2.0926116E+00
   5.6328521E+00   4.1695158E-03   4.5495409E-01  -2.0457184E+00   2.0957015E+00
   5.6537867E+00   4.2323251E-03   5.5894500E-01  -2.0464253E+00   2.1213896E+00
   5.6786852E+00   4.1110073E-03   6.1400503E-01  -2.0478098E+00   2.1378832E+00
   5.7004952E+00   3.9375769E-03   6.8399853E-01  -2.0500717E+00   2.1611719E+00
   5.7227945E+00   3.9454740E-03   7.4912298E-01  -2.0533090E+00   2.1856987E+00
   5.7456632E+00   2.7537951E-03   8.3627254E-01  -2.0581639E+00   2.2215755E+00
   5.7676153E+00   2.0225840E-03   8.8850528E-01  -2.0626271E+00   2.2458577E+00
   5.7910485E+00   1.5459339E-03   9.6671945E-01  -2.0683622E+00   2.2831275E+00
   5.8133631E+00   7.3156162E-04   9.9169326E-01  -2.0717111E+00   2.2968330E+00
   5.8352361E+00   1.3938779E-03   1.0839787E+00  -2.0793564E+00   2.3449383E+00
   5.8589816E+00   3.2661343E-04   1.1690378E+00  -2.0881994E+00   2.3931623E+00
   5.8814049E+00   4.3086172E-04   1.2200059E+00  -2.0942781E+00   2.4237192E+00
   5.9065928E+00  -6.8422931E-04   1.2815920E+00  -2.1009727E+00   2.4610088E+00
   5.9271359E+00  -3.3601604E-03   1.3788744E+00  -2.1119213E+00   2.5222049E+00
   5.9518318E+00  -1.2556068E-03   1.4150206E+00  -2.1133637E+00   2.5433426E+00
   5.9721622E+00  -8.4379368E-04   1.4610825E+00  -2.1167002E+00   2.5719998E+00
   5.9956150E+00  -2.3750195E-03   1.5166488E+00  -2.1206269E+00   2.6071610E+00
   6.0180888E+00  -1.6242574E-03   1.5773209E+00  -2.1268644E+00   2.6479230E+00
   6.0406837E+00  -4.2618476E-03   1.6452339E+00  -2.1319718E+00   2.6929755E+00
   6.0643516E+00  -6.0720444E-03   1.7062731E+00  -2.1408713E+00   2.7376513E+00
   6.0866528E+00  -4.5977221E-03   1.7316542E+00  -2.1387117E+00   2.7518601E+00
   6.1097388E+00  -5.9673907E-03   1.7844764E+00  -2.1499650E+00   2.7940545E+00
   6.1332302E+00  -6.5088482E-03   1.8143305E+00  -2.1619227E+00   2.8223655E+00
   6.1567860E+00  -7.3444936E-03   1.8442830E+00  -2.1817830E+00   2.8568532E+00
   6.1800928E+00  -6.9670933E-03   1.8808657E+00  -2.1901243E+00   2.8869271E+00
   6.2003164E+00  -7.3945420E-03   1.8921932E+00  -2.2097809E+00   2.9092236E+00
   6.2232847E+00  -6.2371045E-03   1.9109836E+00  -2.2207201E+00   2.9297602E+00
   6.2459545E+00  -8.0219470E-03   1.9250321E+00  -2.2369962E+00   2.9512649E+00
   6.2702684E+00  -8.0404617E-03   1.9120940E+00  -2.2578716E+00   2.9587417E+00
   6.2935534E+00  -8.3345184E-03   1.8984349E+00  -2.2787199E+00   2.9659212E+00
   6.3161206E+00  -9.3645444E-03   1.8869241E+00  -2.2969422E+00   2.9726276E+00
   6.3381691E+00  -1.0090301E-02   1.8162202E+00  -2.3198657E+00   2.9462748E+00
   6.3622565E+00  -1.0518113E-02   1.7865846E+00  -2.3394940E+00   2.9436758E+00
   6.3836884E+00  -2.2306459E-02   1.6752198E+00  -2.3621871E+00   2.8959951E+00
   6.4073567E+00  -1.0737372E-02   1.6329637E+00  -2.3766377E+00   2.8835902E+00
   6.4285655E+00  -1.1739923E-02   1.5378821E+00  -2.3957713E+00   2.8469174E+00
   6.4521604E+00  -1.5724542E-02   1.3905472E+00  -2.4138334E+00   2.7857602E+00
   6.4758577E+00  -1.3469021E-02   1.3239536E+00  -2.4309397E+00   2.7681224E+00
   6.4973230E+00  -1.4032595E-02   1.2208207E+00  -2.4444771E+00   2.7324107E+00
   6.5214143E+00  -1.4971991E-02   1.0372730E+00  -2.4603944E+00   2.6701498E+00
   6.5433707E+00  -1.5506851E-02   9.3304920E-01  -2.4714327E+00   2.6417420E+00
   6.5654378E+00  -1.5454906E-02   7.8399402E-01  -2.4821508E+00   2.6030669E+00
   6.5901275E+00  -1.6023256E-02   6.6132045E-01  -2.4921186E+00   2.5784214E+00
   6.6126795E+00  -1.5865568E-02   5.0585485E-01  -2.5002372E+00   2.5509462E+00
   6.6352067E+00  -1.6266650E-02   3.1149212E-01  -2.5072131E+00   2.5265410E+00
   6.6576524E+00  -1.5796015E-02   1.5592334E-01  -2.5120039E+00   2.5168881E+00
   6.6801238E+00  -1.6186329E-02  -7.1220189E-02  -2.5127170E+00   2.5137782E+00
   6.7032437E+00  -1.7748309E-02  -1.9853827E-01  -2.5148926E+00   2.5227797E+00
   6.7260876E+00  -1.5398057E-02  -3.2141840E-01  -2.5147867E+00   2.5352907E+00
   6.7492857E+00  -1.3639098E-02  -4.6004510E-01  -2.5128469E+00   2.5546482E+00
   6.7726560E+00  -1.4792812E-02  -7.7498591E-01  -2.5043674E+00   2.6215794E+00
   6.7942705E+00  -1.4041003E-02  -7.8661329E-01  -2.5015347E+00   2.6223335E+00
   6.8163242E+00  -1.4333093E-02  -9.4607246E-01  -2.4923980E+00   2.6659532E+00
   6.8395882E+00  -1.2858302E-02  -1.0069281E+00  -2.4828365E+00   2.6792810E+00
   6.8637500E+00  -1.2859580E-02  -1.2869531E+00  -2.4663010E+00   2.7819154E+00
   6.8864584E+00  -1.1692227E-02  -1.3545223E+00  -2.4536247E+00   2.8027027E+00
   6.9092441E+00  -1.2371087E-02  -1.5008388E+00  -2.4322176E+00   2.8580329E+00
   6.9305067E+00  -1.8541008E-02  -1.5029553E+00  -2.4220624E+00   2.8505447E+00
   6.9548392E+00  -9.1596087E-03  -1.6654423E+00  -2.3961565E+00   2.9181068E+00
   6.9754105E+00  -8.5244589E-03  -1.7344686E+00  -2.3782711E+00   2.9435740E+00
   6.9999490E+00  -6.2935888E-03  -1.8137058E+00  -2.3562346E+00   2.9734509E+00
   7.0225692E+00  -6.7295502E-03  -1.8686266E+00  -2.3329954E+00   2.9890931E+00
   7.0456009E+00  -5.0933515E-03  -1.9239848E+00  -2.3124228E+00   3.0081627E+00
   7.0670614E+00  -3.4625956E-03  -1.9672065E+00  -2.2939515E+00   3.0219409E+00
   7.0914073E+00  -2.5506418E-03  -1.9988728E+00  -2.2719891E+00   3.0261252E+00
   7.1145473E+00  -2.6626780E-03  -2.0318966E+00  -2.2489324E+00   3.0308921E+00
   7.1368432E+00  -3.2716601E-03  -2.0520155E+00  -2.2261777E+00   3.0276470E+00
   7.1603456E+00  -2.9682964E-03  -2.0686989E+00  -2.2104874E+00   3.0275037E+00
   7.1816115E+00  -2.3663194E-04  -2.0779917E+00  -2.1923463E+00   3.0206676E+00
   7.2047834E+00   4.4082827E-04  -2.0710390E+00  -2.1768262E+00   3.0046256E+00
   7.2280073E+00   1.5788479E-03  -2.0586088E+00  -2.1599014E+00   2.9837973E+00
   7.2504110E+00   1.9698991E-03  -2.0584824E+00  -2.1501687E+00   2.9766724E+00
   7.2731910E+00   5.2811485E-03  -2.0398183E+00  -2.1411819E+00   2.9572871E+00
   7.2955151E+00   5.4907021E-03  -2.0227909E+00  -2.1266930E+00   2.9350531E+00
   7.3184733E+00   7.7702212E-03  -1.9759988E+00  -2.1103334E+00   2.8910446E+00
   7.3414001E+00   8.1198579E-03  -1.9470098E+00  -2.0975876E+00   2.8619552E+00
   7.3639297E+00   7.9971245E-03  -1.9089220E+00  -2.0826192E+00   2.8251283E+00
   7.3876839E+00   4.0363753E-03  -1.8629432E+00  -2.0687399E+00   2.7839286E+00
   7.4095716E+00   5.8263126E-03  -1.8231659E+00  -2.0539069E+00   2.7463615E+00
   7.4328475E+00   1.1711352E-02  -1.7740349E+00  -2.0404432E+00   2.7038391E+00
   7.4557557E+00   6.0340990E-03  -1.7001990E+00  -2.0249507E+00   2.6440761E+00
   7.4779954E+00   8.4032072E-03  -1.6370095E+00  -2.0116892E+00   2.5936005E+00
   7.5012150E+00   8.2581248E-03  -1.5868479E+00  -1.9984103E+00   2.5518227E+00
   7.5239363E+00   6.7556622E-03  -1.5115771E+00  -1.9840815E+00   2.4942915E+00
   7.5472407E+00   8.5834889E-03  -1.4391893E+00  -1.9718713E+00   2.4412324E+00
   7.5689449E+00   9.6698264E-03  -1.3653647E+00  -1.9593422E+00   2.3881660E+00
   7.5930600E+00   9.2253350E-03  -1.2895600E+00  -1.9471043E+00   2.3354368E+00
   7.6148744E+00   1.1226704E-02  -1.1890346E+00  -1.9323661E+00   2.2689135E+00
   7.6373491E+00   1.0457767E-02  -1.1378465E+00  -1.9258876E+00   2.2369280E+00
   7.6600380E+00   1.0727727E-02  -1.0417606E+00  -1.9131627E+00   2.1784334E+00
   7.6839795E+00   1.1073797E-02  -1.0049644E+00  -1.9064480E+00   2.1551380E+00
   7.7060227E+00   1.2970352E-02  -8.8695616E-01  -1.8949670E+00   2.0923095E+00
   7.7289505E+00   1.1895889E-02  -8.0584234E-01  -1.8854269E+00   2.0504529E+00
   7.7517366E+00   1.2047803E-02  -7.0899200E-01  -1.8756312E+00   2.0051951E+00
   7.7738099E+00   1.1295479E-02  -6.1257887E-01  -1.8693615E+00   1.9672045E+00
   7.7985067E+00   1.1295003E-02  -4.6726400E-01  -1.8575804E+00   1.9154812E+00
   7.8216386E+00   1.0891900E-02  -4.3637237E-01  -1.8539280E+00   1.9046229E+00
   7.8422618E+00   1.0174141E-02  -3.5999471E-01  -1.8479795E+00   1.8827449E+00
   7.8656254E+00   1.0707739E-02  -2.7249235E-01  -1.8419787E+00   1.8620559E+00
   7.8894730E+00   1.0502206E-02  -1.6061723E-01  -1.8375670E+00   1.8446032E+00
   7.9118247E+00   1.0504718E-02  -6.2863410E-02  -1.8322861E+00   1.8333943E+00
   7.9345617E+00   1.0240619E-02   2.8835202E-02  -1.8283948E+00   1.8286508E+00
   7.9581952E+00   1.0613523E-02   1.5585840E-01  -1.8259871E+00   1.8326575E+00
   7.9797010E+00   9.6225040E-03   2.1884778E-01  -1.8246175E+00   1.8377203E+00
   8.0020018E+00   9.8107392E-03   2.9730242E-01  -1.8237233E+00   1.8478235E+00
   8.0260744E+00   9.4834324E-03   3.9665592E-01  -1.8247730E+00   1.8674105E+00
   8.0481405E+00   8.0523184E-03   4.9987128E-01  -1.8261392E+00   1.8933358E+00
   8.0708237E+00   7.4891658E-03   5.9638512E-01  -1.8284662E+00   1.9232836E+00
   8.0944643E+00   6.0036434E-03   6.8528068E-01  -1.8325875E+00   1.9565333E+00
   8.1165075E+00   4.2443746E-03   7.8753179E-01  -1.8390906E+00   2.0006196E+00
   8.1411762E+00   4.8816130E-03   8.8009620E-01  -1.8446099E+00   2.0438147E+00
   8.1623602E+00   5.6005013E-03   9.3197781E-01  -1.8505247E+00   2.0719690E+00
   8.1851645E+00   5.5199875E-03   1.0912794E+00  -1.8636951E+00   2.1596947E+00
   8.2077894E+00   6.1777639E-03   1.1667072E+00  -1.8709828E+00   2.2049537E+00
   8.2310238E+00   6.4183427E-03   1.2595237E+00  -1.8829637E+00   2.2653904E+00
   8.2548141E+00   7.3248143E-03   1.3405501E+00  -1.8946640E+00   2.3209653E+00
   8.2769556E+00   5.4512057E-03   1.4350046E+00  -1.9088112E+00   2.3880596E+00
   8.2982826E+00   5.2094320E-03   1.5229427E+00  -1.9225091E+00   2.4526358E+00
   8.3215303E+00   4.3174108E-03   1.6169311E+00  -1.9384527E+00   2.5242987E+00
   8.3462105E+00   2.4977264E-03   1.6932256E+00  -1.9539373E+00   2.5855155E+00
   8.3678703E+00   1.9383542E-03   1.8242633E+00  -1.9766443E+00   2.6898072E+00
   8.3904305E+00   2.0042169E-03   1.8867730E+00  -1.9903759E+00   2.7425375E+00
   8.4129219E+00  -5.0921645E-04   1.9546511E+00  -2.0042808E+00   2.7996075E+00
   8.4356451E+00  -3.2076696E-03   2.0183368E+00  -2.0186148E+00   2.8545578E+00
   8.4585199E+00  -1.0975301E-03   2.0817671E+00  -2.0357628E+00   2.9117153E+00
   8.4805431E+00  -1.8972524E-03   2.1394684E+00  -2.0492258E+00   2.9625421E+00
   8.5043316E+00  -2.0409347E-03   2.2115242E+00  -2.0629499E+00   3.0243356E+00
   8.5260382E+00   8.5827109E-04   2.2400844E+00  -2.0666213E+00   3.0477700E+00
   8.5508871E+00   8.4878161E-04   2.2799296E+00  -2.0749717E+00   3.0827889E+00
   8.5734549E+00  -3.5185502E-03   2.3172240E+00  -2.0768504E+00   3.1117275E+00
   8.5954075E+00  -2.7810824E-03   2.3398352E+00  -2.0895669E+00   3.1370568E+00
   8.6189585E+00  -4.9708541E-03   2.3407400E+00  -2.1068075E+00   3.1492422E+00
   8.6411667E+00  -4.9619586E-03   2.3491929E+00  -2.1290073E+00   3.1703949E+00
   8.6636496E+00  -7.2465274E-03   2.3491292E+00  -2.1516778E+00   3.1856205E+00
   8.6872053E+00  -9.0694539E-03   2.2932553E+00  -2.1770935E+00   3.1620941E+00
   8.7097807E+00  -9.7403461E-03   2.2439237E+00  -2.2022305E+00   3.1440589E+00
   8.7329302E+00  -1.0207995E-02   2.1738131E+00  -2.2260299E+00   3.1113946E+00
   8.7555943E+00  -7.3493826E-03   2.0991697E+00  -2.2442956E+00   3.0730166E+00
   8.7777424E+00  -8.4019350E-03   1.9934276E+00  -2.2690609E+00   3.0203412E+00
   8.8001833E+00  -8.0535617E-03   1.8931596E+00  -2.2881930E+00   2.9698391E+00
   8.8230524E+00  -1.0451077E-02   1.7461002E+00  -2.3124466E+00   2.8976514E+00
   8.8458395E+00  -9.7180586E-03   1.6149681E+00  -2.3321319E+00   2.8367333E+00
   8.8685207E+00  -1.0048879E-02   1.4503106E+00  -2.3561404E+00   2.7667489E+00
   8.8911991E+00  -9.9114310E-03   1.2767189E+00  -2.3723257E+00   2.6940746E+00
   8.9140615E+00  -9.3716588E-03   1.0945973E+00  -2.3915706E+00   2.6301787E+00
   8.9371748E+00  -8.8825123E-03   8.9039677E-01  -2.4065831E+00   2.5660334E+00
   8.9601440E+00  -8.9333542E-03   7.2826612E-01  -2.4197011E+00   2.5269358E+00
   8.9829998E+00  -9.3943598E-03   4.2240506E-01  -2.4327152E+00   2.4691329E+00
   9.0058575E+00  -9.3389843E-03   3.0547217E-01  -2.4395449E+00   2.4586134E+00
   9.0288248E+00  -8.4708771E-03   9.0309672E-02  -2.4459388E+00   2.4476202E+00
   9.0520487E+00  -9.1040507E-03  -1.9559161E-01  -2.4485638E+00   2.4563801E+00
   9.0733271E+00  -7.2790370E-03  -4.9004316E-01  -2.4464145E+00   2.4950228E+00
   9.0975838E+00  -8.5827745E-03  -4.9187088E-01  -2.4460247E+00   2.4950044E+00
   9.1201725E+00  -8.4898062E-03  -7.3876822E-01  -2.4396667E+00   2.5490830E+00
   9.1437016E+00  -7.7772746E-03  -9.1914266E-01  -2.4304512E+00   2.5984566E+00
   9.1657515E+00  -6.8543199E-03  -1.0431092E+00  -2.4205143E+00   2.6357188E+00
   9.1890039E+00  -5.9561087E-03  -1.2083768E+00  -2.4055099E+00   2.6919672E+00
   9.2121058E+00  -6.9664204E-03  -1.4110026E+00  -2.3871996E+00   2.7730305E+00
   9.2338858E+00  -5.2372413E-03  -1.4775449E+00  -2.3741014E+00   2.7963412E+00
   9.2579107E+00  -5.1506986E-03  -1.6208755E+00  -2.3520908E+00   2.8565006E+00
   9.2804327E+00  -6.0803276E-03  -1.7561560E+00  -2.3275619E+00   2.9157615E+00
   9.3037796E+00  -4.9833828E-03  -1.7835851E+00  -2.3118694E+00   2.9199214E+00
   9.3241844E+00  -3.2984866E-03  -1.8425616E+00  -2.2921035E+00   2.9408813E+00
   9.3468437E+00  -4.7813044E-03  -1.8878841E+00  -2.2728190E+00   2.9546297E+00
   9.3719025E+00  -3.0624329E-03  -1.9503200E+00  -2.2456355E+00   2.9743297E+00
   9.3941126E+00  -2.6729093E-03  -1.9775722E+00  -2.2283962E+00   2.9793537E+00
   9.4164038E+00  -4.2483876E-03  -2.0049267E+00  -2.2076559E+00   2.9821961E+00
   9.4383259E+00  -2.2175761E-03  -2.0094991E+00  -2.1922259E+00   2.9738772E+00
   9.4622564E+00  -2.7497830E-03  -2.0125051E+00  -2.1742530E+00   2.9626949E+00
   9.4845572E+00  -1.2020653E-03  -2.0124421E+00  -2.1607692E+00   2.9527698E+00
   9.5072508E+00  -1.6710726E-03  -1.9885715E+00  -2.1483564E+00   2.9274313E+00
   9.5309124E+00  -6.1471545E-04  -1.9427831E+00  -2.1310027E+00   2.8836744E+00
   9.5528078E+00  -1.9267233E-03  -1.9325733E+00  -2.1197531E+00   2.8684833E+00
   9.5757017E+00   2.6593758E-03  -1.9025640E+00  -2.1057172E+00   2.8379221E+00
   9.5990715E+00   1.6365523E-04  -1.8477044E+00  -2.0897939E+00   2.7894893E+00
   9.6214819E+00   7.1537155E-03  -1.7962224E+00  -2.0741553E+00   2.7438271E+00
   9.6448088E+00   2.6056396E-03  -1.7420509E+00  -2.0576839E+00   2.6960733E+00
   9.6675901E+00   1.5021046E-03  -1.6609237E+00  -2.0395896E+00   2.6303222E+00
   9.6895952E+00   4.1873767E-03  -1.6280133E+00  -2.0271416E+00   2.5999515E+00
   9.7128935E+00   1.1100930E-03  -1.5754926E+00  -2.0089698E+00   2.5530643E+00
   9.7354040E+00   5.3636152E-03  -1.5144775E+00  -1.9942384E+00   2.5041280E+00
   9.7578392E+00  -6.3614699E-04  -1.4444469E+00  -1.9814733E+00   2.4520733E+00
   9.7816992E+00   3.5006821E-03  -1.3500278E+00  -1.9638711E+00   2.3831444E+00
   9.8036184E+00   4.3140873E-03  -1.3015546E+00  -1.9483254E+00   2.3430824E+00
   9.8273306E+00   4.9171606E-03  -1.2153348E+00  -1.9359953E+00   2.2858567E+00
   9.8490705E+00   3.4372658E-03  -1.1475387E+00  -1.9212815E+00   2.2378962E+00
   9.8718805E+00   4.6914038E-03  -1.0750788E+00  -1.9084502E+00   2.1904335E+00
   9.8949242E+00   5.6699216E-03  -9.7699976E-01  -1.8957801E+00   2.1327312E+00
   9.9185019E+00   5.9786690E-03  -9.1335392E-01  -1.8820741E+00   2.0919976E+00
   9.9407320E+00   6.6361842E-03  -8.2806718E-01  -1.8725400E+00   2.0474730E+00
   9.9639072E+00   6.8652080E-03  -7.4150616E-01  -1.8600003E+00   2.0023685E+00
   9.9860144E+00   6.5295598E-03  -6.6470188E-01  -1.8512603E+00   1.9669865E+00
   1.0009204E+01   5.8258800E-03  -5.8749121E-01  -1.8401791E+00   1.9316933E+00
   1.0032449E+01   6.3080825E-03  -4.2073131E-01  -1.8265821E+00   1.8744217E+00
   1.0054702E+01   6.3365358E-03  -4.3731385E-01  -1.8255781E+00   1.8772371E+00
   1.0078313E+01   5.4242220E-03  -3.3135706E-01  -1.8178849E+00   1.8478453E+00
   1.0100408E+01   5.0231172E-03  -2.5057632E-01  -1.8117796E+00   1.8290323E+00
   1.0123331E+01   5.6964220E-03  -1.7746593E-01  -1.8066301E+00   1.8153343E+00
   1.0147103E+01   5.2835513E-03  -4.8052277E-02  -1.8012762E+00   1.8019248E+00
   1.0168416E+01   5.3269183E-03  -9.9178264E-04  -1.7979326E+00   1.7979407E+00
   1.0192059E+01   4.9037579E-03   8.1741668E-02  -1.7951514E+00   1.7970182E+00
   1.0214531E+01   4.2274729E-03   1.6552280E-01  -1.7917180E+00   1.7993524E+00
   1.0238058E+01   4.8908824E-03   2.5333628E-01  -1.7889596E+00   1.8068148E+00
   1.0260094E+01   4.9329125E-03   3.2205585E-01  -1.7880803E+00   1.8168586E+00
   1.0282705E+01   4.9376958E-03   4.1148782E-01  -1.7882476E+00   1.8349867E+00
   1.0305795E+01   6.6163382E-03   4.8889941E-01  -1.7885348E+00   1.8541636E+00
   1.0328656E+01   3.5380684E-03   5.6252962E-01  -1.7913554E+00   1.8776065E+00
   1.0351288E+01   4.9328539E-03   6.3399899E-01  -1.7926806E+00   1.9014949E+00
   1.0374293E+01   5.6438437E-03   7.0504528E-01  -1.7945633E+00   1.9281023E+00
   1.0397057E+01   3.9263037E-03   7.7359885E-01  -1.7987558E+00   1.9580584E+00
   1.0418530E+01   3.1486899E-03   8.6031991E-01  -1.8032496E+00   1.9979663E+00
   1.0442520E+01   2.0823199E-03   9.4625717E-01  -1.8101645E+00   2.0425725E+00
   1.0464778E+01   2.2483014E-03   9.8938495E-01  -1.8150887E+00   2.0672288E+00
   1.0487407E+01   2.8761681E-03   1.0488758E+00  -1.8213369E+00   2.1017652E+00
   1.0509847E+01   1.6971054E-03   1.1312953E+00  -1.8303056E+00   2.1517088E+00
   1.0532087E+01   2.3914154E-03   1.1895424E+00  -1.8375236E+00   2.1889517E+00
   1.0554790E+01   1.7286110E-03   1.2647682E+00  -1.8480153E+00   2.2393754E+00
   1.0579337E+01   2.4778398E-03   1.3469863E+00  -1.8593485E+00   2.2959867E+00
   1.0602903E+01   1.0021749E-03   1.4382651E+00  -1.8749001E+00   2.3630188E+00
   1.0625621E+01   1.9709149E-03   1.5139960E+00  -1.8868803E+00   2.4191952E+00
   1.0647148E+01   1.3701163E-03   1.5774002E+00  -1.8974389E+00   2.4674821E+00
   1.0671109E+01   6.4024105E-05   1.6466780E+00  -1.9110644E+00   2.5226407E+00
   1.0691776E+01   1.0051180E-03   1.7013669E+00  -1.9232960E+00   2.5678236E+00
   1.0715354E+01   5.1277946E-04   1.8020692E+00  -1.9422977E+00   2.6495233E+00
   1.0737751E+01  -4.6438919E-04   1.8460267E+00  -1.9534756E+00   2.6877279E+00
   1.0760875E+01  -2.5404633E-03   1.9205852E+00  -1.9688463E+00   2.7504563E+00
   1.0785254E+01  -2.3555506E-03   1.9917730E+00  -1.9878653E+00   2.8140316E+00
   1.0807582E+01  -2.2976794E-03   2.0401959E+00  -2.0032446E+00   2.8592646E+00
   1.0831209E+01  -5.0399946E-03   2.0963070E+00  -2.0130651E+00   2.9063654E+00
   1.0852055E+01  -7.9600848E-03   2.1376944E+00  -2.0282447E+00   2.9467909E+00
   1.0874811E+01  -5.3926017E-03   2.1964478E+00  -2.0449686E+00   3.0010514E+00
   1.0897837E+01  -2.6680168E-03   2.2278125E+00  -2.0568676E+00   3.0321379E+00
   1.0920211E+01  -6.4424183E-03   2.2622101E+00  -2.0576108E+00   3.0580056E+00
   1.0943871E+01  -5.1222635E-03   2.2837999E+00  -2.0698025E+00   3.0821829E+00
   1.0966175E+01  -7.5244349E-03   2.2726102E+00  -2.0838044E+00   3.0833511E+00
   1.0989594E+01  -7.9920050E-03   2.2790730E+00  -2.1021397E+00   3.1005208E+00
   1.1012095E+01  -6.2609510E-03   2.2617259E+00  -2.1166177E+00   3.0976624E+00
   1.1034798E+01  -6.4155334E-03   2.2307496E+00  -2.1436667E+00   3.0937991E+00
   1.1057513E+01  -7.2008031E-03   2.1756291E+00  -2.1646252E+00   3.0690415E+00
   1.1080820E+01  -7.2936309E-03   2.1030686E+00  -2.1811812E+00   3.0299344E+00
   1.1103049E+01  -7.6501225E-03   2.0085702E+00  -2.2049932E+00   2.9826846E+00
   1.1126977E+01  -7.5409142E-03   1.8912570E+00  -2.2197978E+00   2.9162326E+00
   1.1149200E+01  -8.9698741E-03   1.7736244E+00  -2.2408106E+00   2.8578062E+00
   1.1170942E+01  -7.5997990E-03   1.6132001E+00  -2.2600904E+00   2.7767751E+00
   1.1195026E+01  -7.4867969E-03   1.4491796E+00  -2.2804141E+00   2.7019374E+00
   1.1216624E+01  -7.4155908E-03   1.2466161E+00  -2.2989013E+00   2.6151583E+00
   1.1240084E+01  -8.2665300E-03   1.1568345E+00  -2.3156004E+00   2.5885015E+00
   1.1263297E+01  -7.0627951E-03   8.8423049E-01  -2.3320494E+00   2.4940665E+00
   1.1286165E+01  -7.5917975E-03   6.8662047E-01  -2.3463063E+00   2.4447207E+00
   1.1308729E+01  -7.3630014E-03   4.5265770E-01  -2.3575654E+00   2.4006391E+00
   1.1331151E+01  -7.4258898E-03   2.7176070E-01  -2.3655128E+00   2.3810837E+00
   1.1353595E+01  -7.6584779E-03   4.5820557E-02  -2.3713782E+00   2.3718333E+00
   1.1376239E+01  -7.1169967E-03  -1.2843046E-01  -2.3737469E+00   2.3772295E+00
   1.1399276E+01  -7.8809708E-03  -4.1976753E-01  -2.3720188E+00   2.4088879E+00
   1.1422975E+01  -7.4940873E-03  -6.0714197E-01  -2.3672965E+00   2.4439251E+00
   1.1446548E+01  -7.0300261E-03  -8.1963003E-01  -2.3589733E+00   2.4973180E+00
   1.1468244E+01  -6.5609608E-03  -9.5884949E-01  -2.3493490E+00   2.5374939E+00
   1.1491339E+01  -4.6969876E-03  -1.1747097E+00  -2.3360782E+00   2.6148090E+00
   1.1513774E+01  -4.4630114E-03  -1.3149891E+00  -2.3222263E+00   2.6686983E+00
   1.1536818E+01  -5.2525867E-03  -1.4764251E+00  -2.3025110E+00   2.7352176E+00
   1.1559836E+01  -5.3454465E-03  -1.6303651E+00  -2.2824030E+00   2.8049033E+00
   1.1581614E+01  -4.3007066E-03  -1.7209272E+00  -2.2631447E+00   2.8431380E+00
   1.1605085E+01  -5.4913224E-03  -1.8256581E+00  -2.2414989E+00   2.8909123E+00
   1.1628040E+01  -5.5455072E-03  -1.9112786E+00  -2.2206862E+00   2.9299257E+00
   1.1651399E+01  -6.2194760E-03  -1.9760934E+00  -2.1995699E+00   2.9568720E+00
   1.1674248E+01  -3.2930824E-03  -2.0182424E+00  -2.1833301E+00   2.9732544E+00
   1.1696710E+01  -3.7056494E-03  -2.0517004E+00  -2.1631954E+00   2.9814262E+00
   1.1719222E+01   2.9810220E-03  -2.0855062E+00  -2.1486995E+00   2.9943705E+00
   1.1741476E+01  -2.7296604E-03  -2.0887837E+00  -2.1320210E+00   2.9847174E+00
   1.1765180E+01   2.4302951E-03  -2.0750859E+00  -2.1119294E+00   2.9607825E+00
   1.1787434E+01  -1.0356212E-03  -2.0619938E+00  -2.0934076E+00   2.9383967E+00
   1.1810145E+01  -3.9808536E-03  -2.0399213E+00  -2.0723188E+00   2.9078858E+00
   1.1833192E+01  -6.1782973E-04  -1.9972309E+00  -2.0510387E+00   2.8628118E+00
   1.1855417E+01  -7.8206818E-07  -1.9528928E+00  -2.0312443E+00   2.8177550E+00
   1.1879016E+01  -8.4457075E-04  -1.9134316E+00  -2.0099404E+00   2.7750823E+00
   1.1901139E+01   1.1050620E-04  -1.8543758E+00  -1.9873083E+00   2.7181067E+00
   1.1923598E+01   1.1216972E-03  -1.7929661E+00  -1.9671389E+00   2.6616468E+00
   1.1947555E+01   6.4616260E-04  -1.7351434E+00  -1.9447471E+00   2.6062932E+00
   1.1969239E+01   7.6996902E-04  -1.6693435E+00  -1.9253931E+00   2.5483027E+00
   1.1993508E+01   1.2900695E-03  -1.5691729E+00  -1.9020436E+00   2.4657807E+00
   1.2015615E+01   1.6355245E-04  -1.4883789E+00  -1.8843561E+00   2.4012642E+00
   1.2038859E+01   1.1136888E-03  -1.3837581E+00  -1.8638203E+00   2.3213387E+00
   1.2061670E+01   2.9133281E-03  -1.3457084E+00  -1.8495551E+00   2.2873113E+00
   1.2084626E+01   1.7219312E-03  -1.2264973E+00  -1.8331532E+00   2.2056177E+00
   1.2107347E+01   2.6536374E-03  -1.1167275E+00  -1.8120147E+00   2.1284935E+00
   1.2129229E+01   3.0940939E-03  -1.0145352E+00  -1.7998000E+00   2.0660520E+00
   1.2151752E+01  -1.1473030E-03  -9.1571712E-01  -1.7885150E+00   2.0093095E+00
   1.2175253E+01   3.9671264E-03  -8.3337373E-01  -1.7729558E+00   1.9590559E+00
   1.2198050E+01   4.4020736E-03  -7.3773652E-01  -1.7635294E+00   1.9116251E+00
   1.2220217E+01   4.7278292E-03  -6.3566172E-01  -1.7536975E+00   1.8653533E+00
   1.2243971E+01   4.2134998E-03  -5.7143664E-01  -1.7422758E+00   1.8335983E+00
   1.2266839E+01   4.7156815E-03  -4.2053679E-01  -1.7332280E+00   1.7835225E+00
   1.2288856E+01   4.8263613E-03  -3.6919653E-01  -1.7307214E+00   1.7696682E+00
   1.2311947E+01   4.1014948E-03  -2.4180494E-01  -1.7193004E+00   1.7362258E+00
   1.2335481E+01   3.9787884E-03  -1.4045517E-01  -1.7134789E+00   1.7192305E+00
   1.2357151E+01   4.0314049E-03  -2.9847056E-02  -1.7073345E+00   1.7076001E+00
   1.2379942E+01   3.6569019E-03   4.0135488E-02  -1.7045734E+00   1.7050498E+00
   1.2403133E+01   3.4630254E-03   1.0910767E-01  -1.6999266E+00   1.7034279E+00
   1.2426372E+01   2.9123158E-03   1.7623079E-01  -1.6961254E+00   1.7052587E+00
   1.2448853E+01   2.4759076E-03   2.5262091E-01  -1.6959587E+00   1.7146719E+00
   1.2471561E+01   2.2592882E-03   3.1951544E-01  -1.6954693E+00   1.7253149E+00
   1.2494818E+01   2.2231441E-03   3.5905242E-01  -1.6954361E+00   1.7330400E+00
   1.2517486E+01   2.3543646E-03   4.8173898E-01  -1.6949205E+00   1.7620538E+00
   1.2540485E+01   2.6167058E-03   5.1656181E-01  -1.6955593E+00   1.7725023E+00
   1.2562629E+01   2.5776615E-03   5.5800235E-01  -1.6970581E+00   1.7864432E+00
   1.2584986E+01   2.3086821E-03   6.0518432E-01  -1.6995343E+00   1.8040705E+00
   1.2608084E+01   1.7567980E-03   6.5754229E-01  -1.7029164E+00   1.8254559E+00
   1.2630738E+01   1.4205627E-03   7.0863956E-01  -1.7067623E+00   1.8480285E+00
   1.2653375E+01   8.8684860E-04   7.5653869E-01  -1.7110896E+00   1.8708766E+00
   1.2676041E+01   7.5705408E-04   7.9906750E-01  -1.7156531E+00   1.8926107E+00
   1.2700348E+01   2.3107352E-03   8.6833531E-01  -1.7201070E+00   1.9268574E+00
   1.2722861E+01   5.6452164E-03   9.0871418E-01  -1.7256162E+00   1.9502679E+00
   1.2745431E+01   2.5783356E-03   9.3828452E-01  -1.7309242E+00   1.9688786E+00
   1.2767415E+01   3.0729603E-03   9.9159080E-01  -1.7373097E+00   2.0003767E+00
   1.2789903E+01   9.1628532E-04   1.0376471E+00  -1.7447884E+00   2.0300243E+00
   1.2812054E+01   3.0115212E-04   1.1386595E+00  -1.7546043E+00   2.0916936E+00
   1.2837441E+01  -6.5731048E-04   1.1725973E+00  -1.7600220E+00   2.1148670E+00
   1.2858809E+01  -1.6300807E-03   1.2472761E+00  -1.7697554E+00   2.1651175E+00
   1.2880920E+01  -1.3223377E-03   1.2943351E+00  -1.7780952E+00   2.1993017E+00
   1.2904858E+01  -1.2801064E-03   1.3858380E+00  -1.7903600E+00   2.2640533E+00
   1.2927208E+01  -3.2470715E-03   1.4636176E+00  -1.8016212E+00   2.3212123E+00
   1.2950976E+01  -2.0211828E-03   1.5689093E+00  -1.8168727E+00   2.4005222E+00
   1.2971917E+01  -4.8594540E-03   1.6539928E+00  -1.8277659E+00   2.4650445E+00
   1.2995082E+01  -2.5253550E-03   1.6970798E+00  -1.8388609E+00   2.5022981E+00
   1.3018180E+01  -7.2874706E-03   1.8013159E+00  -1.8566967E+00   2.5869124E+00
   1.3040530E+01  -5.3647044E-03   1.8934799E+00  -1.8725471E+00   2.6630299E+00
   1.3065178E+01  -7.0754052E-03   1.9582120E+00  -1.8908876E+00   2.7221498E+00
   1.3087725E+01  -6.1733951E-03   2.0520487E+00  -1.9070225E+00   2.8013704E+00
   1.3109955E+01  -1.1959481E-03   2.1234646E+00  -1.9256573E+00   2.8665762E+00
   1.3132028E+01  -6.2012984E-03   2.1909132E+00  -1.9421082E+00   2.9277847E+00
   1.3156300E+01  -5.6075403E-03   2.2696080E+00  -1.9683676E+00   3.0042675E+00
   1.3179111E+01  -3.8047649E-03   2.3126316E+00  -1.9867772E+00   3.0488627E+00
   1.3201570E+01  -5.3442842E-03   2.3533356E+00  -2.0064864E+00   3.0926049E+00
   1.3222964E+01  -6.5042069E-03   2.3566267E+00  -2.0247293E+00   3.1069696E+00
   1.3247228E+01  -5.1690848E-03   2.4072468E+00  -2.0373826E+00   3.1536949E+00
   1.3269115E+01  -8.1132706E-03   2.3986382E+00  -2.0471179E+00   3.1534462E+00
   1.3292916E+01  -8.7744445E-03   2.3634408E+00  -2.0643981E+00   3.1380994E+00
   1.3315221E+01  -9.1292458E-03   2.3347743E+00  -2.0778718E+00   3.1255088E+00
   1.3338210E+01  -6.3093319E-03   2.2557852E+00  -2.0950756E+00   3.0786276E+00
   1.3360726E+01  -8.8653937E-03   2.1708014E+00  -2.1155188E+00   3.0311511E+00
   1.3383687E+01  -9.0977624E-03   2.0446463E+00  -2.1367192E+00   2.9574027E+00
   1.3406096E+01  -1.1668696E-02   1.9393340E+00  -2.1559002E+00   2.8998375E+00
   1.3428871E+01  -9.1818282E-03   1.7629123E+00  -2.1747670E+00   2.7995634E+00
   1.3452674E+01  -1.0949492E-02   1.6250430E+00  -2.1900592E+00   2.7271311E+00
   1.3475045E+01  -7.9226857E-03   1.4662102E+00  -2.2031229E+00   2.6464288E+00
   1.3497839E+01  -8.4189596E-03   1.2724270E+00  -2.2167659E+00   2.5560110E+00
   1.3519901E+01  -9.0105776E-03   1.0794008E+00  -2.2284915E+00   2.4761586E+00
   1.3543828E+01  -1.0953034E-02   8.8514662E-01  -2.2397618E+00   2.4083474E+00
   1.3565564E+01  -9.5628137E-03   6.8132806E-01  -2.2467599E+00   2.3478138E+00
   1.3589398E+01  -9.4565442E-03   4.7369888E-01  -2.2513189E+00   2.3006341E+00
   1.3610776E+01  -9.7679636E-03   2.8570777E-01  -2.2538085E+00   2.2718663E+00
   1.3634568E+01  -1.0117858E-02   4.9209703E-02  -2.2542589E+00   2.2548187E+00
   1.3656966E+01  -1.0162643E-02  -1.4914075E-01  -2.2532759E+00   2.2582290E+00
   1.3679335E+01  -1.0493702E-02  -3.5154521E-01  -2.2501671E+00   2.2774868E+00
   1.3702239E+01  -1.0472380E-02  -5.2967769E-01  -2.2470975E+00   2.3087044E+00
   1.3725441E+01  -1.0904347E-02  -8.0142224E-01  -2.2386985E+00   2.3778493E+00
   1.3748914E+01  -1.0317147E-02  -9.0740293E-01  -2.2317736E+00   2.4092114E+00
   1.3770874E+01  -1.0631492E-02  -1.0863464E+00  -2.2230556E+00   2.4743156E+00
   1.3793822E+01  -1.0041257E-02  -1.2346928E+00  -2.2127109E+00   2.5339015E+00
   1.3816422E+01  -9.1653811E-03  -1.3671895E+00  -2.2026815E+00   2.5925078E+00
   1.3839711E+01   2.4859470E-03  -1.5169696E+00  -2.1868825E+00   2.6615140E+00
   1.3862643E+01  -8.4255198E-03  -1.6507130E+00  -2.1731591E+00   2.7290192E+00
   1.3885686E+01  -1.0746997E-02  -1.7799116E+00  -2.1567461E+00   2.7963824E+00
   1.3908326E+01  -8.8234246E-03  -1.8788145E+00  -2.1416900E+00   2.8490100E+00
   1.3931219E+01  -8.5389335E-03  -1.9786860E+00  -2.1228440E+00   2.9020231E+00
   1.3953358E+01  -7.4009164E-03  -2.0527635E+00  -2.1045420E+00   2.9398963E+00
   1.3975847E+01  -1.2193627E-02  -2.1158981E+00  -2.0857201E+00   2.9710944E+00
   1.3998874E+01  -9.7757988E-03  -2.1622961E+00  -2.0655928E+00   2.9903667E+00
   1.4021413E+01  -7.4937856E-03  -2.1873832E+00  -2.0446279E+00   2.9941952E+00
   1.4044754E+01  -5.2551795E-03  -2.2103841E+00  -2.0209723E+00   2.9950218E+00
   1.4067598E+01  -8.2989596E-03  -2.2174528E+00  -1.9960065E+00   2.9834890E+00
   1.4091100E+01  -2.5714349E-03  -2.2330284E+00  -1.9722052E+00   2.9792643E+00
   1.4113693E+01  -2.2137598E-03  -2.2207105E+00  -1.9478661E+00   2.9539366E+00
   1.4135450E+01  -1.0868529E-03  -2.2003486E+00  -1.9217536E+00   2.9214160E+00
   1.4159204E+01  -7.7156228E-04  -2.1602495E+00  -1.8961501E+00   2.8743806E+00
   1.4182181E+01   2.5340509E-05  -2.1193290E+00  -1.8739384E+00   2.8289928E+00
   1.4205016E+01   2.4039373E-03  -2.0783479E+00  -1.8520901E+00   2.7838414E+00
   1.4227219E+01   3.3593035E-04  -2.0228789E+00  -1.8314317E+00   2.7287693E+00
   1.4250567E+01   6.7651068E-04  -1.9533321E+00  -1.8107059E+00   2.6634870E+00
   1.4273106E+01   1.8160176E-03  -1.8844854E+00  -1.7929326E+00   2.6011336E+00
   1.4295012E+01   9.7420160E-04  -1.7999786E+00  -1.7772471E+00   2.5295317E+00
   1.4318220E+01   1.0412458E-03  -1.6940836E+00  -1.7611225E+00   2.4436598E+00
   1.4340579E+01   1.8928091E-03  -1.5971075E+00  -1.7473726E+00   2.3672910E+00
   1.4363744E+01   1.5188725E-03  -1.4959151E+00  -1.7363212E+00   2.2918499E+00
   1.4387333E+01   2.1665369E-03  -1.3874929E+00  -1.7250532E+00   2.2138090E+00
   1.4409502E+01   2.3992232E-03  -1.2875752E+00  -1.7159662E+00   2.1453195E+00
   1.4432770E+01   2.6020294E-03  -1.1632146E+00  -1.7078724E+00   2.0663743E+00
   1.4455311E+01   6.6326917E-03  -1.1131135E+00  -1.7013997E+00   2.0331814E+00
   1.4477432E+01   2.8418100E-03  -9.6664208E-01  -1.6958778E+00   1.9520262E+00
   1.4501298E+01   4.1928203E-03  -8.4698540E-01  -1.6848508E+00   1.8857689E+00
   1.4523731E+01   3.9072810E-03  -7.1994126E-01  -1.6796712E+00   1.8274643E+00
   1.4547209E+01   4.5519760E-03  -6.2412858E-01  -1.6765037E+00   1.7889163E+00
   1.4568861E+01   5.8263126E-03  -5.1050568E-01  -1.6695222E+00   1.7458391E+00
   1.4592179E+01   3.0878047E-03  -4.1416198E-01  -1.6660591E+00   1.7167681E+00
   1.4615382E+01   5.6073479E-03  -3.2916290E-01  -1.6631866E+00   1.6954554E+00
   1.4637336E+01   6.0470970E-03  -2.2547615E-01  -1.6590723E+00   1.6743348E+00
   1.4659553E+01   5.9730066E-03  -1.3979064E-01  -1.6540647E+00   1.6599721E+00
   1.4684031E+01   6.4454251E-03  -5.7378042E-02  -1.6527740E+00   1.6537821E+00
   1.4706513E+01   6.8135634E-03   2.3757122E-02  -1.6486666E+00   1.6488518E+00
   1.4728314E+01   7.0128883E-03   1.0962995E-01  -1.6469650E+00   1.6506246E+00
   1.4751318E+01   6.7138816E-03   1.8495093E-01  -1.6457516E+00   1.6561251E+00
   1.4774398E+01   6.0545555E-03   2.5029713E-01  -1.6448129E+00   1.6637592E+00
   1.4797629E+01   5.1995185E-03   3.0133653E-01  -1.6436589E+00   1.6710610E+00
   1.4820150E+01   3.8315863E-03   4.0511578E-01  -1.6416875E+00   1.6909380E+00
   1.4842646E+01   3.3471915E-03   4.5689726E-01  -1.6390418E+00   1.7015358E+00
   1.4866400E+01   3.3103838E-03   5.1092464E-01  -1.6381035E+00   1.7159364E+00
   1.4888688E+01   3.2305485E-03   5.6893998E-01  -1.6390296E+00   1.7349701E+00
   1.4910519E+01   3.1941857E-03   6.2724209E-01  -1.6397212E+00   1.7555991E+00
   1.4934112E+01   3.4641942E-03   6.8729705E-01  -1.6410995E+00   1.7792124E+00
   1.4956875E+01   3.6383008E-03   7.5089663E-01  -1.6429006E+00   1.8063724E+00
   1.4979225E+01   3.0608645E-03   8.1252015E-01  -1.6445514E+00   1.8343248E+00
   1.5001701E+01   2.5670156E-03   8.6321628E-01  -1.6459286E+00   1.8585558E+00
   1.5024504E+01   1.7328525E-03   9.1961294E-01  -1.6494910E+00   1.8885210E+00
   1.5047225E+01   1.9924552E-03   9.7159320E-01  -1.6477451E+00   1.9128673E+00
   1.5070798E+01   1.7357384E-03   1.0342587E+00  -1.6576953E+00   1.9538802E+00
   1.5092835E+01   1.3301299E-03   1.1255009E+00  -1.6634771E+00   2.0084596E+00
   1.5115914E+01  -3.7410099E-03   1.1892568E+00  -1.6663930E+00   2.0472448E+00
   1.5138830E+01   1.3558582E-03   1.2202271E+00  -1.6721274E+00   2.0700159E+00
   1.5162971E+01   1.8101960E-03   1.2666985E+00  -1.6790677E+00   2.1032822E+00
   1.5184971E+01   1.0631754E-03   1.3453463E+00  -1.6868056E+00   2.1576078E+00
   1.5208153E+01  -3.2378637E-05   1.4511436E+00  -1.7005185E+00   2.2355270E+00
   1.5229783E+01   5.4131326E-04   1.4708128E+00  -1.7049767E+00   2.2517185E+00
   1.5253072E+01  -2.0556168E-03   1.5594113E+00  -1.7151144E+00   2.3180563E+00
   1.5275442E+01  -2.7342716E-03   1.6460208E+00  -1.7283320E+00   2.3867390E+00
   1.5297826E+01  -5.0817621E-03   1.7381197E+00  -1.7416234E+00   2.4605565E+00
   1.5321309E+01  -4.2640804E-03   1.8230001E+00  -1.7557018E+00   2.5309753E+00
   1.5343883E+01  -6.3772383E-03   1.8979833E+00  -1.7709882E+00   2.5959160E+00
   1.5366763E+01  -7.2886967E-03   1.9743006E+00  -1.7874367E+00   2.6632397E+00
   1.5389660E+01  -5.8875275E-03   2.0468879E+00  -1.8066144E+00   2.7301357E+00
   1.5413898E+01  -7.2481353E-03   2.1105146E+00  -1.8255336E+00   2.7905014E+00
   1.5435976E+01  -1.0490946E-02   2.1759222E+00  -1.8434741E+00   2.8518667E+00
   1.5458880E+01  -7.6254932E-03   2.2333884E+00  -1.8679174E+00   2.9115627E+00
   1.5480721E+01  -9.7465636E-03   2.2729650E+00  -1.8891438E+00   2.9555590E+00
   1.5504014E+01  -5.3041126E-03   2.3357916E+00  -1.9166691E+00   3.0215180E+00
   1.5527892E+01  -9.4907116E-03   2.3329508E+00  -1.9381561E+00   3.0330181E+00
   1.5550245E+01  -9.6333073E-03   2.2902935E+00  -1.9709166E+00   3.0215971E+00
   1.5572613E+01  -1.7473489E-02   2.3063984E+00  -1.9875615E+00   3.0446968E+00
   1.5595781E+01  -1.0878651E-02   2.2396727E+00  -2.0084944E+00   3.0083721E+00
   1.5617090E+01  -1.3069160E-02   2.1980672E+00  -2.0284655E+00   2.9910438E+00
   1.5641531E+01  -1.3547752E-02   2.1071069E+00  -2.0472410E+00   2.9379039E+00
   1.5663466E+01  -7.0887147E-03   2.0052886E+00  -2.0596480E+00   2.8746099E+00
   1.5685911E+01  -8.7035000E-03   1.8760467E+00  -2.0716729E+00   2.7948983E+00
   1.5708882E+01  -9.8841647E-03   1.7625958E+00  -2.0892534E+00   2.7334633E+00
   1.5732153E+01  -7.9812538E-03   1.5920773E+00  -2.1054428E+00   2.6396332E+00
   1.5754921E+01  -5.6416532E-03   1.4665248E+00  -2.1291671E+00   2.5853586E+00
   1.5776788E+01  -8.5034044E-03   1.2589251E+00  -2.1361589E+00   2.4795442E+00
   1.5800314E+01  -2.6285476E-03   1.0355078E+00  -2.1504793E+00   2.3868065E+00
   1.5823588E+01  -8.0553684E-03   8.3225566E-01  -2.1613660E+00   2.3160782E+00
   1.5846346E+01  -8.1011541E-03   6.3538694E-01  -2.1690574E+00   2.2602196E+00
   1.5869294E+01  -8.7514557E-03   4.4389221E-01  -2.1744099E+00   2.2192736E+00
   1.5891275E+01  -1.0436739E-02   2.5826058E-01  -2.1780434E+00   2.1933262E+00
   1.5914829E+01  -1.0025327E-02   5.6307200E-02  -2.1803122E+00   2.1810620E+00
   1.5937725E+01  -1.0062752E-02  -1.5166871E-01  -2.1812327E+00   2.1865225E+00
   1.5959508E+01  -9.8277405E-03  -3.0682015E-01  -2.1802065E+00   2.2017119E+00
   1.5983166E+01  -6.9120480E-03  -5.1090568E-01  -2.1761582E+00   2.2353382E+00
   1.6005249E+01  -8.0822650E-03  -7.0728308E-01  -2.1724422E+00   2.2846925E+00
   1.6028620E+01  -9.3719745E-03  -8.8510936E-01  -2.1638119E+00   2.3378596E+00
   1.6051191E+01  -4.9795280E-03  -1.0603479E+00  -2.1561651E+00   2.4027922E+00
   1.6074310E+01  -7.2367052E-03  -1.1896998E+00  -2.1490455E+00   2.4563866E+00
   1.6097256E+01  -9.5607014E-03  -1.3223659E+00  -2.1370826E+00   2.5131385E+00
   1.6119473E+01  -1.1696315E-02  -1.4838064E+00  -2.1234798E+00   2.5905569E+00
   1.6142935E+01  -8.9919353E-03  -1.6431541E+00  -2.1081502E+00   2.6728888E+00
   1.6164850E+01  -5.1965974E-03  -1.7487206E+00  -2.0943527E+00   2.7284362E+00
   1.6187807E+01  -6.2035895E-03  -1.8652546E+00  -2.0744328E+00   2.7897105E+00
   1.6210453E+01  -6.8501947E-03  -1.9291155E+00  -2.0577455E+00   2.8206115E+00
   1.6233408E+01  -5.9411102E-03  -2.0463707E+00  -2.0333850E+00   2.8848436E+00
   1.6256155E+01  -5.7181702E-03  -2.0891762E+00  -2.0119469E+00   2.9004517E+00
   1.6279909E+01  -4.7773235E-03  -2.1600029E+00  -1.9839761E+00   2.9328821E+00
   1.6301826E+01  -4.9441103E-03  -2.1806076E+00  -1.9609020E+00   2.9326115E+00
   1.6324318E+01  -5.3731543E-03  -2.2132542E+00  -1.9334539E+00   2.9388378E+00
   1.6347149E+01  -3.7702462E-03  -2.2279110E+00  -1.9068537E+00   2.9325233E+00
   1.6370871E+01  -3.0044885E-03  -2.2373669E+00  -1.8802706E+00   2.9225395E+00
   1.6393869E+01  -2.4838450E-03  -2.2279692E+00  -1.8513684E+00   2.8967946E+00
   1.6415344E+01  -1.4772139E-03  -2.2097523E+00  -1.8267978E+00   2.8670886E+00
   1.6438450E+01  -1.2936977E-03  -2.1789343E+00  -1.8017688E+00   2.8273888E+00
   1.6461842E+01  -4.1007166E-04  -2.1470120E+00  -1.7785718E+00   2.7880063E+00
   1.6484957E+01  -1.0992491E-04  -2.1152687E+00  -1.7567536E+00   2.7496445E+00
   1.6507645E+01   3.9331018E-04  -2.0571728E+00  -1.7389219E+00   2.6936610E+00
   1.6530405E+01   3.8960943E-04  -1.9968171E+00  -1.7183129E+00   2.6343648E+00
   1.6553017E+01   9.6286420E-04  -1.9378892E+00  -1.7038907E+00   2.5804379E+00
   1.6575092E+01   1.5387867E-03  -1.8679734E+00  -1.6904945E+00   2.5193450E+00
   1.6598001E+01   1.5929203E-03  -1.7889279E+00  -1.6769551E+00   2.4520285E+00
   1.6621103E+01   1.8152262E-03  -1.6960272E+00  -1.6658608E+00   2.3773103E+00
   1.6644461E+01   2.5849307E-03  -1.6186051E+00  -1.6537982E+00   2.3140738E+00
   1.6666338E+01   2.5231708E-03  -1.5328840E+00  -1.6456393E+00   2.2489705E+00
   1.6689590E+01   5.0425355E-04  -1.4334732E+00  -1.6368262E+00   2.1757863E+00
   1.6712564E+01   2.6123736E-03  -1.3389877E+00  -1.6316308E+00   2.1107142E+00
   1.6734587E+01   2.9363406E-03  -1.2459366E+00  -1.6264263E+00   2.0488117E+00
   1.6757734E+01   4.7051539E-03  -1.1462299E+00  -1.6218427E+00   1.9860108E+00
   1.6780268E+01   4.7149947E-03  -1.0339552E+00  -1.6166639E+00   1.9190331E+00
   1.6803679E+01   5.6868289E-03  -9.4570947E-01  -1.6123865E+00   1.8692750E+00
   1.6826645E+01   6.6634635E-03  -8.3323735E-01  -1.6082050E+00   1.8112570E+00
   1.6849295E+01   8.1690503E-03  -7.2797865E-01  -1.6031047E+00   1.7606715E+00
   1.6872070E+01   1.1830826E-02  -6.1058706E-01  -1.6002064E+00   1.7127805E+00
   1.6894833E+01   7.6014167E-03  -5.1894623E-01  -1.5992099E+00   1.6813195E+00
   1.6917049E+01   6.7591751E-03  -4.4198582E-01  -1.6016690E+00   1.6615477E+00
   1.6940641E+01   3.4707936E-03  -3.1922361E-01  -1.5916764E+00   1.6233759E+00
   1.6963869E+01   9.8361038E-03  -2.3063737E-01  -1.5855993E+00   1.6023157E+00
   1.6985428E+01   7.6166010E-03  -1.4694948E-01  -1.5828350E+00   1.5896599E+00
   1.7008831E+01   9.7641591E-03  -4.3467224E-02  -1.5805851E+00   1.5812129E+00
   1.7031736E+01   9.2673050E-03   3.2640010E-02  -1.5793796E+00   1.5797440E+00
   1.7054472E+01   1.1402185E-02   1.0353524E-01  -1.5775760E+00   1.5810109E+00
   1.7076853E+01   7.8996476E-03   1.9709295E-01  -1.5749431E+00   1.5872473E+00
   1.7100231E+01   8.2531115E-03   2.7084771E-01  -1.5737036E+00   1.5968626E+00
   1.7122742E+01   6.5548299E-03   3.5019350E-01  -1.5726104E+00   1.6111431E+00
   1.7145182E+01   6.0972078E-03   4.2269692E-01  -1.5721121E+00   1.6279577E+00
   1.7168039E+01   5.1180054E-03   4.9121100E-01  -1.5716678E+00   1.6466494E+00
   1.7190596E+01   3.7256996E-03   5.6899494E-01  -1.5715615E+00   1.6713990E+00
   1.7213659E+01   3.0734127E-03   6.2260318E-01  -1.5718353E+00   1.6906538E+00
   1.7236774E+01   2.9595443E-03   6.9145167E-01  -1.5725703E+00   1.7178742E+00
   1.7259962E+01   2.2382692E-03   7.6007283E-01  -1.5736673E+00   1.7476110E+00
   1.7281988E+01   2.2510025E-03   8.2288790E-01  -1.5751356E+00   1.7771330E+00
   1.7305452E+01   2.2573455E-03   8.8120115E-01  -1.5770314E+00   1.8065294E+00
   1.7328257E+01   1.9163418E-03   9.3920940E-01  -1.5795541E+00   1.8376912E+00
   1.7350893E+01   8.0723304E-04   1.0087740E+00  -1.5832772E+00   1.8773365E+00
   1.7373137E+01   1.4234929E-03   1.0675775E+00  -1.5856652E+00   1.9115591E+00
   1.7396095E+01  -3.0425617E-03   1.1368061E+00  -1.5907001E+00   1.9551635E+00
   1.7418959E+01   2.1586947E-03   1.2020266E+00  -1.5927005E+00   1.9953865E+00
   1.7442345E+01  -6.4809143E-04   1.2546465E+00  -1.5932671E+00   2.0279641E+00
   1.7463839E+01   2.5946964E-03   1.3332644E+00  -1.5992528E+00   2.0821166E+00
   1.7487846E+01   1.2389936E-04   1.4324697E+00  -1.5996785E+00   2.1473103E+00
   1.7510880E+01   4.3519787E-03   1.5488538E+00  -1.6090302E+00   2.2333708E+00
   1.7533213E+01  -7.0064685E-05   1.5837671E+00  -1.6055532E+00   2.2552426E+00
   1.7555874E+01   3.7157667E-04   1.6720402E+00  -1.6029453E+00   2.3162799E+00
   1.7578466E+01  -1.5198279E-04   1.7712188E+00  -1.6214892E+00   2.4013419E+00
   1.7601809E+01   3.5397109E-04   1.8353734E+00  -1.6236013E+00   2.4504442E+00
   1.7623426E+01  -1.6173597E-03   1.9145726E+00  -1.6326280E+00   2.5161607E+00
   1.7647665E+01  -1.2053801E-03   1.9987046E+00  -1.6427003E+00   2.5871384E+00
   1.7671291E+01  -3.9770333E-03   2.0938516E+00  -1.6564828E+00   2.6698625E+00
   1.7693605E+01  -4.7260500E-03   2.1740477E+00  -1.6715914E+00   2.7423937E+00
   1.7715122E+01  -6.1211167E-03   2.2373531E+00  -1.6878486E+00   2.8026092E+00
   1.7737343E+01  -4.1580931E-03   2.2823999E+00  -1.7031696E+00   2.8478329E+00
   1.7761726E+01  -7.4083684E-03   2.3451393E+00  -1.7308267E+00   2.9147031E+00
   1.7783558E+01  -4.8554954E-03   2.3806911E+00  -1.7500151E+00   2.9547026E+00
   1.7807571E+01  -8.3977068E-03   2.4025364E+00  -1.7761191E+00   2.9877837E+00
   1.7829144E+01  -1.1027562E-02   2.3954985E+00  -1.8039017E+00   2.9987657E+00
   1.7851856E+01  -9.7723361E-03   2.3804438E+00  -1.8326477E+00   3.0041981E+00
   1.7874670E+01  -1.2338166E-02   2.3560674E+00  -1.8622730E+00   3.0032094E+00
   1.7898163E+01  -9.7838473E-03   2.2928102E+00  -1.8893696E+00   2.9709918E+00
   1.7920237E+01  -5.7155485E-03   2.2087717E+00  -1.9138056E+00   2.9225600E+00
   1.7943747E+01  -9.5733423E-03   2.0983047E+00  -1.9405900E+00   2.8581226E+00
   1.7967039E+01  -1.1645159E-02   2.0070753E+00  -1.9583393E+00   2.8042076E+00
   1.7990080E+01  -1.1806057E-02   1.8939158E+00  -1.9797702E+00   2.7398076E+00
   1.8012232E+01  -8.6823078E-03   1.7419524E+00  -1.9981788E+00   2.6508851E+00
   1.8034054E+01  -9.5542017E-03   1.5663383E+00  -2.0144668E+00   2.5517805E+00
   1.8057709E+01  -8.8097304E-03   1.3912629E+00  -2.0306141E+00   2.4615204E+00
   1.8080736E+01  -9.6241543E-03   1.2451211E+00  -2.0430391E+00   2.3925776E+00
   1.8102579E+01  -8.8574691E-03   1.0714885E+00  -2.0550821E+00   2.3176558E+00
   1.8125931E+01  -1.2898192E-02   8.6821067E-01  -2.0688205E+00   2.2436519E+00
   1.8148903E+01  -8.9141345E-03   6.6463912E-01  -2.0751498E+00   2.1790071E+00
   1.8171934E+01  -8.7615009E-03   3.7477773E-01  -2.0831230E+00   2.1165860E+00
   1.8194866E+01  -6.3140900E-03  -2.0886082E-02  -2.0871189E+00   2.0872331E+00
   1.8217428E+01  -7.2178706E-03   1.6187174E-02  -2.0915096E+00   2.0915847E+00
   1.8239491E+01  -7.0873299E-03  -1.2562038E-01  -2.0928166E+00   2.0965953E+00
   1.8262781E+01  -8.9628724E-03  -3.3586660E-01  -2.0915239E+00   2.1183388E+00
   1.8285391E+01  -7.1708718E-03  -5.0858110E-01  -2.0900486E+00   2.1510484E+00
   1.8307968E+01  -6.2435875E-03  -6.7256552E-01  -2.0865333E+00   2.1922603E+00
   1.8331783E+01  -5.7533309E-03  -8.6425990E-01  -2.0802255E+00   2.2526243E+00
   1.8353762E+01  -6.7394250E-03  -1.0217999E+00  -2.0720940E+00   2.3103449E+00
   1.8376736E+01  -7.8246733E-03  -1.1915529E+00  -2.0609066E+00   2.3805873E+00
   1.8399973E+01  -6.3926592E-03  -1.3455311E+00  -2.0485661E+00   2.4509423E+00
   1.8422180E+01  -6.0559534E-03  -1.4946252E+00  -2.0324898E+00   2.5228863E+00
   1.8444742E+01  -5.8046323E-03  -1.6200130E+00  -2.0159895E+00   2.5862501E+00
   1.8467785E+01  -6.1644707E-03  -1.7530593E+00  -1.9957461E+00   2.6563616E+00
   1.8490568E+01  -6.0489681E-03  -1.8609699E+00  -1.9744689E+00   2.7132587E+00
   1.8513456E+01  -6.9301305E-03  -1.9548593E+00  -1.9511360E+00   2.7619658E+00
   1.8536772E+01  -7.0520584E-03  -2.0391316E+00  -1.9255742E+00   2.8046291E+00
   1.8559643E+01  -5.5175321E-03  -2.1242537E+00  -1.8925536E+00   2.8450384E+00
   1.8581640E+01  -6.5667429E-03  -2.1675088E+00  -1.8741120E+00   2.8653853E+00
   1.8604733E+01  -5.2420413E-03  -2.2067938E+00  -1.8467641E+00   2.8775864E+00
   1.8628040E+01  -4.3491949E-03  -2.2298591E+00  -1.8199979E+00   2.8783123E+00
   1.8650183E+01  -3.4721307E-03  -2.2408781E+00  -1.7952948E+00   2.8713462E+00
   1.8672880E+01  -2.2441167E-03  -2.2442906E+00  -1.7662761E+00   2.8559721E+00
   1.8695637E+01  -2.3905742E-03  -2.2266660E+00  -1.7433703E+00   2.8279650E+00
   1.8719330E+01  -1.7387717E-03  -2.2025666E+00  -1.7199738E+00   2.7945685E+00
   1.8741751E+01  -1.8866359E-03  -2.1719322E+00  -1.6976653E+00   2.7566938E+00
   1.8763800E+01  -5.9394457E-04  -2.1263542E+00  -1.6791887E+00   2.7094386E+00
   1.8787926E+01   7.6642982E-04  -2.0642724E+00  -1.6587446E+00   2.6481416E+00
   1.8810270E+01   1.7819399E-03  -2.0176110E+00  -1.6460055E+00   2.6038609E+00
   1.8832592E+01   1.5348563E-03  -1.9418596E+00  -1.6318545E+00   2.5364878E+00
   1.8855930E+01   2.2342489E-03  -1.8737410E+00  -1.6216564E+00   2.4780395E+00
   1.8878485E+01   3.8031549E-03  -1.7919487E+00  -1.6118356E+00   2.4102092E+00
   1.8901054E+01   2.2640263E-03  -1.6661301E+00  -1.6007698E+00   2.3105104E+00
   1.8923697E+01   7.2161215E-03  -1.5675174E+00  -1.5970988E+00   2.2378311E+00
   1.8946882E+01   1.9573176E-03  -1.4923842E+00  -1.5902855E+00   2.1808765E+00
   1.8969944E+01   3.1847775E-03  -1.3927525E+00  -1.5819652E+00   2.1076963E+00
   1.8991934E+01   8.1700906E-03  -1.2915232E+00  -1.5778986E+00   2.0390840E+00
   1.9015259E+01   5.7262052E-03  -1.1875895E+00  -1.5694498E+00   1.9681398E+00
   1.9038118E+01   6.4991717E-03  -1.0688112E+00  -1.5622307E+00   1.8928720E+00
   1.9060541E+01   1.0783235E-02  -9.5252657E-01  -1.5580006E+00   1.8261405E+00
   1.9083368E+01   1.0516712E-02  -8.5214174E-01  -1.5542777E+00   1.7725787E+00
   1.9105793E+01   5.2151638E-03  -7.5709599E-01  -1.5513185E+00   1.7262129E+00
   1.9129618E+01   7.2231218E-03  -6.4677626E-01  -1.5461500E+00   1.6759927E+00
   1.9151773E+01   7.9776989E-03  -5.5280775E-01  -1.5419059E+00   1.6380274E+00
   1.9174387E+01   5.4218313E-03  -4.6704561E-01  -1.5393318E+00   1.6086340E+00
   1.9198122E+01   5.7987375E-03  -3.5817733E-01  -1.5356196E+00   1.5768487E+00
   1.9220898E+01   6.0244123E-03  -2.6291966E-01  -1.5321687E+00   1.5545752E+00
   1.9243633E+01   6.8967869E-03  -1.7061734E-01  -1.5300970E+00   1.5395956E+00
   1.9265759E+01   5.2423016E-03  -8.1092604E-02  -1.5265111E+00   1.5286725E+00
   1.9289120E+01   6.0632965E-03   2.5437635E-03  -1.5231841E+00   1.5231982E+00
   1.9311951E+01   5.1054531E-03   8.5468948E-02  -1.5206411E+00   1.5230497E+00
   1.9333860E+01   4.0495894E-03   1.6345213E-01  -1.5186160E+00   1.5273924E+00
   1.9357485E+01   3.7561350E-03   2.4799970E-01  -1.5163395E+00   1.5364906E+00
   1.9380516E+01   3.9639198E-03   3.2367256E-01  -1.5146067E+00   1.5488102E+00
   1.9402227E+01   4.0029469E-03   3.9693558E-01  -1.5134342E+00   1.5646267E+00
   1.9425840E+01   3.0270535E-03   4.6993405E-01  -1.5124578E+00   1.5837853E+00
   1.9448435E+01   3.1414146E-03   5.3691012E-01  -1.5121064E+00   1.6046022E+00
   1.9471584E+01   3.1663191E-03   6.0356754E-01  -1.5121294E+00   1.6281397E+00
   1.9494493E+01   2.8026355E-03   6.6957903E-01  -1.5129330E+00   1.6544819E+00
   1.9516785E+01   2.9754075E-03   7.3088831E-01  -1.5144165E+00   1.6815658E+00
   1.9539038E+01   1.7523874E-03   8.1323230E-01  -1.5222706E+00   1.7258787E+00
   1.9562618E+01   2.2993204E-03   8.5036612E-01  -1.5183374E+00   1.7402518E+00
   1.9585588E+01   1.3323376E-03   9.1675109E-01  -1.5212266E+00   1.7761095E+00
   1.9607733E+01   1.5847710E-03   9.7145939E-01  -1.5246439E+00   1.8078371E+00
   1.9630716E+01   1.4736073E-03   1.0362777E+00  -1.5292714E+00   1.8473074E+00
   1.9653572E+01   1.1888378E-03   1.0842620E+00  -1.5333071E+00   1.8779393E+00
   1.9676382E+01   1.2020264E-03   1.1430600E+00  -1.5386126E+00   1.9167463E+00
   1.9698788E+01   2.1903221E-03   1.1956443E+00  -1.5429337E+00   1.9519770E+00
   1.9722662E+01   9.4944618E-05   1.2519428E+00  -1.5485590E+00   1.9913301E+00
   1.9745342E+01   1.3207772E-03   1.3197351E+00  -1.5539151E+00   2.0387139E+00
   1.9767832E+01  -7.9300842E-04   1.4047172E+00  -1.5612105E+00   2.1001451E+00
   1.9790909E+01   1.1723503E-04   1.4618260E+00  -1.5651473E+00   2.1416399E+00
   1.9812958E+01  -1.8108443E-05   1.4965605E+00  -1.5717748E+00   2.1702926E+00
   1.9836010E+01  -3.9282367E-03   1.6049941E+00  -1.5813650E+00   2.2531614E+00
   1.9858204E+01  -1.3162618E-03   1.6920871E+00  -1.5844142E+00   2.3180873E+00
   1.9881350E+01  -2.0420107E-03   1.7510089E+00  -1.5738480E+00   2.3543649E+00
   1.9903929E+01  -2.4023335E-03   1.8182484E+00  -1.5877039E+00   2.4138842E+00
   1.9927420E+01  -2.7173240E-04   1.9131233E+00  -1.5901206E+00   2.4876745E+00
   1.9949392E+01  -1.4180668E-03   1.9857049E+00  -1.5924083E+00   2.5453467E+00
   1.9972513E+01  -4.5296349E-04   2.0589910E+00  -1.6017773E+00   2.6086655E+00
   1.9995863E+01  -4.4618798E-03   2.1266265E+00  -1.6112554E+00   2.6680899E+00
   2.0018042E+01  -2.8800610E-03   2.1936712E+00  -1.6293025E+00   2.7325497E+00
   2.0041006E+01  -5.3164386E-03   2.2344601E+00  -1.6445448E+00   2.7744131E+00
   2.0063913E+01  -4.8595592E-03   2.2808206E+00  -1.6647122E+00   2.8237267E+00
   2.0086452E+01  -5.9631132E-03   2.2766981E+00  -1.6827205E+00   2.8310668E+00
   2.0110310E+01  -6.6701183E-03   2.2858405E+00  -1.7045903E+00   2.8514452E+00
   2.0131763E+01  -8.1321662E-03   2.2797580E+00  -1.7271736E+00   2.8601558E+00
   2.0154686E+01  -1.0547200E-02   2.2511318E+00  -1.7551790E+00   2.8545330E+00
   2.0178600E+01  -1.0855431E-02   2.2017114E+00  -1.7781957E+00   2.8301291E+00
   2.0201603E+01  -1.1248607E-02   2.1319056E+00  -1.8066654E+00   2.7944925E+00
   2.0224337E+01  -1.1439491E-02   2.0581450E+00  -1.8301378E+00   2.7541780E+00
   2.0246786E+01  -1.3028051E-02   1.9479448E+00  -1.8507205E+00   2.6869731E+00
   2.0269632E+01  -1.0037296E-02   1.8440217E+00  -1.8722392E+00   2.6278882E+00
   2.0291533E+01  -1.1779445E-02   1.7524756E+00  -1.8892080E+00   2.5769005E+00
   2.0315203E+01  -1.4320323E-02   1.5860068E+00  -1.9097147E+00   2.4824650E+00
   2.0337130E+01  -9.5241377E-03   1.4607903E+00  -1.9248283E+00   2.4163947E+00
   2.0359661E+01  -1.0486246E-02   1.4701871E+00  -1.9388207E+00   2.4332254E+00
   2.0383474E+01  -1.0353643E-02   1.1874332E+00  -1.9545401E+00   2.2869918E+00
   2.0406370E+01  -1.1143835E-02   1.0474337E+00  -1.9662254E+00   2.2278430E+00
   2.0427980E+01  -1.1323826E-02   8.5723495E-01  -1.9761378E+00   2.1540892E+00
   2.0451841E+01  -9.8452074E-03   7.0142555E-01  -1.9854975E+00   2.1057765E+00
   2.0475100E+01  -8.5396431E-03   5.4693985E-01  -1.9928747E+00   2.0665832E+00
   2.0497301E+01  -8.0463039E-03   3.2331905E-01  -1.9988569E+00   2.0248528E+00
   2.0519836E+01  -6.7351405E-03   1.4467500E-01  -2.0028186E+00   2.0080485E+00
   2.0542614E+01  -6.3150432E-03  -1.7920619E-02  -2.0048215E+00   2.0049117E+00
   2.0565931E+01  -5.8509470E-03  -2.0571451E-01  -2.0049503E+00   2.0154846E+00
   2.0588924E+01  -5.9460471E-03  -3.6834624E-01  -2.0035515E+00   2.0371382E+00
   2.0611744E+01  -5.7296786E-03  -5.4619372E-01  -1.9998488E+00   2.0731030E+00
   2.0633924E+01  -6.6428492E-03  -7.6000971E-01  -1.9929569E+00   2.1329641E+00
   2.0657249E+01  -6.2148743E-03  -9.2267567E-01  -1.9844019E+00   2.1884286E+00
   2.0679338E+01  -6.1658444E-03  -1.0920764E+00  -1.9739559E+00   2.2559190E+00
   2.0702843E+01  -6.6465498E-03  -1.2416915E+00  -1.9616512E+00   2.3216195E+00
   2.0725718E+01  -6.0864761E-03  -1.4188662E+00  -1.9432049E+00   2.4060888E+00
   2.0748014E+01  -6.7075803E-03  -1.5604377E+00  -1.9266016E+00   2.4792750E+00
   2.0770639E+01  -6.8973014E-03  -1.6971188E+00  -1.9069192E+00   2.5527635E+00
   2.0793293E+01  -6.3588079E-03  -1.8103113E+00  -1.8837705E+00   2.6126344E+00
   2.0816505E+01  -7.0663872E-03  -1.9221046E+00  -1.8624362E+00   2.6764164E+00
   2.0838852E+01  -6.0061468E-03  -2.0049257E+00  -1.8361443E+00   2.7186742E+00
   2.0862122E+01  -6.7255292E-03  -2.0815716E+00  -1.8070239E+00   2.7565050E+00
   2.0884729E+01  -6.4948816E-03  -2.1473060E+00  -1.7874534E+00   2.7939138E+00
   2.0907143E+01  -5.9147161E-03  -2.1955884E+00  -1.7601770E+00   2.8140481E+00
   2.0930489E+01  -6.1228592E-03  -2.2275445E+00  -1.7336658E+00   2.8226919E+00
   2.0953390E+01  -5.4955292E-03  -2.2470446E+00  -1.7114313E+00   2.8245771E+00
   2.0975622E+01  -4.7357227E-03  -2.2517269E+00  -1.6869527E+00   2.8135576E+00
   2.0999155E+01  -4.2958548E-03  -2.2486660E+00  -1.6672781E+00   2.7993450E+00
   2.1021353E+01  -2.9605750E-03  -2.2346277E+00  -1.6466351E+00   2.7757840E+00
   2.1044357E+01  -2.5639890E-03  -2.2073135E+00  -1.6307285E+00   2.7443607E+00
   2.1067327E+01  -1.8759376E-03  -2.1629987E+00  -1.6147858E+00   2.6992776E+00
   2.1090515E+01  -3.5265021E-03  -2.1242394E+00  -1.6016440E+00   2.6603889E+00
   2.1112556E+01  -3.1396686E-04  -2.0671008E+00  -1.5874598E+00   2.6063259E+00
   2.1135426E+01   3.1475895E-04  -2.0099778E+00  -1.5743337E+00   2.5531425E+00
   2.1158892E+01  -1.7306566E-03  -1.9143459E+00  -1.5599731E+00   2.4694612E+00
   2.1181456E+01   6.2753870E-03  -1.8426385E+00  -1.5477574E+00   2.4064307E+00
   2.1204399E+01   4.0849843E-03  -1.7681519E+00  -1.5353795E+00   2.3417447E+00
   2.1227503E+01   8.0319354E-03  -1.6416414E+00  -1.5216515E+00   2.2384088E+00
   2.1249535E+01  -5.1949653E-03  -1.5493430E+00  -1.5132499E+00   2.1657367E+00
   2.1272404E+01   6.9925813E-03  -1.4470732E+00  -1.5024775E+00   2.0860269E+00
   2.1294735E+01   5.2391128E-03  -1.3296741E+00  -1.4909534E+00   1.9977494E+00
   2.1318481E+01   6.1007850E-03  -1.2187301E+00  -1.4834768E+00   1.9199072E+00
   2.1340120E+01   6.1434316E-03  -1.1648042E+00  -1.4745290E+00   1.8791068E+00
   2.1363150E+01   7.4104071E-03  -1.0005506E+00  -1.4650321E+00   1.7741127E+00
   2.1386631E+01   4.3050069E-03  -8.6391211E-01  -1.4627990E+00   1.6988653E+00
   2.1409277E+01   8.3189290E-03  -7.8539604E-01  -1.4540889E+00   1.6526617E+00
   2.1431543E+01   6.9034342E-03  -6.1813766E-01  -1.4477618E+00   1.5742159E+00
   2.1454887E+01   6.2722764E-03  -5.5568647E-01  -1.4405442E+00   1.5440189E+00
   2.1478008E+01   6.5976642E-03  -3.9649421E-01  -1.4383618E+00   1.4920241E+00
   2.1499956E+01   7.3401206E-03  -2.9095483E-01  -1.4357301E+00   1.4649333E+00
   2.1523935E+01   5.9007695E-03  -1.7419809E-01  -1.4302518E+00   1.4408331E+00
   2.1546183E+01   7.4539310E-03  -5.3855158E-02  -1.4274389E+00   1.4284738E+00
   2.1569098E+01   6.1038602E-03   5.2294411E-02  -1.4258243E+00   1.4267960E+00
   2.1592041E+01   5.4152338E-03   1.5397781E-01  -1.4236609E+00   1.4319737E+00
   2.1614466E+01   4.7583897E-03   2.5574481E-01  -1.4223833E+00   1.4451998E+00
   2.1636686E+01   4.5216465E-03   3.3254400E-01  -1.4222399E+00   1.4606068E+00
   2.1660057E+01   4.3108980E-03   4.1377595E-01  -1.4220357E+00   1.4810182E+00
   2.1683393E+01   4.2867283E-03   4.9954900E-01  -1.4226732E+00   1.5078351E+00
   2.1705496E+01   3.0361472E-03   5.6641901E-01  -1.4236372E+00   1.5321822E+00
   2.1728827E+01   2.5988454E-03   6.1530542E-01  -1.4249265E+00   1.5521028E+00
   2.1750858E+01   2.3824801E-03   6.6206056E-01  -1.4265641E+00   1.5727094E+00
   2.1774061E+01   4.8158709E-03   7.1968979E-01  -1.4282845E+00   1.5993665E+00
   2.1796478E+01   1.8342352E-03   7.7435434E-01  -1.4294444E+00   1.6257120E+00
   2.1819502E+01   6.8280776E-04   8.1937021E-01  -1.4310324E+00   1.6490062E+00
   2.1841850E+01   4.7182399E-03   8.5097259E-01  -1.4347119E+00   1.6681052E+00
   2.1865320E+01   1.4430101E-03   8.9421946E-01  -1.4366456E+00   1.6922119E+00
   2.1887989E+01   1.2500059E-03   9.3538243E-01  -1.4401993E+00   1.7172990E+00
   2.1910337E+01   9.1152330E-04   9.7617644E-01  -1.4430285E+00   1.7421976E+00
   2.1933784E+01   3.8203089E-03   9.9858791E-01  -1.4469368E+00   1.7580724E+00
   2.1955944E+01  -2.7199499E-03   1.0471481E+00  -1.4479663E+00   1.7869340E+00
   2.1979315E+01   1.3192068E-03   1.0994008E+00  -1.4533967E+00   1.8223736E+00
   2.2001448E+01   1.0720312E-03   1.1554778E+00  -1.4587678E+00   1.8609496E+00
   2.2024811E+01   2.7602427E-03   1.2131592E+00  -1.4638709E+00   1.9012314E+00
   2.2048176E+01   1.8846745E-03   1.2280189E+00  -1.4678099E+00   1.9137659E+00
   2.2070309E+01   1.1157268E-03   1.3484739E+00  -1.4781522E+00   2.0008290E+00
   2.2093664E+01   1.6044079E-03   1.4294561E+00  -1.4853179E+00   2.0614357E+00
   2.2115788E+01   6.3798786E-04   1.4918140E+00  -1.4942000E+00   2.1114316E+00
   2.2139139E+01   6.5104919E-03   1.5691310E+00  -1.5059586E+00   2.1748853E+00
   2.2161264E+01  -1.4715640E-02   1.6730247E+00  -1.5260816E+00   2.2645426E+00
   2.2184580E+01   5.5278265E-03   1.7386448E+00  -1.5211692E+00   2.3101671E+00
   2.2207785E+01  -3.5806585E-03   1.8418794E+00  -1.5333275E+00   2.3965862E+00
   2.2229616E+01  -1.3466586E-03   1.9045218E+00  -1.5430988E+00   2.4511955E+00
   2.2252224E+01  -6.5086922E-03   1.9712011E+00  -1.5500177E+00   2.5076346E+00
   2.2274817E+01  -3.5966919E-03   2.0432761E+00  -1.5535311E+00   2.5667973E+00
   2.2298920E+01  -7.3632863E-03   2.0958405E+00  -1.5601534E+00   2.6127918E+00
   2.2321898E+01  -8.0677541E-03   2.1452041E+00  -1.5665212E+00   2.6563046E+00
   2.2343307E+01  -8.6543243E-03   2.1863472E+00  -1.5708485E+00   2.6921654E+00
   2.2367275E+01  -1.0838113E-02   2.2170746E+00  -1.5928246E+00   2.7299502E+00
   2.2389240E+01  -9.6054859E-03   2.2471390E+00  -1.6117474E+00   2.7654033E+00
   2.2412893E+01  -3.4111771E-03   2.2409606E+00  -1.6309747E+00   2.7716410E+00
   2.2435120E+01  -6.5481258E-03   2.2154746E+00  -1.6537812E+00   2.7646632E+00
   2.2457479E+01  -5.7106996E-03   2.1864893E+00  -1.6731886E+00   2.7532396E+00
   2.2480570E+01  -6.7192717E-03   2.1242087E+00  -1.6920689E+00   2.7157698E+00
   2.2504463E+01  -8.3757509E-03   2.0557666E+00  -1.7132980E+00   2.6761234E+00
   2.2525677E+01  -1.0146166E-02   1.9727993E+00  -1.7318020E+00   2.6251054E+00
   2.2549250E+01  -1.0066786E-02   1.8893950E+00  -1.7524562E+00   2.5770173E+00
   2.2572258E+01  -1.0826204E-02   1.7836603E+00  -1.7727537E+00   2.5147996E+00
   2.2595371E+01  -1.0668544E-02   1.6897634E+00  -1.7908676E+00   2.4622390E+00
   2.2617926E+01  -1.0205391E-02   1.5665405E+00  -1.8083321E+00   2.3925338E+00
   2.2640699E+01  -9.3520219E-03   1.3792696E+00  -1.8267534E+00   2.2889955E+00
   2.2663597E+01  -1.1114474E-02   1.1977273E+00  -1.8402281E+00   2.1957035E+00
   2.2686708E+01  -8.0968048E-03   1.0948902E+00  -1.8533648E+00   2.1526289E+00
   2.2708540E+01  -7.9071838E-03   9.3898892E-01  -1.8638390E+00   2.0870214E+00
   2.2731915E+01  -7.6903263E-03   7.7904135E-01  -1.8735505E+00   2.0290775E+00
   2.2753633E+01  -7.4525559E-03   6.3577825E-01  -1.8804224E+00   1.9850082E+00
   2.2777931E+01  -8.1637884E-03   4.4627708E-01  -1.8864292E+00   1.9385161E+00
   2.2801374E+01  -8.7173097E-03   2.6736903E-01  -1.8899980E+00   1.9088359E+00
