  flscon:  version 22.2.0.05  win64 2022 
 FLOW-3D   16:59:06  10/07/2023 bbyu     
   hydr3d   version  22.2.0.16 win64     09/12/2022 HYDRO    
 Simulation Template: Free Surface - TruVOF (Default)                            

Mesh Block   1
 printing pfxob, pfyob, pfzob, pfob       
       1     1002      0.000E+00      8.160E+00
   time              pfxob_1         pfyob_1         pfzob_1         pfob_1
   0.0000000E+00  -8.4616337E-04  -1.2436489E+00   6.5961224E-01   1.4077470E+00
   1.6178644E-03   5.2311279E-02   1.7349866E+02   1.4188953E-01   1.7349872E+02
   8.8103889E-03   6.5859390E-04  -3.6064401E-01   6.2806708E-01   7.2424632E-01
   1.6738882E-02   1.5560571E-03  -6.0052985E-01   6.3252211E-01   8.7219423E-01
   2.4437226E-02   3.4042096E-03  -8.3318591E-01   6.3727516E-01   1.0489662E+00
   3.3317495E-02   6.1378800E-03  -1.0015788E+00   6.4119887E-01   1.1892577E+00
   4.0463313E-02   3.7019013E-03  -1.1246021E+00   6.4091641E-01   1.2944177E+00
   4.8800852E-02   3.9996989E-03  -1.3048542E+00   6.3747656E-01   1.4522523E+00
   5.7028346E-02   6.1083748E-03  -1.4384966E+00   6.3333303E-01   1.5717572E+00
   6.5069593E-02  -2.4426633E-03  -1.5899202E+00   6.3216799E-01   1.7109905E+00
   7.3131308E-02  -9.8607866E-03  -1.7439913E+00   6.3542002E-01   1.8561684E+00
   8.1444249E-02   8.5988146E-04  -1.8556439E+00   6.4041072E-01   1.9630438E+00
   9.0291150E-02   1.2072487E-02  -2.0102205E+00   6.4655250E-01   2.1116729E+00
   9.7701021E-02   1.4105394E-02  -2.0933976E+00   6.4967513E-01   2.1919374E+00
   1.0574845E-01   4.3330356E-03  -2.1972103E+00   6.5132892E-01   2.2917202E+00
   1.1416716E-01   2.0267493E-03  -2.3458867E+00   6.5643781E-01   2.4360006E+00
   1.2236382E-01   1.1389583E-02  -2.4317679E+00   6.6201079E-01   2.5202942E+00
   1.3000180E-01   7.4080718E-03  -2.5587401E+00   6.6799593E-01   2.6445084E+00
   1.3862431E-01  -5.3751385E-03  -2.6232641E+00   6.7364907E-01   2.7083845E+00
   1.4644468E-01   1.4758890E-02  -2.6880481E+00   6.7936683E-01   2.7726088E+00
   1.5436356E-01   1.9384105E-02  -2.7225673E+00   6.8099737E-01   2.8065114E+00
   1.6310109E-01  -4.5333778E-05  -2.7787488E+00   6.8554002E-01   2.8620639E+00
   1.7137468E-01  -8.3281286E-03  -2.8345263E+00   6.8902171E-01   2.9170806E+00
   1.8006063E-01  -1.3117561E-02  -2.8820782E+00   6.9551516E-01   2.9648421E+00
   1.8710987E-01  -7.8759243E-04  -2.9030929E+00   7.0391011E-01   2.9872124E+00
   1.9592150E-01   1.9159829E-02  -2.8982012E+00   7.0994681E-01   2.9839509E+00
   2.0331426E-01  -4.4374736E-03  -2.9186778E+00   7.0789021E-01   3.0032995E+00
   2.1168730E-01   3.9061373E-03  -2.9070003E+00   7.1164405E-01   2.9928420E+00
   2.1983956E-01   6.7666862E-03  -2.8693352E+00   7.1281320E-01   2.9565578E+00
   2.2807267E-01   6.8265172E-03  -2.8338592E+00   7.1271008E-01   2.9221158E+00
   2.3639089E-01  -7.4681481E-03  -2.7673671E+00   7.1657211E-01   2.8586452E+00
   2.4493016E-01   6.2414734E-03  -2.6879523E+00   7.1577585E-01   2.7816293E+00
   2.5312045E-01   6.2247757E-03  -2.6062524E+00   7.1845388E-01   2.7034731E+00
   2.6089120E-01   5.9839063E-03  -2.5050871E+00   7.1487969E-01   2.6051009E+00
   2.6875982E-01   8.5450718E-03  -2.3954406E+00   7.1232969E-01   2.4991243E+00
   2.7783591E-01   2.5086122E-02  -2.2769897E+00   7.1980238E-01   2.3881848E+00
   2.8566414E-01  -1.1037271E-02  -2.1213303E+00   7.2019970E-01   2.2402792E+00
   2.9416636E-01   6.8799411E-03  -1.9621807E+00   7.2506034E-01   2.0918684E+00
   3.0203000E-01   1.0593816E-02  -1.7673836E+00   7.2589725E-01   1.9106762E+00
   3.0976960E-01   4.7736145E-03  -1.7460544E+00   7.3238826E-01   1.8934417E+00
   3.1780159E-01   1.8446393E-02  -1.5167931E+00   7.3471761E-01   1.6854708E+00
   3.2599306E-01  -1.8369559E-02  -1.4025815E+00   7.4261355E-01   1.5871506E+00
   3.3407056E-01  -1.8407274E-02  -1.2133589E+00   7.4428833E-01   1.4235673E+00
   3.4278926E-01  -1.3229141E-02  -1.0299466E+00   7.4388516E-01   1.2705629E+00
   3.5073450E-01  -5.8020893E-03  -8.1781244E-01   7.4759823E-01   1.1080406E+00
   3.5865459E-01  -1.2456793E-02  -6.9027156E-01   7.5027633E-01   1.0195806E+00
   3.6695284E-01  -5.2444306E-03  -4.8260793E-01   7.5277436E-01   8.9420754E-01
   3.7555408E-01   3.5810634E-02  -2.5769565E-01   7.5463456E-01   7.9822475E-01
   3.8344005E-01  -1.5206190E-02  -1.0286883E-01   7.5816065E-01   7.6525867E-01
   3.9197785E-01  -1.8042428E-02   6.5317489E-02   7.6115686E-01   7.6416731E-01
   3.9988434E-01   1.6462913E-02   2.4344343E-01   7.6378840E-01   8.0181575E-01
   4.0769303E-01  -6.1612828E-03   4.2963293E-01   7.6651657E-01   8.7873209E-01
   4.1645920E-01  -7.9477150E-03   6.5986967E-01   7.5226063E-01   1.0006933E+00
   4.2427808E-01   2.8363943E-02   7.9929221E-01   7.6085061E-01   1.1038868E+00
   4.3292859E-01   1.2214804E-02   9.7062230E-01   7.8182006E-01   1.2463946E+00
   4.4086879E-01  -1.7648781E-02   1.1184169E+00   7.9447967E-01   1.3719934E+00
   4.4952300E-01  -2.7135389E-03   1.2827591E+00   7.9631919E-01   1.5098352E+00
   4.5684433E-01   6.1091459E-03   1.3973323E+00   7.9879510E-01   1.6095492E+00
   4.6453163E-01   7.1794726E-03   1.5934595E+00   8.0852085E-01   1.7868606E+00
   4.7351041E-01   1.3601085E-02   1.7613093E+00   8.0364054E-01   1.9360355E+00
   4.8165920E-01   1.7838275E-02   1.9224195E+00   7.9527903E-01   2.0805008E+00
   4.8993492E-01  -1.1451690E-02   2.0454264E+00   8.1016910E-01   2.2000623E+00
   4.9847898E-01   1.5875518E-02   2.2047849E+00   7.9789281E-01   2.3447733E+00
   5.0567067E-01   3.1431612E-02   2.3270986E+00   8.0947107E-01   2.4640656E+00
   5.1443434E-01  -1.4720804E-03   2.4721017E+00   8.1321019E-01   2.6024220E+00
   5.2241874E-01   5.0214734E-03   2.6000409E+00   8.1326014E-01   2.7242670E+00
   5.3086632E-01   2.2205528E-02   2.7165616E+00   8.1103122E-01   2.8351316E+00
   5.3870112E-01   1.0567740E-02   2.8429582E+00   8.0724680E-01   2.9553630E+00
   5.4653031E-01   1.8601375E-02   2.9237838E+00   8.0362731E-01   3.0322721E+00
   5.5537444E-01   2.2523541E-02   3.0076210E+00   7.9897320E-01   3.1120172E+00
   5.6305504E-01  -9.0800077E-03   3.0800159E+00   7.9454482E-01   3.1808619E+00
   5.7101429E-01   1.7087905E-02   3.1601036E+00   7.8849649E-01   3.2570345E+00
   5.7950783E-01  -1.1189144E-02   3.2519464E+00   7.8128874E-01   3.3445020E+00
   5.8812588E-01  -2.7168263E-03   3.2984281E+00   7.7204585E-01   3.3875787E+00
   5.9564966E-01   1.0226108E-02   3.3425894E+00   7.6578760E-01   3.4292040E+00
   6.0440773E-01  -3.3422559E-03   3.3939300E+00   7.5988865E-01   3.4779596E+00
   6.1198324E-01  -2.3824752E-03   3.4284570E+00   7.5417304E-01   3.5104275E+00
   6.2016237E-01   1.3202532E-02   3.4412854E+00   7.4427485E-01   3.5208755E+00
   6.2833029E-01   8.0857333E-03   3.4666638E+00   7.3817784E-01   3.5443943E+00
   6.3591063E-01   1.7217324E-03   3.4498322E+00   7.3025739E-01   3.5262759E+00
   6.4416796E-01  -1.0826688E-03   3.4236915E+00   7.1872944E-01   3.4983191E+00
   6.5344256E-01  -1.7658857E-03   3.3577974E+00   7.1036559E-01   3.4321167E+00
   6.6093272E-01  -2.7088825E-02   3.3111300E+00   7.0392394E-01   3.3852363E+00
   6.6931111E-01   1.1286149E-02   3.2557676E+00   6.9566220E-01   3.3292787E+00
   6.7702979E-01  -7.5306632E-03   3.1344252E+00   6.9325483E-01   3.2101839E+00
   6.8559551E-01  -8.0647739E-03   3.0554166E+00   6.8001491E-01   3.1301844E+00
   6.9303650E-01   4.5414297E-03   2.9430754E+00   6.7417914E-01   3.0193095E+00
   7.0236820E-01  -1.7131142E-03   2.7767231E+00   6.6539657E-01   2.8553367E+00
   7.1046960E-01   1.0230264E-02   2.6259694E+00   6.5809834E-01   2.7071967E+00
   7.1819144E-01   5.4262914E-03   2.4377306E+00   6.5053231E-01   2.5230441E+00
   7.2680390E-01   2.1129542E-03   2.2751217E+00   6.4222008E-01   2.3640282E+00
   7.3392689E-01   1.5764795E-02   2.0919366E+00   6.3617092E-01   2.1865866E+00
   7.4201673E-01   9.1244252E-03   1.8917216E+00   6.3166022E-01   1.9944143E+00
   7.5106287E-01   9.5187305E-03   1.6582063E+00   6.2147337E-01   1.7708665E+00
   7.5880355E-01  -6.5551937E-04   1.4011482E+00   6.1620098E-01   1.5306602E+00
   7.6726854E-01  -2.2050491E-02   1.2396452E+00   6.1448532E-01   1.3837626E+00
   7.7504450E-01   1.7696396E-02   9.9104559E-01   6.1605895E-01   1.1670532E+00
   7.8292859E-01   1.1767518E-02   7.6475370E-01   6.1392164E-01   9.8075807E-01
   7.9127073E-01   1.3869037E-02   5.1888990E-01   6.1555004E-01   8.0519623E-01
   7.9961962E-01   1.0521211E-02   3.1130543E-01   6.1546338E-01   6.8979484E-01
   8.0747932E-01   1.2925933E-02   3.6699075E-02   6.1766088E-01   6.1888516E-01
   8.1575662E-01   1.2310421E-02  -1.6227366E-01   6.1981177E-01   6.4082050E-01
   8.2366842E-01   2.0195693E-02  -3.9903718E-01   6.2146312E-01   7.3881996E-01
   8.3282703E-01   1.2451123E-02  -6.7319715E-01   6.2232715E-01   9.1686445E-01
   8.4013122E-01   7.9517430E-03  -8.4771764E-01   6.2479043E-01   1.0531151E+00
   8.4913188E-01   2.1829830E-02  -1.0524331E+00   6.2517685E-01   1.2243114E+00
   8.5689640E-01   2.2361534E-02  -1.2685454E+00   6.2760496E-01   1.4154842E+00
   8.6472255E-01   1.8036827E-02  -1.4814507E+00   6.3202959E-01   1.6107398E+00
   8.7281924E-01   1.6711097E-02  -1.6348505E+00   6.3471061E-01   1.7538167E+00
   8.8104755E-01   1.4604396E-02  -1.8344982E+00   6.3887471E-01   1.9426162E+00
   8.8907057E-01   1.2604170E-02  -1.9815519E+00   6.3999432E-01   2.0823784E+00
   8.9794958E-01   9.2139356E-03  -2.1661997E+00   6.4553714E-01   2.2603593E+00
   9.0614122E-01   2.4690207E-02  -2.3386691E+00   6.4856786E-01   2.4270604E+00
   9.1439420E-01   5.9933839E-03  -2.4886458E+00   6.5208030E-01   2.5726645E+00
   9.2204267E-01   1.0965608E-02  -2.5939157E+00   6.5525800E-01   2.6754220E+00
   9.2983043E-01   4.7542501E-04  -2.7456403E+00   6.5875816E-01   2.8235621E+00
   9.3823195E-01  -3.1251591E-04  -2.8294337E+00   6.6253895E-01   2.9059684E+00
   9.4657433E-01   1.2467724E-02  -2.9644415E+00   6.6758662E-01   3.0387073E+00
   9.5508409E-01   1.2676234E-02  -3.0369883E+00   6.7100519E-01   3.1102583E+00
   9.6334976E-01   3.5791895E-03  -3.1082287E+00   6.7554957E-01   3.1807964E+00
   9.7104639E-01   4.2729941E-03  -3.1466889E+00   6.8230343E-01   3.2198148E+00
   9.7958910E-01  -3.4498260E-03  -3.1929994E+00   6.8578017E-01   3.2658157E+00
   9.8685598E-01  -5.3280024E-03  -3.2322612E+00   6.8957454E-01   3.3050044E+00
   9.9518871E-01  -1.2884470E-02  -3.2409065E+00   6.9595730E-01   3.3148148E+00
   1.0036615E+00   6.0543623E-03  -3.2197163E+00   6.9990331E-01   3.2949164E+00
   1.0120002E+00   5.7264753E-03  -3.2144072E+00   7.0276707E-01   3.2903385E+00
   1.0203339E+00  -1.4125452E-03  -3.1752334E+00   7.1193206E-01   3.2540677E+00
   1.0287112E+00  -1.2085307E-02  -3.1124594E+00   7.1321839E-01   3.1931536E+00
   1.0358546E+00   2.2382785E-02  -3.0651937E+00   7.1829891E-01   3.1483119E+00
   1.0443066E+00   5.6873732E-03  -2.9797010E+00   7.2064078E-01   3.0656114E+00
   1.0527639E+00   8.6938580E-03  -2.9113967E+00   7.2217387E-01   2.9996402E+00
   1.0609232E+00  -7.5455899E-03  -2.8409121E+00   7.2445869E-01   2.9318388E+00
   1.0695535E+00  -8.1445723E-05  -2.7335737E+00   7.3122329E-01   2.8296840E+00
   1.0770531E+00   2.8831488E-03  -2.5898035E+00   7.3260599E-01   2.6914313E+00
   1.0857075E+00  -6.5888986E-03  -2.4643419E+00   7.3393369E-01   2.5713193E+00
   1.0933685E+00  -6.3788909E-03  -2.3459330E+00   7.3516810E-01   2.4584374E+00
   1.1015468E+00   3.0195126E-03  -2.2041240E+00   7.3484975E-01   2.3233974E+00
   1.1101465E+00   4.3873088E-03  -2.0298305E+00   7.3551434E-01   2.1589839E+00
   1.1181505E+00  -9.1064079E-03  -1.9232333E+00   7.4098790E-01   2.0610609E+00
   1.1261623E+00  -3.8263425E-03  -1.7776724E+00   7.3939425E-01   1.9253149E+00
   1.1343337E+00   2.1498192E-02  -1.5996518E+00   7.3892051E-01   1.7622007E+00
   1.1419584E+00   7.3186145E-03  -1.4647679E+00   7.4874258E-01   1.6450574E+00
   1.1510531E+00  -3.4378346E-03  -1.2433995E+00   7.5106615E-01   1.4526371E+00
   1.1584063E+00   1.4755422E-02  -1.1174440E+00   7.5101846E-01   1.3464500E+00
   1.1670357E+00   1.3755352E-02  -9.8818427E-01   7.5348055E-01   1.2427511E+00
   1.1750164E+00  -1.0964908E-02  -6.4493912E-01   7.6085931E-01   9.9748367E-01
   1.1830407E+00   9.1287941E-03  -5.3462154E-01   7.5941193E-01   9.2876798E-01
   1.1913613E+00   1.2303311E-02  -3.2535928E-01   7.6123512E-01   8.2794255E-01
   1.1990700E+00   1.6413407E-02  -1.2872232E-01   7.6208037E-01   7.7304935E-01
   1.2079798E+00   5.7097119E-03   3.9534081E-02   7.6180434E-01   7.6285082E-01
   1.2158540E+00   2.0794205E-02   1.6963653E-01   7.7176714E-01   7.9046404E-01
   1.2235107E+00   1.6112771E-02   3.7276879E-01   7.7310783E-01   8.5843575E-01
   1.2323883E+00   4.1529508E-03   6.2789810E-01   7.5455028E-01   9.8164111E-01
   1.2401899E+00   1.0829991E-02   7.8237045E-01   7.8489751E-01   1.1082802E+00
   1.2489539E+00   1.8583600E-03   9.8914641E-01   7.9043877E-01   1.2661784E+00
   1.2568935E+00  -1.2197262E-02   1.1373190E+00   7.8011656E-01   1.3792118E+00
   1.2650501E+00   1.6667128E-02   1.2882174E+00   7.8930521E-01   1.5108887E+00
   1.2726105E+00   2.1016981E-02   1.5100083E+00   7.9704791E-01   1.7075866E+00
   1.2806692E+00   8.9308264E-04   1.6536117E+00   7.9915929E-01   1.8365968E+00
   1.2891722E+00  -5.3666253E-04   1.8232062E+00   8.0035901E-01   1.9911443E+00
   1.2976694E+00   2.6899680E-02   1.9685912E+00   8.1805688E-01   2.1319690E+00
   1.3054875E+00  -7.1497653E-03   2.1937497E+00   8.1414533E-01   2.3399618E+00
   1.3135821E+00   1.1003268E-03   2.2795420E+00   8.1525558E-01   2.4209409E+00
   1.3218389E+00   8.3609372E-03   2.4408000E+00   8.3586299E-01   2.5799692E+00
   1.3298626E+00  -1.6153675E-02   2.5763085E+00   8.2372487E-01   2.7048380E+00
   1.3384277E+00   4.5965868E-03   2.6885946E+00   8.2508934E-01   2.8123538E+00
   1.3457227E+00  -3.0686569E-03   2.7944107E+00   8.2193065E-01   2.9127839E+00
   1.3542360E+00  -1.1460193E-02   2.9229503E+00   8.2076007E-01   3.0360200E+00
   1.3621826E+00  -1.5151544E-02   3.0622625E+00   8.1086928E-01   3.1678369E+00
   1.3712947E+00   1.8660491E-02   3.1727250E+00   8.0633843E-01   3.2736392E+00
   1.3790908E+00  -3.2810621E-02   3.2921226E+00   8.0061001E-01   3.3882332E+00
   1.3878227E+00  -7.7271215E-03   3.3686128E+00   7.9088831E-01   3.4602189E+00
   1.3952483E+00  -4.7131237E-03   3.4234307E+00   7.8120357E-01   3.5114353E+00
   1.4029992E+00   2.3829278E-02   3.4994707E+00   7.7247101E-01   3.5837934E+00
   1.4120563E+00   1.2541360E-02   3.5331526E+00   7.6184821E-01   3.6143792E+00
   1.4194728E+00  -2.8027017E-03   3.5539744E+00   7.5781858E-01   3.6338727E+00
   1.4284105E+00   7.8378879E-03   3.5750155E+00   7.4643964E-01   3.6521184E+00
   1.4366394E+00  -1.9548426E-04   3.5727518E+00   7.3505592E-01   3.6475830E+00
   1.4444327E+00  -6.1523967E-04   3.5802715E+00   7.2631270E-01   3.6532004E+00
   1.4524250E+00  -3.9828558E-02   3.5203679E+00   7.1960247E-01   3.5933836E+00
   1.4600021E+00   1.6922031E-03   3.4942503E+00   7.0966810E-01   3.5655878E+00
   1.4688246E+00   1.5822843E-02   3.3885584E+00   6.9821399E-01   3.4597807E+00
   1.4765866E+00  -1.6743788E-03   3.3331141E+00   6.9556820E-01   3.4049182E+00
   1.4849703E+00   4.5788763E-03   3.2049134E+00   6.8650347E-01   3.2776177E+00
   1.4930348E+00  -7.1834992E-03   3.0955126E+00   6.7315292E-01   3.1678674E+00
   1.5012238E+00   2.4343049E-02   2.9524748E+00   6.6388184E-01   3.0262914E+00
   1.5091817E+00   7.3363050E-03   2.8273787E+00   6.5908223E-01   2.9031901E+00
   1.5179861E+00   8.4644845E-03   2.6316559E+00   6.5137458E-01   2.7110834E+00
   1.5259699E+00   8.5538365E-03   2.4050574E+00   6.5127134E-01   2.4916918E+00
   1.5344523E+00   1.2485296E-02   2.2778616E+00   6.3570219E-01   2.3649368E+00
   1.5418874E+00   2.9758487E-03   2.0773599E+00   6.2417966E-01   2.1691089E+00
   1.5509003E+00   4.9115213E-05   1.8615546E+00   6.2065035E-01   1.9622927E+00
   1.5584910E+00  -6.8724449E-03   1.6365004E+00   6.1951524E-01   1.7498513E+00
   1.5664986E+00  -4.4188490E-03   1.4635168E+00   6.1459321E-01   1.5873330E+00
   1.5752465E+00   3.9864378E-03   1.2272788E+00   6.1230981E-01   1.3715512E+00
   1.5831416E+00   6.3397996E-03   9.8566371E-01   6.0930395E-01   1.1588030E+00
   1.5913877E+00   9.3266107E-03   7.8483623E-01   6.0812664E-01   9.9291128E-01
   1.5988210E+00   8.9129265E-03   5.2153015E-01   6.1110258E-01   8.0344230E-01
   1.6077292E+00   1.0581286E-02   3.1202248E-01   6.1273396E-01   6.8768662E-01
   1.6156878E+00  -7.6738424E-03   3.8635139E-03   6.1657190E-01   6.1663175E-01
   1.6241257E+00   6.4369086E-03  -1.8907274E-01   6.1819053E-01   6.4649010E-01
   1.6321250E+00   1.4897844E-02  -3.8960305E-01   6.1791539E-01   7.3063803E-01
   1.6400635E+00   1.3857782E-02  -6.2114489E-01   6.1545897E-01   8.7453002E-01
   1.6483910E+00  -6.7164237E-03  -8.5110027E-01   6.1644065E-01   1.0509119E+00
   1.6570684E+00   1.0222067E-02  -1.0583587E+00   6.2000358E-01   1.2266344E+00
   1.6651567E+00   3.8950068E-03  -1.2969217E+00   6.2171179E-01   1.4382443E+00
   1.6729647E+00   1.5508467E-02  -1.4659429E+00   6.2680668E-01   1.5944014E+00
   1.6807246E+00   1.4454547E-02  -1.6423833E+00   6.3030368E-01   1.7592369E+00
   1.6889470E+00   8.0408612E-03  -1.8486017E+00   6.2825912E-01   1.9524606E+00
   1.6972435E+00   1.9566396E-02  -1.9900331E+00   6.3797963E-01   2.0898881E+00
   1.7057840E+00   6.5713674E-03  -2.1790671E+00   6.4354253E-01   2.2721188E+00
   1.7133207E+00   7.5475681E-03  -2.3307035E+00   6.4605784E-01   2.4186003E+00
   1.7218496E+00   1.6988417E-02  -2.4549427E+00   6.5361315E-01   2.5405202E+00
   1.7303381E+00   1.0012680E-02  -2.5772538E+00   6.5753400E-01   2.6598287E+00
   1.7386199E+00   2.5665781E-03  -2.7098117E+00   6.6201007E-01   2.7895060E+00
   1.7466816E+00   1.8172953E-02  -2.8000257E+00   6.6281313E-01   2.8774636E+00
   1.7539513E+00   3.8172444E-03  -2.9000053E+00   6.6572797E-01   2.9754393E+00
   1.7620469E+00   3.3463709E-04  -2.9637055E+00   6.7097491E-01   3.0387099E+00
   1.7705693E+00   5.0365855E-03  -3.0322828E+00   6.7417949E-01   3.1063294E+00
   1.7791076E+00   9.4244797E-03  -3.0638061E+00   6.7965972E-01   3.1383011E+00
   1.7873989E+00   1.4711968E-02  -3.1007452E+00   6.8112993E-01   3.1747088E+00
   1.7953964E+00  -5.0924573E-04  -3.1284864E+00   6.8901169E-01   3.2034612E+00
   1.8033091E+00  -9.9033285E-03  -3.1467736E+00   6.9220906E-01   3.2220235E+00
   1.8111739E+00   7.2700824E-03  -3.1537054E+00   6.9638127E-01   3.2296839E+00
   1.8196720E+00   2.6206419E-02  -3.1119199E+00   7.0613664E-01   3.1911378E+00
   1.8282250E+00  -1.3629254E-03  -3.0293822E+00   7.1422058E-01   3.1124380E+00
   1.8362093E+00  -1.4478528E-03  -2.9775035E+00   7.1305031E-01   3.0616941E+00
   1.8439666E+00  -5.2258279E-04  -2.8697057E+00   7.1405947E-01   2.9572103E+00
   1.8524541E+00  -7.2483206E-03  -2.8181696E+00   7.1671504E-01   2.9078882E+00
   1.8608149E+00   7.3049790E-03  -2.7284746E+00   7.2300959E-01   2.8226531E+00
   1.8690764E+00   4.2814971E-03  -2.6559634E+00   7.2428644E-01   2.7529531E+00
   1.8763425E+00  -3.3092662E-03  -2.4816031E+00   7.2449356E-01   2.5851994E+00
   1.8853232E+00   1.3203165E-02  -2.3505864E+00   7.2649229E-01   2.4603295E+00
   1.8929834E+00  -1.0133499E-02  -2.2345638E+00   7.2872907E-01   2.3504093E+00
   1.9008942E+00  -5.6871814E-03  -2.0693045E+00   7.3028713E-01   2.1943958E+00
   1.9097468E+00  -5.7528622E-04  -1.9413379E+00   7.3969048E-01   2.0774829E+00
   1.9177058E+00  -9.9396575E-03  -1.7504809E+00   7.3663998E-01   1.8991895E+00
   1.9259167E+00   2.1542808E-02  -1.5879372E+00   7.4883193E-01   1.7557784E+00
   1.9339863E+00  -8.5208220E-03  -1.4271923E+00   7.5001180E-01   1.6122867E+00
   1.9416763E+00  -6.9178049E-03  -1.2251084E+00   7.5332886E-01   1.4382082E+00
   1.9506491E+00   3.4175932E-03  -1.0336064E+00   7.5685179E-01   1.2810849E+00
   1.9581120E+00   2.1719411E-03  -8.4953648E-01   7.5763214E-01   1.1382985E+00
   1.9664629E+00  -1.1039157E-02  -5.9332722E-01   7.6025748E-01   9.6444309E-01
   1.9744834E+00   1.2373826E-02  -4.3521005E-01   7.6272768E-01   8.7824506E-01
   1.9829103E+00  -8.9630755E-03  -2.3116203E-01   7.6417840E-01   7.9842645E-01
   1.9908817E+00   4.2185456E-02   5.0608264E-03   7.6433831E-01   7.6551831E-01
   1.9993095E+00  -2.1532359E-02   1.8051434E-01   7.6849687E-01   7.8970659E-01
   2.0071697E+00   1.2945954E-02   3.1432953E-01   7.7224118E-01   8.3386278E-01
   2.0152302E+00  -2.2132495E-02   5.3993958E-01   7.7245903E-01   9.4271821E-01
   2.0237007E+00  -8.3781369E-03   8.3721727E-01   7.7470410E-01   1.1406881E+00
   2.0317762E+00  -7.6686400E-03   1.0009109E+00   7.8097326E-01   1.2695671E+00
   2.0397460E+00  -7.4144923E-03   1.1543671E+00   7.8447485E-01   1.3957146E+00
   2.0480380E+00   6.4745406E-03   1.3187274E+00   7.9682821E-01   1.5407852E+00
   2.0562699E+00   9.4608497E-03   1.5400510E+00   7.9638648E-01   1.7338045E+00
   2.0650969E+00   1.0435414E-02   1.7304299E+00   8.0525500E-01   1.9086467E+00
   2.0730786E+00   5.3689219E-03   1.9348074E+00   8.1838840E-01   2.1007779E+00
   2.0805573E+00   8.3674602E-03   2.0467050E+00   8.0714327E-01   2.2001255E+00
   2.0892801E+00  -1.4009099E-02   2.1982980E+00   8.1268746E-01   2.3437514E+00
   2.0969243E+00  -1.6333594E-03   2.4117324E+00   8.1372958E-01   2.5453119E+00
   2.1053538E+00  -9.9865813E-03   2.5890872E+00   8.2290703E-01   2.7167349E+00
   2.1133742E+00   1.9109368E-03   2.7344272E+00   8.3309942E-01   2.8585224E+00
   2.1218865E+00   1.4539789E-02   2.9190543E+00   8.2929742E-01   3.0346043E+00
   2.1301246E+00   6.5486035E-03   3.0342274E+00   8.3639282E-01   3.1474009E+00
   2.1380386E+00  -6.4149039E-04   3.1778460E+00   8.2833761E-01   3.2840292E+00
   2.1456699E+00   1.7440716E-03   3.2924054E+00   8.2190257E-01   3.3934436E+00
   2.1538575E+00   8.4479107E-03   3.4157417E+00   8.2870072E-01   3.5148411E+00
   2.1625521E+00   5.9942473E-03   3.5523651E+00   8.1465977E-01   3.6445856E+00
   2.1702056E+00   3.1574145E-03   3.6551709E+00   8.1502670E-01   3.7449369E+00
   2.1783793E+00  -2.2323966E-02   3.7398672E+00   8.0300635E-01   3.8251700E+00
   2.1870346E+00   2.6868293E-02   3.7840457E+00   7.9818904E-01   3.8674061E+00
   2.1947539E+00   4.4572065E-03   3.9343672E+00   7.8917354E-01   4.0127373E+00
   2.2029641E+00  -1.0177752E-03   3.9900665E+00   7.8045452E-01   4.0656786E+00
   2.2116342E+00  -3.6774955E-03   4.0425324E+00   7.7123886E-01   4.1154456E+00
   2.2194502E+00  -4.6141022E-03   4.0643511E+00   7.6465356E-01   4.1356578E+00
   2.2277331E+00   6.0208500E-03   4.0379696E+00   7.5417924E-01   4.1078000E+00
   2.2356031E+00  -6.4083575E-03   4.0673213E+00   7.4682379E-01   4.1353221E+00
   2.2444441E+00  -1.7208502E-03   4.0096564E+00   7.3330450E-01   4.0761604E+00
   2.2516131E+00   1.0545703E-03   4.0048161E+00   7.2824180E-01   4.0704899E+00
   2.2603729E+00   2.2965567E-03   3.9125059E+00   7.1822786E-01   3.9778838E+00
   2.2680111E+00  -1.0696437E-02   3.8689775E+00   7.0945555E-01   3.9335010E+00
   2.2762439E+00   9.3977628E-03   3.7676518E+00   6.9778472E-01   3.8317349E+00
   2.2848704E+00  -1.3902708E-02   3.6493726E+00   6.8543243E-01   3.7132103E+00
   2.2927451E+00  -1.4079708E-02   3.5373371E+00   6.8382126E-01   3.6028550E+00
   2.3009040E+00   1.8341424E-02   3.4055114E+00   6.7130369E-01   3.4710939E+00
   2.3093822E+00   1.4442166E-03   3.2357101E+00   6.6358358E-01   3.3030541E+00
   2.3174052E+00   1.5913749E-02   3.0352097E+00   6.5640849E-01   3.1054184E+00
   2.3254304E+00  -2.3306020E-02   2.9634778E+00   6.4906585E-01   3.0338144E+00
   2.3338022E+00   2.2482026E-02   2.6597352E+00   6.4194673E-01   2.7362003E+00
   2.3417897E+00   7.3771863E-03   2.4585145E+00   6.3921177E-01   2.5402637E+00
   2.3497760E+00   8.7202536E-03   2.2544849E+00   6.3542575E-01   2.3423371E+00
   2.3578711E+00   6.5428079E-03   2.0470176E+00   6.3189840E-01   2.1423397E+00
   2.3663402E+00   1.6848443E-02   1.8241041E+00   6.2936491E-01   1.9296993E+00
   2.3749418E+00   2.8674768E-02   1.5227566E+00   6.2819409E-01   1.6474943E+00
   2.3823514E+00   2.1876456E-02   1.3887750E+00   6.2763298E-01   1.5241711E+00
   2.3911114E+00   2.3261266E-02   1.1294080E+00   6.2927473E-01   1.2930933E+00
   2.3992779E+00   2.0018406E-02   8.8794434E-01   6.2736827E-01   1.0873991E+00
   2.4071641E+00   1.8781383E-02   6.3429868E-01   6.2799305E-01   8.9278376E-01
   2.4157822E+00   2.8910385E-02   3.8897914E-01   6.2772316E-01   7.3903787E-01
   2.4234974E+00   4.0760659E-02   1.7992927E-01   6.2963462E-01   6.5610647E-01
   2.4319422E+00   2.0753674E-02  -4.3989733E-02   6.3148052E-01   6.3335097E-01
   2.4398909E+00   2.8124629E-02  -2.4529827E-01   6.3635200E-01   6.8257314E-01
   2.4482696E+00   1.4508077E-02  -5.1114869E-01   6.4060587E-01   8.1967026E-01
   2.4558661E+00   2.0848101E-02  -7.0235538E-01   6.4455527E-01   9.5351416E-01
   2.4645932E+00  -5.7231560E-03  -9.1268003E-01   6.5112346E-01   1.1211509E+00
   2.4722652E+00   1.6629752E-02  -1.1134208E+00   6.5624595E-01   1.2925329E+00
   2.4807842E+00   3.6445443E-02  -1.3018816E+00   6.5946203E-01   1.4598335E+00
   2.4889150E+00   1.4316132E-02  -1.5010034E+00   6.6366702E-01   1.6412404E+00
   2.4967139E+00   2.1681625E-02  -1.6694354E+00   6.6769683E-01   1.7981389E+00
   2.5051923E+00   1.2753472E-02  -1.8440868E+00   6.7073500E-01   1.9623210E+00
   2.5133760E+00   1.6343664E-02  -1.9621642E+00   6.7119867E-01   2.0738523E+00
   2.5211310E+00  -1.5510811E-02  -2.1061728E+00   6.7561626E-01   2.2119362E+00
   2.5295911E+00   1.3667074E-02  -2.2202184E+00   6.7725527E-01   2.3212564E+00
   2.5381126E+00   1.3840943E-02  -2.3338807E+00   6.7910218E-01   2.4307141E+00
   2.5453634E+00   9.4126575E-03  -2.4371929E+00   6.8150717E-01   2.5307014E+00
   2.5545630E+00   1.5344840E-02  -2.5374274E+00   6.8284881E-01   2.6277473E+00
   2.5622191E+00   2.3844035E-02  -2.5726388E+00   6.8821627E-01   2.6632087E+00
   2.5700848E+00   1.6966121E-02  -2.6528821E+00   6.9135582E-01   2.7415404E+00
   2.5787148E+00   1.3493831E-02  -2.6748474E+00   7.0070505E-01   2.7651362E+00
   2.5861337E+00   1.2172005E-02  -2.6652541E+00   7.0586103E-01   2.7571666E+00
   2.5950274E+00   4.7290212E-04  -2.6946039E+00   7.1376824E-01   2.7875357E+00
   2.6031806E+00  -7.2089494E-03  -2.6658180E+00   7.1847218E-01   2.7609491E+00
   2.6112058E+00  -1.3771562E-03  -2.6013505E+00   7.1924299E-01   2.6989512E+00
   2.6191795E+00   1.5610587E-02  -2.6466951E+00   7.2718948E-01   2.7448213E+00
   2.6277983E+00   8.5405791E-03  -2.5765293E+00   7.2877711E-01   2.6776280E+00
   2.6360183E+00   3.8932043E-03  -2.4949872E+00   7.3811662E-01   2.6018825E+00
   2.6436179E+00   1.0748623E-02  -2.4454033E+00   7.3493350E-01   2.5534761E+00
   2.6520312E+00   6.5607480E-03  -2.2799416E+00   7.3812085E-01   2.3964555E+00
   2.6602311E+00   3.4281828E-03  -2.2252412E+00   7.4353170E-01   2.3461778E+00
   2.6682088E+00   1.2571384E-02  -2.0457475E+00   7.4489027E-01   2.1771777E+00
   2.6766520E+00  -4.3508052E-03  -2.0092146E+00   7.5681478E-01   2.1470284E+00
   2.6844876E+00   1.8739399E-02  -1.8235811E+00   7.5899678E-01   1.9753165E+00
   2.6933289E+00  -3.8412169E-03  -1.7110926E+00   7.6457918E-01   1.8741488E+00
   2.7012279E+00  -1.2895343E-02  -1.5348058E+00   7.6982445E-01   1.7170978E+00
   2.7087812E+00   6.3912054E-03  -1.3682479E+00   7.7185911E-01   1.5709581E+00
   2.7176392E+00  -7.1538878E-03  -1.2071916E+00   7.7473623E-01   1.4344263E+00
   2.7259817E+00  -1.2575151E-02  -1.0112863E+00   7.7733123E-01   1.2755791E+00
   2.7332025E+00  -2.6963495E-02  -8.4393805E-01   7.8053641E-01   1.1498677E+00
   2.7419803E+00   1.9294070E-02  -6.9313222E-01   7.8391063E-01   1.0465755E+00
   2.7499614E+00   5.2931295E-03  -4.9187669E-01   7.8650135E-01   9.2766106E-01
   2.7578952E+00  -3.3244607E-03  -3.1631917E-01   7.8859025E-01   8.4967256E-01
   2.7664461E+00  -1.0860858E-02  -1.1537208E-01   7.9049039E-01   7.9893917E-01
   2.7746987E+00   8.7983245E-03   7.6530658E-02   7.9481286E-01   7.9853731E-01
   2.7827733E+00  -1.0386380E-02   3.0004051E-01   7.9587811E-01   8.5061991E-01
   2.7908087E+00   3.5499915E-02   4.9796441E-01   7.9886794E-01   9.4202906E-01
   2.7981894E+00   2.4188997E-03   6.4820498E-01   7.9832202E-01   1.0283451E+00
   2.8069267E+00  -2.9191745E-03   9.0422261E-01   8.0083871E-01   1.2078782E+00
   2.8149595E+00   1.2099279E-02   9.7761172E-01   8.0410886E-01   1.2658839E+00
   2.8235674E+00  -5.0436039E-03   1.2335918E+00   8.0508184E-01   1.4730685E+00
   2.8309612E+00  -1.5764507E-02   1.4270560E+00   8.0739784E-01   1.6397038E+00
   2.8396327E+00  -8.9246305E-03   1.5995960E+00   8.0693078E-01   1.7916262E+00
   2.8475609E+00  -2.1380469E-02   1.8034526E+00   8.2311666E-01   1.9825286E+00
   2.8563159E+00  -1.3709120E-02   1.9832416E+00   8.2532370E-01   2.1481607E+00
   2.8639002E+00  -7.7073937E-03   2.1269107E+00   8.2263368E-01   2.2804682E+00
   2.8728206E+00   1.1981570E-02   2.3441365E+00   8.2475567E-01   2.4850233E+00
   2.8804891E+00  -3.1897761E-03   2.4538717E+00   8.3145368E-01   2.5909095E+00
   2.8881841E+00   6.4347354E-03   2.6256835E+00   8.4132367E-01   2.7571871E+00
   2.8963439E+00   2.8583619E-03   2.7747722E+00   8.4143972E-01   2.8995500E+00
   2.9051802E+00  -2.9410610E-03   2.8891096E+00   8.4948260E-01   3.0114088E+00
   2.9128282E+00   1.5162241E-02   3.0554020E+00   8.4080845E-01   3.1690173E+00
   2.9218500E+00   1.0378920E-02   3.2071877E+00   8.3999515E-01   3.3153813E+00
   2.9300737E+00  -1.1403979E-03   3.3343573E+00   8.3862060E-01   3.4382007E+00
   2.9375274E+00   3.3669290E-04   3.4297795E+00   8.3834565E-01   3.5307522E+00
   2.9458964E+00   2.4929033E-03   3.5902488E+00   8.4900647E-01   3.6892688E+00
   2.9543509E+00   1.5994655E-02   3.6503835E+00   8.3774394E-01   3.7453132E+00
   2.9623995E+00   1.7244333E-02   3.7291806E+00   8.5337764E-01   3.8256161E+00
   2.9701924E+00  -3.8348913E-02   3.9152730E+00   8.3199090E-01   4.0028791E+00
   2.9783816E+00   5.0535803E-03   3.9136221E+00   8.2506925E-01   3.9996505E+00
   2.9863946E+00  -9.6327662E-03   3.9588096E+00   8.2099301E-01   4.0430551E+00
   2.9945047E+00  -4.4665136E-03   4.0048757E+00   8.1515920E-01   4.0869956E+00
   3.0028367E+00   1.1723821E-02   4.0269904E+00   8.0308700E-01   4.1063046E+00
   3.0107930E+00   2.3365749E-02   4.0636668E+00   7.8614491E-01   4.1390767E+00
   3.0189180E+00  -1.1552091E-03   4.0479960E+00   7.8781986E-01   4.1239462E+00
   3.0276721E+00  -1.0088865E-02   4.0045018E+00   7.7264380E-01   4.0783720E+00
   3.0353670E+00   7.0839035E-03   3.9496939E+00   7.6150864E-01   4.0224404E+00
   3.0440810E+00   7.8736721E-03   3.9264214E+00   7.4849999E-01   3.9971364E+00
   3.0514412E+00   1.2098219E-02   3.8420506E+00   7.4079251E-01   3.9128344E+00
   3.0599067E+00   2.4859009E-03   3.7409179E+00   7.2853899E-01   3.8111994E+00
   3.0679989E+00   3.5236313E-03   3.6278048E+00   7.2263253E-01   3.6990781E+00
   3.0758100E+00   5.5301310E-03   3.4982123E+00   7.0917541E-01   3.5693767E+00
   3.0848877E+00   1.7919801E-02   3.3007147E+00   6.9847882E-01   3.3738570E+00
   3.0922594E+00   7.4104252E-03   3.1393867E+00   6.8717861E-01   3.2137232E+00
   3.1008911E+00   1.9441208E-02   2.9257019E+00   6.7829645E-01   3.0033638E+00
   3.1090381E+00   9.5221614E-03   2.6948259E+00   6.7291939E-01   2.7775884E+00
   3.1167247E+00   1.1622782E-02   2.4968553E+00   6.6585088E-01   2.5841398E+00
   3.1255791E+00   1.2821933E-02   2.1997502E+00   6.5895325E-01   2.2963634E+00
   3.1339178E+00   2.1802755E-02   1.9877962E+00   6.5454936E-01   2.0929034E+00
   3.1417167E+00   2.2001894E-02   1.7273873E+00   6.5040225E-01   1.8459074E+00
   3.1497874E+00   3.8893841E-02   1.3845581E+00   6.5003121E-01   1.5300504E+00
   3.1584256E+00   2.6078708E-02   1.1805385E+00   6.4736181E-01   1.3466361E+00
   3.1664424E+00   3.7783083E-02   8.6272794E-01   6.4840609E-01   1.0798877E+00
   3.1740217E+00   3.6247276E-02   5.8737814E-01   6.4616519E-01   8.7398881E-01
   3.1826687E+00   3.5331309E-02   2.8103548E-01   6.4568651E-01   7.0508176E-01
   3.1902928E+00   4.8846282E-02   3.7203718E-02   6.4555943E-01   6.4847285E-01
   3.1990705E+00   4.2818278E-02  -2.6565555E-01   6.4776099E-01   7.0142752E-01
   3.2066028E+00   3.7270676E-02  -5.2760768E-01   6.5042001E-01   8.3833474E-01
   3.2151709E+00   2.6552912E-02  -7.9520720E-01   6.5096837E-01   1.0280172E+00
   3.2227039E+00   1.7482815E-02  -1.0151471E+00   6.5705794E-01   1.2093611E+00
   3.2311330E+00   2.7131692E-02  -1.2490202E+00   6.6103286E-01   1.4134187E+00
   3.2391992E+00   9.0177041E-03  -1.5074235E+00   6.6588241E-01   1.6479704E+00
   3.2478900E+00   1.5650302E-02  -1.7263955E+00   6.7143416E-01   1.8524336E+00
   3.2556770E+00   1.4247952E-02  -1.9182820E+00   6.7668605E-01   2.0341861E+00
   3.2639589E+00   2.2140438E-02  -2.1065145E+00   6.8082392E-01   2.2139139E+00
   3.2722414E+00   1.2868106E-02  -2.3010030E+00   6.8267882E-01   2.4001732E+00
   3.2806365E+00   4.8070949E-02  -2.5701909E+00   6.9096911E-01   2.6618848E+00
   3.2883389E+00   1.1125572E-02  -2.6170382E+00   6.8511391E-01   2.7052531E+00
   3.2963297E+00  -4.0669194E-03  -2.7846210E+00   6.8472850E-01   2.8675745E+00
   3.3045361E+00  -8.0625974E-03  -2.9151168E+00   6.8257421E-01   2.9939737E+00
   3.3126879E+00   1.5111687E-03  -3.0254414E+00   6.8265647E-01   3.1015027E+00
   3.3216343E+00   1.7050687E-02  -3.1333432E+00   6.8513250E-01   3.2074189E+00
   3.3289247E+00  -3.6997553E-03  -3.2186625E+00   6.8893349E-01   3.2915697E+00
   3.3374236E+00  -2.4061617E-03  -3.3039179E+00   6.9321042E-01   3.3758583E+00
   3.3453696E+00   1.6726388E-02  -3.3658967E+00   7.0560753E-01   3.4391019E+00
   3.3533866E+00  -1.3706001E-02  -3.4178562E+00   7.1618330E-01   3.4921122E+00
   3.3620741E+00   7.9667848E-03  -3.4638383E+00   7.3218429E-01   3.5403862E+00
   3.3700387E+00   1.5844433E-02  -3.4499316E+00   7.2980940E-01   3.5263155E+00
   3.3778925E+00   2.3402533E-02  -3.4254675E+00   7.3910826E-01   3.5043766E+00
   3.3865211E+00  -1.4386573E-02  -3.4270663E+00   7.4398726E-01   3.5069227E+00
   3.3948710E+00   1.4506389E-02  -3.3917413E+00   7.4519181E-01   3.4726691E+00
   3.4025018E+00  -7.5661810E-03  -3.3284063E+00   7.4649304E-01   3.4110992E+00
   3.4113154E+00   8.8860039E-03  -3.2602222E+00   7.5066411E-01   3.3455379E+00
   3.4185667E+00   9.4330526E-04  -3.2021301E+00   7.5103641E-01   3.2890263E+00
   3.4268038E+00   2.9267788E-02  -3.0255494E+00   7.5682890E-01   3.1189094E+00
   3.4353249E+00  -8.0610812E-03  -2.9558024E+00   7.5991750E-01   3.0519352E+00
   3.4440541E+00   8.5505024E-03  -2.9095592E+00   7.7213168E-01   3.0102816E+00
   3.4514296E+00   1.7514324E-02  -2.7325594E+00   7.7022386E-01   2.8390901E+00
   3.4595840E+00   1.1515581E-02  -2.6480775E+00   7.7213103E-01   2.7583752E+00
   3.4677839E+00  -8.0386857E-03  -2.5223455E+00   7.7788097E-01   2.6395814E+00
   3.4759536E+00   1.3034876E-02  -2.3523312E+00   7.8090572E-01   2.4785974E+00
   3.4848425E+00   1.5098086E-02  -2.1677680E+00   7.8557420E-01   2.3057694E+00
   3.4927542E+00  -2.2854498E-02  -1.9766060E+00   7.8975004E-01   2.1286612E+00
   3.5004709E+00   7.1063200E-03  -1.8120221E+00   7.9123968E-01   1.9772544E+00
   3.5094233E+00   3.4651570E-02  -1.5514913E+00   7.9460108E-01   1.7434783E+00
   3.5162997E+00   4.0410343E-04  -1.4383039E+00   7.9709345E-01   1.6444076E+00
   3.5257437E+00   1.5267486E-02  -1.1976870E+00   8.0078328E-01   1.4408127E+00
   3.5333023E+00   1.7235490E-02  -9.7591913E-01   8.0239856E-01   1.2635500E+00
   3.5415576E+00   1.7325610E-02  -7.5886542E-01   8.0418682E-01   1.1058451E+00
   3.5497651E+00   2.2846989E-02  -6.2818050E-01   8.0726099E-01   1.0231339E+00
   3.5580964E+00  -2.0941733E-03  -4.3274555E-01   8.0723852E-01   9.1591877E-01
   3.5663769E+00   1.9836379E-02  -1.7116794E-01   8.0804896E-01   8.2621729E-01
   3.5745823E+00   3.5060360E-03   2.9896626E-02   8.0965692E-01   8.1021631E-01
   3.5820587E+00   2.3106935E-03   2.6783961E-01   8.1141102E-01   8.5447717E-01
   3.5899682E+00   2.2692107E-02   4.0553400E-01   8.1198359E-01   9.0790421E-01
   3.5980315E+00   2.1097025E-02   6.2726927E-01   8.1261432E-01   1.0267687E+00
   3.6066542E+00  -1.2294699E-02   8.5695785E-01   8.1875396E-01   1.1852789E+00
   3.6149831E+00   1.4737280E-02   1.0569699E+00   8.2151383E-01   1.3387635E+00
   3.6231258E+00  -3.9997939E-03   1.2822044E+00   8.4869140E-01   1.5376414E+00
   3.6315343E+00  -1.1458009E-02   1.4244949E+00   8.3332682E-01   1.6503788E+00
   3.6389725E+00   7.9907365E-03   1.6210177E+00   8.3607733E-01   1.8239484E+00
   3.6469214E+00   6.8107159E-03   1.7826864E+00   8.3946908E-01   1.9704633E+00
   3.6556828E+00  -8.8016698E-03   1.9749213E+00   8.4229380E-01   2.1470563E+00
   3.6641543E+00  -7.3611895E-03   2.1761708E+00   8.4949285E-01   2.3361104E+00
   3.6722965E+00  -3.3991378E-02   2.3069129E+00   8.4964365E-01   2.4586372E+00
   3.6802773E+00  -1.4095015E-02   2.5063856E+00   8.4652418E-01   2.6455188E+00
   3.6878865E+00  -8.3376877E-03   2.6277876E+00   8.4421772E-01   2.7600799E+00
   3.6968555E+00  -9.0765869E-03   2.8147075E+00   8.4403765E-01   2.9385474E+00
   3.7046106E+00  -2.4937442E-02   2.9394317E+00   8.5024369E-01   3.0600319E+00
   3.7125049E+00   6.0092041E-04   3.0675519E+00   8.4861499E-01   3.1827695E+00
   3.7206309E+00  -1.7011374E-02   3.2168796E+00   8.3518761E-01   3.3235738E+00
   3.7291663E+00   1.2797991E-02   3.2827470E+00   8.4925783E-01   3.3908453E+00
   3.7374485E+00  -9.9444939E-03   3.4008791E+00   8.2886147E-01   3.5004413E+00
   3.7455652E+00   5.7507446E-03   3.4433460E+00   8.2096976E-01   3.5398667E+00
   3.7537277E+00  -8.5274829E-03   3.5413482E+00   8.0174142E-01   3.6309791E+00
   3.7614062E+00  -7.1839225E-03   3.5526094E+00   7.9031813E-01   3.6394627E+00
   3.7705500E+00  -6.6125183E-05   3.5700195E+00   7.8459060E-01   3.6552184E+00
   3.7780616E+00  -1.2358584E-02   3.5732915E+00   7.7108711E-01   3.6555629E+00
   3.7866566E+00   5.8685387E-03   3.5569766E+00   7.6052678E-01   3.6373777E+00
   3.7948976E+00  -1.1963915E-03   3.5162396E+00   7.5057751E-01   3.5954568E+00
   3.8029108E+00  -3.6977758E-03   3.4393182E+00   7.3942453E-01   3.5179074E+00
   3.8108418E+00  -1.5987254E-03   3.4037492E+00   7.2843736E-01   3.4808235E+00
   3.8187888E+00   3.6130713E-03   3.3053157E+00   7.1891207E-01   3.3825967E+00
   3.8266079E+00   7.0866587E-04   3.2260163E+00   7.0948881E-01   3.3031130E+00
   3.8357067E+00   7.2484659E-03   3.0729749E+00   6.9966453E-01   3.1516278E+00
   3.8435214E+00   5.0023114E-03   2.9471374E+00   6.9141126E-01   3.0271592E+00
   3.8511362E+00   7.1349012E-04   2.8222005E+00   6.8324822E-01   2.9037292E+00
   3.8596473E+00   1.4137172E-02   2.6102960E+00   6.7433453E-01   2.6960289E+00
   3.8676658E+00   8.9277970E-03   2.4976397E+00   6.6838205E-01   2.5855403E+00
   3.8758123E+00  -1.6320572E-03   2.2399700E+00   6.6043901E-01   2.3353047E+00
   3.8846550E+00   5.9877387E-03   2.0408311E+00   6.5326005E-01   2.1428430E+00
   3.8928132E+00   2.3090895E-02   1.8673495E+00   6.4838827E-01   1.9768497E+00
   3.9007041E+00   9.2462804E-03   1.6535671E+00   6.4503288E-01   1.7749470E+00
   3.9082551E+00   1.4494119E-02   1.4165967E+00   6.4177138E-01   1.5552578E+00
   3.9166367E+00   1.8932249E-02   1.1945627E+00   6.3845450E-01   1.3546079E+00
   3.9248104E+00   2.7262125E-02   1.0318962E+00   6.3622570E-01   1.2125742E+00
   3.9334714E+00   1.4385936E-02   7.1195453E-01   6.3427198E-01   9.5361787E-01
   3.9409921E+00  -9.1602486E-03   4.7880068E-01   6.3345605E-01   7.9410362E-01
   3.9492416E+00   1.9322331E-05   2.6093653E-01   6.3206804E-01   6.8381131E-01
   3.9574194E+00   1.1141313E-02   4.2558443E-02   6.3355041E-01   6.3507599E-01
   3.9654899E+00   1.0327863E-02  -1.9503127E-01   6.3424593E-01   6.6363531E-01
   3.9742653E+00   7.9501737E-03  -4.1587177E-01   6.3654512E-01   7.6039606E-01
   3.9821718E+00   1.5837777E-02  -6.2224895E-01   6.3950992E-01   8.9242226E-01
   3.9900503E+00   1.4266190E-02  -8.6300683E-01   6.4354259E-01   1.0766296E+00
   3.9987800E+00   8.6926632E-03  -1.0679907E+00   6.4919358E-01   1.2498527E+00
   4.0066886E+00   1.4923804E-02  -1.2802905E+00   6.5318775E-01   1.4373659E+00
   4.0144124E+00   1.7349156E-02  -1.4289978E+00   6.5812051E-01   1.5733589E+00
   4.0230980E+00   7.3042163E-03  -1.6913307E+00   6.6394925E-01   1.8169979E+00
   4.0311513E+00   1.4256142E-03  -1.8267056E+00   6.6776270E-01   1.9449325E+00
   4.0394397E+00   1.2784638E-02  -2.0029600E+00   6.7195678E-01   2.1127086E+00
   4.0477800E+00   1.3316343E-02  -2.2117865E+00   6.7661744E-01   2.3130040E+00
   4.0553627E+00  -3.1688236E-04  -2.3011708E+00   6.7670459E-01   2.3986073E+00
   4.0638232E+00   1.1330993E-02  -2.4218245E+00   6.8452322E-01   2.5167308E+00
   4.0716677E+00   2.0698668E-02  -2.5663867E+00   6.8361229E-01   2.6559546E+00
   4.0796609E+00  -5.7489858E-03  -2.6884503E+00   6.8618292E-01   2.7746432E+00
   4.0878277E+00   4.4443547E-03  -2.7422833E+00   6.8914646E-01   2.8275537E+00
   4.0964875E+00   1.9172570E-02  -2.8343627E+00   6.8912572E-01   2.9169974E+00
   4.1044631E+00   1.1616949E-02  -2.9291251E+00   6.9655854E-01   3.0108309E+00
   4.1128592E+00   5.1401970E-03  -2.9519010E+00   6.9672912E-01   3.0330145E+00
   4.1204267E+00   2.3579052E-02  -2.9938648E+00   7.0134616E-01   3.0750072E+00
   4.1293874E+00  -1.0977628E-03  -3.0574937E+00   7.0921737E-01   3.1386714E+00
   4.1369948E+00  -3.1626474E-03  -3.0404639E+00   7.1360743E-01   3.1230860E+00
   4.1455235E+00  -1.1240263E-02  -3.0609441E+00   7.2347683E-01   3.1453018E+00
   4.1537633E+00   2.9666731E-02  -3.0827758E+00   7.3441637E-01   3.1691883E+00
   4.1618342E+00   1.8573422E-02  -3.0277288E+00   7.3683608E-01   3.1161537E+00
   4.1697516E+00   5.1304796E-03  -2.9748313E+00   7.3712862E-01   3.0648012E+00
   4.1776810E+00   7.3630889E-03  -2.9246047E+00   7.4125397E-01   3.0170887E+00
   4.1862450E+00   6.2301527E-03  -2.8153670E+00   7.4072880E-01   2.9111869E+00
   4.1939330E+00   6.7876689E-03  -2.7691581E+00   7.4919295E-01   2.8687234E+00
   4.2026920E+00   1.5123102E-02  -2.6807775E+00   7.5599194E-01   2.7853763E+00
   4.2110419E+00   1.9553527E-02  -2.5468462E+00   7.5725430E-01   2.6571116E+00
   4.2183771E+00   3.8894359E-02  -2.3667552E+00   7.6535368E-01   2.4877319E+00
   4.2266607E+00   2.7662187E-03  -2.3390214E+00   7.6781458E-01   2.4618220E+00
   4.2345829E+00   2.0197159E-02  -2.1589501E+00   7.7300692E-01   2.2932539E+00
   4.2435794E+00   8.1782667E-03  -2.0310185E+00   7.7713132E-01   2.1746347E+00
   4.2516589E+00  -1.3416047E-02  -1.9227298E+00   7.7856994E-01   2.0744255E+00
   4.2588730E+00  -5.9965365E-03  -1.7441083E+00   7.8095961E-01   1.9109808E+00
   4.2675486E+00  -3.7410499E-03  -1.5643700E+00   7.8411055E-01   1.7498848E+00
   4.2755198E+00   1.6308559E-02  -1.4037737E+00   7.8676629E-01   1.6093004E+00
   4.2843256E+00  -1.2648496E-02  -1.2151850E+00   7.8962880E-01   1.4492579E+00
   4.2922688E+00   2.0268235E-02  -1.0624973E+00   7.9396731E-01   1.3265351E+00
   4.3000832E+00   8.0886129E-03  -8.6966032E-01   7.9672164E-01   1.1794659E+00
   4.3085794E+00   4.6628765E-03  -6.7526662E-01   7.9862934E-01   1.0458564E+00
   4.3167672E+00   7.4180611E-03  -5.0115478E-01   8.0103195E-01   9.4491446E-01
   4.3246627E+00   1.3584252E-02  -3.0177146E-01   8.0178595E-01   8.5680294E-01
   4.3330498E+00  -9.8087464E-04  -6.9868982E-02   8.0288583E-01   8.0592078E-01
   4.3415956E+00   1.7982395E-02   1.7416461E-01   8.0738407E-01   8.2615119E-01
   4.3489251E+00  -2.0831991E-03   3.8067743E-01   8.0754519E-01   8.9277595E-01
   4.3575230E+00  -4.8520369E-03   5.4311877E-01   8.0716497E-01   9.7289097E-01
   4.3661151E+00   7.5958778E-05   6.9696492E-01   8.0859888E-01   1.0675169E+00
   4.3741632E+00   1.2043102E-03   9.5111281E-01   8.1070036E-01   1.2497408E+00
   4.3824353E+00  -4.7636041E-03   1.0983258E+00   8.1233674E-01   1.3661015E+00
   4.3903933E+00   7.3759556E-03   1.2811205E+00   8.1422585E-01   1.5179881E+00
   4.3986163E+00  -8.7311184E-03   1.4965866E+00   8.1625915E-01   1.7047365E+00
   4.4063640E+00   1.3716938E-02   1.6672428E+00   8.3186489E-01   1.8632997E+00
   4.4148240E+00  -1.0130311E-02   1.8375852E+00   8.3185786E-01   2.0171289E+00
   4.4230232E+00   9.6129160E-03   2.0033205E+00   8.3471209E-01   2.1702833E+00
   4.4308147E+00   2.2907734E-02   2.1674187E+00   8.3171946E-01   2.3216343E+00
   4.4389210E+00  -7.4027022E-03   2.3374305E+00   8.4246165E-01   2.4846282E+00
   4.4469733E+00   2.6141420E-02   2.4717772E+00   8.4613311E-01   2.6127203E+00
   4.4553995E+00   4.9369615E-03   2.6220403E+00   8.3433402E-01   2.7515874E+00
   4.4630904E+00  -1.3198353E-02   2.7808781E+00   8.4033310E-01   2.9051020E+00
   4.4716830E+00  -1.9022418E-03   2.9407814E+00   8.4133458E-01   3.0587649E+00
   4.4796071E+00  -3.9424099E-02   3.0247848E+00   8.4000462E-01   3.1395040E+00
   4.4882617E+00  -1.5501096E-02   3.1748018E+00   8.4156966E-01   3.2844856E+00
   4.4967394E+00  -1.0894515E-02   3.2818923E+00   8.5213643E-01   3.3907332E+00
   4.5038776E+00  -9.2197815E-03   3.3850915E+00   8.3452535E-01   3.4864540E+00
   4.5122604E+00  -5.3798985E-03   3.4978287E+00   8.4773606E-01   3.5990958E+00
   4.5205903E+00  -6.8205805E-04   3.5840492E+00   8.2445139E-01   3.6776526E+00
   4.5292406E+00   1.7632869E-03   3.6128781E+00   8.1285572E-01   3.7031913E+00
   4.5365930E+00  -9.4292220E-03   3.6650157E+00   8.0239105E-01   3.7518344E+00
   4.5446949E+00  -3.9146822E-03   3.7027910E+00   7.9950142E-01   3.7881234E+00
   4.5529251E+00  -4.6683624E-03   3.7030370E+00   7.8043020E-01   3.7843859E+00
   4.5616837E+00  -2.8976839E-04   3.6979482E+00   7.7099550E-01   3.7774668E+00
   4.5691934E+00  -3.1032446E-03   3.7499838E+00   7.5743192E-01   3.8257146E+00
   4.5778923E+00  -8.9709861E-03   3.6270514E+00   7.5132436E-01   3.7040615E+00
   4.5859671E+00   6.1944411E-03   3.5268114E+00   7.3928529E-01   3.6034677E+00
   4.5938911E+00   6.0021952E-03   3.4507048E+00   7.2640157E-01   3.5263379E+00
   4.6026182E+00  -3.4867816E-03   3.2985759E+00   7.1528333E-01   3.3752401E+00
   4.6102729E+00   1.1073994E-02   3.2358158E+00   7.0607781E-01   3.3119740E+00
   4.6181455E+00   1.8891219E-02   3.0684893E+00   6.9665855E-01   3.1466358E+00
   4.6268058E+00   1.1611207E-02   2.8639290E+00   6.8580139E-01   2.9449191E+00
   4.6346097E+00   1.6694166E-02   2.7171369E+00   6.7624640E-01   2.8000751E+00
   4.6433253E+00   2.4894802E-02   2.4978356E+00   6.6620898E-01   2.5852730E+00
   4.6515565E+00   1.7467199E-02   2.3014359E+00   6.6053325E-01   2.3944135E+00
   4.6590548E+00   2.3374241E-02   2.0977049E+00   6.5340185E-01   2.1972361E+00
   4.6677260E+00   4.1294177E-03   1.8055544E+00   6.4645845E-01   1.9177988E+00
   4.6754251E+00   1.7693287E-02   1.6069728E+00   6.4474541E-01   1.7315806E+00
   4.6836863E+00   1.1884755E-02   1.3254876E+00   6.4214081E-01   1.4728894E+00
   4.6920171E+00   2.1610893E-02   1.1087166E+00   6.3677764E-01   1.2787515E+00
   4.7003551E+00   2.2517510E-02   8.6426330E-01   6.3437819E-01   1.0723311E+00
   4.7081933E+00   5.3733397E-02   5.8002353E-01   6.3450205E-01   8.6134052E-01
   4.7162027E+00   3.7637416E-02   3.2846093E-01   6.3186544E-01   7.1313190E-01
   4.7245908E+00   3.5254370E-02   4.4456910E-02   6.2961930E-01   6.3217068E-01
   4.7327809E+00   2.8731370E-02  -1.9707170E-01   6.2725729E-01   6.5811431E-01
   4.7406802E+00   3.3157028E-02  -4.7217271E-01   6.3035351E-01   7.8828418E-01
   4.7490869E+00   2.4349319E-02  -7.0989227E-01   6.3149661E-01   9.5043564E-01
   4.7574239E+00   2.8333183E-02  -9.2476130E-01   6.3559371E-01   1.1224818E+00
   4.7652941E+00   2.1500889E-02  -1.1563565E+00   6.3984013E-01   1.3217480E+00
   4.7738895E+00   2.0241467E-02  -1.3474299E+00   6.4617312E-01   1.4944955E+00
   4.7818694E+00   6.3472748E-02  -1.6615173E+00   6.5196997E-01   1.7859825E+00
   4.7901411E+00   1.0951229E-02  -1.7717175E+00   6.5969682E-01   1.8905827E+00
   4.7979589E+00   1.6111238E-02  -1.9853843E+00   6.6538298E-01   2.0939782E+00
   4.8064995E+00   1.7519053E-02  -2.1577492E+00   6.7060387E-01   2.2596235E+00
   4.8143544E+00   1.6740983E-02  -2.3242955E+00   6.7551017E-01   2.4205256E+00
   4.8224416E+00   6.0878564E-03  -2.4600897E+00   6.8037093E-01   2.5524464E+00
   4.8309064E+00   5.5526593E-03  -2.5994253E+00   6.8161565E-01   2.6873114E+00
   4.8390694E+00  -3.6243221E-03  -2.7516766E+00   6.8392193E-01   2.8353989E+00
   4.8470650E+00   1.6804045E-02  -2.8948853E+00   6.8320578E-01   2.9744604E+00
   4.8551025E+00  -3.5082088E-03  -2.9537697E+00   6.8452328E-01   3.0320520E+00
   4.8634973E+00   1.2723191E-03  -3.0931547E+00   6.8679023E-01   3.1684835E+00
   4.8716135E+00   1.5259692E-02  -3.1558528E+00   6.8732697E-01   3.2298696E+00
   4.8794270E+00   8.9031374E-03  -3.2128146E+00   6.8646437E-01   3.2853446E+00
   4.8876176E+00   2.4067090E-04  -3.2514904E+00   6.9709980E-01   3.3253779E+00
   4.8961282E+00   8.5330168E-03  -3.2782152E+00   7.0413053E-01   3.3529940E+00
   4.9043870E+00   1.4316525E-02  -3.3015990E+00   7.1447504E-01   3.3780520E+00
   4.9125543E+00   1.6948871E-02  -3.2887800E+00   7.2591490E-01   3.3679836E+00
   4.9202275E+00   1.5487473E-02  -3.3175280E+00   7.2725636E-01   3.3963413E+00
   4.9287543E+00   3.1028504E-03  -3.2526884E+00   7.4002278E-01   3.3358095E+00
   4.9365005E+00  -1.7443248E-03  -3.1692111E+00   7.3471892E-01   3.2532620E+00
   4.9454093E+00   1.8738829E-02  -3.1074703E+00   7.3692572E-01   3.1937099E+00
   4.9534388E+00   1.9294985E-02  -3.0625808E+00   7.3913288E-01   3.1505702E+00
   4.9611931E+00   4.5744707E-03  -2.9703877E+00   7.4331641E-01   3.0619836E+00
   4.9694238E+00   2.6724396E-02  -2.8462641E+00   7.4566412E-01   2.9424393E+00
   4.9780803E+00   7.8919102E-03  -2.8031731E+00   7.5532073E-01   2.9031622E+00
   4.9857059E+00   4.3788194E-03  -2.7259803E+00   7.5492728E-01   2.8285868E+00
   4.9934540E+00   7.0425957E-03  -2.5091095E+00   7.6514083E-01   2.6231890E+00
   5.0019522E+00   1.3519621E-02  -2.3459744E+00   7.7000564E-01   2.4691472E+00
   5.0106645E+00   1.3215248E-02  -2.2513156E+00   7.7396011E-01   2.3806744E+00
   5.0184011E+00  -4.4558581E-04  -2.0412791E+00   7.7577955E-01   2.1837249E+00
   5.0267172E+00  -4.2029587E-03  -1.9064150E+00   7.7676672E-01   2.0585923E+00
   5.0341911E+00   4.5371531E-03  -1.7662759E+00   7.7997041E-01   1.9308301E+00
   5.0426712E+00  -9.3413098E-03  -1.5530566E+00   7.8569502E-01   1.7405139E+00
   5.0510950E+00   1.6821094E-02  -1.3224924E+00   7.9102212E-01   1.5410986E+00
   5.0594459E+00   1.3799588E-03  -1.1595038E+00   7.9294896E-01   1.4047132E+00
   5.0673261E+00  -2.0732041E-02  -1.0350795E+00   7.9347759E-01   1.3043872E+00
   5.0756974E+00   1.1345383E-02  -7.8002959E-01   7.9489160E-01   1.1137449E+00
   5.0839343E+00   1.6162796E-02  -5.6689435E-01   7.9708564E-01   9.7825146E-01
   5.0920234E+00   4.7577922E-03  -3.3903086E-01   7.9829323E-01   8.6731577E-01
   5.1003118E+00  -1.0747094E-02  -1.4702876E-01   8.0204493E-01   8.1548083E-01
   5.1086245E+00   1.5008175E-02   2.0399421E-02   8.0265689E-01   8.0305630E-01
   5.1166649E+00  -5.5822628E-03   2.8070298E-01   8.0084538E-01   8.4863341E-01
   5.1246815E+00   1.4397185E-02   4.3844563E-01   8.0198818E-01   9.1412628E-01
   5.1324682E+00  -1.1243646E-02   5.8625150E-01   8.0566680E-01   9.9645180E-01
   5.1402812E+00   6.8886522E-03   8.0379665E-01   8.0524945E-01   1.1377888E+00
   5.1489811E+00   1.1987976E-03   9.9325657E-01   8.0711299E-01   1.2798404E+00
   5.1567521E+00   7.6401411E-03   1.1887883E+00   8.1671745E-01   1.4423256E+00
   5.1648021E+00  -8.6994534E-03   1.3718853E+00   8.2827449E-01   1.6025554E+00
   5.1739140E+00  -1.0617979E-02   1.5720232E+00   8.2439232E-01   1.7751034E+00
   5.1815376E+00   4.5258626E-02   1.7441899E+00   8.2601786E-01   1.9304280E+00
   5.1902614E+00  -2.2164559E-02   1.9544414E+00   8.3416498E-01   2.1251268E+00
   5.1977940E+00  -1.4896409E-02   2.1102860E+00   8.3391327E-01   2.2691276E+00
   5.2056551E+00  -4.2923493E-03   2.2724965E+00   8.3586818E-01   2.4213495E+00
   5.2137685E+00  -1.4755053E-02   2.4258103E+00   8.3574671E-01   2.5657837E+00
   5.2227421E+00   1.6207916E-03   2.5741343E+00   8.3401740E-01   2.7058742E+00
   5.2305408E+00  -1.2150021E-02   2.7549205E+00   8.3250320E-01   2.8779848E+00
   5.2391167E+00   1.0577872E-02   2.9028661E+00   8.2820559E-01   3.0187197E+00
   5.2471657E+00  -7.8136204E-03   3.0137153E+00   8.2817578E-01   3.1254466E+00
   5.2551498E+00   4.1650292E-03   3.1276157E+00   8.4069467E-01   3.2386363E+00
   5.2635903E+00   7.4634617E-03   3.2860739E+00   8.3854562E-01   3.3913856E+00
   5.2711415E+00  -1.3187648E-02   3.3649068E+00   8.2192373E-01   3.4638605E+00
   5.2793193E+00   7.9038013E-03   3.4461796E+00   7.9922307E-01   3.5376508E+00
   5.2880402E+00  -4.1681267E-02   3.5529010E+00   8.1071138E-01   3.6444609E+00
   5.2957530E+00  -8.3930027E-03   3.5468152E+00   8.1219167E-01   3.6386292E+00
   5.3039699E+00  -6.6357781E-03   3.6174228E+00   7.9736531E-01   3.7042656E+00
   5.3118601E+00  -1.0777880E-02   3.6448307E+00   7.8899688E-01   3.7292659E+00
   5.3202615E+00   4.6413196E-03   3.6582000E+00   7.7751464E-01   3.7399168E+00
   5.3284874E+00   6.3547823E-03   3.6678956E+00   7.6517576E-01   3.7468643E+00
   5.3365550E+00   2.0628443E-03   3.6474280E+00   7.5380385E-01   3.7245076E+00
   5.3449769E+00   1.1749492E-02   3.5969579E+00   7.4377757E-01   3.6730707E+00
   5.3527451E+00   1.5717987E-02   3.5235925E+00   7.3449200E-01   3.5993652E+00
   5.3611422E+00   3.0969724E-03   3.4521000E+00   7.2584498E-01   3.5275850E+00
   5.3691735E+00   1.1916715E-02   3.3512566E+00   7.1599454E-01   3.4269099E+00
   5.3773298E+00  -1.5565373E-03   3.2407663E+00   7.0571315E-01   3.3167152E+00
   5.3855867E+00   7.3810443E-03   3.1039884E+00   6.9714963E-01   3.1813228E+00
   5.3936801E+00  -1.6882158E-03   2.9650743E+00   6.9087756E-01   3.0445001E+00
   5.4021473E+00   1.1745353E-02   2.7964020E+00   6.8192381E-01   2.8783715E+00
   5.4103365E+00   1.6241474E-02   2.6198661E+00   6.7428041E-01   2.7052941E+00
   5.4182467E+00   1.7067941E-02   2.4528928E+00   6.6779590E-01   2.5422285E+00
   5.4264359E+00   1.6436195E-02   2.2348299E+00   6.6142195E-01   2.3307111E+00
   5.4343548E+00   3.9019819E-02   2.0420728E+00   6.5829295E-01   2.1459107E+00
   5.4425416E+00   4.0617764E-02   1.7858511E+00   6.4926016E-01   1.9006454E+00
   5.4510255E+00   3.9682735E-02   1.5518939E+00   6.4979118E-01   1.6829077E+00
   5.4588938E+00   3.0904792E-02   1.3358380E+00   6.4415884E-01   1.4833606E+00
   5.4672418E+00   3.5044216E-02   1.0499243E+00   6.4195877E-01   1.2311296E+00
   5.4753504E+00   3.9552666E-02   8.3872682E-01   6.3691020E-01   1.0538889E+00
   5.4835386E+00   2.2290275E-02   5.8458906E-01   6.3969994E-01   8.6686635E-01
   5.4914689E+00   1.3684147E-02   3.5726807E-01   6.3617307E-01   7.2975606E-01
   5.4997940E+00   1.9928806E-02   1.0948573E-01   6.3891041E-01   6.4852971E-01
   5.5081677E+00   3.6013503E-02  -1.2657051E-01   6.4030951E-01   6.5369207E-01
   5.5162024E+00   2.9642291E-02  -4.3231288E-01   6.4217174E-01   7.7469844E-01
   5.5242734E+00   1.6258189E-02  -6.3531440E-01   6.4353406E-01   9.0444726E-01
   5.5323625E+00   1.6319348E-02  -8.8895869E-01   6.4457929E-01   1.0981786E+00
   5.5405850E+00   9.0385284E-03  -1.0829679E+00   6.4907277E-01   1.2626150E+00
   5.5486112E+00   2.1296512E-02  -1.3018829E+00   6.5353382E-01   1.4568661E+00
   5.5569143E+00   8.3557982E-03  -1.4779438E+00   6.5667289E-01   1.6172838E+00
   5.5652795E+00   1.6118847E-02  -1.7200124E+00   6.6102850E-01   1.8427320E+00
   5.5733290E+00   1.0231228E-02  -1.9088436E+00   6.6644126E-01   2.0218637E+00
   5.5815549E+00   5.5855704E-03  -2.0686781E+00   6.7125750E-01   2.1748672E+00
   5.5897288E+00   1.1754400E-02  -2.2539847E+00   6.7581969E-01   2.3531506E+00
   5.5975366E+00   7.8980122E-03  -2.4094906E+00   6.8008202E-01   2.5036411E+00
   5.6059375E+00   9.3181310E-03  -2.5584350E+00   6.8421680E-01   2.6483636E+00
   5.6138635E+00   3.3988603E-03  -2.6866815E+00   6.8614930E-01   2.7729173E+00
   5.6224084E+00   7.2507728E-03  -2.8123932E+00   6.9057298E-01   2.8959453E+00
   5.6305752E+00   3.4318767E-03  -2.9296105E+00   6.9003320E-01   3.0097799E+00
   5.6383581E+00   6.0961563E-03  -2.9860027E+00   6.9268268E-01   3.0652993E+00
   5.6467862E+00  -3.9055778E-03  -3.0935628E+00   6.9390345E-01   3.1704335E+00
   5.6549573E+00   7.3759519E-03  -3.1306367E+00   6.9640827E-01   3.2071679E+00
   5.6632752E+00  -2.2277578E-03  -3.1767523E+00   7.0319813E-01   3.2536514E+00
   5.6713171E+00   6.5976237E-03  -3.2096496E+00   7.0771068E-01   3.2867534E+00
   5.6791368E+00  -1.6040456E-02  -3.2141900E+00   7.1436036E-01   3.2926564E+00
   5.6874886E+00   1.1461482E-02  -3.2536001E+00   7.2699851E-01   3.3338525E+00
   5.6956506E+00   5.7592024E-03  -3.2131279E+00   7.3173910E-01   3.2954006E+00
   5.7035351E+00   8.3584096E-03  -3.2428281E+00   7.3421896E-01   3.3249183E+00
   5.7118134E+00   4.9376222E-03  -3.2036905E+00   7.4570054E-01   3.2893353E+00
   5.7198524E+00   4.4198758E-03  -3.1841052E+00   7.4521500E-01   3.2701514E+00
   5.7285056E+00   6.5979459E-03  -3.0888040E+00   7.4856389E-01   3.1782231E+00
   5.7366633E+00   1.6587099E-02  -3.0503936E+00   7.4771363E-01   3.1407406E+00
   5.7450581E+00   2.3870468E-02  -2.9568982E+00   7.5497794E-01   3.0518534E+00
   5.7528524E+00   6.1639575E-03  -2.8579147E+00   7.5922680E-01   2.9570491E+00
   5.7609048E+00  -1.9115759E-02  -2.7640605E+00   7.6148045E-01   2.8670974E+00
   5.7691073E+00   1.5655922E-02  -2.6582341E+00   7.6769859E-01   2.7669144E+00
   5.7770314E+00   1.6941423E-02  -2.5277054E+00   7.7427894E-01   2.6436887E+00
   5.7853122E+00   1.1436109E-03  -2.4131401E+00   7.7840436E-01   2.5355787E+00
   5.7934532E+00   3.3509120E-02  -2.2999501E+00   7.8120637E-01   2.4292338E+00
   5.8015046E+00  -6.8906150E-03  -2.1660125E+00   7.8350687E-01   2.3033760E+00
   5.8095231E+00   8.7554436E-03  -1.9949563E+00   7.8756148E-01   2.1448030E+00
   5.8180523E+00  -1.8109975E-02  -1.8403194E+00   7.8892863E-01   2.0023766E+00
   5.8261356E+00  -4.1707112E-03  -1.6803069E+00   7.9098052E-01   1.8571749E+00
   5.8340144E+00   2.9015481E-03  -1.4945511E+00   7.9360038E-01   1.6921859E+00
   5.8429880E+00   1.3020126E-02  -1.2589406E+00   7.9647923E-01   1.4897920E+00
   5.8508377E+00   5.1802499E-03  -1.1199942E+00   7.9809803E-01   1.3752724E+00
   5.8587050E+00   2.9608032E-03  -9.6345395E-01   8.0016273E-01   1.2524028E+00
   5.8665800E+00  -4.6716409E-04  -7.2917891E-01   8.0178457E-01   1.0837715E+00
   5.8751154E+00   5.0945184E-03  -6.2685698E-01   8.0206221E-01   1.0179781E+00
   5.8838415E+00   3.1861082E-02  -3.8329613E-01   8.0227643E-01   8.8970697E-01
   5.8917756E+00   3.4793030E-02  -1.0370343E-01   8.0332440E-01   8.1073737E-01
   5.8993025E+00   1.1029341E-02  -4.5603350E-02   8.0436772E-01   8.0573493E-01
   5.9073787E+00   6.9317780E-03   1.6530941E-01   8.0436546E-01   8.2120585E-01
   5.9155812E+00  -6.5809645E-04   3.7447625E-01   8.0508983E-01   8.8792038E-01
   5.9245667E+00   1.2247806E-03   6.3441807E-01   8.0459571E-01   1.0246278E+00
   5.9326663E+00   1.1154992E-02   7.2786516E-01   8.0699486E-01   1.0868086E+00
   5.9406977E+00   2.5953993E-03   9.6929806E-01   8.0393332E-01   1.2593070E+00
   5.9488225E+00   1.3643844E-03   1.1044010E+00   8.3918250E-01   1.3870583E+00
   5.9570551E+00  -3.5285181E-03   1.2943928E+00   8.1876528E-01   1.5316142E+00
   5.9646850E+00   4.1020114E-02   1.4658157E+00   8.2137024E-01   1.6807579E+00
   5.9732389E+00   5.3943583E-04   1.5881473E+00   8.1706882E-01   1.7860049E+00
   5.9812403E+00   1.7943181E-02   1.8152426E+00   8.3316976E-01   1.9973983E+00
   5.9894533E+00   6.3297725E-03   1.9579132E+00   8.3261341E-01   2.1276064E+00
   5.9978399E+00   1.3509991E-03   2.0923440E+00   8.3331126E-01   2.2521796E+00
   6.0058837E+00  -2.2449777E-02   2.2374401E+00   8.1021285E-01   2.3797243E+00
   6.0143070E+00  -2.4685739E-02   2.3475969E+00   8.3560270E-01   2.4919977E+00
   6.0216942E+00  -4.7517284E-03   2.4708204E+00   8.2625180E-01   2.6053154E+00
   6.0305090E+00   2.0675005E-04   2.6163998E+00   8.2821393E-01   2.7443554E+00
   6.0383363E+00   1.3520690E-02   2.7388887E+00   8.3767551E-01   2.8641567E+00
   6.0467529E+00  -2.9880283E-03   2.8372440E+00   8.3091569E-01   2.9564140E+00
   6.0549774E+00  -1.2702716E-02   2.9460387E+00   8.0960536E-01   3.0552850E+00
   6.0630164E+00   1.7015809E-03   2.9966874E+00   8.2032430E-01   3.1069391E+00
   6.0708771E+00   4.9292110E-03   3.0696397E+00   8.0768454E-01   3.1741245E+00
   6.0792451E+00   1.3083922E-02   3.1374686E+00   8.0168527E-01   3.2382989E+00
   6.0871930E+00   5.3972322E-03   3.2172372E+00   7.9294527E-01   3.3135188E+00
   6.0955973E+00   6.9513754E-03   3.1562924E+00   7.8893155E-01   3.2534051E+00
   6.1039271E+00  -4.1244263E-03   3.1920838E+00   7.7351153E-01   3.2844689E+00
   6.1120229E+00   2.2025283E-03   3.1571341E+00   7.6510674E-01   3.2485209E+00
   6.1199307E+00  -6.9952931E-04   3.1743717E+00   7.5474811E-01   3.2628639E+00
   6.1280341E+00   6.3701719E-03   3.1114554E+00   7.4668533E-01   3.1998024E+00
   6.1361995E+00   2.6795384E-03   3.0880775E+00   7.3525876E-01   3.1744032E+00
   6.1445150E+00   2.7528340E-03   2.9847193E+00   7.2729832E-01   3.0720546E+00
   6.1527457E+00   6.7439658E-04   2.9115109E+00   7.1752417E-01   2.9986224E+00
   6.1606331E+00  -9.6871977E-04   2.8215437E+00   7.1155363E-01   2.9098830E+00
   6.1688910E+00  -4.1340590E-03   2.6838021E+00   7.0344394E-01   2.7744629E+00
   6.1768975E+00   1.1131365E-03   2.5378461E+00   6.9441402E-01   2.6311357E+00
   6.1851339E+00   1.9838268E-02   2.4022603E+00   6.8896878E-01   2.4991851E+00
   6.1935897E+00  -3.5638362E-03   2.2187057E+00   6.8169439E-01   2.3210719E+00
   6.2013812E+00  -2.4800103E-02   2.0937769E+00   6.7548662E-01   2.2001817E+00
   6.2098427E+00   9.8023787E-03   1.8901345E+00   6.6951227E-01   2.0052309E+00
   6.2181473E+00  -3.0151344E-04   1.6795052E+00   6.6386080E-01   1.8059483E+00
   6.2262335E+00  -1.3416941E-02   1.4911408E+00   6.6083252E-01   1.6310674E+00
   6.2340689E+00  -6.1986460E-03   1.2855656E+00   6.5631944E-01   1.4434240E+00
   6.2425508E+00   2.2565324E-03   1.0679222E+00   6.5365285E-01   1.2520882E+00
   6.2506537E+00  -2.2698591E-02   8.4870833E-01   6.5145612E-01   1.0701478E+00
   6.2588716E+00  -1.7967479E-03   6.1631703E-01   6.4815885E-01   8.9440471E-01
   6.2670684E+00  -6.3010659E-03   3.4489840E-01   6.4627826E-01   7.3257780E-01
   6.2749662E+00   1.8107112E-02   1.5623719E-01   6.4365858E-01   6.6259658E-01
   6.2832561E+00   6.8326825E-03  -8.6296499E-02   6.4647114E-01   6.5224129E-01
   6.2914758E+00  -1.3837722E-02  -3.1161213E-01   6.4561325E-01   7.1701473E-01
   6.2996688E+00   1.0647916E-02  -5.1299608E-01   6.4756775E-01   8.2620960E-01
   6.3078570E+00   3.1925228E-03  -7.2832918E-01   6.4943385E-01   9.7582680E-01
   6.3156648E+00   6.8209893E-03  -9.5785832E-01   6.5240520E-01   1.1589528E+00
   6.3240662E+00  -1.4806923E-03  -1.1864498E+00   6.5488845E-01   1.3551915E+00
   6.3322577E+00  -6.2230034E-03  -1.3903515E+00   6.5895897E-01   1.5386173E+00
   6.3404112E+00   2.4728957E-03  -1.5773027E+00   6.6242731E-01   1.7107600E+00
   6.3486290E+00  -5.5808323E-03  -1.7680377E+00   6.6611826E-01   1.8893654E+00
   6.3566146E+00   1.0148972E-02  -1.9572067E+00   6.7128026E-01   2.0691493E+00
   6.3649693E+00   1.9121992E-03  -2.1218030E+00   6.7606848E-01   2.2269082E+00
   6.3729787E+00  -2.8848962E-03  -2.2869694E+00   6.7986578E-01   2.3858867E+00
   6.3810215E+00   3.8908904E-03  -2.4560900E+00   6.8427074E-01   2.5496314E+00
   6.3890891E+00   4.1180188E-05  -2.5783887E+00   6.8730652E-01   2.6684225E+00
   6.3976445E+00   2.9462799E-03  -2.7293413E+00   6.8965310E-01   2.8151259E+00
   6.4055161E+00  -5.1045511E-03  -2.8435125E+00   6.9227141E-01   2.9265728E+00
   6.4139252E+00  -2.2263822E-04  -2.9300621E+00   6.9428188E-01   3.0111942E+00
   6.4221048E+00  -8.1465160E-03  -3.0167809E+00   6.9813150E-01   3.0965176E+00
   6.4300270E+00   2.9080606E-04  -3.0968418E+00   6.9951558E-01   3.1748624E+00
   6.4380560E+00  -7.1393792E-03  -3.1306407E+00   7.0385659E-01   3.2087967E+00
   6.4462328E+00   4.8624757E-03  -3.2121565E+00   7.0847410E-01   3.2893629E+00
   6.4546819E+00  -1.2752233E-02  -3.2784650E+00   7.1807081E-01   3.3562062E+00
   6.4628201E+00   1.6589131E-02  -3.2894454E+00   7.2369236E-01   3.3681533E+00
   6.4709802E+00   1.2647556E-02  -3.2997584E+00   7.3340720E-01   3.3803034E+00
   6.4789381E+00  -2.1373944E-02  -3.2981000E+00   7.3711228E-01   3.3795347E+00
   6.4874558E+00   1.3665471E-02  -3.3118348E+00   7.4907869E-01   3.3955200E+00
   6.4953518E+00   3.2322090E-03  -3.2904780E+00   7.4944288E-01   3.3747473E+00
   6.5034900E+00   1.6031288E-02  -3.2193537E+00   7.4933285E-01   3.3054492E+00
   6.5118375E+00   1.6199248E-02  -3.2300808E+00   7.5394595E-01   3.3169444E+00
   6.5197735E+00   1.4038447E-02  -3.1420951E+00   7.5949538E-01   3.2326138E+00
   6.5279775E+00   3.2573722E-02  -3.0779119E+00   7.6178503E-01   3.1709492E+00
   6.5364938E+00   3.3280314E-03  -3.0055435E+00   7.6749843E-01   3.1019924E+00
   6.5446115E+00   9.1691045E-03  -2.9154100E+00   7.7218592E-01   3.0159528E+00
   6.5522738E+00  -1.6167275E-04  -2.8319454E+00   7.7718979E-01   2.9366543E+00
   6.5607924E+00   7.1306694E-03  -2.7550900E+00   7.8421628E-01   2.8645360E+00
   6.5690560E+00  -4.5479671E-03  -2.5840666E+00   7.8806448E-01   2.7015674E+00
   6.5766954E+00  -1.5857007E-02  -2.5245690E+00   7.9167026E-01   2.6458349E+00
   6.5853872E+00   2.8263368E-03  -2.3979573E+00   7.9482913E-01   2.5262542E+00
   6.5933933E+00   2.4011852E-03  -2.3007631E+00   7.9898882E-01   2.4355493E+00
   6.6015687E+00  -1.4084898E-02  -2.0679350E+00   8.0249602E-01   2.2182319E+00
   6.6098614E+00  -3.6471605E-03  -2.0144424E+00   8.0576998E-01   2.1696212E+00
   6.6173310E+00  -1.1882246E-02  -1.7959192E+00   8.0884194E-01   1.9696934E+00
   6.6258874E+00  -5.5120965E-03  -1.6976963E+00   8.1411660E-01   1.8828140E+00
   6.6336174E+00   1.3986566E-02  -1.4615155E+00   8.1452489E-01   1.6732227E+00
   6.6423488E+00   5.0920714E-03  -1.3780053E+00   8.1664908E-01   1.6018240E+00
   6.6501441E+00   4.2364816E-03  -1.1542140E+00   8.1818658E-01   1.4147993E+00
   6.6589785E+00  -9.1285212E-04  -1.0660408E+00   8.1823522E-01   1.3438574E+00
   6.6668773E+00   1.6708026E-02  -8.6843073E-01   8.1925350E-01   1.1939964E+00
   6.6748195E+00  -2.0827977E-03  -6.7807692E-01   8.1923312E-01   1.0634545E+00
   6.6827979E+00  -5.9226570E-03  -5.6114697E-01   8.1958389E-01   9.9329692E-01
   6.6916857E+00   1.6128063E-02  -3.2146037E-01   8.1843483E-01   8.7945008E-01
   6.6994905E+00   5.1421043E-03  -1.8847856E-01   8.1920159E-01   8.4061992E-01
   6.7076616E+00  -5.2052774E-02  -1.7954955E-02   8.1930554E-01   8.2115376E-01
   6.7159214E+00   1.3632779E-02   1.4535284E-01   8.1872517E-01   8.3163947E-01
   6.7242608E+00  -2.2922063E-03   3.5698918E-01   8.1922710E-01   8.9363277E-01
   6.7316298E+00  -1.3175368E-02   4.5649618E-01   8.1997275E-01   9.3857217E-01
   6.7400689E+00  -8.7407511E-03   6.4991921E-01   8.2033950E-01   1.0466272E+00
   6.7482572E+00  -2.3609556E-03   8.1491989E-01   8.2012248E-01   1.1561579E+00
   6.7567439E+00  -5.5758897E-03   9.8344529E-01   8.2053959E-01   1.2808126E+00
   6.7650557E+00   9.1370009E-03   1.1237342E+00   8.2309604E-01   1.3929642E+00
   6.7723083E+00   2.7952890E-03   1.2745876E+00   8.2279110E-01   1.5170915E+00
   6.7810817E+00  -4.6202485E-03   1.4349618E+00   8.2469189E-01   1.6550691E+00
   6.7893929E+00   2.4344327E-03   1.5820146E+00   8.2445103E-01   1.7839550E+00
   6.7968431E+00  -9.9447602E-04   1.7048314E+00   8.2758433E-01   1.8950849E+00
   6.8051410E+00   1.6996931E-02   1.8316095E+00   8.2416540E-01   2.0085645E+00
   6.8133440E+00   3.7770782E-04   1.9418197E+00   8.2947248E-01   2.1115606E+00
   6.8214302E+00  -3.8433827E-03   2.0909557E+00   8.5206848E-01   2.2579043E+00
   6.8301830E+00   3.2506003E-03   2.2224891E+00   8.2650018E-01   2.3711960E+00
   6.8383346E+00   3.3070156E-03   2.3145888E+00   8.2368809E-01   2.4567854E+00
   6.8460088E+00  -4.5364182E-02   2.4144795E+00   8.2378000E-01   2.5515451E+00
   6.8545041E+00   4.7140680E-02   2.4973319E+00   8.1985360E-01   2.6288872E+00
   6.8627520E+00  -8.9325383E-03   2.5779681E+00   8.1638372E-01   2.7041600E+00
   6.8706365E+00   4.9438686E-03   2.6480126E+00   8.2591856E-01   2.7738307E+00
   6.8790612E+00  -2.4509584E-03   2.7109063E+00   8.2015884E-01   2.8322570E+00
   6.8872948E+00  -2.4300842E-03   2.7533810E+00   8.1510490E-01   2.8714995E+00
   6.8952179E+00  -5.0705899E-03   2.7897966E+00   8.0542773E-01   2.9037399E+00
   6.9031296E+00  -5.3301859E-03   2.8065336E+00   8.0093074E-01   2.9185867E+00
   6.9114013E+00  -9.8320679E-04   2.8145847E+00   7.9271138E-01   2.9240861E+00
   6.9194288E+00  -1.7599140E-03   2.8068943E+00   7.8373224E-01   2.9142570E+00
   6.9280419E+00  -4.8722997E-03   2.7852602E+00   7.7279735E-01   2.8904867E+00
   6.9360619E+00  -1.8264094E-03   2.7436602E+00   7.6549459E-01   2.8484483E+00
   6.9441376E+00  -2.8329394E-03   2.6922712E+00   7.5717175E-01   2.7967198E+00
   6.9525900E+00  -1.2188097E-02   2.6184816E+00   7.4997932E-01   2.7237959E+00
   6.9606900E+00  -1.9975025E-03   2.5345917E+00   7.4169046E-01   2.6408832E+00
   6.9684010E+00  -3.4719629E-03   2.4473653E+00   7.3495722E-01   2.5553417E+00
   6.9768667E+00  -1.9581353E-03   2.3254037E+00   7.2946560E-01   2.4371350E+00
   6.9849916E+00   9.9877431E-04   2.2262659E+00   7.2218007E-01   2.3404710E+00
   6.9929614E+00  -3.4775045E-03   2.0902867E+00   7.1584940E-01   2.2094686E+00
   7.0012803E+00   3.5119925E-03   1.9414501E+00   7.0900321E-01   2.0668638E+00
   7.0092835E+00  -1.0871399E-02   1.8022884E+00   7.0599192E-01   1.9356617E+00
   7.0174789E+00   1.4127284E-02   1.6337488E+00   6.9718730E-01   1.7763458E+00
   7.0258422E+00   1.6718177E-02   1.4642107E+00   6.9349015E-01   1.6202226E+00
   7.0339332E+00   4.1704308E-03   1.2821548E+00   6.8939602E-01   1.4557490E+00
   7.0421934E+00   2.6234414E-03   1.1264892E+00   6.8573582E-01   1.3187943E+00
   7.0502124E+00  -1.6357515E-02   9.2775375E-01   6.8056768E-01   1.1507245E+00
   7.0584269E+00   1.0478034E-02   7.6033139E-01   6.7989200E-01   1.0200328E+00
   7.0665236E+00   1.2642581E-02   5.6233764E-01   6.7692208E-01   8.8011760E-01
   7.0748577E+00   1.1257597E-02   3.3985353E-01   6.7420685E-01   7.5510401E-01
   7.0827827E+00   1.0341666E-02   1.3995074E-01   6.7460233E-01   6.8904388E-01
   7.0909619E+00   1.0057200E-02  -3.3678848E-02   6.7398804E-01   6.7490393E-01
   7.0993247E+00   2.3333263E-03  -2.4691397E-01   6.7502052E-01   7.1876603E-01
   7.1074810E+00  -1.3415572E-02  -4.4287962E-01   6.7472923E-01   8.0720621E-01
   7.1154728E+00   2.6181350E-03  -6.3401866E-01   6.7644048E-01   9.2712361E-01
   7.1237860E+00   2.5626123E-03  -8.1552452E-01   6.7791361E-01   1.0604969E+00
   7.1317573E+00   3.6034468E-03  -1.0193491E+00   6.8022871E-01   1.2254782E+00
   7.1401095E+00  -7.7780489E-05  -1.2227215E+00   6.8271035E-01   1.4004074E+00
   7.1482110E+00   4.9602729E-03  -1.3860769E+00   6.8489075E-01   1.5460625E+00
   7.1562171E+00   4.3368088E-03  -1.5503950E+00   6.8820882E-01   1.6962827E+00
   7.1645002E+00   1.1962567E-02  -1.7248718E+00   6.9074851E-01   1.8580794E+00
   7.1726770E+00   1.3785074E-02  -1.8990961E+00   6.9328696E-01   2.0217326E+00
   7.1809683E+00   1.1769393E-02  -2.0675256E+00   6.9724411E-01   2.1819601E+00
   7.1891475E+00   1.0674503E-02  -2.2658238E+00   7.0019472E-01   2.3715699E+00
   7.1971836E+00   1.0760536E-02  -2.3824956E+00   7.0143157E-01   2.4836280E+00
   7.2052145E+00   6.2612263E-03  -2.4692779E+00   7.0264697E-01   2.5673108E+00
   7.2133183E+00   2.1540107E-02  -2.6031606E+00   7.0423287E-01   2.6968229E+00
   7.2214885E+00   3.4401452E-03  -2.6986454E+00   7.0481807E-01   2.7891698E+00
   7.2297335E+00   1.5898740E-02  -2.8273365E+00   7.0756686E-01   2.9145730E+00
   7.2380867E+00   5.8271084E-03  -2.9262140E+00   7.0906478E-01   3.0109026E+00
   7.2461920E+00  -8.4524546E-03  -2.9154754E+00   7.1270853E-01   3.0013366E+00
   7.2543898E+00   9.1173714E-03  -3.0552986E+00   7.2239351E-01   3.1395519E+00
   7.2623816E+00  -1.8328162E-02  -3.1071510E+00   7.3190457E-01   3.1922419E+00
   7.2704554E+00  -1.3758627E-03  -3.1261165E+00   7.3321927E-01   3.2109525E+00
   7.2786841E+00  -1.7987421E-03  -3.1703219E+00   7.3817235E-01   3.2551255E+00
   7.2867084E+00   1.9404193E-02  -3.2159600E+00   7.4621171E-01   3.3014553E+00
   7.2950039E+00   1.1443383E-02  -3.2077944E+00   7.5319213E-01   3.2950530E+00
   7.3032041E+00  -3.8730700E-03  -3.2096536E+00   7.5228411E-01   3.2966383E+00
   7.3113880E+00   6.0579195E-03  -3.1942730E+00   7.6038778E-01   3.2835357E+00
   7.3194036E+00  -7.4283639E-03  -3.1812625E+00   7.6048875E-01   3.2709064E+00
   7.3276834E+00  -2.3941912E-02  -3.2300305E+00   7.7438039E-01   3.3216465E+00
   7.3356485E+00  -6.0655349E-03  -3.1108978E+00   7.6715988E-01   3.2040999E+00
   7.3439336E+00   6.4952392E-04  -3.0926049E+00   7.7898109E-01   3.1892033E+00
   7.3519073E+00   5.1328898E-03  -3.0486240E+00   7.8493422E-01   3.1480558E+00
   7.3606515E+00   3.0266019E-03  -2.9932797E+00   7.8964251E-01   3.0956855E+00
   7.3682914E+00   1.7508368E-03  -2.8922307E+00   7.9306072E-01   2.9989910E+00
   7.3768187E+00   1.4250811E-02  -2.8141184E+00   7.9664606E-01   2.9247413E+00
   7.3847866E+00   7.9275819E-04  -2.7356951E+00   8.0070871E-01   2.8504672E+00
   7.3929105E+00  -6.2887887E-03  -2.6386230E+00   8.0498433E-01   2.7586899E+00
   7.4012408E+00   1.3738627E-02  -2.5173585E+00   8.0860490E-01   2.6440735E+00
   7.4090233E+00  -9.2606498E-03  -2.4109225E+00   8.1251675E-01   2.5441730E+00
   7.4178143E+00   1.3754200E-02  -2.2698898E+00   8.1615508E-01   2.4121978E+00
   7.4260111E+00   8.0121253E-03  -2.1496990E+00   8.1992841E-01   2.3007722E+00
   7.4335618E+00   1.9856649E-02  -2.0465713E+00   8.2237959E-01   2.2057099E+00
   7.4421844E+00   2.8980828E-03  -1.8387095E+00   8.2590085E-01   2.0156817E+00
   7.4501290E+00   9.7016906E-03  -1.7405840E+00   8.2769299E-01   1.9273823E+00
   7.4582143E+00   2.1027351E-02  -1.5890094E+00   8.2944715E-01   1.7925891E+00
   7.4663572E+00   7.2298311E-03  -1.4158568E+00   8.3180672E-01   1.6421344E+00
   7.4745131E+00   8.2431277E-03  -1.2816166E+00   8.3252442E-01   1.5283017E+00
   7.4826822E+00   2.5709490E-03  -1.0798167E+00   8.3401465E-01   1.3644015E+00
   7.4909210E+00   2.6980650E-03  -9.7547656E-01   8.3514392E-01   1.2841445E+00
   7.4992442E+00   1.2402994E-02  -7.5174797E-01   8.3636230E-01   1.1246247E+00
   7.5076475E+00   8.7077514E-04  -5.8496135E-01   8.3656353E-01   1.0207933E+00
   7.5151863E+00  -2.7389363E-03  -4.8363110E-01   8.3643937E-01   9.6619737E-01
   7.5237603E+00  -5.1429444E-03  -2.9085693E-01   8.3702815E-01   8.8613784E-01
   7.5314751E+00   1.5126005E-02  -1.3823582E-01   8.3648217E-01   8.4796250E-01
   7.5402699E+00  -1.6424888E-04   3.5952035E-02   8.3744454E-01   8.3821595E-01
   7.5481815E+00   1.5246376E-03   2.6261881E-01   8.3700877E-01   8.7724262E-01
   7.5561185E+00   1.4134756E-02   3.4283361E-01   8.3703500E-01   9.0463376E-01
   7.5640502E+00   4.2078192E-03   5.4621971E-01   8.3666849E-01   9.9919355E-01
   7.5727134E+00  -5.4606334E-03   7.1442151E-01   8.3692944E-01   1.1003994E+00
   7.5803614E+00   3.5682782E-03   8.7604421E-01   8.3739799E-01   1.2119000E+00
   7.5890226E+00   5.2521034E-04   1.0333326E+00   8.3714569E-01   1.3298832E+00
   7.5970078E+00  -1.2780387E-02   1.1811723E+00   8.3571148E-01   1.4469779E+00
   7.6049643E+00   6.7728199E-03   1.3401942E+00   8.3524048E-01   1.5791749E+00
   7.6135716E+00   7.0031937E-03   1.5135140E+00   8.3455950E-01   1.7283702E+00
   7.6213913E+00   4.6736975E-03   1.6616629E+00   8.3460557E-01   1.8594924E+00
   7.6299973E+00  -5.5694575E-03   1.8131062E+00   8.3361673E-01   1.9955705E+00
   7.6375451E+00  -1.9087199E-02   1.9614745E+00   8.3030951E-01   2.1300611E+00
   7.6458850E+00  -4.8994566E-03   2.0753238E+00   8.4091824E-01   2.2392268E+00
   7.6541977E+00  -7.6299901E-03   2.2130618E+00   8.3320129E-01   2.3647251E+00
   7.6625295E+00  -1.2783675E-02   2.3318865E+00   8.2931536E-01   2.4749994E+00
   7.6706743E+00  -5.0333380E-03   2.4558558E+00   8.3457989E-01   2.5937960E+00
   7.6788635E+00  -2.6172569E-03   2.5834382E+00   8.3522463E-01   2.7150984E+00
   7.6869335E+00  -4.3792166E-02   2.6729369E+00   8.3251154E-01   2.7999258E+00
   7.6948037E+00  -2.4552781E-02   2.7460601E+00   8.2814503E-01   2.8683224E+00
   7.7032623E+00  -1.0472131E-02   2.8453789E+00   8.2292455E-01   2.9620087E+00
   7.7111635E+00  -1.3932867E-02   2.9047942E+00   8.2251251E-01   3.0190313E+00
   7.7190022E+00  -2.3569144E-02   2.9627285E+00   8.2256186E-01   3.0748858E+00
   7.7278709E+00  -2.7785243E-02   3.0280020E+00   8.2028633E-01   3.1372662E+00
   7.7356153E+00  -4.9641272E-03   3.0724106E+00   8.1598717E-01   3.1789253E+00
   7.7440906E+00  -1.1856221E-02   3.1143329E+00   8.1238443E-01   3.2185678E+00
   7.7517576E+00  -1.0327798E-02   3.1198668E+00   8.0564451E-01   3.2222259E+00
   7.7603884E+00  -8.9904992E-03   3.1436405E+00   8.0368191E-01   3.2447591E+00
   7.7684159E+00  -1.5322248E-02   3.1543500E+00   7.9603761E-01   3.2532806E+00
   7.7765155E+00  -1.6727535E-03   3.1305740E+00   7.8979486E-01   3.2286642E+00
   7.7848725E+00  -1.0385674E-02   3.1195333E+00   7.8216612E-01   3.2161126E+00
   7.7929163E+00  -8.1792083E-03   3.0811040E+00   7.7784687E-01   3.1777847E+00
   7.8009176E+00  -1.7545670E-02   3.0133679E+00   7.7018696E-01   3.1102865E+00
   7.8092895E+00   3.0244433E-03   2.9692032E+00   7.6695865E-01   3.0666597E+00
   7.8170815E+00  -7.2713466E-03   2.8799865E+00   7.5591612E-01   2.9775467E+00
   7.8252029E+00  -8.3070444E-03   2.7979836E+00   7.4872619E-01   2.8964415E+00
   7.8333383E+00  -1.2215177E-02   2.7004564E+00   7.4282408E-01   2.8007858E+00
   7.8417058E+00  -1.8850632E-03   2.6021402E+00   7.3544484E-01   2.7040739E+00
   7.8500037E+00  -7.6883733E-03   2.4665639E+00   7.2610420E-01   2.5712299E+00
   7.8579230E+00  -7.0868582E-03   2.3375149E+00   7.2289038E-01   2.4467523E+00
   7.8664231E+00  -5.5277334E-03   2.2002501E+00   7.1540004E-01   2.3136396E+00
   7.8745370E+00  -6.8966986E-04   2.0541472E+00   7.0999026E-01   2.1733861E+00
   7.8827596E+00   3.4192703E-03   1.8912853E+00   7.0374495E-01   2.0179763E+00
   7.8906951E+00   8.8800136E-03   1.7072383E+00   6.9793105E-01   1.8444103E+00
   7.8987827E+00   1.0176977E-03   1.5465685E+00   6.9536525E-01   1.6957028E+00
   7.9070277E+00   1.0792990E-02   1.3536985E+00   6.9145137E-01   1.5201056E+00
   7.9150562E+00   7.0360927E-03   1.1992666E+00   6.8907994E-01   1.3831562E+00
   7.9233093E+00   1.5108575E-03   1.0026836E+00   6.9288599E-01   1.2187977E+00
   7.9315534E+00   4.0546092E-03   8.0220503E-01   6.8685943E-01   1.0560896E+00
   7.9395747E+00   2.7101310E-03   5.9421277E-01   6.8447596E-01   9.0642345E-01
   7.9477353E+00   6.3391831E-03   4.1898438E-01   6.8431735E-01   8.0242032E-01
   7.9560771E+00   6.2551349E-03   1.9507907E-01   6.8534511E-01   7.1259588E-01
   7.9640145E+00   1.1674888E-02  -1.8197430E-02   6.8498558E-01   6.8532676E-01
   7.9722743E+00   2.7698945E-02  -1.9264998E-01   6.8462628E-01   7.1175444E-01
   7.9805789E+00   2.8997028E-02  -3.7314993E-01   6.8566686E-01   7.8116626E-01
   7.9885736E+00   1.2059360E-02  -5.3128618E-01   6.8937874E-01   8.7043291E-01
   7.9969425E+00   2.3185173E-03  -7.2916335E-01   6.9123423E-01   1.0047334E+00
   8.0049877E+00   3.8004871E-03  -9.2244059E-01   6.9375026E-01   1.1542100E+00
   8.0129986E+00   1.1637694E-02  -1.0783473E+00   6.9683826E-01   1.2839595E+00
   8.0212545E+00   1.5809828E-02  -1.2521882E+00   6.9898522E-01   1.4341568E+00
   8.0293550E+00   1.5438918E-02  -1.4156836E+00   7.0171821E-01   1.5801287E+00
   8.0374784E+00   1.2500461E-02  -1.5286213E+00   7.0506686E-01   1.6834366E+00
   8.0457859E+00   1.4039510E-02  -1.6409780E+00   7.0654017E-01   1.7866743E+00
   8.0538692E+00   7.9282355E-03  -1.8404851E+00   7.0769387E-01   1.9718720E+00
   8.0621271E+00   1.4809749E-02  -1.9315895E+00   7.0745206E-01   2.0571208E+00
   8.0701036E+00   1.0531882E-02  -2.0452731E+00   7.0979714E-01   2.1649630E+00
   8.0785351E+00   3.3932312E-03  -2.1698365E+00   7.1278656E-01   2.2839148E+00
   8.0866909E+00   1.3951223E-02  -2.2770736E+00   7.1391600E-01   2.3864062E+00
   8.0945568E+00   8.2258843E-03  -2.3494778E+00   7.1329075E-01   2.4553814E+00
   8.1028471E+00   6.0056467E-03  -2.4086440E+00   7.1521777E-01   2.5125959E+00
   8.1111994E+00   6.6241520E-03  -2.4820604E+00   7.1506643E-01   2.5830193E+00
   8.1193075E+00   1.4965381E-02  -2.5078528E+00   7.1646023E-01   2.6082301E+00
   8.1275139E+00   3.4377640E-03  -2.5115211E+00   7.2920436E-01   2.6152415E+00
   8.1355658E+00   3.9626583E-03  -2.6146507E+00   7.2979629E-01   2.7145934E+00
   8.1435423E+00   1.6046468E-03  -2.5838535E+00   7.3327869E-01   2.6858890E+00
   8.1518183E+00   8.9942208E-03  -2.5929859E+00   7.4053079E-01   2.6966724E+00
   8.1604109E+00   1.3890738E-02  -2.6350403E+00   7.4297690E-01   2.7378175E+00
