  flscon:  version 22.2.0.05  win64 2022 
 FLOW-3D   23:45:50  09/14/2023 nvli     
   hydr3d   version  22.2.0.16 win64     09/12/2022 HYDRO    
 Simulation Template: Free Surface - TruVOF (Default)                            

Mesh Block   1
 printing pfxob, pfyob, pfzob, pfob       
       1     1002      0.000E+00      1.690E+01
   time              pfxob_1         pfyob_1         pfzob_1         pfob_1
   0.0000000E+00   5.8614155E-03   4.5257215E+00  -1.1479160E+00   4.6690364E+00
   9.1702095E-04  -1.8880960E-01  -4.4059656E+02   2.9781003E+00   4.4060666E+02
   1.6680056E-02   7.2409981E-03   4.2130079E+00  -1.0523286E+00   4.3424511E+00
   3.4548856E-02   2.7466305E-03   4.4687767E+00  -1.0886619E+00   4.5994735E+00
   5.0637659E-02   3.9348397E-03   4.6896973E+00  -1.1153256E+00   4.8205004E+00
   6.7958176E-02   1.4259961E-03   4.9701810E+00  -1.1452237E+00   5.1004157E+00
   8.3775438E-02   2.6102501E-03   5.2261548E+00  -1.1686385E+00   5.3552232E+00
   1.0148536E-01  -1.5197458E-03   5.4956861E+00  -1.1865438E+00   5.6223173E+00
   1.1800710E-01   3.6787847E-03   5.8261204E+00  -1.2078084E+00   5.9499993E+00
   1.3498400E-01   1.4261634E-03   6.1266494E+00  -1.2229321E+00   6.2475114E+00
   1.5241596E-01   3.6377535E-04   6.4601789E+00  -1.2422670E+00   6.5785360E+00
   1.6962622E-01  -9.0199197E-04   6.7786841E+00  -1.2532722E+00   6.8935661E+00
   1.8568778E-01   5.1466376E-03   7.0884490E+00  -1.2620494E+00   7.1999240E+00
   2.0320740E-01   4.9554957E-03   7.3912787E+00  -1.2770197E+00   7.5007873E+00
   2.1971750E-01   1.5209782E-02   7.6466312E+00  -1.3088557E+00   7.7578540E+00
   2.3660406E-01   5.9144637E-03   7.8915224E+00  -1.3135852E+00   8.0001040E+00
   2.5312978E-01   8.9219213E-03   8.0607653E+00  -1.3398319E+00   8.1713629E+00
   2.7005279E-01   1.3826686E-02   8.1973219E+00  -1.3788517E+00   8.3124905E+00
   2.8745106E-01   2.0280125E-02   8.3246613E+00  -1.4077930E+00   8.4428835E+00
   3.0450886E-01   1.0624675E-01   8.4162626E+00  -1.4350426E+00   8.5383911E+00
   3.2086560E-01   2.8242327E-02   8.2746334E+00  -1.4498159E+00   8.4007339E+00
   3.3790126E-01   5.1650997E-02   8.0836124E+00  -1.4769022E+00   8.2175846E+00
   3.5507831E-01   2.4198294E-02   7.8185401E+00  -1.4959811E+00   7.9604092E+00
   3.7145427E-01   7.2013238E-05   7.6398735E+00  -1.5185997E+00   7.7893395E+00
   3.8867733E-01   4.4284537E-02   7.2552028E+00  -1.5266823E+00   7.4142222E+00
   4.0541741E-01   2.8072137E-02   6.8006210E+00  -1.5417131E+00   6.9732428E+00
   4.2243358E-01   9.1516487E-03   6.2734227E+00  -1.5643039E+00   6.4655213E+00
   4.3941733E-01  -6.3090615E-02   5.7254362E+00  -1.5825506E+00   5.9404602E+00
   4.5661569E-01  -1.6178472E-02   5.1405239E+00  -1.6007811E+00   5.3840270E+00
   4.7300091E-01  -2.0196157E-02   4.4766312E+00  -1.6103916E+00   4.7575197E+00
   4.9017262E-01  -4.3276235E-02   3.7917340E+00  -1.6317552E+00   4.1281648E+00
   5.0726658E-01  -3.2259773E-02   2.9916654E+00  -1.6387825E+00   3.4112623E+00
   5.2416021E-01  -5.3395852E-02   2.2020962E+00  -1.6638317E+00   2.7605100E+00
   5.4082710E-01  -3.6579136E-02   1.4979619E+00  -1.6749936E+00   2.2474055E+00
   5.5772233E-01  -3.6967654E-02   7.4064511E-01  -1.6834704E+00   1.8395636E+00
   5.7491326E-01  -4.4803660E-02  -5.9956908E-02  -1.6894096E+00   1.6910667E+00
   5.9117597E-01  -2.9366273E-02  -7.4906933E-01  -1.6945596E+00   1.8529704E+00
   6.0841358E-01   4.2122833E-02  -1.6772883E+00  -1.6920723E+00   2.3828931E+00
   6.2563676E-01  -1.4775535E-02  -2.2032061E+00  -1.6829022E+00   2.7724531E+00
   6.4239085E-01  -2.1545948E-02  -2.8740947E+00  -1.6701930E+00   3.3242185E+00
   6.5900326E-01  -5.1382650E-02  -3.4775257E+00  -1.6400846E+00   3.8452182E+00
   6.7570400E-01  -7.7524692E-02  -4.0199289E+00  -1.6182389E+00   4.3341131E+00
   6.9275767E-01  -5.7783056E-02  -4.5869732E+00  -1.5924197E+00   4.8558688E+00
   7.0965946E-01  -5.3237680E-02  -5.2275634E+00  -1.5617048E+00   5.4561138E+00
   7.2661030E-01  -7.0661627E-02  -5.4803586E+00  -1.5404743E+00   5.6931872E+00
   7.4330199E-01  -5.6842528E-02  -5.9293175E+00  -1.5191982E+00   6.1211109E+00
   7.6074111E-01  -6.2151425E-02  -6.2735233E+00  -1.4905109E+00   6.4484558E+00
   7.7768511E-01  -7.3303312E-02  -6.5925794E+00  -1.4457394E+00   6.7496400E+00
   7.9399413E-01  -5.1180951E-02  -6.8913178E+00  -1.4045234E+00   7.0331759E+00
   8.1087083E-01  -5.8540594E-02  -7.1366305E+00  -1.3777437E+00   7.2686381E+00
   8.2839203E-01  -2.6589998E-03  -7.3928800E+00  -1.3485777E+00   7.5148745E+00
   8.4480613E-01  -4.2306796E-02  -7.5964365E+00  -1.3199567E+00   7.7103772E+00
   8.6189377E-01  -5.4045249E-02  -7.6812935E+00  -1.2944077E+00   7.7897806E+00
   8.7902302E-01  -3.2701191E-02  -7.8437018E+00  -1.2843440E+00   7.9482241E+00
   8.9583248E-01  -5.0200894E-02  -7.9051404E+00  -1.2639319E+00   8.0057030E+00
   9.1224259E-01  -1.3259816E-02  -7.9374537E+00  -1.2454903E+00   8.0345869E+00
   9.2925626E-01  -7.5589697E-04  -7.9301515E+00  -1.2282629E+00   8.0247078E+00
   9.4622606E-01  -1.8076625E-02  -7.8440962E+00  -1.2072483E+00   7.9364738E+00
   9.6352637E-01   1.7624505E-02  -7.7257857E+00  -1.1932930E+00   7.8174181E+00
   9.8037761E-01   1.8630369E-02  -7.6086950E+00  -1.1807853E+00   7.6997948E+00
   9.9690223E-01   2.1740481E-02  -7.4201841E+00  -1.1523058E+00   7.5091553E+00
   1.0136764E+00   5.4386068E-02  -7.1911731E+00  -1.1435553E+00   7.2817335E+00
   1.0310216E+00   2.3757473E-02  -6.9055877E+00  -1.1168869E+00   6.9953661E+00
   1.0475740E+00   2.4097003E-02  -6.6697712E+00  -1.1062053E+00   6.7609262E+00
   1.0647652E+00   4.0388919E-02  -6.3755932E+00  -1.0927812E+00   6.4686933E+00
   1.0816109E+00   3.2704554E-02  -6.1381741E+00  -1.0832913E+00   6.2331190E+00
   1.0984119E+00   1.4038081E-02  -5.8692093E+00  -1.0735341E+00   5.9665980E+00
   1.1157210E+00   3.3430606E-02  -5.5151868E+00  -1.0604157E+00   5.6163054E+00
   1.1324116E+00   2.8162792E-02  -5.2381272E+00  -1.0501968E+00   5.3424416E+00
   1.1488625E+00   1.1805903E-02  -4.9462280E+00  -1.0381893E+00   5.0540233E+00
   1.1657190E+00   2.2559162E-02  -4.6301923E+00  -1.0255526E+00   4.7424622E+00
   1.1829126E+00   1.9373119E-02  -4.2981119E+00  -1.0156591E+00   4.4165263E+00
   1.1995003E+00   1.9217465E-02  -3.9904788E+00  -1.0059791E+00   4.1153717E+00
   1.2170463E+00   1.6125763E-02  -3.6326487E+00  -9.9771547E-01   3.7672048E+00
   1.2339462E+00   1.1013586E-02  -3.3419454E+00  -9.9035257E-01   3.4856160E+00
   1.2507054E+00  -4.6950071E-03  -3.0330870E+00  -9.8391020E-01   3.1886859E+00
   1.2676419E+00  -1.5386268E-02  -2.7240448E+00  -9.7782022E-01   2.8942683E+00
   1.2842858E+00  -1.9605620E-02  -2.3994870E+00  -9.7542942E-01   2.5902481E+00
   1.3010982E+00  -2.3178341E-02  -2.0552189E+00  -9.6962869E-01   2.2725849E+00
   1.3186364E+00  -3.6449693E-02  -1.7003152E+00  -9.6775377E-01   1.9567698E+00
   1.3348916E+00  -2.7956609E-02  -1.4062874E+00  -9.6205986E-01   1.7041082E+00
   1.3522798E+00  -3.5518605E-02  -1.0903685E+00  -9.6295500E-01   1.4551451E+00
   1.3684599E+00  -3.3069491E-02  -7.5413322E-01  -9.6159428E-01   1.2224869E+00
   1.3860911E+00  -2.5811177E-02  -4.1415662E-01  -9.6238613E-01   1.0480357E+00
   1.4029647E+00  -2.3379112E-02  -7.5000182E-02  -9.6212709E-01   9.6532905E-01
   1.4191020E+00  -2.5169149E-02   3.4048235E-01  -9.6320200E-01   1.0219197E+00
   1.4362073E+00  -2.0610806E-02   6.6952324E-01  -9.6602893E-01   1.1755416E+00
   1.4536297E+00  -2.1524658E-02   1.0183178E+00  -9.6811533E-01   1.4052337E+00
   1.4706415E+00  -5.1442492E-03   1.4659336E+00  -9.7433859E-01   1.7602055E+00
   1.4873590E+00  -2.2750594E-02   1.7677537E+00  -9.7579271E-01   2.0193172E+00
   1.5045950E+00  -1.1111917E-02   2.1773226E+00  -9.7985673E-01   2.3876719E+00
   1.5205988E+00  -3.7488014E-02   2.5614858E+00  -9.8646045E-01   2.7451262E+00
   1.5383979E+00  -2.1486573E-02   2.9716704E+00  -9.9107736E-01   3.1326540E+00
   1.5544685E+00  -2.0150725E-02   3.3562644E+00  -9.9697757E-01   3.5012684E+00
   1.5710384E+00  -2.0989707E-02   3.7414730E+00  -1.0032645E+00   3.8737063E+00
   1.5885500E+00  -3.5991237E-02   4.1808367E+00  -1.0125029E+00   4.3018432E+00
   1.6049522E+00  -1.1002000E-02   4.6091719E+00  -1.0195609E+00   4.7206030E+00
   1.6221265E+00  -3.0690700E-02   4.9708018E+00  -1.0254335E+00   5.0755615E+00
   1.6386758E+00  -8.4543005E-03   5.3941851E+00  -1.0333670E+00   5.4922810E+00
   1.6567822E+00  -2.1742960E-02   5.8306189E+00  -1.0327656E+00   5.9214182E+00
   1.6732763E+00   6.6855480E-03   6.2717643E+00  -1.0375148E+00   6.3570046E+00
   1.6899916E+00  -2.6489932E-03   6.6905417E+00  -1.0161117E+00   6.7672620E+00
   1.7070907E+00   3.4684375E-02   7.1032619E+00  -1.0404147E+00   7.1791363E+00
   1.7240385E+00   4.4636201E-02   7.4816709E+00  -1.0418737E+00   7.5539985E+00
   1.7403489E+00   2.6145777E-02   7.8607063E+00  -1.0578766E+00   7.9316134E+00
   1.7572658E+00   5.0826777E-02   8.2610388E+00  -1.0627265E+00   8.3292704E+00
   1.7746314E+00   2.5575910E-02   8.6839371E+00  -1.0834785E+00   8.7513046E+00
   1.7915446E+00   1.8846236E-02   9.0509710E+00  -1.0953915E+00   9.1170340E+00
   1.8081563E+00   2.0671876E-02   9.3826246E+00  -1.1073450E+00   9.4477663E+00
   1.8254123E+00   3.5064463E-02   9.7802000E+00  -1.1257788E+00   9.8448429E+00
   1.8423972E+00   3.9749458E-02   1.0137144E+01  -1.1422420E+00   1.0201372E+01
   1.8592182E+00   3.4248784E-02   1.0478865E+01  -1.1616594E+00   1.0543113E+01
   1.8761991E+00   5.3163197E-02   1.0789459E+01  -1.1820652E+00   1.0854148E+01
   1.8924325E+00   4.4867124E-02   1.1026757E+01  -1.2015096E+00   1.1092115E+01
   1.9099449E+00   6.1007388E-02   1.1264381E+01  -1.2196914E+00   1.1330386E+01
   1.9269197E+00   6.3772798E-02   1.1471064E+01  -1.2384729E+00   1.1537902E+01
   1.9435776E+00   6.7089848E-02   1.1583789E+01  -1.2398906E+00   1.1650150E+01
   1.9600143E+00   1.0815079E-01   1.1647777E+01  -1.2556602E+00   1.1715762E+01
   1.9773421E+00   1.0883973E-01   1.1691746E+01  -1.2737614E+00   1.1761431E+01
   1.9942535E+00   8.7667741E-02   1.1665046E+01  -1.2839856E+00   1.1735825E+01
   2.0111332E+00   5.0126452E-02   1.1538239E+01  -1.3162071E+00   1.1613175E+01
   2.0281425E+00   8.4151529E-02   1.1419185E+01  -1.3378475E+00   1.1497595E+01
   2.0450284E+00   4.8854746E-02   1.1195365E+01  -1.3496361E+00   1.1276529E+01
   2.0619695E+00   4.7421865E-02   1.0836304E+01  -1.3762267E+00   1.0923448E+01
   2.0789225E+00   3.9007403E-02   1.0564389E+01  -1.3978248E+00   1.0656536E+01
   2.0953059E+00   9.0159494E-03   1.0182673E+01  -1.4187365E+00   1.0281036E+01
   2.1128547E+00   1.6783796E-02   9.6934118E+00  -1.4387802E+00   9.7996225E+00
   2.1294682E+00  -1.2529140E-02   9.1976976E+00  -1.4547303E+00   9.3120375E+00
   2.1462362E+00  -2.5196115E-02   8.5643358E+00  -1.4708371E+00   8.6897554E+00
   2.1632802E+00  -2.9169532E-02   8.0179548E+00  -1.4860976E+00   8.1545658E+00
   2.1800170E+00   2.9467931E-03   7.3577175E+00  -1.4931968E+00   7.5077062E+00
   2.1967673E+00  -5.4331500E-02   6.6052241E+00  -1.5202771E+00   6.7781401E+00
   2.2135394E+00  -7.8338467E-02   5.9570780E+00  -1.5362451E+00   6.1524763E+00
   2.2311490E+00  -1.0062689E-01   5.1901169E+00  -1.5528212E+00   5.4183660E+00
   2.2478883E+00  -1.1626495E-01   4.4495316E+00  -1.5625767E+00   4.7173610E+00
   2.2648857E+00  -8.5514717E-02   3.6060460E+00  -1.5651860E+00   3.9320080E+00
   2.2817459E+00  -1.7898282E-01   2.9901526E+00  -1.5698923E+00   3.3819535E+00
   2.2983572E+00  -1.3498098E-01   2.3004491E+00  -1.5605718E+00   2.7831044E+00
   2.3151596E+00  -8.7355949E-02   1.7347935E+00  -1.5230701E+00   2.3101692E+00
   2.3322797E+00  -1.3204479E-01   1.2373085E+00  -1.4837238E+00   1.9364412E+00
   2.3490274E+00  -1.4661153E-01   5.7078451E-01  -1.4466045E+00   1.5620353E+00
   2.3663297E+00  -1.8055680E-01   4.8451278E-02  -1.4151980E+00   1.4274920E+00
   2.3834069E+00  -2.2810474E-01  -4.1723728E-01  -1.3782198E+00   1.4579468E+00
   2.3993139E+00  -2.0828000E-01  -7.8118056E-01  -1.3522998E+00   1.5755439E+00
   2.4165158E+00  -2.4106064E-01  -1.1948503E+00  -1.3161976E+00   1.7939212E+00
   2.4335871E+00  -2.0632041E-01  -1.5532871E+00  -1.2800156E+00   2.0232916E+00
   2.4508097E+00  -3.0444589E-01  -1.8925430E+00  -1.2423220E+00   2.2842438E+00
   2.4673812E+00  -1.8281052E-01  -2.0784919E+00  -1.1954793E+00   2.4047287E+00
   2.4839673E+00  -1.9273858E-01  -2.2863672E+00  -1.1323751E+00   2.5586905E+00
   2.5012116E+00  -2.5501713E-01  -2.4251628E+00  -1.0845522E+00   2.6688390E+00
   2.5184503E+00  -2.0162649E-01  -2.5139916E+00  -1.0472244E+00   2.7308397E+00
   2.5352073E+00  -2.2091581E-01  -2.6360979E+00  -1.0080897E+00   2.8309116E+00
   2.5517747E+00  -1.7219774E-01  -2.6875994E+00  -9.7412866E-01   2.8638730E+00
   2.5691202E+00  -1.1059903E-01  -2.7554471E+00  -9.5552254E-01   2.9185174E+00
   2.5855715E+00  -1.6035129E-01  -2.6674664E+00  -9.2720574E-01   2.8285687E+00
   2.6027858E+00  -1.7347156E-01  -2.5956869E+00  -9.0216339E-01   2.7534671E+00
   2.6197588E+00  -1.2369428E-01  -2.5758915E+00  -8.5095364E-01   2.7156289E+00
   2.6366293E+00  -2.0283079E-01  -2.5501719E+00  -8.2795215E-01   2.6888700E+00
   2.6530342E+00  -1.3049597E-01  -2.3510728E+00  -7.9722089E-01   2.4859874E+00
   2.6698983E+00  -1.5771781E-01  -2.2872350E+00  -7.7356625E-01   2.4196537E+00
   2.6871147E+00  -1.3933064E-01  -2.1952899E+00  -7.4548656E-01   2.3225980E+00
   2.7041800E+00  -1.4103721E-01  -2.0245302E+00  -7.2866178E-01   2.1562843E+00
   2.7211397E+00  -1.4766441E-01  -1.8916980E+00  -7.0370144E-01   2.0237396E+00
   2.7380171E+00  -1.3383675E-01  -1.6804553E+00  -6.8559980E-01   1.8198597E+00
   2.7545152E+00  -1.2989026E-01  -1.5179793E+00  -6.6806281E-01   1.6635627E+00
   2.7713070E+00  -1.2146344E-01  -1.3040020E+00  -6.5056694E-01   1.4623311E+00
   2.7882922E+00  -1.2010296E-01  -1.1379228E+00  -6.3674164E-01   1.3094780E+00
   2.8057685E+00  -1.0999721E-01  -9.0860802E-01  -6.2154627E-01   1.1063397E+00
   2.8220654E+00  -1.1662553E-01  -6.9625866E-01  -6.1262822E-01   9.3471438E-01
   2.8393724E+00  -1.0284611E-01  -4.8484001E-01  -6.0305041E-01   7.8058755E-01
   2.8558621E+00  -1.0247826E-01  -2.8899840E-01  -5.9495801E-01   6.6932571E-01
   2.8731863E+00  -9.3190297E-02  -9.7491033E-02  -5.8875638E-01   6.0400575E-01
   2.8896856E+00  -1.0779577E-01   1.2524642E-01  -5.8280420E-01   6.0577828E-01
   2.9070005E+00  -1.3319398E-01   4.5221594E-01  -5.7726622E-01   7.4530274E-01
   2.9234519E+00  -1.0409186E-01   5.5335623E-01  -5.7105738E-01   8.0196309E-01
   2.9403553E+00  -9.7262785E-02   7.4633479E-01  -5.6679463E-01   9.4219518E-01
   2.9574850E+00  -1.5812169E-01   1.0888571E+00  -5.6310451E-01   1.2360011E+00
   2.9746575E+00  -9.1520436E-02   1.0742424E+00  -5.5703151E-01   1.2135307E+00
   2.9910576E+00  -1.2014457E-01   1.4021058E+00  -5.5572540E-01   1.5129991E+00
   3.0085552E+00  -1.0556354E-01   1.5513967E+00  -5.5218041E-01   1.6501148E+00
   3.0250130E+00  -9.6162938E-02   1.7587907E+00  -5.4967076E-01   1.8451911E+00
   3.0418332E+00  -1.0218775E-01   1.9794385E+00  -5.4859585E-01   2.0565934E+00
   3.0586319E+00  -1.0475537E-01   2.1461425E+00  -5.4569262E-01   2.2169082E+00
   3.0760016E+00  -1.3737893E-01   2.4871471E+00  -5.4259521E-01   2.5493498E+00
   3.0928426E+00  -1.1272044E-01   2.6382847E+00  -5.4078466E-01   2.6954961E+00
   3.1096487E+00  -1.1113218E-01   2.8203423E+00  -5.4050851E-01   2.8738182E+00
   3.1264088E+00  -1.5036978E-01   3.1596487E+00  -5.3972822E-01   3.2089400E+00
   3.1436167E+00  -9.1649555E-02   3.2803981E+00  -5.3372002E-01   3.3247962E+00
   3.1602035E+00  -1.4683573E-01   3.6724868E+00  -5.3123730E-01   3.7136147E+00
   3.1774855E+00  -1.4587109E-01   4.0017905E+00  -5.3487176E-01   4.0400119E+00
   3.1941342E+00  -1.4242899E-01   4.2964048E+00  -5.3489560E-01   4.3319159E+00
   3.2108116E+00  -1.4779244E-01   4.6050205E+00  -5.3740245E-01   4.6386271E+00
   3.2280924E+00  -1.9990990E-01   5.0244250E+00  -5.3543609E-01   5.0568275E+00
   3.2448330E+00  -2.0314194E-01   5.4039392E+00  -5.4055160E-01   5.4347057E+00
   3.2616255E+00  -2.0309505E-01   5.8227801E+00  -5.3797781E-01   5.8511052E+00
   3.2784758E+00  -2.2215864E-01   6.2543831E+00  -5.4623020E-01   6.2821198E+00
   3.2953894E+00  -2.2558485E-01   6.6936722E+00  -5.5079168E-01   6.7200823E+00
   3.3123715E+00  -2.3855229E-01   7.1382256E+00  -5.5855924E-01   7.1640182E+00
   3.3294268E+00  -2.1869314E-01   7.6151643E+00  -5.6589639E-01   7.6392927E+00
   3.3464940E+00  -2.2793862E-01   8.1027565E+00  -5.7414234E-01   8.1262693E+00
   3.3634174E+00  -2.5432491E-01   8.5238247E+00  -5.8602184E-01   8.5477304E+00
   3.3797145E+00  -2.7492061E-01   9.0123568E+00  -6.0272932E-01   9.0366716E+00
   3.3970766E+00  -3.0031407E-01   9.4422569E+00  -6.1430043E-01   9.4669828E+00
   3.4134820E+00  -2.9214379E-01   9.8408823E+00  -6.2887347E-01   9.8652821E+00
   3.4306738E+00  -3.2714969E-01   1.0262797E+01  -6.4563447E-01   1.0288288E+01
   3.4473214E+00  -3.2175851E-01   1.0809278E+01  -6.6039759E-01   1.0834212E+01
   3.4641886E+00  -3.6317635E-01   1.1226499E+01  -6.8069184E-01   1.1252978E+01
   3.4815657E+00  -3.8331795E-01   1.1630949E+01  -6.9998783E-01   1.1658298E+01
   3.4982035E+00  -4.0639400E-01   1.2018107E+01  -7.1929199E-01   1.2046470E+01
   3.5152798E+00  -3.9914984E-01   1.2320672E+01  -7.3390079E-01   1.2348963E+01
   3.5322309E+00  -4.8365232E-01   1.2689356E+01  -7.4211991E-01   1.2720237E+01
   3.5489733E+00  -4.9833462E-01   1.2917900E+01  -7.5818783E-01   1.2949723E+01
   3.5659230E+00  -5.0703192E-01   1.3188065E+01  -7.6031369E-01   1.3219690E+01
   3.5830696E+00  -5.6254369E-01   1.3308002E+01  -7.7341634E-01   1.3342322E+01
   3.5998828E+00  -6.0700309E-01   1.3391049E+01  -7.8638667E-01   1.3427846E+01
   3.6163573E+00  -6.8207330E-01   1.3418646E+01  -8.0921084E-01   1.3460316E+01
   3.6333871E+00  -9.1229963E-01   1.3190877E+01  -8.4726751E-01   1.3249505E+01
   3.6504660E+00  -8.7013876E-01   1.2992630E+01  -8.5909081E-01   1.3050042E+01
   3.6670699E+00  -8.2375020E-01   1.2864719E+01  -8.8054943E-01   1.2921104E+01
   3.6843851E+00  -7.5496668E-01   1.2593419E+01  -8.9615595E-01   1.2647818E+01
   3.7010407E+00  -8.6811572E-01   1.2284188E+01  -8.9558935E-01   1.2347347E+01
   3.7178159E+00  -8.6877590E-01   1.1835376E+01  -9.3760806E-01   1.1904201E+01
   3.7347584E+00  -9.6595639E-01   1.1064637E+01  -9.8125470E-01   1.1149983E+01
   3.7515838E+00  -9.6432400E-01   1.0357182E+01  -1.0111779E+00   1.0451011E+01
   3.7685962E+00  -9.6122003E-01   9.7643681E+00  -1.0160145E+00   9.8640308E+00
   3.7856212E+00  -9.2253053E-01   8.9319839E+00  -1.0407745E+00   9.0396137E+00
   3.8023143E+00  -1.0260234E+00   8.2554646E+00  -1.0744135E+00   8.3880739E+00
   3.8193235E+00  -1.1539314E+00   7.3549666E+00  -1.0727264E+00   7.5218239E+00
   3.8361943E+00  -1.0745139E+00   6.4989223E+00  -1.0878114E+00   6.6763692E+00
   3.8531911E+00  -1.0921414E+00   5.7972946E+00  -1.1076202E+00   6.0023508E+00
   3.8702757E+00  -9.8035568E-01   5.0833035E+00  -1.0985054E+00   5.2922382E+00
   3.8868084E+00  -1.0833327E+00   4.3218064E+00  -1.1006167E+00   4.5894418E+00
   3.9036918E+00  -1.1026586E+00   3.6708114E+00  -1.0906713E+00   3.9850063E+00
   3.9209268E+00  -1.0881289E+00   3.1127079E+00  -1.0743141E+00   3.4680147E+00
   3.9376380E+00  -1.1026398E+00   2.6231303E+00  -1.0683043E+00   3.0393918E+00
   3.9547698E+00  -1.0548037E+00   2.0721774E+00  -1.0517964E+00   2.5520201E+00
   3.9713373E+00  -1.0760877E+00   1.7405438E+00  -1.0353476E+00   2.2933388E+00
   3.9882765E+00  -1.0054669E+00   1.2797897E+00  -1.0144308E+00   1.9177839E+00
   4.0051560E+00  -9.7421098E-01   1.0477864E+00  -9.8042202E-01   1.7344078E+00
   4.0224118E+00  -9.6558666E-01   7.0207244E-01  -9.4201678E-01   1.5207429E+00
   4.0390625E+00  -9.0446377E-01   4.1981500E-01  -8.9723104E-01   1.3413885E+00
   4.0561943E+00  -9.2076164E-01   1.7446207E-01  -8.4650022E-01   1.2628546E+00
   4.0729957E+00  -8.6567432E-01  -3.3801652E-02  -8.2352006E-01   1.1952907E+00
   4.0901222E+00  -8.4161001E-01  -1.4068566E-01  -7.8586805E-01   1.1600381E+00
   4.1068172E+00  -8.5725343E-01  -3.6116007E-01  -7.5837696E-01   1.2001898E+00
   4.1239486E+00  -8.0920738E-01  -5.7682443E-01  -7.3432821E-01   1.2356297E+00
   4.1405172E+00  -8.2261217E-01  -5.7663870E-01  -7.0183736E-01   1.2254708E+00
   4.1572866E+00  -7.8834343E-01  -6.5195817E-01  -6.7463732E-01   1.2254266E+00
   4.1742072E+00  -7.9621798E-01  -6.6748494E-01  -6.4702374E-01   1.2239848E+00
   4.1913562E+00  -8.0114621E-01  -9.0032649E-01  -6.3772911E-01   1.3634961E+00
   4.2076716E+00  -7.6791924E-01  -8.8887292E-01  -6.1571050E-01   1.3262333E+00
   4.2251434E+00  -7.9386848E-01  -9.2173612E-01  -5.8683449E-01   1.3506292E+00
   4.2419434E+00  -7.0557815E-01  -9.1126013E-01  -5.7959032E-01   1.2900234E+00
   4.2588253E+00  -7.4642217E-01  -1.0304456E+00  -5.5185801E-01   1.3869072E+00
   4.2754722E+00  -6.8506604E-01  -9.2601210E-01  -5.4151118E-01   1.2728112E+00
   4.2921777E+00  -6.4338261E-01  -1.0077322E+00  -5.2661687E-01   1.3064419E+00
   4.3094206E+00  -6.2786806E-01  -9.9628258E-01  -5.1659137E-01   1.2859486E+00
   4.3265858E+00  -6.0627818E-01  -9.8987263E-01  -5.0446850E-01   1.2656657E+00
   4.3432651E+00  -6.1599165E-01  -1.0007982E+00  -4.9767223E-01   1.2762134E+00
   4.3604107E+00  -5.8108497E-01  -9.9328208E-01  -4.9201900E-01   1.2515397E+00
   4.3774333E+00  -5.6342781E-01  -9.7553211E-01  -4.8500758E-01   1.2265179E+00
   4.3938189E+00  -5.5953705E-01  -9.6920836E-01  -4.8044342E-01   1.2178967E+00
   4.4112253E+00  -5.5247003E-01  -1.0714840E+00  -4.6993035E-01   1.2938839E+00
   4.4282188E+00  -5.3614402E-01  -1.0133952E+00  -4.6519899E-01   1.2372673E+00
   4.4444351E+00  -5.1491082E-01  -9.7766823E-01  -4.6115726E-01   1.1973447E+00
   4.4618397E+00  -5.2614433E-01  -9.6621466E-01  -4.5693305E-01   1.1912961E+00
   4.4783382E+00  -5.2073109E-01  -9.3358463E-01  -4.5392257E-01   1.1613728E+00
   4.4956160E+00  -5.2492541E-01  -8.7977821E-01  -4.5228145E-01   1.1198727E+00
   4.5121570E+00  -5.1655042E-01  -8.3032763E-01  -4.5178038E-01   1.0772065E+00
   4.5289812E+00  -5.2632833E-01  -7.5152421E-01  -4.5136252E-01   1.0225157E+00
   4.5457215E+00  -5.0914967E-01  -6.5976518E-01  -4.5209539E-01   9.4811058E-01
   4.5632606E+00  -5.1793081E-01  -5.6819350E-01  -4.5407519E-01   8.9290559E-01
   4.5800195E+00  -5.2119565E-01  -4.5834526E-01  -4.5620757E-01   8.3057243E-01
   4.5968709E+00  -5.1061481E-01  -2.9265431E-01  -4.5942482E-01   7.4662250E-01
   4.6140280E+00  -5.1048064E-01  -1.7464894E-01  -4.6350005E-01   7.1128404E-01
   4.6309500E+00  -5.0402224E-01   3.5463005E-02  -4.6744365E-01   6.8833101E-01
   4.6470842E+00  -5.0863618E-01   2.0468833E-01  -4.7281441E-01   7.2398996E-01
   4.6641312E+00  -5.2660090E-01   3.9897007E-01  -4.7840291E-01   8.1569296E-01
   4.6811633E+00  -5.1365381E-01   5.6963658E-01  -4.8504800E-01   9.0752280E-01
   4.6982760E+00  -5.2597612E-01   8.5127825E-01  -4.8979795E-01   1.1141039E+00
   4.7151403E+00  -5.3577441E-01   1.0641093E+00  -4.9713242E-01   1.2909390E+00
   4.7322092E+00  -5.3188407E-01   1.3722115E+00  -5.0516838E-01   1.5559756E+00
   4.7489471E+00  -5.2888691E-01   1.6146953E+00  -5.1004428E-01   1.7740089E+00
   4.7660336E+00  -5.3622139E-01   1.8950413E+00  -5.1741379E-01   2.0362790E+00
   4.7823944E+00  -5.5703157E-01   2.2497165E+00  -5.2671689E-01   2.3767498E+00
   4.7997847E+00  -5.5553728E-01   2.6153004E+00  -5.3155160E-01   2.7259798E+00
   4.8166132E+00  -5.5408520E-01   2.9856837E+00  -5.3563631E-01   3.0835409E+00
   4.8336434E+00  -5.8827311E-01   3.4200420E+00  -5.3428119E-01   3.5111549E+00
   4.8505464E+00  -5.7962048E-01   3.8434479E+00  -5.3806984E-01   3.9239738E+00
   4.8669190E+00  -5.9519535E-01   4.3428302E+00  -5.4415739E-01   4.4170737E+00
   4.8843398E+00  -6.0165590E-01   4.8237348E+00  -5.4961985E-01   4.8920841E+00
   4.9008183E+00  -6.1067772E-01   5.3476858E+00  -5.7017690E-01   5.4125571E+00
   4.9178014E+00  -6.2358797E-01   5.8255939E+00  -5.7782435E-01   5.8872991E+00
   4.9346423E+00  -6.1851937E-01   6.3654079E+00  -5.9405380E-01   6.4229188E+00
   4.9513688E+00  -6.2158525E-01   6.9016194E+00  -6.0989308E-01   6.9563417E+00
   4.9685974E+00  -6.5409327E-01   7.4593611E+00  -6.2623882E-01   7.5141253E+00
   4.9855747E+00  -6.6093904E-01   7.9789062E+00  -6.3930112E-01   8.0317173E+00
   5.0024204E+00  -6.7359179E-01   8.5182419E+00  -6.4770150E-01   8.5693455E+00
   5.0191956E+00  -7.2196513E-01   8.9822922E+00  -6.7345637E-01   9.0363903E+00
   5.0359507E+00  -7.0085716E-01   9.4665756E+00  -6.9401073E-01   9.5178204E+00
   5.0533743E+00  -7.2423822E-01   9.9211311E+00  -7.0972294E-01   9.9728165E+00
   5.0701680E+00  -7.4251592E-01   1.0371644E+01  -7.3353881E-01   1.0424030E+01
   5.0867510E+00  -7.6159316E-01   1.0793261E+01  -7.4528986E-01   1.0845735E+01
   5.1037521E+00  -7.3826987E-01   1.1116820E+01  -7.5047153E-01   1.1166554E+01
   5.1208940E+00  -7.7043629E-01   1.1412206E+01  -7.6323193E-01   1.1463617E+01
   5.1376510E+00  -8.0636764E-01   1.1679382E+01  -7.9361874E-01   1.1734054E+01
   5.1546884E+00  -8.1651926E-01   1.1879025E+01  -8.1873125E-01   1.1935168E+01
   5.1714244E+00  -8.2944733E-01   1.1966575E+01  -8.6381334E-01   1.2026349E+01
   5.1883750E+00  -9.1423410E-01   1.1975915E+01  -8.9911383E-01   1.2044367E+01
   5.2053194E+00  -8.8700807E-01   1.1959156E+01  -9.3747413E-01   1.2028593E+01
   5.2220869E+00  -9.1630232E-01   1.1746516E+01  -9.4869983E-01   1.1820333E+01
   5.2392507E+00  -9.6491772E-01   1.1448176E+01  -9.6966356E-01   1.1529616E+01
   5.2557788E+00  -9.1344589E-01   1.1193829E+01  -9.9064589E-01   1.1274642E+01
   5.2729669E+00  -8.9371288E-01   1.0787270E+01  -1.0186882E+00   1.0872057E+01
   5.2894983E+00  -9.3187088E-01   1.0214490E+01  -1.0383633E+00   1.0309335E+01
   5.3067088E+00  -8.6467731E-01   9.5793705E+00  -1.0775857E+00   9.6784916E+00
   5.3233438E+00  -9.3356264E-01   9.0394354E+00  -1.0998908E+00   9.1538343E+00
   5.3401589E+00  -8.6469436E-01   8.4049044E+00  -1.1303617E+00   8.5245428E+00
   5.3572330E+00  -7.6329327E-01   7.5536594E+00  -1.1591153E+00   7.6801000E+00
   5.3742919E+00  -8.3719629E-01   6.9733758E+00  -1.1696283E+00   7.1201758E+00
   5.3913198E+00  -9.9003518E-01   5.9626737E+00  -1.1944436E+00   6.1611967E+00
   5.4081912E+00  -9.4903290E-01   5.1809487E+00  -1.2069682E+00   5.4036713E+00
   5.4246950E+00  -1.0256100E+00   4.4888239E+00  -1.2347038E+00   4.7671700E+00
   5.4421186E+00  -1.0258074E+00   3.6971555E+00  -1.2364774E+00   4.0311432E+00
   5.4586830E+00  -1.0562780E+00   3.0891705E+00  -1.2379751E+00   3.4916012E+00
   5.4754996E+00  -1.1130503E+00   2.3166516E+00  -1.2248853E+00   2.8471215E+00
   5.4922566E+00  -1.0399389E+00   1.7480026E+00  -1.2061051E+00   2.3646724E+00
   5.5094295E+00  -9.8910409E-01   1.1316465E+00  -1.1703149E+00   1.9048852E+00
   5.5260687E+00  -9.1839767E-01   7.0040375E-01  -1.1302634E+00   1.6160183E+00
   5.5435405E+00  -8.9248633E-01   2.4148817E-01  -1.1076245E+00   1.4428030E+00
   5.5598688E+00  -8.5687822E-01  -1.5499340E-01  -1.0919576E+00   1.3966513E+00
   5.5766969E+00  -7.9382491E-01  -4.6462160E-01  -1.0619824E+00   1.4049333E+00
   5.5936141E+00  -7.6065755E-01  -7.7392739E-01  -1.0360600E+00   1.5003279E+00
   5.6110196E+00  -7.2928053E-01  -1.0874920E+00  -1.0063146E+00   1.6514109E+00
   5.6275668E+00  -7.6732600E-01  -1.2606628E+00  -9.7912288E-01   1.7710849E+00
   5.6446795E+00  -6.1313409E-01  -1.4089167E+00  -9.5095760E-01   1.8070141E+00
   5.6615720E+00  -7.0916402E-01  -1.5882280E+00  -9.1406447E-01   1.9649161E+00
   5.6784515E+00  -7.1271431E-01  -1.7466265E+00  -8.6889136E-01   2.0769298E+00
   5.6955328E+00  -6.5999573E-01  -1.7369436E+00  -8.3309066E-01   2.0363221E+00
   5.7123947E+00  -6.1650211E-01  -1.8000087E+00  -7.9979265E-01   2.0639222E+00
   5.7291794E+00  -6.4115208E-01  -1.8612086E+00  -7.7163953E-01   2.1143796E+00
   5.7456055E+00  -6.1820894E-01  -1.8565186E+00  -7.4311346E-01   2.0930984E+00
   5.7626247E+00  -6.5008235E-01  -1.8120143E+00  -7.1855289E-01   2.0548289E+00
   5.7797813E+00  -6.2742543E-01  -1.8311667E+00  -6.9479901E-01   2.0565941E+00
   5.7967000E+00  -6.1482078E-01  -1.9142183E+00  -6.7767906E-01   2.1216702E+00
   5.8139143E+00  -6.0826981E-01  -1.8646901E+00  -6.6013479E-01   2.0695021E+00
   5.8307509E+00  -5.9344858E-01  -1.8277259E+00  -6.4195108E-01   2.0260465E+00
   5.8473935E+00  -5.5950165E-01  -1.7675450E+00  -6.2630159E-01   1.9569137E+00
   5.8642445E+00  -5.5042475E-01  -1.7895355E+00  -6.1152840E-01   1.9696121E+00
   5.8810015E+00  -5.2248520E-01  -1.7822815E+00  -5.9600133E-01   1.9505732E+00
   5.8977885E+00  -5.3003293E-01  -1.7704505E+00  -5.8710831E-01   1.9391044E+00
   5.9153242E+00  -4.7279572E-01  -1.7259967E+00  -5.7544881E-01   1.8798250E+00
   5.9319348E+00  -4.9023756E-01  -1.7216371E+00  -5.6598324E-01   1.8774196E+00
   5.9484386E+00  -4.8488784E-01  -1.6655858E+00  -5.5566281E-01   1.8215525E+00
   5.9656272E+00  -4.5218784E-01  -1.6360295E+00  -5.4767382E-01   1.7835394E+00
   5.9829140E+00  -4.2896295E-01  -1.6541858E+00  -5.3989476E-01   1.7921568E+00
   5.9998417E+00  -4.2416748E-01  -1.6721523E+00  -5.3506994E-01   1.8061869E+00
   6.0163927E+00  -4.1589865E-01  -1.6779852E+00  -5.3102058E-01   1.8084769E+00
   6.0336409E+00  -4.0496749E-01  -1.6565350E+00  -5.2486849E-01   1.7842628E+00
   6.0500603E+00  -3.9525709E-01  -1.6852434E+00  -5.1864958E-01   1.8070061E+00
   6.0673122E+00  -3.7844038E-01  -1.6825551E+00  -5.1418477E-01   1.7996095E+00
   6.0838623E+00  -3.6679718E-01  -1.6781049E+00  -5.1097089E-01   1.7921126E+00
   6.1012359E+00  -3.4410086E-01  -1.6952188E+00  -5.0577593E-01   1.8022157E+00
   6.1178403E+00  -3.3120289E-01  -1.6981338E+00  -5.0174820E-01   1.8014175E+00
   6.1343899E+00  -3.1861374E-01  -1.6972198E+00  -4.9851537E-01   1.7973835E+00
   6.1516643E+00  -2.9457626E-01  -1.7361917E+00  -4.9518967E-01   1.8293031E+00
   6.1681662E+00  -2.7808103E-01  -1.7296826E+00  -4.9152681E-01   1.8195410E+00
   6.1853442E+00  -2.5268933E-01  -1.7442980E+00  -4.8882437E-01   1.8290371E+00
   6.2024102E+00  -2.2706613E-01  -1.7657061E+00  -4.8563528E-01   1.8452963E+00
   6.2188568E+00  -2.2143978E-01  -1.7643487E+00  -4.8280635E-01   1.8425699E+00
   6.2360778E+00  -2.0059831E-01  -1.7662057E+00  -4.8011798E-01   1.8412592E+00
   6.2527061E+00  -1.8901406E-01  -1.7796340E+00  -4.7804818E-01   1.8523914E+00
   6.2700863E+00  -1.8228656E-01  -1.7834926E+00  -4.7577944E-01   1.8548423E+00
   6.2869391E+00  -1.7701817E-01  -1.7870251E+00  -4.7428328E-01   1.8573472E+00
   6.3039265E+00  -1.7134675E-01  -1.7706403E+00  -4.7301504E-01   1.8407254E+00
   6.3204718E+00  -1.6867013E-01  -1.7363136E+00  -4.7214627E-01   1.8072511E+00
   6.3377624E+00  -1.6756530E-01  -1.6970396E+00  -4.7171196E-01   1.7693315E+00
   6.3546495E+00  -1.7418119E-01  -1.6681790E+00  -4.7326049E-01   1.7427380E+00
   6.3711543E+00  -1.6910353E-01  -1.5963571E+00  -4.7263914E-01   1.6734215E+00
   6.3884234E+00  -1.7652906E-01  -1.5275137E+00  -4.7397718E-01   1.6090728E+00
   6.4053588E+00  -1.8356706E-01  -1.4503506E+00  -4.7531068E-01   1.5372488E+00
   6.4219913E+00  -1.7813259E-01  -1.3343352E+00  -4.7823519E-01   1.4285975E+00
   6.4388561E+00  -1.8931252E-01  -1.2297060E+00  -4.8169780E-01   1.3341848E+00
   6.4559541E+00  -1.8928753E-01  -1.0681018E+00  -4.8553947E-01   1.1884526E+00
   6.4727941E+00  -1.8303047E-01  -9.2964649E-01  -4.8979196E-01   1.0666015E+00
   6.4893680E+00  -1.7729121E-01  -7.1512723E-01  -4.9248442E-01   8.8621670E-01
   6.5066276E+00  -2.1270360E-01  -5.3225505E-01  -4.9948993E-01   7.6028180E-01
   6.5236201E+00  -2.1369022E-01  -3.2902670E-01  -5.0462133E-01   6.3919073E-01
   6.5403714E+00  -2.3142986E-01  -1.1155175E-01  -5.0798559E-01   5.6925648E-01
   6.5573616E+00  -2.2963826E-01   1.2906410E-01  -5.1165080E-01   5.7548052E-01
   6.5741434E+00  -2.2339700E-01   3.7207839E-01  -5.1706845E-01   6.7506170E-01
   6.5911818E+00  -2.3449133E-01   5.9002823E-01  -5.2119952E-01   8.2144290E-01
   6.6080389E+00  -2.4657477E-01   8.3229256E-01  -5.2604753E-01   1.0150055E+00
   6.6247311E+00  -2.4796574E-01   1.0679914E+00  -5.3150672E-01   1.2184383E+00
   6.6417050E+00  -2.5304487E-01   1.3332210E+00  -5.3280282E-01   1.4578713E+00
   6.6585340E+00  -2.7387011E-01   1.6224854E+00  -5.3953415E-01   1.7316353E+00
   6.6756558E+00  -2.8366226E-01   1.8940885E+00  -5.4053080E-01   1.9900274E+00
   6.6924338E+00  -3.0350256E-01   2.1442738E+00  -5.4795271E-01   2.2338924E+00
   6.7092471E+00  -3.1354314E-01   2.3740911E+00  -5.4913199E-01   2.4568605E+00
   6.7259922E+00  -2.4513376E-01   2.7634296E+00  -5.5498713E-01   2.8292482E+00
   6.7430782E+00  -3.4297031E-01   2.9498386E+00  -5.4269469E-01   3.0188894E+00
   6.7600675E+00  -3.4492236E-01   3.2314136E+00  -5.5768323E-01   3.2972739E+00
   6.7769685E+00  -3.6572239E-01   3.4982476E+00  -5.6431502E-01   3.5622942E+00
   6.7937875E+00  -3.7005678E-01   3.7966762E+00  -5.7292539E-01   3.8574519E+00
   6.8105307E+00  -3.9233732E-01   4.0979190E+00  -5.8445513E-01   4.1579390E+00
   6.8276100E+00  -3.9815482E-01   4.3916187E+00  -5.9648365E-01   4.4497900E+00
   6.8446217E+00  -3.8914686E-01   4.6918936E+00  -6.1079961E-01   4.7474604E+00
   6.8615708E+00  -3.8479477E-01   4.9813743E+00  -6.2539911E-01   5.0352039E+00
   6.8781257E+00  -4.0125233E-01   5.2664356E+00  -6.3747793E-01   5.3200307E+00
   6.8951898E+00  -3.7095770E-01   5.5314980E+00  -6.4948142E-01   5.5818372E+00
   6.9119978E+00  -3.8780060E-01   5.7978659E+00  -6.5803468E-01   5.8479609E+00
   6.9290814E+00  -4.0419731E-01   6.0359936E+00  -6.8139386E-01   6.0877662E+00
   6.9459329E+00  -3.7025005E-01   6.2994113E+00  -6.9724059E-01   6.3486862E+00
   6.9627223E+00  -3.9991698E-01   6.4786115E+00  -7.0726687E-01   6.5293617E+00
   6.9798603E+00  -3.9573875E-01   6.6678429E+00  -7.1717805E-01   6.7179675E+00
   6.9965343E+00  -3.9553028E-01   6.8204689E+00  -7.3388523E-01   6.8712320E+00
   7.0135622E+00  -3.8028049E-01   6.9116249E+00  -7.4971718E-01   6.9625607E+00
   7.0305386E+00  -3.6259481E-01   6.9588962E+00  -7.6427948E-01   7.0101237E+00
   7.0474677E+00  -3.5236564E-01   6.9942946E+00  -7.7623898E-01   7.0460534E+00
   7.0643516E+00  -3.3449313E-01   6.9531002E+00  -7.9113281E-01   7.0059528E+00
   7.0811934E+00  -2.9988351E-01   6.8772330E+00  -8.0371255E-01   6.9305277E+00
   7.0979958E+00  -2.7914596E-01   6.7578101E+00  -8.1717479E-01   6.8127594E+00
   7.1147604E+00  -2.5709376E-01   6.5806503E+00  -8.2954979E-01   6.6377115E+00
   7.1318874E+00  -2.3505409E-01   6.3299484E+00  -8.4602636E-01   6.3905602E+00
   7.1485829E+00  -2.3625280E-01   6.0424824E+00  -8.5963148E-01   6.1078949E+00
   7.1656432E+00  -2.1481626E-01   5.6202393E+00  -8.7292045E-01   5.6916804E+00
   7.1826730E+00  -2.1914436E-01   5.1786637E+00  -8.8641292E-01   5.2585464E+00
   7.1992784E+00  -2.0392139E-01   4.6893044E+00  -8.9580673E-01   4.7784548E+00
   7.2162519E+00  -2.0465387E-01   4.1514721E+00  -9.0433788E-01   4.2537546E+00
   7.2331996E+00  -1.9628008E-01   3.6354685E+00  -9.0699273E-01   3.7520385E+00
   7.2501230E+00  -1.9751309E-01   2.9949045E+00  -9.1665292E-01   3.1382666E+00
   7.2670236E+00  -1.8610996E-01   2.3898575E+00  -9.1793162E-01   2.5668373E+00
   7.2839022E+00  -1.7778951E-01   1.7482282E+00  -9.2578477E-01   1.9861995E+00
   7.3007603E+00  -1.6458397E-01   1.1374410E+00  -9.2446518E-01   1.4749562E+00
   7.3175993E+00  -1.6371778E-01   4.8669401E-01  -9.2470193E-01   1.0577090E+00
   7.3344197E+00  -1.6143143E-01  -9.8196670E-02  -9.1991162E-01   9.3911666E-01
   7.3516135E+00  -1.2615822E-01  -6.2529105E-01  -9.0920138E-01   1.1106539E+00
   7.3684001E+00  -1.2190948E-01  -1.3227607E+00  -8.9254987E-01   1.6003759E+00
   7.3851714E+00  -1.2766987E-01  -1.9045947E+00  -8.7828314E-01   2.1012287E+00
   7.4023175E+00  -1.4389306E-01  -2.3995640E+00  -8.5716075E-01   2.5521240E+00
   7.4190602E+00  -1.1566873E-01  -2.8753912E+00  -8.3802414E-01   2.9972551E+00
   7.4361782E+00  -1.0871118E-01  -3.3409786E+00  -8.0914140E-01   3.4392827E+00
   7.4528952E+00  -1.1144654E-01  -3.7431433E+00  -7.8256410E-01   3.8256960E+00
   7.4699893E+00  -1.0356183E-01  -4.1442595E+00  -7.5661641E-01   4.2140336E+00
   7.4866834E+00  -1.2110720E-01  -4.4972243E+00  -7.3121470E-01   4.5578904E+00
   7.5037546E+00  -1.3549171E-01  -4.8304653E+00  -7.0445311E-01   4.8834424E+00
   7.5204282E+00  -1.0729710E-01  -5.0749431E+00  -6.8216842E-01   5.1217098E+00
   7.5374799E+00  -1.2612838E-01  -5.3014169E+00  -6.6160131E-01   5.3440289E+00
   7.5541348E+00  -1.3604701E-01  -5.5188737E+00  -6.4248389E-01   5.5578108E+00
   7.5711689E+00  -1.4533384E-01  -5.7050757E+00  -6.2385780E-01   5.7409239E+00
   7.5881944E+00  -1.3695914E-01  -5.8112249E+00  -6.0569441E-01   5.8443103E+00
   7.6048255E+00  -1.3360624E-01  -5.9553342E+00  -5.8757055E-01   5.9857411E+00
   7.6218362E+00  -1.0544895E-01  -6.0492320E+00  -5.6677532E-01   6.0766411E+00
   7.6388392E+00  -1.0727467E-01  -6.0986543E+00  -5.4810953E-01   6.1241746E+00
   7.6558361E+00  -1.0092479E-01  -6.1060209E+00  -5.4128033E-01   6.1307964E+00
   7.6724405E+00  -9.6060865E-02  -6.1242290E+00  -5.3004414E-01   6.1478739E+00
   7.6894255E+00  -7.6169953E-02  -6.1144834E+00  -5.0773031E-01   6.1360002E+00
   7.7064047E+00  -7.6794043E-02  -6.0957007E+00  -4.9997404E-01   6.1166525E+00
   7.7232599E+00  -7.8370459E-02  -5.9915071E+00  -4.8627883E-01   6.0117192E+00
   7.7402282E+00  -5.0739713E-02  -5.9677439E+00  -4.7500047E-01   5.9868326E+00
   7.7571921E+00  -5.6788068E-02  -5.8592501E+00  -4.6392006E-01   5.8778615E+00
   7.7741513E+00  -2.7956435E-02  -5.7860136E+00  -4.5468313E-01   5.8039184E+00
   7.7907214E+00  -1.9474315E-02  -5.6569977E+00  -4.4474241E-01   5.6744866E+00
   7.8076720E+00   1.9658457E-03  -5.5279236E+00  -4.3616936E-01   5.5451050E+00
   7.8246193E+00   1.3946628E-02  -5.4000387E+00  -4.2923409E-01   5.4170890E+00
   7.8415627E+00   2.3987012E-02  -5.2792802E+00  -4.2140752E-01   5.2961268E+00
   7.8585024E+00   3.5504993E-02  -5.1598549E+00  -4.1631827E-01   5.1767445E+00
   7.8754392E+00   3.9484885E-02  -5.0124049E+00  -4.0989667E-01   5.0292921E+00
   7.8923726E+00   5.6794375E-02  -4.8867044E+00  -4.0357545E-01   4.9036703E+00
   7.9093027E+00   6.6826709E-02  -4.7380266E+00  -3.9863673E-01   4.7552366E+00
   7.9262304E+00   7.3473729E-02  -4.6133566E+00  -3.9362380E-01   4.6307015E+00
   7.9431553E+00   8.2602605E-02  -4.4621639E+00  -3.8831353E-01   4.4797897E+00
   7.9600773E+00   8.4253699E-02  -4.3689032E+00  -3.8409039E-01   4.3865633E+00
   7.9766126E+00   9.3327783E-02  -4.2098885E+00  -3.7986639E-01   4.2280221E+00
   7.9935303E+00   7.3510215E-02  -4.0679135E+00  -3.7438944E-01   4.0857668E+00
   8.0104456E+00   8.1008501E-02  -3.9819191E+00  -3.6850384E-01   3.9997544E+00
   8.0273590E+00   8.7039627E-02  -3.8620288E+00  -3.6400026E-01   3.8801210E+00
   8.0442696E+00   8.7164760E-02  -3.7444074E+00  -3.5844061E-01   3.7625344E+00
   8.0611792E+00   7.9290271E-02  -3.6012447E+00  -3.5306314E-01   3.6193790E+00
   8.0780869E+00   7.5441398E-02  -3.4830964E+00  -3.4832346E-01   3.5012827E+00
   8.0949926E+00   8.9046486E-02  -3.3748615E+00  -3.4289739E-01   3.3934052E+00
   8.1118965E+00   7.2931141E-02  -3.2035246E+00  -3.3588803E-01   3.2219110E+00
   8.1287975E+00   7.8139260E-02  -3.0649242E+00  -3.3152103E-01   3.0837920E+00
   8.1458244E+00   6.6700980E-02  -2.9015565E+00  -3.2628042E-01   2.9206057E+00
   8.1627131E+00   6.2328424E-02  -2.8514438E+00  -3.2070085E-01   2.8700986E+00
   8.1796112E+00   6.4571820E-02  -2.7060857E+00  -3.1679145E-01   2.7253306E+00
   8.1965084E+00   3.5142522E-02  -2.5464556E+00  -3.1012499E-01   2.5655115E+00
   8.2134037E+00   4.9576055E-02  -2.4473433E+00  -3.0187705E-01   2.4663894E+00
   8.2302980E+00   5.7049602E-02  -2.3064578E+00  -2.9656163E-01   2.3261449E+00
   8.2471914E+00   7.2750628E-02  -2.1720047E+00  -2.9034701E-01   2.1925325E+00
   8.2640839E+00   2.6579432E-02  -2.0499015E+00  -2.7994120E-01   2.0690987E+00
   8.2809744E+00   2.8943148E-02  -1.9105438E+00  -2.7429965E-01   1.9303511E+00
   8.2978649E+00   5.0296661E-02  -1.9221137E+00  -2.6305354E-01   1.9406823E+00
   8.3147545E+00   3.5282411E-02  -1.7297981E+00  -2.5458464E-01   1.7487880E+00
   8.3316441E+00   6.6970531E-03  -1.6274686E+00  -2.4580723E-01   1.6459404E+00
   8.3485317E+00   3.0307213E-02  -1.5740200E+00  -2.3905961E-01   1.5923591E+00
   8.3654194E+00   2.2004990E-02  -1.4301102E+00  -2.3303457E-01   1.4491392E+00
   8.3823061E+00   6.1789930E-02  -1.3596215E+00  -2.2565548E-01   1.3796047E+00
   8.3991928E+00   4.6869952E-02  -1.2372652E+00  -2.2320567E-01   1.2581108E+00
   8.4160786E+00   6.2477469E-02  -1.0940530E+00  -2.1781309E-01   1.1172725E+00
   8.4329634E+00   5.5736620E-02  -9.9792480E-01  -2.1621107E-01   1.0225985E+00
   8.4498482E+00   6.3098826E-02  -8.7908936E-01  -2.1496026E-01   9.0718657E-01
   8.4667330E+00   5.6296926E-02  -7.7388370E-01  -2.1281174E-01   8.0458319E-01
   8.4836168E+00   6.9282375E-02  -6.0740471E-01  -2.1321471E-01   6.4745736E-01
   8.5008841E+00   8.1665926E-02  -4.5837024E-01  -2.1373999E-01   5.1230597E-01
   8.5177679E+00   6.5615699E-02  -2.8487211E-01  -2.1376677E-01   3.6215159E-01
   8.5346508E+00   7.0572399E-02  -1.3660745E-01  -2.1438298E-01   2.6382214E-01
   8.5515327E+00   9.0955980E-02  -1.0399262E-03  -2.1581115E-01   2.3419762E-01
   8.5684156E+00   1.0821005E-01   1.6717747E-01  -2.1770208E-01   2.9504561E-01
   8.5852976E+00   1.1540863E-01   3.8056558E-01  -2.2019622E-01   4.5457199E-01
   8.6021795E+00   1.2181025E-01   6.0503948E-01  -2.2142154E-01   6.5569657E-01
   8.6190605E+00   1.2392936E-01   8.0667001E-01  -2.2391070E-01   8.4629250E-01
   8.6359425E+00   1.1815025E-01   1.0665370E+00  -2.2588848E-01   1.0965794E+00
   8.6528234E+00   1.2645885E-01   1.3510418E+00  -2.2718135E-01   1.3758333E+00
   8.6697044E+00   1.3338110E-01   1.5817926E+00  -2.2863247E-01   1.6037866E+00
   8.6865854E+00   1.2808277E-01   1.9497086E+00  -2.3078910E-01   1.9674939E+00
   8.7034664E+00   1.4303622E-01   2.1726732E+00  -2.3045848E-01   2.1895385E+00
   8.7203465E+00   1.4308371E-01   2.5581329E+00  -2.3093681E-01   2.5725179E+00
   8.7372265E+00   1.3515308E-01   2.8652933E+00  -2.3313397E-01   2.8779373E+00
   8.7541075E+00   1.3978325E-01   3.2513676E+00  -2.3496811E-01   3.2628424E+00
   8.7709875E+00   1.2711653E-01   3.6312571E+00  -2.3626214E-01   3.6411545E+00
   8.7878675E+00   1.1043090E-01   4.0320511E+00  -2.3599321E-01   4.0404611E+00
   8.8047476E+00   8.2479112E-02   4.4573841E+00  -2.4344818E-01   4.4647894E+00
   8.8216267E+00   6.5005600E-02   4.9108148E+00  -2.3353411E-01   4.9167943E+00
   8.8388901E+00   4.8110630E-02   5.4307094E+00  -2.3209240E-01   5.4358792E+00
   8.8557701E+00   2.2029830E-02   5.9163961E+00  -2.2964332E-01   5.9208922E+00
   8.8726501E+00  -9.0575889E-03   6.4138274E+00  -2.2839001E-01   6.4178987E+00
   8.8895292E+00  -2.8429639E-02   6.9081273E+00  -2.3829591E-01   6.9122944E+00
   8.9064083E+00  -6.7002743E-02   7.3907962E+00  -2.4633501E-01   7.3952036E+00
   8.9232874E+00  -5.3563528E-02   7.8912835E+00  -2.5875551E-01   7.8957067E+00
   8.9399910E+00  -4.3323826E-02   8.3995085E+00  -2.6621008E-01   8.4038372E+00
   8.9568701E+00  -6.2014420E-02   8.8929672E+00  -2.9039681E-01   8.8979235E+00
   8.9737492E+00  -1.0130233E-01   9.3965645E+00  -3.1756982E-01   9.4024754E+00
   8.9909868E+00  -1.3888386E-01   9.8188410E+00  -3.4434167E-01   9.8258591E+00
   9.0078659E+00  -1.5954657E-01   1.0118999E+01  -3.6253130E-01   1.0126748E+01
   9.0247183E+00  -2.0124409E-01   1.0394061E+01  -3.8196254E-01   1.0403024E+01
   9.0414486E+00  -3.1278864E-01   1.0616929E+01  -3.8666123E-01   1.0628572E+01
   9.0584288E+00  -3.0896902E-01   1.0683452E+01  -4.2224529E-01   1.0696256E+01
   9.0754166E+00  -3.2528979E-01   1.0841671E+01  -4.9692613E-01   1.0857926E+01
   9.0922775E+00  -3.7655509E-01   1.0838917E+01  -5.3233159E-01   1.0858512E+01
   9.1091585E+00  -3.8400733E-01   1.0639839E+01  -5.9434968E-01   1.0663343E+01
   9.1260176E+00  -3.2375702E-01   1.0289194E+01  -6.5056306E-01   1.0314823E+01
   9.1428509E+00  -4.0594727E-01   9.5475426E+00  -6.8566602E-01   9.5807362E+00
   9.1596174E+00  -4.5628235E-01   8.7036180E+00  -7.3776776E-01   8.7467403E+00
   9.1768799E+00  -4.1794002E-01   7.6154728E+00  -7.7082831E-01   7.6657863E+00
   9.1935797E+00  -5.7133293E-01   6.4024119E+00  -8.3855391E-01   6.4823198E+00
   9.2104588E+00  -6.0270077E-01   5.1313334E+00  -9.0301126E-01   5.2449269E+00
   9.2273302E+00  -5.2310967E-01   3.6429355E+00  -9.3024457E-01   3.7960477E+00
   9.2441301E+00  -4.6329534E-01   2.1741600E+00  -9.6209806E-01   2.4222400E+00
   9.2613916E+00  -5.6363404E-01   7.4435174E-01  -9.7095084E-01   1.3470294E+00
   9.2782650E+00  -4.1240993E-01  -7.2718871E-01  -9.9629486E-01   1.3005725E+00
   9.2949696E+00  -1.6336887E-01  -1.9068179E+00  -9.9089998E-01   2.1551163E+00
   9.3116570E+00  -2.3157959E-01  -2.9176660E+00  -9.7225553E-01   3.0841019E+00
   9.3289347E+00  -2.2378200E-01  -3.8834825E+00  -9.5704317E-01   4.0059261E+00
   9.3460159E+00  -1.6864480E-01  -4.8223429E+00  -9.2017442E-01   4.9122453E+00
   9.3627253E+00  -2.1811070E-01  -5.6912436E+00  -8.7647921E-01   5.7624683E+00
   9.3792019E+00  -1.6196606E-01  -6.2818522E+00  -8.4521306E-01   6.3405275E+00
   9.3965654E+00  -1.5788931E-01  -7.0369711E+00  -7.6999265E-01   7.0807333E+00
   9.4132299E+00  -1.6809948E-01  -7.8657112E+00  -7.0158494E-01   7.8987274E+00
   9.4302473E+00  -1.0883913E-01  -8.2998714E+00  -6.5658611E-01   8.3265133E+00
   9.4467926E+00  -2.3128465E-01  -8.9447546E+00  -6.6109598E-01   8.9721327E+00
   9.4638023E+00  -7.5829804E-02  -9.3382378E+00  -6.3577384E-01   9.3601627E+00
   9.4809084E+00  -6.9787219E-02  -9.6334381E+00  -6.0975713E-01   9.6529694E+00
   9.4978313E+00  -1.0428712E-01  -9.8346262E+00  -5.7413340E-01   9.8519230E+00
   9.5147095E+00  -4.1892659E-02  -9.6350641E+00  -5.5245078E-01   9.6509809E+00
   9.5314436E+00   6.5868057E-02  -9.5249100E+00  -4.8719800E-01   9.5375891E+00
   9.5485640E+00   1.8456677E-01  -9.4781904E+00  -4.3048206E-01   9.4897566E+00
   9.5652857E+00   1.3498449E-01  -9.2651072E+00  -3.9988059E-01   9.2747154E+00
   9.5821877E+00  -3.6490548E-02  -8.8828917E+00  -3.7471876E-01   8.8908672E+00
   9.5992222E+00   1.4558607E-01  -8.4598589E+00  -3.6155385E-01   8.4688330E+00
   9.6162472E+00  -1.5930910E-02  -8.0468702E+00  -3.3595785E-01   8.0538960E+00
   9.6331024E+00  -4.8244406E-02  -7.8843436E+00  -3.0680391E-01   7.8904586E+00
   9.6499710E+00   2.5133519E-03  -7.4262042E+00  -2.9278016E-01   7.4319735E+00
   9.6667070E+00   6.3376300E-02  -6.9242535E+00  -2.6904702E-01   6.9297681E+00
   9.6835918E+00   5.6932759E-02  -6.3918924E+00  -2.5015053E-01   6.3970389E+00
   9.7004671E+00   2.5796331E-02  -5.8724279E+00  -2.3379615E-01   5.8771367E+00
   9.7174759E+00   1.6056374E-01  -5.4211645E+00  -2.1921849E-01   5.4279699E+00
   9.7343740E+00  -2.5537435E-02  -4.9854212E+00  -2.1084578E-01   4.9899430E+00
   9.7514868E+00   7.6644784E-03  -4.4252357E+00  -1.9410400E-01   4.4294972E+00
   9.7684546E+00   3.5256226E-02  -4.0728707E+00  -1.7770180E-01   4.0768981E+00
   9.7848577E+00   5.2135840E-02  -3.7480268E+00  -1.6985354E-01   3.7522357E+00
   9.8019867E+00  -5.6485288E-02  -3.1465001E+00  -1.6578245E-01   3.1513708E+00
   9.8191538E+00   1.0501161E-01  -3.1179526E+00  -1.5802546E-01   3.1237202E+00
   9.8357077E+00   1.3708648E-01  -2.8188090E+00  -1.5082784E-01   2.8261681E+00
   9.8527765E+00   1.2892544E-01  -2.5468087E+00  -1.4923778E-01   2.5544331E+00
   9.8698797E+00   1.5229097E-01  -2.3418078E+00  -1.4308956E-01   2.3511128E+00
   9.8866282E+00   1.7824937E-01  -2.0913706E+00  -1.4331840E-01   2.1038401E+00
   9.9035110E+00   1.5050499E-01  -1.8616369E+00  -1.4161851E-01   1.8730723E+00
   9.9200411E+00   1.3108641E-01  -1.6546681E+00  -1.3894290E-01   1.6656575E+00
   9.9374666E+00   1.7707627E-01  -1.4140153E+00  -1.4107560E-01   1.4320257E+00
   9.9538851E+00   1.8861829E-01  -1.2120379E+00  -1.4193633E-01   1.2348113E+00
   9.9708090E+00   2.8804129E-01  -1.0649149E+00  -1.4484029E-01   1.1126500E+00
   9.9880905E+00   1.0861721E-01  -7.0165688E-01  -1.4831237E-01   7.2533900E-01
   1.0004801E+01   1.0708681E-01  -5.7793003E-01  -1.5189189E-01   6.0707653E-01
   1.0021436E+01   2.7025867E-01  -2.9432365E-01  -1.5647654E-01   4.2912829E-01
   1.0038828E+01   7.4660622E-02  -2.3971890E-01  -1.5837920E-01   2.9685575E-01
   1.0055712E+01   1.3158014E-01  -6.1930548E-02  -1.6152127E-01   2.1734269E-01
   1.0072662E+01   1.0736491E-01   1.0065749E-01  -1.6454677E-01   2.2075959E-01
   1.0089392E+01   1.9719370E-01   2.2398597E-01  -1.6738407E-01   3.4215859E-01
   1.0106174E+01   1.9898345E-01   3.7765828E-01  -1.6956878E-01   4.5931879E-01
   1.0123289E+01   2.2933058E-01   5.5038911E-01  -1.7236055E-01   6.2066805E-01
   1.0140149E+01   2.5511968E-01   6.5536356E-01  -1.7525999E-01   7.2477823E-01
   1.0156852E+01   2.5654763E-01   8.4263033E-01  -1.7818940E-01   8.9866233E-01
   1.0173872E+01   2.7602386E-01   1.0025615E+00  -1.8091656E-01   1.0554855E+00
   1.0191011E+01   2.8247169E-01   1.2142566E+00  -1.8382794E-01   1.2601595E+00
   1.0207202E+01   3.0889967E-01   1.3681320E+00  -1.8704171E-01   1.4149872E+00
   1.0224326E+01   3.3630541E-01   1.6097434E+00  -1.9069019E-01   1.6555173E+00
   1.0241215E+01   3.1445658E-01   1.8612289E+00  -1.9667599E-01   1.8978244E+00
   1.0257886E+01   3.2400584E-01   2.1402850E+00  -2.0124610E-01   2.1740055E+00
   1.0275182E+01   3.4304816E-01   2.4461699E+00  -2.0725867E-01   2.4787869E+00
   1.0292287E+01   3.1145728E-01   2.7716577E+00  -2.1275650E-01   2.7972054E+00
   1.0309212E+01   2.5852573E-01   3.1498780E+00  -2.1712944E-01   3.1679192E+00
   1.0326005E+01   2.3815297E-01   3.5305934E+00  -2.2181128E-01   3.5455616E+00
   1.0342668E+01   3.0877763E-01   3.9181013E+00  -2.2714287E-01   3.9368079E+00
   1.0359817E+01   2.7537096E-01   4.3338180E+00  -2.2935894E-01   4.3486109E+00
   1.0376758E+01   1.6768622E-01   4.8892469E+00  -2.2842863E-01   4.8974519E+00
   1.0393410E+01   1.7059173E-01   5.3516488E+00  -2.2498161E-01   5.3590913E+00
   1.0410264E+01   1.2731713E-01   5.8445282E+00  -2.2343589E-01   5.8501830E+00
   1.0427503E+01   1.3016751E-01   6.4285626E+00  -2.2222754E-01   6.4337196E+00
   1.0443896E+01   1.8793626E-01   6.9595551E+00  -2.1765797E-01   6.9654937E+00
   1.0460903E+01   7.4810803E-02   7.5771365E+00  -2.1216233E-01   7.5804753E+00
   1.0477915E+01   1.1379945E-01   8.1097670E+00  -2.1701896E-01   8.1134682E+00
   1.0495145E+01   1.1291679E-01   8.7032270E+00  -2.3354246E-01   8.7070923E+00
   1.0511821E+01   1.1485253E-01   9.3992538E+00  -2.4005312E-01   9.4030199E+00
   1.0528543E+01   1.0075845E-01   1.0067704E+01  -2.4919859E-01   1.0071292E+01
   1.0545558E+01   2.4375653E-02   1.0696101E+01  -2.7829126E-01   1.0699749E+01
   1.0562721E+01  -4.0778974E-03   1.1371231E+01  -3.0366969E-01   1.1375286E+01
   1.0579241E+01  -7.0853725E-02   1.1947913E+01  -3.3262306E-01   1.1952752E+01
   1.0596273E+01  -1.0060555E-01   1.2581702E+01  -3.0290481E-01   1.2585751E+01
   1.0612967E+01  -1.2340983E-01   1.3014479E+01  -3.4452847E-01   1.3019624E+01
   1.0630041E+01  -7.1873322E-02   1.3495383E+01  -3.8540718E-01   1.3501078E+01
   1.0647170E+01  -1.7658222E-01   1.3942497E+01  -4.3286848E-01   1.3950333E+01
   1.0663829E+01  -1.4255492E-01   1.4346204E+01  -4.9260756E-01   1.4355366E+01
   1.0680655E+01  -1.5968843E-01   1.4948708E+01  -5.6023431E-01   1.4960054E+01
   1.0697733E+01  -2.3015866E-01   1.5431731E+01  -6.0821939E-01   1.5445428E+01
   1.0714644E+01  -3.5988361E-01   1.5573826E+01  -6.3052714E-01   1.5590738E+01
   1.0731478E+01  -6.2138140E-01   1.4463862E+01  -6.9234973E-01   1.4493750E+01
   1.0748596E+01  -6.8850130E-01   1.2903272E+01  -7.9917324E-01   1.2946318E+01
   1.0765288E+01  -7.2806901E-01   1.0745648E+01  -9.0605146E-01   1.0808329E+01
   1.0782064E+01  -7.6552010E-01   8.4410200E+00  -9.6492660E-01   8.5304117E+00
   1.0798999E+01  -6.4183992E-01   6.0345736E+00  -1.0390052E+00   6.1569123E+00
   1.0816037E+01  -6.1860610E-02   4.7831144E+00  -1.0190271E+00   4.8908515E+00
   1.0832980E+01  -4.6227819E-01   1.6768847E+00  -1.0753818E+00   2.0450158E+00
   1.0849833E+01  -4.9874330E-01  -2.3906602E-01  -1.1253737E+00   1.2539392E+00
   1.0866596E+01  -4.3340272E-01  -2.1967375E+00  -1.1068648E+00   2.4977276E+00
   1.0883495E+01  -2.2552849E-01  -3.7172632E+00  -1.1239885E+00   3.8900204E+00
   1.0900569E+01  -2.3146877E-01  -4.9088302E+00  -1.1007671E+00   5.0360584E+00
   1.0917382E+01  -3.0932078E-01  -5.8501458E+00  -1.0488108E+00   5.9514608E+00
   1.0934299E+01  -3.9232188E-01  -6.3673635E+00  -9.3957442E-01   6.4482584E+00
   1.0951185E+01  -2.6095763E-01  -6.9654260E+00  -9.3973798E-01   7.0333753E+00
   1.0968002E+01  -3.1606880E-01  -7.5684810E+00  -8.6554176E-01   7.6243668E+00
   1.0985058E+01  -3.0191833E-01  -7.9555607E+00  -7.4865055E-01   7.9964104E+00
   1.1001890E+01  -3.1476393E-01  -8.4097986E+00  -7.1558732E-01   8.4460564E+00
   1.1018857E+01  -4.8175937E-01  -8.8503571E+00  -7.2433466E-01   8.8930063E+00
   1.1035708E+01  -3.1001085E-01  -9.0573568E+00  -7.1376127E-01   9.0907249E+00
   1.1052622E+01  -1.0495817E-01  -9.0311928E+00  -7.2578394E-01   9.0609169E+00
   1.1069558E+01  -6.6132531E-02  -8.9444408E+00  -6.3333541E-01   8.9670792E+00
   1.1086361E+01  -2.8752923E-01  -8.4434423E+00  -6.2256622E-01   8.4712439E+00
   1.1103105E+01   1.7510475E-01  -8.3336830E+00  -5.2935863E-01   8.3523149E+00
   1.1120314E+01   2.1041521E-01  -8.3064156E+00  -4.7625887E-01   8.3227177E+00
   1.1137253E+01   1.2050490E-01  -7.8102555E+00  -4.3219095E-01   7.8231325E+00
   1.1153872E+01  -1.5420015E-02  -7.3772941E+00  -3.9676857E-01   7.3879719E+00
   1.1170913E+01  -3.1578387E-03  -6.6732459E+00  -3.8274193E-01   6.6842136E+00
   1.1188014E+01  -1.9243864E-02  -6.2762117E+00  -3.3655623E-01   6.2852583E+00
   1.1204410E+01  -1.4950824E-01  -5.6042080E+00  -3.4063143E-01   5.6165404E+00
   1.1221340E+01  -6.2229611E-02  -5.4477506E+00  -3.1738332E-01   5.4573426E+00
   1.1238306E+01  -8.1242323E-02  -4.9274535E+00  -3.0460265E-01   4.9375281E+00
   1.1255631E+01  -4.1117251E-02  -4.5199728E+00  -2.8604129E-01   4.5292010E+00
   1.1272589E+01  -3.1095311E-02  -3.9364352E+00  -2.8205091E-01   3.9466496E+00
   1.1289131E+01  -4.6376651E-03  -3.4697111E+00  -2.8313500E-01   3.4812472E+00
   1.1306138E+01   1.4181251E-02  -3.0930910E+00  -2.6880431E-01   3.1047816E+00
   1.1322754E+01   7.4567474E-02  -2.5973217E+00  -2.6825744E-01   2.6122026E+00
   1.1339946E+01   6.9026381E-02  -2.2101343E+00  -2.6071692E-01   2.2265289E+00
   1.1356776E+01   8.6124748E-02  -1.8648945E+00  -2.5730431E-01   1.8845303E+00
   1.1373698E+01   1.1387796E-01  -1.4296333E+00  -2.5341982E-01   1.4563794E+00
   1.1390649E+01   1.4310835E-01  -1.2334049E+00  -2.5165531E-01   1.2669246E+00
   1.1407389E+01   1.2282874E-01  -9.5445776E-01  -2.5301635E-01   9.9503458E-01
   1.1424502E+01   1.3102522E-01  -6.8650776E-01  -2.4812850E-01   7.4163890E-01
   1.1441561E+01   1.3058564E-01  -4.9344775E-01  -2.4618110E-01   5.6669956E-01
   1.1458181E+01   1.1281142E-01  -2.7980965E-01  -2.4972081E-01   3.9163804E-01
   1.1475386E+01   1.4078365E-01  -1.1019554E-01  -2.5040710E-01   3.0767974E-01
   1.1491712E+01   8.9456826E-02   1.3762928E-02  -2.4494442E-01   2.6113158E-01
   1.1509218E+01   8.2750425E-02   1.8722036E-01  -2.4522305E-01   3.1942675E-01
   1.1526126E+01   7.2873853E-02   3.1523871E-01  -2.4769342E-01   4.0747771E-01
   1.1543009E+01   6.3115127E-02   3.9937836E-01  -2.4266577E-01   4.7156471E-01
   1.1559380E+01   4.4381369E-02   5.3206986E-01  -2.4626431E-01   5.8797461E-01
   1.1576492E+01   5.7337567E-02   5.2562505E-01  -2.4877803E-01   5.8434558E-01
   1.1593605E+01   5.0454892E-02   5.6941676E-01  -2.5484115E-01   6.2587953E-01
   1.1610380E+01   7.4559048E-02   5.6289911E-01  -2.6135048E-01   6.2507480E-01
   1.1627405E+01   9.0244107E-02   5.7010496E-01  -2.6661816E-01   6.3580567E-01
   1.1643975E+01   1.3221833E-01   6.2063563E-01  -2.6994178E-01   6.8959326E-01
   1.1661059E+01   1.5560706E-01   6.4134139E-01  -2.7224723E-01   7.1389836E-01
   1.1677750E+01   1.5663382E-01   5.8792722E-01  -2.7254134E-01   6.6668683E-01
   1.1694853E+01   1.3607807E-01   6.2846082E-01  -2.7144238E-01   6.9796938E-01
   1.1711733E+01   1.3604751E-01   6.1453396E-01  -2.6941594E-01   6.8465018E-01
   1.1728219E+01   1.6812399E-01   5.9114730E-01  -2.7391022E-01   6.7286527E-01
   1.1745439E+01   1.7103858E-01   5.5254209E-01  -2.8057319E-01   6.4286727E-01
   1.1762390E+01   2.1292731E-01   7.4516088E-01  -2.8921786E-01   8.2719386E-01
   1.1779091E+01   1.7779119E-01   5.6165832E-01  -2.9236227E-01   6.5768194E-01
   1.1796114E+01   1.7521758E-01   6.5003258E-01  -2.8953728E-01   7.3285431E-01
   1.1813079E+01   1.7006430E-01   6.9590700E-01  -2.9145160E-01   7.7340317E-01
   1.1829734E+01   1.5688971E-01   7.4501407E-01  -2.9128519E-01   8.1517327E-01
   1.1846677E+01   1.4173649E-01   8.2075810E-01  -2.9523656E-01   8.8368416E-01
   1.1864038E+01   1.2723635E-01   9.5634425E-01  -2.9676279E-01   1.0093818E+00
   1.1880602E+01   8.4399745E-02   1.1038541E+00  -2.9885173E-01   1.1467037E+00
   1.1897878E+01   1.1411683E-01   1.3248518E+00  -2.9789567E-01   1.3627167E+00
   1.1914744E+01   1.0914674E-01   1.6023209E+00  -2.9993376E-01   1.6338010E+00
   1.1931249E+01   1.0971662E-01   1.8591672E+00  -3.0237076E-01   1.8867879E+00
   1.1948374E+01   1.2057740E-01   2.1052816E+00  -3.0455714E-01   2.1306114E+00
   1.1964963E+01   1.0752521E-01   2.4738283E+00  -3.0599767E-01   2.4949994E+00
   1.1981983E+01   1.1499833E-01   2.8708520E+00  -3.0751371E-01   2.8895640E+00
   1.1998948E+01   1.1509351E-01   3.2788341E+00  -3.0815548E-01   3.2952933E+00
   1.2015791E+01   1.4275627E-01   3.6854186E+00  -3.0765569E-01   3.7009921E+00
   1.2032841E+01   9.7243465E-02   4.1097751E+00  -3.0491957E-01   4.1222186E+00
   1.2050004E+01   1.0947219E-01   4.5814667E+00  -3.0039698E-01   4.5926094E+00
   1.2066606E+01   9.9894367E-02   5.0793366E+00  -2.9657632E-01   5.0889683E+00
   1.2083583E+01   8.2893379E-02   5.6222844E+00  -2.9463461E-01   5.6306095E+00
   1.2100611E+01   5.5717506E-02   6.2178402E+00  -2.9542774E-01   6.2251043E+00
   1.2117193E+01   5.0435681E-02   6.8687396E+00  -2.9743120E-01   6.8753614E+00
   1.2134325E+01   2.2474641E-03   7.5245609E+00  -3.0492425E-01   7.5307374E+00
   1.2151044E+01  -1.9461658E-02   8.2359676E+00  -3.2089010E-01   8.2422390E+00
   1.2167829E+01   2.2650842E-02   8.9288616E+00  -3.2430995E-01   8.9347782E+00
   1.2185071E+01  -5.0727073E-02   9.6125603E+00  -3.4038633E-01   9.6187191E+00
   1.2201815E+01  -1.2331685E-01   1.0318353E+01  -3.6939365E-01   1.0325700E+01
   1.2218549E+01  -1.2217801E-01   1.0931933E+01  -3.5073158E-01   1.0938241E+01
   1.2235677E+01  -1.2849636E-01   1.1513140E+01  -3.9201289E-01   1.1520529E+01
   1.2252554E+01  -9.5554359E-02   1.2198850E+01  -3.7423259E-01   1.2204963E+01
   1.2269581E+01  -2.3348135E-01   1.2727801E+01  -4.7291762E-01   1.2738724E+01
   1.2286381E+01  -1.9771488E-01   1.3121357E+01  -5.1062602E-01   1.3132777E+01
   1.2303369E+01  -2.3665342E-01   1.3629647E+01  -5.5789489E-01   1.3643113E+01
   1.2319937E+01  -2.5866640E-01   1.3786071E+01  -6.1098266E-01   1.3802028E+01
   1.2337159E+01  -2.4804230E-01   1.3595868E+01  -6.2533253E-01   1.3612502E+01
   1.2354085E+01  -4.0393123E-01   1.3112728E+01  -6.9320607E-01   1.3137250E+01
   1.2370608E+01  -5.0650048E-01   1.2132862E+01  -7.4555254E-01   1.2166295E+01
   1.2387753E+01  -5.9970123E-01   1.0942775E+01  -8.4467399E-01   1.0991698E+01
   1.2404502E+01  -7.1070731E-01   9.3516903E+00  -8.9864618E-01   9.4216118E+00
   1.2421468E+01  -6.2824118E-01   7.6716137E+00  -9.7965676E-01   7.7593861E+00
   1.2438347E+01  -5.8173478E-01   5.7266307E+00  -1.0094054E+00   5.8439384E+00
   1.2455229E+01  -5.8815122E-01   4.0365767E+00  -1.0150602E+00   4.2035966E+00
   1.2472276E+01  -4.5751876E-01   2.5490382E+00  -1.0399892E+00   2.7907877E+00
   1.2489046E+01  -3.2447600E-01   1.0693527E+00  -1.0616478E+00   1.5413941E+00
   1.2505947E+01  -3.5858119E-01  -4.2776483E-01  -1.0654609E+00   1.2028177E+00
   1.2522913E+01  -3.8861385E-01  -1.7357016E+00  -1.0653234E+00   2.0733051E+00
   1.2539755E+01  -3.3598870E-01  -2.6596091E+00  -1.0642495E+00   2.8842740E+00
   1.2556815E+01  -2.8420597E-01  -3.3924272E+00  -1.0456786E+00   3.5612891E+00
   1.2573644E+01  -2.4833597E-01  -4.0210528E+00  -9.8138088E-01   4.1465220E+00
   1.2590453E+01  -2.7917385E-01  -4.4086761E+00  -9.2938566E-01   4.5142131E+00
   1.2607430E+01  -3.6983272E-01  -4.5959239E+00  -8.2858020E-01   4.6846385E+00
   1.2624273E+01  -3.6386460E-01  -5.0163732E+00  -7.4582672E-01   5.0845504E+00
   1.2641044E+01  -3.3638898E-01  -5.3289008E+00  -7.0296448E-01   5.3855824E+00
   1.2657973E+01  -3.4198359E-01  -5.9089346E+00  -6.9609869E-01   5.9596152E+00
   1.2674909E+01  -2.9535627E-01  -5.8427839E+00  -6.5280157E-01   5.8865533E+00
   1.2691868E+01  -2.2068605E-01  -5.9373350E+00  -6.3007432E-01   5.9747505E+00
   1.2708763E+01  -1.2855625E-01  -5.9132352E+00  -5.7363892E-01   5.9423847E+00
   1.2725702E+01  -1.3695103E-01  -5.9908199E+00  -5.5200928E-01   6.0177565E+00
   1.2742531E+01  -1.3644047E-01  -5.8061705E+00  -4.9594456E-01   5.8289099E+00
   1.2759558E+01  -1.2074363E-01  -5.7150412E+00  -4.7083756E-01   5.7356744E+00
   1.2776189E+01  -1.3624175E-01  -5.3444004E+00  -4.5507336E-01   5.3654704E+00
   1.2793227E+01  -1.2607346E-01  -5.0345221E+00  -4.2753878E-01   5.0542154E+00
   1.2810225E+01  -2.8467140E-01  -4.6419520E+00  -4.0433499E-01   4.6682162E+00
   1.2827081E+01  -9.0156309E-02  -4.3725066E+00  -3.8806701E-01   4.3906193E+00
   1.2843811E+01  -1.1182911E-01  -4.0690579E+00  -3.7910724E-01   4.0882101E+00
   1.2860871E+01  -8.9703105E-02  -3.7955098E+00  -3.6326379E-01   3.8139091E+00
   1.2877728E+01  -9.7605594E-02  -3.4757066E+00  -3.5106850E-01   3.4947548E+00
   1.2894900E+01  -8.4416561E-02  -3.1815479E+00  -3.3282265E-01   3.2000225E+00
   1.2911722E+01  -3.9749172E-02  -2.8738554E+00  -3.2561758E-01   2.8925166E+00
   1.2928392E+01  -3.8036924E-02  -2.6494946E+00  -3.0992940E-01   2.6678317E+00
   1.2945193E+01  -6.7689858E-02  -2.4063840E+00  -3.0571264E-01   2.4266698E+00
   1.2962195E+01  -1.4054349E-01  -2.1029263E+00  -3.0580235E-01   2.1296868E+00
   1.2978941E+01  -1.3041252E-02  -1.9645516E+00  -2.9069605E-01   1.9859852E+00
   1.2996313E+01   1.9960841E-02  -1.7535059E+00  -2.8657988E-01   1.7768819E+00
   1.3013255E+01   1.9434670E-02  -1.6098102E+00  -2.8475860E-01   1.6349173E+00
   1.3029659E+01   4.0529300E-02  -1.4454075E+00  -2.8173596E-01   1.4731668E+00
   1.3046656E+01  -1.0452804E-02  -1.2935108E+00  -2.7576727E-01   1.3226212E+00
   1.3063692E+01   2.6116649E-02  -1.1982102E+00  -2.7529591E-01   1.2297063E+00
   1.3080444E+01   1.8477635E-03  -1.0737941E+00  -2.7416924E-01   1.1082445E+00
   1.3097608E+01   2.1529736E-02  -1.0599639E+00  -2.7266020E-01   1.0946829E+00
   1.3114283E+01   1.9386018E-02  -9.4020182E-01  -2.7612397E-01   9.8010188E-01
   1.3131051E+01   2.3848165E-02  -9.5569378E-01  -2.7394435E-01   9.9446714E-01
   1.3147924E+01   2.6337791E-02  -9.2176133E-01  -2.7334762E-01   9.6179861E-01
   1.3165240E+01   1.2386131E-02  -8.7621236E-01  -2.7209368E-01   9.1757095E-01
   1.3182156E+01   5.7937824E-03  -8.5730726E-01  -2.7275816E-01   8.9967012E-01
   1.3198824E+01  -1.2876390E-02  -8.2244784E-01  -2.7105600E-01   8.6605865E-01
   1.3215796E+01   1.7051192E-03  -8.0522984E-01  -2.7267030E-01   8.5014534E-01
   1.3232704E+01   8.0765015E-04  -8.8293982E-01  -2.7172828E-01   9.2380714E-01
   1.3249462E+01  -5.1085656E-03  -8.0179441E-01  -2.7478468E-01   8.4758890E-01
   1.3266475E+01  -1.9637505E-03  -8.4580714E-01  -2.7018356E-01   8.8791484E-01
   1.3283557E+01   5.1729433E-04  -8.8373065E-01  -2.7606151E-01   9.2584562E-01
   1.3300495E+01   1.3016437E-03  -8.6109716E-01  -2.6412132E-01   9.0069419E-01
   1.3317400E+01  -1.9884976E-03  -8.0720657E-01  -2.6229185E-01   8.4875405E-01
   1.3334133E+01  -1.4207071E-02  -8.0152804E-01  -2.6168811E-01   8.4328508E-01
   1.3351197E+01  -1.6637279E-02  -8.0689591E-01  -2.6089934E-01   8.4819001E-01
   1.3368114E+01  -9.1999564E-03  -7.6877481E-01  -2.5694048E-01   8.1062800E-01
   1.3384897E+01  -8.2586305E-03  -7.0556819E-01  -2.5795323E-01   7.5128859E-01
   1.3401562E+01  -1.7053252E-02  -6.4714795E-01  -2.5697851E-01   6.9651216E-01
   1.3418589E+01  -9.8995427E-03  -5.8133787E-01  -2.5546947E-01   6.3507199E-01
   1.3435512E+01  -8.8317012E-03  -4.9267200E-01  -2.5452194E-01   5.5460358E-01
   1.3452340E+01  -5.2569844E-03  -3.5011959E-01  -2.5147042E-01   4.3110174E-01
   1.3469084E+01  -1.3139929E-02  -1.8891448E-01  -2.5232458E-01   3.1548223E-01
   1.3486212E+01  -1.5615418E-02  -5.9913989E-02  -2.5134355E-01   2.5885731E-01
   1.3503265E+01  -1.4030858E-02   1.7636608E-01  -2.5131527E-01   3.0734545E-01
   1.3519793E+01  -1.4451803E-02   2.9200378E-01  -2.4974953E-01   3.8451254E-01
   1.3536720E+01  -1.1683663E-02   6.0240638E-01  -2.5003001E-01   6.5233809E-01
   1.3553627E+01  -9.9969832E-03   8.6675531E-01  -2.5235009E-01   9.0279859E-01
   1.3570534E+01  -1.3160787E-02   9.8940915E-01  -2.5228992E-01   1.0211532E+00
   1.3587440E+01  -1.1307660E-02   1.4169741E+00  -2.5373769E-01   1.4395576E+00
   1.3604348E+01  -1.1365765E-02   1.9471710E+00  -2.5606149E-01   1.9639683E+00
   1.3621255E+01   1.6516808E-03   2.2355416E+00  -2.5827068E-01   2.2504117E+00
   1.3638162E+01  -3.5378162E-03   2.7182114E+00  -2.5975952E-01   2.7305970E+00
   1.3655069E+01   4.1369349E-03   3.1560776E+00  -2.5821477E-01   3.1666255E+00
   1.3671976E+01   1.8495243E-02   3.5667570E+00  -2.5511298E-01   3.5759165E+00
   1.3688883E+01   1.4443379E-02   4.0968256E+00  -2.4479790E-01   4.1041584E+00
   1.3705790E+01  -1.8678867E-03   4.6782069E+00  -2.3621488E-01   4.6841669E+00
   1.3722697E+01   1.5680244E-02   5.1869292E+00  -2.2150661E-01   5.1916804E+00
   1.3739604E+01   2.5008608E-02   5.8476076E+00  -2.0431177E-01   5.8512292E+00
   1.3756455E+01  -2.3481246E-02   6.4890275E+00  -1.9720827E-01   6.4920659E+00
   1.3773362E+01  -1.8275570E-02   7.2791882E+00  -1.9794689E-01   7.2819018E+00
   1.3790192E+01  -3.8489338E-02   8.0126905E+00  -2.0183204E-01   8.0153246E+00
   1.3807099E+01  -2.9589966E-02   8.8002415E+00  -2.0921230E-01   8.8027782E+00
   1.3824006E+01  -6.5133795E-02   9.6221819E+00  -2.2091062E-01   9.6249371E+00
   1.3840913E+01  -3.8754024E-02   1.0379930E+01  -2.5227979E-01   1.0383067E+01
   1.3857821E+01  -3.5239078E-02   1.1185547E+01  -2.8321612E-01   1.1189188E+01
   1.3874997E+01  -2.1364344E-02   1.1950557E+01  -3.1981736E-01   1.1954855E+01
   1.3891689E+01  -1.0680207E-01   1.2572849E+01  -3.4517109E-01   1.2578040E+01
   1.3908693E+01  -1.0695130E-01   1.3186867E+01  -3.4743887E-01   1.3191876E+01
   1.3925700E+01  -1.3429789E-01   1.3460499E+01  -4.1659069E-01   1.3467613E+01
   1.3942569E+01  -1.2478963E-01   1.3678483E+01  -4.6016645E-01   1.3686790E+01
   1.3959362E+01  -1.3605188E-01   1.3785594E+01  -5.5143595E-01   1.3797289E+01
   1.3976284E+01  -1.2709102E-01   1.3696983E+01  -6.2917548E-01   1.3712015E+01
   1.3993184E+01  -1.8206161E-01   1.2936931E+01  -6.6584218E-01   1.2955334E+01
   1.4010043E+01  -5.8704544E-02   1.1969309E+01  -7.0786202E-01   1.1990365E+01
   1.4026914E+01  -1.6757159E-01   1.0815876E+01  -7.6448745E-01   1.0844155E+01
   1.4043868E+01  -2.0368430E-01   9.7575951E+00  -8.0070132E-01   9.7925110E+00
   1.4060777E+01  -3.4559959E-01   8.5708694E+00  -8.1688213E-01   8.6166430E+00
   1.4077781E+01  -4.2182708E-01   7.2959681E+00  -8.6085266E-01   7.3586788E+00
   1.4094675E+01  -3.6270139E-01   6.0888381E+00  -9.0267414E-01   6.1660619E+00
   1.4111433E+01  -4.0568063E-01   4.4743195E+00  -9.2439371E-01   4.5867867E+00
   1.4128493E+01  -3.8813871E-01   3.4931867E+00  -9.3789166E-01   3.6376705E+00
   1.4145298E+01  -3.8733706E-01   2.3489969E+00  -9.5935333E-01   2.5667441E+00
   1.4162242E+01  -4.0277848E-01   1.2739774E+00  -9.9215662E-01   1.6642187E+00
   1.4179134E+01  -3.2989374E-01   2.3673247E-01  -9.7542351E-01   1.0565619E+00
   1.4196001E+01  -3.5423836E-01  -6.4582759E-01  -9.5411628E-01   1.2053696E+00
   1.4212951E+01  -5.6919384E-01  -1.4380630E+00  -9.4481409E-01   1.8123688E+00
   1.4229702E+01  -3.9981183E-01  -1.9496602E+00  -8.9144838E-01   2.1807578E+00
   1.4246683E+01  -3.6517942E-01  -2.3966229E+00  -8.4247041E-01   2.5664983E+00
   1.4263560E+01  -3.7426654E-01  -2.8218796E+00  -7.8888911E-01   2.9538832E+00
   1.4280410E+01  -5.0851518E-01  -3.3399918E+00  -7.5971687E-01   3.4628460E+00
   1.4297352E+01  -3.2267272E-01  -3.4490058E+00  -7.3442668E-01   3.5410650E+00
   1.4314243E+01  -3.1148905E-01  -3.8709595E+00  -6.9912875E-01   3.9459009E+00
   1.4331209E+01  -3.0207664E-01  -4.1294913E+00  -6.7917967E-01   4.1958590E+00
   1.4348175E+01  -1.7926268E-01  -4.2595663E+00  -6.1916786E-01   4.3080630E+00
   1.4365081E+01  -2.9799297E-01  -4.5055294E+00  -5.3512144E-01   4.5469713E+00
   1.4381896E+01  -2.1184535E-01  -4.6114264E+00  -4.7857720E-01   4.6410308E+00
   1.4398886E+01  -2.6509517E-01  -4.8284907E+00  -4.2855972E-01   4.8547153E+00
   1.4415718E+01  -1.5330751E-01  -4.8332167E+00  -4.1081983E-01   4.8530669E+00
   1.4432580E+01  -1.7096612E-01  -4.8773417E+00  -3.9444351E-01   4.8962512E+00
   1.4449531E+01  -1.6348113E-01  -4.8408184E+00  -3.8515234E-01   4.8588672E+00
   1.4466503E+01  -1.1199404E-01  -4.7463193E+00  -3.7303367E-01   4.7622728E+00
   1.4483339E+01  -2.0719025E-01  -4.7302046E+00  -3.6176598E-01   4.7485404E+00
   1.4500102E+01  -2.1117352E-01  -4.5236893E+00  -3.4728590E-01   4.5419121E+00
   1.4517175E+01  -1.3367128E-01  -4.4007759E+00  -3.3024999E-01   4.4151745E+00
   1.4533941E+01  -1.7189108E-01  -4.2545409E+00  -3.1501174E-01   4.2696481E+00
   1.4550961E+01  -2.4615242E-01  -4.0610805E+00  -2.9617527E-01   4.0792994E+00
   1.4567720E+01  -1.4926292E-01  -4.1023960E+00  -2.7389011E-01   4.1142373E+00
   1.4584747E+01  -9.8429389E-02  -3.9710259E+00  -2.6089609E-01   3.9808042E+00
   1.4601538E+01  -4.6733174E-02  -3.8256435E+00  -2.4757138E-01   3.8339307E+00
   1.4618590E+01  -3.3693879E-03  -3.6321192E+00  -2.3244803E-01   3.6395512E+00
   1.4635397E+01  -2.2076613E-01  -3.2864854E+00  -2.2700645E-01   3.3017049E+00
   1.4652204E+01   2.2533655E-02  -3.1825528E+00  -2.1611699E-01   3.1899619E+00
   1.4669239E+01   2.2707699E-02  -3.0072839E+00  -2.1029319E-01   3.0147133E+00
   1.4686217E+01   2.3241548E-03  -2.7498119E+00  -2.0732844E-01   2.7576177E+00
   1.4703121E+01   5.6913709E-03  -2.6787865E+00  -2.0252641E-01   2.6864376E+00
   1.4719931E+01  -5.3644869E-03  -2.4033337E+00  -2.0028317E-01   2.4116704E+00
   1.4736897E+01   3.2691430E-02  -2.2767751E+00  -2.0765783E-01   2.2864590E+00
   1.4753726E+01   2.5007874E-02  -2.1446981E+00  -1.9522682E-01   2.1537106E+00
   1.4770702E+01   4.1091412E-02  -1.9270808E+00  -1.9219379E-01   1.9370769E+00
   1.4787533E+01   4.5769636E-02  -1.8102437E+00  -1.9131941E-01   1.8209010E+00
   1.4804508E+01   4.6704400E-02  -1.6899784E+00  -1.8958016E-01   1.7012198E+00
   1.4821320E+01   4.9971141E-02  -1.6178498E+00  -1.8645932E-01   1.6293256E+00
   1.4838244E+01   3.2684561E-02  -1.4725162E+00  -1.8527545E-01   1.4844862E+00
   1.4854971E+01   3.6366507E-02  -1.4208261E+00  -1.8365496E-01   1.4331080E+00
   1.4872110E+01   3.2631788E-02  -1.3797183E+00  -1.8234628E-01   1.3920982E+00
   1.4889054E+01   2.8225111E-02  -1.3032250E+00  -1.8185650E-01   1.3161550E+00
   1.4905800E+01   3.1748936E-02  -1.2681898E+00  -1.8120506E-01   1.2814635E+00
   1.4922660E+01   3.2187440E-02  -1.2416639E+00  -1.8117027E-01   1.2552243E+00
   1.4939639E+01   3.0309014E-02  -1.1923279E+00  -1.8096951E-01   1.2063642E+00
   1.4956422E+01   2.9164575E-02  -1.1126101E+00  -1.8122073E-01   1.1276492E+00
   1.4973315E+01   2.3246657E-02  -1.1112189E+00  -1.8103869E-01   1.1261096E+00
   1.4990320E+01   1.7799454E-02  -9.9993473E-01  -1.8120335E-01   1.0163764E+00
   1.5007119E+01   2.5414193E-02  -1.1388662E+00  -1.8121104E-01   1.1534729E+00
   1.5024035E+01   9.8290425E-03  -9.1858077E-01  -1.8131515E-01   9.3635595E-01
   1.5041071E+01   1.2431524E-02  -7.1044445E-01  -1.8136021E-01   7.3333305E-01
   1.5057899E+01   7.7269971E-03  -6.7713177E-01  -1.8126585E-01   7.0101678E-01
   1.5074851E+01  -3.2064128E-03  -6.4183015E-01  -1.8157892E-01   6.6702861E-01
   1.5091591E+01  -1.3778997E-02  -6.4413607E-01  -1.8173470E-01   6.6942412E-01
   1.5108454E+01  -2.0174445E-03  -3.8938370E-01  -1.8193296E-01   4.2979452E-01
   1.5125443E+01  -1.3921331E-02  -3.5511881E-01  -1.8275987E-01   3.9963025E-01
   1.5142562E+01  -1.3372958E-02  -5.8901352E-03  -1.8404138E-01   1.8462057E-01
   1.5159470E+01  -1.4059303E-02   1.8152021E-01  -1.8571703E-01   2.6007318E-01
   1.5176167E+01  -1.9335564E-02   4.8860165E-01  -1.8728445E-01   5.2362287E-01
   1.5193004E+01  -2.4033822E-02   8.7018609E-01  -1.8972780E-01   8.9095348E-01
   1.5209983E+01  -2.7227234E-02   1.2290411E+00  -1.9257565E-01   1.2443347E+00
   1.5227062E+01  -2.4459789E-02   1.4522771E+00  -1.9508858E-01   1.4655260E+00
   1.5243869E+01  -3.1390555E-02   1.9171019E+00  -1.9902034E-01   1.9276602E+00
   1.5260723E+01  -2.1418234E-02   2.3054621E+00  -2.0155784E-01   2.3143554E+00
   1.5277596E+01  -8.7420521E-03   2.7234161E+00  -2.0297042E-01   2.7309830E+00
   1.5294442E+01  -5.1960223E-03   3.2890725E+00  -2.0383768E-01   3.2953870E+00
   1.5311577E+01  -9.7771054E-03   3.7345641E+00  -2.0284984E-01   3.7400818E+00
   1.5328247E+01  -9.6883196E-05   4.3416338E+00  -2.0192847E-01   4.3463268E+00
   1.5345294E+01  -2.3932337E-04   4.8950696E+00  -1.9109033E-01   4.8987980E+00
   1.5362134E+01  -7.7697085E-03   5.4884109E+00  -1.9397072E-01   5.4918427E+00
   1.5378957E+01   3.3053113E-03   6.1822295E+00  -1.8929884E-01   6.1851277E+00
   1.5395762E+01  -1.9273438E-02   6.8426147E+00  -1.8673195E-01   6.8451896E+00
   1.5412835E+01  -2.6238088E-02   7.4956226E+00  -1.8008351E-01   7.4978313E+00
   1.5429679E+01  -2.5316026E-02   8.1764870E+00  -1.7317562E-01   8.1783600E+00
   1.5446491E+01  -4.3457460E-02   8.8237362E+00  -1.7194650E-01   8.8255186E+00
   1.5463518E+01  -4.2536046E-02   9.5033922E+00  -1.7818494E-01   9.5051575E+00
   1.5480424E+01  -8.9449033E-02   1.0199282E+01  -1.8560430E-01   1.0201363E+01
   1.5497158E+01  -7.4551463E-02   1.0912488E+01  -2.2684288E-01   1.0915100E+01
   1.5514054E+01  -7.8390494E-02   1.1454412E+01  -2.8264016E-01   1.1458168E+01
   1.5531250E+01  -9.2472032E-02   1.2163465E+01  -3.2608724E-01   1.2168186E+01
   1.5548162E+01   1.4431069E-02   1.2708867E+01  -3.7069145E-01   1.2714281E+01
   1.5564885E+01  -3.3306286E-02   1.3140298E+01  -3.4380445E-01   1.3144836E+01
   1.5581758E+01  -3.1397004E-02   1.3418324E+01  -4.1365999E-01   1.3424736E+01
   1.5598624E+01  -1.3034238E-02   1.3661757E+01  -4.4971377E-01   1.3669163E+01
   1.5615636E+01  -6.9373153E-02   1.3658092E+01  -5.0793403E-01   1.3667709E+01
   1.5632445E+01  -9.0197682E-02   1.3516890E+01  -5.7351547E-01   1.3529351E+01
   1.5649358E+01   1.1968749E-01   1.3325435E+01  -6.1449713E-01   1.3340133E+01
   1.5666458E+01  -9.5993549E-02   1.2662918E+01  -6.6019005E-01   1.2680479E+01
   1.5683169E+01  -3.6447740E-01   1.2132517E+01  -7.1926880E-01   1.2159283E+01
   1.5700110E+01  -1.4938121E-01   1.1058400E+01  -7.4137902E-01   1.1084230E+01
   1.5716962E+01  -3.7021694E-01   1.0068698E+01  -7.6851463E-01   1.0104769E+01
   1.5733899E+01  -3.1807759E-01   8.8625374E+00  -8.0152065E-01   8.9043913E+00
   1.5750875E+01  -4.8049113E-01   7.7358136E+00  -8.3828628E-01   7.7959223E+00
   1.5767751E+01  -3.7043035E-01   6.4131293E+00  -8.5098785E-01   6.4799404E+00
   1.5784616E+01  -3.0138302E-01   5.1171937E+00  -9.0133280E-01   5.2047000E+00
   1.5801489E+01  -4.0909517E-01   3.4650428E+00  -9.0068573E-01   3.6034865E+00
   1.5818389E+01  -5.8261919E-01   2.0731606E+00  -8.9485753E-01   2.3319969E+00
   1.5835306E+01  -3.6688131E-01   8.1122482E-01  -9.2255241E-01   1.2821039E+00
   1.5852133E+01  -4.2297348E-01  -1.0718274E-01  -9.2067981E-01   1.0188454E+00
   1.5869162E+01  -5.7695347E-01  -1.2606103E+00  -9.0023959E-01   1.6530108E+00
   1.5886013E+01  -2.9473993E-01  -1.8574697E+00  -8.8150686E-01   2.0770459E+00
   1.5902853E+01  -3.2764941E-01  -2.6088448E+00  -8.0153143E-01   2.7487957E+00
   1.5919805E+01  -3.3124748E-01  -3.1348588E+00  -7.3599476E-01   3.2370903E+00
   1.5936665E+01  -2.9009417E-01  -3.6206295E+00  -6.9528228E-01   3.6981792E+00
   1.5953537E+01  -1.7171837E-01  -4.0199289E+00  -6.7188680E-01   4.0793071E+00
   1.5970569E+01  -1.8353692E-01  -4.2134366E+00  -6.1990035E-01   4.2627468E+00
   1.5987374E+01  -3.1967792E-01  -4.4097919E+00  -5.4167122E-01   4.4544210E+00
   1.6004370E+01  -2.2252180E-01  -4.8099952E+00  -4.8221758E-01   4.8392258E+00
   1.6021114E+01  -2.3490784E-01  -4.9222679E+00  -3.7562865E-01   4.9421654E+00
   1.6038134E+01  -2.8222552E-01  -4.9408951E+00  -3.6759791E-01   4.9625821E+00
   1.6054916E+01  -2.1507470E-01  -5.1137528E+00  -3.8327619E-01   5.1326041E+00
   1.6071865E+01  -1.9627602E-01  -5.0627236E+00  -3.4381127E-01   5.0781789E+00
   1.6088829E+01  -1.7190449E-01  -4.8530841E+00  -3.2751060E-01   4.8671594E+00
   1.6105742E+01  -1.8186794E-01  -4.7663374E+00  -3.1391886E-01   4.7801251E+00
   1.6122646E+01  -2.0730783E-01  -4.6619124E+00  -2.8664583E-01   4.6753149E+00
   1.6139465E+01  -1.8242085E-01  -4.4862013E+00  -2.6032630E-01   4.4974489E+00
   1.6156431E+01  -1.3627157E-01  -4.2367663E+00  -2.4081634E-01   4.2457924E+00
   1.6173334E+01   1.3882101E-03  -4.1969018E+00  -2.1154749E-01   4.2022305E+00
   1.6190172E+01   7.7872254E-02  -3.7026899E+00  -2.0887823E-01   3.7093942E+00
   1.6207039E+01  -1.5986334E-01  -3.5082633E+00  -1.9249684E-01   3.5171754E+00
   1.6224022E+01  -1.2269415E+00  -2.7125995E+00  -1.9968185E-01   2.9838657E+00
   1.6240885E+01   1.3993658E-02  -3.0553727E+00  -1.7292480E-01   3.0602944E+00
   1.6257891E+01   1.2155554E-03  -2.8927362E+00  -1.6933642E-01   2.8976886E+00
   1.6274658E+01   1.4461331E-01  -2.8994412E+00  -1.6982505E-01   2.9080086E+00
   1.6291599E+01  -1.5104622E-02  -2.6369781E+00  -1.7364596E-01   2.6427324E+00
   1.6308498E+01   2.3658122E-01  -2.5570800E+00  -1.7058109E-01   2.5736601E+00
   1.6325365E+01  -8.1875943E-02  -2.1332862E+00  -1.7551950E-01   2.1420600E+00
   1.6342207E+01   5.0365359E-02  -2.1196356E+00  -1.7825451E-01   2.1277137E+00
   1.6359247E+01  -2.2546010E-02  -1.9909620E+00  -1.7950960E-01   1.9991653E+00
   1.6376024E+01   1.1653570E-02  -1.9211198E+00  -1.8258682E-01   1.9298122E+00
   1.6392954E+01  -8.2400376E-03  -1.8856535E+00  -1.8561722E-01   1.8947852E+00
   1.6409807E+01   2.0757029E-02  -1.8436872E+00  -1.8750028E-01   1.8533132E+00
   1.6426807E+01  -1.2707561E-03  -1.9546053E+00  -1.8908896E-01   1.9637308E+00
   1.6443714E+01   1.3899824E-02  -1.8873779E+00  -1.8868607E-01   1.8968371E+00
   1.6460499E+01   3.0569173E-02  -1.8446984E+00  -1.8897946E-01   1.8546051E+00
   1.6477606E+01   2.7083430E-02  -1.9381557E+00  -1.8831272E-01   1.9474708E+00
   1.6494341E+01   2.5440376E-02  -1.9382418E+00  -1.8750197E-01   1.9474562E+00
   1.6511393E+01   3.9671764E-02  -2.0016689E+00  -1.8645699E-01   2.0107260E+00
   1.6528299E+01   4.2310741E-02  -2.0799649E+00  -1.8587694E-01   2.0886824E+00
   1.6545061E+01   4.2279743E-02  -2.1181250E+00  -1.8517508E-01   2.1266243E+00
   1.6561907E+01   5.7527632E-02  -2.1883466E+00  -1.8508114E-01   2.1969128E+00
   1.6578835E+01   6.2255234E-02  -2.2016664E+00  -1.8471758E-01   2.2102785E+00
   1.6595881E+01   6.3507326E-02  -2.2590120E+00  -1.8415357E-01   2.2673953E+00
   1.6612591E+01   6.8275824E-02  -2.2519305E+00  -1.8342164E-01   2.2604194E+00
   1.6629580E+01   7.2202004E-02  -2.2462757E+00  -1.8279324E-01   2.2548573E+00
   1.6646523E+01   6.6849947E-02  -2.2224095E+00  -1.8214254E-01   2.2308629E+00
   1.6663462E+01   7.2206058E-02  -2.2237513E+00  -1.8082945E-01   2.2322595E+00
   1.6680275E+01   6.9544680E-02  -2.2072845E+00  -1.7848766E-01   2.2155809E+00
   1.6697088E+01   6.7049600E-02  -2.1076915E+00  -1.7694317E-01   2.1161683E+00
   1.6714087E+01   5.9815586E-02  -2.0187902E+00  -1.7450991E-01   2.0272014E+00
   1.6731041E+01   4.9130857E-02  -1.9037433E+00  -1.7222247E-01   1.9121487E+00
   1.6747929E+01   4.5057677E-02  -1.7543777E+00  -1.6975595E-01   1.7631474E+00
   1.6764751E+01   2.4913548E-02  -1.5952793E+00  -1.6700411E-01   1.6041905E+00
   1.6781683E+01   9.7541399E-03  -1.5159926E+00  -1.6465288E-01   1.5249391E+00
   1.6798683E+01   1.6460948E-03  -1.2752502E+00  -1.6207770E-01   1.2855097E+00
   1.6815435E+01  -1.6350541E-02  -1.0912064E+00  -1.6031651E-01   1.1030413E+00
   1.6832321E+01  -2.1523781E-02  -8.5177124E-01  -1.5820581E-01   8.6660635E-01
   1.6849358E+01  -4.4289351E-02  -5.8272761E-01  -1.5625730E-01   6.0493749E-01
   1.6866314E+01  -3.0823659E-02  -3.3339071E-01  -1.5645450E-01   3.6956391E-01
   1.6883051E+01  -3.8344648E-02  -1.8624630E-02  -1.5560465E-01   1.6133814E-01
   1.6900120E+01  -3.6920752E-02   3.1316710E-01  -1.5734226E-01   3.5241076E-01
