  flscon:  version 22.2.0.05  win64 2022 
 FLOW-3D   20:03:48  09/11/2023 ttgt     
   hydr3d   version  22.2.0.16 win64     09/12/2022 HYDRO    
 Simulation Template: Free Surface - TruVOF (Default)                            

Mesh Block   1
 printing pfxob, pfyob, pfzob, pfob       
       1     1002      0.000E+00      1.690E+01
   time              pfxob_1         pfyob_1         pfzob_1         pfob_1
   0.0000000E+00  -7.4956384E-05   4.5286446E+00  -1.1425085E+00   4.6705403E+00
   9.6905750E-04   7.3263347E-03  -4.1719696E+02   2.7771232E+00   4.1720621E+02
   1.7256275E-02   5.8986782E-03   4.2186384E+00  -1.0477165E+00   4.3467984E+00
   3.3499219E-02   7.7631567E-03   4.4566250E+00  -1.0787756E+00   4.5853376E+00
   5.1425919E-02   2.0252236E-03   4.7297382E+00  -1.1120702E+00   4.8587170E+00
   6.8198450E-02   5.5842367E-03   4.9639540E+00  -1.1368718E+00   5.0924792E+00
   8.4565766E-02   2.2256952E-03   5.2246532E+00  -1.1574756E+00   5.3513322E+00
   1.0215005E-01   1.0584290E-03   5.5728807E+00  -1.1809258E+00   5.6966295E+00
   1.1909035E-01   4.5047193E-03   5.8383441E+00  -1.1939508E+00   5.9591780E+00
   1.3593677E-01   4.6100878E-04   6.1581216E+00  -1.2089348E+00   6.2756662E+00
   1.5214762E-01   5.9975167E-03   6.4793630E+00  -1.2335614E+00   6.5957451E+00
   1.6942759E-01   1.0714367E-02   6.7787609E+00  -1.2403243E+00   6.8913074E+00
   1.8608373E-01   8.6574024E-03   7.1019416E+00  -1.2421559E+00   7.2097573E+00
   2.0296480E-01   1.5805133E-02   7.3923402E+00  -1.2577424E+00   7.4985905E+00
   2.1943557E-01   1.3993223E-02   7.6607089E+00  -1.2432576E+00   7.7609501E+00
   2.3684210E-01   2.3781793E-02   7.9245114E+00  -1.2888073E+00   8.0286655E+00
   2.5381452E-01   2.0631025E-02   8.0735178E+00  -1.3223312E+00   8.1811171E+00
   2.7022159E-01   3.6010899E-02   8.1993074E+00  -1.3553280E+00   8.3106470E+00
   2.8747407E-01   4.2713396E-03   8.2972813E+00  -1.3898675E+00   8.4128847E+00
   3.0448243E-01   2.7916446E-02   8.3133717E+00  -1.4090127E+00   8.4319773E+00
   3.2083896E-01   3.1387065E-02   8.2891636E+00  -1.4315498E+00   8.4119291E+00
   3.3829659E-01   3.3180844E-02   8.1671467E+00  -1.4574431E+00   8.2962351E+00
   3.5502926E-01   3.5429738E-02   7.9811249E+00  -1.4766414E+00   8.1166544E+00
   3.7146795E-01   3.8369559E-02   7.7314615E+00  -1.4949062E+00   7.8747520E+00
   3.8856313E-01   4.4898137E-02   7.3591413E+00  -1.5178251E+00   7.5141711E+00
   4.0591124E-01   3.9959729E-02   6.9216237E+00  -1.5304154E+00   7.0889101E+00
   4.2285785E-01   5.4000221E-02   6.3855586E+00  -1.5478851E+00   6.5707097E+00
   4.3972197E-01   1.5350035E-03   5.8314362E+00  -1.5735111E+00   6.0399990E+00
   4.5591870E-01   1.6249444E-02   5.2005529E+00  -1.5924312E+00   5.4389200E+00
   4.7311872E-01   2.8863115E-02   4.5725775E+00  -1.6087474E+00   4.8474078E+00
   4.8987111E-01   3.0986536E-02   3.8055668E+00  -1.6276095E+00   4.1391315E+00
   5.0698465E-01   7.0713670E-03   3.0690556E+00  -1.6448030E+00   3.4820294E+00
   5.2412814E-01   7.1368450E-03   2.3098984E+00  -1.6623663E+00   2.8458993E+00
   5.4073024E-01   1.1271859E-02   1.4490738E+00  -1.6771153E+00   2.2164516E+00
   5.5801827E-01  -1.2823172E-02   7.2048342E-01  -1.6849668E+00   1.8325866E+00
   5.7485229E-01  -1.7427463E-02  -2.4821471E-02  -1.6936200E+00   1.6938914E+00
   5.9176981E-01  -4.6223089E-02  -8.8585013E-01  -1.6947345E+00   1.9128492E+00
   6.0836828E-01   6.7062825E-02  -1.6840253E+00  -1.6881654E+00   2.3854437E+00
   6.2510419E-01   2.6781704E-02  -1.9416046E+00  -1.6679699E+00   2.5598183E+00
   6.4183682E-01  -2.2289837E-02  -2.8722851E+00  -1.6571683E+00   3.3161311E+00
   6.5895009E-01  -4.6791408E-02  -3.4791422E+00  -1.6346910E+00   3.8443251E+00
   6.7552638E-01  -2.4757367E-02  -4.1136413E+00  -1.6084549E+00   4.4169884E+00
   6.9258338E-01  -2.0168958E-02  -4.6536512E+00  -1.5863497E+00   4.9166436E+00
   7.0976853E-01  -3.4716029E-02  -5.0997839E+00  -1.5533401E+00   5.3312163E+00
   7.2631532E-01  -3.7967645E-02  -5.5460353E+00  -1.5283540E+00   5.7528963E+00
   7.4341381E-01  -3.8162801E-02  -5.9221992E+00  -1.5068153E+00   6.1110063E+00
   7.6040184E-01  -3.6246438E-02  -6.2908363E+00  -1.4806089E+00   6.4628277E+00
   7.7708447E-01   3.4275909E-03  -6.6362758E+00  -1.4417197E+00   6.7910767E+00
   7.9449737E-01   1.9014345E-02  -6.8629751E+00  -1.3981277E+00   7.0039668E+00
   8.1074691E-01   6.5777623E-03  -7.1559215E+00  -1.3537116E+00   7.2828422E+00
   8.2816941E-01   2.5258852E-02  -7.3470140E+00  -1.3438060E+00   7.4689398E+00
   8.4505987E-01  -8.9796335E-03  -7.6221499E+00  -1.3201593E+00   7.7356367E+00
   8.6182278E-01   1.7190086E-02  -7.7762127E+00  -1.2897673E+00   7.8824663E+00
   8.7849647E-01   1.9138565E-02  -7.8357229E+00  -1.2709938E+00   7.9381576E+00
   8.9569843E-01   9.1691157E-03  -7.9116645E+00  -1.2593963E+00   8.0112791E+00
   9.1259187E-01   3.4110941E-02  -7.9417281E+00  -1.2461919E+00   8.0389795E+00
   9.2922735E-01   1.8600171E-02  -7.9420490E+00  -1.2267119E+00   8.0362501E+00
   9.4630343E-01  -7.7608204E-03  -7.8952994E+00  -1.2071140E+00   7.9870481E+00
   9.6297938E-01   3.3927850E-02  -7.7762723E+00  -1.1895478E+00   7.8668027E+00
   9.7987634E-01   2.4479454E-02  -7.6409822E+00  -1.1729981E+00   7.7305326E+00
   9.9688768E-01   2.1411724E-02  -7.3772764E+00  -1.1560495E+00   7.4673367E+00
   1.0141327E+00   1.1342861E-02  -7.1661010E+00  -1.1367056E+00   7.2557034E+00
   1.0309273E+00   6.2523759E-03  -6.9501386E+00  -1.1165540E+00   7.0392585E+00
   1.0478057E+00   3.4913234E-02  -6.6576047E+00  -1.1095216E+00   6.7495151E+00
   1.0644530E+00  -1.1760273E-02  -6.4644737E+00  -1.0908523E+00   6.5558767E+00
   1.0818686E+00  -2.2319765E-03  -6.1597333E+00  -1.0796009E+00   6.2536278E+00
   1.0982699E+00  -1.0212825E-02  -5.8387971E+00  -1.0676113E+00   5.9356084E+00
   1.1154361E+00  -1.8903920E-04  -5.5611205E+00  -1.0562805E+00   5.6605468E+00
   1.1322278E+00  -1.0612104E-02  -5.2090678E+00  -1.0451268E+00   5.3128891E+00
   1.1491860E+00   1.0009718E-02  -4.8657126E+00  -1.0338156E+00   4.9743376E+00
   1.1662878E+00   5.7223411E-03  -4.6249938E+00  -1.0218852E+00   4.7365441E+00
   1.1830705E+00   7.7000856E-03  -4.3503881E+00  -1.0121444E+00   4.4665837E+00
   1.1999996E+00   6.2338328E-03  -3.9909217E+00  -1.0037545E+00   4.1152177E+00
   1.2168440E+00   2.2654781E-04  -3.6486905E+00  -9.9663603E-01   3.7823572E+00
   1.2335606E+00   1.3007420E-03  -3.3263440E+00  -9.8772216E-01   3.4698935E+00
   1.2503837E+00  -1.6480001E-03  -2.9233823E+00  -9.8224622E-01   3.0839868E+00
   1.2673248E+00   7.9074800E-03  -2.7001712E+00  -9.7605503E-01   2.8711793E+00
   1.2843944E+00   1.0843850E-02  -2.4123716E+00  -9.7110081E-01   2.6005175E+00
   1.3011153E+00   1.0236620E-02  -2.0211546E+00  -9.6716005E-01   2.2406626E+00
   1.3180017E+00   1.2517653E-02  -1.6999794E+00  -9.6356207E-01   1.9541081E+00
   1.3350604E+00   1.3143651E-02  -1.4102529E+00  -9.5980716E-01   1.7059355E+00
   1.3518353E+00   1.1026076E-02  -1.0663075E+00  -9.5726109E-01   1.4329977E+00
   1.3688091E+00   1.3570660E-02  -6.3252354E-01  -9.5565486E-01   1.1461005E+00
   1.3859863E+00   1.8168649E-02  -2.8792053E-01  -9.5603108E-01   9.9861091E-01
   1.4024856E+00   1.3116144E-02   7.3087453E-03  -9.5602304E-01   9.5614100E-01
   1.4196571E+00   7.4279299E-03   3.7546018E-01  -9.5695245E-01   1.0279998E+00
   1.4366231E+00   5.0704461E-03   7.2700739E-01  -9.5825016E-01   1.2028337E+00
   1.4534012E+00   8.2840426E-03   1.1119549E+00  -9.6124047E-01   1.4698625E+00
   1.4704309E+00   3.2396044E-04   1.4762079E+00  -9.6414238E-01   1.7631676E+00
   1.4872946E+00   2.6951549E-03   1.8642786E+00  -9.6804410E-01   2.1006310E+00
   1.5040058E+00   3.7534332E-03   2.2449512E+00  -9.7263449E-01   2.4465973E+00
   1.5209893E+00  -1.3465407E-02   2.6198635E+00  -9.7829282E-01   2.7965913E+00
   1.5378371E+00   1.1892501E-02   3.0157244E+00  -9.8430741E-01   3.1723173E+00
   1.5549661E+00  -1.0463266E-02   3.4236543E+00  -9.9045497E-01   3.5640595E+00
   1.5715704E+00   9.4713559E-03   3.8821809E+00  -9.9871296E-01   4.0085964E+00
   1.5884689E+00   4.8101540E-03   4.2552934E+00  -1.0050603E+00   4.3723779E+00
   1.6056625E+00   1.9795411E-04   4.6658077E+00  -1.0124625E+00   4.7743940E+00
   1.6223589E+00  -7.5499909E-03   5.0483890E+00  -1.0175120E+00   5.1499147E+00
   1.6393609E+00  -3.1992609E-03   5.4234772E+00  -1.0295073E+00   5.5203261E+00
   1.6562765E+00   6.6960306E-04   5.8562136E+00  -1.0300319E+00   5.9461083E+00
   1.6731119E+00   2.1132689E-03   6.2641716E+00  -1.0261611E+00   6.3476653E+00
   1.6898727E+00  -7.2760643E-03   6.6573639E+00  -1.0284667E+00   6.7363410E+00
   1.7069516E+00   3.3599243E-03   7.0729413E+00  -1.0369172E+00   7.1485462E+00
   1.7239631E+00   9.7579788E-03   7.4759750E+00  -1.0415254E+00   7.5481834E+00
   1.7405274E+00   1.2472957E-02   7.9052896E+00  -1.0489275E+00   7.9745851E+00
   1.7574190E+00   1.5546186E-03   8.3202457E+00  -1.0533218E+00   8.3866549E+00
   1.7746383E+00  -3.0874668E-03   8.7299500E+00  -1.0728000E+00   8.7956200E+00
   1.7914236E+00  -4.5303940E-03   9.1234856E+00  -1.0899959E+00   9.1883678E+00
   1.8081616E+00  -9.2948722E-03   9.4988031E+00  -1.1014651E+00   9.5624561E+00
   1.8252344E+00  -6.7552016E-04   9.8917198E+00  -1.1147747E+00   9.9543381E+00
   1.8422642E+00   1.2257422E-03   1.0221368E+01  -1.1271436E+00   1.0283327E+01
   1.8588766E+00   9.3452614E-03   1.0569671E+01  -1.1417782E+00   1.0631166E+01
   1.8758295E+00   2.7775683E-02   1.0870419E+01  -1.1590031E+00   1.0932066E+01
   1.8927473E+00   2.4610337E-02   1.1114805E+01  -1.1793828E+00   1.1177229E+01
   1.9096324E+00   3.3377595E-02   1.1342393E+01  -1.1978726E+00   1.1405520E+01
   1.9266832E+00   6.2883116E-02   1.1516861E+01  -1.2161169E+00   1.1581061E+01
   1.9433376E+00   6.4866610E-02   1.1664329E+01  -1.2187185E+00   1.1728003E+01
   1.9602370E+00   7.0137389E-02   1.1727965E+01  -1.2384689E+00   1.1793384E+01
   1.9771912E+00   7.3948599E-02   1.1817453E+01  -1.2554718E+00   1.1884187E+01
   1.9938868E+00   7.5357035E-02   1.1747258E+01  -1.2736266E+00   1.1816339E+01
   2.0111928E+00   3.9549403E-02   1.1638196E+01  -1.3062590E+00   1.1711340E+01
   2.0278499E+00   6.2210467E-02   1.1461662E+01  -1.3055751E+00   1.1535948E+01
   2.0452373E+00   1.9359767E-02   1.1270237E+01  -1.3442189E+00   1.1350134E+01
   2.0616517E+00   2.1953177E-02   1.1016220E+01  -1.3640254E+00   1.1100368E+01
   2.0790460E+00  -1.5533188E-02   1.0634011E+01  -1.3914087E+00   1.0724666E+01
   2.0953622E+00  -3.3286400E-02   1.0260064E+01  -1.4149743E+00   1.0357228E+01
   2.1126871E+00  -3.0051028E-02   9.7839193E+00  -1.4356165E+00   9.8887291E+00
   2.1294069E+00  -3.1045474E-02   9.2567596E+00  -1.4596739E+00   9.3711901E+00
   2.1465654E+00  -2.6638316E-02   8.6676664E+00  -1.4819849E+00   8.7934875E+00
   2.1630383E+00  -4.2883504E-02   8.2393112E+00  -1.5129064E+00   8.3771696E+00
   2.1797881E+00  -2.8808463E-02   7.3783236E+00  -1.5211420E+00   7.5335493E+00
   2.1968448E+00   3.2489799E-02   6.8412180E+00  -1.5408577E+00   7.0126715E+00
   2.2143641E+00   1.9435951E-02   6.1183233E+00  -1.5565888E+00   6.3132577E+00
   2.2305675E+00  -6.7830053E-03   5.2750239E+00  -1.5755911E+00   5.5053072E+00
   2.2473478E+00  -5.8524399E-03   4.5118628E+00  -1.5832201E+00   4.7815819E+00
   2.2645822E+00  -3.2824665E-02   3.7910662E+00  -1.5905353E+00   4.1113334E+00
   2.2814677E+00  -3.5934195E-02   3.0790653E+00  -1.5857058E+00   3.4635816E+00
   2.2984035E+00  -2.4656024E-02   2.3085639E+00  -1.5657045E+00   2.7895350E+00
   2.3153398E+00   2.2328105E-02   1.6197447E+00  -1.5128733E+00   2.2164965E+00
   2.3321848E+00  -1.1573953E-02   1.0773740E+00  -1.4713933E+00   1.8236959E+00
   2.3487351E+00  -3.5318509E-02   5.1562244E-01  -1.4378521E+00   1.5279177E+00
   2.3663628E+00  -4.4657838E-02   4.7419932E-02  -1.4005883E+00   1.4021021E+00
   2.3831651E+00  -5.0191958E-02  -4.1441086E-01  -1.3625467E+00   1.4250575E+00
   2.4001353E+00  -6.9886439E-02  -8.3498478E-01  -1.3235880E+00   1.5665148E+00
   2.4165776E+00  -2.9917544E-02  -1.2144337E+00  -1.2943236E+00   1.7751106E+00
   2.4335790E+00  -4.3291043E-02  -1.5004766E+00  -1.2660258E+00   1.9637020E+00
   2.4503803E+00  -6.0380213E-02  -1.8170520E+00  -1.2215875E+00   2.1903424E+00
   2.4675312E+00  -6.4053759E-02  -2.0434370E+00  -1.1658453E+00   2.3534937E+00
   2.4844193E+00  -5.4082338E-02  -2.1691248E+00  -1.1178621E+00   2.4408283E+00
   2.5008039E+00  -7.4618518E-02  -2.3470047E+00  -1.0776780E+00   2.5836773E+00
   2.5182548E+00  -3.7411071E-02  -2.4895484E+00  -1.0375564E+00   2.6973643E+00
   2.5346129E+00  -5.0670311E-02  -2.5346560E+00  -1.0035352E+00   2.7265604E+00
   2.5519271E+00  -3.5618179E-02  -2.6229563E+00  -9.7406042E-01   2.7982068E+00
   2.5689847E+00  -3.4752939E-02  -2.6204045E+00  -9.4502658E-01   2.7858219E+00
   2.5858693E+00  -3.1427819E-02  -2.5769823E+00  -9.1497082E-01   2.7347755E+00
   2.6025424E+00  -1.1989648E-02  -2.5007863E+00  -8.8444638E-01   2.6526065E+00
   2.6196306E+00  -7.0476048E-03  -2.4996734E+00  -8.5773808E-01   2.6427507E+00
   2.6362956E+00  -5.7467032E-02  -2.4284897E+00  -8.1704593E-01   2.5628946E+00
   2.6535184E+00  -1.3932160E-02  -2.2714622E+00  -7.9218596E-01   2.4056792E+00
   2.6698487E+00  -1.7575512E-03  -2.1842906E+00  -7.6905352E-01   2.3157227E+00
   2.6867578E+00  -1.4825696E-02  -2.0739310E+00  -7.4341506E-01   2.2031968E+00
   2.7039127E+00  -1.2495397E-03  -1.8991529E+00  -7.2299623E-01   2.0321188E+00
   2.7206042E+00  -2.0668959E-02  -1.7361274E+00  -7.0327085E-01   1.8732740E+00
   2.7373791E+00  -2.2209423E-02  -1.5829011E+00  -6.8368119E-01   1.7243809E+00
   2.7545457E+00  -2.5924966E-02  -1.4209445E+00  -6.6695631E-01   1.5699000E+00
   2.7720520E+00  -2.1654248E-02  -1.2488252E+00  -6.5029567E-01   1.4081612E+00
   2.7883239E+00  -1.7829988E-02  -1.0763100E+00  -6.3633966E-01   1.2504756E+00
   2.8050365E+00  -2.7647495E-02  -8.5516256E-01  -6.2407666E-01   1.0590274E+00
   2.8218634E+00  -2.7056009E-02  -6.6640061E-01  -6.1404371E-01   9.0657127E-01
   2.8389444E+00  -3.9975327E-02  -4.3380085E-01  -6.0233319E-01   7.4336159E-01
   2.8560712E+00  -3.3841506E-02  -2.5964129E-01  -5.9290510E-01   6.4814764E-01
   2.8731639E+00  -3.8480371E-02  -3.7745290E-02  -5.9001315E-01   5.9247017E-01
   2.8900652E+00  -2.3932669E-02   1.7295673E-01  -5.8137095E-01   6.0702473E-01
   2.9068136E+00  -2.6319221E-02   3.8381690E-01  -5.7208252E-01   6.8941027E-01
   2.9232190E+00  -2.1302857E-02   5.9192091E-01  -5.6930035E-01   8.2153940E-01
   2.9408433E+00  -2.0699214E-02   7.9011875E-01  -5.5964524E-01   9.6846217E-01
   2.9573910E+00  -2.2905333E-02   1.0447990E+00  -5.5439204E-01   1.1829963E+00
   2.9743221E+00  -1.3459022E-02   1.2397453E+00  -5.5104584E-01   1.3567612E+00
   2.9913893E+00  -2.0491689E-02   1.4905204E+00  -5.4651797E-01   1.5876878E+00
   3.0081093E+00  -2.2707516E-03   1.6206536E+00  -5.4313534E-01   1.7092453E+00
   3.0247025E+00  -7.1438155E-03   1.8306818E+00  -5.4000127E-01   1.9086771E+00
   3.0417035E+00  -1.3555902E-02   2.0541191E+00  -5.3655255E-01   2.1230822E+00
   3.0586648E+00  -1.2557813E-02   2.2398839E+00  -5.3386611E-01   2.3026617E+00
   3.0756264E+00  -1.3480590E-02   2.4549284E+00  -5.3312272E-01   2.5121853E+00
   3.0925877E+00  -2.0916834E-02   2.7059543E+00  -5.2918416E-01   2.7572925E+00
   3.1095490E+00  -3.1568017E-02   2.9416809E+00  -5.2823770E-01   2.9888992E+00
   3.1265082E+00  -2.4187844E-02   3.1916451E+00  -5.2645111E-01   3.2348626E+00
   3.1432962E+00  -3.0209212E-02   3.4945047E+00  -5.2486807E-01   3.5338311E+00
   3.1600940E+00  -3.8493376E-02   3.7803349E+00  -5.2229899E-01   3.8164396E+00
   3.1770554E+00  -3.5036210E-02   4.0815582E+00  -5.1600176E-01   4.1141953E+00
   3.1940167E+00  -3.5882443E-02   4.4032898E+00  -5.2273381E-01   4.4343543E+00
   3.2109783E+00  -3.8774058E-02   4.7189832E+00  -5.2376926E-01   4.7481194E+00
   3.2279396E+00  -3.5573348E-02   5.1139359E+00  -5.2566975E-01   5.1410050E+00
   3.2449009E+00  -3.3457145E-02   5.5284534E+00  -5.2741748E-01   5.5536551E+00
   3.2618406E+00  -3.2636959E-02   5.9315886E+00  -5.2893955E-01   5.9552150E+00
   3.2783763E+00  -3.3414617E-02   6.3950310E+00  -5.3316283E-01   6.4173045E+00
   3.2953141E+00  -2.2766143E-02   6.7978225E+00  -5.4066944E-01   6.8193278E+00
   3.3126554E+00  -2.4846027E-02   7.2683158E+00  -5.4746282E-01   7.2889471E+00
   3.3294427E+00  -2.4291834E-02   7.7488313E+00  -5.5578285E-01   7.7687755E+00
   3.3458350E+00   1.6099768E-02   8.0553160E+00  -5.6522232E-01   8.0751381E+00
   3.3631849E+00  -2.5151573E-02   8.7003984E+00  -5.8112288E-01   8.7198200E+00
   3.3796270E+00  -4.1446421E-02   9.1195431E+00  -5.8671397E-01   9.1384916E+00
   3.3971589E+00  -4.4649068E-02   9.6515303E+00  -6.0570079E-01   9.6706209E+00
   3.4134209E+00  -5.2717485E-02   1.0069270E+01  -6.1194259E-01   1.0087986E+01
   3.4306624E+00  -6.2865794E-02   1.0528625E+01  -6.2788683E-01   1.0547518E+01
   3.4476357E+00  -3.9624002E-02   1.0996682E+01  -6.5168071E-01   1.1016047E+01
   3.4646063E+00  -5.0065182E-02   1.1427117E+01  -6.5898138E-01   1.1446212E+01
   3.4815810E+00  -3.9713167E-02   1.1805928E+01  -6.8112302E-01   1.1825627E+01
   3.4981177E+00  -8.2098879E-02   1.2156868E+01  -6.8441701E-01   1.2176395E+01
   3.5149989E+00  -8.1073612E-02   1.2506832E+01  -7.1245134E-01   1.2527370E+01
   3.5318565E+00  -9.2522345E-02   1.2784936E+01  -7.1952409E-01   1.2805502E+01
   3.5488858E+00  -7.8601018E-02   1.2991856E+01  -7.4236363E-01   1.3013285E+01
   3.5658488E+00  -1.0581001E-01   1.3221428E+01  -7.3515648E-01   1.3242274E+01
   3.5829825E+00  -1.4958195E-01   1.3381627E+01  -7.5293863E-01   1.3403627E+01
   3.5999255E+00  -9.2265680E-02   1.3261658E+01  -7.8027225E-01   1.3284913E+01
   3.6166840E+00  -1.7819838E-01   1.3476689E+01  -7.8487313E-01   1.3500701E+01
   3.6335151E+00  -1.9425255E-01   1.3393866E+01  -8.1367493E-01   1.3419964E+01
   3.6504076E+00  -1.8144034E-01   1.3203887E+01  -8.3542049E-01   1.3231533E+01
   3.6673098E+00  -2.0900878E-01   1.2986143E+01  -8.6493236E-01   1.3016593E+01
   3.6843498E+00  -2.3920673E-01   1.2599484E+01  -8.8735521E-01   1.2632958E+01
   3.7008655E+00  -2.7134943E-01   1.2103407E+01  -9.1865665E-01   1.2141253E+01
   3.7181938E+00  -2.6787394E-01   1.1536564E+01  -9.5357716E-01   1.1579005E+01
   3.7350461E+00  -3.4573826E-01   1.0914610E+01  -9.7028995E-01   1.0963106E+01
   3.7520003E+00  -3.9477181E-01   1.0181192E+01  -9.9737597E-01   1.0237543E+01
   3.7686496E+00  -4.2934886E-01   9.3889608E+00  -1.0342145E+00   9.4555025E+00
   3.7854154E+00  -5.0197309E-01   8.6652517E+00  -1.0577567E+00   8.7439928E+00
   3.8026562E+00  -4.7243732E-01   7.7811317E+00  -1.0612012E+00   7.8673601E+00
   3.8192606E+00  -4.5715180E-01   7.0183487E+00  -1.0660948E+00   7.1135621E+00
   3.8363252E+00  -4.6251893E-01   6.2246385E+00  -1.0836786E+00   6.3351722E+00
   3.8531458E+00  -4.1274068E-01   5.5566735E+00  -1.0716841E+00   5.6741066E+00
   3.8700697E+00  -4.0432799E-01   4.8624210E+00  -1.0675601E+00   4.9946275E+00
   3.8870909E+00  -4.3551233E-01   4.1416893E+00  -1.0615813E+00   4.2976990E+00
   3.9039030E+00  -4.1395637E-01   3.5372868E+00  -1.0667843E+00   3.7177663E+00
   3.9208200E+00  -4.5622420E-01   3.0149841E+00  -1.0525942E+00   3.2258680E+00
   3.9378364E+00  -3.9514720E-01   2.5280035E+00  -1.0392710E+00   2.7617071E+00
   3.9546709E+00  -3.5466209E-01   2.0249112E+00  -1.0237404E+00   2.2965398E+00
   3.9716105E+00  -3.4205493E-01   1.6249865E+00  -1.0067072E+00   1.9419172E+00
   3.9883869E+00  -3.2511276E-01   1.3051023E+00  -9.7131962E-01   1.6590517E+00
   4.0052729E+00  -2.8720465E-01   9.0118879E-01  -9.4101191E-01   1.3342156E+00
   4.0222640E+00  -3.2397991E-01   7.6228321E-01  -8.8605964E-01   1.2129058E+00
   4.0391102E+00  -2.7638602E-01   5.5640650E-01  -8.4167391E-01   1.0461321E+00
   4.0560646E+00  -2.9460719E-01   3.6476591E-01  -8.0104733E-01   9.2818338E-01
   4.0728884E+00  -2.9437348E-01   2.3724090E-01  -7.7650452E-01   8.6365402E-01
   4.0898228E+00  -3.0180895E-01  -2.3507882E-02  -7.5369304E-01   8.1221581E-01
   4.1066384E+00  -2.7308539E-01  -3.5299867E-02  -7.2283357E-01   7.7350509E-01
   4.1235657E+00  -2.7448270E-01  -1.2572686E-01  -6.9666785E-01   7.5927204E-01
   4.1406012E+00  -2.4968977E-01  -2.4493523E-01  -6.7955953E-01   7.6429009E-01
   4.1573172E+00  -2.3674349E-01  -3.0578741E-01  -6.4946926E-01   7.5588608E-01
   4.1743593E+00  -2.4533322E-01  -3.9522418E-01  -6.2508678E-01   7.7918166E-01
   4.1910987E+00  -2.4073821E-01  -4.7224253E-01  -6.0275263E-01   8.0266964E-01
   4.2081575E+00  -2.0809764E-01  -5.2952164E-01  -5.9931940E-01   8.2636642E-01
   4.2249284E+00  -2.2536671E-01  -5.6829351E-01  -5.6088477E-01   8.2966220E-01
   4.2418180E+00  -2.2457016E-01  -6.3661188E-01  -5.4040188E-01   8.6471999E-01
   4.2586908E+00  -2.2863160E-01  -7.1555221E-01  -5.1911986E-01   9.1311163E-01
   4.2756977E+00  -2.2929831E-01  -7.9585606E-01  -5.0773412E-01   9.7147232E-01
   4.2925134E+00  -2.3113309E-01  -8.2489383E-01  -4.9619508E-01   9.8999089E-01
   4.3095489E+00  -2.3629750E-01  -8.4199393E-01  -4.8760891E-01   1.0012755E+00
   4.3264174E+00  -2.3198648E-01  -8.7065536E-01  -4.8059654E-01   1.0211912E+00
   4.3431330E+00  -2.1541286E-01  -8.8219112E-01  -4.7367585E-01   1.0242230E+00
   4.3600912E+00  -2.0288213E-01  -9.0888989E-01  -4.6910173E-01   1.0427361E+00
   4.3769145E+00  -2.0866036E-01  -9.6437258E-01  -4.6089533E-01   1.0890262E+00
   4.3939915E+00  -1.8952018E-01  -9.0987670E-01  -4.5676550E-01   1.0355811E+00
   4.4109488E+00  -1.8291640E-01  -9.1746843E-01  -4.5247453E-01   1.0392016E+00
   4.4277954E+00  -2.0257583E-01  -8.7469745E-01  -4.4339806E-01   1.0013663E+00
   4.4445405E+00  -1.9399770E-01  -9.0747166E-01  -4.3935457E-01   1.0267290E+00
   4.4615602E+00  -1.9253629E-01  -8.3894312E-01  -4.3600768E-01   9.6488261E-01
   4.4784889E+00  -1.7394786E-01  -8.0406898E-01  -4.3462631E-01   9.3042183E-01
   4.4953337E+00  -1.7828120E-01  -7.3554701E-01  -4.2994341E-01   8.7043953E-01
   4.5124640E+00  -1.8619290E-01  -6.6524327E-01  -4.2891321E-01   8.1313157E-01
   4.5291567E+00  -1.7186162E-01  -5.9652615E-01  -4.2814445E-01   7.5411373E-01
   4.5461435E+00  -1.7462225E-01  -5.2464718E-01  -4.2606187E-01   6.9805175E-01
   4.5630651E+00  -1.7005171E-01  -4.0705034E-01  -4.2784441E-01   6.1453921E-01
   4.5799265E+00  -1.4987735E-01  -3.2302561E-01  -4.2964101E-01   5.5803239E-01
   4.5967326E+00  -1.6129047E-01  -2.4514776E-01  -4.3217772E-01   5.2238840E-01
   4.6138420E+00  -1.5600045E-01  -7.3967531E-02  -4.3538350E-01   4.6836540E-01
   4.6305461E+00  -1.4880821E-01   2.6450509E-02  -4.3833092E-01   4.6365666E-01
   4.6475596E+00  -1.4551353E-01   2.3862179E-01  -4.4251379E-01   5.2338612E-01
   4.6645293E+00  -1.4123726E-01   4.1564965E-01  -4.4775516E-01   6.2705445E-01
   4.6814580E+00  -1.3987046E-01   6.5586847E-01  -4.5244539E-01   8.0897099E-01
   4.6983495E+00  -1.3317963E-01   8.9542079E-01  -4.5890096E-01   1.0149410E+00
   4.7152052E+00  -1.3859664E-01   1.1511234E+00  -4.6451807E-01   1.2490281E+00
   4.7320285E+00  -1.4125404E-01   1.4416962E+00  -4.7103298E-01   1.5232573E+00
   4.7488208E+00  -1.4734708E-01   1.7277097E+00  -4.7849092E-01   1.7987900E+00
   4.7659340E+00  -1.4626457E-01   2.0650773E+00  -4.8379567E-01   2.1260283E+00
   4.7826705E+00  -1.6006336E-01   2.3807342E+00  -4.9051848E-01   2.4360058E+00
   4.7997303E+00  -1.6369037E-01   2.7623496E+00  -4.9740911E-01   2.8115451E+00
   4.8164186E+00  -1.8000504E-01   3.1556549E+00  -5.0250000E-01   3.2004790E+00
   4.8334322E+00  -1.7499013E-01   3.5238340E+00  -5.1000118E-01   3.5648463E+00
   4.8504248E+00  -1.9095282E-01   4.0064178E+00  -5.2378136E-01   4.0450206E+00
   4.8670511E+00  -2.0938876E-01   4.4562912E+00  -5.2278763E-01   4.4917345E+00
   4.8840060E+00  -1.9120784E-01   4.9382029E+00  -5.2458543E-01   4.9696679E+00
   4.9009438E+00  -1.9838141E-01   5.4575114E+00  -5.2953571E-01   5.4867287E+00
   4.9178658E+00  -1.8945132E-01   5.9546762E+00  -5.4201490E-01   5.9822941E+00
   4.9347720E+00  -1.9533332E-01   6.4978766E+00  -5.5591005E-01   6.5245376E+00
   4.9516649E+00  -2.2386315E-01   7.0610418E+00  -5.7544965E-01   7.0879879E+00
   4.9686022E+00  -2.3333596E-01   7.5950475E+00  -5.8913136E-01   7.6214347E+00
   4.9854236E+00  -2.1817251E-01   8.1247244E+00  -6.0524160E-01   8.1501579E+00
   5.0022798E+00  -2.2419488E-01   8.6814213E+00  -6.1783838E-01   8.7062664E+00
   5.0194688E+00  -2.2929989E-01   9.2196074E+00  -6.3585347E-01   9.2443523E+00
   5.0363040E+00  -2.6207548E-01   9.7008257E+00  -6.5705007E-01   9.7265835E+00
   5.0531297E+00  -2.5496009E-01   1.0156635E+01  -6.8192929E-01   1.0182695E+01
   5.0699468E+00  -2.6642528E-01   1.0598301E+01  -7.0576316E-01   1.0625114E+01
   5.0867558E+00  -2.1725519E-01   1.0973474E+01  -7.2606373E-01   1.0999614E+01
   5.1037183E+00  -2.6876986E-01   1.1283078E+01  -7.3244476E-01   1.1310020E+01
   5.1208549E+00  -2.6717544E-01   1.1546492E+01  -7.4182862E-01   1.1573381E+01
   5.1376424E+00  -2.9385903E-01   1.1759574E+01  -7.6564175E-01   1.1788136E+01
   5.1544232E+00  -2.8874192E-01   1.1866792E+01  -7.9042155E-01   1.1896591E+01
   5.1715412E+00  -3.0785170E-01   1.1917532E+01  -8.2474667E-01   1.1950002E+01
   5.1883106E+00  -3.5608602E-01   1.1916369E+01  -8.5609818E-01   1.1952387E+01
   5.2050753E+00  -3.5218000E-01   1.1795316E+01  -8.8714081E-01   1.1833872E+01
   5.2221770E+00  -3.5674894E-01   1.1577383E+01  -9.1498053E-01   1.1618961E+01
   5.2389321E+00  -3.8736898E-01   1.1289614E+01  -9.5127994E-01   1.1336241E+01
   5.2560253E+00  -4.2720249E-01   1.0814673E+01  -9.8617435E-01   1.0867944E+01
   5.2727656E+00  -3.6798409E-01   1.0421329E+01  -1.0088152E+00   1.0476508E+01
   5.2896338E+00  -4.3400308E-01   9.8321218E+00  -1.0437430E+00   9.8968878E+00
   5.3067155E+00  -4.5091718E-01   9.1718016E+00  -1.0706336E+00   9.2450809E+00
   5.3234520E+00  -4.3128803E-01   8.4106522E+00  -1.0822098E+00   8.4909515E+00
   5.3405232E+00  -4.5100152E-01   7.6074452E+00  -1.1100522E+00   7.7012234E+00
   5.3574457E+00  -4.2527714E-01   6.9798083E+00  -1.1289353E+00   7.0832958E+00
   5.3744869E+00  -3.9080983E-01   6.2694426E+00  -1.1650616E+00   6.3887410E+00
   5.3912253E+00  -3.5274193E-01   5.6261239E+00  -1.1783218E+00   5.7590051E+00
   5.4078994E+00  -3.6620024E-01   4.6677527E+00  -1.1901873E+00   4.8310003E+00
   5.4251375E+00  -3.2513639E-01   4.0238743E+00  -1.2190418E+00   4.2170296E+00
   5.4419889E+00  -3.0769733E-01   3.4639368E+00  -1.2283796E+00   3.6881502E+00
   5.4585547E+00  -3.1160045E-01   2.8063202E+00  -1.2261695E+00   3.0783145E+00
   5.4755239E+00  -2.6836282E-01   2.0077937E+00  -1.2171453E+00   2.3631961E+00
   5.4926891E+00  -2.9399312E-01   1.3480905E+00  -1.1966655E+00   1.8264141E+00
   5.5091982E+00  -2.8181738E-01   1.1179302E+00  -1.1609734E+00   1.6361688E+00
   5.5266876E+00  -2.2301778E-01   5.5492526E-01  -1.1320975E+00   1.2803608E+00
   5.5430188E+00  -2.6523310E-01   1.5783373E-01  -1.1086551E+00   1.1508155E+00
   5.5603480E+00  -2.2055115E-01  -1.8028390E-01  -1.0820683E+00   1.1189356E+00
   5.5767188E+00  -1.9741505E-01  -4.6975985E-01  -1.0612234E+00   1.1772180E+00
   5.5940285E+00  -1.6468920E-01  -8.5566616E-01  -1.0295831E+00   1.3488249E+00
   5.6108065E+00  -1.7264572E-01  -1.1285481E+00  -9.8338741E-01   1.5068105E+00
   5.6278019E+00  -1.5434994E-01  -1.3530186E+00  -9.5069808E-01   1.6608161E+00
   5.6446810E+00  -1.8809775E-01  -1.5353812E+00  -9.1803509E-01   1.7987676E+00
   5.6615429E+00  -1.9641456E-01  -1.7716577E+00  -8.6472607E-01   1.9811866E+00
   5.6784234E+00  -1.2164694E-01  -1.7916746E+00  -8.3264893E-01   1.9794444E+00
   5.6954474E+00  -1.9290012E-01  -1.7571182E+00  -8.0610615E-01   1.9428025E+00
   5.7119470E+00  -1.7193335E-01  -1.7907283E+00  -7.7624577E-01   1.9592924E+00
   5.7290006E+00  -1.5314864E-01  -1.8327942E+00  -7.4952954E-01   1.9860473E+00
   5.7463136E+00  -1.3019063E-01  -1.8054725E+00  -7.2497880E-01   1.9499422E+00
   5.7627091E+00  -1.2682933E-01  -1.8009933E+00  -6.9853723E-01   1.9358763E+00
   5.7798858E+00  -1.5113024E-01  -1.8338095E+00  -6.7728990E-01   1.9607190E+00
   5.7964993E+00  -9.5685706E-02  -1.8115593E+00  -6.5516019E-01   1.9287659E+00
   5.8137693E+00  -9.3692459E-02  -1.7563595E+00  -6.3415015E-01   1.8696854E+00
   5.8305321E+00  -1.1175693E-01  -1.7091498E+00  -6.1645073E-01   1.8203555E+00
   5.8473673E+00  -7.8718551E-02  -1.7431093E+00  -6.0658884E-01   1.8473161E+00
   5.8642635E+00  -8.0527768E-02  -1.7177247E+00  -5.9390295E-01   1.8192811E+00
   5.8812113E+00  -8.3425447E-02  -1.6821107E+00  -5.8004302E-01   1.7812653E+00
   5.8982043E+00  -7.6791100E-02  -1.6524599E+00  -5.6949842E-01   1.7495283E+00
   5.9148293E+00  -7.2998568E-02  -1.6187280E+00  -5.6041121E-01   1.7145466E+00
   5.9319119E+00  -7.1469389E-02  -1.5948820E+00  -5.6106442E-01   1.6922027E+00
   5.9486504E+00  -7.4314147E-02  -1.5605370E+00  -5.4661238E-01   1.6551688E+00
   5.9658008E+00  -7.3156856E-02  -1.5722179E+00  -5.4049253E-01   1.6641375E+00
   5.9826279E+00  -7.1579114E-02  -1.5570452E+00  -5.3759122E-01   1.6487927E+00
   5.9994988E+00  -6.6962734E-02  -1.5618759E+00  -5.3232849E-01   1.6514581E+00
   6.0161653E+00  -6.4549193E-02  -1.5030452E+00  -5.2183563E-01   1.5923643E+00
   6.0334954E+00  -6.7292996E-02  -1.5139053E+00  -5.1822823E-01   1.6015611E+00
   6.0499640E+00  -5.7496600E-02  -1.5204909E+00  -5.1154560E-01   1.6052655E+00
   6.0669842E+00  -5.4713707E-02  -1.5133933E+00  -5.0640845E-01   1.5968101E+00
   6.0837059E+00  -5.2996725E-02  -1.5012116E+00  -5.0107819E-01   1.5835165E+00
   6.1009622E+00  -4.7430679E-02  -1.5112288E+00  -4.9582407E-01   1.5911956E+00
   6.1179881E+00  -5.0681189E-02  -1.5014009E+00  -4.9128097E-01   1.5805475E+00
   6.1347766E+00  -4.2186558E-02  -1.5182757E+00  -4.8698276E-01   1.5950214E+00
   6.1513562E+00  -4.4947304E-02  -1.5010709E+00  -4.8338777E-01   1.5776241E+00
   6.1684928E+00  -4.6920098E-02  -1.5024461E+00  -4.7827449E-01   1.5774322E+00
   6.1855226E+00  -4.4007819E-02  -1.5172725E+00  -4.7600287E-01   1.5907958E+00
   6.2024298E+00  -4.6079185E-02  -1.5253527E+00  -4.7225839E-01   1.5974518E+00
   6.2192454E+00  -4.7317367E-02  -1.5330590E+00  -4.6876845E-01   1.6038245E+00
   6.2359276E+00  -5.0848506E-02  -1.5424778E+00  -4.6572268E-01   1.6120549E+00
   6.2532015E+00  -5.1282473E-02  -1.5496792E+00  -4.6251690E-01   1.6180412E+00
   6.2696409E+00  -5.1478844E-02  -1.5487757E+00  -4.5986867E-01   1.6164267E+00
   6.2867336E+00  -5.5747524E-02  -1.5703175E+00  -4.5790884E-01   1.6366689E+00
   6.3038282E+00  -5.3723637E-02  -1.5623276E+00  -4.5634323E-01   1.6284971E+00
   6.3207312E+00  -5.4350715E-02  -1.5557846E+00  -4.5368704E-01   1.6214967E+00
   6.3372679E+00  -5.7789370E-02  -1.5070171E+00  -4.5575988E-01   1.5754864E+00
   6.3545165E+00  -6.0865428E-02  -1.4887809E+00  -4.5157591E-01   1.5569502E+00
   6.3712273E+00  -6.1399810E-02  -1.4530414E+00  -4.5149323E-01   1.5228084E+00
   6.3880205E+00  -6.2715828E-02  -1.3827107E+00  -4.5117760E-01   1.4558102E+00
   6.4048829E+00  -6.3048355E-02  -1.3102822E+00  -4.5279047E-01   1.3877442E+00
   6.4218040E+00  -6.0717061E-02  -1.1872897E+00  -4.5788172E-01   1.2739699E+00
   6.4387741E+00  -6.6091053E-02  -1.0411803E+00  -4.5790336E-01   1.1393418E+00
   6.4557872E+00  -6.0791329E-02  -1.0145131E+00  -4.5973730E-01   1.1154778E+00
   6.4728370E+00  -6.8500154E-02  -8.2580024E-01  -4.6406248E-01   9.4973272E-01
   6.4895296E+00  -7.0529476E-02  -6.8390775E-01  -4.6895713E-01   8.3224100E-01
   6.5066557E+00  -7.0928954E-02  -4.8915184E-01  -4.7399104E-01   6.8481231E-01
   6.5234475E+00  -7.3921196E-02  -2.9410940E-01  -4.7938138E-01   5.6724876E-01
   6.5402875E+00  -7.8586869E-02  -9.4834700E-02  -4.8457557E-01   4.9998298E-01
   6.5571704E+00  -8.1803620E-02   1.4203866E-01  -4.9048740E-01   5.1715058E-01
   6.5740919E+00  -8.7220095E-02   3.5954779E-01  -4.9570042E-01   6.1854738E-01
   6.5910478E+00  -8.0741607E-02   6.0939598E-01  -5.0229764E-01   7.9384226E-01
   6.6080346E+00  -8.5756615E-02   8.0679011E-01  -5.0582653E-01   9.5609879E-01
   6.6247606E+00  -6.8818495E-02   1.0759810E+00  -5.1276416E-01   1.1939005E+00
   6.6418095E+00  -8.4135778E-02   1.3214408E+00  -5.2098131E-01   1.4229218E+00
   6.6586099E+00  -8.0096044E-02   1.5305431E+00  -5.2233207E-01   1.6191999E+00
   6.6754470E+00  -8.3546981E-02   1.8198229E+00  -5.2801454E-01   1.8967168E+00
   6.6923175E+00  -9.0721846E-02   2.0828187E+00  -5.3063798E-01   2.1512649E+00
   6.7092185E+00  -9.6514165E-02   2.3673975E+00  -5.3665596E-01   2.4293797E+00
   6.7261477E+00  -1.0808903E-01   2.6378515E+00  -5.4157227E-01   2.6950407E+00
   6.7431026E+00  -1.0610750E-01   2.9380574E+00  -5.4039186E-01   2.9892247E+00
   6.7600818E+00  -1.0826602E-01   3.2471519E+00  -5.5062461E-01   3.2952850E+00
   6.7768588E+00  -1.1035897E-01   3.5195296E+00  -5.5676365E-01   3.5650039E+00
   6.7938862E+00  -1.0631403E-01   3.8410165E+00  -5.6420898E-01   3.8836894E+00
   6.8107190E+00  -1.1074372E-01   4.1446190E+00  -5.7450473E-01   4.1857123E+00
   6.8275790E+00  -1.1166396E-01   4.4673157E+00  -5.8626020E-01   4.5070033E+00
   6.8444648E+00  -1.1489245E-01   4.7731662E+00  -5.9935284E-01   4.8120203E+00
   6.8613744E+00  -1.1508438E-01   5.0552330E+00  -6.1238915E-01   5.0934901E+00
   6.8783064E+00  -1.1587932E-01   5.3597441E+00  -6.2433362E-01   5.3972287E+00
   6.8952594E+00  -1.0697663E-01   5.7596831E+00  -6.3877183E-01   5.7959833E+00
   6.9120450E+00  -1.1682225E-01   5.9009109E+00  -6.4933670E-01   5.9376793E+00
   6.9290395E+00  -1.1031238E-01   6.0618382E+00  -6.6368717E-01   6.0990596E+00
   6.9458723E+00  -1.0906161E-01   6.4171400E+00  -6.8041027E-01   6.4540324E+00
   6.9627275E+00  -1.0206046E-01   6.5283442E+00  -6.8933392E-01   6.5654306E+00
   6.9797773E+00  -1.0077946E-01   6.8986821E+00  -7.0098722E-01   6.9349370E+00
   6.9966722E+00  -9.5734470E-02   6.9233828E+00  -7.1785265E-01   6.9611573E+00
   7.0134206E+00  -8.9116231E-02   7.0502810E+00  -7.3740113E-01   7.0892992E+00
   7.0303569E+00  -9.3569890E-02   7.0961180E+00  -7.4972522E-01   7.1362267E+00
   7.0473099E+00  -6.6796973E-02   7.1904407E+00  -7.7391297E-01   7.2322779E+00
   7.0642171E+00  -5.0922036E-02   7.1360908E+00  -7.6729566E-01   7.1774039E+00
   7.0810657E+00  -5.3979687E-02   7.0660620E+00  -7.9047334E-01   7.1103439E+00
   7.0978436E+00  -4.4417646E-02   6.9280663E+00  -7.9630089E-01   6.9738207E+00
   7.1150661E+00  -3.8811151E-02   6.7539415E+00  -8.2064474E-01   6.8037262E+00
   7.1315494E+00  -4.9408577E-02   6.4752278E+00  -8.3602351E-01   6.5291615E+00
   7.1485348E+00  -2.6902707E-02   6.1388059E+00  -8.4934634E-01   6.1973424E+00
   7.1653457E+00  -2.3765981E-02   5.7471519E+00  -8.6394900E-01   5.8117747E+00
   7.1825099E+00  -4.0350053E-02   5.2173424E+00  -8.7326640E-01   5.2900743E+00
   7.1996136E+00  -3.1133860E-02   4.7749472E+00  -8.8757235E-01   4.8568382E+00
   7.2160254E+00  -3.2419045E-02   4.1986842E+00  -8.9450938E-01   4.2930350E+00
   7.2334118E+00  -3.8514633E-02   3.5905097E+00  -9.0597308E-01   3.7032459E+00
   7.2498341E+00  -2.7067648E-02   3.0407484E+00  -9.1659230E-01   3.1760077E+00
   7.2667060E+00  -4.9307607E-02   2.2620804E+00  -9.1836828E-01   2.4418926E+00
   7.2835774E+00  -3.2079302E-02   1.7637385E+00  -9.3003225E-01   1.9941822E+00
   7.3007436E+00  -8.7189656E-03   1.0899823E+00  -9.2110670E-01   1.4270862E+00
   7.3180470E+00  -4.9279276E-02   3.7547287E-01  -9.1430193E-01   9.8962438E-01
   7.3344078E+00  -7.7253774E-02  -3.1976712E-01  -9.0459907E-01   9.6255833E-01
   7.3511801E+00  -5.9742831E-02  -8.0705303E-01  -8.8276917E-01   1.1975747E+00
   7.3682466E+00  -1.7262053E-02  -1.2378067E+00  -8.5909098E-01   1.5068181E+00
   7.3853912E+00  -4.7732309E-02  -1.8136683E+00  -8.3403826E-01   1.9968202E+00
   7.4025059E+00  -4.1536693E-02  -2.3323255E+00  -8.1280071E-01   2.4702456E+00
   7.4191809E+00  -3.3424508E-02  -2.7790651E+00  -7.9187858E-01   2.8898776E+00
   7.4361935E+00  -4.3875862E-02  -3.2303944E+00  -7.6835620E-01   3.3208048E+00
   7.4530258E+00  -3.2062486E-02  -3.6230712E+00  -7.3971802E-01   3.6979530E+00
   7.4698339E+00  -2.8765697E-02  -3.9830751E+00  -7.1616805E-01   4.0470500E+00
   7.4864998E+00  -4.8944633E-02  -4.3014517E+00  -6.9638813E-01   4.3577332E+00
   7.5038071E+00  -5.6944598E-02  -4.5914769E+00  -6.7867362E-01   4.6417131E+00
   7.5204263E+00  -6.2026165E-02  -4.8389702E+00  -6.5549731E-01   4.8835597E+00
   7.5376940E+00  -3.3045575E-02  -5.0713134E+00  -6.3382298E-01   5.1108747E+00
   7.5542831E+00  -5.2074283E-02  -5.2429104E+00  -6.0991305E-01   5.2785239E+00
   7.5715213E+00  -3.4303520E-02  -5.4018950E+00  -5.8469027E-01   5.4335542E+00
   7.5880823E+00  -3.3143453E-02  -5.5947313E+00  -5.6772816E-01   5.6235604E+00
   7.6052890E+00  -1.3942287E-02  -5.7197714E+00  -5.4019570E-01   5.7452402E+00
   7.6218166E+00  -6.7793950E-02  -5.8156910E+00  -5.2111906E-01   5.8393855E+00
   7.6385732E+00  -1.3320072E-02  -5.8594737E+00  -5.1075894E-01   5.8817077E+00
   7.6559944E+00  -9.8352730E-03  -5.9329863E+00  -4.9662355E-01   5.9537435E+00
   7.6722517E+00  -8.9846766E-03  -5.9863133E+00  -4.8375258E-01   6.0058341E+00
   7.6895008E+00  -7.6509258E-03  -5.9802380E+00  -4.6983141E-01   5.9986706E+00
   7.7062130E+00  -6.2512946E-03  -5.9502301E+00  -4.5827636E-01   5.9678550E+00
   7.7234459E+00   4.1796123E-03  -5.9064298E+00  -4.4666404E-01   5.9232965E+00
   7.7406049E+00  -2.2026072E-03  -5.8586006E+00  -4.3836349E-01   5.8749781E+00
   7.7574434E+00   6.4590044E-04  -5.7605243E+00  -4.2658496E-01   5.7762976E+00
   7.7737532E+00   1.0395816E-02  -5.6702890E+00  -4.1601083E-01   5.6855388E+00
   7.7911444E+00   6.5347743E-03  -5.5826545E+00  -4.0826195E-01   5.5975666E+00
   7.8080254E+00   1.8376818E-02  -5.4585338E+00  -3.9846104E-01   5.4730887E+00
   7.8250170E+00   2.3547376E-02  -5.3479095E+00  -3.9204374E-01   5.3623118E+00
   7.8418508E+00   2.0665785E-02  -5.2385254E+00  -3.8628563E-01   5.2527890E+00
   7.8586879E+00   2.6366742E-02  -5.1125836E+00  -3.8060996E-01   5.1267991E+00
   7.8751998E+00   1.4962979E-02  -4.9884524E+00  -3.7669581E-01   5.0026774E+00
   7.8924446E+00   2.4745110E-02  -4.8885818E+00  -3.7230244E-01   4.9028006E+00
   7.9092960E+00   2.4158813E-02  -4.7531819E+00  -3.6815661E-01   4.7674794E+00
   7.9265766E+00   3.6478296E-02  -4.6210904E+00  -3.6245742E-01   4.6354270E+00
   7.9426928E+00   3.0326283E-02  -4.5004129E+00  -3.5845086E-01   4.5147672E+00
   7.9601126E+00   2.4279302E-02  -4.3793936E+00  -3.5409111E-01   4.3937521E+00
   7.9767699E+00   2.6765369E-02  -4.2496266E+00  -3.5034394E-01   4.2641277E+00
   7.9935446E+00   3.3282183E-02  -4.1344619E+00  -3.4710336E-01   4.1491399E+00
   8.0108757E+00   4.0467456E-02  -4.0030932E+00  -3.4246022E-01   4.0179191E+00
   8.0277519E+00   4.0319540E-02  -3.8470488E+00  -3.4244639E-01   3.8624706E+00
   8.0446806E+00   3.6077369E-02  -3.7300217E+00  -3.3528215E-01   3.7452340E+00
   8.0616169E+00   3.2061368E-02  -3.5906801E+00  -3.3556369E-01   3.6064684E+00
   8.0778866E+00   4.1146539E-02  -3.4575331E+00  -3.2990268E-01   3.4734800E+00
   8.0949173E+00   2.2811530E-02  -3.2984524E+00  -3.2810712E-01   3.3148096E+00
   8.1120005E+00   4.9754769E-02  -3.1698465E+00  -3.2158616E-01   3.1865060E+00
   8.1291485E+00   5.2531183E-02  -3.0339160E+00  -3.1646100E-01   3.0508285E+00
   8.1457672E+00   5.0795022E-02  -2.8953345E+00  -3.1287462E-01   2.9126332E+00
   8.1625061E+00   2.6720528E-02  -2.7719874E+00  -3.0916491E-01   2.7893031E+00
   8.1793699E+00   5.7643309E-02  -2.6315210E+00  -3.0026749E-01   2.6492238E+00
   8.1963644E+00   6.1683163E-02  -2.4512954E+00  -2.9392016E-01   2.4696240E+00
   8.2134933E+00   3.8342237E-02  -2.3738282E+00  -2.8680605E-01   2.3913989E+00
   8.2302294E+00   2.1766055E-02  -2.2546713E+00  -2.7866599E-01   2.2719312E+00
   8.2471313E+00   2.2428257E-02  -2.0895481E+00  -2.6801938E-01   2.1067863E+00
   8.2642040E+00   2.4875524E-02  -1.9839503E+00  -2.5804964E-01   2.0008166E+00
   8.2808380E+00   5.8320358E-02  -1.8305943E+00  -2.5086758E-01   1.8486241E+00
   8.2979841E+00   5.3953543E-02  -1.7562970E+00  -2.4074405E-01   1.7735411E+00
   8.3150787E+00   5.4575063E-02  -1.6294302E+00  -2.3083985E-01   1.6466050E+00
   8.3317232E+00   1.3139342E-02  -1.4878303E+00  -2.2136545E-01   1.5042653E+00
   8.3487329E+00   4.5614976E-02  -1.3660281E+00  -2.1569905E-01   1.3837050E+00
   8.3656282E+00   1.3510959E-01  -1.2067933E+00  -2.1194515E-01   1.2326903E+00
   8.3822985E+00   3.9288033E-02  -1.1929706E+00  -2.0394364E-01   1.2109152E+00
   8.3994884E+00   4.0284365E-02  -1.0915763E+00  -2.0080185E-01   1.1106229E+00
   8.4158897E+00   5.3997952E-02  -9.5907706E-01  -1.9854817E-01   9.8090059E-01
   8.4329405E+00   4.9860343E-02  -8.7499166E-01  -1.9654219E-01   8.9817888E-01
   8.4501505E+00   6.9088638E-02  -7.4183708E-01  -1.9635150E-01   7.7048647E-01
   8.4666090E+00   1.9042274E-02  -5.6209904E-01  -1.9539917E-01   5.9539795E-01
   8.4835491E+00   3.0934654E-02  -4.7674805E-01  -1.9520800E-01   5.1609284E-01
   8.5009766E+00   2.2197686E-02  -3.4304661E-01  -1.9497189E-01   3.9520597E-01
   8.5177078E+00   9.1080107E-03  -1.6664833E-01  -1.9564693E-01   2.5716209E-01
   8.5343771E+00   3.5478313E-02  -3.9282653E-02  -1.9579537E-01   2.0282422E-01
   8.5516138E+00   2.3135737E-02   1.6481227E-01  -1.9648257E-01   2.5749514E-01
   8.5681887E+00   1.9814922E-02   3.5092762E-01  -1.9736168E-01   4.0310600E-01
   8.5852947E+00   4.5789327E-02   5.1229465E-01  -1.9846055E-01   5.5129761E-01
   8.6020136E+00   1.3684960E-02   7.4084353E-01  -1.9967665E-01   7.6740289E-01
   8.6190977E+00   2.0632653E-03   1.0355526E+00  -2.0117922E-01   1.0549154E+00
   8.6360474E+00   3.1037955E-02   1.1820810E+00  -2.0215178E-01   1.1996434E+00
   8.6527767E+00   3.3561844E-02   1.4687154E+00  -2.0326798E-01   1.4830945E+00
   8.6694422E+00   4.2085644E-02   1.7463591E+00  -2.0500420E-01   1.7588542E+00
   8.6867676E+00   4.2301830E-02   2.0242908E+00  -2.0618822E-01   2.0352042E+00
   8.7034178E+00   4.3110266E-02   2.3468018E+00  -2.0713486E-01   2.3563197E+00
   8.7207260E+00   5.6827486E-02   2.6524653E+00  -2.0911558E-01   2.6613023E+00
   8.7373629E+00   5.4509696E-02   3.0266004E+00  -2.0898996E-01   3.0342970E+00
   8.7539930E+00   5.4814924E-02   3.3357136E+00  -2.0948879E-01   3.3427348E+00
   8.7708702E+00   2.9283915E-02   3.7431352E+00  -2.1260710E-01   3.7492826E+00
   8.7879162E+00   2.7749456E-02   4.2398219E+00  -2.1408738E-01   4.2453141E+00
   8.8047647E+00   2.0404425E-02   4.6546636E+00  -2.1253346E-01   4.6595578E+00
   8.8219929E+00   9.0783788E-03   5.1115179E+00  -2.1215445E-01   5.1159267E+00
   8.8385592E+00   2.7235199E-03   5.5887494E+00  -1.9937579E-01   5.5923052E+00
   8.8555737E+00  -7.0850099E-03   6.1244197E+00  -2.0941764E-01   6.1280031E+00
   8.8727226E+00  -6.8397727E-03   6.5549212E+00  -2.0376173E-01   6.5580912E+00
   8.8892069E+00  -1.8491553E-02   7.1220808E+00  -1.9677752E-01   7.1248231E+00
   8.9063416E+00  -2.0965088E-02   7.6515970E+00  -1.9057323E-01   7.6539984E+00
   8.9231787E+00  -3.2658543E-02   8.1052828E+00  -1.9853646E-01   8.1077795E+00
   8.9399147E+00  -3.0244524E-02   8.6107149E+00  -2.0068009E-01   8.6131067E+00
   8.9569883E+00  -6.1754894E-02   9.0905485E+00  -1.9703768E-01   9.0928936E+00
   8.9738731E+00  -7.9460330E-02   9.5189409E+00  -2.1814813E-01   9.5217724E+00
   8.9908457E+00  -5.3922437E-02   9.9929056E+00  -2.4053711E-01   9.9959450E+00
   9.0076494E+00  -2.2820400E-02   1.0361496E+01  -2.8696677E-01   1.0365495E+01
   9.0248032E+00  -2.2489920E-02   1.0796037E+01  -2.9820660E-01   1.0800179E+01
   9.0414343E+00  -7.3867872E-02   1.0941328E+01  -3.0733329E-01   1.0945893E+01
   9.0583706E+00  -1.6158251E-01   1.1026152E+01  -3.3609068E-01   1.1032456E+01
   9.0752907E+00  -1.1758501E-01   1.1132010E+01  -3.6736512E-01   1.1138691E+01
   9.0921898E+00  -1.2465525E-01   1.1031599E+01  -4.0035722E-01   1.1039565E+01
   9.1089725E+00  -8.9570589E-02   1.0783716E+01  -5.1026392E-01   1.0796153E+01
   9.1259832E+00  -3.5988826E-02   1.0829984E+01  -5.6508470E-01   1.0844776E+01
   9.1428289E+00  -1.4452106E-01   9.6704969E+00  -6.2307018E-01   9.6916265E+00
   9.1599455E+00  -1.3641359E-01   8.5823689E+00  -6.3325286E-01   8.6067801E+00
   9.1768446E+00  -1.3174137E-01   7.5271187E+00  -7.2271591E-01   7.5628824E+00
   9.1934404E+00  -6.8914346E-02   6.2166438E+00  -7.8164190E-01   6.2659693E+00
   9.2103968E+00  -3.2817107E-01   4.7715201E+00  -8.7069136E-01   4.8613992E+00
   9.2272339E+00  -7.1260385E-02   3.4628000E+00  -8.9886469E-01   3.5782707E+00
   9.2441797E+00  -2.5325873E-01   1.7376446E+00  -9.2041671E-01   1.9826032E+00
   9.2612600E+00  -6.8098150E-02   2.9338878E-01  -9.6202254E-01   1.0080683E+00
   9.2779417E+00  -3.2936070E-02  -1.2176251E+00  -9.3079668E-01   1.5329964E+00
   9.2952986E+00  -1.9113669E-01  -2.4963942E+00  -9.3592221E-01   2.6729136E+00
   9.3119402E+00  -1.0267571E-01  -3.5562558E+00  -9.5668310E-01   3.6841202E+00
   9.3285084E+00  -1.5563923E-01  -4.5152354E+00  -9.3250245E-01   4.6131482E+00
   9.3456478E+00  -8.7312624E-02  -5.3117232E+00  -8.9719272E-01   5.3876696E+00
   9.3624735E+00  -9.0671346E-02  -6.1686110E+00  -8.5006708E-01   6.2275677E+00
   9.3797779E+00  -1.0943072E-01  -6.7651615E+00  -7.4920696E-01   6.8073997E+00
   9.3961554E+00  -1.0366464E-01  -7.3315306E+00  -6.6936898E-01   7.3627539E+00
   9.4133539E+00  -3.0247217E-02  -8.0469933E+00  -6.6085362E-01   8.0741396E+00
   9.4300804E+00  -9.8607287E-02  -8.5897303E+00  -6.2108123E-01   8.6127186E+00
   9.4471102E+00  -6.7548186E-02  -9.0888023E+00  -5.9840721E-01   9.1087313E+00
   9.4640436E+00   2.4594540E-02  -9.6275415E+00  -5.7256567E-01   9.6445837E+00
   9.4806356E+00   1.1179800E-01  -9.8535490E+00  -5.6835908E-01   9.8705597E+00
   9.4979286E+00  -8.9078866E-02  -9.7636900E+00  -5.3667772E-01   9.7788343E+00
   9.5144444E+00   4.4469587E-03  -9.9370756E+00  -4.8597711E-01   9.9489527E+00
   9.5313873E+00   1.6298048E-02  -9.5898848E+00  -4.4548884E-01   9.6002407E+00
   9.5487347E+00   1.5670490E-02  -9.4467955E+00  -3.9016551E-01   9.4548616E+00
   9.5653543E+00  -9.1028810E-02  -9.1016054E+00  -3.6677834E-01   9.1094475E+00
   9.5822773E+00  -8.9336984E-02  -8.6286240E+00  -3.4819371E-01   8.6361094E+00
   9.5994053E+00  -3.8453281E-02  -8.3285561E+00  -3.1084722E-01   8.3344440E+00
   9.6162539E+00  -1.1961712E-01  -7.8641901E+00  -2.9261950E-01   7.8705416E+00
   9.6331110E+00  -2.7067067E-02  -7.6962652E+00  -2.7009451E-01   7.7010508E+00
   9.6501179E+00  -6.1890011E-04  -7.1809731E+00  -2.5633496E-01   7.1855469E+00
   9.6667604E+00  -1.6913211E-02  -6.5844760E+00  -2.3733109E-01   6.5887737E+00
   9.6838074E+00   4.7441095E-02  -6.1679001E+00  -2.1798630E-01   6.1719332E+00
   9.7008543E+00   3.4386285E-02  -5.6450982E+00  -2.0658258E-01   5.6489816E+00
   9.7175770E+00  -2.4662563E-03  -4.9708247E+00  -1.8892248E-01   4.9744143E+00
   9.7343655E+00   3.8671053E-03  -4.6754637E+00  -1.7347345E-01   4.6786823E+00
   9.7515106E+00   1.8717088E-02  -4.1572971E+00  -1.6208875E-01   4.1604977E+00
   9.7681656E+00   6.2401001E-03  -3.9639814E+00  -1.4970250E-01   3.9668121E+00
   9.7849131E+00  -4.4506300E-02  -3.4796016E+00  -1.5018006E-01   3.4831254E+00
   9.8020716E+00  -1.5229940E-02  -3.2685893E+00  -1.3793504E-01   3.2715337E+00
   9.8190641E+00  -3.8255304E-02  -2.9874976E+00  -1.3264880E-01   2.9906857E+00
   9.8361197E+00   5.3253267E-03  -2.7502129E+00  -1.2890752E-01   2.7532375E+00
   9.8529158E+00  -3.7875846E-02  -2.5210278E+00  -1.2464818E-01   2.5243917E+00
   9.8697929E+00  -4.3880867E-05  -2.3063896E+00  -1.2184074E-01   2.3096056E+00
   9.8863306E+00   2.2374161E-02  -2.1232240E+00  -1.1774687E-01   2.1266041E+00
   9.9033909E+00  -1.8724635E-02  -1.8792096E+00  -1.1886587E-01   1.8830583E+00
   9.9204979E+00  -7.7526802E-03  -1.6747291E+00  -1.1960876E-01   1.6790128E+00
   9.9370890E+00  -5.6166807E-03  -1.4777589E+00  -1.2364964E-01   1.4829336E+00
   9.9542065E+00  -3.8915031E-04  -1.2894189E+00  -1.2212323E-01   1.2951893E+00
   9.9708872E+00   9.4587477E-03  -1.1438364E+00  -1.2360375E-01   1.1505343E+00
   9.9877043E+00   8.5903257E-02  -9.3067324E-01  -1.2687717E-01   9.4320190E-01
   1.0004581E+01   5.8550287E-02  -7.8769201E-01  -1.2971678E-01   8.0044568E-01
   1.0021509E+01   4.9001865E-02  -6.5442109E-01  -1.3307495E-01   6.6960961E-01
   1.0038482E+01   6.2327437E-02  -4.8898131E-01  -1.3842918E-01   5.1200593E-01
   1.0055492E+01   7.8746438E-02  -3.1356582E-01  -1.4185379E-01   3.5305387E-01
   1.0072536E+01   8.3788350E-02  -2.3378037E-01  -1.4517333E-01   2.8766134E-01
   1.0089255E+01   8.2878239E-02  -4.6501957E-02  -1.4895974E-01   1.7669250E-01
   1.0106370E+01   8.8275984E-02   1.1686458E-01  -1.5193021E-01   2.1102789E-01
   1.0123177E+01   9.8133042E-02   2.4569044E-01  -1.5453984E-01   3.0639264E-01
   1.0140028E+01   8.6342804E-02   3.9414293E-01  -1.5690684E-01   4.3292433E-01
   1.0156918E+01   6.8366103E-02   5.8732426E-01  -1.5880594E-01   6.1224425E-01
   1.0173842E+01   8.7546535E-02   6.9403809E-01  -1.6099504E-01   7.1782500E-01
   1.0190800E+01   1.0124782E-01   8.8761520E-01  -1.6308685E-01   9.0813500E-01
   1.0207507E+01   1.0260920E-01   1.0799695E+00  -1.6442578E-01   1.0972232E+00
   1.0224527E+01   9.3599372E-02   1.3403984E+00  -1.6668145E-01   1.3539613E+00
   1.0241309E+01   9.0569504E-02   1.5770487E+00  -1.6934350E-01   1.5886984E+00
   1.0258383E+01   8.9440376E-02   1.8763243E+00  -1.7280212E-01   1.8863863E+00
   1.0275227E+01   8.8917181E-02   2.1462615E+00  -1.7628327E-01   2.1553237E+00
   1.0292103E+01   1.0321189E-01   2.4944077E+00  -1.8136653E-01   2.5031214E+00
   1.0309007E+01   8.7178715E-02   2.9021630E+00  -1.8585065E-01   2.9094143E+00
   1.0325937E+01   9.0593994E-02   3.2807896E+00  -1.9111131E-01   3.2875998E+00
   1.0342893E+01   8.0848411E-02   3.6500123E+00  -1.9653356E-01   3.6561935E+00
   1.0359653E+01   9.4318353E-02   4.1756654E+00  -2.0052555E-01   4.1815414E+00
   1.0376657E+01   1.0449881E-01   4.5363894E+00  -2.0260593E-01   4.5421138E+00
   1.0393473E+01   6.3853145E-02   5.4032245E+00  -2.0155516E-01   5.4073591E+00
   1.0410316E+01   7.9128854E-02   5.6227732E+00  -1.9891931E-01   5.6268468E+00
   1.0427384E+01   4.3877404E-02   6.2992597E+00  -1.9319707E-01   6.3023744E+00
   1.0444273E+01   2.3614828E-02   6.8541436E+00  -1.8365926E-01   6.8566442E+00
   1.0461185E+01   6.3782081E-02   7.5653605E+00  -1.7679361E-01   7.5676947E+00
   1.0477931E+01   4.1422009E-02   8.1742706E+00  -1.7089985E-01   8.1761618E+00
   1.0494887E+01   4.1802362E-02   8.7792215E+00  -1.7344688E-01   8.7810335E+00
   1.0511862E+01   1.9031361E-02   9.3687143E+00  -1.7254055E-01   9.3703222E+00
   1.0528680E+01   7.3796190E-02   9.8825779E+00  -1.7767386E-01   9.8844500E+00
   1.0545520E+01   1.5639136E-02   1.0744120E+01  -1.8534783E-01   1.0745729E+01
   1.0562551E+01   2.9958693E-02   1.1378254E+01  -2.0925015E-01   1.1380218E+01
   1.0579432E+01  -3.1790687E-03   1.2135925E+01  -2.4546784E-01   1.2138409E+01
   1.0596331E+01  -8.2297316E-03   1.2758582E+01  -2.6828879E-01   1.2761405E+01
   1.0613250E+01  -3.3572968E-02   1.3372678E+01  -2.5515574E-01   1.3375154E+01
   1.0630029E+01  -2.3639683E-02   1.3982269E+01  -2.9283431E-01   1.3985355E+01
   1.0646984E+01  -9.9741600E-02   1.4567127E+01  -3.0141953E-01   1.4570587E+01
   1.0663956E+01  -9.2762657E-02   1.5357217E+01  -3.0356073E-01   1.5360497E+01
   1.0680793E+01  -9.2341460E-02   1.6420769E+01  -4.1942978E-01   1.6426384E+01
   1.0697649E+01  -1.0003707E-01   1.9320314E+01  -4.3202326E-01   1.9325403E+01
   1.0714639E+01  -9.1487773E-02   1.8090797E+01  -4.9808007E-01   1.8097885E+01
   1.0731515E+01  -2.6863378E-01   1.4862342E+01  -6.3240457E-01   1.4878216E+01
   1.0748363E+01  -8.2984120E-02   1.1552313E+01  -7.6426172E-01   1.1577863E+01
   1.0765299E+01  -2.2859482E-02   1.0203306E+01  -8.9159113E-01   1.0242212E+01
   1.0782154E+01  -1.3819721E-01   8.1540918E+00  -1.0380006E+00   8.2210560E+00
   1.0799179E+01  -2.6108826E-02   5.1479497E+00  -1.0523313E+00   5.2544713E+00
   1.0815926E+01  -9.0882726E-02   2.8720472E+00  -1.1607389E+00   3.0990691E+00
   1.0832891E+01  -1.0657190E-01   7.7821270E-02  -1.1625237E+00   1.1699893E+00
   1.0849831E+01  -1.7340733E-01  -1.6336615E+00  -1.1192324E+00   1.9878635E+00
   1.0866722E+01  -2.8703710E-01  -3.3695774E+00  -1.1108119E+00   3.5595429E+00
   1.0883630E+01  -1.0878881E-01  -4.6993384E+00  -1.0990236E+00   4.8273668E+00
   1.0900428E+01  -4.9818322E-02  -5.5850954E+00  -1.0736549E+00   5.6875749E+00
   1.0917377E+01  -2.8668925E-01  -5.9017591E+00  -9.9059588E-01   5.9911795E+00
   1.0934192E+01   4.1185714E-02  -6.1399155E+00  -9.4278884E-01   6.2120132E+00
   1.0951065E+01  -8.7003343E-02  -7.2950611E+00  -8.9594114E-01   7.3503871E+00
   1.0968095E+01  -9.2739426E-02  -7.3612285E+00  -7.7895504E-01   7.4029083E+00
   1.0984899E+01  -2.0760588E-01  -7.7921519E+00  -7.4162477E-01   7.8301172E+00
   1.1002045E+01  -2.0023885E-01  -8.2996044E+00  -7.3963064E-01   8.3349018E+00
   1.1018775E+01  -1.5563321E-01  -8.6195631E+00  -6.8868637E-01   8.6484318E+00
   1.1035628E+01  -5.8784604E-02  -9.1473713E+00  -6.6355902E-01   9.1715956E+00
   1.1052461E+01   2.8468376E-01  -9.0648870E+00  -6.5169525E-01   9.0927401E+00
   1.1069702E+01   1.8272367E-01  -8.8477716E+00  -6.2072730E-01   8.8714008E+00
   1.1086590E+01  -3.1352740E-02  -8.5553026E+00  -5.3856927E-01   8.5722952E+00
   1.1103348E+01   4.2292356E-02  -8.2223053E+00  -4.9883592E-01   8.2375317E+00
   1.1120172E+01   8.2438543E-02  -7.6482596E+00  -4.4525024E-01   7.6616526E+00
   1.1136999E+01  -1.2379845E-02  -7.1856742E+00  -4.1089344E-01   7.1974230E+00
   1.1153978E+01   8.4605031E-02  -6.6389198E+00  -3.8965914E-01   6.6508837E+00
   1.1170811E+01   8.4146678E-02  -6.1480908E+00  -3.5974866E-01   6.1591821E+00
   1.1187846E+01   1.3267855E-01  -5.6264958E+00  -3.5215053E-01   5.6390667E+00
   1.1204847E+01   3.8391262E-02  -5.3041906E+00  -3.3313864E-01   5.3147802E+00
   1.1221725E+01  -1.3096706E-02  -4.5685925E+00  -3.3188996E-01   4.5806508E+00
   1.1238351E+01  -2.9891524E-02  -4.4568272E+00  -2.9395950E-01   4.4666109E+00
   1.1255444E+01  -1.2941715E-01  -3.9353223E+00  -2.8434911E-01   3.9477036E+00
   1.1272386E+01   4.1505329E-02  -3.5263927E+00  -2.7204412E-01   3.5371141E+00
   1.1289045E+01   3.9240182E-03  -3.0184102E+00  -2.5002107E-01   3.0287499E+00
   1.1306316E+01   1.1374028E-01  -3.0837908E+00  -2.4402417E-01   3.0955210E+00
   1.1322963E+01   2.3668827E-02  -2.4538391E+00  -2.4557354E-01   2.4662101E+00
   1.1339858E+01   1.0007087E-02  -2.2066612E+00  -2.3502673E-01   2.2191646E+00
   1.1356671E+01  -3.4676817E-05  -1.9046552E+00  -2.3632714E-01   1.9192609E+00
   1.1373561E+01  -3.1896878E-02  -1.5753770E+00  -2.3912351E-01   1.5937408E+00
   1.1390894E+01   6.2502600E-02  -1.2350279E+00  -2.3347011E-01   1.2584549E+00
   1.1407525E+01   6.3661508E-02  -1.0285709E+00  -2.5212517E-01   1.0609325E+00
   1.1424421E+01   2.5039652E-02  -8.3827055E-01  -2.3627245E-01   8.7129170E-01
   1.1441198E+01   4.6858311E-02  -7.3673546E-01  -2.2761163E-01   7.7251661E-01
   1.1458022E+01   4.9174804E-02  -5.1270980E-01  -2.3087588E-01   5.6444061E-01
   1.1474953E+01   4.2545341E-02  -3.2534540E-01  -2.3134196E-01   4.0147084E-01
   1.1492260E+01   2.9227208E-02  -1.0304479E-01  -2.2405066E-01   2.4833678E-01
   1.1508816E+01   4.6726082E-02   1.3875403E-02  -2.2893117E-01   2.3406269E-01
   1.1525704E+01   4.2288747E-02   7.8643017E-02  -2.2914994E-01   2.4593242E-01
   1.1542443E+01   5.6049541E-02   2.3503385E-01  -2.3223589E-01   3.3513576E-01
   1.1559822E+01   3.6004409E-02   3.0968478E-01  -2.2993992E-01   3.8739303E-01
   1.1576430E+01   5.6135360E-02   3.1720832E-01  -2.3500319E-01   3.9874655E-01
   1.1593337E+01   4.1268490E-02   3.2662326E-01  -2.4075978E-01   4.0786162E-01
   1.1610293E+01   2.1768918E-02   3.9149177E-01  -2.4391812E-01   4.6177456E-01
   1.1626906E+01   2.5333224E-02   3.5085109E-01  -2.4371284E-01   4.2794183E-01
   1.1644178E+01   1.5834827E-02   3.5122165E-01  -2.4726893E-01   4.2982474E-01
   1.1661021E+01   1.3592347E-02   3.3724526E-01  -2.5058272E-01   4.2036986E-01
   1.1677932E+01   1.6035764E-02   3.2068259E-01  -2.4993525E-01   4.0689322E-01
   1.1695082E+01  -1.3232946E-02   2.8338268E-01  -2.5194448E-01   3.7941650E-01
   1.1711429E+01   1.6510524E-02   2.7895969E-01  -2.5321215E-01   3.7710410E-01
   1.1728658E+01   2.4865495E-02   2.6759049E-01  -2.5507283E-01   3.7052006E-01
   1.1745347E+01   2.8367324E-02   2.9110771E-01  -2.5697812E-01   3.8934067E-01
   1.1762399E+01   3.0135471E-02   2.9456827E-01  -2.5618234E-01   3.9154565E-01
   1.1779653E+01   4.2280897E-02   3.6874920E-01  -2.5613323E-01   4.5096329E-01
   1.1796367E+01   3.7656654E-02   3.8329059E-01  -2.6065588E-01   4.6504965E-01
   1.1813021E+01   4.9027771E-02   4.5948985E-01  -2.5820965E-01   5.2934569E-01
   1.1829858E+01   5.8109760E-02   5.5179524E-01  -2.6339847E-01   6.1419338E-01
   1.1846804E+01   7.0355348E-02   5.6840658E-01  -2.6101676E-01   6.2941694E-01
   1.1863839E+01   5.8755249E-02   7.8466988E-01  -2.6617211E-01   8.3066630E-01
   1.1880733E+01   7.0499443E-02   9.5370454E-01  -2.6129100E-01   9.9136043E-01
   1.1897619E+01   8.4967814E-02   1.1342608E+00  -2.6700646E-01   1.1683576E+00
   1.1914493E+01   7.7240534E-02   1.3076848E+00  -2.6480231E-01   1.3364601E+00
   1.1931350E+01   7.1458533E-02   1.5813200E+00  -2.6619703E-01   1.6051606E+00
   1.1948391E+01   6.0636546E-02   1.9183844E+00  -2.6919034E-01   1.9381278E+00
   1.1965211E+01   5.2166000E-02   2.2692869E+00  -2.7385381E-01   2.2863464E+00
   1.1982012E+01   6.3883044E-02   2.5344903E+00  -2.7351037E-01   2.5500059E+00
   1.1998999E+01   4.5864668E-02   2.9157772E+00  -2.7959934E-01   2.9295113E+00
   1.2015772E+01   3.4516577E-02   3.3190219E+00  -2.7037236E-01   3.3301950E+00
   1.2032696E+01   3.2750595E-02   3.7220476E+00  -2.6846820E-01   3.7318609E+00
   1.2049822E+01   1.3404632E-02   4.2343678E+00  -2.6188746E-01   4.2424798E+00
   1.2066768E+01  -1.4332297E-02   4.7050505E+00  -2.3009020E-01   4.7106953E+00
   1.2083804E+01  -6.8790633E-03   5.2308106E+00  -2.3768947E-01   5.2362127E+00
   1.2100411E+01  -2.4467870E-03   5.7711992E+00  -2.2994180E-01   5.7757788E+00
   1.2117166E+01   1.4325361E-02   6.3160958E+00  -2.2843699E-01   6.3202419E+00
   1.2133934E+01  -1.2012956E-02   6.9669256E+00  -2.2828770E-01   6.9706750E+00
   1.2151118E+01  -2.1759616E-02   7.6654658E+00  -2.3555379E-01   7.6691151E+00
   1.2167946E+01  -3.0276336E-05   8.4017496E+00  -2.4591686E-01   8.4053478E+00
   1.2184703E+01  -2.1488233E-02   9.1547937E+00  -2.3493654E-01   9.1578331E+00
   1.2201677E+01  -3.0436300E-02   9.9423227E+00  -2.5813261E-01   9.9457197E+00
   1.2218746E+01  -9.8810367E-02   1.0544539E+01  -2.9306138E-01   1.0549074E+01
   1.2235645E+01  -7.9774655E-02   1.1266978E+01  -3.2733551E-01   1.1272015E+01
   1.2252464E+01  -1.6172251E-01   1.2007650E+01  -3.3390698E-01   1.2013381E+01
   1.2269519E+01  -7.0264094E-02   1.2514686E+01  -3.4937760E-01   1.2519758E+01
   1.2286437E+01  -7.0664153E-02   1.3075813E+01  -4.0008271E-01   1.3082124E+01
   1.2303204E+01  -1.1310808E-01   1.3633580E+01  -4.3217525E-01   1.3640898E+01
   1.2320220E+01  -1.6560344E-01   1.4089814E+01  -4.6967307E-01   1.4098613E+01
   1.2336836E+01  -1.0910179E-01   1.4213675E+01  -5.5316722E-01   1.4224854E+01
   1.2353988E+01  -9.9261850E-02   1.3950465E+01  -6.0630774E-01   1.3963987E+01
   1.2370609E+01  -8.8213220E-02   1.3158529E+01  -6.5307844E-01   1.3175021E+01
   1.2387770E+01   8.3521083E-02   1.1829246E+01  -7.4047816E-01   1.1852693E+01
   1.2404539E+01   2.0038569E-02   1.0381301E+01  -8.4079790E-01   1.0415313E+01
   1.2421598E+01   3.9278377E-02   8.6329308E+00  -9.3235821E-01   8.6832209E+00
   1.2438437E+01  -6.0275486E-03   6.8140016E+00  -9.7343606E-01   6.8831844E+00
   1.2455225E+01  -1.5041287E-01   4.7853851E+00  -9.5115942E-01   4.8813157E+00
   1.2472150E+01  -1.4120186E-02   2.9822543E+00  -1.0024579E+00   3.1462615E+00
   1.2489152E+01  -1.5387926E-01   1.2386068E+00  -1.0251443E+00   1.6151614E+00
   1.2506058E+01  -2.1842077E-01  -1.6175869E-01  -1.0405915E+00   1.0755018E+00
   1.2522862E+01  -3.4532565E-01  -1.5387745E+00  -9.9770552E-01   1.8661439E+00
   1.2539880E+01  -2.7137032E-01  -2.6702571E+00  -9.8740000E-01   2.8598731E+00
   1.2556601E+01  -3.0171862E-01  -3.1257687E+00  -9.9336874E-01   3.2936676E+00
   1.2573572E+01  -6.6611417E-02  -4.1021738E+00  -9.5095205E-01   4.2114816E+00
   1.2590487E+01  -3.0874619E-01  -4.2579899E+00  -9.1054267E-01   4.3651905E+00
   1.2607360E+01   4.5410454E-02  -4.8500280E+00  -8.0943155E-01   4.9173174E+00
   1.2624434E+01  -1.5903978E-01  -5.1165428E+00  -7.2586668E-01   5.1702209E+00
   1.2641343E+01  -1.6176279E-01  -5.5444498E+00  -7.1969938E-01   5.5933046E+00
   1.2658183E+01   1.1074938E-01  -5.8967752E+00  -6.9910169E-01   5.9391050E+00
   1.2675168E+01   1.1489981E-02  -6.1543074E+00  -6.2124193E-01   6.1855941E+00
   1.2691834E+01   2.1280255E-02  -6.3933134E+00  -5.9811205E-01   6.4212651E+00
   1.2708890E+01   4.7939636E-02  -6.4466600E+00  -5.5701911E-01   6.4708571E+00
   1.2725819E+01   1.3348034E-02  -6.3804646E+00  -5.3096563E-01   6.4025331E+00
   1.2742476E+01  -2.6948083E-02  -6.1518846E+00  -5.3585547E-01   6.1752372E+00
   1.2759671E+01  -1.6889454E-01  -6.0255089E+00  -4.9676925E-01   6.0483108E+00
   1.2776277E+01  -3.4758903E-02  -5.7385526E+00  -4.5495015E-01   5.7566638E+00
   1.2793443E+01  -1.0205512E-01  -5.3656812E+00  -4.1173252E-01   5.3824224E+00
   1.2810342E+01  -1.4987049E-01  -5.0354052E+00  -3.9842844E-01   5.0533662E+00
   1.2826990E+01  -1.8367216E-01  -4.7189503E+00  -3.7820733E-01   4.7376432E+00
   1.2843784E+01  -7.0023224E-02  -4.4309258E+00  -3.6090058E-01   4.4461508E+00
   1.2860936E+01  -8.8958837E-02  -4.1402335E+00  -3.4576532E-01   4.1555986E+00
   1.2877893E+01  -9.1467232E-02  -3.8311160E+00  -3.2656679E-01   3.8460970E+00
   1.2894587E+01  -6.8719417E-02  -3.5438044E+00  -3.1083003E-01   3.5580735E+00
   1.2911485E+01  -1.0746828E-01  -3.1794841E+00  -2.9621214E-01   3.1950603E+00
   1.2928577E+01  -1.1207581E-02  -2.9446037E+00  -2.8691384E-01   2.9585698E+00
   1.2945314E+01  -2.1920195E-02  -2.6689141E+00  -2.7878058E-01   2.6835241E+00
   1.2962177E+01  -4.6980884E-02  -2.3350048E+00  -2.7065837E-01   2.3511086E+00
   1.2978948E+01   8.0315396E-03  -2.1604741E+00  -2.6249146E-01   2.1763763E+00
   1.2995879E+01   2.4695173E-02  -1.8075107E+00  -2.6057509E-01   1.8263637E+00
   1.3013030E+01   1.3378027E-02  -1.6149889E+00  -2.5617149E-01   1.6352345E+00
   1.3030097E+01   6.4315788E-02  -1.3239490E+00  -2.5489548E-01   1.3497959E+00
   1.3046968E+01   3.6015369E-02  -1.2694663E+00  -2.5654027E-01   1.2956291E+00
   1.3063705E+01   3.3613380E-02  -1.1050054E+00  -2.5526902E-01   1.1346053E+00
   1.3080538E+01   4.8702907E-02  -9.9048501E-01  -2.4951591E-01   1.0225902E+00
   1.3097532E+01   2.9741198E-02  -8.9122969E-01  -2.5199872E-01   9.2664891E-01
   1.3114385E+01   3.0617883E-02  -8.0890852E-01  -2.4904113E-01   8.4693092E-01
   1.3131331E+01   1.8633964E-02  -7.3306531E-01  -2.4488635E-01   7.7311140E-01
   1.3148094E+01   2.6037998E-02  -7.1484286E-01  -2.4578600E-01   7.5636572E-01
   1.3165030E+01   1.8955288E-02  -7.2117943E-01  -2.4182098E-01   7.6087874E-01
   1.3182131E+01   1.9420356E-02  -7.5715482E-01  -2.4492578E-01   7.9602087E-01
   1.3198758E+01   2.7779622E-02  -6.2142748E-01  -2.5929514E-01   6.7392713E-01
   1.3215878E+01   2.4378011E-02  -7.3298442E-01  -2.6231372E-01   7.7888960E-01
   1.3232561E+01   1.9193852E-02  -7.3418003E-01  -2.5104877E-01   7.7615350E-01
   1.3249722E+01   2.9123103E-02  -7.4249923E-01  -2.4940638E-01   7.8380919E-01
   1.3266475E+01   2.8247796E-02  -7.4833614E-01  -2.4896289E-01   7.8916883E-01
   1.3283414E+01   1.8640494E-02  -7.8004199E-01  -2.5065783E-01   8.1953788E-01
   1.3300260E+01   2.3169758E-02  -7.5388753E-01  -2.5069654E-01   7.9481572E-01
   1.3317289E+01   2.1356428E-02  -8.3284009E-01  -2.4831182E-01   8.6933160E-01
   1.3333974E+01   2.0853478E-02  -8.6235291E-01  -2.5245842E-01   8.9878953E-01
   1.3351111E+01   1.8632600E-02  -7.9802954E-01  -2.4484082E-01   8.3495229E-01
   1.3367924E+01   1.7866276E-02  -8.1118500E-01  -2.4312815E-01   8.4702516E-01
   1.3384681E+01   1.6752390E-02  -7.6592946E-01  -2.4107806E-01   8.0314833E-01
   1.3401636E+01   1.4071841E-02  -7.0855474E-01  -2.3967473E-01   7.4812549E-01
   1.3418544E+01   1.0281490E-02  -6.3965887E-01  -2.3659028E-01   6.8208802E-01
   1.3435411E+01   9.0387324E-03  -6.5197068E-01  -2.3504616E-01   6.9310474E-01
   1.3452477E+01   7.8498637E-03  -4.9140602E-01  -2.3095292E-01   5.4302925E-01
   1.3469281E+01   6.7478940E-03  -3.7280378E-01  -2.2888295E-01   4.3751067E-01
   1.3486288E+01   3.5450954E-03  -4.6657065E-01  -2.2593020E-01   5.1840639E-01
   1.3503051E+01   1.3519771E-02  -1.1141921E-01  -2.2413643E-01   2.5066742E-01
   1.3520021E+01   4.1930467E-02  -4.2487334E-02  -2.2090021E-01   2.2882360E-01
   1.3536980E+01   1.6447414E-02   3.9208314E-01  -2.2100653E-01   4.5038158E-01
   1.3553718E+01   1.5373446E-02   5.5395311E-01  -2.1717745E-01   5.9520286E-01
   1.3570667E+01   2.8252022E-02   7.6620442E-01  -2.1777043E-01   7.9705167E-01
   1.3587619E+01   1.7723694E-02   9.8019093E-01  -2.1637386E-01   1.0039452E+00
   1.3604576E+01   1.8653914E-02   1.4074486E+00  -2.1850646E-01   1.4244313E+00
   1.3621338E+01   1.0991514E-02   1.6807427E+00  -2.2188826E-01   1.6953617E+00
   1.3638298E+01   1.0593668E-02   2.0915766E+00  -2.2246528E-01   2.1034009E+00
   1.3655293E+01   2.2508403E-02   2.8013685E+00  -2.2291707E-01   2.8103137E+00
   1.3672112E+01  -1.1612279E-02   2.9638572E+00  -2.2747168E-01   2.9725959E+00
   1.3688957E+01  -1.5820174E-03   3.3336177E+00  -2.4069878E-01   3.3422966E+00
   1.3705830E+01  -7.5448952E-03   4.3784561E+00  -2.3046026E-01   4.3845234E+00
   1.3722734E+01  -7.4943304E-02   3.6374509E+00  -2.2094940E-01   3.6449258E+00
   1.3739673E+01  -3.1661172E-03   5.1828327E+00  -1.8319812E-01   5.1860704E+00
   1.3756647E+01  -2.4806380E-02   5.9357505E+00  -1.7820004E-01   5.9384766E+00
   1.3773473E+01  -2.1146160E-02   6.4787984E+00  -1.6812502E-01   6.4810138E+00
   1.3790343E+01  -2.0023923E-02   7.2634282E+00  -1.5055209E-01   7.2650161E+00
   1.3807260E+01  -2.3965981E-02   8.0171843E+00  -1.4520077E-01   8.0185347E+00
   1.3824223E+01  -1.8626017E-02   8.8517466E+00  -1.0577896E-01   8.8523979E+00
   1.3841055E+01  -1.0335154E-02   9.7925253E+00  -1.4223559E-01   9.7935638E+00
   1.3858035E+01  -3.6307100E-02   1.0383774E+01  -1.2801354E-01   1.0384626E+01
   1.3874736E+01  -2.1412181E-02   1.1133157E+01  -1.6548583E-01   1.1134407E+01
   1.3891940E+01  -8.6773941E-03   1.1908682E+01  -2.0320278E-01   1.1910419E+01
   1.3908885E+01   7.7263843E-03   1.2807171E+01  -2.4426539E-01   1.2809503E+01
   1.3925800E+01  -4.8648766E-03   1.3468129E+01  -2.8345132E-01   1.3471112E+01
   1.3942679E+01   9.5032118E-03   1.3811471E+01  -3.2774326E-01   1.3815362E+01
   1.3959291E+01   2.6774440E-02   1.3978759E+01  -3.7131047E-01   1.3983715E+01
   1.3976130E+01   3.4487177E-02   1.4032013E+01  -4.2100075E-01   1.4038369E+01
   1.3993326E+01  -3.3462211E-02   1.3797227E+01  -4.4388112E-01   1.3804406E+01
   1.4010140E+01  -1.4053671E-01   1.3261150E+01  -5.7210523E-01   1.3274230E+01
   1.4026966E+01  -8.4659010E-02   1.2534761E+01  -6.4090216E-01   1.2551420E+01
   1.4043808E+01  -6.7321636E-02   1.1371322E+01  -7.1233582E-01   1.1393810E+01
   1.4060770E+01  -7.3117271E-02   9.9580736E+00  -7.8077072E-01   9.9889021E+00
   1.4077746E+01  -2.8637487E-02   8.5149231E+00  -8.0492425E-01   8.5529318E+00
   1.4094572E+01  -3.8559690E-02   7.0258985E+00  -8.4139431E-01   7.0762053E+00
   1.4111500E+01  -1.0177714E-01   6.2654471E+00  -9.0316802E-01   6.3310270E+00
   1.4128333E+01  -2.1765137E-01   4.5124717E+00  -9.2871886E-01   4.6121893E+00
   1.4145333E+01  -1.5816456E-01   3.1337938E+00  -9.4877821E-01   3.2780879E+00
   1.4162201E+01  -9.4763719E-02   1.8002845E+00  -9.5200086E-01   2.0387030E+00
   1.4179025E+01  -8.7501161E-02   7.4025702E-01  -9.5213288E-01   1.2092122E+00
   1.4196074E+01  -1.3239940E-01  -1.9367559E-01  -9.4312513E-01   9.7186667E-01
   1.4213011E+01  -1.3860691E-01  -1.0971965E+00  -9.2139113E-01   1.4394491E+00
   1.4229745E+01  -1.8550269E-01  -1.7496858E+00  -8.6147487E-01   1.9590688E+00
   1.4246758E+01  -1.2302735E-01  -2.2594094E+00  -8.0291033E-01   2.4009855E+00
   1.4263556E+01  -7.2221644E-02  -2.6588159E+00  -7.6010197E-01   2.7662742E+00
   1.4280536E+01  -9.8972224E-02  -3.1768653E+00  -7.1453506E-01   3.2577338E+00
   1.4297350E+01  -1.5243852E-01  -3.4732985E+00  -6.9664925E-01   3.5457523E+00
   1.4314357E+01   1.1443608E-02  -3.7484508E+00  -6.7386234E-01   3.8085568E+00
   1.4331202E+01  -2.9657168E-02  -4.0437708E+00  -6.3414305E-01   4.0932994E+00
   1.4348135E+01  -3.7725791E-02  -4.2045937E+00  -5.7564878E-01   4.2439842E+00
   1.4365070E+01   2.2475958E-01  -4.4392443E+00  -5.1365244E-01   4.4745107E+00
   1.4382020E+01  -8.4745392E-02  -4.5651507E+00  -4.6166927E-01   4.5892181E+00
   1.4398676E+01  -1.1341387E-01  -4.6853318E+00  -4.1111341E-01   4.7047009E+00
   1.4415753E+01  -9.6362256E-02  -4.7970443E+00  -3.9639184E-01   4.8143582E+00
   1.4432679E+01  -1.8997855E-01  -4.7971869E+00  -3.7919104E-01   4.8158984E+00
   1.4449402E+01  -1.1493395E-01  -4.8136835E+00  -3.7709296E-01   4.8297987E+00
   1.4466431E+01  -1.2789479E-01  -4.7126646E+00  -3.5921797E-01   4.7280650E+00
   1.4483211E+01  -1.0344104E-01  -4.6041865E+00  -3.4604496E-01   4.6183310E+00
   1.4500331E+01  -8.2008809E-02  -4.5375409E+00  -3.3027318E-01   4.5502839E+00
   1.4517243E+01  -5.3551670E-02  -4.3837285E+00  -3.1262249E-01   4.3951879E+00
   1.4533864E+01  -5.7663780E-02  -4.2511234E+00  -2.9135740E-01   4.2614861E+00
   1.4550873E+01  -1.8633345E-01  -3.9635925E+00  -2.8195894E-01   3.9779754E+00
   1.4567927E+01  -6.6499896E-02  -4.0151978E+00  -2.5759384E-01   4.0240021E+00
   1.4584726E+01  -7.7036723E-02  -3.7918997E+00  -2.4594438E-01   3.8006482E+00
   1.4601603E+01  -5.6137401E-03  -3.7178874E+00  -2.2210167E-01   3.7245197E+00
   1.4618425E+01  -1.8287500E-02  -3.5714428E+00  -2.0715691E-01   3.5774925E+00
   1.4635533E+01  -1.0743106E-02  -3.3801460E+00  -1.9962688E-01   3.3860528E+00
   1.4652148E+01  -1.9395220E-01  -3.0098844E+00  -1.9412430E-01   3.0223675E+00
   1.4669325E+01   9.0241600E-03  -3.0968597E+00  -1.8375267E-01   3.1023195E+00
   1.4685969E+01  -2.6459412E-03  -2.9004729E+00  -1.7899917E-01   2.9059923E+00
   1.4703125E+01   5.8283731E-02  -2.7040398E+00  -1.7503716E-01   2.7103260E+00
   1.4720009E+01   1.0319419E-02  -2.4594393E+00  -1.7298731E-01   2.4655371E+00
   1.4736643E+01   1.7864233E-02  -2.2937591E+00  -1.7092228E-01   2.3001878E+00
   1.4753745E+01   2.0057937E-02  -2.1253595E+00  -1.7658441E-01   2.1327770E+00
   1.4770567E+01   1.2528501E-02  -1.9965808E+00  -1.6499794E-01   2.0034261E+00
   1.4787477E+01   7.5590936E-03  -1.8810773E+00  -1.6272426E-01   1.8881176E+00
   1.4804495E+01   1.4003174E-02  -1.7516843E+00  -1.6146366E-01   1.7591659E+00
   1.4821251E+01   1.5677961E-02  -1.6460332E+00  -1.5768690E-01   1.6536433E+00
   1.4838093E+01   1.3264295E-02  -1.5564574E+00  -1.5546301E-01   1.5642585E+00
   1.4854932E+01   1.9356472E-02  -1.4670823E+00  -1.5338472E-01   1.4752057E+00
   1.4872146E+01   8.7612756E-03  -1.4105967E+00  -1.5304457E-01   1.4189019E+00
   1.4888982E+01   9.0578701E-03  -1.3456403E+00  -1.5037338E-01   1.3540466E+00
   1.4905831E+01   1.7691126E-02  -1.2928021E+00  -1.4920677E-01   1.3015041E+00
   1.4922702E+01   1.2142038E-02  -1.2102246E+00  -1.4785235E-01   1.2192832E+00
   1.4939598E+01   1.7058840E-02  -1.1960061E+00  -1.4851418E-01   1.2053124E+00
   1.4956526E+01   1.4303210E-02  -1.1735504E+00  -1.4778189E-01   1.1829051E+00
   1.4973486E+01   5.5960855E-03  -1.1449690E+00  -1.4704025E-01   1.1543857E+00
   1.4990481E+01  -2.2127475E-03  -1.0556060E+00  -1.4697106E-01   1.0657905E+00
   1.5007124E+01   3.7600368E-03  -9.8455667E-01  -1.4654849E-01   9.9541068E-01
   1.5024194E+01   1.9903230E-02  -8.9540339E-01  -1.4651017E-01   9.0752882E-01
   1.5040919E+01  -9.3342951E-03  -8.6856264E-01  -1.4745030E-01   8.8103902E-01
   1.5058086E+01   1.0440550E-02  -7.6592487E-01  -1.4787208E-01   7.8013849E-01
   1.5074920E+01   3.7305017E-03  -4.8779005E-01  -1.4972182E-01   5.1026434E-01
   1.5091814E+01   1.0052022E-02  -5.4409754E-01  -1.4823678E-01   5.6401891E-01
   1.5108774E+01   1.5106034E-02  -3.4166813E-01  -1.4878771E-01   3.7296528E-01
   1.5125409E+01   9.2134047E-03  -1.0096673E-01  -1.4903949E-01   1.8025520E-01
   1.5142518E+01   1.0514608E-02   6.1691321E-02  -1.4984600E-01   1.6238904E-01
   1.5159283E+01   5.0434144E-03   2.2568183E-01  -1.5087767E-01   2.7151757E-01
   1.5176154E+01  -9.3853124E-04   3.8994882E-01  -1.5189593E-01   4.1848934E-01
   1.5192938E+01  -8.0985054E-03   7.4229741E-01  -1.5437102E-01   7.5822258E-01
   1.5210166E+01  -5.9140772E-03   9.4853431E-01  -1.5599807E-01   9.6129483E-01
   1.5227014E+01  -1.4191438E-02   1.3757236E+00  -1.5756290E-01   1.3847898E+00
   1.5243879E+01  -1.1748936E-02   1.7656893E+00  -1.6050184E-01   1.7730080E+00
   1.5260758E+01  -1.6367164E-02   2.1686819E+00  -1.6260229E-01   2.1748307E+00
   1.5277638E+01  -1.8174207E-02   2.6174359E+00  -1.6542715E-01   2.6227214E+00
   1.5294508E+01  -1.5673961E-02   3.0505602E+00  -1.6644213E-01   3.0551376E+00
   1.5311306E+01  -1.8554077E-02   3.5474498E+00  -1.6648982E-01   3.5514030E+00
   1.5328345E+01  -1.3590502E-02   4.0607114E+00  -1.6526231E-01   4.0640960E+00
   1.5345223E+01   1.5194177E-03   4.5927634E+00  -1.6145957E-01   4.5956006E+00
   1.5362023E+01  -1.5644697E-02   5.2176375E+00  -1.5620746E-01   5.2199984E+00
   1.5379113E+01  -6.6653485E-03   5.8313622E+00  -1.5486030E-01   5.8334217E+00
   1.5395842E+01   4.5231520E-03   6.4888153E+00  -1.3929860E-01   6.4903121E+00
   1.5412834E+01   5.7577756E-03   7.2147012E+00  -1.4191467E-01   7.2160988E+00
   1.5429716E+01  -1.7625580E-02   7.9622469E+00  -1.3852057E-01   7.9634709E+00
   1.5446863E+01  -1.1253551E-02   8.6239157E+00  -1.4082097E-01   8.6250734E+00
   1.5463659E+01  -7.0738019E-03   9.3871250E+00  -1.3729073E-01   9.3881321E+00
   1.5480240E+01  -2.7521984E-03   1.0029685E+01  -1.3887027E-01   1.0030647E+01
   1.5497129E+01  -1.2161196E-02   1.0832170E+01  -1.5140955E-01   1.0833236E+01
   1.5514221E+01  -1.4330323E-02   1.1466135E+01  -1.8097979E-01   1.1467571E+01
   1.5531119E+01  -5.9873080E-03   1.2149137E+01  -2.2100465E-01   1.2151149E+01
   1.5548128E+01   8.8983553E-04   1.2882154E+01  -2.7606097E-01   1.2885112E+01
   1.5565008E+01   1.2723622E-02   1.3360634E+01  -2.8877765E-01   1.3363761E+01
   1.5581934E+01  -9.2620678E-02   1.3776590E+01  -3.3873999E-01   1.3781066E+01
   1.5598574E+01  -3.9370768E-02   1.4089476E+01  -3.7975344E-01   1.4094647E+01
   1.5615635E+01  -2.0670185E-02   1.4042902E+01  -4.3581027E-01   1.4049678E+01
   1.5632520E+01  -3.7640329E-02   1.4017262E+01  -4.8482880E-01   1.4025695E+01
   1.5649340E+01  -8.3101265E-02   1.3690111E+01  -5.4809403E-01   1.3701330E+01
   1.5666281E+01  -1.0474888E-01   1.3136762E+01  -6.1025125E-01   1.3151345E+01
   1.5683138E+01  -1.6705191E-01   1.2041183E+01  -6.1024517E-01   1.2057795E+01
   1.5700164E+01  -9.6903322E-03   1.1293714E+01  -7.2530150E-01   1.1316984E+01
   1.5717062E+01   8.4172904E-02   1.0110606E+01  -7.4168539E-01   1.0138123E+01
   1.5733967E+01  -2.1793390E-02   8.7171698E+00  -7.6885146E-01   8.7510376E+00
   1.5750850E+01  -7.3766641E-02   7.3236871E+00  -8.0764717E-01   7.3684549E+00
   1.5767712E+01  -5.6451753E-02   6.1331220E+00  -8.3135545E-01   6.1894689E+00
   1.5784582E+01  -1.1511155E-01   4.8122420E+00  -8.9139527E-01   4.8954577E+00
   1.5801551E+01  -1.4895222E-01   3.4307148E+00  -9.3026757E-01   3.5577226E+00
   1.5818388E+01  -1.9960278E-01   2.0362363E+00  -9.3351799E-01   2.2489009E+00
   1.5835290E+01  -1.1516497E-01   6.6153365E-01  -9.2474157E-01   1.1428196E+00
   1.5852265E+01  -2.1826975E-01  -4.6785647E-01  -9.0214145E-01   1.0394183E+00
   1.5869032E+01  -3.7676081E-02  -1.2882342E+00  -8.7392467E-01   1.5571485E+00
   1.5886041E+01  -1.7191112E-01  -2.1230254E+00  -7.9708695E-01   2.2742333E+00
   1.5902982E+01  -2.0114970E-01  -2.6793880E+00  -7.4398452E-01   2.7880268E+00
   1.5919745E+01  -1.3501740E-01  -3.1201725E+00  -6.9807941E-01   3.2001595E+00
   1.5936807E+01  -1.9038230E-01  -3.6927953E+00  -6.5606517E-01   3.7554500E+00
   1.5953501E+01  -1.2287294E-01  -3.7949069E+00  -6.1324966E-01   3.8461006E+00
   1.5970503E+01  -9.1676451E-02  -4.1305194E+00  -5.5234355E-01   4.1682944E+00
   1.5987414E+01  -1.3195236E-01  -4.3184919E+00  -4.6325427E-01   4.3452721E+00
   1.6004234E+01  -1.6485024E-02  -4.5105152E+00  -3.8333595E-01   4.5268054E+00
   1.6021088E+01  -1.0287329E-01  -4.7374821E+00  -3.4874070E-01   4.7514143E+00
   1.6038004E+01   3.1514246E-02  -4.8631763E+00  -3.4831712E-01   4.8757362E+00
   1.6055099E+01  -1.1600097E-01  -4.9842057E+00  -3.5565546E-01   4.9982247E+00
   1.6071829E+01  -1.2944293E-01  -4.6115708E+00  -3.3602583E-01   4.6256084E+00
   1.6088675E+01  -9.0344712E-02  -4.7505498E+00  -3.0081242E-01   4.7609215E+00
   1.6105825E+01  -3.2261938E-02  -4.6038165E+00  -2.7310473E-01   4.6120229E+00
   1.6122541E+01  -3.3648513E-02  -4.3672519E+00  -2.3904544E-01   4.3739185E+00
   1.6139553E+01   6.7604676E-02  -4.2422695E+00  -2.2841421E-01   4.2489524E+00
   1.6156359E+01   6.4287648E-02  -4.0929093E+00  -1.8415971E-01   4.0975547E+00
   1.6173235E+01   2.8206524E-02  -3.7736905E+00  -1.8103108E-01   3.7781355E+00
   1.6190081E+01   1.0446370E-01  -3.4675317E+00  -1.4397773E-01   3.4720912E+00
   1.6206970E+01  -5.5117141E-02  -3.2228541E+00  -1.3995734E-01   3.2263625E+00
   1.6223896E+01   5.3565435E-02  -2.9327958E+00  -1.3734925E-01   2.9364989E+00
   1.6240929E+01  -1.1227571E-01  -2.7527678E+00  -1.3575919E-01   2.7583992E+00
   1.6257851E+01  -1.7134892E-02  -2.5947375E+00  -1.3408183E-01   2.5982559E+00
   1.6274593E+01  -1.2265090E-01  -2.3957469E+00  -1.3432178E-01   2.4026423E+00
   1.6291454E+01  -1.1859741E-02  -2.2623725E+00  -1.3408685E-01   2.2663736E+00
   1.6308443E+01  -4.0091589E-02  -2.1288483E+00  -1.3728486E-01   2.1336470E+00
   1.6325260E+01  -3.5142031E-02  -2.0326502E+00  -1.4283158E-01   2.0379653E+00
   1.6342201E+01  -2.3952283E-02  -1.9276541E+00  -1.4566296E-01   1.9332982E+00
   1.6359221E+01  -2.0352721E-02  -1.8785075E+00  -1.4422902E-01   1.8841462E+00
   1.6375977E+01  -9.0601714E-03  -1.8053972E+00  -1.4738803E-01   1.8114260E+00
   1.6393085E+01   1.2154795E-02  -1.7630578E+00  -1.5164478E-01   1.7696092E+00
   1.6409908E+01  -1.2074280E-02  -1.7171943E+00  -1.5318103E-01   1.7240553E+00
   1.6426708E+01  -7.2711953E-03  -1.6914653E+00  -1.5636078E-01   1.6986924E+00
   1.6443747E+01   1.5301750E-02  -1.7315401E+00  -1.5758215E-01   1.7387632E+00
   1.6460712E+01   8.7168431E-03  -1.7512767E+00  -1.5824173E-01   1.7584330E+00
   1.6477589E+01   5.3153620E-03  -1.8048611E+00  -1.6015291E-01   1.8119605E+00
   1.6494362E+01   8.7755276E-03  -1.8349477E+00  -1.5786034E-01   1.8417464E+00
   1.6511354E+01   2.9997663E-03  -1.8466998E+00  -1.5685290E-01   1.8533516E+00
   1.6528290E+01   3.8080607E-04  -1.9261677E+00  -1.5486777E-01   1.9323835E+00
   1.6545191E+01   1.4578737E-03  -1.9518741E+00  -1.5304771E-01   1.9578657E+00
   1.6562078E+01  -7.4698844E-05  -2.0062363E+00  -1.5120748E-01   2.0119264E+00
   1.6578962E+01  -5.8923913E-03  -2.0505893E+00  -1.4901021E-01   2.0560048E+00
   1.6595856E+01   4.6392265E-03  -2.1004193E+00  -1.4567934E-01   2.1054704E+00
   1.6612755E+01   3.2397769E-03  -2.1544981E+00  -1.4303562E-01   2.1592431E+00
   1.6629681E+01   6.8870801E-03  -2.1779299E+00  -1.3965364E-01   2.1824138E+00
   1.6646648E+01   7.7361786E-03  -2.2061710E+00  -1.3633588E-01   2.2103932E+00
   1.6663366E+01   4.2732535E-03  -2.2113914E+00  -1.3264909E-01   2.2153704E+00
   1.6680149E+01   3.9034078E-03  -2.1733212E+00  -1.2947728E-01   2.1771781E+00
   1.6697319E+01   2.4547386E-03  -2.1194677E+00  -1.2671545E-01   2.1232536E+00
   1.6713963E+01   4.8567723E-03  -2.0477042E+00  -1.2241579E-01   2.0513659E+00
   1.6731016E+01   7.1255239E-03  -1.9952626E+00  -1.1908388E-01   1.9988259E+00
   1.6747864E+01  -2.7247865E-05  -1.8470454E+00  -1.1584806E-01   1.8506749E+00
   1.6764830E+01  -2.6916878E-03  -1.6882662E+00  -1.1294634E-01   1.6920421E+00
   1.6781605E+01   5.7780952E-03  -1.5910033E+00  -1.1080564E-01   1.5948676E+00
   1.6798512E+01   4.2215493E-03  -1.3775532E+00  -1.0839287E-01   1.3818176E+00
   1.6815557E+01   4.4151447E-03  -1.0654750E+00  -1.0697322E-01   1.0708406E+00
   1.6832428E+01  -2.5278656E-03  -9.9825388E-01  -1.0552184E-01   1.0038188E+00
   1.6849453E+01  -4.1313642E-03  -7.4973994E-01  -1.0464489E-01   7.5701892E-01
   1.6866308E+01  -6.5224380E-03  -5.3057557E-01  -1.0391066E-01   5.4069436E-01
   1.6882957E+01  -2.2569012E-02   2.9282793E-01  -1.0245816E-01   3.1105503E-01
   1.6900085E+01  -1.6291045E-03   1.5474725E-01  -1.0361026E-01   1.8623762E-01
