  flscon:  version 22.2.0.05  win64 2022 
 FLOW-3D   20:48:56  12/14/2023 ntjb     
   hydr3d   version  22.2.0.16 win64     09/12/2022 HYDRO    
 Simulation Template: Free Surface - TruVOF (Default)                            

Mesh Block   1
 printing p, p       
       1     1002      0.000E+00      1.680E+01
   time              p_1             p_2
   0.0000000E+00   4.2076421E+03   4.1579072E+03
   3.9440678E-03   3.7981404E+03   4.1054233E+03
   1.7082628E-02   4.2730908E+03   4.2212402E+03
   3.2900363E-02   4.3013804E+03   4.2488452E+03
   5.1187448E-02   4.3287964E+03   4.2759736E+03
   6.7223571E-02   4.3583818E+03   4.3044214E+03
   8.2928948E-02   4.3926631E+03   4.3371895E+03
   1.0074759E-01   4.4245000E+03   4.3680581E+03
   1.1829485E-01   4.4456128E+03   4.3881860E+03
   1.3452648E-01   4.4801265E+03   4.4209604E+03
   1.5180665E-01   4.5108145E+03   4.4500059E+03
   1.6893892E-01   4.5400278E+03   4.4774229E+03
   1.8426019E-01   4.5640991E+03   4.5000566E+03
   2.0076287E-01   4.5927939E+03   4.5270669E+03
   2.1766694E-01   4.6177397E+03   4.5502603E+03
   2.3537122E-01   4.6411040E+03   4.5719102E+03
   2.5117812E-01   4.6623018E+03   4.5917593E+03
   2.6879695E-01   4.6827876E+03   4.6107373E+03
   2.8542230E-01   4.7050601E+03   4.6318325E+03
   3.0234534E-01   4.7155088E+03   4.6414409E+03
   3.1863740E-01   4.7291978E+03   4.6548823E+03
   3.3638147E-01   4.7425874E+03   4.6679814E+03
   3.5234332E-01   4.7499043E+03   4.6754873E+03
   3.6905959E-01   4.7566064E+03   4.6827959E+03
   3.8654059E-01   4.7599062E+03   4.6869785E+03
   4.0351364E-01   4.7600142E+03   4.6892515E+03
   4.2040306E-01   4.7596963E+03   4.6902554E+03
   4.3611404E-01   4.7561162E+03   4.6886055E+03
   4.5313978E-01   4.7505981E+03   4.6860366E+03
   4.7113502E-01   4.7384868E+03   4.6781440E+03
   4.8622552E-01   4.7209580E+03   4.6658286E+03
   5.0473154E-01   4.7125532E+03   4.6598452E+03
   5.2114362E-01   4.7014331E+03   4.6517964E+03
   5.3717053E-01   4.6796030E+03   4.6348989E+03
   5.5384386E-01   4.6634126E+03   4.6230444E+03
   5.7184392E-01   4.6372866E+03   4.6019463E+03
   5.8875406E-01   4.6154546E+03   4.5844233E+03
   6.0525876E-01   4.5833174E+03   4.5577241E+03
   6.2147272E-01   4.5638813E+03   4.5419771E+03
   6.3843966E-01   4.5316870E+03   4.5143813E+03
   6.5493602E-01   4.5040005E+03   4.4904766E+03
   6.7161447E-01   4.4794185E+03   4.4684619E+03
   6.8823230E-01   4.4432607E+03   4.4365430E+03
   7.0471287E-01   4.4181978E+03   4.4138286E+03
   7.2288930E-01   4.3817998E+03   4.3801167E+03
   7.3875076E-01   4.3449292E+03   4.3455166E+03
   7.5560319E-01   4.3177432E+03   4.3198867E+03
   7.7338672E-01   4.2847354E+03   4.2877119E+03
   7.8992063E-01   4.2487769E+03   4.2531890E+03
   8.0595613E-01   4.2139961E+03   4.2187925E+03
   8.2304311E-01   4.1886743E+03   4.1933022E+03
   8.4080815E-01   4.1515322E+03   4.1561426E+03
   8.5636014E-01   4.1177783E+03   4.1219097E+03
   8.7387389E-01   4.0964722E+03   4.0995049E+03
   8.9057326E-01   4.0681946E+03   4.0701230E+03
   9.0700781E-01   4.0420769E+03   4.0428594E+03
   9.2416096E-01   4.0212292E+03   4.0204126E+03
   9.4101697E-01   4.0020786E+03   3.9995422E+03
   9.5785564E-01   3.9716775E+03   3.9677681E+03
   9.7490543E-01   3.9567615E+03   3.9505002E+03
   9.9059999E-01   3.9389062E+03   3.9308704E+03
   1.0084555E+00   3.9227559E+03   3.9125647E+03
   1.0249801E+00   3.9055549E+03   3.8930686E+03
   1.0419792E+00   3.8956282E+03   3.8811987E+03
   1.0581133E+00   3.8834482E+03   3.8668447E+03
   1.0756670E+00   3.8736958E+03   3.8547224E+03
   1.0913978E+00   3.8653584E+03   3.8445962E+03
   1.1082217E+00   3.8589089E+03   3.8361741E+03
   1.1262475E+00   3.8523230E+03   3.8273740E+03
   1.1426392E+00   3.8490715E+03   3.8220779E+03
   1.1594392E+00   3.8470691E+03   3.8183596E+03
   1.1760572E+00   3.8458635E+03   3.8156697E+03
   1.1925262E+00   3.8452458E+03   3.8135530E+03
   1.2088711E+00   3.8460881E+03   3.8128557E+03
   1.2265830E+00   3.8478318E+03   3.8135659E+03
   1.2427260E+00   3.8511462E+03   3.8155598E+03
   1.2601755E+00   3.8554773E+03   3.8187942E+03
   1.2765834E+00   3.8603801E+03   3.8228401E+03
   1.2931265E+00   3.8677815E+03   3.8293660E+03
   1.3109291E+00   3.8750798E+03   3.8362036E+03
   1.3276044E+00   3.8828774E+03   3.8434119E+03
   1.3443629E+00   3.8938840E+03   3.8534287E+03
   1.3611913E+00   3.9045540E+03   3.8638147E+03
   1.3770330E+00   3.9164072E+03   3.8748992E+03
   1.3938122E+00   3.9276104E+03   3.8859915E+03
   1.4108990E+00   3.9407764E+03   3.8987695E+03
   1.4279591E+00   3.9581733E+03   3.9154072E+03
   1.4449954E+00   3.9704883E+03   3.9278792E+03
   1.4620104E+00   3.9894729E+03   3.9460916E+03
   1.4790063E+00   4.0064531E+03   3.9628162E+03
   1.4958971E+00   4.0203813E+03   3.9769531E+03
   1.5122150E+00   4.0429875E+03   3.9984089E+03
   1.5291667E+00   4.0618403E+03   4.0169792E+03
   1.5461069E+00   4.0818342E+03   4.0365579E+03
   1.5626754E+00   4.1074194E+03   4.0613181E+03
   1.5793923E+00   4.1251699E+03   4.0789832E+03
   1.5961980E+00   4.1524487E+03   4.1042642E+03
   1.6131355E+00   4.1767524E+03   4.1271470E+03
   1.6296214E+00   4.1993970E+03   4.1491899E+03
   1.6465294E+00   4.2221172E+03   4.1707285E+03
   1.6634395E+00   4.2534390E+03   4.1998892E+03
   1.6803477E+00   4.2762271E+03   4.2214565E+03
   1.6972396E+00   4.3036968E+03   4.2471260E+03
   1.7141211E+00   4.3238340E+03   4.2655928E+03
   1.7309976E+00   4.3552695E+03   4.2945366E+03
   1.7478738E+00   4.3823892E+03   4.3192461E+03
   1.7633445E+00   4.4066123E+03   4.3415049E+03
   1.7801600E+00   4.4282051E+03   4.3606719E+03
   1.7976650E+00   4.4573706E+03   4.3871714E+03
   1.8150063E+00   4.4806387E+03   4.4079741E+03
   1.8320053E+00   4.5061655E+03   4.4310215E+03
   1.8479320E+00   4.5329668E+03   4.4551943E+03
   1.8640381E+00   4.5471484E+03   4.4676367E+03
   1.8813938E+00   4.5758052E+03   4.4933237E+03
   1.8982620E+00   4.5969409E+03   4.5124248E+03
   1.9154358E+00   4.6163140E+03   4.5295981E+03
   1.9320824E+00   4.6327725E+03   4.5441475E+03
   1.9486381E+00   4.6492817E+03   4.5589683E+03
   1.9651153E+00   4.6626572E+03   4.5709507E+03
   1.9825130E+00   4.6759741E+03   4.5828628E+03
   1.9995106E+00   4.6865161E+03   4.5926196E+03
   2.0163591E+00   4.6936460E+03   4.5990649E+03
   2.0332744E+00   4.6987383E+03   4.6039409E+03
   2.0492115E+00   4.7030488E+03   4.6086216E+03
   2.0660055E+00   4.7023755E+03   4.6079067E+03
   2.0836720E+00   4.7002432E+03   4.6073696E+03
   2.0997450E+00   4.6966855E+03   4.6051274E+03
   2.1162789E+00   4.6875103E+03   4.5978945E+03
   2.1334705E+00   4.6757192E+03   4.5883716E+03
   2.1506517E+00   4.6606260E+03   4.5765396E+03
   2.1674433E+00   4.6452769E+03   4.5643975E+03
   2.1838157E+00   4.6296670E+03   4.5515283E+03
   2.2007544E+00   4.6092637E+03   4.5351406E+03
   2.2177942E+00   4.5799922E+03   4.5110908E+03
   2.2344871E+00   4.5566826E+03   4.4920786E+03
   2.2509172E+00   4.5295449E+03   4.4689746E+03
   2.2675271E+00   4.5004185E+03   4.4447827E+03
   2.2848158E+00   4.4632554E+03   4.4123315E+03
   2.3017318E+00   4.4319443E+03   4.3859756E+03
   2.3182726E+00   4.4013516E+03   4.3594590E+03
   2.3347125E+00   4.3653691E+03   4.3275161E+03
   2.3518281E+00   4.3245498E+03   4.2915210E+03
   2.3690343E+00   4.2865498E+03   4.2571782E+03
   2.3856649E+00   4.2449663E+03   4.2197461E+03
   2.4026229E+00   4.2143970E+03   4.1915845E+03
   2.4188657E+00   4.1716152E+03   4.1521948E+03
   2.4356222E+00   4.1274932E+03   4.1108877E+03
   2.4527578E+00   4.0914128E+03   4.0767136E+03
   2.4693401E+00   4.0461711E+03   4.0337625E+03
   2.4871244E+00   4.0205884E+03   4.0093750E+03
   2.5026550E+00   3.9780317E+03   3.9683413E+03
   2.5203321E+00   3.9475532E+03   3.9384692E+03
   2.5369008E+00   3.9084451E+03   3.8996694E+03
   2.5537710E+00   3.8790762E+03   3.8698450E+03
   2.5707922E+00   3.8367878E+03   3.8290522E+03
   2.5877287E+00   3.8020691E+03   3.7946731E+03
   2.6045170E+00   3.7767922E+03   3.7684941E+03
   2.6206102E+00   3.7502061E+03   3.7418208E+03
   2.6375175E+00   3.7195859E+03   3.7105532E+03
   2.6542351E+00   3.6956541E+03   3.6863711E+03
   2.6712704E+00   3.6651489E+03   3.6552568E+03
   2.6883101E+00   3.6447449E+03   3.6339285E+03
   2.7049022E+00   3.6222427E+03   3.6102998E+03
   2.7220395E+00   3.6063564E+03   3.5938823E+03
   2.7385082E+00   3.5851113E+03   3.5717576E+03
   2.7556915E+00   3.5679734E+03   3.5534812E+03
   2.7716987E+00   3.5540933E+03   3.5385791E+03
   2.7893441E+00   3.5390559E+03   3.5225330E+03
   2.8062136E+00   3.5299551E+03   3.5124182E+03
   2.8228722E+00   3.5169802E+03   3.4984331E+03
   2.8392291E+00   3.5102048E+03   3.4907424E+03
   2.8556945E+00   3.5012974E+03   3.4808889E+03
   2.8726032E+00   3.4943962E+03   3.4727754E+03
   2.8901677E+00   3.4908401E+03   3.4682324E+03
   2.9061065E+00   3.4871987E+03   3.4636733E+03
   2.9230175E+00   3.4842053E+03   3.4598118E+03
   2.9397576E+00   3.4843967E+03   3.4592947E+03
   2.9563859E+00   3.4815518E+03   3.4545903E+03
   2.9741206E+00   3.4842529E+03   3.4564529E+03
   2.9906230E+00   3.4883987E+03   3.4594148E+03
   3.0070934E+00   3.4892654E+03   3.4598354E+03
   3.0235419E+00   3.4950667E+03   3.4639077E+03
   3.0411489E+00   3.5037000E+03   3.4711221E+03
   3.0575714E+00   3.5102478E+03   3.4767112E+03
   3.0739865E+00   3.5188572E+03   3.4841875E+03
   3.0915685E+00   3.5266013E+03   3.4910281E+03
   3.1079743E+00   3.5372415E+03   3.5003865E+03
   3.1243775E+00   3.5593640E+03   3.5195522E+03
   3.1419446E+00   3.5695549E+03   3.5286345E+03
   3.1583440E+00   3.5835737E+03   3.5412024E+03
   3.1747413E+00   3.5988088E+03   3.5548645E+03
   3.1923051E+00   3.6274763E+03   3.5802593E+03
   3.2086906E+00   3.6474360E+03   3.5977766E+03
   3.2250659E+00   3.6653164E+03   3.6139500E+03
   3.2425969E+00   3.6968999E+03   3.6415679E+03
   3.2589433E+00   3.7143079E+03   3.6565654E+03
   3.2764387E+00   3.7405139E+03   3.6795933E+03
   3.2927492E+00   3.7688752E+03   3.7041953E+03
   3.3090417E+00   3.7754724E+03   3.7088271E+03
   3.3264780E+00   3.8279863E+03   3.7550005E+03
   3.3427336E+00   3.8581660E+03   3.7803596E+03
   3.3601315E+00   3.8940259E+03   3.8107798E+03
   3.3772182E+00   3.9274895E+03   3.8389321E+03
   3.3941395E+00   3.9640908E+03   3.8693032E+03
   3.4109864E+00   3.9911047E+03   3.8908896E+03
   3.4277658E+00   4.0345728E+03   3.9273469E+03
   3.4444840E+00   4.0694102E+03   3.9555964E+03
   3.4605103E+00   4.0994272E+03   3.9792612E+03
   3.4771740E+00   4.1327734E+03   4.0058755E+03
   3.4948540E+00   4.1684692E+03   4.0342229E+03
   3.5108502E+00   4.2000278E+03   4.0592927E+03
   3.5280075E+00   4.2307407E+03   4.0831763E+03
   3.5444157E+00   4.2581582E+03   4.1043770E+03
   3.5618410E+00   4.2891958E+03   4.1286567E+03
   3.5783679E+00   4.3099390E+03   4.1443579E+03
   3.5945225E+00   4.3311470E+03   4.1610654E+03
   3.6119866E+00   4.3590010E+03   4.1844214E+03
   3.6293120E+00   4.3695112E+03   4.1915078E+03
   3.6456528E+00   4.3982358E+03   4.2166553E+03
   3.6621904E+00   4.3922725E+03   4.2093159E+03
   3.6790242E+00   4.4035728E+03   4.2211636E+03
   3.6952562E+00   4.4017231E+03   4.2196768E+03
   3.7123721E+00   4.4040908E+03   4.2221367E+03
   3.7302856E+00   4.3950195E+03   4.2172803E+03
   3.7471118E+00   4.3894238E+03   4.2155093E+03
   3.7631938E+00   4.3820498E+03   4.2106514E+03
   3.7794976E+00   4.3625474E+03   4.1982671E+03
   3.7973394E+00   4.3522310E+03   4.1926768E+03
   3.8134253E+00   4.3216538E+03   4.1707500E+03
   3.8305902E+00   4.2974854E+03   4.1537993E+03
   3.8474941E+00   4.2720312E+03   4.1356147E+03
   3.8640907E+00   4.2388408E+03   4.1106128E+03
   3.8809471E+00   4.2136558E+03   4.0933127E+03
   3.8974724E+00   4.1824277E+03   4.0691157E+03
   3.9139011E+00   4.1606396E+03   4.0540042E+03
   3.9313793E+00   4.1114277E+03   4.0144377E+03
   3.9475861E+00   4.0254893E+03   3.9430811E+03
   3.9650502E+00   4.0157922E+03   3.9356965E+03
   3.9817095E+00   4.0042322E+03   3.9275972E+03
   3.9981658E+00   3.9546101E+03   3.8861731E+03
   4.0150123E+00   3.9088501E+03   3.8471196E+03
   4.0322275E+00   3.8778376E+03   3.8206016E+03
   4.0483227E+00   3.8362949E+03   3.7835637E+03
   4.0649066E+00   3.8051162E+03   3.7568008E+03
   4.0825958E+00   3.7725674E+03   3.7280830E+03
   4.0987744E+00   3.7367712E+03   3.6958877E+03
   4.1155128E+00   3.7045142E+03   3.6665503E+03
   4.1322479E+00   3.6726868E+03   3.6376277E+03
   4.1501803E+00   3.6409177E+03   3.6084404E+03
   4.1657338E+00   3.6185105E+03   3.5879690E+03
   4.1835556E+00   3.5904631E+03   3.5621108E+03
   4.1990814E+00   3.5681211E+03   3.5410789E+03
   4.2174973E+00   3.5362239E+03   3.5111289E+03
   4.2340670E+00   3.5190891E+03   3.4949121E+03
   4.2505946E+00   3.4976274E+03   3.4747947E+03
   4.2671456E+00   3.4787812E+03   3.4567800E+03
   4.2833176E+00   3.4622039E+03   3.4410867E+03
   4.3008952E+00   3.4411611E+03   3.4209526E+03
   4.3180652E+00   3.4282952E+03   3.4088098E+03
   4.3338156E+00   3.4163445E+03   3.3975374E+03
   4.3514528E+00   3.4010107E+03   3.3827498E+03
   4.3677173E+00   3.3914697E+03   3.3736465E+03
   4.3856573E+00   3.3804912E+03   3.3630977E+03
   4.4008241E+00   3.3725867E+03   3.3555464E+03
   4.4183607E+00   3.3664939E+03   3.3497305E+03
   4.4354815E+00   3.3595305E+03   3.3429116E+03
   4.4520154E+00   3.3551836E+03   3.3386018E+03
   4.4684668E+00   3.3508643E+03   3.3340854E+03
   4.4849157E+00   3.3500181E+03   3.3334604E+03
   4.5018916E+00   3.3479253E+03   3.3310767E+03
   4.5186381E+00   3.3491248E+03   3.3319077E+03
   4.5354152E+00   3.3504258E+03   3.3328782E+03
   4.5524035E+00   3.3519409E+03   3.3341099E+03
   4.5698447E+00   3.3556116E+03   3.3370886E+03
   4.5868897E+00   3.3603789E+03   3.3411831E+03
   4.6040764E+00   3.3677710E+03   3.3476323E+03
   4.6187696E+00   3.3716719E+03   3.3511602E+03
   4.6354990E+00   3.3791189E+03   3.3577178E+03
   4.6530333E+00   3.3901362E+03   3.3673750E+03
   4.6702466E+00   3.4021177E+03   3.3780437E+03
   4.6880469E+00   3.4171262E+03   3.3913777E+03
   4.7047086E+00   3.4290452E+03   3.4021562E+03
   4.7198853E+00   3.4424832E+03   3.4139976E+03
   4.7380753E+00   3.4572834E+03   3.4273362E+03
   4.7540979E+00   3.4769446E+03   3.4449678E+03
   4.7716637E+00   3.4984419E+03   3.4640146E+03
   4.7870688E+00   3.5122498E+03   3.4763765E+03
   4.8049197E+00   3.5382607E+03   3.4995959E+03
   4.8219061E+00   3.5601934E+03   3.5191172E+03
   4.8382592E+00   3.5817358E+03   3.5384749E+03
   4.8559599E+00   3.6088040E+03   3.5625520E+03
   4.8721056E+00   3.6332012E+03   3.5841294E+03
   4.8885732E+00   3.6622493E+03   3.6098906E+03
   4.9055014E+00   3.6949265E+03   3.6384685E+03
   4.9230032E+00   3.7265615E+03   3.6661008E+03
   4.9387765E+00   3.7530662E+03   3.6896025E+03
   4.9565649E+00   3.7899341E+03   3.7214919E+03
   4.9728727E+00   3.8249788E+03   3.7516814E+03
   4.9901109E+00   3.8558655E+03   3.7777764E+03
   5.0058208E+00   3.8816614E+03   3.7994558E+03
   5.0226178E+00   3.9272803E+03   3.8389104E+03
   5.0398755E+00   3.9623904E+03   3.8683088E+03
   5.0573745E+00   3.9937009E+03   3.8941348E+03
   5.0727973E+00   4.0257405E+03   3.9205178E+03
   5.0907726E+00   4.0674958E+03   3.9547903E+03
   5.1077223E+00   4.1074502E+03   3.9881772E+03
   5.1238074E+00   4.1365142E+03   4.0113101E+03
   5.1403913E+00   4.1707720E+03   4.0395657E+03
   5.1577468E+00   4.2047905E+03   4.0670361E+03
   5.1747427E+00   4.2339160E+03   4.0901855E+03
   5.1916771E+00   4.2651689E+03   4.1157583E+03
   5.2076731E+00   4.2882456E+03   4.1344233E+03
   5.2247334E+00   4.3113281E+03   4.1526543E+03
   5.2418776E+00   4.3359531E+03   4.1740972E+03
   5.2582493E+00   4.3508774E+03   4.1861372E+03
   5.2749462E+00   4.3637622E+03   4.1962778E+03
   5.2917047E+00   4.3759468E+03   4.2080444E+03
   5.3086300E+00   4.3855122E+03   4.2176187E+03
   5.3254619E+00   4.3935762E+03   4.2259102E+03
   5.3422594E+00   4.3911040E+03   4.2263003E+03
   5.3589711E+00   4.3890981E+03   4.2268306E+03
   5.3754144E+00   4.3819033E+03   4.2245576E+03
   5.3926010E+00   4.3714277E+03   4.2185581E+03
   5.4091673E+00   4.3635850E+03   4.2148843E+03
   5.4263396E+00   4.3455474E+03   4.2036182E+03
   5.4432573E+00   4.3208467E+03   4.1865967E+03
   5.4599099E+00   4.3011782E+03   4.1735156E+03
   5.4768591E+00   4.2720391E+03   4.1520093E+03
   5.4935951E+00   4.2455659E+03   4.1331152E+03
   5.5099087E+00   4.2125020E+03   4.1082148E+03
   5.5275698E+00   4.1770068E+03   4.0805151E+03
   5.5436592E+00   4.1445679E+03   4.0552324E+03
   5.5605469E+00   4.1049824E+03   4.0240068E+03
   5.5777364E+00   4.0685959E+03   3.9943020E+03
   5.5949831E+00   4.0355508E+03   3.9678154E+03
   5.6112461E+00   3.9951370E+03   3.9342688E+03
   5.6277132E+00   3.9614216E+03   3.9052942E+03
   5.6448178E+00   3.9124639E+03   3.8632224E+03
   5.6616731E+00   3.8750330E+03   3.8296306E+03
   5.6787825E+00   3.8481660E+03   3.8070752E+03
   5.6954675E+00   3.8152346E+03   3.7779485E+03
   5.7115097E+00   3.7821418E+03   3.7481724E+03
   5.7293377E+00   3.7474873E+03   3.7169692E+03
   5.7461357E+00   3.7142820E+03   3.6863279E+03
   5.7622213E+00   3.6907651E+03   3.6648164E+03
   5.7786069E+00   3.6624861E+03   3.6390332E+03
   5.7956505E+00   3.6350234E+03   3.6133525E+03
   5.8127265E+00   3.6059626E+03   3.5858640E+03
   5.8288026E+00   3.5754155E+03   3.5568240E+03
   5.8458195E+00   3.5639492E+03   3.5461350E+03
   5.8629785E+00   3.5391394E+03   3.5226042E+03
   5.8796177E+00   3.5205305E+03   3.5046943E+03
   5.8969717E+00   3.4979224E+03   3.4827866E+03
   5.9140587E+00   3.4771021E+03   3.4626816E+03
   5.9298110E+00   3.4653301E+03   3.4513125E+03
   5.9476128E+00   3.4463162E+03   3.4327664E+03
   5.9643550E+00   3.4348120E+03   3.4216184E+03
   5.9815574E+00   3.4220618E+03   3.4091360E+03
   5.9977903E+00   3.4109307E+03   3.3982532E+03
   6.0151920E+00   3.3990020E+03   3.3864062E+03
   6.0315595E+00   3.3909634E+03   3.3785620E+03
   6.0488396E+00   3.3821440E+03   3.3698086E+03
   6.0654588E+00   3.3732092E+03   3.3607083E+03
   6.0817189E+00   3.3666338E+03   3.3540571E+03
   6.0980964E+00   3.3613057E+03   3.3486343E+03
   6.1156082E+00   3.3573066E+03   3.3444182E+03
   6.1321774E+00   3.3523403E+03   3.3391704E+03
   6.1491652E+00   3.3496843E+03   3.3361611E+03
   6.1658916E+00   3.3485566E+03   3.3349028E+03
   6.1823392E+00   3.3449883E+03   3.3307180E+03
   6.2001553E+00   3.3449788E+03   3.3301367E+03
   6.2160649E+00   3.3441580E+03   3.3288572E+03
   6.2334690E+00   3.3448015E+03   3.3289417E+03
   6.2490211E+00   3.3457578E+03   3.3293108E+03
   6.2665381E+00   3.3477756E+03   3.3306958E+03
   6.2833447E+00   3.3501716E+03   3.3322903E+03
   6.3003368E+00   3.3543191E+03   3.3352925E+03
   6.3163729E+00   3.3626411E+03   3.3420537E+03
   6.3335867E+00   3.3590344E+03   3.3388315E+03
   6.3500600E+00   3.3815000E+03   3.3580371E+03
   6.3677058E+00   3.3685430E+03   3.3467573E+03
   6.3834386E+00   3.3787659E+03   3.3549429E+03
   6.4002032E+00   3.3855730E+03   3.3607295E+03
   6.4170313E+00   3.3899990E+03   3.3648594E+03
   6.4343076E+00   3.3980100E+03   3.3715977E+03
   6.4515023E+00   3.4016470E+03   3.3744700E+03
   6.4686799E+00   3.4184177E+03   3.3893408E+03
   6.4849677E+00   3.4223438E+03   3.3927908E+03
   6.5024042E+00   3.4346174E+03   3.4037017E+03
   6.5175695E+00   3.4439270E+03   3.4118643E+03
   6.5346270E+00   3.4596414E+03   3.4258787E+03
   6.5516429E+00   3.4673999E+03   3.4328870E+03
   6.5686102E+00   3.4774392E+03   3.4420190E+03
   6.5855455E+00   3.4932090E+03   3.4563242E+03
   6.6024623E+00   3.5102539E+03   3.4716453E+03
   6.6190190E+00   3.5203455E+03   3.4811602E+03
   6.6357708E+00   3.5359973E+03   3.4954399E+03
   6.6527057E+00   3.5551431E+03   3.5125205E+03
   6.6696467E+00   3.5720300E+03   3.5279360E+03
   6.6864419E+00   3.5866924E+03   3.5413745E+03
   6.7032785E+00   3.6040818E+03   3.5570989E+03
   6.7203965E+00   3.6257563E+03   3.5768228E+03
   6.7375908E+00   3.6504065E+03   3.5989937E+03
   6.7529492E+00   3.6662930E+03   3.6132910E+03
   6.7703233E+00   3.6903225E+03   3.6347170E+03
   6.7878475E+00   3.7099238E+03   3.6522183E+03
   6.8037496E+00   3.7327129E+03   3.6725200E+03
   6.8199902E+00   3.7569285E+03   3.6942188E+03
   6.8382163E+00   3.7831108E+03   3.7169138E+03
   6.8538327E+00   3.8041506E+03   3.7356267E+03
   6.8708382E+00   3.8254258E+03   3.7541284E+03
   6.8874245E+00   3.8411638E+03   3.7674089E+03
   6.9044337E+00   3.8735911E+03   3.7963281E+03
   6.9214063E+00   3.8915002E+03   3.8111221E+03
   6.9388652E+00   3.9163186E+03   3.8326997E+03
   6.9555616E+00   3.9436909E+03   3.8566580E+03
   6.9721603E+00   3.9572874E+03   3.8677466E+03
   6.9889355E+00   3.9768125E+03   3.8848726E+03
   7.0049353E+00   3.9888877E+03   3.8944761E+03
   7.0223136E+00   4.0035833E+03   3.9071252E+03
   7.0393987E+00   4.0268647E+03   3.9286453E+03
   7.0559540E+00   4.0307039E+03   3.9308591E+03
   7.0722280E+00   4.0414397E+03   3.9408857E+03
   7.0901098E+00   4.0503555E+03   3.9496948E+03
   7.1066403E+00   4.0560671E+03   3.9580671E+03
   7.1234636E+00   4.0566602E+03   3.9571958E+03
   7.1398363E+00   4.0521367E+03   3.9542354E+03
   7.1570601E+00   4.0512771E+03   3.9550034E+03
   7.1730642E+00   4.0428169E+03   3.9492339E+03
   7.1903739E+00   4.0346416E+03   3.9440193E+03
   7.2067838E+00   4.0247842E+03   3.9372290E+03
   7.2240996E+00   4.0084888E+03   3.9246772E+03
   7.2409987E+00   3.9917173E+03   3.9133923E+03
   7.2572398E+00   3.9771897E+03   3.9026160E+03
   7.2745957E+00   3.9533738E+03   3.8845532E+03
   7.2912397E+00   3.9284207E+03   3.8649688E+03
   7.3078465E+00   3.9099785E+03   3.8506707E+03
   7.3243103E+00   3.8912158E+03   3.8362163E+03
   7.3419538E+00   3.8590198E+03   3.8098625E+03
   7.3581314E+00   3.8299365E+03   3.7863235E+03
   7.3753991E+00   3.7931987E+03   3.7556050E+03
   7.3917289E+00   3.7669402E+03   3.7343721E+03
   7.4091239E+00   3.7364294E+03   3.7076785E+03
   7.4251766E+00   3.7126548E+03   3.6870046E+03
   7.4419613E+00   3.6800923E+03   3.6588870E+03
   7.4589787E+00   3.6485408E+03   3.6308320E+03
   7.4757390E+00   3.6230911E+03   3.6082163E+03
   7.4922624E+00   3.5969490E+03   3.5844277E+03
   7.5091658E+00   3.5622183E+03   3.5523816E+03
   7.5269346E+00   3.5325967E+03   3.5247207E+03
   7.5439467E+00   3.5085972E+03   3.5023845E+03
   7.5606122E+00   3.4767317E+03   3.4721426E+03
   7.5773287E+00   3.4576675E+03   3.4539382E+03
   7.5941081E+00   3.4264502E+03   3.4242073E+03
   7.6106825E+00   3.3991504E+03   3.3972141E+03
   7.6276627E+00   3.3804709E+03   3.3788250E+03
   7.6437907E+00   3.3529368E+03   3.3516914E+03
   7.6608739E+00   3.3329346E+03   3.3314475E+03
   7.6774206E+00   3.3074214E+03   3.3060422E+03
   7.6944413E+00   3.2957473E+03   3.2937551E+03
   7.7118902E+00   3.2730945E+03   3.2705776E+03
   7.7276320E+00   3.2522185E+03   3.2491604E+03
   7.7443237E+00   3.2348901E+03   3.2313203E+03
   7.7613583E+00   3.2246765E+03   3.2201118E+03
   7.7787519E+00   3.2044070E+03   3.1990745E+03
   7.7955041E+00   3.1927468E+03   3.1861274E+03
   7.8121362E+00   3.1805491E+03   3.1727847E+03
   7.8287697E+00   3.1686755E+03   3.1598306E+03
   7.8455758E+00   3.1596472E+03   3.1493889E+03
   7.8622937E+00   3.1476750E+03   3.1360828E+03
   7.8788013E+00   3.1389160E+03   3.1259590E+03
   7.8952985E+00   3.1301313E+03   3.1157415E+03
   7.9127116E+00   3.1230630E+03   3.1071594E+03
   7.9296455E+00   3.1142859E+03   3.0969004E+03
   7.9462967E+00   3.1091350E+03   3.0903586E+03
   7.9627872E+00   3.1014114E+03   3.0811868E+03
   7.9805641E+00   3.0950806E+03   3.0733728E+03
   7.9969506E+00   3.0913696E+03   3.0684587E+03
   8.0140018E+00   3.0854761E+03   3.0612051E+03
   8.0304375E+00   3.0821809E+03   3.0567319E+03
   8.0469494E+00   3.0784714E+03   3.0519336E+03
   8.0635538E+00   3.0753484E+03   3.0476755E+03
   8.0802679E+00   3.0727820E+03   3.0442207E+03
   8.0971832E+00   3.0700564E+03   3.0406077E+03
   8.1141682E+00   3.0680691E+03   3.0378245E+03
   8.1310978E+00   3.0666697E+03   3.0357000E+03
   8.1479731E+00   3.0655718E+03   3.0338772E+03
   8.1647959E+00   3.0649473E+03   3.0324219E+03
   8.1815224E+00   3.0647620E+03   3.0317729E+03
   8.1978712E+00   3.0661248E+03   3.0319600E+03
   8.2152596E+00   3.0660522E+03   3.0316414E+03
   8.2324419E+00   3.0678884E+03   3.0332742E+03
   8.2494164E+00   3.0707864E+03   3.0355452E+03
   8.2661018E+00   3.0759661E+03   3.0398662E+03
   8.2824287E+00   3.0793567E+03   3.0427102E+03
   8.2989607E+00   3.0832478E+03   3.0462466E+03
   8.3158207E+00   3.0897195E+03   3.0519729E+03
   8.3327751E+00   3.0937437E+03   3.0560247E+03
   8.3499699E+00   3.1034834E+03   3.0649275E+03
   8.3658705E+00   3.1095688E+03   3.0703054E+03
   8.3833208E+00   3.1186274E+03   3.0791604E+03
   8.3997374E+00   3.1311748E+03   3.0912278E+03
   8.4171705E+00   3.1426924E+03   3.1027966E+03
   8.4336653E+00   3.1561584E+03   3.1149915E+03
   8.4501944E+00   3.1682849E+03   3.1270449E+03
   8.4669447E+00   3.1839011E+03   3.1415278E+03
   8.4843349E+00   3.2055208E+03   3.1618857E+03
   8.5010138E+00   3.2281133E+03   3.1825752E+03
   8.5171185E+00   3.2493347E+03   3.2021274E+03
   8.5339022E+00   3.2708503E+03   3.2225559E+03
   8.5511961E+00   3.2922000E+03   3.2427610E+03
   8.5684757E+00   3.3239036E+03   3.2720605E+03
   8.5844107E+00   3.3518159E+03   3.2974937E+03
   8.6018467E+00   3.3827424E+03   3.3260581E+03
   8.6177425E+00   3.4133491E+03   3.3541990E+03
   8.6349449E+00   3.4396194E+03   3.3780374E+03
   8.6521254E+00   3.4877761E+03   3.4220161E+03
   8.6692858E+00   3.5149663E+03   3.4468433E+03
   8.6851072E+00   3.5471931E+03   3.4750833E+03
   8.7022276E+00   3.5863823E+03   3.5114717E+03
   8.7193279E+00   3.6343247E+03   3.5540679E+03
   8.7358503E+00   3.6625339E+03   3.5788477E+03
   8.7528620E+00   3.7106829E+03   3.6228828E+03
   8.7693682E+00   3.7374990E+03   3.6459546E+03
   8.7864218E+00   3.7775374E+03   3.6818679E+03
   8.8031235E+00   3.8090066E+03   3.7102158E+03
   8.8197317E+00   3.8366018E+03   3.7347615E+03
   8.8371258E+00   3.8682139E+03   3.7631636E+03
   8.8538876E+00   3.8957788E+03   3.7882036E+03
   8.8706846E+00   3.9119719E+03   3.8025190E+03
   8.8871393E+00   3.9318108E+03   3.8217852E+03
   8.9041157E+00   3.9432715E+03   3.8332395E+03
   8.9210815E+00   3.9499885E+03   3.8412668E+03
   8.9375639E+00   3.9542368E+03   3.8467361E+03
   8.9542961E+00   3.9528931E+03   3.8494270E+03
   8.9713907E+00   3.9478884E+03   3.8476626E+03
   8.9883518E+00   3.9378154E+03   3.8437104E+03
   9.0051680E+00   3.9227415E+03   3.8334258E+03
   9.0220432E+00   3.9087834E+03   3.8255811E+03
   9.0383291E+00   3.8884155E+03   3.8108572E+03
   9.0552216E+00   3.8625396E+03   3.7932646E+03
   9.0722742E+00   3.8395334E+03   3.7782878E+03
   9.0889091E+00   3.8089807E+03   3.7553608E+03
   9.1057062E+00   3.7785347E+03   3.7330061E+03
   9.1224575E+00   3.7550225E+03   3.7157798E+03
   9.1390839E+00   3.7111802E+03   3.6803735E+03
   9.1561451E+00   3.6687832E+03   3.6451182E+03
   9.1733789E+00   3.6468291E+03   3.6293218E+03
   9.1895075E+00   3.6029419E+03   3.5904426E+03
   9.2062950E+00   3.5657356E+03   3.5578953E+03
   9.2231245E+00   3.5313643E+03   3.5265928E+03
   9.2402487E+00   3.4887502E+03   3.4880508E+03
   9.2561836E+00   3.4576199E+03   3.4593699E+03
   9.2740259E+00   3.4214307E+03   3.4251379E+03
   9.2902317E+00   3.3733538E+03   3.3789214E+03
   9.3068190E+00   3.3439482E+03   3.3493401E+03
   9.3239279E+00   3.3094294E+03   3.3147107E+03
   9.3404293E+00   3.2806182E+03   3.2851882E+03
   9.3574505E+00   3.2532454E+03   3.2574939E+03
   9.3738794E+00   3.2288708E+03   3.2323088E+03
   9.3910637E+00   3.2018472E+03   3.2038987E+03
   9.4077139E+00   3.1720474E+03   3.1728511E+03
   9.4242783E+00   3.1442261E+03   3.1439507E+03
   9.4419260E+00   3.1199290E+03   3.1179097E+03
   9.4587088E+00   3.1021804E+03   3.0986050E+03
   9.4752741E+00   3.0841646E+03   3.0787100E+03
   9.4918327E+00   3.0622361E+03   3.0553604E+03
   9.5082159E+00   3.0485676E+03   3.0401963E+03
   9.5254412E+00   3.0321055E+03   3.0223140E+03
   9.5424261E+00   3.0191362E+03   3.0077981E+03
   9.5587425E+00   3.0127295E+03   2.9995857E+03
   9.5760498E+00   3.0014663E+03   2.9862354E+03
   9.5926332E+00   2.9905603E+03   2.9744512E+03
   9.6097145E+00   2.9825151E+03   2.9643616E+03
   9.6262283E+00   2.9770620E+03   2.9574500E+03
   9.6427383E+00   2.9711384E+03   2.9502070E+03
   9.6605139E+00   2.9673955E+03   2.9450464E+03
   9.6770163E+00   2.9629363E+03   2.9391716E+03
   9.6935148E+00   2.9604312E+03   2.9355117E+03
   9.7100105E+00   2.9578591E+03   2.9318137E+03
   9.7277699E+00   2.9567883E+03   2.9300100E+03
   9.7442579E+00   2.9555232E+03   2.9274519E+03
   9.7607412E+00   2.9554067E+03   2.9263555E+03
   9.7772217E+00   2.9566497E+03   2.9266267E+03
   9.7949657E+00   2.9570618E+03   2.9265713E+03
   9.8114386E+00   2.9578911E+03   2.9266299E+03
   9.8279085E+00   2.9600427E+03   2.9281926E+03
   9.8443747E+00   2.9623325E+03   2.9299272E+03
   9.8621035E+00   2.9655681E+03   2.9326772E+03
   9.8782825E+00   2.9701479E+03   2.9365774E+03
   9.8947382E+00   2.9769563E+03   2.9425469E+03
   9.9121876E+00   2.9770610E+03   2.9434055E+03
   9.9293184E+00   2.9909846E+03   2.9552097E+03
   9.9455214E+00   2.9880894E+03   2.9535417E+03
   9.9622307E+00   2.9928762E+03   2.9587139E+03
   9.9790421E+00   3.0076770E+03   2.9721611E+03
   9.9965067E+00   3.0141782E+03   2.9786660E+03
   1.0013173E+01   3.0222590E+03   2.9863674E+03
   1.0029929E+01   3.0251846E+03   2.9899087E+03
   1.0046434E+01   3.0421819E+03   3.0065244E+03
   1.0062972E+01   3.0335515E+03   3.0004258E+03
   1.0080131E+01   3.0742095E+03   3.0358704E+03
   1.0096636E+01   3.0994426E+03   3.0594797E+03
   1.0113587E+01   3.0966045E+03   3.0578035E+03
   1.0130427E+01   3.1335181E+03   3.0915046E+03
   1.0147139E+01   3.1545381E+03   3.1108137E+03
   1.0163731E+01   3.1621157E+03   3.1182515E+03
   1.0180522E+01   3.2077534E+03   3.1615298E+03
   1.0197785E+01   3.2285979E+03   3.1805330E+03
   1.0214724E+01   3.2493328E+03   3.1985979E+03
   1.0231125E+01   3.2682588E+03   3.2177979E+03
   1.0248340E+01   3.3140261E+03   3.2593721E+03
   1.0264724E+01   3.3586528E+03   3.2994729E+03
   1.0281113E+01   3.4032512E+03   3.3398972E+03
   1.0298759E+01   3.4292905E+03   3.3630281E+03
   1.0315062E+01   3.4628472E+03   3.3933591E+03
   1.0331443E+01   3.5157671E+03   3.4414036E+03
   1.0349081E+01   3.5561777E+03   3.4777625E+03
   1.0365458E+01   3.5858064E+03   3.5039944E+03
   1.0381831E+01   3.6281426E+03   3.5411760E+03
   1.0399162E+01   3.6691003E+03   3.5778613E+03
   1.0416439E+01   3.7083335E+03   3.6129612E+03
   1.0432842E+01   3.7480911E+03   3.6479590E+03
   1.0449515E+01   3.7859734E+03   3.6815474E+03
   1.0466603E+01   3.8217305E+03   3.7133269E+03
   1.0483145E+01   3.8479861E+03   3.7371802E+03
   1.0499788E+01   3.8757415E+03   3.7620767E+03
   1.0516749E+01   3.8988943E+03   3.7835645E+03
   1.0533650E+01   3.9193901E+03   3.8030088E+03
   1.0550456E+01   3.9325710E+03   3.8163511E+03
   1.0566837E+01   3.9419595E+03   3.8267761E+03
   1.0584177E+01   3.9458691E+03   3.8332058E+03
   1.0600781E+01   3.9402063E+03   3.8316077E+03
   1.0617755E+01   3.9339578E+03   3.8299897E+03
   1.0634527E+01   3.9302903E+03   3.8311709E+03
   1.0651247E+01   3.8979851E+03   3.8068599E+03
   1.0667824E+01   3.8863604E+03   3.8009167E+03
   1.0684843E+01   3.8622761E+03   3.7847170E+03
   1.0701493E+01   3.8515649E+03   3.7810823E+03
   1.0718198E+01   3.8076387E+03   3.7470156E+03
   1.0735317E+01   3.7751804E+03   3.7226064E+03
   1.0751852E+01   3.7457712E+03   3.7016118E+03
   1.0768681E+01   3.7099041E+03   3.6728652E+03
   1.0785219E+01   3.6747803E+03   3.6448958E+03
   1.0802328E+01   3.6307402E+03   3.6091160E+03
   1.0818910E+01   3.5977458E+03   3.5801218E+03
   1.0835699E+01   3.5641538E+03   3.5513953E+03
   1.0852773E+01   3.5254885E+03   3.5168347E+03
   1.0869242E+01   3.4868464E+03   3.4813149E+03
   1.0886250E+01   3.4473499E+03   3.4450364E+03
   1.0903580E+01   3.4187122E+03   3.4172693E+03
   1.0920038E+01   3.3826826E+03   3.3826450E+03
   1.0936793E+01   3.3497070E+03   3.3503552E+03
   1.0953776E+01   3.3165466E+03   3.3173560E+03
   1.0970093E+01   3.2897148E+03   3.2900847E+03
   1.0986876E+01   3.2626873E+03   3.2624319E+03
   1.1004497E+01   3.2344531E+03   3.2336025E+03
   1.1020369E+01   3.2110913E+03   3.2092095E+03
   1.1037372E+01   3.1882085E+03   3.1853550E+03
   1.1054623E+01   3.1649783E+03   3.1611519E+03
   1.1071396E+01   3.1484014E+03   3.1432935E+03
   1.1088398E+01   3.1306389E+03   3.1243806E+03
   1.1104785E+01   3.1131157E+03   3.1056431E+03
   1.1121749E+01   3.0995708E+03   3.0909297E+03
   1.1138331E+01   3.0852559E+03   3.0756094E+03
   1.1155493E+01   3.0756597E+03   3.0648970E+03
   1.1172148E+01   3.0675762E+03   3.0557422E+03
   1.1189245E+01   3.0561255E+03   3.0434954E+03
   1.1205671E+01   3.0460364E+03   3.0322712E+03
   1.1222195E+01   3.0384258E+03   3.0237214E+03
   1.1239536E+01   3.0318977E+03   3.0160576E+03
   1.1255685E+01   3.0312900E+03   3.0140481E+03
   1.1273217E+01   3.0228042E+03   3.0052542E+03
   1.1290201E+01   3.0189468E+03   3.0003467E+03
   1.1306479E+01   3.0180916E+03   2.9989502E+03
   1.1322986E+01   3.0153303E+03   2.9954211E+03
   1.1339546E+01   3.0095115E+03   2.9888599E+03
   1.1356696E+01   3.0076042E+03   2.9863506E+03
   1.1373970E+01   3.0068997E+03   2.9849597E+03
   1.1390119E+01   3.0061538E+03   2.9838538E+03
   1.1407619E+01   3.0023975E+03   2.9795007E+03
   1.1423971E+01   3.0012869E+03   2.9773416E+03
   1.1440423E+01   3.0018105E+03   2.9774175E+03
   1.1456977E+01   3.0006533E+03   2.9757932E+03
   1.1474925E+01   3.0001213E+03   2.9741921E+03
   1.1491709E+01   3.0010557E+03   2.9751824E+03
   1.1508614E+01   3.0021299E+03   2.9754229E+03
   1.1524333E+01   3.0018191E+03   2.9747590E+03
   1.1541498E+01   3.0036614E+03   2.9760557E+03
   1.1558849E+01   3.0057654E+03   2.9776150E+03
   1.1574846E+01   3.0071436E+03   2.9785811E+03
   1.1592488E+01   3.0123420E+03   2.9828362E+03
   1.1608940E+01   3.0139172E+03   2.9841399E+03
   1.1625562E+01   3.0176462E+03   2.9873811E+03
   1.1642340E+01   3.0230989E+03   2.9920811E+03
   1.1659301E+01   3.0272993E+03   2.9957705E+03
   1.1676462E+01   3.0400366E+03   3.0068015E+03
   1.1692377E+01   3.0711272E+03   3.0338247E+03
   1.1709962E+01   3.0403411E+03   3.0071387E+03
   1.1726380E+01   3.0582468E+03   3.0240051E+03
   1.1742792E+01   3.1493938E+03   3.1043662E+03
   1.1760464E+01   3.0867119E+03   3.0496958E+03
   1.1777081E+01   3.0999758E+03   3.0622502E+03
   1.1793468E+01   3.1161682E+03   3.0768716E+03
   1.1810019E+01   3.1344114E+03   3.0941260E+03
   1.1827580E+01   3.1525212E+03   3.1111677E+03
   1.1844342E+01   3.1723999E+03   3.1304673E+03
   1.1860893E+01   3.1967947E+03   3.1523184E+03
   1.1878094E+01   3.2213230E+03   3.1750610E+03
   1.1894788E+01   3.2486770E+03   3.1999272E+03
   1.1911477E+01   3.2794216E+03   3.2281812E+03
   1.1928061E+01   3.3077876E+03   3.2544805E+03
   1.1944509E+01   3.3413140E+03   3.2849604E+03
   1.1961042E+01   3.3806165E+03   3.3207551E+03
   1.1978916E+01   3.4178000E+03   3.3550591E+03
   1.1994889E+01   3.4509683E+03   3.3848523E+03
   1.2011690E+01   3.4932578E+03   3.4228225E+03
   1.2028443E+01   3.5289680E+03   3.4549348E+03
   1.2045845E+01   3.5615200E+03   3.4842241E+03
   1.2062470E+01   3.6008147E+03   3.5193242E+03
   1.2079630E+01   3.6391892E+03   3.5534346E+03
   1.2095874E+01   3.6816592E+03   3.5918191E+03
   1.2113248E+01   3.7171816E+03   3.6234207E+03
   1.2130109E+01   3.7700459E+03   3.6710049E+03
   1.2146083E+01   3.7879976E+03   3.6868083E+03
   1.2163502E+01   3.8157012E+03   3.7113777E+03
   1.2179962E+01   3.8462488E+03   3.7391880E+03
   1.2196591E+01   3.8679707E+03   3.7595459E+03
   1.2213709E+01   3.8902573E+03   3.7807007E+03
   1.2230692E+01   3.9018967E+03   3.7927502E+03
   1.2247252E+01   3.9107136E+03   3.8027214E+03
   1.2263808E+01   3.9157329E+03   3.8097319E+03
   1.2280889E+01   3.9152834E+03   3.8119561E+03
   1.2297681E+01   3.9077976E+03   3.8088774E+03
   1.2314533E+01   3.8928784E+03   3.7992969E+03
   1.2331329E+01   3.8821396E+03   3.7948188E+03
   1.2347920E+01   3.8703003E+03   3.7869360E+03
   1.2364937E+01   3.8436399E+03   3.7690906E+03
   1.2381688E+01   3.8290193E+03   3.7617336E+03
   1.2398395E+01   3.8068696E+03   3.7456785E+03
   1.2415120E+01   3.7664541E+03   3.7143186E+03
   1.2431852E+01   3.7416997E+03   3.6968604E+03
   1.2448653E+01   3.7091003E+03   3.6709832E+03
   1.2465702E+01   3.6722590E+03   3.6411211E+03
   1.2482330E+01   3.6359512E+03   3.6113374E+03
   1.2498973E+01   3.6051060E+03   3.5854194E+03
   1.2516191E+01   3.5672332E+03   3.5522910E+03
   1.2532709E+01   3.5341785E+03   3.5230449E+03
   1.2549918E+01   3.4968506E+03   3.4893958E+03
   1.2566725E+01   3.4632998E+03   3.4581707E+03
   1.2583146E+01   3.4311016E+03   3.4280330E+03
   1.2599805E+01   3.4006721E+03   3.3989092E+03
   1.2616711E+01   3.3656721E+03   3.3645364E+03
   1.2633687E+01   3.3326294E+03   3.3334441E+03
   1.2650159E+01   3.3090020E+03   3.3089143E+03
   1.2667177E+01   3.2889807E+03   3.2886682E+03
   1.2683999E+01   3.2684543E+03   3.2670554E+03
   1.2700634E+01   3.2337295E+03   3.2330049E+03
   1.2717395E+01   3.2007249E+03   3.1991472E+03
   1.2734542E+01   3.1794224E+03   3.1772754E+03
   1.2750998E+01   3.1403606E+03   3.1382375E+03
   1.2767951E+01   3.1763206E+03   3.1713003E+03
   1.2784541E+01   3.0495349E+03   3.0481865E+03
   1.2801673E+01   3.0295686E+03   3.0309392E+03
   1.2818151E+01   3.1057507E+03   3.0984285E+03
   1.2835089E+01   3.0957927E+03   3.0845779E+03
   1.2851801E+01   3.0493550E+03   3.0408604E+03
   1.2868885E+01   3.0399958E+03   3.0325293E+03
   1.2885660E+01   3.0449375E+03   3.0324663E+03
   1.2902730E+01   3.0277012E+03   3.0164692E+03
   1.2919394E+01   3.0232932E+03   3.0102114E+03
   1.2936333E+01   3.0236555E+03   3.0088474E+03
   1.2952788E+01   3.0182192E+03   3.0021045E+03
   1.2969564E+01   3.0093574E+03   2.9936321E+03
   1.2986722E+01   3.0042271E+03   2.9866914E+03
   1.3002943E+01   3.0027339E+03   2.9835623E+03
   1.3019715E+01   2.9995498E+03   2.9795325E+03
   1.3037026E+01   2.9945823E+03   2.9741360E+03
   1.3053945E+01   2.9909385E+03   2.9694792E+03
   1.3070365E+01   2.9876365E+03   2.9650608E+03
   1.3087010E+01   2.9867676E+03   2.9633462E+03
   1.3103875E+01   2.9847954E+03   2.9601379E+03
   1.3120972E+01   2.9840396E+03   2.9587268E+03
   1.3137392E+01   2.9835911E+03   2.9575078E+03
   1.3154042E+01   2.9837793E+03   2.9571567E+03
   1.3170925E+01   2.9829360E+03   2.9558674E+03
   1.3188053E+01   2.9830796E+03   2.9551929E+03
   1.3204467E+01   2.9839307E+03   2.9552344E+03
   1.3221126E+01   2.9835742E+03   2.9550410E+03
   1.3238037E+01   2.9878127E+03   2.9572825E+03
   1.3255213E+01   2.9907178E+03   2.9593486E+03
   1.3271633E+01   2.9907327E+03   2.9596707E+03
   1.3288317E+01   2.9904885E+03   2.9594463E+03
   1.3305278E+01   2.9967791E+03   2.9648455E+03
   1.3322707E+01   2.9828530E+03   2.9541448E+03
   1.3338976E+01   3.0293025E+03   2.9917705E+03
   1.3355776E+01   3.0064465E+03   2.9746265E+03
   1.3373014E+01   3.0024790E+03   2.9720693E+03
   1.3389257E+01   3.0340396E+03   2.9972168E+03
   1.3406334E+01   3.0369707E+03   3.0007559E+03
   1.3423404E+01   3.0438967E+03   3.0072798E+03
   1.3440040E+01   3.0549412E+03   3.0179392E+03
   1.3457066E+01   3.0682734E+03   3.0305090E+03
   1.3473764E+01   3.0826548E+03   3.0442844E+03
   1.3490192E+01   3.1005608E+03   3.0601282E+03
   1.3507207E+01   3.1133752E+03   3.0725601E+03
   1.3524224E+01   3.1222119E+03   3.0809795E+03
   1.3540673E+01   3.1557822E+03   3.1121560E+03
   1.3557457E+01   3.1855007E+03   3.1395591E+03
   1.3574641E+01   3.2270439E+03   3.1767319E+03
   1.3591575E+01   3.2331306E+03   3.1842188E+03
   1.3607767E+01   3.2468911E+03   3.1970945E+03
   1.3624982E+01   3.2790076E+03   3.2267109E+03
   1.3642134E+01   3.3155063E+03   3.2602246E+03
   1.3658053E+01   3.3476428E+03   3.2898440E+03
   1.3674959E+01   3.3738423E+03   3.3139775E+03
   1.3691676E+01   3.4092056E+03   3.3463672E+03
   1.3708685E+01   3.4448599E+03   3.3787498E+03
   1.3725914E+01   3.4860837E+03   3.4160374E+03
   1.3742032E+01   3.5267244E+03   3.4521885E+03
   1.3759328E+01   3.5573298E+03   3.4794778E+03
   1.3776444E+01   3.6085684E+03   3.5264321E+03
   1.3793040E+01   3.6324822E+03   3.5473074E+03
   1.3810067E+01   3.6719736E+03   3.5825186E+03
   1.3826715E+01   3.7121384E+03   3.6195068E+03
   1.3842975E+01   3.7426943E+03   3.6465198E+03
   1.3859771E+01   3.7743865E+03   3.6749934E+03
   1.3876884E+01   3.8036196E+03   3.7017478E+03
   1.3893845E+01   3.8292437E+03   3.7257524E+03
   1.3910633E+01   3.8509783E+03   3.7460151E+03
   1.3927073E+01   3.8671189E+03   3.7618083E+03
   1.3943954E+01   3.8795710E+03   3.7747930E+03
   1.3961060E+01   3.8852280E+03   3.7816355E+03
   1.3977609E+01   3.8874575E+03   3.7865005E+03
   1.3994198E+01   3.8848396E+03   3.7876558E+03
   1.4011076E+01   3.8764141E+03   3.7839280E+03
   1.4027990E+01   3.8618774E+03   3.7751567E+03
   1.4044746E+01   3.8420713E+03   3.7611558E+03
   1.4061696E+01   3.8371409E+03   3.7620957E+03
   1.4078422E+01   3.7932612E+03   3.7262485E+03
   1.4095182E+01   3.7809053E+03   3.7212620E+03
   1.4112084E+01   3.7500085E+03   3.6982415E+03
   1.4128875E+01   3.7261042E+03   3.6813127E+03
   1.4145733E+01   3.6874573E+03   3.6506243E+03
   1.4162203E+01   3.6536040E+03   3.6237734E+03
   1.4179092E+01   3.6192754E+03   3.5965979E+03
   1.4195971E+01   3.5801907E+03   3.5631165E+03
   1.4212926E+01   3.5424485E+03   3.5302178E+03
   1.4229796E+01   3.5054060E+03   3.4971968E+03
   1.4246357E+01   3.4701072E+03   3.4649197E+03
   1.4263357E+01   3.4307637E+03   3.4289834E+03
   1.4280160E+01   3.3961162E+03   3.3950073E+03
   1.4296855E+01   3.3571763E+03   3.3582837E+03
   1.4313786E+01   3.3266047E+03   3.3284333E+03
   1.4330305E+01   3.2906633E+03   3.2925503E+03
   1.4347134E+01   3.2630598E+03   3.2643516E+03
   1.4363985E+01   3.2370593E+03   3.2378960E+03
   1.4380754E+01   3.1964407E+03   3.1974797E+03
   1.4397597E+01   3.1769924E+03   3.1766853E+03
   1.4414191E+01   3.1486089E+03   3.1468911E+03
   1.4431013E+01   3.1238494E+03   3.1221055E+03
   1.4448183E+01   3.1061274E+03   3.1029976E+03
   1.4464966E+01   3.0869351E+03   3.0819531E+03
   1.4481742E+01   3.0643494E+03   3.0594492E+03
   1.4498476E+01   3.0442056E+03   3.0377590E+03
   1.4515088E+01   3.0308447E+03   3.0233452E+03
   1.4532076E+01   3.0163965E+03   3.0074189E+03
   1.4548864E+01   3.0033853E+03   2.9930215E+03
   1.4565431E+01   2.9899546E+03   2.9797073E+03
   1.4582276E+01   2.9827659E+03   2.9699331E+03
   1.4599380E+01   2.9720242E+03   2.9592744E+03
   1.4616176E+01   2.9605039E+03   2.9465791E+03
   1.4632637E+01   2.9566067E+03   2.9416272E+03
   1.4649367E+01   2.9531169E+03   2.9371780E+03
   1.4666381E+01   2.9378164E+03   2.9212258E+03
   1.4683192E+01   2.9349106E+03   2.9169285E+03
   1.4699949E+01   2.9296372E+03   2.9113745E+03
   1.4716604E+01   2.9373484E+03   2.9179080E+03
   1.4733749E+01   2.9277861E+03   2.9076377E+03
   1.4750655E+01   2.9310022E+03   2.9102185E+03
   1.4766963E+01   2.9233845E+03   2.9006001E+03
   1.4784137E+01   2.9214600E+03   2.8998645E+03
   1.4801130E+01   2.9265825E+03   2.9040789E+03
   1.4817615E+01   2.9187717E+03   2.8958833E+03
   1.4834299E+01   2.9199409E+03   2.8952551E+03
   1.4851191E+01   2.9195112E+03   2.8944299E+03
   1.4868290E+01   2.9215703E+03   2.8963879E+03
   1.4884849E+01   2.9200752E+03   2.8941621E+03
   1.4901612E+01   2.9181052E+03   2.8931235E+03
   1.4918591E+01   2.9105964E+03   2.8875962E+03
   1.4935005E+01   2.9425376E+03   2.9096812E+03
   1.4952362E+01   2.9297085E+03   2.8995781E+03
   1.4968410E+01   2.9218469E+03   2.8940510E+03
   1.4985462E+01   2.9253899E+03   2.8968274E+03
   1.5002676E+01   2.9240608E+03   2.8958562E+03
   1.5019156E+01   2.9453401E+03   2.9131516E+03
   1.5035715E+01   2.9364824E+03   2.9062297E+03
   1.5053207E+01   2.9425137E+03   2.9116421E+03
   1.5069971E+01   2.9469160E+03   2.9157974E+03
   1.5086029E+01   2.9685051E+03   2.9345225E+03
   1.5103114E+01   2.9627920E+03   2.9304744E+03
   1.5120399E+01   2.9721165E+03   2.9391140E+03
   1.5136848E+01   2.9813232E+03   2.9473989E+03
   1.5153266E+01   2.9943840E+03   2.9591270E+03
   1.5170475E+01   3.0078125E+03   2.9714961E+03
   1.5187397E+01   3.0191792E+03   2.9824229E+03
   1.5203872E+01   3.0373328E+03   2.9988752E+03
   1.5220470E+01   3.0469932E+03   3.0087085E+03
   1.5237265E+01   3.0734165E+03   3.0321414E+03
   1.5254254E+01   3.0926106E+03   3.0501902E+03
   1.5271275E+01   3.1199937E+03   3.0753811E+03
   1.5288128E+01   3.1421169E+03   3.0967422E+03
   1.5304807E+01   3.1603386E+03   3.1131914E+03
   1.5321725E+01   3.1944082E+03   3.1448447E+03
   1.5338652E+01   3.2221270E+03   3.1701577E+03
   1.5355521E+01   3.2527927E+03   3.1985132E+03
   1.5372359E+01   3.2886641E+03   3.2306519E+03
   1.5389153E+01   3.3245410E+03   3.2634478E+03
   1.5405929E+01   3.3597549E+03   3.2954014E+03
   1.5422640E+01   3.4048704E+03   3.3361252E+03
   1.5439271E+01   3.4476362E+03   3.3740764E+03
   1.5455826E+01   3.4872295E+03   3.4095042E+03
   1.5473186E+01   3.5327078E+03   3.4501638E+03
   1.5489682E+01   3.5691963E+03   3.4826812E+03
   1.5506068E+01   3.6110491E+03   3.5193926E+03
   1.5523252E+01   3.6459048E+03   3.5501467E+03
   1.5540132E+01   3.6882397E+03   3.5880730E+03
   1.5556581E+01   3.7271794E+03   3.6229966E+03
   1.5573690E+01   3.7606670E+03   3.6529546E+03
   1.5590733E+01   3.7900198E+03   3.6793362E+03
   1.5606975E+01   3.8177188E+03   3.7052004E+03
   1.5623720E+01   3.8333442E+03   3.7207261E+03
   1.5640576E+01   3.8529910E+03   3.7408850E+03
   1.5657465E+01   3.8594641E+03   3.7484097E+03
   1.5674459E+01   3.8579871E+03   3.7495803E+03
   1.5691039E+01   3.8551033E+03   3.7509885E+03
   1.5707886E+01   3.8487380E+03   3.7502090E+03
   1.5724733E+01   3.8261719E+03   3.7367297E+03
   1.5741673E+01   3.8302607E+03   3.7465315E+03
   1.5758404E+01   3.7585903E+03   3.6837825E+03
   1.5775191E+01   3.7922371E+03   3.7232666E+03
   1.5792036E+01   3.7271208E+03   3.6684465E+03
   1.5808874E+01   3.7111968E+03   3.6592673E+03
   1.5825675E+01   3.6668101E+03   3.6248457E+03
   1.5842498E+01   3.6366638E+03   3.6023064E+03
   1.5859297E+01   3.5945435E+03   3.5682637E+03
   1.5876077E+01   3.5581165E+03   3.5370378E+03
   1.5892816E+01   3.5214714E+03   3.5050491E+03
   1.5909602E+01   3.4788804E+03   3.4672842E+03
   1.5926408E+01   3.4448457E+03   3.4371133E+03
   1.5943255E+01   3.4046145E+03   3.4000315E+03
   1.5960085E+01   3.3672419E+03   3.3638567E+03
   1.5976771E+01   3.3359719E+03   3.3337922E+03
   1.5993641E+01   3.2994932E+03   3.2984961E+03
   1.6010361E+01   3.2685554E+03   3.2690510E+03
   1.6027288E+01   3.2331436E+03   3.2319985E+03
   1.6043926E+01   3.1964436E+03   3.1962271E+03
   1.6060839E+01   3.1859321E+03   3.1842700E+03
   1.6077734E+01   3.1209512E+03   3.1232766E+03
   1.6094273E+01   3.1135405E+03   3.1110195E+03
   1.6111259E+01   3.1031357E+03   3.0991104E+03
   1.6128078E+01   3.0907537E+03   3.0866616E+03
   1.6144754E+01   3.0645281E+03   3.0600603E+03
   1.6161537E+01   3.0404104E+03   3.0352747E+03
   1.6178385E+01   3.0269968E+03   3.0211875E+03
   1.6195278E+01   3.0154038E+03   3.0080535E+03
   1.6212166E+01   2.9920940E+03   2.9838225E+03
   1.6228666E+01   2.9872563E+03   2.9782869E+03
   1.6245472E+01   2.9776055E+03   2.9675608E+03
   1.6262575E+01   2.9636001E+03   2.9530154E+03
   1.6279188E+01   2.9508472E+03   2.9404727E+03
   1.6296047E+01   2.9437432E+03   2.9317366E+03
   1.6312746E+01   2.9388552E+03   2.9267500E+03
   1.6329672E+01   2.9358110E+03   2.9222446E+03
   1.6346394E+01   2.9249814E+03   2.9116633E+03
   1.6363297E+01   2.9228831E+03   2.9083235E+03
   1.6379951E+01   2.9161853E+03   2.9016245E+03
   1.6396790E+01   2.9149153E+03   2.8996394E+03
   1.6413404E+01   2.9137708E+03   2.8981768E+03
   1.6430197E+01   2.9088186E+03   2.8925720E+03
   1.6447254E+01   2.9067493E+03   2.8902180E+03
   1.6464148E+01   2.9063689E+03   2.8894099E+03
   1.6480961E+01   2.9048118E+03   2.8871274E+03
   1.6497587E+01   2.9015125E+03   2.8831401E+03
   1.6514608E+01   2.9020872E+03   2.8833401E+03
   1.6531378E+01   2.8996648E+03   2.8799888E+03
   1.6547821E+01   2.8989207E+03   2.8797786E+03
   1.6564903E+01   2.8995740E+03   2.8796021E+03
   1.6581656E+01   2.9005569E+03   2.8796697E+03
   1.6598566E+01   2.9008555E+03   2.8797395E+03
   1.6615135E+01   2.9017874E+03   2.8800991E+03
   1.6631872E+01   2.9048499E+03   2.8822097E+03
   1.6648767E+01   2.9034675E+03   2.8810776E+03
   1.6665827E+01   2.9098372E+03   2.8859697E+03
   1.6682533E+01   2.9156580E+03   2.8908633E+03
   1.6699411E+01   2.9151724E+03   2.8905876E+03
   1.6715918E+01   2.9187703E+03   2.8935923E+03
   1.6732588E+01   2.9212422E+03   2.8958774E+03
   1.6749428E+01   2.9184736E+03   2.8933916E+03
   1.6766443E+01   2.9312185E+03   2.9044392E+03
   1.6783083E+01   2.9450854E+03   2.9168538E+03
   1.6800459E+01   2.9493674E+03   2.9207861E+03
