  flscon:  version 22.2.0.05  win64 2022 
 FLOW-3D   09:11:47  12/13/2023 qiqb     
   hydr3d   version  22.2.0.16 win64     09/12/2022 HYDRO    
 Simulation Template: Free Surface - TruVOF (Default)                            

Mesh Block   1
 printing p, p       
       1     1002      0.000E+00      1.688E+01
   time              p_1             p_2
   0.0000000E+00   4.1554370E+03   4.1484971E+03
   8.8658482E-03   4.1089336E+03   4.1522720E+03
   1.6950998E-02   4.2066714E+03   4.2004033E+03
   3.4211066E-02   4.2381772E+03   4.2312686E+03
   5.1696196E-02   4.2693516E+03   4.2619692E+03
   6.9141962E-02   4.3078696E+03   4.2998989E+03
   8.6613193E-02   4.3338667E+03   4.3254634E+03
   1.0419720E-01   4.3701299E+03   4.3611216E+03
   1.2192211E-01   4.3945820E+03   4.3850742E+03
   1.3080914E-01   4.3955723E+03   4.3857183E+03
   1.4855821E-01   4.4291357E+03   4.4184756E+03
   1.6622131E-01   4.4595420E+03   4.4480078E+03
   1.8211140E-01   4.4886646E+03   4.4760352E+03
   2.0400974E-01   4.5176597E+03   4.5034819E+03
   2.1775067E-01   4.5863418E+03   4.5713613E+03
   2.3581904E-01   4.5701504E+03   4.5533623E+03
   2.5211984E-01   4.5898550E+03   4.5716118E+03
   2.7179983E-01   4.5838179E+03   4.5639932E+03
   2.8663999E-01   4.6348745E+03   4.6136792E+03
   3.0348313E-01   4.6382476E+03   4.6154556E+03
   3.1955999E-01   4.6766709E+03   4.6529507E+03
   3.3870855E-01   4.7067896E+03   4.6820220E+03
   3.5339639E-01   4.7076299E+03   4.6819902E+03
   3.7112197E-01   4.7157930E+03   4.6888955E+03
   3.8832542E-01   4.6990327E+03   4.6704053E+03
   4.0516374E-01   4.7237568E+03   4.6963862E+03
   4.2172402E-01   4.7405889E+03   4.7145024E+03
   4.3748453E-01   4.7270693E+03   4.6995615E+03
   4.5535776E-01   4.7296216E+03   4.7034370E+03
   4.7307637E-01   4.7220107E+03   4.6964971E+03
   4.8817855E-01   4.7145342E+03   4.6902681E+03
   5.0661302E-01   4.7047480E+03   4.6820767E+03
   5.2206445E-01   4.6931577E+03   4.6721904E+03
   5.4015005E-01   4.6768872E+03   4.6579902E+03
   5.5834168E-01   4.6604648E+03   4.6436616E+03
   5.7395339E-01   4.6403052E+03   4.6256353E+03
   5.9038824E-01   4.6246621E+03   4.6119868E+03
   6.0753733E-01   4.6007759E+03   4.5905239E+03
   6.2561560E-01   4.5774033E+03   4.5696436E+03
   6.4320832E-01   4.5451997E+03   4.5400073E+03
   6.6033489E-01   4.5122148E+03   4.5093828E+03
   6.7429405E-01   4.5131201E+03   4.5117583E+03
   6.9405222E-01   4.4752080E+03   4.4763110E+03
   7.0976579E-01   4.4284092E+03   4.4314956E+03
   7.2649020E-01   4.3867427E+03   4.3915444E+03
   7.4364716E-01   4.3587183E+03   4.3650723E+03
   7.6069194E-01   4.3316938E+03   4.3390825E+03
   7.7443624E-01   4.2833643E+03   4.2916826E+03
   7.9276401E-01   4.2860684E+03   4.2951494E+03
   8.0829990E-01   4.2451982E+03   4.2549189E+03
   8.2667482E-01   4.1631816E+03   4.1734702E+03
   8.4301096E-01   4.1800278E+03   4.1908018E+03
   8.6075836E-01   4.1423330E+03   4.1535518E+03
   8.7777025E-01   4.0659441E+03   4.0776560E+03
   8.9631760E-01   4.0830129E+03   4.0959026E+03
   9.1052651E-01   4.0310459E+03   4.0445654E+03
   9.2879057E-01   4.0224604E+03   4.0376621E+03
   9.4654131E-01   3.9794321E+03   3.9959956E+03
   9.6383440E-01   3.9323655E+03   3.9502415E+03
   9.8049456E-01   3.9532637E+03   3.9731667E+03
   9.9613988E-01   3.8625601E+03   3.8830178E+03
   1.0148138E+00   3.8578420E+03   3.8800354E+03
   1.0312289E+00   3.8725825E+03   3.8958889E+03
   1.0464169E+00   3.8306833E+03   3.8537153E+03
   1.0633657E+00   3.8450410E+03   3.8690444E+03
   1.0797647E+00   3.8228140E+03   3.8462366E+03
   1.0965099E+00   3.8139312E+03   3.8365039E+03
   1.1126074E+00   3.8095786E+03   3.8314045E+03
   1.1291497E+00   3.8042053E+03   3.8249302E+03
   1.1488146E+00   3.7983755E+03   3.8175500E+03
   1.1637208E+00   3.7934407E+03   3.8109656E+03
   1.1800081E+00   3.7930691E+03   3.8084553E+03
   1.2003684E+00   3.7926770E+03   3.8068933E+03
   1.2165309E+00   3.7999104E+03   3.8124390E+03
   1.2325901E+00   3.7931606E+03   3.8039438E+03
   1.2485720E+00   3.7982837E+03   3.8077947E+03
   1.2645020E+00   3.8106887E+03   3.8185806E+03
   1.2842867E+00   3.8047183E+03   3.8115767E+03
   1.3000778E+00   3.8169004E+03   3.8221406E+03
   1.3158041E+00   3.8370107E+03   3.8403584E+03
   1.3349307E+00   3.8320210E+03   3.8347485E+03
   1.3494042E+00   3.8670142E+03   3.8674595E+03
   1.3682626E+00   3.8574802E+03   3.8576155E+03
   1.3830082E+00   3.8882542E+03   3.8866282E+03
   1.3991580E+00   3.8902058E+03   3.8878394E+03
   1.4199344E+00   3.8929895E+03   3.8903538E+03
   1.4364446E+00   3.9434792E+03   3.9389658E+03
   1.4527620E+00   3.9162266E+03   3.9121831E+03
   1.4689338E+00   3.9727158E+03   3.9669448E+03
   1.4852475E+00   3.9544739E+03   3.9494460E+03
   1.5021358E+00   3.9962712E+03   3.9900825E+03
   1.5204884E+00   4.0172405E+03   4.0109709E+03
   1.5346886E+00   4.0180293E+03   4.0118867E+03
   1.5543904E+00   4.0594717E+03   4.0527961E+03
   1.5700775E+00   4.0558987E+03   4.0496423E+03
   1.5859852E+00   4.0781804E+03   4.0717402E+03
   1.6022830E+00   4.1095811E+03   4.1028247E+03
   1.6191677E+00   4.1319468E+03   4.1249634E+03
   1.6368120E+00   4.2070869E+03   4.1993159E+03
   1.6554352E+00   4.1710234E+03   4.1636367E+03
   1.6685269E+00   4.1853926E+03   4.1778281E+03
   1.6892390E+00   4.2742021E+03   4.2653491E+03
   1.7033206E+00   4.2514023E+03   4.2425679E+03
   1.7247351E+00   4.2512998E+03   4.2420942E+03
   1.7385273E+00   4.3371719E+03   4.3266279E+03
   1.7587022E+00   4.3178989E+03   4.3065337E+03
   1.7720948E+00   4.3911445E+03   4.3785708E+03
   1.7858161E+00   4.3869932E+03   4.3734390E+03
   1.8058226E+00   4.3881953E+03   4.3734795E+03
   1.8244799E+00   4.4457222E+03   4.4300713E+03
   1.8417373E+00   4.4470493E+03   4.4302227E+03
   1.8578718E+00   4.4974897E+03   4.4799292E+03
   1.8728443E+00   4.5220596E+03   4.5047046E+03
   1.8915937E+00   4.5272690E+03   4.5078599E+03
   1.9090716E+00   4.5309717E+03   4.5107266E+03
   1.9253063E+00   4.5790845E+03   4.5584023E+03
   1.9407580E+00   4.6318413E+03   4.6108394E+03
   1.9592050E+00   4.6267856E+03   4.6040337E+03
   1.9735044E+00   4.6226162E+03   4.5988804E+03
   1.9909328E+00   4.6641431E+03   4.6400122E+03
   2.0079238E+00   4.6527563E+03   4.6267163E+03
   2.0245278E+00   4.6650654E+03   4.6384404E+03
   2.0440838E+00   4.6958125E+03   4.6695488E+03
   2.0601125E+00   4.7076562E+03   4.6805957E+03
   2.0757453E+00   4.6913066E+03   4.6630269E+03
   2.0937715E+00   4.6896318E+03   4.6605913E+03
   2.1086469E+00   4.6885142E+03   4.6596328E+03
   2.1263671E+00   4.6856758E+03   4.6564951E+03
   2.1442695E+00   4.6796279E+03   4.6509639E+03
   2.1619818E+00   4.6677754E+03   4.6398267E+03
   2.1767108E+00   4.6593652E+03   4.6319980E+03
   2.1942253E+00   4.6462500E+03   4.6198975E+03
   2.2121823E+00   4.6306064E+03   4.6053965E+03
   2.2268226E+00   4.6146025E+03   4.5906763E+03
   2.2443256E+00   4.5918843E+03   4.5695166E+03
   2.2622356E+00   4.5696582E+03   4.5490112E+03
   2.2778239E+00   4.5477773E+03   4.5288628E+03
   2.2969182E+00   4.5159795E+03   4.4992080E+03
   2.3141246E+00   4.4923149E+03   4.4774946E+03
   2.3282762E+00   4.4576362E+03   4.4447085E+03
   2.3458998E+00   4.4314893E+03   4.4205898E+03
   2.3651376E+00   4.3486011E+03   4.3406099E+03
   2.3811197E+00   4.3789209E+03   4.3721562E+03
   2.3981848E+00   4.3036372E+03   4.2992417E+03
   2.4148891E+00   4.2887651E+03   4.2859062E+03
   2.4303124E+00   4.2166152E+03   4.2154521E+03
   2.4476981E+00   4.2379863E+03   4.2382759E+03
   2.4640617E+00   4.1874883E+03   4.1891538E+03
   2.4834282E+00   4.0970059E+03   4.1003511E+03
   2.5005596E+00   4.0819399E+03   4.0865515E+03
   2.5169845E+00   4.0752607E+03   4.0807642E+03
   2.5310357E+00   4.0172346E+03   4.0235225E+03
   2.5516157E+00   3.9487910E+03   3.9564197E+03
   2.5635135E+00   3.9602202E+03   3.9681226E+03
   2.5830185E+00   3.8887122E+03   3.8974451E+03
   2.6006012E+00   3.8946782E+03   3.9043472E+03
   2.6160977E+00   3.8342014E+03   3.8441924E+03
   2.6352963E+00   3.7928789E+03   3.8034001E+03
   2.6492758E+00   3.7991204E+03   3.8097756E+03
   2.6652350E+00   3.7834724E+03   3.7947805E+03
   2.6840980E+00   3.7452568E+03   3.7567979E+03
   2.7008178E+00   3.7148999E+03   3.7266677E+03
   2.7162397E+00   3.6479238E+03   3.6593743E+03
   2.7329807E+00   3.6753301E+03   3.6878821E+03
   2.7533293E+00   3.6102009E+03   3.6224426E+03
   2.7692540E+00   3.6473403E+03   3.6605620E+03
   2.7849877E+00   3.6045288E+03   3.6175066E+03
   2.8010254E+00   3.5999602E+03   3.6139778E+03
   2.8186524E+00   3.5709595E+03   3.5842742E+03
   2.8369403E+00   3.5755979E+03   3.5896362E+03
   2.8519447E+00   3.5608562E+03   3.5743511E+03
   2.8675277E+00   3.5525154E+03   3.5657878E+03
   2.8854523E+00   3.5404148E+03   3.5528909E+03
   2.9046912E+00   3.5409490E+03   3.5526599E+03
   2.9202712E+00   3.5368596E+03   3.5475740E+03
   2.9357998E+00   3.5320264E+03   3.5418306E+03
   2.9563587E+00   3.5313108E+03   3.5398198E+03
   2.9715097E+00   3.5338342E+03   3.5411606E+03
   2.9900141E+00   3.5366104E+03   3.5426912E+03
   3.0038404E+00   3.5407908E+03   3.5455891E+03
   3.0194497E+00   3.5409863E+03   3.5453789E+03
   3.0357125E+00   3.5466584E+03   3.5500288E+03
   3.0577626E+00   3.5582322E+03   3.5599792E+03
   3.0745621E+00   3.5648325E+03   3.5657209E+03
   3.0916085E+00   3.5759929E+03   3.5759829E+03
   3.1030843E+00   3.5857419E+03   3.5851440E+03
   3.1204455E+00   3.5958130E+03   3.5944629E+03
   3.1380394E+00   3.6122305E+03   3.6100547E+03
   3.1559741E+00   3.6286162E+03   3.6257429E+03
   3.1743581E+00   3.6450601E+03   3.6415789E+03
   3.1933365E+00   3.6671362E+03   3.6630229E+03
   3.2063434E+00   3.6790996E+03   3.6746499E+03
   3.2257624E+00   3.7047432E+03   3.6996211E+03
   3.2384713E+00   3.7219368E+03   3.7163350E+03
   3.2572651E+00   3.7450369E+03   3.7387881E+03
   3.2758114E+00   3.7741987E+03   3.7672651E+03
   3.2942107E+00   3.8030667E+03   3.7952971E+03
   3.3064275E+00   3.8170300E+03   3.8087852E+03
   3.3244629E+00   3.8469001E+03   3.8376313E+03
   3.3426185E+00   3.9205127E+03   3.9095464E+03
   3.3610833E+00   3.8641235E+03   3.8528228E+03
   3.3734839E+00   3.9705225E+03   3.9570464E+03
   3.3922162E+00   3.9487537E+03   3.9347000E+03
   3.4110510E+00   4.0235566E+03   4.0075166E+03
   3.4236233E+00   4.0244463E+03   4.0077170E+03
   3.4425607E+00   4.0604905E+03   4.0426296E+03
   3.4610071E+00   4.0691123E+03   4.0496555E+03
   3.4799709E+00   4.1219863E+03   4.1006221E+03
   3.4922137E+00   4.2224585E+03   4.2000078E+03
   3.5087605E+00   4.1896616E+03   4.1649502E+03
   3.5290074E+00   4.2470659E+03   4.2198062E+03
   3.5427258E+00   4.2432534E+03   4.2135806E+03
   3.5597610E+00   4.3133574E+03   4.2810425E+03
   3.5789831E+00   4.3039438E+03   4.2682700E+03
   3.5972025E+00   4.3791660E+03   4.3405176E+03
   3.6111991E+00   4.4320552E+03   4.3904810E+03
   3.6308651E+00   4.3785020E+03   4.3327759E+03
   3.6462452E+00   4.4303804E+03   4.3824702E+03
   3.6639273E+00   4.4436040E+03   4.3929062E+03
   3.6794896E+00   4.4559673E+03   4.4032280E+03
   3.6970222E+00   4.4702002E+03   4.4157485E+03
   3.7143011E+00   4.4815479E+03   4.4259912E+03
   3.7294178E+00   4.4837554E+03   4.4273218E+03
   3.7466533E+00   4.4889448E+03   4.4321685E+03
   3.7631009E+00   4.4888364E+03   4.4319688E+03
   3.7813671E+00   4.4850396E+03   4.4285376E+03
   3.7973869E+00   4.4858315E+03   4.4290830E+03
   3.8159957E+00   4.4728594E+03   4.4195244E+03
   3.8328819E+00   4.4554741E+03   4.4043335E+03
   3.8478396E+00   4.4498311E+03   4.4006997E+03
   3.8656528E+00   4.4318638E+03   4.3857432E+03
   3.8812392E+00   4.4043594E+03   4.3613525E+03
   3.8998895E+00   4.3929780E+03   4.3531611E+03
   3.9160750E+00   4.3658643E+03   4.3293931E+03
   3.9325526E+00   4.3386382E+03   4.3057856E+03
   3.9493639E+00   4.3176118E+03   4.2880376E+03
   3.9669845E+00   4.2838423E+03   4.2580415E+03
   3.9828465E+00   4.2604116E+03   4.2376206E+03
   3.9995995E+00   4.2240132E+03   4.2045103E+03
   4.0168061E+00   4.1932446E+03   4.1771274E+03
   4.0354514E+00   4.1615254E+03   4.1482925E+03
   4.0516276E+00   4.1013481E+03   4.0910847E+03
   4.0668120E+00   4.1202983E+03   4.1120376E+03
   4.0836878E+00   4.0536147E+03   4.0478557E+03
   4.1016388E+00   4.0342986E+03   4.0308071E+03
   4.1178064E+00   4.0022275E+03   4.0003594E+03
   4.1370773E+00   3.9542043E+03   3.9543811E+03
   4.1509051E+00   3.9509983E+03   3.9524050E+03
   4.1711669E+00   3.9111748E+03   3.9145347E+03
   4.1864672E+00   3.9265432E+03   3.9307727E+03
   4.2050042E+00   3.8399177E+03   3.8454729E+03
   4.2216740E+00   3.8330232E+03   3.8399224E+03
   4.2371740E+00   3.7899238E+03   3.7973638E+03
   4.2554612E+00   3.7446455E+03   3.7529480E+03
   4.2694898E+00   3.7587927E+03   3.7676877E+03
   4.2865148E+00   3.6961069E+03   3.7055581E+03
   4.3031530E+00   3.7217598E+03   3.7320657E+03
   4.3227901E+00   3.6902043E+03   3.7014260E+03
   4.3389802E+00   3.6657742E+03   3.6765095E+03
   4.3550744E+00   3.6377195E+03   3.6486289E+03
   4.3711152E+00   3.6449160E+03   3.6567588E+03
   4.3903379E+00   3.6137366E+03   3.6257336E+03
   4.4063640E+00   3.6055884E+03   3.6180562E+03
   4.4224167E+00   3.5943262E+03   3.6071184E+03
   4.4385118E+00   3.5820247E+03   3.5952139E+03
   4.4548631E+00   3.5773718E+03   3.5907542E+03
   4.4719381E+00   3.5570466E+03   3.5700620E+03
   4.4896789E+00   3.5638149E+03   3.5772498E+03
   4.5079746E+00   3.5597451E+03   3.5728284E+03
   4.5229802E+00   3.5508083E+03   3.5634561E+03
   4.5421143E+00   3.5475925E+03   3.5595686E+03
   4.5576649E+00   3.5485063E+03   3.5597825E+03
   4.5734024E+00   3.5470823E+03   3.5575720E+03
   4.5931430E+00   3.5465862E+03   3.5560576E+03
   4.6089358E+00   3.5485007E+03   3.5570725E+03
   4.6247282E+00   3.5510630E+03   3.5587717E+03
   4.6406164E+00   3.5556079E+03   3.5622048E+03
   4.6590776E+00   3.5581230E+03   3.5639221E+03
   4.6774983E+00   3.5671868E+03   3.5716289E+03
   4.6917748E+00   3.5697009E+03   3.5734656E+03
   4.7114558E+00   3.5792546E+03   3.5818662E+03
   4.7272482E+00   3.5884734E+03   3.5901660E+03
   4.7430406E+00   3.6079021E+03   3.6083359E+03
   4.7588329E+00   3.6017102E+03   3.6023638E+03
   4.7785735E+00   3.6494626E+03   3.6480024E+03
   4.7943659E+00   3.6243289E+03   3.6232974E+03
   4.8101587E+00   3.6466533E+03   3.6454338E+03
   4.8259511E+00   3.6632620E+03   3.6611592E+03
   4.8456917E+00   3.7008174E+03   3.6976348E+03
   4.8614841E+00   3.6769609E+03   3.6744536E+03
   4.8772764E+00   3.7173916E+03   3.7137649E+03
   4.8970170E+00   3.7292627E+03   3.7257188E+03
   4.9128094E+00   3.7632773E+03   3.7587537E+03
   4.9286022E+00   3.7779199E+03   3.7732358E+03
   4.9443946E+00   3.8016577E+03   3.7962974E+03
   4.9641352E+00   3.8330693E+03   3.8268940E+03
   4.9799275E+00   3.8229446E+03   3.8166558E+03
   4.9957199E+00   3.8788381E+03   3.8711655E+03
   5.0117269E+00   3.8917334E+03   3.8837981E+03
   5.0284977E+00   3.9481919E+03   3.9383208E+03
   5.0478196E+00   3.9647004E+03   3.9538140E+03
   5.0620537E+00   4.0029138E+03   3.9906880E+03
   5.0806613E+00   4.0072136E+03   3.9934583E+03
   5.0999246E+00   4.0738203E+03   4.0585781E+03
   5.1137185E+00   4.0966411E+03   4.0800344E+03
   5.1306329E+00   4.1361587E+03   4.1183989E+03
   5.1477456E+00   4.1455493E+03   4.1263423E+03
   5.1649299E+00   4.2316704E+03   4.2107998E+03
   5.1818514E+00   4.2091875E+03   4.1862983E+03
   5.1981192E+00   4.2440459E+03   4.2193813E+03
   5.2157974E+00   4.2884951E+03   4.2616606E+03
   5.2339182E+00   4.3167026E+03   4.2871494E+03
   5.2480669E+00   4.3336343E+03   4.3018394E+03
   5.2656193E+00   4.3665044E+03   4.3321479E+03
   5.2826214E+00   4.3904121E+03   4.3532231E+03
   5.2995872E+00   4.4091597E+03   4.3687979E+03
   5.3171673E+00   4.4342314E+03   4.3907979E+03
   5.3340645E+00   4.4503423E+03   4.4045815E+03
   5.3514061E+00   4.4571216E+03   4.4092319E+03
   5.3683248E+00   4.4674512E+03   4.4176401E+03
   5.3851910E+00   4.4775342E+03   4.4273628E+03
   5.4019370E+00   4.4704551E+03   4.4196680E+03
   5.4191184E+00   4.4780962E+03   4.4267012E+03
   5.4352012E+00   4.4734575E+03   4.4228672E+03
   5.4524746E+00   4.4619614E+03   4.4122144E+03
   5.4684896E+00   4.4573247E+03   4.4085879E+03
   5.4850121E+00   4.4466733E+03   4.3996704E+03
   5.5021281E+00   4.4302373E+03   4.3855347E+03
   5.5195708E+00   4.4128208E+03   4.3706763E+03
   5.5361743E+00   4.3889629E+03   4.3500630E+03
   5.5547838E+00   4.3692593E+03   4.3333599E+03
   5.5700135E+00   4.3446582E+03   4.3116602E+03
   5.5867467E+00   4.3223638E+03   4.2927275E+03
   5.6043072E+00   4.2907925E+03   4.2647349E+03
   5.6198854E+00   4.2621011E+03   4.2389419E+03
   5.6367717E+00   4.2333369E+03   4.2133062E+03
   5.6546392E+00   4.1995977E+03   4.1827319E+03
   5.6698608E+00   4.1701167E+03   4.1557563E+03
   5.6900654E+00   4.1365601E+03   4.1255347E+03
   5.7051888E+00   4.1143584E+03   4.1054971E+03
   5.7213736E+00   4.0601152E+03   4.0536560E+03
   5.7373967E+00   4.0270718E+03   4.0219504E+03
   5.7577915E+00   4.0061003E+03   4.0038567E+03
   5.7728777E+00   3.9750959E+03   3.9741372E+03
   5.7885380E+00   3.9409775E+03   3.9415698E+03
   5.8078008E+00   3.8932642E+03   3.8952478E+03
   5.8239932E+00   3.8951987E+03   3.8986692E+03
   5.8398452E+00   3.8563098E+03   3.8605244E+03
   5.8589797E+00   3.7982209E+03   3.8035984E+03
   5.8741474E+00   3.8135420E+03   3.8197578E+03
   5.8915129E+00   3.7542312E+03   3.7609084E+03
   5.9089103E+00   3.7328562E+03   3.7402395E+03
   5.9251795E+00   3.7312490E+03   3.7396235E+03
   5.9416842E+00   3.7003733E+03   3.7089663E+03
   5.9580731E+00   3.6897603E+03   3.6990554E+03
   5.9748497E+00   3.6551042E+03   3.6646445E+03
   5.9917860E+00   3.6482048E+03   3.6583467E+03
   6.0093994E+00   3.6231157E+03   3.6336128E+03
   6.0274053E+00   3.6117981E+03   3.6229941E+03
   6.0421391E+00   3.5937170E+03   3.6053123E+03
   6.0610185E+00   3.5865488E+03   3.5989180E+03
   6.0763712E+00   3.5702388E+03   3.5830786E+03
   6.0953593E+00   3.5620996E+03   3.5755396E+03
   6.1107831E+00   3.5505281E+03   3.5643545E+03
   6.1260772E+00   3.5432581E+03   3.5572366E+03
   6.1448917E+00   3.5338557E+03   3.5479006E+03
   6.1599793E+00   3.5257646E+03   3.5396243E+03
   6.1784725E+00   3.5279771E+03   3.5416768E+03
   6.1965251E+00   3.5159351E+03   3.5290139E+03
   6.2107229E+00   3.5111492E+03   3.5236990E+03
   6.2282305E+00   3.5110271E+03   3.5229868E+03
   6.2455287E+00   3.5081016E+03   3.5191133E+03
   6.2626629E+00   3.5053879E+03   3.5155271E+03
   6.2796674E+00   3.5053921E+03   3.5145913E+03
   6.2965693E+00   3.5052451E+03   3.5134490E+03
   6.3133883E+00   3.5055227E+03   3.5127061E+03
   6.3301415E+00   3.5066106E+03   3.5129851E+03
   6.3468404E+00   3.5091162E+03   3.5143369E+03
   6.3634949E+00   3.5107849E+03   3.5151292E+03
   6.3801103E+00   3.5139636E+03   3.5173391E+03
   6.3986964E+00   3.5187737E+03   3.5211504E+03
   6.4130249E+00   3.5236438E+03   3.5252380E+03
   6.4299793E+00   3.5295847E+03   3.5302161E+03
   6.4491997E+00   3.5336301E+03   3.5337271E+03
   6.4655213E+00   3.5409268E+03   3.5403540E+03
   6.4841552E+00   3.5531990E+03   3.5518218E+03
   6.4980564E+00   3.5504290E+03   3.5490781E+03
   6.5164723E+00   3.5660742E+03   3.5636877E+03
   6.5348201E+00   3.5730398E+03   3.5705725E+03
   6.5485206E+00   3.5812295E+03   3.5785488E+03
   6.5667443E+00   3.5941482E+03   3.5911436E+03
   6.5848970E+00   3.6073242E+03   3.6043066E+03
   6.5986109E+00   3.6153525E+03   3.6121655E+03
   6.6168823E+00   3.6275823E+03   3.6243850E+03
   6.6351495E+00   3.6695398E+03   3.6658079E+03
   6.6488280E+00   3.6519622E+03   3.6489331E+03
   6.6671233E+00   3.6592253E+03   3.6567974E+03
   6.6854844E+00   3.6641904E+03   3.6627783E+03
   6.6992660E+00   3.7144409E+03   3.7097434E+03
   6.7174897E+00   3.7168506E+03   3.7143418E+03
   6.7348132E+00   3.7630784E+03   3.7594976E+03
   6.7514677E+00   3.7507009E+03   3.7475476E+03
   6.7676744E+00   3.8040837E+03   3.8000532E+03
   6.7872276E+00   3.7935117E+03   3.7894583E+03
   6.8023787E+00   3.8216206E+03   3.8166970E+03
   6.8208485E+00   3.8754565E+03   3.8692520E+03
   6.8353276E+00   3.8533831E+03   3.8465884E+03
   6.8531361E+00   3.8996191E+03   3.8915652E+03
   6.8706865E+00   3.9037710E+03   3.8943796E+03
   6.8880310E+00   4.0192974E+03   4.0083721E+03
   6.9051414E+00   3.9778389E+03   3.9659397E+03
   6.9218564E+00   3.9779192E+03   3.9650898E+03
   6.9379439E+00   4.0218660E+03   4.0078589E+03
   6.9547539E+00   4.0362439E+03   4.0212263E+03
   6.9715366E+00   4.0593066E+03   4.0433127E+03
   6.9882011E+00   4.0842966E+03   4.0673586E+03
   7.0055900E+00   4.1022075E+03   4.0842068E+03
   7.0234671E+00   4.1246187E+03   4.1056040E+03
   7.0379419E+00   4.1302646E+03   4.1101226E+03
   7.0563922E+00   4.1513926E+03   4.1301987E+03
   7.0714235E+00   4.1668701E+03   4.1448306E+03
   7.0898776E+00   4.1798413E+03   4.1568223E+03
   7.1070461E+00   4.1889424E+03   4.1652085E+03
   7.1244912E+00   4.1954351E+03   4.1710366E+03
   7.1386447E+00   4.2006230E+03   4.1757720E+03
   7.1583686E+00   4.2060942E+03   4.1807026E+03
   7.1748323E+00   4.2053110E+03   4.1796714E+03
   7.1918159E+00   4.2042529E+03   4.1783882E+03
   7.2086210E+00   4.2024268E+03   4.1767622E+03
   7.2252789E+00   4.1955576E+03   4.1704248E+03
   7.2420630E+00   4.1885249E+03   4.1639072E+03
   7.2594132E+00   4.1799756E+03   4.1562915E+03
   7.2745719E+00   4.1684526E+03   4.1456016E+03
   7.2936859E+00   4.1526714E+03   4.1312075E+03
   7.3100471E+00   4.1361362E+03   4.1161064E+03
   7.3264055E+00   4.1241929E+03   4.1054155E+03
   7.3431602E+00   4.1040024E+03   4.0869839E+03
   7.3609567E+00   4.0839065E+03   4.0685266E+03
   7.3783102E+00   4.0595750E+03   4.0462109E+03
   7.3933339E+00   4.0388281E+03   4.0271106E+03
   7.4102683E+00   4.0152932E+03   4.0053696E+03
   7.4279284E+00   3.9869634E+03   3.9789551E+03
   7.4450750E+00   3.9654014E+03   3.9592234E+03
   7.4618783E+00   3.9236948E+03   3.9194419E+03
   7.4784708E+00   3.9335295E+03   3.9304343E+03
   7.4948564E+00   3.8849238E+03   3.8837563E+03
   7.5107574E+00   3.8579399E+03   3.8580815E+03
   7.5300112E+00   3.8270945E+03   3.8289270E+03
   7.5460305E+00   3.8016250E+03   3.8047227E+03
   7.5616875E+00   3.7738479E+03   3.7780686E+03
   7.5806341E+00   3.7510801E+03   3.7565593E+03
   7.5966125E+00   3.7230647E+03   3.7295293E+03
   7.6125441E+00   3.6979041E+03   3.7052725E+03
   7.6284599E+00   3.6715488E+03   3.6798430E+03
   7.6478891E+00   3.6465764E+03   3.6557852E+03
   7.6637645E+00   3.6172820E+03   3.6271423E+03
   7.6792049E+00   3.5999668E+03   3.6103960E+03
   7.6983457E+00   3.5727600E+03   3.5838281E+03
   7.7143936E+00   3.5477915E+03   3.5594551E+03
   7.7306571E+00   3.5343657E+03   3.5466284E+03
   7.7471304E+00   3.5085232E+03   3.5214434E+03
   7.7636523E+00   3.4907529E+03   3.5045618E+03
   7.7803378E+00   3.4804353E+03   3.4950542E+03
   7.7973585E+00   3.4510342E+03   3.4668718E+03
   7.8143239E+00   3.4307283E+03   3.4472900E+03
   7.8312092E+00   3.4152480E+03   3.4328926E+03
   7.8480482E+00   3.3952939E+03   3.4136990E+03
   7.8665900E+00   3.3823655E+03   3.4013406E+03
   7.8828535E+00   3.3688933E+03   3.3880786E+03
   7.9000368E+00   3.3531895E+03   3.3721670E+03
   7.9166994E+00   3.3412957E+03   3.3598088E+03
   7.9328628E+00   3.3293562E+03   3.3471243E+03
   7.9500141E+00   3.3244973E+03   3.3414021E+03
   7.9676924E+00   3.3139180E+03   3.3296650E+03
   7.9855604E+00   3.3048445E+03   3.3191238E+03
   8.0026293E+00   3.2967554E+03   3.3094719E+03
   8.0168924E+00   3.2933267E+03   3.3050452E+03
   8.0344353E+00   3.2864546E+03   3.2965547E+03
   8.0519953E+00   3.2832344E+03   3.2919246E+03
   8.0692806E+00   3.2793435E+03   3.2866089E+03
   8.0865431E+00   3.2724580E+03   3.2775645E+03
   8.1027136E+00   3.2774556E+03   3.2822815E+03
   8.1200256E+00   3.2747229E+03   3.2781794E+03
   8.1361465E+00   3.2655793E+03   3.2664792E+03
   8.1526613E+00   3.2599858E+03   3.2600840E+03
   8.1707954E+00   3.2772600E+03   3.2763975E+03
   8.1862555E+00   3.2776323E+03   3.2764890E+03
   8.2046785E+00   3.2820515E+03   3.2798008E+03
   8.2212906E+00   3.2856641E+03   3.2826523E+03
   8.2384434E+00   3.2919946E+03   3.2878860E+03
   8.2555513E+00   3.2995376E+03   3.2948020E+03
   8.2727032E+00   3.3072473E+03   3.3018167E+03
   8.2864227E+00   3.3207559E+03   3.3147139E+03
   8.3035288E+00   3.3156372E+03   3.3097451E+03
   8.3203983E+00   3.3366748E+03   3.3302339E+03
   8.3370924E+00   3.3414197E+03   3.3346682E+03
   8.3569517E+00   3.3688250E+03   3.3618931E+03
   8.3723965E+00   3.3792092E+03   3.3722700E+03
   8.3879786E+00   3.3989124E+03   3.3920637E+03
   8.4052696E+00   3.4177920E+03   3.4111687E+03
   8.4243279E+00   3.4422131E+03   3.4358809E+03
   8.4386950E+00   3.4551223E+03   3.4490029E+03
   8.4559183E+00   3.4809553E+03   3.4751284E+03
   8.4733219E+00   3.5095188E+03   3.5038276E+03
   8.4905481E+00   3.5336001E+03   3.5281045E+03
   8.5077438E+00   3.5626633E+03   3.5570320E+03
   8.5250988E+00   3.5996072E+03   3.5936497E+03
   8.5399237E+00   3.6143516E+03   3.6082854E+03
   8.5579538E+00   3.6565476E+03   3.6499043E+03
   8.5762482E+00   3.7014885E+03   3.6937500E+03
   8.5919724E+00   3.7267925E+03   3.7179294E+03
   8.6080389E+00   3.7419329E+03   3.7317693E+03
   8.6273289E+00   3.8101956E+03   3.7978550E+03
   8.6429358E+00   3.8334717E+03   3.8196699E+03
   8.6592379E+00   3.8780679E+03   3.8626035E+03
   8.6757450E+00   3.9126187E+03   3.8956860E+03
   8.6919117E+00   3.9398193E+03   3.9213755E+03
   8.7100248E+00   3.9864800E+03   3.9665007E+03
   8.7279434E+00   4.0205745E+03   3.9989412E+03
   8.7428999E+00   4.0448064E+03   4.0217344E+03
   8.7610626E+00   4.0766492E+03   4.0516965E+03
   8.7764521E+00   4.1108896E+03   4.0844695E+03
   8.7944307E+00   4.1329731E+03   4.1045391E+03
   8.8115683E+00   4.1638101E+03   4.1338569E+03
   8.8278933E+00   4.1755713E+03   4.1439458E+03
   8.8461494E+00   4.1943330E+03   4.1614282E+03
   8.8610783E+00   4.2044941E+03   4.1709028E+03
   8.8778620E+00   4.2137393E+03   4.1794292E+03
   8.8964643E+00   4.2193120E+03   4.1845225E+03
   8.9132996E+00   4.2169805E+03   4.1821094E+03
   8.9292164E+00   4.2142480E+03   4.1799077E+03
   8.9466209E+00   4.2109492E+03   4.1776777E+03
   8.9641895E+00   4.2023774E+03   4.1703965E+03
   8.9805517E+00   4.1981929E+03   4.1670693E+03
   8.9972095E+00   4.1748242E+03   4.1470723E+03
   9.0136194E+00   4.1641558E+03   4.1378164E+03
   9.0302763E+00   4.1387666E+03   4.1153057E+03
   9.0477848E+00   4.1220161E+03   4.1013203E+03
   9.0645761E+00   4.0856545E+03   4.0682493E+03
   9.0820122E+00   4.0593384E+03   4.0441123E+03
   9.0972567E+00   4.0422061E+03   4.0295588E+03
   9.1138802E+00   4.0058333E+03   3.9955874E+03
   9.1331568E+00   3.9753616E+03   3.9684128E+03
   9.1483879E+00   3.9314656E+03   3.9271248E+03
   9.1665354E+00   3.9072009E+03   3.9049775E+03
   9.1826820E+00   3.8573567E+03   3.8574133E+03
   9.1992054E+00   3.8371375E+03   3.8387625E+03
   9.2155685E+00   3.7966978E+03   3.8001848E+03
   9.2343903E+00   3.7481440E+03   3.7533701E+03
   9.2501659E+00   3.7326331E+03   3.7391162E+03
   9.2658510E+00   3.6920540E+03   3.6997651E+03
   9.2839689E+00   3.6513210E+03   3.6603618E+03
   9.3019161E+00   3.6224548E+03   3.6325168E+03
   9.3188076E+00   3.5793059E+03   3.5903354E+03
   9.3336077E+00   3.5579741E+03   3.5694778E+03
   9.3509569E+00   3.5118218E+03   3.5240403E+03
   9.3675594E+00   3.5055027E+03   3.5182458E+03
   9.3844137E+00   3.4668005E+03   3.4799573E+03
   9.4016447E+00   3.4421233E+03   3.4559189E+03
   9.4181566E+00   3.4166672E+03   3.4311946E+03
   9.4371185E+00   3.3906855E+03   3.4061431E+03
   9.4537163E+00   3.3714207E+03   3.3878267E+03
   9.4702263E+00   3.3521726E+03   3.3694414E+03
   9.4869585E+00   3.3323110E+03   3.3504585E+03
   9.5035524E+00   3.3170166E+03   3.3358616E+03
   9.5200882E+00   3.3021777E+03   3.3214438E+03
   9.5372677E+00   3.2883103E+03   3.3079011E+03
   9.5539494E+00   3.2775818E+03   3.2969746E+03
   9.5707541E+00   3.2642920E+03   3.2830439E+03
   9.5882187E+00   3.2553506E+03   3.2733318E+03
   9.6036568E+00   3.2488003E+03   3.2658020E+03
   9.6208763E+00   3.2423247E+03   3.2580359E+03
   9.6383514E+00   3.2394285E+03   3.2539558E+03
   9.6553192E+00   3.2431265E+03   3.2566250E+03
   9.6725636E+00   3.2290896E+03   3.2404897E+03
   9.6900921E+00   3.2233057E+03   3.2332949E+03
   9.7050056E+00   3.2296379E+03   3.2384531E+03
   9.7226181E+00   3.2262390E+03   3.2336028E+03
   9.7400541E+00   3.2266587E+03   3.2327278E+03
   9.7572155E+00   3.2278125E+03   3.2327080E+03
   9.7741566E+00   3.2289480E+03   3.2327441E+03
   9.7907429E+00   3.2314082E+03   3.2341638E+03
   9.8073845E+00   3.2336223E+03   3.2354299E+03
   9.8236465E+00   3.2397605E+03   3.2403003E+03
   9.8400488E+00   3.2411638E+03   3.2407297E+03
   9.8572817E+00   3.2459727E+03   3.2439023E+03
   9.8746881E+00   3.2557739E+03   3.2535833E+03
   9.8915224E+00   3.2641399E+03   3.2608999E+03
   9.9094982E+00   3.2691614E+03   3.2651116E+03
   9.9256220E+00   3.2801575E+03   3.2753521E+03
   9.9417009E+00   3.2869463E+03   3.2817393E+03
   9.9603920E+00   3.3029915E+03   3.2970354E+03
   9.9763346E+00   3.3094077E+03   3.3032173E+03
   9.9920883E+00   3.3314968E+03   3.3246030E+03
   1.0010486E+01   3.3331812E+03   3.3264739E+03
   1.0026188E+01   3.3550596E+03   3.3479385E+03
   1.0044050E+01   3.3708870E+03   3.3639727E+03
   1.0060414E+01   3.3889856E+03   3.3823167E+03
   1.0077678E+01   3.4297468E+03   3.4228005E+03
   1.0094177E+01   3.4118394E+03   3.4057825E+03
   1.0109969E+01   3.4514243E+03   3.4449915E+03
   1.0128393E+01   3.4944121E+03   3.4882991E+03
   1.0144636E+01   3.4971497E+03   3.4909463E+03
   1.0162844E+01   3.5221445E+03   3.5165933E+03
   1.0178985E+01   3.5553037E+03   3.5501292E+03
   1.0195217E+01   3.5830676E+03   3.5776042E+03
   1.0211431E+01   3.6027468E+03   3.5972073E+03
   1.0230428E+01   3.6475833E+03   3.6410999E+03
   1.0246529E+01   3.6709053E+03   3.6635610E+03
   1.0262520E+01   3.6892261E+03   3.6810032E+03
   1.0280806E+01   3.7508645E+03   3.7407769E+03
   1.0296330E+01   3.7744507E+03   3.7629988E+03
   1.0313489E+01   3.7991785E+03   3.7860232E+03
   1.0330768E+01   3.8458889E+03   3.8311799E+03
   1.0348386E+01   3.8755303E+03   3.8593540E+03
   1.0363877E+01   3.9124019E+03   3.8950469E+03
   1.0381540E+01   3.9457800E+03   3.9268560E+03
   1.0399014E+01   3.9754993E+03   3.9549978E+03
   1.0414167E+01   4.0107900E+03   3.9889700E+03
   1.0431539E+01   4.0321775E+03   4.0086099E+03
   1.0448833E+01   4.0613640E+03   4.0359146E+03
   1.0466413E+01   4.0968154E+03   4.0696155E+03
   1.0481873E+01   4.1124478E+03   4.0836797E+03
   1.0499561E+01   4.1331587E+03   4.1028452E+03
   1.0517239E+01   4.1538379E+03   4.1225420E+03
   1.0532721E+01   4.1609556E+03   4.1290020E+03
   1.0550920E+01   4.1725518E+03   4.1395835E+03
   1.0567837E+01   4.1771968E+03   4.1439526E+03
   1.0583141E+01   4.1779092E+03   4.1444546E+03
   1.0601151E+01   4.1776230E+03   4.1444849E+03
   1.0617737E+01   4.1719639E+03   4.1400630E+03
   1.0633897E+01   4.1623623E+03   4.1313730E+03
   1.0651700E+01   4.1597070E+03   4.1303330E+03
   1.0667350E+01   4.1348662E+03   4.1073267E+03
   1.0684731E+01   4.1244741E+03   4.0991826E+03
   1.0702503E+01   4.1042144E+03   4.0809565E+03
   1.0718485E+01   4.0876953E+03   4.0673020E+03
   1.0736020E+01   4.0584675E+03   4.0407161E+03
   1.0752181E+01   4.0278430E+03   4.0128789E+03
   1.0769732E+01   3.9974614E+03   3.9851565E+03
   1.0786132E+01   3.9761812E+03   3.9665559E+03
   1.0803315E+01   3.9448926E+03   3.9378516E+03
   1.0820406E+01   3.9017156E+03   3.8967871E+03
   1.0837261E+01   3.8774500E+03   3.8748523E+03
   1.0853723E+01   3.8484824E+03   3.8479521E+03
   1.0870277E+01   3.8055684E+03   3.8066960E+03
   1.0886827E+01   3.7737783E+03   3.7757913E+03
   1.0903660E+01   3.7443716E+03   3.7487178E+03
   1.0920856E+01   3.7134661E+03   3.7187246E+03
   1.0937966E+01   3.6327080E+03   3.6398176E+03
   1.0955702E+01   3.5980132E+03   3.6050886E+03
   1.0971797E+01   3.6131042E+03   3.6212546E+03
   1.0988111E+01   3.5828503E+03   3.5922837E+03
   1.1006283E+01   3.5427104E+03   3.5527234E+03
   1.1021856E+01   3.5293057E+03   3.5400161E+03
   1.1039654E+01   3.5026470E+03   3.5138879E+03
   1.1055706E+01   3.4953894E+03   3.5072517E+03
   1.1073652E+01   3.4500366E+03   3.4625029E+03
   1.1090046E+01   3.4187915E+03   3.4317949E+03
   1.1106524E+01   3.3951079E+03   3.4085156E+03
   1.1123101E+01   3.3790247E+03   3.3935623E+03
   1.1139967E+01   3.3655903E+03   3.3808413E+03
   1.1157177E+01   3.3423057E+03   3.3575620E+03
   1.1174777E+01   3.3261431E+03   3.3434167E+03
   1.1192049E+01   3.3107295E+03   3.3289292E+03
   1.1208367E+01   3.3065906E+03   3.3257295E+03
   1.1225789E+01   3.2852549E+03   3.3041831E+03
   1.1241383E+01   3.2788960E+03   3.2973999E+03
   1.1258734E+01   3.2465530E+03   3.2641606E+03
   1.1275622E+01   3.2510454E+03   3.2681187E+03
   1.1291996E+01   3.2457927E+03   3.2618584E+03
   1.1310043E+01   3.2401572E+03   3.2551772E+03
   1.1326553E+01   3.2411570E+03   3.2551345E+03
   1.1343118E+01   3.2343455E+03   3.2468098E+03
   1.1359487E+01   3.2329768E+03   3.2438945E+03
   1.1377870E+01   3.2261030E+03   3.2353621E+03
   1.1394753E+01   3.2242944E+03   3.2330513E+03
   1.1411188E+01   3.2346079E+03   3.2424958E+03
   1.1427444E+01   3.2261299E+03   3.2321199E+03
   1.1443983E+01   3.2239116E+03   3.2277937E+03
   1.1461123E+01   3.2238352E+03   3.2269719E+03
   1.1477634E+01   3.2280913E+03   3.2305745E+03
   1.1495414E+01   3.2301748E+03   3.2322263E+03
   1.1511846E+01   3.2342163E+03   3.2354307E+03
   1.1528434E+01   3.2394324E+03   3.2395750E+03
   1.1545531E+01   3.2424819E+03   3.2416865E+03
   1.1562638E+01   3.2489299E+03   3.2472046E+03
   1.1579613E+01   3.2566448E+03   3.2541804E+03
   1.1597012E+01   3.2607825E+03   3.2577097E+03
   1.1614311E+01   3.2716560E+03   3.2676355E+03
   1.1629358E+01   3.2762793E+03   3.2719900E+03
   1.1646403E+01   3.2868892E+03   3.2819133E+03
   1.1663423E+01   3.2987874E+03   3.2931792E+03
   1.1680334E+01   3.3088730E+03   3.3029285E+03
   1.1697096E+01   3.3120833E+03   3.3062595E+03
   1.1713737E+01   3.3368489E+03   3.3307141E+03
   1.1732310E+01   3.3510491E+03   3.3445115E+03
   1.1748668E+01   3.3686843E+03   3.3620852E+03
   1.1764891E+01   3.3634570E+03   3.3574924E+03
   1.1782799E+01   3.3891338E+03   3.3826492E+03
   1.1798575E+01   3.4828770E+03   3.4755356E+03
   1.1815674E+01   3.4603567E+03   3.4537092E+03
   1.1832188E+01   3.4657375E+03   3.4602971E+03
   1.1850351E+01   3.4942222E+03   3.4880339E+03
   1.1866245E+01   3.5180420E+03   3.5124521E+03
   1.1883891E+01   3.5891519E+03   3.5833708E+03
   1.1900833E+01   3.5956365E+03   3.5880291E+03
   1.1916446E+01   3.5963862E+03   3.5902126E+03
   1.1933799E+01   3.6449126E+03   3.6382971E+03
   1.1950914E+01   3.6808892E+03   3.6718420E+03
   1.1968122E+01   3.6995088E+03   3.6898677E+03
   1.1985559E+01   3.7538376E+03   3.7424548E+03
   1.2001423E+01   3.7748706E+03   3.7621709E+03
   1.2019118E+01   3.8102461E+03   3.7960259E+03
   1.2034980E+01   3.8470417E+03   3.8315120E+03
   1.2052611E+01   3.8766455E+03   3.8598804E+03
   1.2069706E+01   3.9114910E+03   3.8933540E+03
   1.2086866E+01   3.9513835E+03   3.9320266E+03
   1.2102256E+01   3.9720601E+03   3.9513369E+03
   1.2119208E+01   4.0048416E+03   3.9827288E+03
   1.2136187E+01   4.0251599E+03   4.0013772E+03
   1.2153193E+01   4.0593645E+03   4.0341787E+03
   1.2170037E+01   4.0779822E+03   4.0511919E+03
   1.2187131E+01   4.0941155E+03   4.0657935E+03
   1.2204499E+01   4.1178853E+03   4.0886453E+03
   1.2220561E+01   4.1238262E+03   4.0935527E+03
   1.2238567E+01   4.1315205E+03   4.1009844E+03
   1.2255573E+01   4.1408135E+03   4.1101582E+03
   1.2272146E+01   4.1427095E+03   4.1119551E+03
   1.2288909E+01   4.1386040E+03   4.1083120E+03
   1.2305574E+01   4.1342334E+03   4.1048037E+03
   1.2322828E+01   4.1280684E+03   4.0996899E+03
   1.2339439E+01   4.1175347E+03   4.0911077E+03
   1.2356626E+01   4.1008413E+03   4.0761863E+03
   1.2372978E+01   4.0887136E+03   4.0673818E+03
   1.2389886E+01   4.0750339E+03   4.0552439E+03
   1.2406939E+01   4.0429316E+03   4.0253381E+03
   1.2423916E+01   4.0202205E+03   4.0044529E+03
   1.2441101E+01   3.9827354E+03   3.9708430E+03
   1.2457039E+01   3.9808762E+03   3.9713225E+03
   1.2474642E+01   3.9288918E+03   3.9217871E+03
   1.2491069E+01   3.9187681E+03   3.9146650E+03
   1.2507711E+01   3.8572251E+03   3.8543972E+03
   1.2525545E+01   3.8449053E+03   3.8436401E+03
   1.2541439E+01   3.8019636E+03   3.8033022E+03
   1.2558819E+01   3.7654058E+03   3.7684622E+03
   1.2574950E+01   3.7502520E+03   3.7540166E+03
   1.2592749E+01   3.6917649E+03   3.6965708E+03
   1.2609172E+01   3.6821125E+03   3.6884482E+03
   1.2625802E+01   3.6452363E+03   3.6524482E+03
   1.2642759E+01   3.6063257E+03   3.6142742E+03
   1.2659927E+01   3.6177285E+03   3.6265071E+03
   1.2677130E+01   3.5262429E+03   3.5362488E+03
   1.2693653E+01   3.5050557E+03   3.5147942E+03
   1.2710009E+01   3.4772898E+03   3.4873433E+03
   1.2728009E+01   3.4538579E+03   3.4646580E+03
   1.2744611E+01   3.4312366E+03   3.4428057E+03
   1.2761417E+01   3.3862407E+03   3.3979568E+03
   1.2778043E+01   3.3808608E+03   3.3934822E+03
   1.2794793E+01   3.3585862E+03   3.3719626E+03
   1.2811749E+01   3.3407212E+03   3.3549495E+03
   1.2828955E+01   3.3166499E+03   3.3319001E+03
   1.2844895E+01   3.3010461E+03   3.3172405E+03
   1.2862470E+01   3.2844385E+03   3.3015701E+03
   1.2878644E+01   3.2739460E+03   3.2916301E+03
   1.2896648E+01   3.2547356E+03   3.2728169E+03
   1.2912727E+01   3.2386721E+03   3.2584187E+03
   1.2930054E+01   3.2178428E+03   3.2344514E+03
   1.2947240E+01   3.2194707E+03   3.2368418E+03
   1.2964412E+01   3.2083010E+03   3.2248250E+03
   1.2980255E+01   3.2062378E+03   3.2221238E+03
   1.2997631E+01   3.1973833E+03   3.2121292E+03
   1.3015210E+01   3.1904158E+03   3.2035920E+03
   1.3031722E+01   3.1893708E+03   3.2016282E+03
   1.3048530E+01   3.1869016E+03   3.1978582E+03
   1.3065335E+01   3.1843767E+03   3.1940000E+03
   1.3082177E+01   3.1827847E+03   3.1914067E+03
   1.3099061E+01   3.1805029E+03   3.1879412E+03
   1.3115959E+01   3.1785161E+03   3.1841047E+03
   1.3132846E+01   3.1799482E+03   3.1853511E+03
   1.3149707E+01   3.1792783E+03   3.1835605E+03
   1.3166327E+01   3.1813706E+03   3.1848696E+03
   1.3182716E+01   3.1849133E+03   3.1857559E+03
   1.3200732E+01   3.1869355E+03   3.1876663E+03
   1.3216422E+01   3.1860217E+03   3.1867246E+03
   1.3233817E+01   3.1903748E+03   3.1901646E+03
   1.3250216E+01   3.1977273E+03   3.1965291E+03
   1.3267956E+01   3.2011541E+03   3.1994448E+03
   1.3284218E+01   3.2028027E+03   3.1995461E+03
   1.3301198E+01   3.2225654E+03   3.2185195E+03
   1.3318371E+01   3.2200977E+03   3.2157969E+03
   1.3335715E+01   3.2197080E+03   3.2144607E+03
   1.3351223E+01   3.2354568E+03   3.2297166E+03
   1.3368334E+01   3.2559453E+03   3.2496299E+03
   1.3385308E+01   3.2701294E+03   3.2652344E+03
   1.3402171E+01   3.2686941E+03   3.2626226E+03
   1.3418905E+01   3.2871313E+03   3.2807444E+03
   1.3437160E+01   3.3000938E+03   3.2934197E+03
   1.3453622E+01   3.3251079E+03   3.3184854E+03
   1.3469967E+01   3.3400781E+03   3.3334587E+03
   1.3487794E+01   3.3518630E+03   3.3456206E+03
   1.3503910E+01   3.3847754E+03   3.3786763E+03
   1.3521214E+01   3.3957029E+03   3.3895620E+03
   1.3538413E+01   3.4244780E+03   3.4183208E+03
   1.3554998E+01   3.4468701E+03   3.4409631E+03
   1.3570971E+01   3.4806123E+03   3.4741919E+03
   1.3587849E+01   3.4994402E+03   3.4927961E+03
   1.3605674E+01   3.5314441E+03   3.5250791E+03
   1.3621981E+01   3.5506523E+03   3.5429927E+03
   1.3639641E+01   3.5806162E+03   3.5723462E+03
   1.3656029E+01   3.6189668E+03   3.6095144E+03
   1.3672471E+01   3.6626892E+03   3.6523977E+03
   1.3690355E+01   3.6977217E+03   3.6855688E+03
   1.3707035E+01   3.7167166E+03   3.7026907E+03
   1.3723821E+01   3.7600266E+03   3.7449790E+03
   1.3740677E+01   3.7917737E+03   3.7753823E+03
   1.3757584E+01   3.8272847E+03   3.8096248E+03
   1.3774208E+01   3.8616033E+03   3.8427891E+03
   1.3791456E+01   3.8952798E+03   3.8751777E+03
   1.3808349E+01   3.9259746E+03   3.9043379E+03
   1.3825161E+01   3.9597112E+03   3.9366853E+03
   1.3841965E+01   3.9803770E+03   3.9556375E+03
   1.3858802E+01   4.0096638E+03   3.9834199E+03
   1.3875715E+01   4.0331965E+03   4.0052859E+03
   1.3892686E+01   4.0427473E+03   4.0133237E+03
   1.3909722E+01   4.0650522E+03   4.0348562E+03
   1.3925499E+01   4.0760684E+03   4.0454973E+03
   1.3942834E+01   4.0874829E+03   4.0556169E+03
   1.3960148E+01   4.0897034E+03   4.0577849E+03
   1.3976109E+01   4.0878652E+03   4.0562192E+03
   1.3993422E+01   4.0880259E+03   4.0562561E+03
   1.4010729E+01   4.0959866E+03   4.0649788E+03
   1.4026695E+01   4.0663789E+03   4.0390857E+03
   1.4044045E+01   4.0615002E+03   4.0352327E+03
   1.4061198E+01   4.0355352E+03   4.0119797E+03
   1.4077417E+01   4.0234192E+03   4.0022971E+03
   1.4095074E+01   4.0095210E+03   3.9897805E+03
   1.4111278E+01   3.9679246E+03   3.9522061E+03
   1.4128256E+01   3.9313271E+03   3.9174253E+03
   1.4145441E+01   3.9431416E+03   3.9299690E+03
   1.4162459E+01   3.9002322E+03   3.8931111E+03
   1.4178660E+01   3.8483030E+03   3.8423306E+03
   1.4196196E+01   3.8429060E+03   3.8400757E+03
   1.4212772E+01   3.8004375E+03   3.8005312E+03
   1.4229594E+01   3.7079519E+03   3.7108794E+03
   1.4246606E+01   3.7307119E+03   3.7354495E+03
   1.4263848E+01   3.7109622E+03   3.7112886E+03
   1.4280020E+01   3.7094446E+03   3.7180593E+03
   1.4296901E+01   3.5951658E+03   3.6018879E+03
   1.4313685E+01   3.5966069E+03   3.6033687E+03
   1.4330765E+01   3.5678362E+03   3.5764712E+03
   1.4347930E+01   3.5298245E+03   3.5381860E+03
   1.4365208E+01   3.4864978E+03   3.4914414E+03
   1.4381496E+01   3.4475000E+03   3.4553850E+03
   1.4399046E+01   3.4132324E+03   3.4231946E+03
   1.4415186E+01   3.3933459E+03   3.4037124E+03
   1.4432572E+01   3.3644941E+03   3.3755942E+03
   1.4448714E+01   3.3470500E+03   3.3607849E+03
   1.4466094E+01   3.2979614E+03   3.3111611E+03
   1.4483577E+01   3.2605273E+03   3.2743503E+03
   1.4499826E+01   3.2736338E+03   3.2877236E+03
   1.4517422E+01   3.2272891E+03   3.2415146E+03
   1.4533911E+01   3.1931133E+03   3.2085945E+03
   1.4550599E+01   3.2105737E+03   3.2271650E+03
   1.4567422E+01   3.1967090E+03   3.2139792E+03
   1.4584329E+01   3.1995359E+03   3.2176792E+03
   1.4601317E+01   3.1731321E+03   3.1907422E+03
   1.4618382E+01   3.1676782E+03   3.1846865E+03
   1.4635509E+01   3.1556292E+03   3.1717480E+03
   1.4651316E+01   3.1463145E+03   3.1624229E+03
   1.4668380E+01   3.1367913E+03   3.1519248E+03
   1.4685250E+01   3.1359795E+03   3.1501919E+03
   1.4702244E+01   3.1328914E+03   3.1463665E+03
   1.4719237E+01   3.1288323E+03   3.1408501E+03
   1.4736111E+01   3.1259304E+03   3.1366418E+03
   1.4752778E+01   3.1223586E+03   3.1318713E+03
   1.4769517E+01   3.1191890E+03   3.1275117E+03
   1.4787460E+01   3.1360664E+03   3.1434880E+03
   1.4803686E+01   3.1211230E+03   3.1276472E+03
   1.4821047E+01   3.1217686E+03   3.1272124E+03
   1.4838103E+01   3.1215251E+03   3.1261372E+03
   1.4854889E+01   3.1237920E+03   3.1275320E+03
   1.4871535E+01   3.1262517E+03   3.1289512E+03
   1.4887864E+01   3.1288416E+03   3.1306865E+03
   1.4905334E+01   3.1345544E+03   3.1351167E+03
   1.4921938E+01   3.1378828E+03   3.1376592E+03
   1.4938321E+01   3.1437373E+03   3.1431702E+03
   1.4955782E+01   3.1441736E+03   3.1427710E+03
   1.4972472E+01   3.1522515E+03   3.1498167E+03
   1.4989025E+01   3.1584929E+03   3.1556672E+03
   1.5005953E+01   3.1690923E+03   3.1656213E+03
   1.5023167E+01   3.1656912E+03   3.1612705E+03
   1.5040473E+01   3.1958682E+03   3.1912183E+03
   1.5057170E+01   3.1898582E+03   3.1852417E+03
   1.5073966E+01   3.2046785E+03   3.1998594E+03
   1.5090199E+01   3.2251443E+03   3.2195293E+03
   1.5107805E+01   3.2332024E+03   3.2264521E+03
   1.5125122E+01   3.2372080E+03   3.2312324E+03
   1.5140877E+01   3.2643210E+03   3.2581187E+03
   1.5158571E+01   3.3155317E+03   3.3089009E+03
   1.5174629E+01   3.3005986E+03   3.2946033E+03
   1.5192376E+01   3.3199924E+03   3.3141162E+03
   1.5209290E+01   3.3408357E+03   3.3349885E+03
   1.5225467E+01   3.3762200E+03   3.3707832E+03
   1.5242373E+01   3.3919023E+03   3.3859487E+03
   1.5259159E+01   3.4661572E+03   3.4594863E+03
   1.5276876E+01   3.5015581E+03   3.4944512E+03
   1.5293352E+01   3.4552310E+03   3.4484165E+03
   1.5309876E+01   3.5321018E+03   3.5250059E+03
   1.5327518E+01   3.5338364E+03   3.5245884E+03
   1.5344147E+01   3.6012212E+03   3.5905420E+03
   1.5360794E+01   3.6011643E+03   3.5898159E+03
   1.5377474E+01   3.6500374E+03   3.6367876E+03
   1.5394143E+01   3.6868760E+03   3.6720852E+03
   1.5411837E+01   3.7183137E+03   3.7019094E+03
   1.5428493E+01   3.7513726E+03   3.7335464E+03
   1.5445129E+01   3.7873926E+03   3.7682019E+03
   1.5462442E+01   3.8184297E+03   3.7976887E+03
   1.5478614E+01   3.8669539E+03   3.8448894E+03
   1.5495753E+01   3.8842764E+03   3.8603286E+03
   1.5512770E+01   3.9170352E+03   3.8913884E+03
   1.5529763E+01   3.9513540E+03   3.9234292E+03
   1.5546762E+01   3.9709734E+03   3.9410789E+03
   1.5563801E+01   4.0043406E+03   3.9728960E+03
   1.5579829E+01   4.0187034E+03   3.9861270E+03
   1.5596932E+01   4.0359282E+03   4.0021521E+03
   1.5614176E+01   4.0464023E+03   4.0114585E+03
   1.5630388E+01   4.0519409E+03   4.0165186E+03
   1.5647627E+01   4.0661074E+03   4.0321479E+03
   1.5664880E+01   4.0555037E+03   4.0203411E+03
   1.5681111E+01   4.0492498E+03   4.0155342E+03
   1.5698359E+01   4.0389453E+03   4.0073059E+03
   1.5715711E+01   4.0299824E+03   3.9986606E+03
   1.5732003E+01   4.0231975E+03   3.9944575E+03
   1.5749285E+01   3.9947275E+03   3.9693135E+03
   1.5765434E+01   3.9920803E+03   3.9679224E+03
   1.5782385E+01   3.9326992E+03   3.9167495E+03
   1.5799616E+01   3.9104253E+03   3.8940552E+03
   1.5816556E+01   3.9190864E+03   3.9044902E+03
   1.5833338E+01   3.8577759E+03   3.8468218E+03
   1.5850644E+01   3.8354590E+03   3.8280869E+03
   1.5867106E+01   3.8036375E+03   3.7989170E+03
   1.5883692E+01   3.7769248E+03   3.7744526E+03
   1.5901368E+01   3.7335203E+03   3.7331311E+03
   1.5917400E+01   3.6977744E+03   3.6993059E+03
   1.5934522E+01   3.6546970E+03   3.6576570E+03
   1.5951782E+01   3.6265684E+03   3.6310723E+03
   1.5968123E+01   3.6216938E+03   3.6267317E+03
   1.5984945E+01   3.5450718E+03   3.5518596E+03
   1.6002678E+01   3.5287090E+03   3.5363948E+03
   1.6019547E+01   3.4778386E+03   3.4859890E+03
   1.6035595E+01   3.4608843E+03   3.4691301E+03
   1.6052643E+01   3.4230398E+03   3.4318745E+03
   1.6069773E+01   3.4040837E+03   3.4131990E+03
   1.6087088E+01   3.3556716E+03   3.3651326E+03
   1.6103502E+01   3.3541104E+03   3.3628604E+03
   1.6119928E+01   3.3198398E+03   3.3313313E+03
   1.6137344E+01   3.2880125E+03   3.2984878E+03
   1.6153770E+01   3.2651736E+03   3.2765413E+03
   1.6171160E+01   3.2493127E+03   3.2599883E+03
   1.6187675E+01   3.2404639E+03   3.2530791E+03
   1.6204367E+01   3.2197896E+03   3.2328013E+03
   1.6221207E+01   3.2002183E+03   3.2139749E+03
   1.6238192E+01   3.1659893E+03   3.1797439E+03
   1.6255320E+01   3.1731870E+03   3.1878401E+03
   1.6272551E+01   3.1688167E+03   3.1838433E+03
   1.6288851E+01   3.1514175E+03   3.1665332E+03
   1.6306255E+01   3.1429556E+03   3.1573606E+03
   1.6322680E+01   3.1374561E+03   3.1514531E+03
   1.6340128E+01   3.1316694E+03   3.1449966E+03
   1.6356552E+01   3.1281179E+03   3.1406594E+03
   1.6374004E+01   3.1230229E+03   3.1347778E+03
   1.6390436E+01   3.1185713E+03   3.1294612E+03
   1.6406874E+01   3.1186338E+03   3.1287297E+03
   1.6424349E+01   3.1168223E+03   3.1260002E+03
   1.6440809E+01   3.1300581E+03   3.1396174E+03
   1.6458298E+01   3.1131470E+03   3.1205537E+03
   1.6474806E+01   3.1141880E+03   3.1207932E+03
   1.6491352E+01   3.1154805E+03   3.1214041E+03
   1.6508989E+01   3.1151475E+03   3.1201709E+03
   1.6525640E+01   3.1163928E+03   3.1206719E+03
   1.6542196E+01   3.1175020E+03   3.1211133E+03
   1.6559711E+01   3.1190740E+03   3.1220776E+03
   1.6576178E+01   3.1229863E+03   3.1250967E+03
   1.6592585E+01   3.1248159E+03   3.1261589E+03
   1.6609858E+01   3.1278354E+03   3.1288245E+03
   1.6627062E+01   3.1185601E+03   3.1200122E+03
   1.6643417E+01   3.1404607E+03   3.1397988E+03
   1.6660740E+01   3.1555981E+03   3.1536077E+03
   1.6677074E+01   3.1440190E+03   3.1423403E+03
   1.6694681E+01   3.1605198E+03   3.1581519E+03
   1.6711290E+01   3.1622000E+03   3.1594453E+03
   1.6728203E+01   3.1763171E+03   3.1730293E+03
   1.6745399E+01   3.1999060E+03   3.1958994E+03
   1.6761623E+01   3.2013762E+03   3.1971196E+03
   1.6778990E+01   3.2356125E+03   3.2313020E+03
   1.6795231E+01   3.2178630E+03   3.2128296E+03
   1.6812674E+01   3.2398633E+03   3.2350352E+03
   1.6829016E+01   3.2606250E+03   3.2555198E+03
   1.6845966E+01   3.2706382E+03   3.2654651E+03
   1.6863518E+01   3.2692000E+03   3.2644348E+03
   1.6880322E+01   3.3022756E+03   3.2976013E+03
