  flscon:  version 23.2.0.01  win64 2022 
 FLOW-3D   11:55:37  02/12/2024 urib     
   hydr3d   version  23.2.0.20 win64     12/04/2023 HYDRO    
 Simulation Template: Free Surface - TruVOF (Default)                            

Mesh Block   1
 printing pfxob, pfyob, pfzob       
       1      997      0.000E+00      3.376E+00
   time              pfxob_1         pfyob_1         pfzob_1
   0.0000000E+00  -1.4429529E-03   5.4884276E+00   2.2433159E+00
   3.3760001E-03  -8.2138941E-02  -1.2260171E+02   1.3514119E+00
   6.1947335E-03   1.5418021E-03   4.2268147E+00   2.3236821E+00
   8.8725304E-03  -5.5502555E-03   5.0044489E+00   2.4074945E+00
   1.4087540E-02   3.5948853E-04   4.8985934E+00   2.3989103E+00
   1.6892198E-02  -2.4005856E-05   4.9896894E+00   2.3822088E+00
   1.9837089E-02   1.0155647E-03   5.0548639E+00   2.3693326E+00
   2.2929223E-02   1.7630503E-03   5.1040339E+00   2.3559971E+00
   2.6175966E-02  -3.5813580E-05   5.2588081E+00   2.3555596E+00
   2.9585045E-02   2.1825626E-04   5.3078589E+00   2.3487649E+00
   3.3164576E-02   1.9699309E-03   5.3844786E+00   2.3487430E+00
   3.6923088E-02   2.8710430E-03   5.4571657E+00   2.3514748E+00
   4.0859632E-02   2.7293812E-03   5.5467896E+00   2.3528786E+00
   4.4887543E-02   3.8531886E-03   5.6396241E+00   2.3554106E+00
   4.9022891E-02   5.3349347E-03   5.7409945E+00   2.3530028E+00
   5.3280078E-02   5.9748436E-03   5.8449488E+00   2.3566120E+00
   5.7672821E-02   4.1229390E-03   5.9507384E+00   2.3575151E+00
   6.2215462E-02   7.8657595E-03   6.0560470E+00   2.3625109E+00
   6.6923670E-02   8.9462651E-03   6.1678743E+00   2.3632870E+00
   7.1666650E-02   5.3517041E-03   6.2902536E+00   2.3644109E+00
   7.5553983E-02   9.6110441E-03   6.4187984E+00   2.3665597E+00
   7.9441980E-02   4.9023447E-03   6.5033460E+00   2.3645833E+00
   8.3524369E-02   6.7567606E-03   6.6115966E+00   2.3650062E+00
   8.7729111E-02   4.8093540E-03   6.7277508E+00   2.3623784E+00
   9.1675550E-02   4.6955664E-03   6.8497238E+00   2.3669982E+00
   9.5669374E-02   7.3449188E-03   6.9223442E+00   2.3665080E+00
   9.9540539E-02   2.5996044E-03   7.0639601E+00   2.3623161E+00
   1.0303039E-01   6.1171958E-03   7.1536579E+00   2.3617554E+00
   1.0669474E-01   3.9044223E-03   7.2572746E+00   2.3611612E+00
   1.1036497E-01   2.6574554E-03   7.3298278E+00   2.3616619E+00
   1.1380214E-01   7.8727268E-03   7.4731541E+00   2.3628652E+00
   1.1741118E-01   1.6691462E-03   7.5446610E+00   2.3624592E+00
   1.2116888E-01   9.3625924E-03   7.6264868E+00   2.3599796E+00
   1.2483381E-01   4.5700334E-03   7.7861080E+00   2.3607063E+00
   1.2867762E-01   4.2161648E-03   7.8514442E+00   2.3601773E+00
   1.3246264E-01   5.4790149E-03   7.9478583E+00   2.3580189E+00
   1.3615637E-01   1.5117666E-03   8.1007843E+00   2.3582666E+00
   1.3974336E-01   1.0893511E-02   8.1774712E+00   2.3592541E+00
   1.4323658E-01   1.8612220E-03   8.2785988E+00   2.3571064E+00
   1.4664760E-01   1.1863255E-02   8.4387903E+00   2.3584762E+00
   1.4956787E-01   1.0037646E-02   8.5181894E+00   2.3601539E+00
   1.5263414E-01   7.3604737E-03   8.5923491E+00   2.3585818E+00
   1.5580192E-01  -5.3787912E-04   8.6826220E+00   2.3571615E+00
   1.5831816E-01   9.5293894E-03   8.7989845E+00   2.3541763E+00
   1.6096021E-01   6.6562468E-04   8.8894567E+00   2.3547397E+00
   1.6623019E-01   1.1116084E-02   9.0626392E+00   2.3684640E+00
   1.6883764E-01   4.7185621E-03   9.1429577E+00   2.3674345E+00
   1.7157546E-01   3.9361557E-03   9.2082281E+00   2.3630192E+00
   1.7445017E-01   5.5248179E-03   9.3022594E+00   2.3673096E+00
   1.7890085E-01   1.4894702E-02   9.4568100E+00   2.3639407E+00
   1.8312825E-01   7.5864168E-03   9.5871000E+00   2.3653836E+00
   1.8514144E-01  -4.4127447E-03   9.6670866E+00   2.3668292E+00
   1.8899328E-01   1.7240628E-03   9.7633839E+00   2.3713946E+00
   1.9263275E-01   1.4676744E-02   9.8828211E+00   2.3883607E+00
   1.9608232E-01   3.7327919E-03   9.9727974E+00   2.3918710E+00
   1.9937243E-01   5.8517810E-03   1.0079738E+01   2.3780165E+00
   2.0252709E-01   2.1700408E-02   1.0112683E+01   2.4003758E+00
   2.0556605E-01  -1.7378669E-02   1.0241667E+01   2.4015672E+00
   2.0994297E-01   8.2497142E-04   1.0380837E+01   2.3714752E+00
   2.1275200E-01   6.4831153E-03   1.0474139E+01   2.3862855E+00
   2.1548404E-01   6.2983185E-03   1.0513762E+01   2.3713763E+00
   2.1945177E-01   3.1982679E-03   1.0608561E+01   2.3768091E+00
   2.2328144E-01  -1.0382053E-02   1.0707035E+01   2.3863580E+00
   2.2576673E-01   7.5172423E-03   1.0798822E+01   2.3994877E+00
   2.2940524E-01  -3.8747813E-04   1.0915956E+01   2.3869653E+00
   2.3294702E-01  -8.9043770E-03   1.0989919E+01   2.3750653E+00
   2.3639619E-01   7.6637394E-03   1.1060348E+01   2.3812697E+00
   2.3976243E-01  -7.5560128E-03   1.1141592E+01   2.3802831E+00
   2.4305925E-01  -6.4856154E-03   1.1184213E+01   2.3783643E+00
   2.4629669E-01  -7.9687946E-03   1.1237442E+01   2.3770509E+00
   2.4948339E-01  -2.5283564E-02   1.1290859E+01   2.3723054E+00
   2.5366759E-01  -1.0792530E-02   1.1427929E+01   2.3767188E+00
   2.5681317E-01   1.7142916E-02   1.1502835E+01   2.3622174E+00
   2.6008829E-01  -1.1317397E-02   1.1569901E+01   2.3471978E+00
   2.6366073E-01  -6.8479870E-03   1.1623625E+01   2.3431492E+00
   2.6634997E-01   2.7396927E-02   1.1657865E+01   2.3414435E+00
   2.7090937E-01  -1.1071322E-02   1.1732836E+01   2.3548431E+00
   2.7434161E-01  -3.2933399E-02   1.1744263E+01   2.3263042E+00
   2.7725196E-01   6.8263113E-02   1.1803013E+01   2.3277545E+00
   2.8034639E-01   2.3827124E-02   1.1794574E+01   2.3285391E+00
   2.8333819E-01  -9.1600971E-04   1.1865376E+01   2.3318744E+00
   2.8630838E-01  -4.7079016E-02   1.1903401E+01   2.3220005E+00
   2.9068559E-01  -2.7564332E-02   1.1982752E+01   2.3204105E+00
   2.9353994E-01  -1.9874291E-02   1.2014359E+01   2.3171015E+00
   2.9772773E-01  -3.2349618E-03   1.2026118E+01   2.3130896E+00
   3.0045831E-01   3.5921540E-03   1.2003539E+01   2.3087716E+00
   3.0447823E-01  -3.0641861E-02   1.2014376E+01   2.3005273E+00
   3.0710411E-01   8.1537319E-03   1.1963216E+01   2.3032382E+00
   3.1096935E-01  -2.3818780E-02   1.2073282E+01   2.2967687E+00
   3.1350559E-01  -5.4879386E-02   1.1883122E+01   2.3004084E+00
   3.1732821E-01  -1.6511431E-02   1.2022146E+01   2.2963145E+00
   3.2102346E-01  -2.2843609E-02   1.2024329E+01   2.2954128E+00
   3.2380515E-01  -1.0527739E-02   1.2017186E+01   2.2943299E+00
   3.2687196E-01  -1.8169593E-02   1.1998319E+01   2.2905970E+00
   3.3025312E-01  -3.0633569E-02   1.1962811E+01   2.2867222E+00
   3.3425179E-01  -1.8258305E-02   1.1873738E+01   2.2857211E+00
   3.3790174E-01  -1.9415459E-02   1.1838285E+01   2.2853131E+00
   3.4064937E-01  -4.0153265E-02   1.1822007E+01   2.2880065E+00
   3.4367859E-01  -1.7745325E-02   1.1772899E+01   2.2918520E+00
   3.4701833E-01  -6.8685196E-02   1.1765694E+01   2.2892838E+00
   3.5155302E-01  -2.7922772E-02   1.1681768E+01   2.2844551E+00
   3.5478681E-01  -3.8442530E-02   1.1626554E+01   2.2839689E+00
   3.5835207E-01  -3.4453474E-02   1.1510857E+01   2.2852795E+00
   3.6228275E-01  -1.8315157E-02   1.1471348E+01   2.2735431E+00
   3.6427867E-01  -2.3494359E-02   1.1476517E+01   2.2750440E+00
   3.6738941E-01  -6.4241223E-02   1.1434978E+01   2.2708149E+00
   3.7209830E-01  -3.4480307E-02   1.1314949E+01   2.2708170E+00
   3.7553194E-01  -3.0191055E-02   1.1183590E+01   2.2642665E+00
   3.7737858E-01  -3.7377983E-02   1.1135131E+01   2.2584155E+00
   3.8102302E-01  -5.9248198E-02   1.0910955E+01   2.2592735E+00
   3.8443577E-01  -4.8169136E-02   1.0866256E+01   2.2576725E+00
   3.8767776E-01  -8.0377415E-02   1.0794381E+01   2.2548950E+00
   3.9215127E-01  -6.5499894E-02   1.0767035E+01   2.2521012E+00
   3.9501709E-01  -5.9384681E-02   1.0682350E+01   2.2502992E+00
   3.9780989E-01  -4.4445027E-02   1.0561277E+01   2.2485418E+00
   4.0190676E-01  -3.6761731E-02   1.0314527E+01   2.2606118E+00
   4.0458608E-01  -3.0761424E-02   1.0252187E+01   2.2469087E+00
   4.0856507E-01  -3.5060901E-02   1.0082140E+01   2.2337496E+00
   4.1128686E-01  -4.0140532E-02   1.0009766E+01   2.2343357E+00
   4.1551679E-01  -7.9405725E-02   9.9935675E+00   2.2286830E+00
   4.1830555E-01  -8.9396089E-02   9.8409472E+00   2.2360013E+00
   4.2260936E-01  -2.7480016E-02   9.5307369E+00   2.2171710E+00
   4.2556545E-01  -6.7501880E-02   9.3889666E+00   2.2187901E+00
   4.2845502E-01  -1.0026883E-01   9.2241707E+00   2.2179573E+00
   4.3146935E-01  -2.8187841E-02   9.2317848E+00   2.2176559E+00
   4.3537283E-01  -1.5456668E-02   9.0765438E+00   2.2186410E+00
   4.3945158E-01  -7.3281877E-02   8.9215708E+00   2.1939006E+00
   4.4247240E-01  -5.3905834E-02   8.6642656E+00   2.1950080E+00
   4.4578561E-01  -5.7544969E-02   8.5440807E+00   2.1778498E+00
   4.4911042E-01  -6.1888169E-02   8.3369541E+00   2.1908100E+00
   4.5237291E-01  -6.6906951E-02   8.0443993E+00   2.1657579E+00
   4.5632070E-01  -5.3280305E-02   7.8456984E+00   2.1826010E+00
   4.5889366E-01  -5.4867428E-02   7.7235050E+00   2.1803713E+00
   4.6254125E-01  -3.7560880E-02   7.4902334E+00   2.1631174E+00
   4.6621111E-01  -5.3052481E-02   7.2853408E+00   2.1551921E+00
   4.6947375E-01  -1.1013146E-01   7.0932083E+00   2.1481454E+00
   4.7289020E-01  -9.4180964E-02   7.0104337E+00   2.1472270E+00
   4.7648710E-01  -1.6089845E-02   6.7001781E+00   2.1416640E+00
   4.7898689E-01  -5.2533444E-02   6.5523376E+00   2.1414175E+00
   4.8320985E-01  -3.7273679E-02   6.2751369E+00   2.1306376E+00
   4.8612890E-01  -5.8230303E-02   6.1845460E+00   2.1259255E+00
   4.8902634E-01  -5.8316674E-02   5.9470258E+00   2.1172552E+00
   4.9333769E-01  -6.5811254E-02   5.6552796E+00   2.1147723E+00
   4.9619484E-01  -4.1391719E-02   5.4543343E+00   2.1061969E+00
   4.9904379E-01  -3.7848480E-02   5.3281479E+00   2.1033955E+00
   5.0330931E-01  -5.6043524E-02   5.1015406E+00   2.0973513E+00
   5.0615335E-01   2.8272071E-03   4.9360790E+00   2.1009357E+00
   5.1043320E-01  -4.6474293E-02   4.7179079E+00   2.0846918E+00
   5.1330417E-01  -6.3010715E-02   4.4625850E+00   2.0835483E+00
   5.1619971E-01  -4.9004339E-02   4.2095513E+00   2.0805454E+00
   5.2063072E-01  -9.9489100E-02   3.7772923E+00   2.0707328E+00
   5.2371275E-01   3.7863269E-02   3.6841469E+00   2.0667913E+00
   5.2702445E-01  -2.4107812E-02   3.4596584E+00   2.0623488E+00
   5.3031492E-01   1.7049525E-02   3.2518418E+00   2.0609720E+00
   5.3352875E-01  -4.8612703E-02   3.1154203E+00   2.0564733E+00
   5.3649241E-01  -1.4781243E-01   2.8480628E+00   2.0367975E+00
   5.3943419E-01  -1.1546388E-02   2.6637850E+00   2.0492613E+00
   5.4442185E-01  -5.1951919E-02   2.3527024E+00   2.0369482E+00
   5.4625338E-01  -6.8050019E-02   2.2688766E+00   2.0383728E+00
   5.5019569E-01  -5.9914827E-02   2.0649731E+00   2.0367682E+00
   5.5343103E-01  -5.9334427E-02   1.8375808E+00   2.0364134E+00
   5.5699795E-01  -6.2775940E-02   1.5792367E+00   2.0144413E+00
   5.6093055E-01  -2.7893463E-02   1.2462627E+00   2.0165095E+00
   5.6299263E-01  -5.3005675E-03   1.1843212E+00   2.0168657E+00
   5.6697351E-01  -7.2482444E-02   9.6831650E-01   2.0065210E+00
   5.7091808E-01  -1.2548299E-02   6.4155841E-01   1.9999869E+00
   5.7303947E-01  -1.1800630E-01   5.0275040E-01   2.0014236E+00
   5.7721233E-01  -8.7466631E-03   2.9111773E-01   1.9825146E+00
   5.8152074E-01   4.9208019E-02   3.5631608E-02   1.9920439E+00
   5.8359480E-01  -5.2597816E-03  -9.4751880E-02   1.9885161E+00
   5.8711535E-01  -1.3316527E-01  -4.8557314E-01   1.9637980E+00
   5.9066433E-01  -1.0534155E-01  -7.4245191E-01   1.9733921E+00
   5.9432673E-01  -5.2277120E-03  -8.2350016E-01   1.9540131E+00
   5.9813887E-01  -7.1771634E-03  -9.4807333E-01   1.9648046E+00
   6.0079694E-01  -7.3937878E-02  -1.1642740E+00   1.9761280E+00
   6.0497975E-01  -7.6820314E-02  -1.4028109E+00   1.9699051E+00
   6.0788345E-01   2.1392027E-02  -1.6141657E+00   1.9727215E+00
   6.1082393E-01  -8.8394225E-02  -1.7697253E+00   1.9399232E+00
   6.1497849E-01   3.1245293E-02  -2.1387627E+00   1.9577044E+00
   6.1778581E-01  -8.8907629E-02  -2.1679151E+00   2.0096960E+00
   6.2062192E-01  -2.0751975E-01  -2.3536155E+00   1.9774624E+00
   6.2501621E-01  -6.6596195E-02  -2.3933840E+00   1.9790803E+00
   6.2801027E-01  -4.4471554E-02  -2.5183463E+00   1.9855455E+00
   6.3108462E-01  -1.1380772E-01  -2.8380024E+00   1.9978535E+00
   6.3447398E-01   4.1661751E-02  -2.9972131E+00   2.0023625E+00
   6.3793808E-01  -4.1668463E-02  -3.2151618E+00   1.9996073E+00
   6.4090610E-01  -3.3585433E-02  -3.5587564E+00   2.0019720E+00
   6.4477372E-01   1.4822050E-02  -3.6268706E+00   2.0038891E+00
   6.4758468E-01  -3.8824074E-02  -3.7399187E+00   2.0046546E+00
   6.5218323E-01  -1.7982604E-02  -3.8356211E+00   2.0174420E+00
   6.5550542E-01   2.1827769E-02  -3.8933384E+00   2.0186918E+00
   6.5916806E-01  -2.6328536E-03  -4.1497321E+00   2.0235405E+00
   6.6113788E-01  -7.2752193E-02  -4.3479214E+00   2.0233309E+00
   6.6500252E-01  -1.3249451E-01  -4.7824073E+00   2.0099587E+00
   6.6874152E-01  -4.4670023E-02  -4.6174283E+00   2.0215328E+00
   6.7219198E-01   4.3521106E-02  -4.6660924E+00   2.0249281E+00
   6.7536229E-01   2.7645426E-02  -4.7774153E+00   2.0404129E+00
   6.7872292E-01   6.2556975E-03  -5.0519009E+00   2.0530949E+00
   6.8209898E-01  -2.5815919E-02  -5.2820344E+00   2.0591114E+00
   6.8557721E-01  -1.6007733E-01  -5.3727279E+00   2.0661464E+00
   6.8915594E-01  -1.0359800E-02  -5.6039929E+00   2.0546768E+00
   6.9304436E-01  -5.2935001E-02  -5.6186428E+00   2.0599067E+00
   6.9498390E-01  -1.0784704E-02  -5.6390233E+00   2.0607400E+00
   6.9899774E-01  -2.8724667E-02  -5.8565650E+00   2.0581415E+00
   7.0114970E-01  -4.7681630E-02  -5.9009500E+00   2.0651147E+00
   7.0563740E-01  -5.0977651E-02  -6.2162981E+00   2.0533020E+00
   7.0802307E-01  -1.1862858E-02  -6.2153606E+00   2.0518117E+00
   7.1244156E-01  -1.1991257E-01  -6.4488149E+00   2.0568600E+00
   7.1648926E-01  -3.3181727E-02  -6.5538163E+00   2.0619376E+00
   7.1829641E-01  -4.7284983E-02  -6.5370951E+00   2.0715969E+00
   7.2168630E-01  -2.0723531E-02  -6.5103388E+00   2.0846910E+00
   7.2641885E-01  -8.8783115E-02  -6.8293443E+00   2.0977437E+00
   7.2937655E-01  -9.0415008E-02  -6.9494109E+00   2.1074936E+00
   7.3222512E-01  -3.3700299E-02  -7.0597043E+00   2.1183252E+00
   7.3630130E-01  -1.2363597E-02  -7.1645546E+00   2.1236041E+00
   7.3890197E-01   7.5719133E-03  -7.1855817E+00   2.1182573E+00
   7.4260509E-01  -8.3313912E-02  -7.3552394E+00   2.1256948E+00
   7.4616224E-01   8.7662444E-02  -7.4100776E+00   2.1268244E+00
   7.4959594E-01  -1.5546468E-03  -7.5606375E+00   2.1231022E+00
   7.5303650E-01  -2.8061718E-02  -7.6320033E+00   2.1402318E+00
   7.5645894E-01  -1.5812280E-02  -7.7348065E+00   2.1439309E+00
   7.5975531E-01  -6.1752688E-02  -7.8124571E+00   2.1537285E+00
   7.6291531E-01  -1.0864894E-02  -7.8751841E+00   2.1526892E+00
   7.6599258E-01  -4.1985605E-02  -8.0115776E+00   2.1645100E+00
   7.7010161E-01  -3.3243097E-02  -8.0455112E+00   2.1738548E+00
   7.7332932E-01  -4.7100667E-02  -8.1594000E+00   2.1758533E+00
   7.7659494E-01  -3.7305541E-02  -8.2259874E+00   2.1784525E+00
   7.7984941E-01  -1.1324050E-01  -8.2999907E+00   2.1792855E+00
   7.8307539E-01  -2.3988612E-02  -8.3739967E+00   2.1751590E+00
   7.8629774E-01   2.4780175E-02  -8.3996439E+00   2.1766961E+00
   7.8989846E-01  -2.2380736E-02  -8.5373487E+00   2.1727397E+00
   7.9345107E-01   2.0622535E-02  -8.5540972E+00   2.1702442E+00
   7.9699570E-01  -2.5330976E-02  -8.6221161E+00   2.1685371E+00
   8.0076796E-01  -7.8791492E-02  -8.6655788E+00   2.1678610E+00
   8.0344617E-01  -5.0165113E-02  -8.7374039E+00   2.1651754E+00
   8.0635148E-01  -2.2772804E-02  -8.8195972E+00   2.1675775E+00
   8.1072927E-01  -6.2823795E-02  -8.8666725E+00   2.1791086E+00
   8.1360471E-01  -3.1232746E-02  -8.8600025E+00   2.1751745E+00
   8.1644571E-01   5.5584457E-02  -8.8695126E+00   2.1737695E+00
   8.2064319E-01   9.9769505E-03  -8.9132195E+00   2.1773527E+00
   8.2339936E-01  -9.1947332E-02  -8.9526024E+00   2.1685059E+00
   8.2747197E-01  -6.8399549E-02  -8.9901075E+00   2.1702344E+00
   8.3014673E-01  -5.5664908E-02  -9.1258459E+00   2.1682074E+00
   8.3409959E-01  -7.9741143E-03  -9.0730267E+00   2.1664829E+00
   8.3669621E-01  -6.2474128E-02  -9.1399794E+00   2.1675158E+00
   8.4053493E-01  -3.4963124E-02  -9.1870050E+00   2.1782389E+00
   8.4452254E-01  -2.2771593E-02  -9.1742535E+00   2.1717632E+00
   8.4752429E-01   7.4160673E-02  -9.1409922E+00   2.1685607E+00
   8.5079134E-01  -6.4821698E-02  -9.2274227E+00   2.1727540E+00
   8.5403985E-01  -8.5186370E-02  -9.2667599E+00   2.1738489E+00
   8.5724628E-01  -2.6296854E-02  -9.2501020E+00   2.1832068E+00
   8.6033010E-01   5.6840960E-02  -9.1426649E+00   2.1770866E+00
   8.6478740E-01  -3.0804088E-02  -9.3577232E+00   2.1873896E+00
   8.6736435E-01   4.7444016E-02  -9.3462753E+00   2.1721473E+00
   8.7149233E-01   8.3367107E-03  -9.3680048E+00   2.1797502E+00
   8.7438554E-01   9.7206784E-03  -9.3192129E+00   2.1914313E+00
   8.7742954E-01  -1.2686627E-02  -9.3458271E+00   2.1829135E+00
   8.8187104E-01  -1.6043503E-02  -9.3073826E+00   2.1843362E+00
   8.8485122E-01  -3.7672326E-02  -9.3393173E+00   2.1707919E+00
   8.8780004E-01   2.4914358E-02  -9.2495298E+00   2.1989934E+00
   8.9071864E-01  -2.3597540E-02  -9.3430338E+00   2.1884592E+00
   8.9497882E-01   1.4012047E-02  -9.3435535E+00   2.1758015E+00
   8.9860088E-01  -3.9228436E-02  -9.3268366E+00   2.1837602E+00
   9.0095609E-01   2.0687960E-02  -9.3482771E+00   2.1756516E+00
   9.0434140E-01   2.5466541E-02  -9.2463322E+00   2.1877687E+00
   9.0764886E-01  -5.5586841E-02  -9.3013563E+00   2.1721761E+00
   9.1202682E-01   2.2925360E-02  -9.2661428E+00   2.1828330E+00
   9.1438270E-01   1.8103365E-02  -9.2925158E+00   2.1784091E+00
   9.1837686E-01   3.1239061E-02  -9.3306942E+00   2.1841607E+00
   9.2131478E-01   9.0716239E-03  -9.2712631E+00   2.1846595E+00
   9.2565429E-01   3.0110192E-03  -9.2673807E+00   2.1878014E+00
   9.2849976E-01  -9.0580601E-03  -9.2636375E+00   2.1898582E+00
   9.3131804E-01   1.8581936E-02  -9.1973333E+00   2.1846764E+00
   9.3532747E-01   3.8235806E-02  -9.2253857E+00   2.1806417E+00
   9.3849963E-01   3.2385617E-02  -9.2453241E+00   2.1858299E+00
   9.4172531E-01  -7.9497369E-03  -9.1571350E+00   2.1839192E+00
   9.4545943E-01   1.4057778E-02  -9.2043533E+00   2.1915891E+00
   9.4827038E-01  -1.7539185E-02  -9.2545643E+00   2.1894584E+00
   9.5136946E-01   7.1820691E-03  -9.1276245E+00   2.1947234E+00
   9.5478618E-01   6.1847264E-04  -9.1250515E+00   2.1886508E+00
   9.5853430E-01   2.1710677E-02  -9.0652523E+00   2.1928964E+00
   9.6236145E-01   8.2325088E-03  -9.0296431E+00   2.1921372E+00
   9.6610916E-01   7.0451046E-03  -9.0586767E+00   2.1871550E+00
   9.6936250E-01   3.8871340E-02  -9.0241632E+00   2.1868050E+00
   9.7218287E-01   3.5700344E-02  -8.9398823E+00   2.1790385E+00
   9.7503704E-01   2.5447598E-02  -8.9178343E+00   2.1781156E+00
   9.7927815E-01   1.2814583E-02  -8.9075575E+00   2.1785603E+00
   9.8200125E-01   1.7429264E-02  -8.8959799E+00   2.1809225E+00
   9.8609126E-01   4.1449297E-02  -8.8839064E+00   2.1833632E+00
   9.8895133E-01   2.3193324E-02  -8.7686138E+00   2.1829343E+00
   9.9190217E-01   2.0441309E-02  -8.7476044E+00   2.1808567E+00
   9.9633944E-01   2.5358868E-03  -8.6980648E+00   2.1806772E+00
   9.9924767E-01   1.4347179E-02  -8.6951466E+00   2.1815825E+00
   1.0032578E+00   3.1419948E-02  -8.6384039E+00   2.1839361E+00
   1.0056006E+00   4.2279221E-02  -8.5904980E+00   2.1833594E+00
   1.0097042E+00   4.2328980E-02  -8.5383406E+00   2.1831179E+00
   1.0124756E+00   3.8499273E-02  -8.4994287E+00   2.1842163E+00
   1.0160084E+00   6.9681898E-02  -8.4615402E+00   2.1821358E+00
   1.0195980E+00   5.5487592E-02  -8.4349117E+00   2.1774392E+00
   1.0233701E+00   1.2856240E-04  -8.3824577E+00   2.1825037E+00
   1.0263088E+00   6.8650626E-02  -8.3302231E+00   2.1808627E+00
   1.0293810E+00   7.8826495E-02  -8.2646370E+00   2.1802230E+00
   1.0335658E+00   1.3467041E-01  -8.2585268E+00   2.1809435E+00
   1.0367167E+00   1.3152425E-01  -8.1395111E+00   2.1818466E+00
   1.0394419E+00   1.4016558E-01  -8.0742216E+00   2.1828833E+00
   1.0432848E+00   1.0429476E-01  -8.1806374E+00   2.1800759E+00
   1.0466851E+00   7.3150136E-02  -7.8262029E+00   2.1855145E+00
   1.0499322E+00   1.2979750E-01  -7.9091210E+00   2.1879330E+00
   1.0531650E+00   6.3968197E-02  -8.0893698E+00   2.1931992E+00
   1.0570942E+00   4.2517629E-02  -7.9827108E+00   2.1960180E+00
   1.0605875E+00   1.2953967E-02  -7.7331553E+00   2.2000158E+00
   1.0632173E+00  -1.3259463E-02  -7.6859732E+00   2.2050796E+00
   1.0674795E+00  -3.9121117E-02  -7.6302896E+00   2.1971705E+00
   1.0703189E+00   3.5550606E-02  -7.5290680E+00   2.1960373E+00
   1.0731505E+00   3.0890491E-02  -7.5257735E+00   2.1939266E+00
   1.0773845E+00   2.9355448E-02  -7.4283481E+00   2.1918871E+00
   1.0801991E+00   3.0366370E-02  -7.4023418E+00   2.1879818E+00
   1.0830078E+00   3.4191556E-02  -7.3994775E+00   2.1892769E+00
   1.0872110E+00   4.1755129E-02  -7.3438759E+00   2.1878374E+00
   1.0906879E+00   2.1891171E-02  -7.3015800E+00   2.1898658E+00
   1.0935956E+00   7.0468098E-02  -7.2322369E+00   2.1804724E+00
   1.0975885E+00   6.0375810E-02  -7.1043682E+00   2.1805723E+00
   1.1011385E+00   1.1762968E-02  -7.0262561E+00   2.1915286E+00
   1.1038107E+00   2.7586218E-02  -7.0117235E+00   2.1965992E+00
   1.1079713E+00   4.3943759E-02  -6.9555259E+00   2.1901708E+00
   1.1107415E+00   1.8990556E-02  -6.8804808E+00   2.1965969E+00
   1.1135093E+00   2.2609048E-02  -6.8472462E+00   2.1961381E+00
   1.1176571E+00   7.8643430E-03  -6.7987103E+00   2.1885192E+00
   1.1204207E+00   4.6361882E-02  -6.7228003E+00   2.2083342E+00
   1.1245655E+00   1.9426407E-02  -6.6878705E+00   2.1965642E+00
   1.1271039E+00   2.5589215E-02  -6.6438069E+00   2.1945143E+00
   1.1312327E+00   4.5432944E-02  -6.5168533E+00   2.1942098E+00
   1.1339970E+00   4.0969033E-02  -6.5003901E+00   2.1941628E+00
   1.1380963E+00   2.8773315E-02  -6.4218426E+00   2.1935422E+00
   1.1408626E+00   2.2473183E-02  -6.3305087E+00   2.1943696E+00
   1.1450137E+00   3.3942100E-02  -6.2733679E+00   2.1931553E+00
   1.1477823E+00   2.7490675E-02  -6.1922598E+00   2.1956863E+00
   1.1505519E+00   5.6489792E-02  -6.1282363E+00   2.1951046E+00
   1.1547081E+00   8.8979816E-03  -6.1048470E+00   2.1963241E+00
   1.1574801E+00   6.2357890E-03  -6.0580945E+00   2.1948991E+00
   1.1616397E+00   1.9924268E-02  -6.0390768E+00   2.1964214E+00
   1.1644828E+00   1.4831596E-02  -5.9321818E+00   2.1941619E+00
   1.1676174E+00  -2.3764621E-03  -5.8930988E+00   2.1966183E+00
   1.1710733E+00   2.7732866E-02  -5.8183317E+00   2.1979420E+00
   1.1748835E+00   1.9715980E-03  -5.8006401E+00   2.2024217E+00
   1.1789798E+00   3.3961609E-02  -5.7077193E+00   2.1996746E+00
   1.1811827E+00   2.0780411E-02  -5.6564107E+00   2.1999147E+00
   1.1859248E+00   1.5923781E-02  -5.5802526E+00   2.1994550E+00
   1.1883111E+00   7.0813954E-02  -5.4364600E+00   2.1986094E+00
   1.1923569E+00   9.4524892E-03  -5.3763351E+00   2.1963012E+00
   1.1954025E+00  -8.0287555E-04  -5.3761415E+00   2.1992030E+00
   1.1987603E+00  -6.0113515E-03  -5.3495498E+00   2.2071226E+00
   1.2024622E+00  -3.8181085E-04  -5.3308573E+00   2.2036219E+00
   1.2044531E+00   1.7547358E-02  -5.2730904E+00   2.2043946E+00
   1.2087386E+00  -1.5758919E-02  -5.2075758E+00   2.2070510E+00
   1.2109855E+00   8.7719485E-03  -5.1548381E+00   2.2061324E+00
   1.2153714E+00   1.3084420E-02  -5.0003505E+00   2.2070208E+00
   1.2197837E+00   2.1248637E-03  -4.9669156E+00   2.2076905E+00
   1.2219994E+00  -3.0656563E-02  -4.8594365E+00   2.2047155E+00
   1.2265584E+00  -3.7831742E-02  -4.8020029E+00   2.2039616E+00
   1.2288144E+00  -5.9337672E-03  -4.8094416E+00   2.2044778E+00
   1.2334245E+00   9.9660615E-03  -4.7730956E+00   2.2080584E+00
   1.2358066E+00   1.4995784E-02  -4.7054248E+00   2.2098796E+00
   1.2382441E+00   1.4451906E-02  -4.6547709E+00   2.2065282E+00
   1.2431149E+00   6.6633620E-03  -4.5554633E+00   2.2071962E+00
   1.2455379E+00  -3.6842253E-02  -4.5296879E+00   2.2069261E+00
   1.2479525E+00  -2.1073012E-02  -4.4679976E+00   2.2066860E+00
   1.2522192E+00   3.2252427E-02  -4.4285746E+00   2.2085719E+00
   1.2562238E+00   5.0296102E-02  -4.2915406E+00   2.2111118E+00
   1.2583776E+00  -5.2180588E-03  -4.2741351E+00   2.2122290E+00
   1.2630007E+00  -1.6653752E-02  -4.2031088E+00   2.2109814E+00
   1.2653536E+00  -4.3974078E-04  -4.1352777E+00   2.2104704E+00
   1.2697629E+00   3.1054313E-03  -4.0248308E+00   2.2113292E+00
   1.2720895E+00  -6.7640385E-03  -4.0095758E+00   2.2136605E+00
   1.2756512E+00   3.4085575E-02  -4.1369581E+00   2.2019315E+00
   1.2793833E+00   4.5044143E-02  -3.8795161E+00   2.2104867E+00
   1.2835013E+00  -7.9406202E-02  -3.7789338E+00   2.2121837E+00
   1.2866012E+00  -7.6861098E-02  -3.7084932E+00   2.2144389E+00
   1.2900188E+00   1.6857495E-03  -3.6155424E+00   2.2181854E+00
   1.2937866E+00   2.0919332E-02  -3.5909429E+00   2.2178078E+00
   1.2958131E+00   7.2414633E-03  -3.5761430E+00   2.2180855E+00
   1.3001459E+00   3.4084476E-03  -3.4444747E+00   2.2165267E+00
   1.3035865E+00  -2.9246427E-02  -3.3814375E+00   2.2148280E+00
   1.3073798E+00   1.8310435E-02  -3.2464988E+00   2.2176669E+00
   1.3094199E+00   2.9666767E-02  -3.1856453E+00   2.2243705E+00
   1.3137250E+00   1.9412374E-02  -3.1166596E+00   2.2198818E+00
   1.3158797E+00   8.9760441E-03  -3.0919898E+00   2.2199225E+00
   1.3201643E+00   2.2897911E-03  -3.0197639E+00   2.2203224E+00
   1.3244170E+00   3.7494894E-02  -2.9388266E+00   2.2215049E+00
   1.3265319E+00   8.4453635E-03  -2.8928280E+00   2.2203836E+00
   1.3307394E+00  -1.0121126E-02  -2.7805018E+00   2.2268763E+00
   1.3328323E+00  -2.6217107E-02  -2.7110279E+00   2.2243230E+00
   1.3369980E+00  -5.1933102E-02  -2.6923563E+00   2.2313206E+00
   1.3411375E+00   2.6837571E-02  -2.5502200E+00   2.2295697E+00
   1.3431976E+00   1.1730094E-02  -2.5104454E+00   2.2190592E+00
   1.3473351E+00   2.0183407E-02  -2.3278744E+00   2.2240591E+00
   1.3493843E+00   7.2899237E-03  -2.3112783E+00   2.2250819E+00
   1.3534642E+00  -7.4087786E-03  -2.2562792E+00   2.2302113E+00
   1.3575164E+00  -4.0701143E-03  -2.1366076E+00   2.2300894E+00
   1.3595318E+00   8.2614115E-03  -2.0515175E+00   2.2329512E+00
   1.3643041E+00  -6.0576119E-02  -2.0034821E+00   2.2417562E+00
   1.3673505E+00   7.7105448E-02  -1.8196719E+00   2.2285788E+00
   1.3707091E+00  -2.7366562E-02  -1.8238959E+00   2.2362247E+00
   1.3744119E+00   1.6853405E-02  -1.7858473E+00   2.2458708E+00
   1.3784945E+00   1.0962990E-02  -1.7343246E+00   2.2361994E+00
   1.3806900E+00   9.1924854E-03  -1.6748356E+00   2.2400079E+00
   1.3845644E+00  -9.5148578E-02  -1.4237893E+00   2.2411222E+00
   1.3872137E+00   1.1805143E-02  -1.2184237E+00   2.2420151E+00
   1.3909888E+00   4.3781642E-03  -1.2715427E+00   2.2432010E+00
   1.3943415E+00   1.7173424E-02  -1.3526052E+00   2.2477603E+00
   1.3982226E+00   1.7271107E-02  -1.2696509E+00   2.2382896E+00
   1.4011441E+00   1.2344111E-02  -1.1538020E+00   2.2367351E+00
   1.4043652E+00   2.0696878E-02  -8.7034136E-01   2.2554083E+00
   1.4079164E+00  -1.8407714E-02  -7.8000557E-01   2.2550273E+00
   1.4118316E+00   3.5288636E-02  -6.8257284E-01   2.2353799E+00
   1.4139372E+00  -4.1776396E-02  -7.2740287E-01   2.2415318E+00
   1.4184695E+00   2.7595911E-02  -6.6855061E-01   2.2466297E+00
   1.4208786E+00   3.0720506E-02  -5.8324277E-01   2.2547066E+00
   1.4256779E+00  -9.5411977E-03  -4.6365848E-01   2.2483368E+00
   1.4280686E+00   9.5177041E-03  -3.9282924E-01   2.2475297E+00
   1.4304539E+00   1.5464869E-02  -3.0899405E-01   2.2479165E+00
   1.4352092E+00   2.2986727E-02  -7.2659962E-02   2.2547035E+00
   1.4375796E+00   9.8051382E-03   3.2733406E-03   2.2559161E+00
   1.4423075E+00   1.0546633E-02   9.5359758E-02   2.2580361E+00
   1.4446652E+00   3.1932727E-02   1.5412298E-01   2.2588253E+00
   1.4480115E+00   4.0174589E-02   2.5530714E-01   2.2643683E+00
   1.4517008E+00   2.5872702E-02   3.1161919E-01   2.2584746E+00
   1.4557682E+00   1.1002190E-02   4.2660820E-01   2.2559547E+00
   1.4579557E+00   1.2719751E-02   4.9825779E-01   2.2571456E+00
   1.4625858E+00   2.3801224E-02   6.3340539E-01   2.2595658E+00
   1.4649165E+00   3.0399367E-02   7.2475863E-01   2.2615404E+00
   1.4695704E+00   2.6357889E-02   8.6757857E-01   2.2615604E+00
   1.4718939E+00   2.7737278E-02   9.2424792E-01   2.2616742E+00
   1.4742153E+00   2.2185815E-02   9.7613251E-01   2.2640684E+00
   1.4788520E+00   3.0208847E-02   1.1123282E+00   2.2642601E+00
   1.4815599E+00  -9.8291775E-03   1.1665752E+00   2.2769473E+00
   1.4861509E+00   3.6666971E-02   1.4125946E+00   2.2652953E+00
   1.4896069E+00   3.3122279E-02   1.4563067E+00   2.2660186E+00
   1.4914654E+00   3.1399611E-02   1.5053973E+00   2.2708917E+00
   1.4954661E+00   2.9448288E-02   1.6140723E+00   2.2713046E+00
   1.4998769E+00   5.2088825E-03   1.7402205E+00   2.2768106E+00
   1.5021795E+00   2.2963142E-02   1.8179021E+00   2.2775698E+00
   1.5060549E+00  -5.6748525E-03   2.1882803E+00   2.2820222E+00
   1.5092028E+00   2.6749425E-02   2.1204197E+00   2.2880700E+00
   1.5124296E+00   2.2937197E-02   2.0747786E+00   2.2826838E+00
   1.5159869E+00  -5.4010600E-03   2.1293733E+00   2.2762158E+00
   1.5199090E+00   3.8132489E-02   2.2948477E+00   2.2824605E+00
   1.5218934E+00   2.0204550E-02   2.3678527E+00   2.2840495E+00
   1.5256279E+00   1.3246750E-02   2.6245689E+00   2.2858064E+00
   1.5289667E+00  -1.6042967E-04   2.8114991E+00   2.2896302E+00
   1.5325645E+00  -5.6242071E-02   2.8621635E+00   2.2934248E+00
   1.5365312E+00   3.1079298E-02   2.9717069E+00   2.2949538E+00
   1.5386646E+00   5.0696608E-02   3.0046606E+00   2.2973123E+00
   1.5427804E+00   5.0044917E-02   3.1226380E+00   2.3035860E+00
   1.5460585E+00  -2.5102055E-02   3.2721548E+00   2.3060856E+00
   1.5500290E+00  -2.4251187E-02   3.4331019E+00   2.3040457E+00
   1.5529268E+00   4.4879712E-02   3.5423696E+00   2.3085859E+00
   1.5559171E+00  -2.3003807E-02   3.6104810E+00   2.3099048E+00
   1.5598375E+00  -1.6582867E-02   3.7046492E+00   2.3099511E+00
   1.5633228E+00   4.5683999E-02   3.8574553E+00   2.3128583E+00
   1.5659465E+00   1.0478948E-02   3.8762953E+00   2.3129025E+00
   1.5703948E+00  -1.7785778E-02   4.0992069E+00   2.3119104E+00
   1.5737433E+00  -3.4841292E-03   4.1228786E+00   2.3124807E+00
   1.5774351E+00  -2.5996780E-02   4.3075752E+00   2.3144734E+00
   1.5794206E+00   4.7570919E-03   4.3647351E+00   2.3180225E+00
   1.5836943E+00  -5.2601334E-02   4.5511260E+00   2.3213763E+00
   1.5859771E+00   3.3160991E-03   4.6015625E+00   2.3233376E+00
   1.5905418E+00  -2.2061588E-02   4.7248631E+00   2.3265109E+00
   1.5928239E+00  -2.0445829E-02   4.7927346E+00   2.3276935E+00
   1.5973873E+00  -1.6304666E-02   4.9434781E+00   2.3307335E+00
   1.5996687E+00  -2.6899504E-02   5.0278540E+00   2.3314419E+00
   1.6042310E+00  -9.3037467E-03   5.1943383E+00   2.3335984E+00
   1.6075678E+00  -3.8014207E-02   5.3704977E+00   2.3272021E+00
   1.6105944E+00  -1.1813873E-02   5.4803643E+00   2.3336658E+00
   1.6139313E+00  -2.3850532E-02   5.5616450E+00   2.3368723E+00
   1.6176102E+00  -2.9825636E-03   5.6488285E+00   2.3350780E+00
   1.6195887E+00  -5.0471234E-03   5.6986661E+00   2.3339434E+00
   1.6238475E+00  -8.0829270E-02   5.8466134E+00   2.3364298E+00
   1.6261274E+00  -1.3298945E-02   5.9710069E+00   2.3320382E+00
   1.6306869E+00   2.7566443E-03   6.1587214E+00   2.3423793E+00
   1.6329665E+00  -1.6434574E-02   6.2307100E+00   2.3435252E+00
   1.6375253E+00   3.4216873E-03   6.3611636E+00   2.3450906E+00
   1.6398046E+00   2.3470083E-03   6.4181461E+00   2.3457901E+00
   1.6443632E+00   5.9270347E-03   6.5640097E+00   2.3483584E+00
   1.6466424E+00  -1.3715873E-02   6.6526628E+00   2.3501341E+00
   1.6512011E+00   6.6560856E-04   6.7867322E+00   2.3512778E+00
   1.6534804E+00   8.4266821E-03   6.8736906E+00   2.3505366E+00
   1.6580390E+00   5.3783059E-03   7.0362134E+00   2.3516741E+00
   1.6603183E+00   4.8967968E-03   7.1169376E+00   2.3527606E+00
   1.6648768E+00  -5.6247949E-04   7.2747250E+00   2.3557394E+00
   1.6671561E+00  -3.7840277E-02   7.3509827E+00   2.3571706E+00
   1.6717147E+00   2.0350998E-03   7.4688520E+00   2.3599501E+00
   1.6739939E+00   2.6361991E-03   7.5430732E+00   2.3637774E+00
   1.6785525E+00  -4.8322100E-03   7.7114611E+00   2.3637271E+00
   1.6818866E+00  -1.4459725E-02   7.8642526E+00   2.3719277E+00
   1.6853591E+00  -1.4039723E-02   7.9737201E+00   2.3743300E+00
   1.6885864E+00  -5.8199125E-03   8.0642138E+00   2.3766975E+00
   1.6918298E+00   3.5509467E-03   8.1459846E+00   2.3748512E+00
   1.6949654E+00   7.4010566E-03   8.2375574E+00   2.3773026E+00
   1.6980078E+00   7.0929467E-03   8.3082275E+00   2.3840387E+00
   1.7009768E+00   2.2997928E-03   8.4361181E+00   2.3814993E+00
   1.7053179E+00   1.2516613E-03   8.6056585E+00   2.3811092E+00
   1.7081399E+00  -1.4443697E-03   8.6794319E+00   2.3859189E+00
   1.7122645E+00   1.2384354E-02   8.7848377E+00   2.3868032E+00
   1.7149453E+00  -2.4894363E-04   8.8725100E+00   2.3893454E+00
   1.7188755E+00   1.4838260E-02   8.9886961E+00   2.3968337E+00
   1.7214409E+00   8.9608608E-03   9.1005869E+00   2.4037478E+00
   1.7252165E+00   6.5519442E-03   9.1881275E+00   2.3988984E+00
   1.7289138E+00   2.1401824E-02   9.2965832E+00   2.4070907E+00
   1.7313401E+00   6.0197711E-03   9.3833838E+00   2.4090729E+00
   1.7349269E+00   2.0305593E-03   9.5057106E+00   2.4130754E+00
   1.7384467E+00   1.2340026E-02   9.6075792E+00   2.4118612E+00
   1.7419033E+00   1.2815562E-02   9.6979637E+00   2.4110212E+00
   1.7452997E+00   1.3329695E-02   9.8141241E+00   2.4137468E+00
   1.7486397E+00   1.1680105E-02   9.9220076E+00   2.4145124E+00
   1.7519252E+00   9.8910742E-03   9.9908142E+00   2.4191086E+00
   1.7551614E+00   1.9475987E-02   1.0119987E+01   2.4164054E+00
   1.7594042E+00   5.8444398E-03   1.0216366E+01   2.4137871E+00
   1.7625432E+00  -5.4620225E-03   1.0377509E+01   2.4175272E+00
   1.7656412E+00   2.9073181E-02   1.0444078E+01   2.4200943E+00
   1.7687007E+00   1.1718257E-02   1.0523802E+01   2.4219956E+00
   1.7727327E+00   3.1769149E-02   1.0644110E+01   2.4193573E+00
   1.7757280E+00   2.1287328E-02   1.0736514E+01   2.4241946E+00
   1.7787849E+00   1.2969773E-02   1.0827497E+01   2.4165263E+00
   1.7820177E+00   7.0971265E-03   1.0889991E+01   2.4163015E+00
   1.7854201E+00   2.5549518E-02   1.1059643E+01   2.4148016E+00
   1.7889688E+00   1.9884264E-02   1.1128963E+01   2.4143946E+00
   1.7926413E+00   1.1863156E-02   1.1226961E+01   2.4122424E+00
   1.7964172E+00   2.3993930E-02   1.1336654E+01   2.4124167E+00
   1.7989731E+00   1.9670948E-02   1.1423574E+01   2.4105301E+00
   1.8028361E+00   9.0693692E-03   1.1523678E+01   2.4067953E+00
   1.8067183E+00   1.9283382E-02   1.1635970E+01   2.4075153E+00
   1.8093002E+00   2.4976978E-02   1.1695869E+01   2.4045486E+00
   1.8131764E+00   1.9167613E-02   1.1814815E+01   2.4052830E+00
   1.8157750E+00   1.4756952E-02   1.1900918E+01   2.4051776E+00
   1.8195810E+00   5.8224816E-03   1.1991036E+01   2.4048631E+00
   
