  flscon:  version 23.2.0.01  win64 2022 
 FLOW-3D   22:15:24  02/09/2024 jjxh     
   hydr3d   version  23.2.0.20 win64     12/04/2023 HYDRO    
 Simulation Template: Free Surface - TruVOF (Default)                            

Mesh Block   1
 printing pfxob, pfyob, pfzob       
       1      500      0.000E+00      1.688E+00
   time              pfxob_1         pfyob_1         pfzob_1
   0.0000000E+00  -1.1869227E-02   5.5145497E+00   2.6230309E+00
   3.3760001E-03   3.7884410E-02  -1.2329387E+02   1.4429593E+00
   7.3966817E-03   1.9110645E-03   4.9352422E+00   2.7913914E+00
   9.2575355E-03   1.2362696E-03   4.8256135E+00   2.8053339E+00
   1.3263024E-02   2.5757693E-03   4.9468112E+00   2.7790444E+00
   1.7679075E-02  -3.4204759E-03   5.0395308E+00   2.7502594E+00
   2.0054048E-02  -2.4316311E-03   5.0936861E+00   2.7434440E+00
   2.2547770E-02  -5.5459938E-03   5.2435350E+00   2.7302341E+00
   2.7915508E-02  -8.9082075E-03   5.3108506E+00   2.7320030E+00
   3.0802304E-02  -7.6788999E-03   5.3673286E+00   2.7307830E+00
   3.3833440E-02  -6.6409353E-03   5.4552274E+00   2.7461488E+00
   3.7016131E-02  -1.5901169E-02   5.5095520E+00   2.7487063E+00
   4.0357959E-02  -1.7424034E-02   5.5829320E+00   2.7461839E+00
   4.3866873E-02  -1.2388806E-02   5.6829839E+00   2.7462246E+00
   4.7551237E-02  -1.1400787E-02   5.7607589E+00   2.7499611E+00
   5.1419821E-02  -9.3465205E-03   5.8423424E+00   2.7453451E+00
   5.4906733E-02  -6.5053445E-03   5.9195223E+00   2.7487609E+00
   5.8567990E-02  -3.5288248E-03   6.0299473E+00   2.7513626E+00
   6.2412307E-02  -1.0437489E-02   6.1002107E+00   2.7518387E+00
   6.6317677E-02  -3.1314113E-03   6.2149434E+00   2.7554209E+00
   7.0091315E-02  -8.6219897E-03   6.2998948E+00   2.7539034E+00
   7.3750906E-02  -2.2434730E-03   6.4128861E+00   2.7579482E+00
   7.7312119E-02  -3.9044521E-03   6.4881301E+00   2.7583935E+00
   8.0786102E-02  -9.8283971E-03   6.5849929E+00   2.7600462E+00
   8.4182806E-02  -1.1669144E-02   6.6949987E+00   2.7657354E+00
   8.7509550E-02  -1.3808532E-02   6.7798562E+00   2.7600219E+00
   9.0773322E-02  -9.3550254E-03   6.8450222E+00   2.7619817E+00
   9.3980208E-02  -7.6664994E-03   6.9863882E+00   2.7634375E+00
   9.7134948E-02  -6.9154296E-03   7.0371919E+00   2.7638721E+00
   1.0024200E-01  -1.0506976E-02   7.1043172E+00   2.7614849E+00
   1.0330589E-01  -6.8527348E-03   7.1790228E+00   2.7600210E+00
   1.0931791E-01  -6.7671267E-03   7.3978586E+00   2.7677526E+00
   1.1227153E-01  -1.1373125E-02   7.4471378E+00   2.7665000E+00
   1.1519460E-01  -1.3467108E-02   7.5087686E+00   2.7646832E+00
   1.1808996E-01  -5.5269725E-03   7.5993938E+00   2.7619152E+00
   1.2095995E-01  -2.4391504E-03   7.6968765E+00   2.7613409E+00
   1.2380607E-01  -2.5793992E-03   7.8803434E+00   2.7730751E+00
   1.2942544E-01   4.7356728E-03   7.9461699E+00   2.7718256E+00
   1.3220352E-01  -4.8054528E-05   7.9911847E+00   2.7688668E+00
   1.3496377E-01  -5.4774252E-03   8.0639076E+00   2.7664933E+00
   1.3770747E-01  -6.4647277E-03   8.1664619E+00   2.7610855E+00
   1.4043485E-01  -3.9708795E-04   8.2678022E+00   2.7609305E+00
   1.4583869E-01  -1.3289225E-02   8.4619656E+00   2.7626078E+00
   1.4851409E-01   6.1280443E-03   8.5460854E+00   2.7640712E+00
   1.5117200E-01  -1.5869478E-02   8.6334152E+00   2.7675982E+00
   1.5608682E-01  -6.0237548E-03   8.7916641E+00   2.7711685E+00
   1.5847379E-01   1.6768842E-03   8.8837452E+00   2.7740431E+00
   1.6098011E-01  -1.6761359E-02   8.9405441E+00   2.7831955E+00
   1.6616073E-01  -5.5561261E-03   9.1086922E+00   2.7835796E+00
   1.6861030E-01  -3.9220117E-03   9.1919460E+00   2.7843513E+00
   1.7117871E-01   2.7481208E-03   9.2539797E+00   2.7819598E+00
   1.7629272E-01   5.9587611E-03   9.4330292E+00   2.7900972E+00
   1.7883874E-01   2.6497208E-03   9.4940300E+00   2.7855992E+00
   1.8283626E-01  -3.9584679E-03   9.6244507E+00   2.7977185E+00
   1.8498616E-01  -7.8357644E-03   9.6796970E+00   2.7897661E+00
   1.8961379E-01  -1.2210011E-02   9.8118439E+00   2.7974007E+00
   1.9209439E-01   4.0233461E-03   9.8866806E+00   2.7943308E+00
   1.9699848E-01  -2.1660947E-03   1.0017824E+01   2.7989230E+00
   1.9942388E-01   5.4949052E-03   1.0097257E+01   2.8020818E+00
   2.0183298E-01   1.0394579E-02   1.0184070E+01   2.8091516E+00
   2.0660546E-01   2.8317517E-03   1.0299250E+01   2.8069043E+00
   2.0897016E-01   1.5707511E-03   1.0368296E+01   2.8028872E+00
   2.1365947E-01   1.8142322E-02   1.0494474E+01   2.8086882E+00
   2.1594973E-01   1.5357848E-03   1.0542236E+01   2.8126469E+00
   2.2036023E-01   1.8201010E-02   1.0640989E+01   2.8043087E+00
   2.2248709E-01  -3.0603041E-03   1.0701685E+01   2.8216491E+00
   2.2660500E-01   2.2714693E-02   1.0820069E+01   2.8221321E+00
   2.2860272E-01   1.2762612E-02   1.0900394E+01   2.8281713E+00
   2.3248547E-01  -2.0300779E-03   1.0969495E+01   2.8485155E+00
   2.3624307E-01   3.2812316E-02   1.1079156E+01   2.8044112E+00
   2.3993121E-01   5.9037711E-03   1.1175876E+01   2.8148341E+00
   2.4355039E-01   3.5539391E-03   1.1241510E+01   2.8050885E+00
   2.4718149E-01   2.8207228E-02   1.1322770E+01   2.8071291E+00
   2.4897668E-01   1.4387355E-02   1.1379130E+01   2.8066733E+00
   2.5251147E-01  -1.1304744E-02   1.1427116E+01   2.8140321E+00
   2.5597581E-01   1.4152197E-02   1.1479387E+01   2.7993064E+00
   2.5936934E-01   1.4264070E-02   1.1561257E+01   2.8078587E+00
   2.6271859E-01   7.7984501E-03   1.1664065E+01   2.7889097E+00
   2.6677108E-01   3.8532466E-02   1.1728014E+01   2.8005185E+00
   2.6944765E-01   2.7508903E-03   1.1746034E+01   2.7821734E+00
   2.7398559E-01   3.6952708E-02   1.1782906E+01   2.7909725E+00
   2.7727175E-01   3.6265627E-02   1.1843247E+01   2.7828739E+00
   2.8039947E-01   3.6828618E-02   1.1889175E+01   2.7788608E+00
   2.8364950E-01   1.3775329E-01   1.1934868E+01   2.7709479E+00
   2.8653893E-01   1.6568644E-02   1.1962732E+01   2.7738066E+00
   2.8988379E-01   7.2960071E-02   1.2035115E+01   2.7741580E+00
   2.9375589E-01   7.2517395E-02   1.2109689E+01   2.7643690E+00
   2.9667071E-01   1.5779257E-01   1.2181598E+01   2.7656944E+00
   2.9984528E-01   5.6677055E-02   1.2076563E+01   2.7476764E+00
   3.0317089E-01   1.0190477E-01   1.2014123E+01   2.7321582E+00
   3.0668181E-01   6.8652563E-02   1.2018188E+01   2.7352235E+00
   3.1106734E-01   3.4625400E-02   1.2002482E+01   2.7438226E+00
   3.1412816E-01   1.3105927E-01   1.1957124E+01   2.7527392E+00
   3.1738007E-01   4.0275395E-02   1.2106235E+01   2.7361078E+00
   3.2064471E-01   6.4582370E-02   1.2101317E+01   2.7352414E+00
   3.2383153E-01   4.3456282E-02   1.2059688E+01   2.7366679E+00
   3.2700837E-01   5.2684244E-02   1.1989013E+01   2.7351778E+00
   3.3159095E-01   5.2175343E-02   1.1945017E+01   2.7348785E+00
   3.3472255E-01   7.5792022E-02   1.1923555E+01   2.7307181E+00
   3.3778000E-01   7.6366678E-02   1.1842605E+01   2.7305102E+00
   3.4084010E-01   5.8872815E-02   1.1829200E+01   2.7222369E+00
   3.4401804E-01   9.2281356E-02   1.1809895E+01   2.7205191E+00
   3.4720287E-01   9.4711505E-02   1.1724741E+01   2.7230823E+00
   3.5187453E-01   6.1468579E-02   1.1680175E+01   2.7262785E+00
   3.5498321E-01   8.6969525E-02   1.1606763E+01   2.7248547E+00
   3.5805318E-01   1.5688083E-01   1.1570424E+01   2.7201552E+00
   3.6114481E-01   1.5892280E-02   1.1525366E+01   2.7143726E+00
   3.6402389E-01   8.9216158E-02   1.1455687E+01   2.7132692E+00
   3.6858785E-01   9.7912364E-02   1.1317256E+01   2.7146544E+00
   3.7202352E-01   7.0041083E-02   1.1286132E+01   2.7131350E+00
   3.7427345E-01   3.3088639E-02   1.1183302E+01   2.7177212E+00
   3.7808803E-01   5.2948520E-02   1.1003040E+01   2.7130778E+00
   3.8095957E-01   5.0645154E-02   1.0984720E+01   2.7086391E+00
   3.8412544E-01   7.7262260E-02   1.0904400E+01   2.7070065E+00
   3.8761583E-01   1.2979269E-01   1.0873666E+01   2.7010250E+00
   3.9136383E-01   3.4316473E-02   1.0807012E+01   2.7056119E+00
   3.9435539E-01   4.1180413E-02   1.0714295E+01   2.6914654E+00
   3.9765358E-01   3.2133143E-02   1.0452353E+01   2.6786590E+00
   4.0128985E-01   5.6504667E-02   1.0306911E+01   2.6932712E+00
   4.0503204E-01   3.0112084E-02   1.0180000E+01   2.6664534E+00
   4.0854132E-01   4.9548566E-02   1.0097101E+01   2.6672094E+00
   4.1182566E-01   6.7432910E-02   9.9636822E+00   2.6612775E+00
   4.1554913E-01   3.2572459E-02   9.7914038E+00   2.6624932E+00
   4.1830015E-01   5.2989453E-02   9.7089100E+00   2.6644840E+00
   4.2133313E-01  -2.5788132E-02   9.5609779E+00   2.6515954E+00
   4.2467698E-01  -1.8056126E-02   9.5009651E+00   2.6586385E+00
   4.2815167E-01   7.3791191E-02   9.2095442E+00   2.6359260E+00
   4.3154898E-01   5.1917173E-03   9.0295305E+00   2.6399112E+00
   4.3507302E-01   5.8042277E-02   8.8702698E+00   2.6279390E+00
   4.3895826E-01  -4.4814643E-02   8.7587872E+00   2.6267245E+00
   4.4242248E-01  -2.5433738E-02   8.5824699E+00   2.6279874E+00
   4.4565049E-01   2.7004160E-02   8.0248747E+00   2.5954251E+00
   4.4902027E-01   6.6045308E-03   7.9245424E+00   2.6162384E+00
   4.5268878E-01   7.4627516E-03   8.0487547E+00   2.6073718E+00
   4.5536000E-01  -1.3378288E-02   8.0514574E+00   2.5973463E+00
   4.5958775E-01  -8.5707771E-04   7.7852883E+00   2.5921621E+00
   4.6203193E-01  -2.7052559E-02   7.5493832E+00   2.5845122E+00
   4.6617588E-01   2.4219999E-02   7.1748691E+00   2.5832307E+00
   4.6929532E-01  -4.6148177E-02   6.9256997E+00   2.5680521E+00
   4.7273454E-01  -1.1058515E-03   6.6894679E+00   2.5657225E+00
   4.7652626E-01   3.0322021E-02   6.5387259E+00   2.5634394E+00
   4.7856545E-01   3.4813562E-03   6.5078311E+00   2.5611539E+00
   4.8232785E-01   1.6003266E-02   6.3007264E+00   2.5577121E+00
   4.8647586E-01   1.1878597E-03   6.0792904E+00   2.5550804E+00
   4.8860061E-01   6.8048104E-03   5.9456491E+00   2.5575464E+00
   4.9285361E-01   4.6407897E-02   5.6405997E+00   2.5548234E+00
   4.9708268E-01  -3.3608245E-04   5.3584766E+00   2.5424659E+00
   4.9913913E-01   8.7063760E-03   5.1901922E+00   2.5399466E+00
   5.0319594E-01   1.9626224E-02   4.8578544E+00   2.5387878E+00
   5.0648588E-01  -2.5893748E-03   4.6789250E+00   2.5300891E+00
   5.0949466E-01  -1.3835819E-02   4.4693165E+00   2.5224628E+00
   5.1297766E-01   1.4535639E-02   4.3040318E+00   2.5255742E+00
   5.1700974E-01   1.3310200E-03   4.1180692E+00   2.5198441E+00
   5.1985484E-01   1.4357282E-02   3.8918483E+00   2.5203862E+00
   5.2265960E-01   9.2206985E-02   3.7090967E+00   2.5192904E+00
   5.2688915E-01  -2.1835685E-02   3.2620585E+00   2.4986076E+00
   5.2968669E-01   5.0196406E-02   3.1738229E+00   2.5117848E+00
   5.3399205E-01   4.8095208E-02   2.9482071E+00   2.5097563E+00
   5.3676051E-01  -4.0190082E-02   2.6860225E+00   2.4930060E+00
   5.3976947E-01   8.7815985E-02   2.6436353E+00   2.5084476E+00
   5.4300511E-01   3.3087691E-03   2.3452241E+00   2.4993870E+00
   5.4745710E-01   3.2332089E-02   2.0435512E+00   2.4952204E+00
   5.5045336E-01  -1.9086281E-02   1.8510460E+00   2.4854321E+00
   5.5322587E-01   2.0205798E-02   1.6847419E+00   2.4956939E+00
   5.5712295E-01   2.1061936E-02   1.4170271E+00   2.4881744E+00
   5.5999154E-01  -4.0655196E-02   1.2528622E+00   2.4847856E+00
   5.6308943E-01   3.5045113E-02   1.1143383E+00   2.4790716E+00
   5.6774545E-01   3.8060851E-02   8.5995704E-01   2.4753704E+00
   5.7076859E-01   7.2974913E-02   4.6558827E-01   2.4578502E+00
   5.7383293E-01  -3.2905329E-02   2.8957424E-01   2.4569290E+00
   5.7708699E-01   4.1312646E-02   9.8382778E-02   2.4653397E+00
   5.8059102E-01   3.9460368E-02   3.4858931E-03   2.4560838E+00
   5.8445424E-01  -5.4500677E-02  -1.5450579E-01   2.4537945E+00
   5.8839363E-01  -5.2813981E-02  -5.6326884E-01   2.4426045E+00
   5.9047884E-01   4.1601993E-02  -7.1903485E-01   2.4265683E+00
   5.9451836E-01   7.9278022E-02  -9.6773618E-01   2.4367020E+00
   5.9850883E-01   6.4231113E-02  -1.1403060E+00   2.4355991E+00
   6.0051745E-01   1.0840245E-01  -1.1837734E+00   2.4396439E+00
   6.0445786E-01  -8.8571586E-02  -1.4243366E+00   2.4402671E+00
   6.0832918E-01   2.4273226E-02  -1.7067565E+00   2.4225905E+00
   6.1023593E-01   2.5434747E-02  -1.7184290E+00   2.4371500E+00
   6.1405379E-01  -1.0239269E-02  -2.0147491E+00   2.4098265E+00
   6.1784518E-01  -4.5532517E-02  -2.2011285E+00   2.4414599E+00
   6.2161356E-01   1.2557723E-01  -2.4878109E+00   2.4285305E+00
   6.2536448E-01  -4.9490150E-02  -2.6265538E+00   2.4472122E+00
   6.2724298E-01  -1.2836237E-01  -2.7524197E+00   2.4372010E+00
   6.3157594E-01   8.8090442E-02  -2.8709681E+00   2.4385655E+00
   6.3494211E-01  -1.2536459E-01  -3.2206256E+00   2.4449971E+00
   6.3776940E-01   1.7955557E-02  -3.2719314E+00   2.4437177E+00
   6.4104229E-01   3.4012659E-03  -3.4225678E+00   2.4479544E+00
   6.4480478E-01  -4.8308160E-02  -3.5431495E+00   2.4554577E+00
   6.4876270E-01   2.3741646E-02  -3.7041693E+00   2.4590249E+00
   6.5123284E-01   1.5600300E-01  -3.6831346E+00   2.4624724E+00
   6.5542078E-01  -1.0209265E-01  -4.1408443E+00   2.4692125E+00
   6.5857333E-01  -5.4204572E-02  -4.1609688E+00   2.4701324E+00
   6.6191697E-01  -6.6225617E-03  -4.5641294E+00   2.4670854E+00
   6.6527593E-01  -1.4574958E-01  -4.5139570E+00   2.4783983E+00
   6.6853714E-01  -3.8162325E-02  -4.7564230E+00   2.4696832E+00
   6.7210001E-01  -1.3199039E-01  -4.8110757E+00   2.4833431E+00
   6.7595148E-01   5.7220399E-02  -4.9635253E+00   2.4843864E+00
   6.7798018E-01  -8.6534023E-03  -5.0526452E+00   2.4841383E+00
   6.8185431E-01  -4.6704739E-02  -5.2900963E+00   2.4740152E+00
   6.8599010E-01  -5.5712555E-02  -5.4310327E+00   2.4859281E+00
   6.8821430E-01  -9.5864117E-02  -5.5150852E+00   2.4822538E+00
   6.9248921E-01   5.8043219E-02  -5.6531973E+00   2.4905334E+00
   6.9451588E-01   4.1252263E-03  -5.7650576E+00   2.4931898E+00
   6.9887495E-01  -8.7364800E-02  -5.8473558E+00   2.4944589E+00
   7.0338553E-01  -5.2393399E-02  -6.0373888E+00   2.4877176E+00
   7.0567262E-01  -1.4482554E-02  -6.2012296E+00   2.4984744E+00
   7.0786476E-01   8.9940708E-03  -6.2115335E+00   2.4919894E+00
   7.1201271E-01  -1.9847403E-01  -6.3344016E+00   2.4830754E+00
   7.1576661E-01  -7.1456097E-02  -6.5262218E+00   2.4820843E+00
   7.1938056E-01  -3.8932585E-03  -6.5469575E+00   2.4823620E+00
   7.2278482E-01  -4.5513738E-02  -6.6979160E+00   2.5050936E+00
   7.2593552E-01  -8.6767681E-02  -6.8221951E+00   2.5064073E+00
   7.2898775E-01  -3.4259412E-02  -6.9545398E+00   2.5224826E+00
   7.3196501E-01  -1.6987686E-01  -7.0042195E+00   2.5173833E+00
   7.3628277E-01  -9.3879431E-02  -7.1269636E+00   2.5347071E+00
   7.3906922E-01  -1.2529700E-01  -7.2256336E+00   2.5354192E+00
   7.4304175E-01  -1.3817342E-01  -7.2822771E+00   2.5309787E+00
   7.4555361E-01  -1.2517174E-01  -7.3504624E+00   2.5307353E+00
   7.4912494E-01  -1.4250605E-01  -7.6361766E+00   2.5632493E+00
   7.5251669E-01  -8.3998784E-02  -7.5969563E+00   2.5593817E+00
   7.5671870E-01  -7.0732705E-02  -7.7215018E+00   2.5749359E+00
   7.5968760E-01  -9.8754644E-02  -7.8059921E+00   2.5681410E+00
   7.6292825E-01  -4.9352843E-02  -7.8823791E+00   2.5847225E+00
   7.6667970E-01  -8.0857895E-02  -8.0263186E+00   2.5749750E+00
   7.6950365E-01  -5.5944696E-02  -8.0944567E+00   2.5828927E+00
   7.7261710E-01  -5.2883830E-02  -8.0802431E+00   2.5886853E+00
   7.7579296E-01  -4.3875471E-02  -8.2136574E+00   2.5883458E+00
   7.7920753E-01  -7.1860835E-02  -8.3154240E+00   2.5858643E+00
   7.8246850E-01  -2.5178304E-01  -8.4276276E+00   2.5918839E+00
   7.8719980E-01  -1.8951977E-02  -8.3993073E+00   2.5885572E+00
   7.9023194E-01  -1.0788881E-01  -8.5496864E+00   2.5932906E+00
   7.9323369E-01   1.7868813E-02  -8.5818882E+00   2.5812304E+00
   7.9616058E-01  -7.5179920E-02  -8.6150026E+00   2.5817711E+00
   8.0047536E-01  -6.0201149E-02  -8.6899166E+00   2.5750353E+00
   8.0329370E-01  -6.5906204E-02  -8.7312384E+00   2.5752473E+00
   8.0757898E-01  -8.3861262E-02  -8.7830811E+00   2.5818920E+00
   8.1045252E-01  -5.0906539E-02  -8.8749018E+00   2.5746424E+00
   8.1335223E-01  -5.7672612E-02  -8.9295588E+00   2.5817401E+00
   8.1628144E-01   5.6375746E-02  -8.9740162E+00   2.5754054E+00
   8.2062942E-01  -2.0834638E-02  -8.9513292E+00   2.5807505E+00
   8.2355565E-01  -3.8044740E-02  -8.9388123E+00   2.5720282E+00
   8.2657349E-01  -7.4038640E-02  -9.0412636E+00   2.5735390E+00
   8.3117187E-01   2.4503178E-03  -9.1203842E+00   2.5754557E+00
   8.3432543E-01  -1.1262239E-02  -9.1172171E+00   2.5770528E+00
   8.3746314E-01  -6.0542203E-03  -9.1201706E+00   2.5807383E+00
   8.4060830E-01  -3.6852818E-02  -9.1882019E+00   2.5720830E+00
   8.4372371E-01  -6.1241861E-02  -9.1726189E+00   2.5787470E+00
   8.4683937E-01   2.5576508E-02  -9.1664038E+00   2.5789378E+00
   8.5146946E-01  -2.1426607E-02  -9.2925291E+00   2.5825641E+00
   8.5452104E-01   1.4664131E-02  -9.2836342E+00   2.5878677E+00
   8.5754353E-01  -1.2155866E-03  -9.2771902E+00   2.5865722E+00
   8.6053371E-01  -1.2058705E-01  -9.2092590E+00   2.5648179E+00
   8.6497587E-01   5.0966833E-02  -9.3228254E+00   2.5764070E+00
   8.6796457E-01   4.3918516E-02  -9.4262285E+00   2.5849349E+00
   8.7098891E-01   5.1195089E-02  -9.3522587E+00   2.5810881E+00
   8.7401491E-01   5.2255515E-02  -9.4008999E+00   2.5797665E+00
   8.7846196E-01   3.7402593E-02  -9.3764610E+00   2.5831714E+00
   8.8141698E-01   2.7507702E-02  -9.3698530E+00   2.5769389E+00
   8.8429874E-01  -3.2915220E-02  -9.3711500E+00   2.5800998E+00
   8.8849419E-01   6.0723117E-03  -9.4167995E+00   2.5794098E+00
   8.9128762E-01  -1.2044660E-02  -9.4073305E+00   2.5766432E+00
   8.9429909E-01   4.6242610E-02  -9.4561195E+00   2.5794172E+00
   8.9745390E-01   5.6125224E-02  -9.4434347E+00   2.5798497E+00
   9.0062088E-01   1.1875823E-01  -9.4655781E+00   2.5765498E+00
   9.0535069E-01   8.0765784E-02  -9.4088049E+00   2.5785520E+00
   9.0854716E-01   4.9459141E-02  -9.3526421E+00   2.5859716E+00
   9.1175348E-01  -1.0072020E-01  -9.4202375E+00   2.5781176E+00
   9.1495466E-01   3.2714617E-02  -9.3861771E+00   2.5792756E+00
   9.1815060E-01   3.9073218E-02  -9.4561186E+00   2.5798309E+00
   9.2135102E-01   6.1917406E-02  -9.3684673E+00   2.5791440E+00
   9.2451417E-01   6.2447306E-02  -9.3496542E+00   2.5824723E+00
   9.2765868E-01   7.1815073E-02  -9.3113356E+00   2.5793655E+00
   9.3237120E-01   5.9527218E-02  -9.3276663E+00   2.5742879E+00
   9.3547225E-01   1.0940754E-01  -9.2893829E+00   2.5783987E+00
   9.3847013E-01   1.4874564E-02  -9.2980146E+00   2.5805507E+00
   9.4161075E-01   5.1115721E-02  -9.2652283E+00   2.5780184E+00
   9.4471359E-01   7.6382048E-02  -9.2751532E+00   2.5797617E+00
   9.4794989E-01   1.3856008E-03  -9.2340460E+00   2.5869713E+00
   9.5280367E-01   4.9325813E-02  -9.1781359E+00   2.5805998E+00
   9.5601416E-01   8.6941786E-02  -9.1754284E+00   2.5828683E+00
   9.5918894E-01   1.0724474E-01  -9.1800041E+00   2.5839827E+00
   9.6234524E-01   4.9862243E-02  -9.1345024E+00   2.5851276E+00
   9.6546805E-01   8.0048248E-02  -9.0356178E+00   2.5798841E+00
   9.6854103E-01   8.2908072E-02  -9.0602655E+00   2.5779431E+00
   9.7159296E-01   4.0028293E-02  -9.0239449E+00   2.5804675E+00
   9.7619510E-01   9.3959123E-02  -9.0069761E+00   2.5730238E+00
   9.7928917E-01   1.3557006E-01  -8.9685240E+00   2.5755355E+00
   9.8239392E-01   7.3322587E-02  -8.9439640E+00   2.5730159E+00
   9.8548251E-01   6.5567657E-02  -8.8780947E+00   2.5724800E+00
   9.8855150E-01   9.5755547E-02  -8.8214169E+00   2.5753078E+00
   9.9307859E-01   9.0380467E-02  -8.8088188E+00   2.5761006E+00
   9.9604863E-01   1.0600287E-01  -8.7889233E+00   2.5764070E+00
   9.9898446E-01   7.4061252E-02  -8.7635365E+00   2.5772288E+00
   1.0033820E+00   8.6136147E-02  -8.6905537E+00   2.5789685E+00
   1.0063343E+00   1.1585250E-01  -8.6590576E+00   2.5769043E+00
   1.0093085E+00   1.1299708E-01  -8.6246710E+00   2.5748301E+00
   1.0123184E+00   8.9386344E-02  -8.5284138E+00   2.5705652E+00
   1.0167999E+00   9.0857685E-02  -8.5097332E+00   2.5700178E+00
   1.0198059E+00   8.1861109E-02  -8.4626150E+00   2.5690069E+00
   1.0228738E+00   7.8028247E-02  -8.4144716E+00   2.5636334E+00
   1.0259651E+00   1.1238188E-01  -8.4413652E+00   2.5648739E+00
   1.0290498E+00   7.3360428E-02  -8.2842016E+00   2.5635779E+00
   1.0336665E+00   2.9143784E-02  -8.2810287E+00   2.5621574E+00
   1.0367389E+00   1.0060862E-01  -8.2261038E+00   2.5631354E+00
   1.0398080E+00   1.3037787E-01  -8.1419516E+00   2.5617321E+00
   1.0428747E+00   1.2278021E-01  -8.0496140E+00   2.5622842E+00
   1.0459397E+00   1.1591149E-01  -8.0281229E+00   2.5646484E+00
   1.0505356E+00   9.0581782E-02  -7.9788914E+00   2.5611634E+00
   1.0536757E+00   9.8921992E-02  -7.9197097E+00   2.5525091E+00
   1.0569417E+00   8.2724147E-02  -7.8574061E+00   2.5599155E+00
   1.0602087E+00   6.6985719E-02  -7.8107681E+00   2.5563285E+00
   1.0634780E+00   7.8470975E-02  -7.7692165E+00   2.5546513E+00
   1.0667245E+00   7.7549800E-02  -7.7176924E+00   2.5584340E+00
   1.0698757E+00   1.0723207E-01  -7.6787167E+00   2.5648515E+00
   1.0728860E+00   1.3842948E-02  -7.5856547E+00   2.5475192E+00
   1.0773799E+00   9.4878180E-03  -7.4409442E+00   2.5522752E+00
   1.0805634E+00   6.7178793E-02  -7.3992920E+00   2.5556366E+00
   1.0837671E+00   9.3896508E-02  -7.3642516E+00   2.5550723E+00
   1.0869268E+00  -2.6010228E-02  -7.3322339E+00   2.5535340E+00
   1.0900396E+00   6.1615642E-02  -7.3018894E+00   2.5541241E+00
   1.0931143E+00   7.8334980E-02  -7.2715669E+00   2.5545053E+00
   1.0977012E+00   6.6151254E-02  -7.1272721E+00   2.5533128E+00
   1.1007795E+00   6.5604620E-02  -7.0662017E+00   2.5529218E+00
   1.1038766E+00   7.3925927E-02  -7.0571008E+00   2.5490234E+00
   1.1069691E+00   3.7230842E-02  -6.9316068E+00   2.5529926E+00
   1.1100372E+00   1.4008331E-02  -6.8963094E+00   2.5531809E+00
   1.1145654E+00   2.9441828E-02  -6.8560748E+00   2.5509801E+00
   1.1175264E+00   1.6232418E-02  -6.7707343E+00   2.5501251E+00
   1.1204405E+00   7.6639257E-02  -6.7485776E+00   2.5459006E+00
   1.1247298E+00   1.5468969E-02  -6.6394267E+00   2.5539033E+00
   1.1274960E+00   4.2157229E-02  -6.5754218E+00   2.5505974E+00
   1.1315104E+00   1.1585318E-02  -6.5280895E+00   2.5482242E+00
   1.1342618E+00  -1.1400364E-02  -6.4942274E+00   2.5475395E+00
   1.1383486E+00   1.6148049E-02  -6.4038353E+00   2.5483866E+00
   1.1410502E+00   3.5603825E-02  -6.3544569E+00   2.5511453E+00
   1.1450710E+00   2.4235578E-02  -6.3324528E+00   2.5509579E+00
   1.1477247E+00  -1.4533729E-02  -6.3432345E+00   2.5511780E+00
   1.1516777E+00   2.0845130E-03  -6.1654510E+00   2.5477271E+00
   1.1543038E+00   4.2377010E-02  -6.0672569E+00   2.5470347E+00
   1.1582295E+00   1.4275048E-02  -6.0450177E+00   2.5447571E+00
   1.1608330E+00   2.9862726E-02  -6.0064735E+00   2.5474436E+00
   1.1646188E+00  -4.8924843E-03  -5.9317265E+00   2.5563414E+00
   1.1684854E+00  -3.6418159E-02  -5.8242650E+00   2.5429230E+00
   1.1710368E+00   6.3481301E-02  -5.8542128E+00   2.5428033E+00
   1.1747990E+00   4.4233900E-02  -5.7914705E+00   2.5490704E+00
   1.1785913E+00  -4.6174102E-02  -5.6607580E+00   2.5431685E+00
   1.1811413E+00  -1.6428128E-02  -5.6370168E+00   2.5458229E+00
   1.1850404E+00   4.8149839E-02  -5.5099907E+00   2.5484324E+00
   1.1878452E+00   4.3770481E-02  -5.5262141E+00   2.5492158E+00
   1.1920315E+00   2.9363442E-02  -5.4569263E+00   2.5540030E+00
   1.1948078E+00   1.4314442E-02  -5.3708534E+00   2.5527198E+00
   1.1989491E+00   2.7231352E-02  -5.3238077E+00   2.5535979E+00
   1.2016944E+00   3.0134244E-02  -5.2526917E+00   2.5531583E+00
   1.2057947E+00   2.7190030E-02  -5.2084060E+00   2.5509908E+00
   1.2085164E+00   4.1275535E-02  -5.1440310E+00   2.5526633E+00
   1.2125789E+00   5.7639185E-02  -5.0498176E+00   2.5527058E+00
   1.2152721E+00   5.9650753E-02  -5.0059228E+00   2.5535793E+00
   1.2192935E+00   3.9806180E-02  -4.9451308E+00   2.5534153E+00
   1.2219793E+00   5.5598188E-02  -4.9203248E+00   2.5535874E+00
   1.2260822E+00   3.1267077E-02  -4.8260918E+00   2.5555596E+00
   1.2288921E+00   3.5710100E-02  -4.7666326E+00   2.5589316E+00
   1.2317129E+00   4.1045632E-02  -4.6813407E+00   2.5600677E+00
   1.2359495E+00   3.2470740E-02  -4.6583762E+00   2.5577419E+00
   1.2387807E+00   3.7931640E-02  -4.5868196E+00   2.5604422E+00
   1.2430434E+00  -6.6793393E-03  -4.5094514E+00   2.5640898E+00
   1.2458977E+00   6.5335900E-02  -4.4833746E+00   2.5603440E+00
   1.2487625E+00   8.6206943E-02  -4.4310365E+00   2.5603447E+00
   1.2530806E+00   1.0066983E-01  -4.2946548E+00   2.5587401E+00
   1.2559717E+00   9.3026429E-02  -4.2646022E+00   2.5576532E+00
   1.2588714E+00   7.7714793E-02  -4.1556139E+00   2.5607920E+00
   1.2631953E+00  -7.4253738E-02  -4.1698108E+00   2.5575247E+00
   1.2660471E+00   5.0270236E-03  -4.0747266E+00   2.5564377E+00
   1.2688670E+00   5.3494021E-02  -4.0115213E+00   2.5561602E+00
   1.2730424E+00   3.5400182E-02  -3.9385049E+00   2.5578823E+00
   1.2757849E+00   5.2877415E-02  -3.8967309E+00   2.5588965E+00
   1.2798648E+00   1.1452255E-01  -3.8012960E+00   2.5608571E+00
   1.2827809E+00  -2.2674037E-02  -3.6885326E+00   2.5580165E+00
   1.2859761E+00   1.1152771E-01  -3.6599362E+00   2.5604053E+00
   1.2892361E+00   1.1590306E-01  -3.6172976E+00   2.5583768E+00
   1.2924918E+00   7.6811023E-02  -3.5641782E+00   2.5626326E+00
   1.2957438E+00   5.5863891E-02  -3.4861608E+00   2.5645406E+00
   1.2989844E+00   3.2424409E-02  -3.4105544E+00   2.5646727E+00
   1.3038253E+00   6.8852484E-02  -3.3438370E+00   2.5678754E+00
   1.3070363E+00   4.9311355E-02  -3.3079777E+00   2.5673356E+00
   1.3102345E+00   5.5631720E-02  -3.1595757E+00   2.5671067E+00
   1.3134186E+00   5.8050688E-02  -3.1078503E+00   2.5699489E+00
   1.3165932E+00   6.1101329E-02  -3.0105009E+00   2.5667017E+00
   1.3197572E+00   1.3070463E-01  -2.9781876E+00   2.5625136E+00
   1.3229123E+00   9.1408357E-02  -2.9080286E+00   2.5657737E+00
   1.3260592E+00   5.3749330E-02  -2.8341260E+00   2.5715206E+00
   1.3307645E+00   6.7102037E-02  -2.7511945E+00   2.5699878E+00
   1.3338956E+00   3.3845339E-02  -2.6439984E+00   2.5760074E+00
   1.3370233E+00   7.2472498E-02  -2.6116149E+00   2.5745862E+00
   1.3401465E+00   6.9259234E-02  -2.5104742E+00   2.5711684E+00
   1.3432672E+00   2.8145643E-02  -2.4309092E+00   2.5797946E+00
   1.3463867E+00   6.0391176E-02  -2.3679576E+00   2.5807598E+00
   1.3510619E+00   7.9845771E-02  -2.2499914E+00   2.5816238E+00
   1.3541769E+00   6.4220004E-02  -2.1817586E+00   2.5873222E+00
   1.3572915E+00   4.8759777E-02  -2.1278932E+00   2.5832720E+00
   1.3603916E+00   8.1428953E-02  -2.0537071E+00   2.5823290E+00
   1.3634449E+00   7.3204860E-02  -1.9347864E+00   2.5868027E+00
   1.3679540E+00   9.1415241E-02  -1.8984412E+00   2.5786932E+00
   1.3709246E+00   8.4573396E-02  -1.8191632E+00   2.5940561E+00
   1.3738772E+00   6.8637930E-02  -1.7016858E+00   2.5926569E+00
   1.3768193E+00   4.2929720E-02  -1.5970033E+00   2.5904255E+00
   1.3805180E+00   5.5101115E-02  -1.5195893E+00   2.5932839E+00
   1.3841757E+00   7.8510627E-02  -1.4690784E+00   2.5952132E+00
   1.3880671E+00   3.6767785E-02  -1.3559201E+00   2.5947623E+00
   1.3905947E+00   8.2701825E-02  -1.3439436E+00   2.5929058E+00
   1.3945379E+00   4.5800880E-02  -1.2133236E+00   2.5949593E+00
   1.3971112E+00   3.4117479E-02  -1.1039554E+00   2.5967972E+00
   1.4010777E+00   7.8003198E-02  -1.0323089E+00   2.5966842E+00
   1.4049867E+00   5.9604250E-02  -8.5501748E-01   2.6003461E+00
   1.4078708E+00   5.6487001E-02  -8.1762475E-01   2.6022525E+00
   1.4107678E+00   5.1607765E-02  -7.5230271E-01   2.6007781E+00
   1.4151193E+00   6.5492220E-02  -6.8180567E-01   2.6064091E+00
   1.4180411E+00   4.8028126E-02  -6.1648816E-01   2.6028478E+00
   1.4209946E+00   5.2128572E-02  -4.8976904E-01   2.6097884E+00
   1.4240144E+00   6.8530068E-02  -4.3992692E-01   2.5941844E+00
   1.4287653E+00   4.6090100E-02  -2.6950222E-01   2.6064517E+00
   1.4319848E+00   6.7189485E-02  -2.0428072E-01   2.6117547E+00
   1.4352239E+00   9.9199219E-03  -1.2494119E-01   2.6090522E+00
   1.4385973E+00   1.4139894E-01  -3.4079761E-03   2.6049142E+00
   1.4420468E+00   4.3851450E-02   1.1323674E-01   2.6099980E+00
   1.4455733E+00  -2.9263539E-02   2.1352482E-01   2.6131551E+00
   1.4491670E+00  -7.0329029E-03   3.3277118E-01   2.6161051E+00
   1.4509894E+00   3.7768442E-02   3.7147963E-01   2.6142099E+00
   1.4546736E+00  -7.8754544E-02   4.4887555E-01   2.6158414E+00
   1.4584097E+00   1.7062299E-02   5.4825842E-01   2.6163440E+00
   1.4621900E+00   3.9947670E-02   6.9386071E-01   2.6188831E+00
   1.4660088E+00   3.0730318E-02   7.9985678E-01   2.6197391E+00
   1.4679282E+00   3.5105355E-02   8.2809955E-01   2.6282330E+00
   1.4717926E+00   8.9173391E-03   9.8519361E-01   2.6121762E+00
   1.4756501E+00   5.6190966E-03   1.0906168E+00   2.6222787E+00
   1.4796327E+00   1.4378828E-02   1.2037822E+00   2.6242940E+00
   1.4816244E+00   1.1375588E-02   1.2437863E+00   2.6246951E+00
   1.4856082E+00   5.8234790E-03   1.3778539E+00   2.6266565E+00
   1.4895929E+00   7.2469145E-02   1.5032656E+00   2.6267848E+00
   1.4915856E+00  -1.0863342E-02   1.5796348E+00   2.6298878E+00
   1.4955715E+00  -4.8757978E-02   1.6650786E+00   2.6293192E+00
   1.4995289E+00   1.7096041E-02   1.8395928E+00   2.6384466E+00
   1.5015224E+00   3.1237504E-03   1.9052558E+00   2.6378689E+00
   1.5055099E+00   2.8011415E-02   2.0082984E+00   2.6355340E+00
   1.5094157E+00  -1.4444210E-02   2.1485288E+00   2.6363285E+00
   1.5133078E+00  -4.4429787E-02   2.2522464E+00   2.6429207E+00
   1.5152217E+00   2.9561054E-02   2.3044875E+00   2.6387749E+00
   1.5190815E+00  -3.4403536E-02   2.4373915E+00   2.6445348E+00
   1.5229331E+00  -4.5347139E-03   2.5275581E+00   2.6471908E+00
   1.5267848E+00  -1.0274178E-02   2.6615942E+00   2.6488857E+00
   1.5287106E+00  -4.0882360E-03   2.7506237E+00   2.6484931E+00
   1.5325623E+00   4.4347337E-03   2.8986154E+00   2.6506944E+00
   1.5364139E+00  -2.7079888E-02   3.0273528E+00   2.6518540E+00
   1.5402656E+00  -3.9833173E-02   3.2247245E+00   2.6564133E+00
   1.5422598E+00  -1.8279135E-02   3.2561338E+00   2.6586845E+00
   1.5462484E+00  -3.0213945E-02   3.3267140E+00   2.6593213E+00
   1.5502371E+00  -3.5539046E-02   3.4697320E+00   2.6630101E+00
   1.5522316E+00  -3.2487594E-02   3.4986432E+00   2.6683517E+00
   1.5562205E+00  -1.5648011E-02   3.6718309E+00   2.6631660E+00
   1.5602099E+00  -3.3928617E-03   3.7857747E+00   2.6657932E+00
   1.5622046E+00  -3.2790083E-02   3.8721094E+00   2.6707313E+00
   1.5661941E+00  -1.4813289E-03   4.0045915E+00   2.6697249E+00
   1.5701838E+00  -7.0892468E-02   4.4401069E+00   2.6790645E+00
   1.5741736E+00  -5.3027317E-02   4.4446940E+00   2.6848006E+00
   1.5761685E+00  -3.6002450E-02   4.3672528E+00   2.6815906E+00
   1.5801585E+00  -2.9774787E-02   4.3243361E+00   2.6784918E+00
   1.5841485E+00  -1.8927615E-02   4.4452748E+00   2.6759808E+00
   1.5861436E+00  -3.1248765E-02   4.5369625E+00   2.6752937E+00
   1.5901337E+00  -1.4645463E-02   4.8603220E+00   2.6790276E+00
   1.5941238E+00   1.0106447E-02   5.0582633E+00   2.6824439E+00
   1.5961188E+00  -2.1847110E-02   5.1555471E+00   2.6829851E+00
   1.6001090E+00  -1.9256610E-02   5.2579346E+00   2.6872962E+00
   1.6040990E+00  -2.4901826E-02   5.3493304E+00   2.6904998E+00
   1.6060941E+00  -2.4274247E-02   5.3801894E+00   2.6905663E+00
   1.6100842E+00  -3.1789139E-02   5.4651308E+00   2.6925516E+00
   1.6140742E+00  -8.6728521E-03   5.6542945E+00   2.6955996E+00
   1.6180642E+00   7.6042740E-03   5.8462338E+00   2.7004380E+00
   1.6200590E+00  -7.5815566E-02   5.8987927E+00   2.7033494E+00
   1.6240488E+00  -1.6838757E-02   6.0662313E+00   2.7046499E+00
   1.6280385E+00   2.0169746E-02   6.1774173E+00   2.7025669E+00
   1.6300333E+00   1.7262710E-02   6.2303152E+00   2.7019894E+00
   1.6340227E+00  -2.4477934E-02   6.3576560E+00   2.7018461E+00
   1.6375111E+00   7.2284406E-03   6.4883056E+00   2.7014058E+00
   1.6413572E+00   3.8622774E-03   6.6146894E+00   2.7041447E+00
   1.6433508E+00  -1.4269552E-02   6.6623058E+00   2.7054119E+00
   1.6473384E+00   1.1432727E-02   6.8215632E+00   2.7120838E+00
   1.6513258E+00   9.2365794E-02   7.0128851E+00   2.7108691E+00
   1.6533084E+00   4.2737126E-02   7.0324426E+00   2.7104239E+00
   1.6572080E+00   4.1170330E-03   7.1265626E+00   2.7113223E+00
   1.6610247E+00   1.1132861E-02   7.3028884E+00   2.7207334E+00
   1.6647638E+00   2.0477204E-02   7.4200006E+00   2.7232926E+00
   1.6679831E+00   3.1270482E-02   7.6568136E+00   2.7278812E+00
   1.6711758E+00   1.2069449E-02   7.7252579E+00   2.7344968E+00
   1.6740143E+00   4.9128111E-02   7.7694063E+00   2.7373331E+00
   1.6784295E+00   1.4929585E-02   7.7782760E+00   2.7334552E+00
   1.6809601E+00  -1.2850689E-02   7.8311977E+00   2.7361326E+00
   1.6852504E+00   7.0723727E-02   8.0414829E+00   2.7319541E+00
   1.6884766E+00   3.7594780E-02   8.1952763E+00   2.7348621E+00
