  flscon:  version 23.2.0.01  win64 2022 
 FLOW-3D   15:03:44  02/09/2024 rjju     
   hydr3d   version  23.2.0.20 win64     12/04/2023 HYDRO    
 Simulation Template: Free Surface - TruVOF (Default)                            

Mesh Block   1
 printing pfxob, pfyob, pfzob       
       1      113      0.000E+00      1.874E+00
   time              pfxob_1         pfyob_1         pfzob_1
   0.0000000E+00  -2.8660776E-05   5.5158849E+00   2.5856452E+00
   4.3441253E-03   7.9061100E-03  -9.4518806E+01   1.7493358E+00
   1.6707364E-02   2.4109399E-03   5.0208077E+00   2.7340226E+00
   3.3562016E-02   2.3572620E-03   5.4722247E+00   2.7051258E+00
   5.1238712E-02  -1.8381538E-03   5.8522496E+00   2.7194169E+00
   6.8624273E-02  -1.5183414E-03   6.2537789E+00   2.7176912E+00
   8.4409580E-02   2.9174522E-03   6.6879349E+00   2.7252364E+00
   1.0192592E-01   2.1010786E-02   7.1477118E+00   2.7220945E+00
   1.1931831E-01  -6.3906930E-04   7.6014953E+00   2.7244000E+00
   1.3441531E-01   4.9286252E-03   8.0124674E+00   2.7240694E+00
   1.5151420E-01   9.2585990E-03   8.5620060E+00   2.7379107E+00
   1.6889088E-01  -2.6184174E-03   9.1326733E+00   2.7384963E+00
   1.8464229E-01  -8.8848285E-03   9.6671553E+00   2.7637079E+00
   2.0350477E-01  -2.1984315E-02   1.0169119E+01   2.7682054E+00
   2.1900159E-01  -1.1856404E-02   1.0587445E+01   2.7782934E+00
   2.3640291E-01  -2.2069085E-02   1.1039227E+01   2.7893367E+00
   2.5345159E-01  -2.8440988E-02   1.1380524E+01   2.7746584E+00
   2.7028459E-01  -6.3680962E-02   1.1702379E+01   2.7521250E+00
   2.8759801E-01  -5.3080566E-02   1.1942483E+01   2.7468448E+00
   3.0362937E-01  -1.8046375E-01   1.1960382E+01   2.7233260E+00
   3.2010880E-01  -7.8654669E-02   1.2040634E+01   2.7226360E+00
   3.3801192E-01  -8.6938672E-02   1.1851285E+01   2.6993506E+00
   3.5418004E-01  -8.8761769E-02   1.1707057E+01   2.7289262E+00
   3.7134027E-01  -1.1578713E-01   1.1320029E+01   2.6933939E+00
   3.8815549E-01  -8.4504947E-02   1.0882743E+01   2.6779716E+00
   4.0539449E-01  -9.1671981E-02   1.0272281E+01   2.6450012E+00
   4.2242983E-01  -7.2377183E-02   9.6798038E+00   2.6118026E+00
   4.3956277E-01  -1.6668332E-01   8.8960285E+00   2.5859230E+00
   4.5500267E-01  -1.1647655E-01   8.0053406E+00   2.5580454E+00
   4.7235081E-01  -1.2166587E-01   7.0649104E+00   2.5239108E+00
   4.8991105E-01  -7.9930864E-02   6.0674429E+00   2.4861095E+00
   5.0672048E-01  -1.5121295E-01   4.8601289E+00   2.4608998E+00
   5.2298123E-01  -1.8098113E-01   3.7813668E+00   2.4360437E+00
   5.4029047E-01  -1.4725517E-01   2.6350243E+00   2.4180555E+00
   5.5738091E-01  -1.4859569E-01   1.5928459E+00   2.3972313E+00
   5.7310218E-01  -1.2040835E-01   5.5738187E-01   2.3725836E+00
   5.9128970E-01  -1.6876940E-01  -5.6882358E-01   2.3588922E+00
   6.0807097E-01  -1.4690360E-01  -1.6238966E+00   2.3534477E+00
   6.2411636E-01  -4.0669829E-02  -2.3977091E+00   2.3753603E+00
   6.4174050E-01  -1.2671608E-01  -3.4960148E+00   2.3701684E+00
   6.5815973E-01  -1.3622534E-01  -4.1029820E+00   2.4001400E+00
   6.7583752E-01  -3.8296942E-02  -4.9131703E+00   2.4197652E+00
   6.9206464E-01  -1.0038428E-01  -5.5912075E+00   2.4432681E+00
   7.0916027E-01  -1.0589534E-01  -6.2457070E+00   2.4450459E+00
   7.2591203E-01  -4.9132597E-02  -6.7546077E+00   2.4706652E+00
   7.4334437E-01  -1.0287739E-01  -7.3561416E+00   2.4960520E+00
   7.5958407E-01  -1.5288293E-01  -7.8341618E+00   2.5156944E+00
   7.7639139E-01  -1.3651651E-02  -8.2194700E+00   2.5438240E+00
   7.9394478E-01  -5.6328315E-02  -8.5750494E+00   2.5401917E+00
   8.1054193E-01   2.6340494E-02  -8.7317343E+00   2.5298619E+00
   8.2648456E-01  -2.5978148E-02  -8.9681740E+00   2.5301361E+00
   8.4387410E-01  -5.1690649E-02  -9.1626263E+00   2.5236292E+00
   8.6092991E-01   9.3797036E-03  -9.2773504E+00   2.5182652E+00
   8.7806547E-01   2.9380508E-02  -9.2981863E+00   2.5151999E+00
   8.9484173E-01   5.8769733E-02  -9.2989321E+00   2.5253060E+00
   9.1204077E-01   1.3837202E-02  -9.3271303E+00   2.5271733E+00
   9.2852187E-01   1.0646474E-02  -9.3039198E+00   2.5209982E+00
   9.4477522E-01   3.3755384E-02  -9.2279453E+00   2.5198689E+00
   9.6231019E-01   1.4662223E-02  -9.0857172E+00   2.5253911E+00
   9.7844261E-01   2.5007458E-02  -8.9549303E+00   2.5289786E+00
   9.9550653E-01   4.7120828E-02  -8.8071480E+00   2.5121098E+00
   1.0126369E+00   4.0610064E-02  -8.5505199E+00   2.5197248E+00
   1.0302731E+00   8.6042792E-02  -8.2784853E+00   2.5121236E+00
   1.0459949E+00   5.7364479E-02  -8.0451031E+00   2.5079823E+00
   1.0632738E+00   5.2315999E-02  -7.7672868E+00   2.5101964E+00
   1.0797042E+00   3.6559843E-02  -7.4932756E+00   2.5099769E+00
   1.0966737E+00  -3.5916995E-02  -7.2467251E+00   2.5181136E+00
   1.1147009E+00   3.3643480E-02  -6.8454623E+00   2.5170000E+00
   1.1312710E+00   4.1099630E-02  -6.5752273E+00   2.5168753E+00
   1.1474957E+00   1.1030531E-02  -6.3017187E+00   2.5144908E+00
   1.1654470E+00   2.9124869E-02  -6.0792651E+00   2.5205562E+00
   1.1824975E+00   1.8094605E-02  -5.5132399E+00   2.5169318E+00
   1.1983556E+00   3.6717787E-02  -5.4488897E+00   2.5211122E+00
   1.2143823E+00   1.1990607E-02  -5.2913408E+00   2.5182242E+00
   1.2325089E+00   3.0565141E-02  -4.8562655E+00   2.5238447E+00
   1.2481996E+00  -2.1996723E-02  -4.4693446E+00   2.5203762E+00
   1.2668519E+00   1.8211005E-02  -4.1038203E+00   2.5332127E+00
   1.2821018E+00   3.7868850E-02  -3.7322261E+00   2.5359058E+00
   1.3005487E+00   8.2861349E-02  -3.5568664E+00   2.5371981E+00
   1.3156270E+00   1.7440159E-02  -3.1937315E+00   2.5377343E+00
   1.3330178E+00  -4.0191714E-02  -3.0036039E+00   2.5595818E+00
   1.3513421E+00  -1.9333655E-02  -2.2580462E+00   2.5646563E+00
   1.3673725E+00  -1.4598931E-02  -1.9131846E+00   2.5621748E+00
   1.3834007E+00  -3.1668525E-02  -1.5384518E+00   2.5711236E+00
   1.4017169E+00  -4.5666907E-02  -1.0663836E+00   2.5753710E+00
   1.4177426E+00  -7.7446327E-02  -6.4505458E-01   2.5829985E+00
   1.4346501E+00  -3.8824342E-02  -1.6700460E-01   2.5922127E+00
   1.4527541E+00  -8.5456111E-02   3.6973855E-01   2.6032765E+00
   1.4687792E+00  -5.3488746E-02   8.0664861E-01   2.6056247E+00
   1.4848037E+00  -8.3477400E-02   1.3790900E+00   2.6259246E+00
   1.5031172E+00  -6.5438092E-02   1.8614459E+00   2.6222613E+00
   1.5200105E+00  -8.1504226E-02   2.4207709E+00   2.6320777E+00
   1.5355103E+00  -6.6017345E-02   2.9263365E+00   2.6392114E+00
   1.5531789E+00  -4.8863020E-02   3.4554408E+00   2.6467540E+00
   1.5692031E+00  -4.7600895E-02   4.0670533E+00   2.6547966E+00
   1.5875152E+00  -4.7608178E-02   4.6631227E+00   2.6658833E+00
   1.6036512E+00  -5.2888546E-02   5.1839042E+00   2.6747355E+00
   1.6203918E+00  -4.2313792E-02   5.7223830E+00   2.6793303E+00
   1.6384693E+00  -4.0813494E-02   6.2525334E+00   2.6882923E+00
   1.6548830E+00  -3.3577401E-02   6.8213100E+00   2.6957741E+00
   1.6702093E+00  -4.3801405E-02   7.4456859E+00   2.7159417E+00
   1.6869444E+00  -3.7869483E-03   7.9371548E+00   2.7270923E+00
   1.7041371E+00  -4.2988405E-02   8.5285292E+00   2.7518926E+00
   1.7216363E+00  -8.1974175E-03   9.0306177E+00   2.7635729E+00
   1.7388541E+00   5.2148425E-03   9.6114693E+00   2.7753496E+00
   1.7552737E+00  -7.0519787E-03   1.0108534E+01   2.7847133E+00
   1.7726849E+00   2.3126516E-02   1.0629931E+01   2.7922661E+00
   1.7888306E+00   2.3907319E-02   1.1146002E+01   2.7927914E+00
   1.8058462E+00   4.3523139E-03   1.1614326E+01   2.7883205E+00
