  flscon:  version 22.2.0.05  win64 2022 
 FLOW-3D   01:18:59  09/06/2023 lwbb     
   hydr3d   version  22.2.0.16 win64     09/12/2022 HYDRO    
 Simulation Template: Free Surface - TruVOF (Default)                            

Mesh Block   1
 printing pfxob, pfyob, pfzob, pfob       
       1     1002      0.000E+00      2.280E+01
   time              pfxob_1         pfyob_1         pfzob_1         pfob_1
   0.0000000E+00  -6.0246279E-04  -1.2813051E+00  -7.1483034E-01   1.4672170E+00
   1.0428916E-03   2.6867491E-01   5.7313794E+02  -1.6575211E+00   5.7314038E+02
   2.2269305E-02   2.7586835E-02  -9.5868778E-01  -7.1367633E-01   1.1954820E+00
   4.4801991E-02   9.5939115E-03  -6.0920417E-01  -7.1725619E-01   9.4110477E-01
   6.9128402E-02   8.7367119E-03  -7.1752274E-01  -7.2267497E-01   1.0184176E+00
   9.0782724E-02   6.9378321E-03  -9.1120857E-01  -7.2805905E-01   1.1663702E+00
   1.1304190E-01   5.7579726E-03  -1.1239815E+00  -7.3269433E-01   1.3417186E+00
   1.3739397E-01   5.5997642E-03  -1.3939018E+00  -7.3507136E-01   1.5758564E+00
   1.5912868E-01   3.8028436E-03  -1.6212803E+00  -7.3362559E-01   1.7795423E+00
   1.8232316E-01   3.4635433E-03  -1.8033494E+00  -7.3430175E-01   1.9471210E+00
   2.0455123E-01   4.1198349E-03  -1.9883687E+00  -7.3273003E-01   2.1190848E+00
   2.2805108E-01   1.5836963E-03  -2.1357775E+00  -7.3212308E-01   2.2577760E+00
   2.5041607E-01   1.5681597E-03  -2.2343214E+00  -7.3082578E-01   2.3508086E+00
   2.7292064E-01   1.6263275E-03  -2.2797489E+00  -7.2620827E-01   2.3926210E+00
   2.9607925E-01   2.5365977E-03  -2.2904787E+00  -7.1700448E-01   2.4000821E+00
   3.1864044E-01   4.4459244E-04  -2.2916889E+00  -7.0520461E-01   2.3977389E+00
   3.4122068E-01  -2.1966677E-03  -2.2715480E+00  -6.9192082E-01   2.3745925E+00
   3.6492562E-01   1.2366596E-03  -2.2714880E+00  -6.7580938E-01   2.3698897E+00
   3.8802028E-01  -1.7840696E-03  -2.2252104E+00  -6.6082209E-01   2.3212605E+00
   4.1030151E-01  -3.0384427E-03  -2.3277354E+00  -6.5078872E-01   2.4169996E+00
   4.3242416E-01  -1.4428736E-03  -2.2926214E+00  -6.3796830E-01   2.3797307E+00
   4.5699397E-01  -2.4621773E-03  -2.3152347E+00  -6.2937373E-01   2.3992560E+00
   4.7923473E-01   1.5768337E-04  -2.3357425E+00  -6.2189925E-01   2.4171162E+00
   5.0091308E-01  -3.5584655E-03  -2.3930767E+00  -6.1908406E-01   2.4718604E+00
   5.2400303E-01  -1.5133243E-06  -2.3356304E+00  -6.1098206E-01   2.4142220E+00
   5.4726112E-01  -7.5585826E-04  -2.2864170E+00  -6.0844833E-01   2.3659909E+00
   5.6977659E-01  -1.2376959E-03  -2.2073274E+00  -6.0716814E-01   2.2893119E+00
   5.9357178E-01  -4.0873261E-03  -2.0871780E+00  -6.0414445E-01   2.1728597E+00
   6.1570036E-01  -6.8580410E-03  -1.9727831E+00  -6.0106856E-01   2.0623298E+00
   6.3815641E-01   2.5761435E-03  -1.8443683E+00  -5.9798342E-01   1.9388876E+00
   6.6070104E-01   1.0270606E-02  -1.6868018E+00  -5.9346467E-01   1.7881851E+00
   6.8445581E-01  -4.0680878E-03  -1.5349904E+00  -5.8785260E-01   1.6437101E+00
   7.0718145E-01   3.1889625E-02  -1.4418843E+00  -5.8447796E-01   1.5561689E+00
   7.2990090E-01  -5.5287876E-03  -1.2826220E+00  -5.8217722E-01   1.4085737E+00
   7.5236541E-01   3.7734921E-03  -1.1854808E+00  -5.8136559E-01   1.3203655E+00
   7.7482617E-01  -3.3407097E-04  -1.1115446E+00  -5.8062303E-01   1.2540553E+00
   7.9792559E-01   5.5136266E-03  -1.0272986E+00  -5.7992506E-01   1.1796974E+00
   8.2145989E-01   1.4994368E-03  -8.8784194E-01  -5.7906860E-01   1.0599934E+00
   8.4440327E-01   2.7476950E-04  -8.6422163E-01  -5.7979470E-01   1.0406926E+00
   8.6694765E-01   3.0960920E-03  -7.8828293E-01  -5.8007056E-01   9.7871417E-01
   8.8892579E-01   9.7939908E-04  -7.1637577E-01  -5.8037835E-01   9.2197299E-01
   9.1296983E-01   2.0507001E-03  -5.9564060E-01  -5.8113366E-01   8.3217084E-01
   9.3511438E-01   1.6239048E-03  -4.8556727E-01  -5.8187401E-01   7.5786251E-01
   9.5838112E-01  -4.3989933E-04  -3.5739344E-01  -5.8220541E-01   6.8314964E-01
   9.8033756E-01  -2.1590861E-04  -2.0551738E-01  -5.8228272E-01   6.1748737E-01
   1.0045345E+00   1.9609729E-04  -5.6181125E-02  -5.8154076E-01   5.8424824E-01
   1.0257827E+00   3.0314100E-03   9.5263310E-02  -5.8030021E-01   5.8807534E-01
   1.0478456E+00   1.6649991E-03   2.3124225E-01  -5.7890576E-01   6.2338406E-01
   1.0724813E+00   1.9003241E-03   4.1896114E-01  -5.7795370E-01   7.1383649E-01
   1.0950083E+00   2.9355746E-03   4.8123762E-01  -5.7665074E-01   7.5108212E-01
   1.1174946E+00   3.1456882E-03   5.8275616E-01  -5.7601207E-01   8.1939280E-01
   1.1395180E+00   3.0103868E-03   6.7733335E-01  -5.7584620E-01   8.8903785E-01
   1.1624758E+00   4.4640223E-04   7.4856120E-01  -5.7480800E-01   9.4379461E-01
   1.1858094E+00  -8.3281593E-03   8.4616184E-01  -5.7454646E-01   1.0228209E+00
   1.2077017E+00  -7.0893904E-04   9.4540197E-01  -5.7423180E-01   1.1061318E+00
   1.2310816E+00   6.2101043E-04   1.0446585E+00  -5.7319593E-01   1.1915811E+00
   1.2542498E+00  -2.6670378E-04   1.1824315E+00  -5.7316256E-01   1.3140242E+00
   1.2774032E+00  -8.7484368E-04   1.3070328E+00  -5.7238525E-01   1.4268709E+00
   1.2998683E+00  -1.6969738E-04   1.4447927E+00  -5.7188135E-01   1.5538579E+00
   1.3222347E+00   6.5589760E-04   1.6650743E+00  -5.7404530E-01   1.7612499E+00
   1.3455596E+00  -5.4657430E-04   1.7623986E+00  -5.7401776E-01   1.8535224E+00
   1.3681425E+00  -4.9693079E-04   1.8647904E+00  -5.7623315E-01   1.9517910E+00
   1.3920702E+00   1.8674086E-03   2.0050056E+00  -5.8155882E-01   2.0876448E+00
   1.4145949E+00   2.5050642E-03   2.1110592E+00  -5.8691835E-01   2.1911299E+00
   1.4361159E+00   1.3530550E-03   2.1917984E+00  -5.9253949E-01   2.2704813E+00
   1.4593291E+00   1.7728540E-03   2.2662637E+00  -6.0095274E-01   2.3445892E+00
   1.4817356E+00   3.2901228E-03   2.3790841E+00  -6.0909510E-01   2.4558194E+00
   1.5050386E+00   2.6523198E-03   2.4477839E+00  -6.1715430E-01   2.5243876E+00
   1.5284815E+00   1.6483697E-03   2.5242109E+00  -6.2590367E-01   2.6006536E+00
   1.5501329E+00   1.2393411E-03   2.5986035E+00  -6.3337898E-01   2.6746795E+00
   1.5726836E+00   1.4185439E-03   2.6918318E+00  -6.4168209E-01   2.7672579E+00
   1.5969877E+00   2.0877530E-03   2.7866592E+00  -6.5129691E-01   2.8617587E+00
   1.6186653E+00   3.0785361E-03   2.8667760E+00  -6.6026342E-01   2.9418297E+00
   1.6404376E+00   3.7486264E-03   2.9428067E+00  -6.6995603E-01   3.0181065E+00
   1.6646832E+00   4.5634173E-03   3.0105424E+00  -6.7798311E-01   3.0859435E+00
   1.6868103E+00   6.0866354E-03   3.0577543E+00  -6.8514240E-01   3.1335793E+00
   1.7089640E+00   6.3461028E-03   3.0765164E+00  -6.8987435E-01   3.1529226E+00
   1.7330688E+00   4.6378849E-03   3.0942953E+00  -6.9464993E-01   3.1713126E+00
   1.7557099E+00   5.2024038E-03   3.0737665E+00  -7.0092040E-01   3.1526744E+00
   1.7777313E+00   4.1985530E-03   3.0325422E+00  -7.0602608E-01   3.1136479E+00
   1.8006763E+00   2.5182609E-03   2.9662862E+00  -7.0974237E-01   3.0500154E+00
   1.8245832E+00   6.4395182E-04   2.8976188E+00  -7.1282226E-01   2.9840090E+00
   1.8473670E+00   1.0606647E-02   2.8119972E+00  -7.1524674E-01   2.9015546E+00
   1.8697090E+00   1.0798670E-02   2.6987574E+00  -7.1500319E-01   2.7918880E+00
   1.8933300E+00   6.8443264E-03   2.5466952E+00  -7.1534795E-01   2.6452649E+00
   1.9160948E+00   7.2510196E-03   2.4057443E+00  -7.1406168E-01   2.5094905E+00
   1.9377414E+00   8.7242601E-03   2.2321188E+00  -7.1276855E-01   2.3431749E+00
   1.9597317E+00   9.9057779E-03   2.0548873E+00  -7.1165800E-01   2.1746533E+00
   1.9844047E+00   1.1521348E-02   1.8396939E+00  -7.1086878E-01   1.9722933E+00
   2.0074720E+00   1.2815594E-02   1.6147375E+00  -7.1043676E-01   1.7641604E+00
   2.0288270E+00   1.4374441E-02   1.5492806E+00  -7.0993173E-01   1.7042536E+00
   2.0507772E+00   1.6286852E-02   1.2365274E+00  -7.1097469E-01   1.4264468E+00
   2.0759051E+00   1.6509593E-02   9.6271420E-01  -7.1212757E-01   1.1975880E+00
   2.0966573E+00   1.6661236E-02   7.3483676E-01  -7.1323866E-01   1.0241934E+00
   2.1208224E+00   1.5860030E-02   3.7458858E-01  -7.1456957E-01   8.0695587E-01
   2.1430027E+00   1.3861524E-02   1.3288034E-01  -7.1536690E-01   7.2773558E-01
   2.1659663E+00   1.1049055E-02  -6.2806822E-02  -7.1676916E-01   7.1960044E-01
   2.1893804E+00   9.3898363E-03  -3.0305320E-01  -7.1764529E-01   7.7906621E-01
   2.2112052E+00   9.6590742E-03  -5.6718963E-01  -7.1880269E-01   9.1568261E-01
   2.2350168E+00   9.8851863E-03  -7.2591275E-01  -7.2049320E-01   1.0228184E+00
   2.2575245E+00   1.0328137E-02  -9.8317027E-01  -7.2118127E-01   1.2193575E+00
   2.2812822E+00   9.0847267E-03  -1.1421431E+00  -7.2392881E-01   1.3522745E+00
   2.3039539E+00   8.5011572E-03  -1.2661070E+00  -7.2555870E-01   1.4592924E+00
   2.3269732E+00   6.4919894E-03  -1.3752861E+00  -7.2730047E-01   1.5557699E+00
   2.3485620E+00   5.8701038E-03  -1.5044131E+00  -7.2903109E-01   1.6717594E+00
   2.3703852E+00   5.2894438E-03  -1.6404978E+00  -7.2900206E-01   1.7951894E+00
   2.3931975E+00   5.8698412E-03  -1.7337346E+00  -7.2874612E-01   1.8806757E+00
   2.4171019E+00   4.7225808E-03  -1.8339733E+00  -7.2875381E-01   1.9734646E+00
   2.4412210E+00   3.9489525E-03  -1.9084340E+00  -7.2753459E-01   2.0424109E+00
   2.4618702E+00   3.5659992E-03  -1.9831798E+00  -7.2480881E-01   2.1114836E+00
   2.4861014E+00   2.3777450E-03  -2.0462506E+00  -7.1922374E-01   2.1689699E+00
   2.5079751E+00   1.0557506E-03  -2.1173618E+00  -7.1071357E-01   2.2334583E+00
   2.5314858E+00   4.6348882E-06  -2.1618426E+00  -6.9901550E-01   2.2720444E+00
   2.5536072E+00   3.1173569E-03  -2.2011001E+00  -6.8836904E-01   2.3062315E+00
   2.5760109E+00   2.7235630E-03  -2.1735649E+00  -6.7167974E-01   2.2749825E+00
   2.5988204E+00  -1.3842940E-03  -2.2027550E+00  -6.6100132E-01   2.2997944E+00
   2.6212163E+00   6.9176580E-04  -2.1965950E+00  -6.4622754E-01   2.2896812E+00
   2.6446571E+00   8.4867136E-04  -2.1831806E+00  -6.3755876E-01   2.2743702E+00
   2.6680651E+00   1.1215677E-03  -2.1207552E+00  -6.2595528E-01   2.2112043E+00
   2.6903620E+00  -4.9468665E-04  -2.0707893E+00  -6.1652017E-01   2.1606169E+00
   2.7131255E+00   2.8222760E-03  -2.0166023E+00  -6.1038244E-01   2.1069551E+00
   2.7353404E+00   5.5904747E-03  -1.9246699E+00  -6.0522968E-01   2.0175948E+00
   2.7590621E+00   4.8510814E-03  -1.8387609E+00  -5.9853172E-01   1.9337283E+00
   2.7819784E+00  -2.0927290E-02  -1.7382437E+00  -5.9639180E-01   1.8378282E+00
   2.8045661E+00  -7.7227131E-03  -1.6081816E+00  -5.9244502E-01   1.7138549E+00
   2.8273857E+00   1.5572391E-02  -1.5254939E+00  -5.8847249E-01   1.6351372E+00
   2.8494489E+00  -1.0566043E-02  -1.4463960E+00  -5.8742476E-01   1.5611665E+00
   2.8732073E+00   9.7890357E-03  -1.3004787E+00  -5.8695960E-01   1.4268365E+00
   2.8951592E+00   8.0156606E-03  -1.2092860E+00  -5.8577144E-01   1.3437132E+00
   2.9177680E+00  -3.9872010E-03  -1.0879073E+00  -5.8577049E-01   1.2355911E+00
   2.9410725E+00   1.3985711E-03  -9.6825171E-01  -5.8495748E-01   1.1312332E+00
   2.9637370E+00  -2.2069679E-03  -8.6490899E-01  -5.8414572E-01   1.0436947E+00
   2.9863796E+00   3.5115008E-03  -7.8560197E-01  -5.8283699E-01   9.7820330E-01
   3.0096731E+00   6.1857415E-04  -6.8425220E-01  -5.8198142E-01   8.9827830E-01
   3.0325127E+00   3.6854146E-04  -6.2103790E-01  -5.8223909E-01   8.5128760E-01
   3.0547316E+00   4.7870064E-03  -5.5225182E-01  -5.8166945E-01   8.0208749E-01
   3.0785933E+00  -6.9967360E-04  -4.0804741E-01  -5.8076519E-01   7.0978260E-01
   3.1001344E+00  -1.0786342E-03  -3.4761390E-01  -5.8082086E-01   6.7689693E-01
   3.1248436E+00   7.0236099E-04  -2.7803081E-01  -5.8078057E-01   6.4390033E-01
   3.1450272E+00   2.5351373E-03  -1.6175184E-01  -5.8073413E-01   6.0284507E-01
   3.1680365E+00   2.3617470E-04  -8.7742798E-02  -5.8010149E-01   5.8669972E-01
   3.1905696E+00   1.0292174E-03  -2.1567872E-02  -5.7994872E-01   5.8035052E-01
   3.2138126E+00   2.6975530E-03   7.6194741E-02  -5.7980788E-01   5.8479917E-01
   3.2385597E+00   8.2497427E-04   1.7011490E-01  -5.8001417E-01   6.0444707E-01
   3.2607088E+00  -1.2799208E-03   2.6133123E-01  -5.7873994E-01   6.3500828E-01
   3.2837691E+00  -7.0800574E-04   3.5683733E-01  -5.7862562E-01   6.7980951E-01
   3.3052430E+00  -2.5154124E-03   4.1000569E-01  -5.7863200E-01   7.0917279E-01
   3.3278248E+00  -8.0970494E-04   4.6770355E-01  -5.7781184E-01   7.4338001E-01
   3.3502305E+00  -9.9452911E-04   5.4093647E-01  -5.7720077E-01   7.9105872E-01
   3.3735695E+00  -2.1152203E-03   6.7560768E-01  -5.7631183E-01   8.8802338E-01
   3.3970497E+00   4.1296010E-04   7.3468250E-01  -5.7605726E-01   9.3359548E-01
   3.4205389E+00  -3.4520915E-03   8.1935275E-01  -5.7559437E-01   1.0013289E+00
   3.4428368E+00   1.4301204E-03   9.2090106E-01  -5.7536656E-01   1.0858672E+00
   3.4663990E+00   1.3079937E-03   1.0358692E+00  -5.7385093E-01   1.1842009E+00
   3.4897006E+00   6.5320224E-04   1.2095300E+00  -5.7330751E-01   1.3385234E+00
   3.5109019E+00  -2.3547796E-04   1.3278041E+00  -5.7245445E-01   1.4459487E+00
   3.5333104E+00  -1.1901780E-03   1.3482933E+00  -5.7059008E-01   1.4640591E+00
   3.5572641E+00  -2.3528032E-03   1.4598130E+00  -5.6997675E-01   1.5671417E+00
   3.5785191E+00  -8.2068343E-04   1.5605992E+00  -5.6902719E-01   1.6611028E+00
   3.6028445E+00  -1.1087733E-03   1.6888565E+00  -5.6852186E-01   1.7819805E+00
   3.6239414E+00  -1.5308870E-03   1.7807599E+00  -5.6738186E-01   1.8689651E+00
   3.6488163E+00   7.9378451E-04   1.8926818E+00  -5.6656426E-01   1.9756620E+00
   3.6716614E+00  -9.1494032E-04   2.0027015E+00  -5.6599230E-01   2.0811443E+00
   3.6940935E+00   1.6191013E-03   2.0947375E+00  -5.6428200E-01   2.1694105E+00
   3.7168353E+00  -3.9433558E-03   2.2495909E+00  -5.6468761E-01   2.3193851E+00
   3.7391140E+00  -1.0260310E-04   2.3286359E+00  -5.6327015E-01   2.3957918E+00
   3.7608473E+00  -2.1973252E-04   2.4254916E+00  -5.6282067E-01   2.4899349E+00
   3.7835782E+00   1.0750245E-03   2.5329065E+00  -5.6299806E-01   2.5947223E+00
   3.8073440E+00   9.4950356E-04   2.6417670E+00  -5.6255645E-01   2.7010007E+00
   3.8303206E+00   7.5821437E-05   2.7564576E+00  -5.6475276E-01   2.8137171E+00
   3.8532009E+00   5.7837851E-03   2.8265736E+00  -5.6601113E-01   2.8826931E+00
   3.8759725E+00   4.7364850E-03   2.8903916E+00  -5.6904399E-01   2.9458780E+00
   3.8989213E+00   4.9122213E-03   2.9479861E+00  -5.7642651E-01   3.0038166E+00
   3.9210136E+00   3.3971216E-03   2.9825323E+00  -5.7907754E-01   3.0382299E+00
   3.9439335E+00   4.4496297E-03   3.0138972E+00  -5.8820319E-01   3.0707619E+00
   3.9677417E+00   3.7364187E-03   3.0162711E+00  -5.9903038E-01   3.0751817E+00
   3.9894798E+00   6.3894778E-03   3.0009041E+00  -6.0672486E-01   3.0616305E+00
   4.0129428E+00   6.2647117E-03   2.9437602E+00  -6.2059987E-01   3.0084724E+00
   4.0354238E+00   1.0930321E-02   2.9051435E+00  -6.3092786E-01   2.9728856E+00
   4.0587006E+00   8.1912735E-03   2.8506889E+00  -6.4089113E-01   2.9218547E+00
   4.0815673E+00   9.3824277E-03   2.7899296E+00  -6.5115881E-01   2.8649266E+00
   4.1043692E+00   1.0378655E-02   2.6897986E+00  -6.6026342E-01   2.7696700E+00
   4.1275239E+00   1.0894571E-02   2.5865881E+00  -6.6940212E-01   2.6718264E+00
   4.1498675E+00   1.3158076E-02   2.5084281E+00  -6.7858511E-01   2.5986271E+00
   4.1719961E+00   1.3118939E-02   2.3086829E+00  -6.8407816E-01   2.4079354E+00
   4.1957331E+00   1.4132415E-02   2.1649442E+00  -6.9050378E-01   2.2724388E+00
   4.2187467E+00   1.3976499E-02   1.9749994E+00  -6.9691551E-01   2.0943995E+00
   4.2409286E+00   1.6310785E-02   1.7934732E+00  -7.0101482E-01   1.9256775E+00
   4.2641068E+00   1.5245676E-02   1.6022254E+00  -7.0533133E-01   1.7506715E+00
   4.2867894E+00   1.6375894E-02   1.3832347E+00  -7.0848638E-01   1.5542071E+00
   4.3092442E+00   1.6541751E-02   1.1649221E+00  -7.1187043E-01   1.3653119E+00
   4.3319559E+00   1.6816203E-02   9.1983318E-01  -7.1310258E-01   1.1639979E+00
   4.3543491E+00   1.2132021E-02   6.7972076E-01  -7.1569902E-01   9.8711324E-01
   4.3782215E+00   1.4070402E-02   4.2556441E-01  -7.1635681E-01   8.3334875E-01
   4.4006124E+00   1.3421408E-02   1.6817522E-01  -7.1724147E-01   7.3681635E-01
   4.4235215E+00   1.1667503E-02  -8.7964028E-02  -7.1784455E-01   7.2330809E-01
   4.4467092E+00   1.0005675E-02  -3.3558020E-01  -7.1847790E-01   7.9304773E-01
   4.4677873E+00   7.8765526E-03  -5.5583090E-01  -7.1922904E-01   9.0901065E-01
   4.4915242E+00   6.0092486E-03  -8.0340075E-01  -7.2020161E-01   1.0789714E+00
   4.5132608E+00   4.7585634E-03  -1.0504074E+00  -7.2037584E-01   1.2737032E+00
   4.5377731E+00   4.3357457E-03  -1.2655602E+00  -7.1959919E-01   1.4558449E+00
   4.5606422E+00   4.9045063E-03  -1.4661862E+00  -7.1769696E-01   1.6324260E+00
   4.5827479E+00   6.8076495E-03  -1.6192325E+00  -7.1646261E-01   1.7706720E+00
   4.6051178E+00   4.5137415E-03  -1.8284646E+00  -7.1293485E-01   1.9625441E+00
   4.6291671E+00   3.9462713E-03  -2.0583549E+00  -7.0594138E-01   2.1760499E+00
   4.6506381E+00   5.1811910E-03  -2.1507709E+00  -7.0036483E-01   2.2619357E+00
   4.6746368E+00   3.0562889E-03  -2.3025460E+00  -6.9130963E-01   2.4040873E+00
   4.6959724E+00   5.1336340E-03  -2.4032667E+00  -6.8305111E-01   2.4984546E+00
   4.7190547E+00   1.4527593E-03  -2.5273311E+00  -6.7164487E-01   2.6150546E+00
   4.7419300E+00   1.9359759E-04  -2.6443505E+00  -6.5959400E-01   2.7253723E+00
   4.7660494E+00  -1.7403928E-03  -2.7352178E+00  -6.4707386E-01   2.8107159E+00
   4.7881756E+00  -1.1864875E-03  -2.8239188E+00  -6.3665432E-01   2.8947966E+00
   4.8104382E+00  -1.7975353E-03  -2.8835244E+00  -6.2693626E-01   2.9508922E+00
   4.8344536E+00  -2.1150697E-03  -2.9482462E+00  -6.1788720E-01   3.0122988E+00
   4.8570509E+00  -1.5041226E-03  -2.9825950E+00  -6.1162078E-01   3.0446601E+00
   4.8790159E+00  -5.2044941E-03  -3.0143247E+00  -6.0482848E-01   3.0744102E+00
   4.9018865E+00  -2.0247530E-03  -3.0129626E+00  -6.0138655E-01   3.0723953E+00
   4.9246192E+00  -1.4972146E-02  -3.0078342E+00  -5.9779298E-01   3.0666997E+00
   4.9474878E+00   2.7697294E-03  -2.9679060E+00  -5.9647435E-01   3.0272522E+00
   4.9699597E+00  -5.5005117E-03  -2.8801596E+00  -5.9336132E-01   2.9406507E+00
   4.9928198E+00  -6.5002148E-03  -2.7719853E+00  -5.9098363E-01   2.8342912E+00
   5.0161920E+00   1.6230509E-02  -2.6445165E+00  -5.8771878E-01   2.7090855E+00
   5.0388212E+00   4.7097588E-03  -2.5421662E+00  -5.8626127E-01   2.6088951E+00
   5.0616398E+00   9.5343105E-03  -2.3992038E+00  -5.8461457E-01   2.4694219E+00
   5.0848632E+00   2.5857908E-03  -2.2643423E+00  -5.8476257E-01   2.3386321E+00
   5.1072164E+00   3.9462172E-03  -2.0960782E+00  -5.8325279E-01   2.1757166E+00
   5.1299372E+00   5.3442363E-03  -1.9621021E+00  -5.8276957E-01   2.0468252E+00
   5.1525693E+00   5.2891241E-04  -1.8280760E+00  -5.8136737E-01   1.9182936E+00
   5.1750865E+00  -4.0004309E-04  -1.7177576E+00  -5.8165836E-01   1.8135649E+00
   5.1975765E+00   4.1353321E-03  -1.4205987E+00  -5.7872266E-01   1.5339615E+00
   5.2202454E+00  -5.4350507E-04  -1.3158081E+00  -5.7965231E-01   1.4378275E+00
   5.2452292E+00   1.8424828E-03  -1.2469108E+00  -5.8016801E-01   1.3752763E+00
   5.2680502E+00   2.5091085E-03  -1.1070063E+00  -5.8019269E-01   1.2498372E+00
   5.2884245E+00   3.6069441E-03  -9.9707067E-01  -5.8101130E-01   1.1540091E+00
   5.3114734E+00   3.8352648E-03  -8.8350266E-01  -5.8109319E-01   1.0574787E+00
   5.3346910E+00   2.2123351E-03  -7.0370930E-01  -5.8203608E-01   9.1322380E-01
   5.3583899E+00   1.8723262E-03  -5.4178935E-01  -5.8218175E-01   7.9528284E-01
   5.3799987E+00   3.5912737E-03  -3.8447049E-01  -5.8205968E-01   6.9758433E-01
   5.4040666E+00   1.7698548E-03  -2.5504383E-01  -5.8176315E-01   6.3521558E-01
   5.4267988E+00   1.8335960E-03  -1.5151443E-01  -5.8081400E-01   6.0025406E-01
   5.4487572E+00   2.3162069E-03  -4.0264912E-02  -5.8083570E-01   5.8223426E-01
   5.4714532E+00   2.7908203E-03   6.6240780E-02  -5.8052176E-01   5.8429539E-01
   5.4955268E+00   2.9842360E-03   1.8707493E-01  -5.8036697E-01   6.0978013E-01
   5.5174265E+00   3.8968294E-03   3.2389405E-01  -5.7967526E-01   6.6403764E-01
   5.5397782E+00   4.5016832E-03   3.6541021E-01  -5.7973737E-01   6.8530309E-01
   5.5634584E+00   3.7564007E-03   4.5851633E-01  -5.7920861E-01   7.3873812E-01
   5.5845013E+00   2.9887513E-03   5.2859944E-01  -5.7817453E-01   7.8339779E-01
   5.6102986E+00   2.7202300E-03   6.6554338E-01  -5.7711679E-01   8.8091952E-01
   5.6317110E+00   2.4771348E-03   7.4250925E-01  -5.7660651E-01   9.4010699E-01
   5.6539779E+00   2.2668317E-03   7.9484940E-01  -5.7654351E-01   9.8193336E-01
   5.6770620E+00  -6.7269750E-04   9.7447526E-01  -5.7668114E-01   1.1323266E+00
   5.6993699E+00  -9.4731012E-04   9.6105087E-01  -5.7587260E-01   1.1203789E+00
   5.7222447E+00  -1.4342598E-03   1.0730246E+00  -5.7554597E-01   1.2176358E+00
   5.7439981E+00  -1.7522574E-04   1.1569036E+00  -5.7444811E-01   1.2916720E+00
   5.7674298E+00  -1.4635480E-03   1.2499617E+00  -5.7449871E-01   1.3756653E+00
   5.7919955E+00  -1.1656457E-03   1.3608745E+00  -5.7157540E-01   1.4760350E+00
   5.8144493E+00  -1.5644565E-02   1.4471658E+00  -5.7279015E-01   1.5564775E+00
   5.8374228E+00  -1.8071056E-03   1.5495161E+00  -5.7219410E-01   1.6517898E+00
   5.8593764E+00   2.9112608E-03   1.6309094E+00  -5.7169431E-01   1.7282096E+00
   5.8826203E+00   2.0670274E-04   1.6968064E+00  -5.7046407E-01   1.7901345E+00
   5.9055977E+00   8.3378976E-04   1.8023981E+00  -5.7001406E-01   1.8903850E+00
   5.9293857E+00  -6.2097050E-04   1.8538222E+00  -5.6857383E-01   1.9390547E+00
   5.9499483E+00  -1.1837081E-03   1.9177536E+00  -5.6764328E-01   1.9999998E+00
   5.9729300E+00  -7.0431195E-03   2.0066826E+00  -5.6699926E-01   2.0852609E+00
   5.9972687E+00   3.3386615E-03   2.1376541E+00  -5.6710160E-01   2.2116013E+00
   6.0192256E+00  -1.6431677E-03   2.2004485E+00  -5.6599790E-01   2.2720761E+00
   6.0407910E+00  -1.0901534E-03   2.2959814E+00  -5.6666595E-01   2.3648767E+00
   6.0649848E+00   4.1338024E-03   2.3795025E+00  -5.6582975E-01   2.4458561E+00
   6.0863991E+00   4.9468060E-03   2.4414957E+00  -5.6550294E-01   2.5061362E+00
   6.1113644E+00   2.9416678E-03   2.5496569E+00  -5.6615406E-01   2.6117599E+00
   6.1339207E+00   6.4805092E-04   2.6148796E+00  -5.6613225E-01   2.6754630E+00
   6.1570716E+00   1.6508215E-03   2.6794751E+00  -5.6705689E-01   2.7388215E+00
   6.1779943E+00   6.8113056E-04   2.7159524E+00  -5.6825441E-01   2.7747633E+00
   6.2006345E+00   1.3886475E-04   2.7509172E+00  -5.7113165E-01   2.8095794E+00
   6.2242131E+00   1.0497335E-03   2.7628336E+00  -5.7317251E-01   2.8216619E+00
   6.2475400E+00   1.3565485E-03   2.7528493E+00  -5.7768780E-01   2.8128107E+00
   6.2698932E+00  -2.3840016E-04   2.7121196E+00  -5.8360678E-01   2.7742007E+00
   6.2920046E+00   2.2462395E-03   2.6620274E+00  -5.8862776E-01   2.7263303E+00
   6.3160243E+00   6.9336960E-04   2.5739362E+00  -6.0111487E-01   2.6431966E+00
   6.3392477E+00   4.4579964E-04   2.4934218E+00  -6.0721767E-01   2.5662942E+00
   6.3603415E+00   1.4511839E-04   2.4710793E+00  -6.1641008E-01   2.5468009E+00
   6.3850431E+00  -2.0326541E-03   2.1518073E+00  -6.2954956E-01   2.2420106E+00
   6.4074454E+00   2.7902916E-04   2.1929250E+00  -6.3587427E-01   2.2832556E+00
   6.4289789E+00  -2.7926830E-03   2.0171657E+00  -6.4519882E-01   2.1178401E+00
   6.4530697E+00   2.4199796E-04   1.8686112E+00  -6.5215695E-01   1.9791455E+00
   6.4752545E+00   9.6456839E-05   1.6331456E+00  -6.6044337E-01   1.7616328E+00
   6.4973354E+00   1.3281928E-03   1.4476713E+00  -6.6658163E-01   1.5937644E+00
   6.5203557E+00   3.5380877E-03   1.2507495E+00  -6.7321879E-01   1.4204261E+00
   6.5440636E+00   5.8143712E-03   1.0503374E+00  -6.7800748E-01   1.2501748E+00
   6.5656843E+00   7.2944253E-03   7.4549860E-01  -6.8320990E-01   1.0112355E+00
   6.5897741E+00   7.6137809E-03   5.7471973E-01  -6.8792510E-01   8.9643830E-01
   6.6118832E+00   7.9118395E-03   3.2357159E-01  -6.9114089E-01   7.6317549E-01
   6.6352272E+00   8.1510134E-03   7.8170978E-02  -6.9360119E-01   6.9803989E-01
   6.6578221E+00   6.4352825E-03  -1.6861011E-01  -6.9567847E-01   7.1584868E-01
   6.6808047E+00   3.4854054E-03  -3.5966229E-01  -6.9618762E-01   7.8361106E-01
   6.7041130E+00   1.7839152E-03  -6.3085234E-01  -6.9630009E-01   9.3958056E-01
   6.7254105E+00  -7.4624468E-04  -7.7510417E-01  -6.9577563E-01   1.0415809E+00
   6.7474647E+00  -9.2273066E-04  -9.7043926E-01  -6.9440192E-01   1.1932926E+00
   6.7712321E+00  -7.8526040E-04  -1.1371890E+00  -6.9249016E-01   1.3314437E+00
   6.7942610E+00  -3.5018167E-03  -1.3481786E+00  -6.8916357E-01   1.5141151E+00
   6.8174868E+00  -3.8335873E-03  -1.5523744E+00  -6.8505263E-01   1.6968141E+00
   6.8400555E+00  -1.9807459E-03  -1.7344815E+00  -6.7923886E-01   1.8627387E+00
   6.8630557E+00  -3.4315996E-03  -1.9043238E+00  -6.7355716E-01   2.0199356E+00
   6.8846450E+00  -2.8500231E-03  -2.0493057E+00  -6.6632020E-01   2.1549115E+00
   6.9078054E+00  -3.4915749E-03  -2.1829581E+00  -6.5793097E-01   2.2799544E+00
   6.9309082E+00  -2.5312193E-03  -2.3337736E+00  -6.4825749E-01   2.4221361E+00
   6.9539728E+00  -1.9727922E-03  -2.4830914E+00  -6.3818985E-01   2.5637927E+00
   6.9773622E+00  -2.0956907E-03  -2.5809903E+00  -6.2858874E-01   2.6564336E+00
   6.9991612E+00  -2.2755407E-03  -2.6847241E+00  -6.1909175E-01   2.7551811E+00
   7.0216875E+00  -1.2437300E-03  -2.8084929E+00  -6.1007226E-01   2.8739905E+00
   7.0454679E+00  -2.3233064E-03  -2.8933206E+00  -6.0301489E-01   2.9554925E+00
   7.0675325E+00   7.8628398E-04  -2.9763484E+00  -5.9778583E-01   3.0357862E+00
   7.0912004E+00   1.6564632E-02  -3.0039580E+00  -5.9348100E-01   3.0620675E+00
   7.1129770E+00  -5.5641816E-03  -3.0805504E+00  -5.9001672E-01   3.1365492E+00
   7.1368356E+00   3.1569828E-03  -3.0730863E+00  -5.8620846E-01   3.1284995E+00
   7.1585941E+00   2.2647898E-03  -3.0909867E+00  -5.8470005E-01   3.1458032E+00
   7.1815300E+00   2.5573720E-03  -3.0674899E+00  -5.8295870E-01   3.1223936E+00
   7.2052374E+00   6.5446892E-03  -3.0358799E+00  -5.8280689E-01   3.0913222E+00
   7.2273502E+00   3.8660881E-03  -2.9886022E+00  -5.8294642E-01   3.0449276E+00
   7.2500091E+00  -2.2094631E-04  -2.9248345E+00  -5.8253336E-01   2.9822814E+00
   7.2734718E+00   4.6795094E-03  -2.8520656E+00  -5.8290845E-01   2.9110277E+00
   7.2955894E+00   6.2183291E-03  -2.7646503E+00  -5.8214426E-01   2.8252826E+00
   7.3176947E+00   3.6539414E-03  -2.6914179E+00  -5.8100390E-01   2.7534177E+00
   7.3412938E+00   5.3943051E-03  -2.5822368E+00  -5.8024955E-01   2.6466329E+00
   7.3640289E+00   4.6053962E-03  -2.4960563E+00  -5.7939363E-01   2.5624237E+00
   7.3879757E+00   5.2271863E-03  -2.3951859E+00  -5.7871962E-01   2.4641144E+00
   7.4094429E+00   4.6414179E-03  -2.3030603E+00  -5.7784045E-01   2.3744488E+00
   7.4331512E+00   5.6681763E-03  -2.1756866E+00  -5.7689559E-01   2.2508781E+00
   7.4555535E+00   5.9741717E-03  -2.1021612E+00  -5.7786316E-01   2.1801474E+00
   7.4784784E+00   4.9415338E-03  -1.9779814E+00  -5.7652020E-01   2.0602939E+00
   7.5005541E+00   7.0236623E-03  -1.8787106E+00  -5.7188725E-01   1.9638376E+00
   7.5236740E+00   7.7716634E-03  -1.7599353E+00  -5.6863910E-01   1.8495358E+00
   7.5471840E+00   8.1612794E-03  -1.6300497E+00  -5.6360084E-01   1.7247534E+00
   7.5692639E+00   1.1068193E-02  -1.5099900E+00  -5.5750585E-01   1.6096599E+00
   7.5931425E+00   1.1604987E-02  -1.3827164E+00  -5.5255347E-01   1.4890785E+00
   7.6149702E+00   1.2673314E-02  -1.3166528E+00  -5.4707205E-01   1.4258412E+00
   7.6376123E+00   1.1661164E-02  -1.2563499E+00  -5.4160708E-01   1.3681700E+00
   7.6600332E+00   1.3146134E-02  -1.0974224E+00  -5.3524882E-01   1.2210652E+00
   7.6845407E+00   1.3522346E-02  -9.8769230E-01  -5.2963161E-01   1.1208160E+00
   7.7065930E+00   1.0838775E-02  -8.7123907E-01  -5.2348328E-01   1.0164692E+00
   7.7301574E+00   1.1311684E-02  -7.5208008E-01  -5.1813036E-01   9.1335177E-01
   7.7524362E+00   9.3475441E-03  -7.3788822E-01  -5.1384598E-01   8.9922416E-01
   7.7750807E+00   7.9485103E-03  -4.9010649E-01  -5.0855964E-01   7.0632887E-01
   7.7985411E+00   7.8277551E-03  -3.8857338E-01  -5.0295615E-01   6.3562208E-01
   7.8208146E+00   8.7200617E-03  -3.0552235E-01  -4.9934292E-01   5.8545989E-01
   7.8433795E+00   6.3994722E-03  -2.2149245E-01  -4.9495837E-01   5.4229480E-01
   7.8667917E+00   8.3729066E-03  -1.1452730E-01  -4.9106330E-01   5.0431114E-01
   7.8895192E+00   7.2459010E-03   4.0618569E-02  -4.8759699E-01   4.8933956E-01
   7.9110389E+00   6.6899881E-03   1.5072088E-01  -4.8532698E-01   5.0823599E-01
   7.9331732E+00   6.5411273E-03   2.6069084E-01  -4.8362109E-01   5.4944688E-01
   7.9573073E+00   8.1528714E-03   3.8627076E-01  -4.8179719E-01   6.1757600E-01
   7.9799643E+00   5.9406781E-03   5.1271600E-01  -4.7967753E-01   7.0214206E-01
   8.0017471E+00   6.9249808E-03   6.0301995E-01  -4.7785741E-01   7.6943403E-01
   8.0252256E+00   4.2220452E-03   7.2475052E-01  -4.7741812E-01   8.6787623E-01
   8.0485306E+00   3.4407671E-03   8.4534025E-01  -4.7797093E-01   9.7111702E-01
   8.0707664E+00   3.4365782E-03   9.5646232E-01  -4.7871879E-01   1.0695810E+00
   8.0947733E+00   2.7892548E-03   1.0664930E+00  -4.7992760E-01   1.1695065E+00
   8.1154699E+00   2.5418494E-03   1.1661469E+00  -4.8122230E-01   1.2615387E+00
   8.1396160E+00   2.2841673E-03   1.2853845E+00  -4.8314309E-01   1.3731881E+00
   8.1631842E+00   2.7003465E-03   1.3828510E+00  -4.8527461E-01   1.4655291E+00
   8.1856470E+00   2.7772966E-03   1.4825292E+00  -4.8834115E-01   1.5608900E+00
   8.2090874E+00   1.3932091E-03   1.6048449E+00  -4.9221092E-01   1.6786306E+00
   8.2310486E+00   2.5982358E-03   1.7084559E+00  -4.9670127E-01   1.7791966E+00
   8.2541618E+00   2.1737760E-03   1.8411512E+00  -5.0237018E-01   1.9084597E+00
   8.2764378E+00   2.5374505E-03   1.9575394E+00  -5.0847441E-01   2.0225017E+00
   8.2999134E+00   1.4311851E-03   2.1160350E+00  -5.1597297E-01   2.1780345E+00
   8.3219414E+00   2.1818443E-03   2.2010932E+00  -5.2175313E-01   2.2620881E+00
   8.3455620E+00   1.1317814E-03   2.3254073E+00  -5.2884567E-01   2.3847847E+00
   8.3684006E+00   1.6627307E-03   2.4251847E+00  -5.3595114E-01   2.4837005E+00
   8.3906994E+00   2.0920485E-03   2.5249488E+00  -5.4052752E-01   2.5821583E+00
   8.4135818E+00   4.1531730E-03   2.6280539E+00  -5.4641533E-01   2.6842604E+00
   8.4354305E+00   3.5744144E-03   2.7266300E+00  -5.4985577E-01   2.7815220E+00
   8.4584913E+00   3.7773098E-03   2.8160741E+00  -5.5089080E-01   2.8694544E+00
   8.4815912E+00   5.8606397E-03   2.9014864E+00  -5.5267417E-01   2.9536600E+00
   8.5051699E+00   7.7157101E-04   3.0045218E+00  -5.5541450E-01   3.0554276E+00
   8.5275717E+00   1.0354925E-02   3.0781384E+00  -5.5747777E-01   3.1282301E+00
   8.5504436E+00   6.1385971E-03   3.1517713E+00  -5.5588955E-01   3.2004240E+00
   8.5733681E+00   7.4040759E-03   3.2107220E+00  -5.5912137E-01   3.2590499E+00
   8.5951223E+00   1.9665500E-03   3.2552195E+00  -5.5909318E-01   3.3028841E+00
   8.6184168E+00   3.7181024E-03   3.3009996E+00  -5.5823374E-01   3.3478706E+00
   8.6417971E+00   8.4593277E-03   3.2668734E+00  -5.6061274E-01   3.3146372E+00
   8.6640244E+00  -2.9866191E-04   3.2399976E+00  -5.6363469E-01   3.2886574E+00
   8.6863499E+00   3.1258147E-03   3.1875927E+00  -5.6702143E-01   3.2376335E+00
   8.7095900E+00   2.9868321E-03   3.0884700E+00  -5.6802595E-01   3.1402721E+00
   8.7322779E+00   1.2044881E-03   2.9714599E+00  -5.7322508E-01   3.0262456E+00
   8.7555323E+00   3.7958501E-03   2.8003306E+00  -5.7592034E-01   2.8589423E+00
   8.7779522E+00   2.3296957E-03   2.6266344E+00  -5.8462584E-01   2.6909108E+00
   8.8004227E+00   3.8054369E-03   2.4225717E+00  -5.9136707E-01   2.4937086E+00
   8.8238630E+00   3.3571084E-03   2.2139733E+00  -6.0154760E-01   2.2942424E+00
   8.8468924E+00   8.3139231E-03   1.9894723E+00  -6.1078984E-01   2.0811374E+00
   8.8690758E+00   2.7008627E-03   1.6010315E+00  -6.2209946E-01   1.7176487E+00
   8.8912554E+00   3.7974454E-03   1.5218617E+00  -6.3072163E-01   1.6473880E+00
   8.9146118E+00   8.8787102E-04   1.1916944E+00  -6.3944316E-01   1.3524141E+00
   8.9383926E+00   2.0355145E-03   9.1644067E-01  -6.4781362E-01   1.1222879E+00
   8.9611664E+00   2.9837359E-03   6.4741307E-01  -6.5347773E-01   9.1988349E-01
   8.9832888E+00   3.5168570E-03   3.4524357E-01  -6.5808338E-01   7.4315488E-01
   9.0057030E+00   1.7681747E-03   6.8199225E-02  -6.6155237E-01   6.6506076E-01
   9.0288887E+00   1.5064917E-03  -2.1240640E-01  -6.6360343E-01   6.9676983E-01
   9.0521069E+00   1.5517664E-03  -5.0829524E-01  -6.6435146E-01   8.3649826E-01
   9.0745134E+00  -9.3653635E-04  -7.7979827E-01  -6.6388965E-01   1.0241268E+00
   9.0963840E+00  -1.1241215E-03  -1.0222915E+00  -6.6232294E-01   1.2180939E+00
   9.1196041E+00  -1.3427081E-03  -1.2622806E+00  -6.5930724E-01   1.4240927E+00
   9.1437120E+00  -6.7110074E-04  -1.4876732E+00  -6.5512687E-01   1.6255347E+00
   9.1652536E+00  -1.9746344E-03  -1.6896755E+00  -6.5028322E-01   1.8104904E+00
   9.1896801E+00  -2.1706200E-03  -1.8870558E+00  -6.4321327E-01   1.9936668E+00
   9.2098761E+00  -3.7806674E-03  -2.0229056E+00  -6.3753110E-01   2.1209919E+00
   9.2332582E+00  -2.1826902E-03  -2.1646497E+00  -6.2970775E-01   2.2543836E+00
   9.2570372E+00  -6.3807452E-03  -2.3341861E+00  -6.2005430E-01   2.4151464E+00
   9.2793980E+00  -4.9901512E-03  -2.4744794E+00  -6.1274654E-01   2.5492220E+00
   9.3028584E+00  -8.3175031E-03  -2.6086159E+00  -6.0469621E-01   2.6777983E+00
   9.3258619E+00  -2.7416873E-04  -2.7235608E+00  -5.9872043E-01   2.7885928E+00
   9.3475018E+00  -2.8597394E-03  -2.8343761E+00  -5.9395140E-01   2.8959410E+00
   9.3709860E+00  -7.0374440E-03  -2.8933578E+00  -5.8886230E-01   2.9526815E+00
   9.3939571E+00   1.1364330E-03  -2.9513867E+00  -5.8576190E-01   3.0089536E+00
   9.4164114E+00  -1.0472555E-02  -3.0115523E+00  -5.8217084E-01   3.0673246E+00
   9.4386444E+00  -2.4033030E-02  -3.0251021E+00  -5.8374035E-01   3.0810020E+00
   9.4616213E+00  -1.3970310E-03  -3.0476806E+00  -5.8439994E-01   3.1032052E+00
   9.4850044E+00   2.9361877E-03  -2.9871392E+00  -5.8539498E-01   3.0439608E+00
   9.5077467E+00   3.8266683E-03  -2.9214008E+00  -5.8577305E-01   2.9795516E+00
   9.5304022E+00   5.9218467E-03  -2.8541622E+00  -5.8598840E-01   2.9137020E+00
   9.5527105E+00   7.3177326E-03  -2.7691526E+00  -5.8522743E-01   2.8303270E+00
   9.5754061E+00   7.6864143E-03  -2.6753590E+00  -5.8464009E-01   2.7385049E+00
   9.5989571E+00   5.6579704E-03  -2.5724988E+00  -5.8284819E-01   2.6377063E+00
   9.6216536E+00   4.1223890E-03  -2.4719913E+00  -5.8097243E-01   2.5393476E+00
   9.6442862E+00   4.8007951E-03  -2.3647943E+00  -5.8000469E-01   2.4348881E+00
   9.6667166E+00   5.2677258E-03  -2.2731297E+00  -5.7853049E-01   2.3456008E+00
   9.6889133E+00   4.0447088E-03  -2.1518018E+00  -5.7672930E-01   2.2277532E+00
   9.7131214E+00   2.2396729E-03  -2.0387676E+00  -5.7282859E-01   2.1177137E+00
   9.7346745E+00   3.0896689E-03  -1.9185630E+00  -5.6922990E-01   2.0012286E+00
   9.7584791E+00   9.6475147E-04  -1.8053604E+00  -5.6365931E-01   1.8913062E+00
   9.7809534E+00   2.1666205E-03  -1.6886164E+00  -5.5811697E-01   1.7784613E+00
   9.8046818E+00   4.4415016E-03  -1.5776908E+00  -5.5167598E-01   1.6713691E+00
   9.8264217E+00   4.1406923E-03  -1.4489418E+00  -5.4662055E-01   1.5486263E+00
   9.8497496E+00   4.6026600E-03  -1.3288680E+00  -5.4017287E-01   1.4344679E+00
   9.8724213E+00   4.5418665E-03  -1.1973927E+00  -5.3356475E-01   1.3109009E+00
   9.8950920E+00   5.1740757E-03  -1.0778162E+00  -5.2839947E-01   1.2003835E+00
   9.9184818E+00   5.7823528E-03  -9.5053184E-01  -5.2136582E-01   1.0841433E+00
   9.9410124E+00   8.0555910E-03  -8.2927120E-01  -5.1528800E-01   9.7635919E-01
   9.9642754E+00   7.9959147E-03  -7.1371722E-01  -5.0955081E-01   8.7698245E-01
   9.9856272E+00   8.1870472E-03  -6.1200196E-01  -5.0402671E-01   7.9287851E-01
   1.0008462E+01   9.0271207E-03  -5.0656378E-01  -4.9821913E-01   7.1057069E-01
   1.0031535E+01   7.1584485E-03  -3.8845560E-01  -4.9242187E-01   6.2723863E-01
   1.0055446E+01   6.2403730E-03  -2.7487832E-01  -4.8696810E-01   5.5922711E-01
   1.0077464E+01   5.0096507E-03  -1.7226550E-01  -4.8266044E-01   5.1250523E-01
   1.0099783E+01   4.3530944E-03  -6.1824538E-02  -4.7865745E-01   4.8265326E-01
   1.0122989E+01   3.0336322E-03   4.6064947E-02  -4.7469878E-01   4.7693828E-01
   1.0145169E+01   3.1489597E-03   1.3163707E-01  -4.7154871E-01   4.8958799E-01
   1.0168327E+01   4.9988222E-03   2.1247955E-01  -4.6904632E-01   5.1495337E-01
   1.0191007E+01   6.9811027E-03   3.3097643E-01  -4.6732613E-01   5.7270223E-01
   1.0214612E+01   5.1173884E-03   4.2755619E-01  -4.6637514E-01   6.3272130E-01
   1.0236397E+01   5.4906341E-03   5.3464502E-01  -4.6511519E-01   7.0866603E-01
   1.0259192E+01   6.5492466E-03   6.1769354E-01  -4.6376145E-01   7.7243954E-01
   1.0282046E+01   7.3711919E-03   7.2354352E-01  -4.6256417E-01   8.5879868E-01
   1.0306192E+01   3.6381504E-03   8.2969648E-01  -4.6238673E-01   9.4984788E-01
   1.0327679E+01   3.6295904E-03   8.9237291E-01  -4.6155408E-01   1.0046765E+00
   1.0350523E+01   3.1986237E-03   9.8437619E-01  -4.6191016E-01   1.0873673E+00
   1.0373701E+01   4.8799999E-03   1.0672516E+00  -4.6266085E-01   1.1632303E+00
   1.0397089E+01   9.4077261E-03   1.1280042E+00  -4.6412790E-01   1.2197937E+00
   1.0420538E+01   5.2401936E-03   1.2197720E+00  -4.6584862E-01   1.3057128E+00
   1.0440967E+01   2.7491704E-03   1.3081990E+00  -4.6780151E-01   1.3893274E+00
   1.0466121E+01   3.0618839E-03   1.3732636E+00  -4.7033799E-01   1.4515785E+00
   1.0488673E+01   2.8342756E-03   1.4751985E+00  -4.7302306E-01   1.5491835E+00
   1.0511989E+01   1.2634194E-03   1.5846012E+00  -4.7685617E-01   1.6547973E+00
   1.0534060E+01   1.9997323E-03   1.6403302E+00  -4.7980896E-01   1.7090652E+00
   1.0555221E+01   8.3358324E-04   1.7232833E+00  -4.8348039E-01   1.7898209E+00
   1.0578225E+01   1.0003513E-03   1.8447086E+00  -4.8861408E-01   1.9083225E+00
   1.0602954E+01   3.1134270E-03   1.9485211E+00  -4.9397793E-01   2.0101638E+00
   1.0624067E+01   2.3311786E-03   2.0227363E+00  -4.9888498E-01   2.0833516E+00
   1.0647474E+01   8.1227757E-03   2.1535919E+00  -5.0502115E-01   2.2120287E+00
   1.0669593E+01   5.4352023E-03   2.2318475E+00  -5.1193875E-01   2.2898154E+00
   1.0693031E+01   7.3604733E-03   2.3579924E+00  -5.1975846E-01   2.4146080E+00
   1.0716968E+01   6.1499672E-03   2.4206161E+00  -5.2641726E-01   2.4772031E+00
   1.0739866E+01  -7.0012361E-04   2.4900174E+00  -5.3310335E-01   2.5464458E+00
   1.0761332E+01  -1.0120939E-02   2.6034477E+00  -5.3963810E-01   2.6588063E+00
   1.0785076E+01  -1.9372036E-04   2.6724880E+00  -5.4546469E-01   2.7275858E+00
   1.0807103E+01  -2.4689767E-03   2.7522852E+00  -5.4892057E-01   2.8064914E+00
   1.0829264E+01  -1.9227831E-04   2.8269036E+00  -5.5149919E-01   2.8801970E+00
   1.0853067E+01   2.8101855E-03   2.9066310E+00  -5.5509657E-01   2.9591627E+00
   1.0875237E+01   1.7411802E-03   2.9747250E+00  -5.5731875E-01   3.0264823E+00
   1.0897995E+01   2.2619895E-03   3.0245867E+00  -5.5948043E-01   3.0758979E+00
   1.0921335E+01   3.4796523E-03   3.0631738E+00  -5.6105793E-01   3.1141343E+00
   1.0944083E+01   4.3221223E-03   3.0773616E+00  -5.6365079E-01   3.1285579E+00
   1.0966563E+01   2.9016677E-03   3.0796356E+00  -5.6451124E-01   3.1309483E+00
   1.0988688E+01  -1.2671903E-03   3.0339344E+00  -5.6518281E-01   3.0861287E+00
   1.1013062E+01   1.7476531E-03   2.9810891E+00  -5.6614923E-01   3.0343733E+00
   1.1034590E+01   1.0889135E-02   2.9210560E+00  -5.6654835E-01   2.9755108E+00
   1.1057706E+01   4.5447568E-03   2.8145640E+00  -5.6799400E-01   2.8713076E+00
   1.1081267E+01   5.9170430E-03   2.6634536E+00  -5.7044250E-01   2.7238622E+00
   1.1103811E+01   4.0341951E-03   2.5193000E+00  -5.7153708E-01   2.5833201E+00
   1.1126548E+01   5.1630056E-03   2.3245308E+00  -5.7248145E-01   2.3939936E+00
   1.1149302E+01   6.1236601E-03   2.1393449E+00  -5.7590061E-01   2.2155125E+00
   1.1172380E+01   8.1196129E-03   1.8941836E+00  -5.8066654E-01   1.9812045E+00
   1.1194417E+01   6.5065683E-03   1.6694651E+00  -5.8673042E-01   1.7695787E+00
   1.1217093E+01   4.9993345E-03   1.4375874E+00  -5.9407079E-01   1.5555072E+00
   1.1239838E+01   6.2101283E-03   1.1862079E+00  -6.0244113E-01   1.3304372E+00
   1.1262893E+01   4.6517118E-03   9.3632400E-01  -6.1058730E-01   1.1178287E+00
   1.1286661E+01   4.1449806E-03   6.5484154E-01  -6.1735284E-01   8.9997733E-01
   1.1308671E+01   4.7761952E-03   4.1013291E-01  -6.2143040E-01   7.4458551E-01
   1.1330657E+01   1.1757964E-03   1.2956500E-01  -6.2449014E-01   6.3779026E-01
   1.1354362E+01   2.6008745E-05  -2.1476334E-01  -6.2601978E-01   6.6183388E-01
   1.1376915E+01  -1.4946875E-02  -5.2998489E-01  -6.2675059E-01   8.2092857E-01
   1.1400361E+01  -1.3983760E-04  -8.0476063E-01  -6.2601918E-01   1.0195782E+00
   1.1422249E+01   2.2987458E-03  -1.0538712E+00  -6.2514001E-01   1.2253366E+00
   1.1446183E+01   2.1966028E-03  -1.3206073E+00  -6.2289727E-01   1.4601402E+00
   1.1468258E+01   4.4777515E-04  -1.5616286E+00  -6.2008041E-01   1.6802332E+00
   1.1491845E+01   6.3902908E-04  -1.8169880E+00  -6.1602026E-01   1.9185741E+00
   1.1514437E+01  -1.1843840E-03  -2.0334826E+00  -6.1154801E-01   2.1234508E+00
   1.1536769E+01  -7.9644592E-03  -2.2067297E+00  -6.0626721E-01   2.2885103E+00
   1.1559144E+01  -1.2713250E-03  -2.3837020E+00  -6.0130799E-01   2.4583752E+00
   1.1583196E+01  -5.6495317E-03  -2.5717487E+00  -5.9754479E-01   2.6402621E+00
   1.1605576E+01  -7.5148898E-03  -2.7004828E+00  -5.9346670E-01   2.7649353E+00
   1.1627677E+01   9.9080009E-03  -2.8441422E+00  -5.9007573E-01   2.9047260E+00
   1.1650962E+01   8.2692793E-03  -2.9641130E+00  -5.8553362E-01   3.0214043E+00
   1.1673090E+01  -1.4630917E-02  -3.0217497E+00  -5.8374584E-01   3.0776525E+00
   1.1696887E+01  -2.2875909E-02  -3.0768347E+00  -5.8351690E-01   3.1317611E+00
   1.1718887E+01   2.9577115E-03  -3.1318743E+00  -5.8226323E-01   3.1855416E+00
   1.1741208E+01   3.9920676E-03  -3.1413419E+00  -5.8280492E-01   3.1949501E+00
   1.1764238E+01   5.3044851E-03  -3.1383088E+00  -5.8271068E-01   3.1919525E+00
   1.1787083E+01   7.2884671E-03  -3.0872805E+00  -5.8323908E-01   3.1418979E+00
   1.1809745E+01   2.9455915E-03  -3.0382042E+00  -5.8142287E-01   3.0933390E+00
   1.1832764E+01   2.9533179E-03  -2.9708641E+00  -5.7993978E-01   3.0269411E+00
   1.1855752E+01   8.7317452E-04  -2.8773403E+00  -5.7452673E-01   2.9341385E+00
   1.1878790E+01   3.4027272E-03  -2.7707877E+00  -5.6828338E-01   2.8284664E+00
   1.1901498E+01  -1.0087084E-03  -2.6209981E+00  -5.6129885E-01   2.6804271E+00
   1.1925046E+01  -5.0849663E-03  -2.4808164E+00  -5.4818141E-01   2.5406649E+00
   1.1947100E+01   2.7164540E-03  -2.4341490E+00  -5.4422218E-01   2.4942467E+00
   1.1969729E+01   5.5202725E-03  -2.2941887E+00  -5.3191221E-01   2.3550506E+00
   1.1993278E+01   7.0916377E-03  -2.1302338E+00  -5.2498955E-01   2.1939826E+00
   1.2015554E+01   2.3498298E-03  -1.9840326E+00  -5.1793295E-01   2.0505233E+00
   1.2037637E+01   6.5432386E-03  -1.8257209E+00  -5.1021659E-01   1.8956847E+00
   1.2060792E+01   1.7692213E-03  -1.6437961E+00  -5.0287974E-01   1.7189988E+00
   1.2083734E+01  -1.1506287E-03  -1.4971071E+00  -4.9713233E-01   1.5774890E+00
   1.2106606E+01  -9.7332121E-04  -1.3626548E+00  -4.8945984E-01   1.4478951E+00
   1.2128782E+01   6.6087777E-03  -1.2602713E+00  -4.8563477E-01   1.3506179E+00
   1.2152452E+01   4.2831143E-03  -1.0474993E+00  -4.7962645E-01   1.1520914E+00
   1.2174716E+01  -4.1015577E-04  -8.8257581E-01  -4.7093990E-01   1.0003623E+00
   1.2198459E+01   5.2870302E-03  -6.8875778E-01  -4.6728837E-01   8.3233029E-01
   1.2220490E+01   7.1467874E-03  -5.6252801E-01  -4.6422258E-01   7.2937745E-01
   1.2243042E+01   1.3121947E-02  -4.2421165E-01  -4.5851573E-01   6.2479150E-01
   1.2266869E+01   1.1707616E-02  -2.8045514E-01  -4.5310372E-01   5.3300577E-01
   1.2288238E+01   1.2358244E-02  -1.4540729E-01  -4.5028090E-01   4.7333804E-01
   1.2312035E+01   1.2184089E-02  -9.3841681E-04  -4.4636357E-01   4.4653082E-01
   1.2335307E+01   8.6058117E-03   1.1795618E-01  -4.4219363E-01   4.5773673E-01
   1.2357002E+01   1.1541459E-02   2.2501303E-01  -4.3997404E-01   4.9430883E-01
   1.2379869E+01   6.1360407E-03   3.2852066E-01  -4.3885753E-01   5.4823297E-01
   1.2403058E+01   6.1537903E-03   4.1857564E-01  -4.3745950E-01   6.0548681E-01
   1.2426835E+01   4.4197408E-03   4.9979940E-01  -4.3662673E-01   6.6367304E-01
   1.2448304E+01   5.2726436E-03   5.6045139E-01  -4.3598518E-01   7.1008211E-01
   1.2471119E+01   4.4190781E-03   5.4419577E-01  -4.3524039E-01   6.9685203E-01
   1.2495233E+01   4.4424627E-03   6.7529202E-01  -4.3423522E-01   8.0286938E-01
   1.2517243E+01   4.3419828E-03   7.2298044E-01  -4.3348280E-01   8.4298694E-01
   1.2540574E+01   4.1340138E-03   7.9531944E-01  -4.3279615E-01   9.0546268E-01
   1.2563550E+01   1.7186326E-03   8.5384214E-01  -4.3210125E-01   9.5695394E-01
   1.2586200E+01  -5.6808029E-04   9.0012109E-01  -4.3153894E-01   9.9822050E-01
   1.2608208E+01  -2.4694751E-04   9.4668019E-01  -4.3124768E-01   1.0402778E+00
   1.2631823E+01   8.5160392E-04   9.9909151E-01  -4.3092015E-01   1.0880610E+00
   1.2653623E+01   4.9386296E-04   1.0387807E+00  -4.3093723E-01   1.1246210E+00
   1.2676715E+01  -6.3666049E-04   1.1153789E+00  -4.3124530E-01   1.1958441E+00
   1.2699554E+01  -2.6314915E-04   1.1477565E+00  -4.3169582E-01   1.2262570E+00
   1.2722158E+01  -9.0832701E-03   1.2102872E+00  -4.3252268E-01   1.2852834E+00
   1.2744543E+01   6.5435166E-04   1.2934257E+00  -4.3448600E-01   1.3644518E+00
   1.2767829E+01   1.3256691E-03   1.3718915E+00  -4.3687975E-01   1.4397749E+00
   1.2791269E+01   1.7100030E-03   1.4160211E+00  -4.3871263E-01   1.4824263E+00
   1.2813063E+01   2.0241241E-03   1.4541777E+00  -4.4096494E-01   1.5195680E+00
   1.2836126E+01   3.2220842E-04   1.5434077E+00  -4.4401494E-01   1.6060064E+00
   1.2858696E+01   1.2467463E-03   1.6334848E+00  -4.4632769E-01   1.6933643E+00
   1.2881423E+01   1.3963658E-03   1.7018093E+00  -4.4947308E-01   1.7601656E+00
   1.2905402E+01   4.6936264E-03   1.7983950E+00  -4.5209247E-01   1.8543555E+00
   1.2927751E+01   2.4654656E-03   1.8931694E+00  -4.5505777E-01   1.9470937E+00
   1.2949755E+01   3.2221212E-03   1.9525259E+00  -4.5978677E-01   2.0059340E+00
   1.2973298E+01   2.7374597E-03   2.0618820E+00  -4.6542287E-01   2.1137605E+00
   1.2995335E+01  -4.3016304E-03   2.1997387E+00  -4.7026518E-01   2.2494485E+00
   1.3018421E+01   8.4312512E-03   2.3563192E+00  -4.7795132E-01   2.4043188E+00
   1.3041595E+01  -1.3280199E-03   2.4907818E+00  -4.8556319E-01   2.5376697E+00
   1.3064481E+01  -2.1490621E-04   2.6781952E+00  -4.9645957E-01   2.7238212E+00
   1.3087434E+01   5.3741929E-05   2.7009881E+00  -5.0401855E-01   2.7476120E+00
   1.3109892E+01   4.9787709E-03   2.8265290E+00  -5.1373410E-01   2.8728406E+00
   1.3133070E+01  -4.0124296E-03   2.9362020E+00  -5.2483827E-01   2.9827425E+00
   1.3154698E+01  -4.7776322E-03   3.0364025E+00  -5.3235942E-01   3.0827210E+00
   1.3178520E+01  -5.9470686E-04   3.1378531E+00  -5.4065806E-01   3.1840906E+00
   1.3201887E+01  -5.1209787E-03   3.1942041E+00  -5.4611903E-01   3.2405572E+00
   1.3224245E+01   6.1237332E-03   3.2512631E+00  -5.4915041E-01   3.2973194E+00
   1.3246875E+01   9.4223180E-04   3.2749054E+00  -5.5583924E-01   3.3217411E+00
   1.3269897E+01   2.6812318E-03   3.2784612E+00  -5.5951357E-01   3.3258638E+00
   1.3292080E+01   2.1227614E-03   3.2472231E+00  -5.6382543E-01   3.2958097E+00
   1.3314786E+01   5.4150750E-03   3.1828020E+00  -5.6768203E-01   3.2330358E+00
   1.3337488E+01   2.2102669E-03   3.0735102E+00  -5.7051098E-01   3.1260121E+00
   1.3361073E+01   2.1002549E-03   2.9058890E+00  -5.7165587E-01   2.9615850E+00
   1.3384088E+01   5.0696819E-03   2.7071917E+00  -5.7287276E-01   2.7671459E+00
   1.3407126E+01   1.5066689E-03   2.5114632E+00  -5.7362300E-01   2.5761392E+00
   1.3429149E+01  -4.9725566E-03   2.2392020E+00  -5.7425326E-01   2.3116698E+00
   1.3451872E+01   5.0640441E-03   1.9773921E+00  -5.7437915E-01   2.0591302E+00
   1.3475593E+01   1.0486061E-02   1.5779672E+00  -5.7553059E-01   1.6796803E+00
   1.3497826E+01   5.0635459E-03   1.4264066E+00  -5.7562047E-01   1.5381808E+00
   1.3520479E+01   3.8369526E-03   9.4780809E-01  -5.7701713E-01   1.1096412E+00
   1.3543008E+01   2.1372991E-02   7.3088795E-01  -5.7803744E-01   9.3208438E-01
   1.3566307E+01   4.5583663E-03   5.6952977E-01  -5.7938087E-01   8.1244516E-01
   1.3588670E+01   2.5940748E-02   2.7489275E-01  -5.7947105E-01   6.4189225E-01
   1.3611316E+01   2.6299434E-03   1.2356607E-02  -5.8115786E-01   5.8129519E-01
   1.3634685E+01   1.0226438E-02  -3.0903655E-01  -5.8280021E-01   6.5974557E-01
   1.3656947E+01   1.1501285E-04  -5.5519325E-01  -5.8370167E-01   8.0557257E-01
   1.3680002E+01   2.6837762E-02  -8.5708410E-01  -5.8436519E-01   1.0376879E+00
   1.3703506E+01  -1.3059522E-02  -1.1073859E+00  -5.8337700E-01   1.2517200E+00
   1.3725152E+01  -2.7746435E-03  -1.2713652E+00  -5.8449644E-01   1.3992902E+00
   1.3747917E+01  -2.3418670E-03  -1.5044662E+00  -5.8482629E-01   1.6141393E+00
   1.3771733E+01  -6.0680499E-03  -1.7407107E+00  -5.8476830E-01   1.8363181E+00
   1.3794334E+01  -8.0490448E-03  -1.9612997E+00  -5.8464783E-01   2.0466006E+00
   1.3816149E+01  -7.8033847E-03  -2.1136861E+00  -5.8439839E-01   2.1930006E+00
   1.3839701E+01  -8.4440848E-03  -2.2969565E+00  -5.8359706E-01   2.3699505E+00
   1.3862798E+01  -7.7129039E-03  -2.4574275E+00  -5.8285129E-01   2.5256138E+00
   1.3885468E+01  -8.2446104E-03  -2.6147087E+00  -5.8105254E-01   2.6785054E+00
   1.3907042E+01  -7.3766802E-03  -2.7309599E+00  -5.8028257E-01   2.7919393E+00
   1.3931700E+01  -6.2805437E-03  -2.8631351E+00  -5.7815605E-01   2.9209325E+00
   1.3954258E+01  -4.5110523E-03  -2.9749668E+00  -5.7492638E-01   3.0300145E+00
   1.3976647E+01  -3.7430555E-03  -3.0824783E+00  -5.7216394E-01   3.1351330E+00
   1.3999073E+01  -3.5747068E-03  -3.1486676E+00  -5.6988686E-01   3.1998267E+00
   1.4022528E+01  -9.1261324E-04  -3.2096515E+00  -5.6312805E-01   3.2586770E+00
   1.4045279E+01   2.3523446E-03  -3.2471836E+00  -5.5801022E-01   3.2947812E+00
   1.4067478E+01  -8.9810044E-04  -3.2902529E+00  -5.5190253E-01   3.3362198E+00
   1.4090951E+01  -2.4485227E-04  -3.3019826E+00  -5.4168260E-01   3.3461187E+00
   1.4113315E+01   1.6219653E-03  -3.2688713E+00  -5.3270686E-01   3.3119931E+00
   1.4135986E+01   2.1859519E-03  -3.2307928E+00  -5.2525216E-01   3.2732120E+00
   1.4158855E+01   3.8272440E-03  -3.1739941E+00  -5.1580691E-01   3.2156351E+00
   1.4181421E+01   4.6342714E-03  -3.0926521E+00  -5.0876898E-01   3.1342247E+00
   1.4205067E+01   3.9327526E-03  -2.9789748E+00  -5.0131321E-01   3.0208642E+00
   1.4226775E+01   6.1518247E-03  -2.8743136E+00  -4.9460769E-01   2.9165654E+00
   1.4250597E+01   6.7627998E-03  -2.7548857E+00  -4.8796836E-01   2.7977767E+00
   1.4272432E+01   7.0202379E-03  -2.5835898E+00  -4.8206836E-01   2.6281886E+00
   1.4294991E+01   5.9296968E-03  -2.4227164E+00  -4.7654882E-01   2.4691472E+00
   1.4319092E+01   5.4550604E-03  -2.2542422E+00  -4.7137022E-01   2.3030040E+00
   1.4341734E+01   5.0954120E-03  -2.0779483E+00  -4.6665120E-01   2.1297085E+00
   1.4364272E+01   5.1695760E-03  -1.8767534E+00  -4.6202603E-01   1.9327955E+00
   1.4387065E+01   1.5688714E-02  -1.6663839E+00  -4.5829949E-01   1.7283286E+00
   1.4409362E+01   1.3137370E-02  -1.4953636E+00  -4.5410502E-01   1.5628487E+00
   1.4432455E+01   8.3012749E-03  -1.3128129E+00  -4.5005211E-01   1.3878378E+00
   1.4455307E+01   5.6794989E-03  -1.1149590E+00  -4.4644538E-01   1.2010326E+00
   1.4478585E+01  -5.7642907E-03  -9.5701522E-01  -4.4345620E-01   1.0547819E+00
   1.4500242E+01   3.7841259E-03  -7.6393920E-01  -4.4066203E-01   8.8192999E-01
   1.4523261E+01   5.3212498E-03  -5.8852279E-01  -4.3913972E-01   7.3432356E-01
   1.4546772E+01   1.4906542E-02  -4.7521684E-01  -4.3891138E-01   6.4706761E-01
   1.4569413E+01   8.2733994E-03  -3.0859450E-01  -4.3832886E-01   5.3612614E-01
   1.4592618E+01   5.3200736E-03  -1.9137917E-01  -4.3817052E-01   4.7817120E-01
   1.4615237E+01   5.5804318E-03  -9.8413125E-02  -4.3803310E-01   4.4898698E-01
   1.4637065E+01   4.7935471E-03   6.6631712E-02  -4.3712559E-01   4.4220081E-01
   1.4660769E+01   5.6368313E-03   1.3059050E-01  -4.3719450E-01   4.5631644E-01
   1.4683667E+01   7.0580826E-03   2.1946971E-01  -4.3673190E-01   4.8882666E-01
   1.4706569E+01   7.6615759E-03   3.1795001E-01  -4.3610477E-01   5.3975761E-01
   1.4729761E+01   7.0114965E-03   4.0651408E-01  -4.3569350E-01   5.9592927E-01
   1.4752401E+01   6.9489432E-03   4.9607325E-01  -4.3537700E-01   6.6006827E-01
   1.4774723E+01   5.3101359E-03   5.4778188E-01  -4.3494785E-01   6.9948041E-01
   1.4796735E+01   3.6059343E-03   6.2923056E-01  -4.3454254E-01   7.6470345E-01
   1.4818878E+01   4.0763090E-03   7.1033442E-01  -4.3420845E-01   8.3254343E-01
   1.4841270E+01   4.2688041E-03   7.7070284E-01  -4.3389118E-01   8.8445610E-01
   1.4866861E+01   4.6096602E-03   8.4232229E-01  -4.3351060E-01   9.4734341E-01
   1.4889253E+01   4.6880324E-03   9.0179074E-01  -4.3328136E-01   1.0004905E+00
   1.4911632E+01   3.9797076E-03   9.6360910E-01  -4.3291751E-01   1.0563976E+00
   1.4934024E+01   3.8613921E-03   1.0466988E+00  -4.3273562E-01   1.1326312E+00
   1.4956415E+01   2.5824320E-03   1.1007078E+00  -4.3224451E-01   1.1825395E+00
   1.4978807E+01   4.2294757E-03   1.1828936E+00  -4.3204227E-01   1.2593315E+00
   1.5001199E+01   1.9493157E-03   1.2461565E+00  -4.3155041E-01   1.3187667E+00
   1.5026790E+01   1.4632315E-03   1.3077666E+00  -4.3096983E-01   1.3769497E+00
   1.5049182E+01   2.4784383E-04   1.3902251E+00  -4.3078014E-01   1.4554372E+00
   1.5071573E+01   9.6009846E-04   1.4543447E+00  -4.3003073E-01   1.5165902E+00
   1.5093732E+01   1.3131620E-03   1.5225211E+00  -4.2946005E-01   1.5819318E+00
   1.5117212E+01   2.5305497E-03   1.6257141E+00  -4.2943963E-01   1.6814789E+00
   1.5140099E+01   9.6925342E-04   1.7312042E+00  -4.2935461E-01   1.7836518E+00
   1.5163177E+01   1.4298068E-03   1.7804638E+00  -4.2854035E-01   1.8313111E+00
   1.5185598E+01   3.6206760E-04   1.8601091E+00  -4.2845485E-01   1.9088163E+00
   1.5206719E+01   2.9395311E-04   1.9534426E+00  -4.2841241E-01   1.9998688E+00
   1.5230412E+01   4.6872679E-04   2.0499740E+00  -4.2834961E-01   2.0942485E+00
   1.5253996E+01   5.3201127E-04   2.1832721E+00  -4.2936009E-01   2.2250905E+00
   1.5277016E+01   1.7501365E-03   2.2898042E+00  -4.3003926E-01   2.3298368E+00
   1.5299500E+01   2.4717001E-03   2.3795443E+00  -4.3241444E-01   2.4185159E+00
   1.5321263E+01   1.9052888E-03   2.4819627E+00  -4.3636501E-01   2.5200310E+00
   1.5345277E+01   1.9182814E-03   2.5928984E+00  -4.3964443E-01   2.6299074E+00
   1.5368125E+01   6.4638717E-04   2.7206016E+00  -4.4681203E-01   2.7570481E+00
   1.5390570E+01  -5.8510388E-05   2.8139765E+00  -4.5540184E-01   2.8505886E+00
   1.5413061E+01  -1.5754330E-03   2.9219100E+00  -4.6472722E-01   2.9586368E+00
   1.5436460E+01  -2.0967461E-03   3.0001824E+00  -4.7659266E-01   3.0378017E+00
   1.5457910E+01  -1.1377964E-03   3.0666931E+00  -4.8438197E-01   3.1047115E+00
   1.5481849E+01  -5.0416477E-03   3.1431577E+00  -4.9735579E-01   3.1822677E+00
   1.5504106E+01  -1.5871604E-03   3.1747389E+00  -5.1150393E-01   3.2156811E+00
   1.5527219E+01   3.5937433E-03   3.1826873E+00  -5.2302283E-01   3.2253780E+00
   1.5548795E+01  -2.5531626E-03   3.1951563E+00  -5.3388262E-01   3.2394540E+00
   1.5572457E+01  -5.3956709E-03   3.1380739E+00  -5.4296958E-01   3.1847060E+00
   1.5595204E+01   2.6368261E-03   3.0672884E+00  -5.5373371E-01   3.1168711E+00
   1.5617588E+01   7.9201581E-03   2.9741006E+00  -5.6090599E-01   3.0265415E+00
   1.5640469E+01   1.3816559E-02   2.8387406E+00  -5.5506599E-01   2.8925314E+00
   1.5663661E+01   7.3106363E-03   2.6523774E+00  -5.7103199E-01   2.7131598E+00
   1.5686029E+01   2.6362909E-03   2.4678674E+00  -5.7510179E-01   2.5339925E+00
   1.5709854E+01   4.8144679E-03   2.2291439E+00  -5.7808858E-01   2.3028877E+00
   1.5731350E+01   4.0188762E-03   1.9843549E+00  -5.7875288E-01   2.0670354E+00
   1.5755045E+01   3.8823234E-03   1.7014577E+00  -5.7735455E-01   1.7967503E+00
   1.5777592E+01   2.2056100E-03   1.4140067E+00  -5.7591879E-01   1.5267948E+00
   1.5800828E+01   3.8958099E-03   1.1286178E+00  -5.7528728E-01   1.2667868E+00
   1.5822409E+01   2.8929296E-03   8.1992269E-01  -5.7537997E-01   1.0016705E+00
   1.5845840E+01   2.8364619E-03   5.5337119E-01  -5.7600021E-01   7.9875147E-01
   1.5867809E+01   2.1283785E-03   3.0043155E-01  -5.7724690E-01   6.5075159E-01
   1.5892116E+01   1.1480065E-03   2.7355671E-02  -5.7886511E-01   5.7951224E-01
   1.5913707E+01   9.1946364E-04  -2.3463844E-01  -5.8005750E-01   6.2571782E-01
   1.5937914E+01   8.4533374E-04  -4.9251828E-01  -5.8113104E-01   7.6176655E-01
   1.5959451E+01  -2.4609370E-04  -7.1150589E-01  -5.8173388E-01   9.1905111E-01
   1.5982106E+01  -1.7852349E-03  -9.3045640E-01  -5.8199745E-01   1.0974851E+00
   1.6005339E+01  -2.9576581E-03  -1.1640629E+00  -5.8204633E-01   1.3014718E+00
   1.6027622E+01  -4.5325928E-03  -1.3836076E+00  -5.8187515E-01   1.5009894E+00
   1.6051088E+01  -5.4308237E-03  -1.5981075E+00  -5.8165455E-01   1.7006761E+00
   1.6074705E+01  -6.6273417E-03  -1.8011818E+00  -5.8089918E-01   1.8925495E+00
   1.6097258E+01  -7.4136616E-03  -2.0173488E+00  -5.7987404E-01   2.0990486E+00
   1.6119062E+01  -8.4440503E-03  -2.1820192E+00  -5.7873464E-01   2.2574792E+00
   1.6142479E+01  -1.0674164E-02  -2.3434451E+00  -5.7748514E-01   2.4135735E+00
   1.6165659E+01  -1.1954842E-02  -2.5060558E+00  -5.7570994E-01   2.5713615E+00
   1.6188427E+01  -1.0484218E-02  -2.6448064E+00  -5.7191294E-01   2.7059555E+00
   1.6210340E+01  -1.0065921E-02  -2.7812262E+00  -5.6463248E-01   2.8379800E+00
   1.6233570E+01  -7.0207627E-03  -2.9103150E+00  -5.5695277E-01   2.9631367E+00
   1.6256248E+01  -6.8971887E-03  -2.9995008E+00  -5.4521930E-01   3.0486581E+00
   1.6279650E+01  -1.8573829E-03  -3.0742695E+00  -5.3392166E-01   3.1202898E+00
   1.6301794E+01   1.0659820E-03  -3.1488688E+00  -5.2206880E-01   3.1918540E+00
   1.6325090E+01  -4.5716370E-06  -3.2087798E+00  -5.1000136E-01   3.2490566E+00
   1.6347565E+01   2.7242324E-03  -3.2416952E+00  -5.0051606E-01   3.2801085E+00
   1.6370705E+01   2.5477584E-03  -3.2793245E+00  -4.9099746E-01   3.3158791E+00
   1.6393202E+01   4.2532203E-03  -3.2588921E+00  -4.8500037E-01   3.2947869E+00
   1.6415573E+01   5.4078749E-03  -3.2340753E+00  -4.7904795E-01   3.2693667E+00
   1.6438520E+01   6.8889586E-03  -3.1757607E+00  -4.7397107E-01   3.2109427E+00
   1.6461040E+01   2.4352211E-03  -3.1020892E+00  -4.6854922E-01   3.1372759E+00
   1.6484016E+01   3.6647862E-03  -3.0263529E+00  -4.6227989E-01   3.0614586E+00
   1.6507078E+01   2.7704169E-03  -2.9191902E+00  -4.5718193E-01   2.9547749E+00
   1.6529205E+01   4.5320620E-03  -2.8089497E+00  -4.5222509E-01   2.8451233E+00
   1.6552273E+01   1.2492264E-02  -2.6684167E+00  -4.4934827E-01   2.7060153E+00
   1.6575228E+01   8.1224805E-03  -2.5459688E+00  -4.4437161E-01   2.5844707E+00
   1.6597893E+01  -1.6368018E-02  -2.4006071E+00  -4.4100046E-01   2.4408326E+00
   1.6621552E+01   7.2989361E-03  -2.2553678E+00  -4.3899190E-01   2.2977057E+00
   1.6643562E+01   6.1796317E-03  -2.0665081E+00  -4.3718496E-01   2.1122558E+00
   1.6666821E+01  -9.4022474E-04  -1.9073863E+00  -4.3705353E-01   1.9568186E+00
   1.6688736E+01   8.3791502E-03  -1.7655388E+00  -4.3652222E-01   1.8187219E+00
   1.6712786E+01   1.2324060E-03  -1.5902737E+00  -4.3615001E-01   1.6489993E+00
   1.6735092E+01   5.8704000E-03  -1.4436228E+00  -4.3673784E-01   1.5082511E+00
   1.6757963E+01   5.4196883E-03  -1.3138959E+00  -4.3723771E-01   1.3847486E+00
   1.6781328E+01   4.6429504E-03  -1.1756399E+00  -4.3727845E-01   1.2543377E+00
   1.6803379E+01   5.2926918E-03  -1.0344095E+00  -4.3788791E-01   1.1232885E+00
   1.6826189E+01   5.9655327E-03  -8.9665186E-01  -4.3810558E-01   9.9797624E-01
   1.6849770E+01   6.9082878E-03  -8.0225104E-01  -4.3767992E-01   9.1390270E-01
   1.6871710E+01   8.2957149E-03  -6.2621403E-01  -4.3814284E-01   7.6431799E-01
   1.6894419E+01   9.1838660E-03  -4.8272204E-01  -4.3817466E-01   6.5199846E-01
   1.6916985E+01   7.4485391E-03  -3.4434828E-01  -4.3700430E-01   5.5642068E-01
   1.6940609E+01   8.2787471E-03  -2.0066480E-01  -4.3710399E-01   4.8103511E-01
   1.6963409E+01   9.2143882E-03  -6.2328879E-02  -4.3659103E-01   4.4111395E-01
   1.6986116E+01   8.6600343E-03   3.4341697E-02  -4.3608037E-01   4.3751621E-01
   1.7008482E+01   1.1118325E-02   1.3247745E-01  -4.3509191E-01   4.5494932E-01
   1.7031921E+01   5.3370320E-03   2.3678386E-01  -4.3494180E-01   4.9524686E-01
   1.7054131E+01   3.9843176E-03   3.6250326E-01  -4.3431365E-01   5.6573212E-01
   1.7077156E+01   3.7375817E-03   4.3983835E-01  -4.3458718E-01   6.1833471E-01
   1.7100357E+01   4.2854599E-03   5.0914228E-01  -4.3413261E-01   6.6911536E-01
   1.7123116E+01   4.4391244E-03   5.9535021E-01  -4.3410975E-01   7.3682618E-01
   1.7145573E+01   8.9044299E-04   8.2605618E-01  -4.3309677E-01   9.3270701E-01
   1.7168585E+01   3.5520357E-03   6.6933811E-01  -4.3341845E-01   7.9741943E-01
   1.7191444E+01   1.8932897E-03   7.9784888E-01  -4.3319091E-01   9.0786606E-01
   1.7214197E+01   2.8024653E-03   9.3927854E-01  -4.3311346E-01   1.0343304E+00
   1.7236877E+01   4.1200272E-03   9.8513079E-01  -4.3271816E-01   1.0759854E+00
   1.7259508E+01   4.8262742E-03   1.0604596E+00  -4.3267617E-01   1.1453413E+00
   1.7282103E+01   1.8365860E-03   1.1094706E+00  -4.3212798E-01   1.1906565E+00
   1.7305426E+01   1.6194710E-03   1.2087811E+00  -4.3107295E-01   1.2833465E+00
   1.7327980E+01   3.6294754E-03   1.2874089E+00  -4.3097016E-01   1.3576341E+00
   1.7350523E+01   2.8307389E-03   1.3321658E+00  -4.3034911E-01   1.3999550E+00
   1.7373808E+01   1.6629795E-03   1.3961722E+00  -4.3026432E-01   1.4609678E+00
   1.7396338E+01   7.8937935E-04   1.4905982E+00  -4.2951283E-01   1.5512463E+00
   1.7418865E+01  -7.5843098E-04   1.5447842E+00  -4.2888290E-01   1.6032153E+00
   1.7442141E+01   2.5734806E-03   1.6246610E+00  -4.2835721E-01   1.6801845E+00
   1.7464663E+01   3.5334737E-03   1.6412742E+00  -4.2766964E-01   1.6960821E+00
   1.7487936E+01   2.6986410E-04   1.8237916E+00  -4.2722455E-01   1.8731623E+00
   1.7510456E+01   4.5711026E-04   1.9211677E+00  -4.2627668E-01   1.9678917E+00
   1.7532940E+01   1.4674210E-03   2.0665083E+00  -4.2753005E-01   2.1102703E+00
   1.7556211E+01  -8.5307297E-04   2.1750546E+00  -4.2395046E-01   2.2159867E+00
   1.7578611E+01   3.0266466E-03   2.2771418E+00  -4.2319223E-01   2.3161337E+00
   1.7601883E+01  -8.6682203E-04   2.4468939E+00  -4.2316979E-01   2.4832165E+00
   1.7624250E+01  -2.4615048E-05   2.5464833E+00  -4.2406470E-01   2.5815516E+00
   1.7647446E+01  -1.0286322E-03   2.7112439E+00  -4.2164740E-01   2.7438350E+00
   1.7669487E+01   1.2325470E-03   2.8058200E+00  -4.2225364E-01   2.8374155E+00
   1.7693102E+01   4.8691034E-03   2.9201961E+00  -4.2719197E-01   2.9512813E+00
   1.7716156E+01  -1.0218110E-03   3.0122075E+00  -4.2748898E-01   3.0423908E+00
   1.7737679E+01  -2.5631236E-03   3.0937908E+00  -4.3127105E-01   3.1237066E+00
   1.7762001E+01  -4.3920521E-03   3.1575546E+00  -4.3607193E-01   3.1875272E+00
   1.7783661E+01  -5.1259561E-03   3.1845937E+00  -4.4266191E-01   3.2152159E+00
   1.7805893E+01  -2.8543288E-03   3.1773570E+00  -4.5324600E-01   3.2095230E+00
   1.7829590E+01  -4.4702636E-03   3.1417670E+00  -4.6729755E-01   3.1763322E+00
   1.7851934E+01  -2.3953503E-03   3.0910268E+00  -4.7779465E-01   3.1277373E+00
   1.7875399E+01   1.3081335E-03   3.0101554E+00  -4.9257705E-01   3.0501919E+00
   1.7898346E+01   7.3018335E-03   2.9097826E+00  -5.0784999E-01   2.9537773E+00
   1.7921173E+01   4.7094831E-03   2.7508030E+00  -5.2225274E-01   2.7999442E+00
   1.7943243E+01   6.5412684E-03   2.6291280E+00  -5.3088647E-01   2.6822000E+00
   1.7966328E+01   3.7813312E-03   2.4376483E+00  -5.4465681E-01   2.4977579E+00
   1.7989025E+01   9.1637851E-04   2.2695770E+00  -5.5203700E-01   2.3357494E+00
   1.8012621E+01   3.1930481E-03   2.0596714E+00  -5.6021154E-01   2.1345007E+00
   1.8034718E+01   2.7870957E-04   1.8115946E+00  -5.6441778E-01   1.8974831E+00
   1.8057205E+01   1.0435237E-03   1.5576833E+00  -5.6789899E-01   1.6579770E+00
   1.8080402E+01   1.2322722E-03   1.3072453E+00  -5.7120800E-01   1.4265939E+00
   1.8102480E+01   9.2224247E-04   1.0428605E+00  -5.7314318E-01   1.1899798E+00
   1.8125374E+01   9.1877719E-04   7.8607845E-01  -5.7459515E-01   9.7369385E-01
   1.8149485E+01   2.0117185E-03   5.1994246E-01  -5.7523525E-01   7.7539659E-01
   1.8171547E+01   9.3530177E-04   1.5283695E-01  -5.7529163E-01   5.9524822E-01
   1.8195036E+01  -1.7603082E-04   7.1596061E-03  -5.7534039E-01   5.7538491E-01
   1.8217110E+01  -1.8610196E-03  -2.1370734E-01  -5.7541436E-01   6.1382079E-01
   1.8240105E+01  -1.4664282E-03  -4.5187223E-01  -5.7565844E-01   7.3182875E-01
   1.8262403E+01  -1.2347858E-03  -6.6398048E-01  -5.7630086E-01   8.7920094E-01
   1.8285799E+01  -5.4266606E-04  -9.0731758E-01  -5.7679987E-01   1.0751389E+00
   1.8309118E+01  -1.8473107E-03  -1.1124455E+00  -5.7764971E-01   1.2534821E+00
   1.8330635E+01  -2.4503395E-03  -1.2991436E+00  -5.7818711E-01   1.4219987E+00
   1.8354498E+01  -2.9712236E-03  -1.5065693E+00  -5.7847112E-01   1.6138119E+00
   1.8376661E+01  -2.7315002E-03  -1.7362893E+00  -5.7759529E-01   1.8298427E+00
   1.8399197E+01  -1.8939623E-03  -1.9635338E+00  -5.7367253E-01   2.0456219E+00
   1.8422392E+01  -1.3734091E-03  -2.1457164E+00  -5.6996429E-01   2.2201262E+00
   1.8445518E+01  -8.8504159E-05  -2.3101764E+00  -5.6361109E-01   2.3779345E+00
   1.8467909E+01   3.9768085E-04  -2.4599867E+00  -5.5690330E-01   2.5222363E+00
   1.8491306E+01   2.2141829E-03  -2.6321547E+00  -5.4584491E-01   2.6881573E+00
   1.8513151E+01   3.8425851E-04  -2.7695312E+00  -5.3539187E-01   2.8208063E+00
   1.8536221E+01   1.9514433E-03  -2.9059851E+00  -5.2206373E-01   2.9525082E+00
   1.8559092E+01  -4.8732242E-04  -3.0304863E+00  -5.0941402E-01   3.0730035E+00
   1.8582594E+01   5.2484330E-03  -3.1301866E+00  -4.9490443E-01   3.1690733E+00
   1.8604321E+01  -1.4479763E-03  -3.1955547E+00  -4.8713508E-01   3.2324717E+00
   1.8627148E+01   1.3110534E-03  -3.2511358E+00  -4.7811940E-01   3.2861047E+00
   1.8650225E+01  -2.9659772E-03  -3.2880023E+00  -4.7057989E-01   3.3215077E+00
   1.8672714E+01  -1.0795189E-03  -3.2810326E+00  -4.6550447E-01   3.3138905E+00
   1.8696291E+01  -2.2855341E-03  -3.2226102E+00  -4.5872951E-01   3.2550967E+00
   1.8719469E+01  -4.5601549E-03  -3.2092309E+00  -4.5604959E-01   3.2414758E+00
   1.8741169E+01  -1.1011139E-02  -3.1507235E+00  -4.5101526E-01   3.1828597E+00
   1.8764204E+01   1.1900269E-02  -3.0498633E+00  -4.4743687E-01   3.0825326E+00
   1.8787161E+01  -3.6024353E-03  -2.9272320E+00  -4.4464132E-01   2.9608119E+00
   1.8809813E+01  -1.2876076E-02  -2.7782502E+00  -4.4125494E-01   2.8131027E+00
   1.8833435E+01   1.3539852E-02  -2.6286683E+00  -4.4002104E-01   2.6652765E+00
   1.8855299E+01   1.4925702E-02  -2.4731181E+00  -4.4006929E-01   2.5120106E+00
   1.8878250E+01  -1.6085284E-02  -2.2719038E+00  -4.3879879E-01   2.3139467E+00
   1.8901443E+01   4.3046195E-03  -2.0667198E+00  -4.3886027E-01   2.1128054E+00
   1.8923822E+01   4.9633710E-03  -1.8883262E+00  -4.3694258E-01   1.9382257E+00
   1.8946911E+01   3.9862306E-03  -1.7079327E+00  -4.3731868E-01   1.7630365E+00
   1.8969984E+01   8.6297998E-03  -1.5413980E+00  -4.3675828E-01   1.6021050E+00
   1.8991968E+01   8.1291748E-03  -1.3906873E+00  -4.3571746E-01   1.4573699E+00
   1.9014799E+01   9.5119206E-03  -1.2246268E+00  -4.3673515E-01   1.3002071E+00
   1.9038141E+01   9.0714162E-03  -1.0494980E+00  -4.3696719E-01   1.1368679E+00
   1.9060947E+01   1.0035671E-02  -9.7592056E-01  -4.3689537E-01   1.0692985E+00
   1.9084236E+01   1.0859634E-02  -8.1359255E-01  -4.3677965E-01   9.2348647E-01
   1.9106163E+01   1.1805393E-02  -6.7274386E-01  -4.3565884E-01   8.0157489E-01
   1.9128757E+01   1.1644474E-02  -5.5324894E-01  -4.3645853E-01   7.0478082E-01
   1.9152443E+01   1.2187019E-02  -4.7601148E-01  -4.3659103E-01   6.4602417E-01
   1.9174137E+01   1.0331107E-02  -3.1443813E-01  -4.3530667E-01   5.3709400E-01
   1.9197336E+01   9.8912427E-03  -1.8407519E-01  -4.3476325E-01   4.7222939E-01
   1.9220448E+01   8.6530531E-03  -1.5287641E-01  -4.3513393E-01   4.6128908E-01
   1.9243517E+01   5.2702725E-03   1.5439125E-02  -4.3475485E-01   4.3506080E-01
   1.9266472E+01   4.1601411E-03   1.0031006E-01  -4.3443280E-01   4.4588259E-01
   1.9289507E+01   2.9919224E-03   1.9974208E-01  -4.3463993E-01   4.7834897E-01
   1.9310892E+01   2.5807505E-03   3.0480728E-01  -4.3395117E-01   5.3030908E-01
   1.9333918E+01   2.7695224E-03   3.8439301E-01  -4.3313134E-01   5.7911003E-01
   1.9356943E+01   6.0245901E-04   4.6958774E-01  -4.3305457E-01   6.3878733E-01
   1.9379969E+01   2.1623694E-03   5.3434068E-01  -4.3336731E-01   6.8799114E-01
   1.9402994E+01   6.7205710E-04   6.3003665E-01  -4.3378860E-01   7.6493084E-01
   1.9426018E+01   6.3494337E-04   7.0631081E-01  -4.3360558E-01   8.2878780E-01
   1.9449043E+01   1.4122381E-03   7.9413825E-01  -4.3322444E-01   9.0462202E-01
   1.9470425E+01   2.4216683E-03   8.5927832E-01  -4.3308866E-01   9.6225303E-01
   1.9493452E+01   3.4598361E-03   9.4048285E-01  -4.3272683E-01   1.0352645E+00
   1.9516478E+01   3.4172072E-03   1.0091563E+00  -4.3250296E-01   1.0979376E+00
   1.9539503E+01   3.2185896E-03   1.0825385E+00  -4.3236324E-01   1.1656920E+00
   1.9562531E+01   2.9143479E-03   1.1426418E+00  -4.3208981E-01   1.2216139E+00
   1.9585558E+01   2.0823651E-03   1.2055562E+00  -4.3171155E-01   1.2805252E+00
   1.9608583E+01  -2.4407941E-04   1.3063946E+00  -4.3114194E-01   1.3756999E+00
   1.9631611E+01   1.5783632E-03   1.3292334E+00  -4.3184316E-01   1.3976239E+00
   1.9652994E+01   1.9833293E-04   1.3659408E+00  -4.2983407E-01   1.4319748E+00
   1.9676022E+01   1.0826202E-03   1.4170367E+00  -4.2973664E-01   1.4807659E+00
   1.9699051E+01   2.9532602E-03   1.4487174E+00  -4.2894438E-01   1.5108885E+00
   1.9722078E+01   3.1094432E-03   1.5460386E+00  -4.2893022E-01   1.6044396E+00
   1.9745108E+01   3.2805922E-03   1.5927482E+00  -4.2876765E-01   1.6494542E+00
   1.9767788E+01   2.0686814E-03   1.6295069E+00  -4.2763162E-01   1.6846857E+00
   1.9790291E+01   2.1526208E-03   1.7123963E+00  -4.2735985E-01   1.7649199E+00
   1.9813662E+01   1.4678320E-03   1.8144600E+00  -4.2668349E-01   1.8639545E+00
   1.9836691E+01   1.6251872E-03   1.8878182E+00  -4.2608407E-01   1.9353056E+00
   1.9858076E+01   2.0599042E-03   2.0329669E+00  -4.2702267E-01   2.0773318E+00
   1.9881105E+01   5.7922839E-03   2.1311357E+00  -4.2576528E-01   2.1732578E+00
   1.9904715E+01   9.8844999E-03   2.2265489E+00  -4.2597318E-01   2.2669518E+00
   1.9927744E+01   1.3812806E-03   2.3148687E+00  -4.2489851E-01   2.3535416E+00
   1.9950775E+01   8.4972503E-03   2.4557390E+00  -4.2453563E-01   2.4921792E+00
   1.9973297E+01   2.6537033E-03   2.5447848E+00  -4.2516732E-01   2.5800591E+00
   1.9995691E+01   1.2972218E-03   2.6500950E+00  -4.2426869E-01   2.6838424E+00
   2.0017878E+01  -4.1823473E-04   2.7357030E+00  -4.2484325E-01   2.7684946E+00
   2.0040606E+01   3.9247898E-04   2.8211076E+00  -4.2477641E-01   2.8529079E+00
   2.0063791E+01   1.1518586E-03   2.8816049E+00  -4.2850602E-01   2.9132912E+00
   2.0086266E+01  -1.2290277E-04   2.8924019E+00  -4.2909515E-01   2.9240572E+00
   2.0108799E+01   7.3741440E-04   2.9008009E+00  -4.3341044E-01   2.9330003E+00
   2.0131830E+01  -1.2247732E-03   2.8838561E+00  -4.3491778E-01   2.9164672E+00
   2.0155958E+01   9.2037335E-05   2.8383269E+00  -4.4150645E-01   2.8724604E+00
   2.0177286E+01   1.3074889E-03   2.7535939E+00  -4.5084009E-01   2.7902577E+00
   2.0200342E+01   3.3579739E-03   2.6401970E+00  -4.5972607E-01   2.6799254E+00
   2.0223211E+01   4.6892427E-03   2.5130155E+00  -4.7085983E-01   2.5567515E+00
   2.0247101E+01   4.8059504E-03   2.3247137E+00  -4.8125857E-01   2.3740106E+00
   2.0268915E+01   5.3809844E-03   2.1725276E+00  -4.9193117E-01   2.2275324E+00
   2.0291946E+01   4.0389528E-03   2.0049205E+00  -5.0194776E-01   2.0668030E+00
   2.0314978E+01   4.6169399E-03   1.8326067E+00  -5.1118773E-01   1.9025723E+00
   2.0338009E+01   4.5864815E-03   1.6301371E+00  -5.1997060E-01   1.7110631E+00
   2.0360697E+01   1.4120162E-03   1.4428648E+00  -5.2766466E-01   1.5363238E+00
   2.0383139E+01   2.2010847E-03   1.2201595E+00  -5.3416890E-01   1.3319650E+00
   2.0406149E+01   7.4769778E-04   1.0296878E+00  -5.4013598E-01   1.1627572E+00
   2.0428461E+01   3.5493926E-03   8.3355880E-01  -5.4597241E-01   9.9645305E-01
   2.0451582E+01   3.4963330E-03   5.9540248E-01  -5.4919153E-01   8.1001711E-01
   2.0474260E+01   2.0845572E-03   3.4068695E-01  -5.5245966E-01   6.4906365E-01
   2.0497107E+01   8.3308941E-04   2.6454321E-01  -5.5479360E-01   6.1463785E-01
   2.0520382E+01   2.1058327E-04   3.5575848E-02  -5.5637550E-01   5.5751175E-01
   2.0542271E+01   1.0593090E-03  -1.8952805E-01  -5.5791616E-01   5.8923042E-01
   2.0565214E+01  -2.1361429E-03  -4.3835479E-01  -5.5758703E-01   7.0926923E-01
   2.0587875E+01   3.6192275E-04  -5.9555888E-01  -5.5697870E-01   8.1542367E-01
   2.0611502E+01   7.6395000E-04  -8.0290431E-01  -5.5526322E-01   9.7620344E-01
   2.0634573E+01  -3.8207255E-02  -2.6936594E-01  -5.5275911E-01   6.1608481E-01
   2.0656519E+01   1.3902643E-03  -1.2195196E+00  -5.4943407E-01   1.3375753E+00
   2.0679131E+01   1.4536643E-03  -1.4535327E+00  -5.4418308E-01   1.5520614E+00
   2.0701853E+01  -2.7644248E-05  -1.6373467E+00  -5.3791922E-01   1.7234447E+00
   2.0725372E+01   8.6230075E-04  -1.7988672E+00  -5.3082371E-01   1.8755527E+00
   2.0747326E+01   8.3089899E-04  -2.0160267E+00  -5.2259582E-01   2.0826597E+00
   2.0770422E+01  -2.6562606E-04  -2.1788685E+00  -5.1306689E-01   2.2384605E+00
   2.0793745E+01  -1.6830111E-03  -2.3730376E+00  -5.0207466E-01   2.4255698E+00
   2.0816473E+01  -7.8408554E-04  -2.5061717E+00  -4.9153829E-01   2.5539200E+00
   2.0839104E+01  -1.2929043E-03  -2.6333814E+00  -4.8044363E-01   2.6768498E+00
   2.0861843E+01  -3.0101696E-04  -2.7761931E+00  -4.7039703E-01   2.8157630E+00
   2.0884644E+01   1.9974019E-03  -2.8868747E+00  -4.6148449E-01   2.9235284E+00
   2.0908068E+01   8.1968930E-04  -3.0039010E+00  -4.5485833E-01   3.0381439E+00
   2.0930122E+01   9.9847140E-03  -3.0826743E+00  -4.4808277E-01   3.1150856E+00
   2.0952995E+01   2.2905657E-02  -3.1382155E+00  -4.4372627E-01   3.1695132E+00
   2.0975733E+01   1.4541685E-02  -3.1712387E+00  -4.3965569E-01   3.2016032E+00
   2.0998734E+01  -1.2397363E-02  -3.1393619E+00  -4.3600300E-01   3.1695180E+00
   2.1021023E+01  -1.5477279E-02  -3.1584167E+00  -4.3586493E-01   3.1883874E+00
   2.1044285E+01   9.7536203E-04  -3.0624394E+00  -4.3538839E-01   3.0932345E+00
   2.1066629E+01  -1.4134394E-02  -2.9934068E+00  -4.3578821E-01   3.0249951E+00
   2.1090797E+01   9.1726892E-04  -2.8815548E+00  -4.3590644E-01   2.9143393E+00
   2.1113297E+01  -7.0438784E-04  -2.7722764E+00  -4.3521461E-01   2.8062303E+00
   2.1135561E+01   1.4387458E-03  -2.6305699E+00  -4.3479145E-01   2.6662602E+00
   2.1157618E+01   1.0540566E-03  -2.5357714E+00  -4.3409723E-01   2.5726595E+00
   2.1181995E+01   4.4823014E-03  -2.3769369E+00  -4.3302289E-01   2.4160626E+00
   2.1204746E+01   3.8440307E-03  -2.2114449E+00  -4.3301880E-01   2.2534435E+00
   2.1227686E+01   5.5251624E-03  -2.0624914E+00  -4.3322203E-01   2.1075063E+00
   2.1250549E+01   4.6952008E-03  -1.8960246E+00  -4.3250397E-01   1.9447341E+00
   2.1272276E+01   5.4276320E-03  -1.7581693E+00  -4.3232504E-01   1.8105507E+00
   2.1295332E+01   6.9842716E-03  -1.5948948E+00  -4.3219978E-01   1.6524330E+00
   2.1319193E+01   8.1268959E-03  -1.4257387E+00  -4.3131760E-01   1.4895743E+00
   2.1340183E+01   8.4891086E-03  -1.2590753E+00  -4.2932329E-01   1.3302861E+00
   2.1363583E+01   9.3830377E-03  -1.0887996E+00  -4.2497656E-01   1.1688361E+00
   2.1386372E+01   8.7530930E-03  -9.0672261E-01  -4.2312264E-01   1.0006274E+00
   2.1409721E+01   9.2353895E-03  -7.4331969E-01  -4.2094892E-01   8.5428768E-01
   2.1432575E+01   7.3038042E-03  -5.7272023E-01  -4.1654974E-01   7.0821995E-01
   2.1454107E+01   8.7761367E-03  -4.1285008E-01  -4.1331011E-01   5.8424950E-01
   2.1477673E+01   8.8308025E-03  -2.7081317E-01  -4.1040280E-01   4.9178067E-01
   2.1500967E+01   1.1250037E-02  -1.1986659E-01  -4.0791240E-01   4.2530823E-01
   2.1522800E+01   4.6990551E-03   1.9298201E-02  -4.0542442E-01   4.0591064E-01
   2.1545481E+01   5.6243292E-03   1.4723548E-01  -4.0392056E-01   4.2995551E-01
   2.1568575E+01   3.8714968E-03   2.8485215E-01  -4.0208054E-01   4.9277225E-01
   2.1592426E+01   4.3883468E-03   4.1136548E-01  -4.0055171E-01   5.7417983E-01
   2.1614637E+01   3.2580711E-03   5.2336681E-01  -3.9986923E-01   6.5864927E-01
   2.1637596E+01   3.0787562E-03   6.3672310E-01  -3.9879763E-01   7.5130904E-01
   2.1660564E+01   2.7380968E-03   7.4298787E-01  -3.9875862E-01   8.4323597E-01
   2.1682245E+01   3.2210748E-03   8.3910990E-01  -3.9898440E-01   9.2914176E-01
   2.1706095E+01   2.4589992E-03   9.4432873E-01  -3.9939433E-01   1.0253187E+00
   2.1728851E+01   3.1466952E-03   1.0182587E+00  -4.0012819E-01   1.0940582E+00
   2.1751646E+01   2.2887979E-03   1.0866137E+00  -4.0105522E-01   1.1582658E+00
   2.1774448E+01   1.2224565E-03   1.1655715E+00  -4.0200043E-01   1.2329488E+00
   2.1797264E+01   3.7001885E-04   1.2154551E+00  -4.0320697E-01   1.2805886E+00
   2.1820078E+01   8.4868830E-04   1.2653943E+00  -4.0440911E-01   1.3284466E+00
   2.1841887E+01   1.3829147E-03   1.3125069E+00  -4.0574372E-01   1.3737919E+00
   2.1865099E+01  -2.8701557E-04   1.3540393E+00  -4.0692452E-01   1.4138635E+00
   2.1887903E+01   3.5969981E-03   1.3904150E+00  -4.0797573E-01   1.4490379E+00
   2.1910702E+01   8.2064820E-03   1.4104998E+00  -4.0980086E-01   1.4688478E+00
   2.1933916E+01   3.5890201E-04   1.4627106E+00  -4.1053692E-01   1.5192310E+00
   2.1956701E+01   3.7172202E-03   1.4995344E+00  -4.1258520E-01   1.5552633E+00
   2.1979479E+01   3.5664209E-03   1.5184885E+00  -4.1361210E-01   1.5738155E+00
   2.2002247E+01   3.5748710E-03   1.5722620E+00  -4.1552860E-01   1.6262487E+00
   2.2024168E+01   1.5498394E-03   1.6485643E+00  -4.1794112E-01   1.7007179E+00
   2.2046921E+01   3.2053809E-03   1.6671166E+00  -4.1831648E-01   1.7188010E+00
   2.2071012E+01   1.0703260E-03   1.7730852E+00  -4.2086527E-01   1.8223500E+00
   2.2093754E+01  -6.1101406E-03   1.8453320E+00  -4.2268392E-01   1.8931322E+00
   2.2115698E+01  -1.4842329E-04   1.9339659E+00  -4.2276743E-01   1.9796355E+00
   2.2138542E+01   1.5274719E-03   2.0415580E+00  -4.2329964E-01   2.0849807E+00
   2.2161104E+01  -1.1515878E-03   2.1537938E+00  -4.2428574E-01   2.1951873E+00
   2.2184420E+01   5.1161721E-03   2.2240865E+00  -4.2387879E-01   2.2641246E+00
   2.2206720E+01   6.2348798E-04   2.3480852E+00  -4.2497221E-01   2.3862326E+00
   2.2230156E+01   4.4731153E-03   2.4499266E+00  -4.2348656E-01   2.4862623E+00
   2.2253090E+01   6.1579854E-03   2.5674498E+00  -4.2434546E-01   2.6022885E+00
   2.2275013E+01   1.4637407E-03   2.6248348E+00  -4.2353338E-01   2.6587853E+00
   2.2298941E+01   5.4697660E-03   2.7170992E+00  -4.2401978E-01   2.7499909E+00
   2.2321619E+01   1.2668694E-02   2.8146505E+00  -4.2595732E-01   2.8467276E+00
   2.2344318E+01   4.0543315E-04   2.8556261E+00  -4.2454192E-01   2.8870118E+00
   2.2367470E+01  -8.0447717E-05   2.8617632E+00  -4.2689374E-01   2.8934283E+00
   2.2389648E+01  -1.6197603E-03   2.8507285E+00  -4.2738232E-01   2.8825874E+00
   2.2412933E+01  -6.5757730E-03   2.8538525E+00  -4.2980832E-01   2.8860445E+00
   2.2435558E+01  -1.3633247E-03   2.8309107E+00  -4.3114343E-01   2.8635540E+00
   2.2457935E+01   6.0075917E-04   2.7408876E+00  -4.3304512E-01   2.7748864E+00
   2.2480946E+01  -8.1474130E-04   2.6428876E+00  -4.3607813E-01   2.6786227E+00
   2.2503284E+01   8.2506501E-04   2.5252328E+00  -4.3859714E-01   2.5630391E+00
   2.2527004E+01  -1.1120635E-03   2.3685398E+00  -4.4548541E-01   2.4100704E+00
   2.2548779E+01  -1.1934385E-03   2.2508719E+00  -4.5130727E-01   2.2956707E+00
   2.2571644E+01   2.7936979E-03   2.0773168E+00  -4.5857006E-01   2.1273315E+00
   2.2594471E+01   1.7504956E-03   1.9095253E+00  -4.6670911E-01   1.9657333E+00
   2.2618246E+01   5.2673207E-03   1.7080275E+00  -4.7363833E-01   1.7724894E+00
   2.2640759E+01   5.8122925E-03   1.5132031E+00  -4.8055795E-01   1.5876881E+00
   2.2663589E+01   6.8557085E-03   1.3047094E+00  -4.8693231E-01   1.3926294E+00
   2.2685389E+01   7.7302200E-03   1.0665305E+00  -4.9162480E-01   1.1744113E+00
   2.2709131E+01   6.5363729E-03   8.7483221E-01  -4.9573216E-01   1.0055468E+00
   2.2731918E+01   5.8366964E-03   6.9678360E-01  -4.9958119E-01   8.5739303E-01
   2.2754721E+01   7.0220530E-03   5.0188977E-01  -5.0216341E-01   7.1000755E-01
   2.2777267E+01   3.2229035E-03   3.0059999E-01  -5.0444561E-01   5.8722752E-01
   2.2800680E+01   2.0002916E-03   3.3131551E-02  -5.0541228E-01   5.0650102E-01
