  flscon:  version 23.2.0.01  win64 2022 
 FLOW-3D   11:14:12  02/13/2024 iqiq     
   hydr3d   version  23.2.0.20 win64     12/04/2023 HYDRO    
 Simulation Template: Free Surface - TruVOF (Default)                            

Mesh Block   1
 printing pfxob, pfyob, pfzob       
       1     1001      0.000E+00      3.377E+00
   time              pfxob_1         pfyob_1         pfzob_1
   0.0000000E+00   8.6300876E-03   6.0171981E+00   2.8443096E+00
   3.3760001E-03  -2.0605169E-01  -1.3726517E+02   1.6066751E+00
   7.6767881E-03   6.0640283E-02   5.1768203E+00   3.0133529E+00
   9.6672811E-03   5.6086406E-02   5.0019550E+00   3.0256071E+00
   1.3951818E-02   4.8611473E-02   5.1586680E+00   3.0019054E+00
   1.6256062E-02   4.5698591E-02   5.2319942E+00   2.9905121E+00
   2.1215947E-02   3.6705121E-02   5.4014654E+00   2.9768777E+00
   2.3883399E-02   3.3191003E-02   5.4970489E+00   2.9750040E+00
   2.6684223E-02   3.0189715E-02   5.5743003E+00   2.9757736E+00
   2.9625088E-02   2.9112922E-02   5.6457963E+00   2.9826245E+00
   3.2635998E-02   2.9534159E-02   5.7167315E+00   2.9854202E+00
   3.5717662E-02   2.7113993E-02   5.8149481E+00   2.9936476E+00
   4.1980453E-02   1.9805536E-02   5.9859452E+00   2.9997599E+00
   4.5037154E-02   2.0528028E-02   6.0944552E+00   3.0035083E+00
   4.8045605E-02   1.5117094E-02   6.1880121E+00   3.0066683E+00
   5.1011574E-02   1.4040422E-02   6.2833872E+00   3.0104411E+00
   5.3940669E-02   1.1322598E-03   6.3752394E+00   3.0141056E+00
   5.6836072E-02   6.4574406E-03   6.4683805E+00   3.0191936E+00
   5.9705719E-02   7.6701143E-03   6.5605202E+00   3.0234027E+00
   6.5397494E-02   5.5231981E-04   6.7165837E+00   3.0294654E+00
   6.8241708E-02  -2.7108858E-03   6.8561463E+00   3.0343614E+00
   7.1109511E-02  -3.5828419E-03   6.9345369E+00   3.0377166E+00
   7.4011557E-02  -1.1472233E-03   7.0218277E+00   3.0409112E+00
   7.6958805E-02   4.2104576E-04   7.1245375E+00   3.0435727E+00
   8.0053426E-02  -2.1045159E-03   7.3205175E+00   3.0585372E+00
   8.3293729E-02  -8.0510359E-03   7.3836784E+00   3.0599246E+00
   8.6696051E-02  -1.0466768E-02   7.4577899E+00   3.0618002E+00
   9.0145074E-02  -9.8988665E-03   7.5611548E+00   3.0618899E+00
   9.3489349E-02  -2.0356230E-02   7.7618270E+00   3.0709243E+00
   9.9088483E-02   4.6326537E-03   7.9467058E+00   3.0743363E+00
   1.0209972E-01  -1.8288512E-02   8.0290794E+00   3.0741704E+00
   1.0515562E-01  -1.5491934E-02   8.1489992E+00   3.0758247E+00
   1.0815340E-01  -1.3816227E-02   8.2793627E+00   3.0789649E+00
   1.1109901E-01  -3.3198029E-03   8.4173393E+00   3.0852518E+00
   1.1399761E-01  -4.2532953E-03   8.5525846E+00   3.0882382E+00
   1.1685590E-01   3.0096760E-04   8.6695328E+00   3.0900452E+00
   1.2248544E-01   9.3043791E-03   8.8888493E+00   3.0960965E+00
   1.2526877E-01  -4.5311393E-04   9.0124464E+00   3.1015489E+00
   1.2803721E-01  -1.4726082E-02   9.1258135E+00   3.1044419E+00
   1.3065648E-01  -7.1872184E-03   9.2365913E+00   3.1122224E+00
   1.3484637E-01   1.0061214E-02   9.4717655E+00   3.1287122E+00
   1.3946575E-01   3.9738067E-03   9.6139536E+00   3.1208987E+00
   1.4195007E-01   5.8708549E-03   9.7169065E+00   3.1218514E+00
   1.4455861E-01  -6.4866310E-03   9.8270206E+00   3.1221230E+00
   1.4728473E-01  -5.1531256E-03   9.9324799E+00   3.1278684E+00
   1.5269575E-01   3.1132558E-03   1.0125329E+01   3.1224773E+00
   1.5476425E-01   2.6115424E-03   1.0253761E+01   3.1248946E+00
   1.5896420E-01   8.2258899E-03   1.0462333E+01   3.1306050E+00
   1.6184556E-01   1.0922257E-02   1.0544736E+01   3.1328094E+00
   1.6502227E-01   8.9064026E-03   1.0649185E+01   3.1373982E+00
   1.6852459E-01   4.5175962E-03   1.0770370E+01   3.1376677E+00
   1.7238589E-01   1.6048601E-03   1.0911334E+01   3.1375692E+00
   1.7623140E-01   1.0071873E-02   1.1058037E+01   3.1441700E+00
   1.7806056E-01   1.8304573E-02   1.1111811E+01   3.1455371E+00
   1.8155611E-01   3.2336984E-03   1.1251733E+01   3.1448781E+00
   1.8645488E-01  -3.4929060E-03   1.1416999E+01   3.1590576E+00
   1.8953024E-01   1.4202237E-03   1.1529296E+01   3.1565962E+00
   1.9247793E-01  -6.3139377E-03   1.1591977E+01   3.1636770E+00
   1.9531496E-01   5.7740747E-03   1.1678400E+01   3.1679227E+00
   1.9939165E-01  -1.8409127E-02   1.1825215E+01   3.1711719E+00
   2.0200375E-01  -6.3971523E-03   1.1909989E+01   3.1704419E+00
   2.0578869E-01   1.6673827E-03   1.2003489E+01   3.1723816E+00
   2.0943323E-01  -1.7769475E-02   1.2104267E+01   3.1758230E+00
   2.1295755E-01  -5.8013620E-04   1.2183612E+01   3.1816163E+00
   2.1637997E-01   1.3073278E-03   1.2254922E+01   3.1832500E+00
   2.1971564E-01   7.1029244E-03   1.2332149E+01   3.1819503E+00
   2.2297682E-01   4.3591345E-03   1.2413171E+01   3.1868582E+00
   2.2617361E-01  -1.2799739E-03   1.2513213E+01   3.1880739E+00
   2.2931527E-01   8.1881229E-03   1.2596386E+01   3.1896043E+00
   2.3343249E-01   1.2609097E-02   1.2668711E+01   3.1938751E+00
   2.3647304E-01   1.1409017E-02   1.2709179E+01   3.1941397E+00
   2.3947683E-01  -5.4761777E-03   1.2775606E+01   3.2021792E+00
   2.4342878E-01  -1.8010689E-04   1.2843906E+01   3.1999910E+00
   2.4635522E-01  -1.2915323E-02   1.2924513E+01   3.2021542E+00
   2.5021049E-01   5.7639973E-03   1.2978512E+01   3.2002935E+00
   2.5306931E-01   8.9455042E-03   1.3040834E+01   3.2081175E+00
   2.5684175E-01   2.4767632E-02   1.3122759E+01   3.2093990E+00
   2.5964460E-01  -5.9196088E-03   1.3117210E+01   3.2169392E+00
   2.6335013E-01   2.4473309E-03   1.3127179E+01   3.2109852E+00
   2.6702544E-01  -3.6334828E-02   1.3185407E+01   3.2337575E+00
   2.6976907E-01   1.3342462E-02   1.3263577E+01   3.2163665E+00
   2.7339959E-01   1.7149135E-02   1.3290359E+01   3.2151880E+00
   2.7699733E-01  -7.7209277E-03   1.3361648E+01   3.2192404E+00
   2.8057200E-01   3.6862351E-02   1.3360542E+01   3.2092550E+00
   2.8324673E-01   6.7771323E-02   1.3430848E+01   3.2180517E+00
   2.8675136E-01   1.9776635E-02   1.3406490E+01   3.2185693E+00
   2.9021141E-01   3.8141867E-03   1.3348390E+01   3.2150185E+00
   2.9371303E-01   2.0240135E-02   1.3355726E+01   3.2047052E+00
   2.9719329E-01  -4.1076902E-02   1.3368118E+01   3.2453554E+00
   3.0065581E-01   3.5998520E-02   1.3344967E+01   3.2169287E+00
   3.0411014E-01   2.8632384E-02   1.3311011E+01   3.1930885E+00
   3.0755544E-01   2.7858395E-02   1.3290223E+01   3.1968274E+00
   3.1098506E-01  -3.3839468E-02   1.3279770E+01   3.1925116E+00
   3.1355858E-01  -1.0626367E-01   1.3226001E+01   3.2199583E+00
   3.1701073E-01  -1.1644523E-02   1.3159708E+01   3.1796968E+00
   3.2048225E-01  -2.8967613E-02   1.3082871E+01   3.1845014E+00
   3.2397795E-01  -3.4982637E-02   1.3025365E+01   3.1704576E+00
   3.2763502E-01  -2.2034636E-02   1.3007749E+01   3.1505809E+00
   3.3077413E-01   3.1476405E-02   1.3057233E+01   3.1426215E+00
   3.3402035E-01   1.9306211E-03   1.2829447E+01   3.1565697E+00
   3.3713049E-01  -8.9002997E-02   1.2494364E+01   3.1575477E+00
   3.4105214E-01  -4.6353970E-02   1.2573876E+01   3.1567109E+00
   3.4417638E-01   1.9594001E-02   1.2419743E+01   3.1498244E+00
   3.4732217E-01  -1.4231611E-02   1.2420815E+01   3.1463799E+00
   3.5160387E-01   1.1139694E-03   1.2302647E+01   3.1500933E+00
   3.5470095E-01  -3.3825282E-02   1.2200935E+01   3.1462185E+00
   3.5790345E-01   1.7336585E-02   1.2124017E+01   3.1429830E+00
   3.6122677E-01   2.1995956E-02   1.1983804E+01   3.1366305E+00
   3.6458382E-01   8.4197391E-03   1.1930902E+01   3.1377280E+00
   3.6798266E-01  -3.9635401E-02   1.1766038E+01   3.1174023E+00
   3.7131819E-01  -9.2045208E-03   1.1686729E+01   3.1219618E+00
   3.7445822E-01  -4.7254423E-03   1.1512366E+01   3.1123047E+00
   3.7758335E-01   8.7699126E-03   1.1418537E+01   3.1121125E+00
   3.8181996E-01  -1.0260496E-03   1.1293502E+01   3.1083837E+00
   3.8494894E-01  -3.0214580E-02   1.1179374E+01   3.1167884E+00
   3.8833070E-01  -1.2313531E-02   1.1095449E+01   3.1029289E+00
   3.9141774E-01   2.4978367E-03   1.0924370E+01   3.0947635E+00
   3.9499134E-01  -4.5016188E-02   1.0802970E+01   3.0980692E+00
   3.9856288E-01   1.4123694E-02   1.0598703E+01   3.0905693E+00
   4.0157351E-01   1.1621241E-02   1.0305405E+01   3.0848799E+00
   4.0540007E-01  -1.9554168E-02   1.0194489E+01   3.0808780E+00
   4.0822384E-01   4.2827106E-03   1.0077735E+01   3.0717576E+00
   4.1225839E-01  -5.5800840E-02   1.0046306E+01   3.0740316E+00
   4.1558307E-01  -7.4472278E-02   9.9028177E+00   3.0769136E+00
   4.1882101E-01   2.3043193E-02   9.3266716E+00   3.0607536E+00
   4.2209896E-01  -3.8236316E-02   9.2333832E+00   3.0609813E+00
   4.2538774E-01   1.8650394E-02   9.1169672E+00   3.0628507E+00
   4.2900366E-01  -3.3010202E-03   9.1319399E+00   3.0591149E+00
   4.3248066E-01   7.9602852E-02   8.9662027E+00   3.0556469E+00
   4.3576679E-01  -4.5134526E-02   8.5030708E+00   3.0472710E+00
   4.3877855E-01   1.4741361E-02   8.3894205E+00   3.0466533E+00
   4.4226506E-01  -5.5055998E-02   8.1025295E+00   3.0465341E+00
   4.4630113E-01  -8.0263168E-03   7.9192967E+00   3.0404911E+00
   4.4905117E-01  -4.1462939E-02   7.8327146E+00   3.0407543E+00
   4.5306808E-01   2.6917789E-02   7.6649375E+00   3.0252063E+00
   4.5588452E-01   2.5023354E-02   7.4307976E+00   3.0269394E+00
   4.5892122E-01  -2.1141735E-03   7.1164885E+00   3.0237935E+00
   4.6194145E-01  -1.8353961E-01   6.9797988E+00   3.0161076E+00
   4.6626320E-01  -7.2700991E-03   6.6101961E+00   3.0212660E+00
   4.6907252E-01   1.9393161E-02   6.5242653E+00   3.0095725E+00
   4.7198844E-01  -1.6650809E-02   6.3277645E+00   3.0098908E+00
   4.7630826E-01  -8.3079204E-02   5.8975062E+00   3.0042541E+00
   4.7915223E-01  -1.1498176E-02   5.7665782E+00   3.0067132E+00
   4.8310384E-01  -2.6321659E-02   5.3328042E+00   3.0055935E+00
   4.8637357E-01  -7.7644952E-02   5.2603526E+00   2.9982889E+00
   4.8980066E-01  -1.0303736E-01   5.0148206E+00   2.9948347E+00
   4.9231565E-01  -1.0215826E-01   4.9151177E+00   2.9923463E+00
   4.9643111E-01  -9.8801263E-02   4.6861935E+00   2.9923460E+00
   4.9918866E-01  -8.6545415E-02   4.4882097E+00   2.9889526E+00
   5.0326163E-01  -9.0969235E-02   4.3064303E+00   2.9898708E+00
   5.0595176E-01  -2.2101697E-01   3.9765148E+00   2.9742823E+00
   5.0995964E-01  -8.4886387E-02   3.5073605E+00   2.9672186E+00
   5.1262021E-01  -4.4903211E-02   3.3221858E+00   2.9650812E+00
   5.1660877E-01  -1.6340728E-01   3.2318037E+00   2.9641633E+00
   5.2058995E-01  -2.8430021E-01   3.0073643E+00   2.9613414E+00
   5.2342701E-01  -1.4111882E-01   2.8834517E+00   2.9553814E+00
   5.2696049E-01  -4.0778015E-02   2.6105986E+00   2.9560313E+00
   5.3046548E-01  -4.6494506E-02   2.2824030E+00   2.9532640E+00
   5.3297466E-01  -6.3185014E-02   2.1031022E+00   2.9518611E+00
   5.3683639E-01  -1.9800594E-01   1.9043950E+00   2.9499693E+00
   5.4046208E-01   5.5719260E-02   1.4397444E+00   2.9490657E+00
   5.4319143E-01  -2.5883419E-02   1.3166364E+00   2.9442441E+00
   5.4620051E-01  -1.4694467E-01   1.2736260E+00   2.9394584E+00
   5.5092931E-01  -1.5537554E-01   1.0304685E+00   2.9361448E+00
   5.5416119E-01  -8.7088771E-02   9.4669926E-01   2.9349680E+00
   5.5715853E-01  -8.4834822E-02   4.7292021E-01   2.9297233E+00
   5.6020010E-01  -9.5434867E-02   5.7501715E-02   2.9184358E+00
   5.6449926E-01  -1.2588575E-01   5.7532404E-02   2.9237604E+00
   5.6732416E-01  -1.2847309E-01  -2.0250449E-01   2.9149883E+00
   5.7034671E-01  -1.0560368E-01  -2.9888558E-01   2.9186196E+00
   5.7367903E-01  -7.6893501E-02  -4.1664246E-01   2.9141157E+00
   5.7735294E-01  -2.1183649E-01  -7.6420194E-01   2.9159760E+00
   5.8125532E-01  -1.6260473E-01  -1.0467628E+00   2.9169669E+00
   5.8327812E-01  -1.9846851E-01  -1.1617692E+00   2.9159219E+00
   5.8697373E-01  -5.6282155E-02  -1.5366608E+00   2.9097726E+00
   5.9035665E-01  -1.4827867E-01  -1.7467506E+00   2.9070463E+00
   5.9408611E-01  -9.7992659E-02  -1.8591741E+00   2.9062390E+00
   5.9819788E-01  -1.5982705E-01  -1.9218223E+00   2.9042976E+00
   6.0030997E-01  -1.6754068E-01  -2.1654220E+00   2.9099991E+00
   6.0440153E-01  -1.5657222E-01  -2.5078251E+00   2.9057896E+00
   6.0844243E-01  -6.1105952E-02  -2.6540451E+00   2.9162169E+00
   6.1018759E-01  -2.9610693E-02  -2.8361776E+00   2.9150605E+00
   6.1358738E-01  -1.8658914E-01  -3.0168746E+00   2.9026935E+00
   6.1795717E-01  -1.2981103E-01  -3.1782613E+00   2.9114640E+00
   6.2075168E-01  -3.6239292E-02  -3.2768769E+00   2.9047303E+00
   6.2487018E-01  -1.1530834E-01  -3.5177226E+00   2.9068477E+00
   6.2761366E-01  -2.0626083E-01  -3.7458322E+00   2.9041958E+00
   6.3191485E-01  -1.4384688E-01  -4.0809250E+00   2.9000814E+00
   6.3481134E-01  -6.6274814E-02  -4.0714025E+00   2.8936002E+00
   6.3800466E-01  -1.7253773E-01  -4.4864821E+00   2.8944466E+00
   6.4152533E-01  -1.2345819E-01  -4.5537286E+00   2.8897700E+00
   6.4534837E-01   1.4980652E-03  -4.6925693E+00   2.8913229E+00
   6.4727437E-01  -6.7937979E-03  -4.7624173E+00   2.8999691E+00
   6.5163815E-01  -1.6227087E-01  -5.0410700E+00   2.8971419E+00
   6.5432948E-01  -7.1704842E-02  -5.1298285E+00   2.8982298E+00
   6.5889251E-01  -1.4121956E-01  -5.4890294E+00   2.8995259E+00
   6.6232741E-01  -1.5937124E-01  -5.5209417E+00   2.9002259E+00
   6.6417474E-01  -1.1021150E-01  -5.7098751E+00   2.9046376E+00
   6.6797066E-01  -6.4572215E-02  -5.9115324E+00   2.9000201E+00
   6.7175865E-01  -1.5993181E-01  -6.1071024E+00   2.9023421E+00
   6.7498416E-01   1.0899400E-03  -6.4587040E+00   2.8899319E+00
   6.7785633E-01  -1.0140859E-01  -6.5067658E+00   2.9045393E+00
   6.8272585E-01  -7.7905878E-02  -6.6109238E+00   2.8872721E+00
   6.8451399E-01  -3.0346513E-02  -6.7727919E+00   2.8871698E+00
   6.8827069E-01  -1.3251166E-01  -7.0090075E+00   2.8855381E+00
   6.9202530E-01  -1.0225905E-02  -6.9910312E+00   2.8741038E+00
   6.9577533E-01  -9.3031079E-02  -7.3002205E+00   2.8714705E+00
   6.9952112E-01  -9.4891362E-02  -7.4485264E+00   2.8679056E+00
   7.0139277E-01  -2.4426771E-02  -7.6126060E+00   2.8705933E+00
   7.0512515E-01  -1.0307654E-01  -7.7566128E+00   2.8695951E+00
   7.0943546E-01  -1.4585632E-01  -7.9603553E+00   2.8649929E+00
   7.1213514E-01  -1.0942356E-01  -8.0332546E+00   2.8737171E+00
   7.1511155E-01  -1.1616049E-01  -8.1158028E+00   2.8736017E+00
   7.1830994E-01  -1.2299421E-01  -8.2930660E+00   2.8730447E+00
   7.2281313E-01  -4.3167047E-02  -8.4604769E+00   2.8704371E+00
   7.2609907E-01  -1.0049839E-01  -8.5760136E+00   2.8733926E+00
   7.2972178E-01  -1.1480752E-01  -8.7430439E+00   2.8824551E+00
   7.3348349E-01  -9.8651998E-02  -8.8854971E+00   2.8897779E+00
   7.3536432E-01  -7.9722449E-02  -8.9468699E+00   2.8898013E+00
   7.3893452E-01  -1.1384739E-01  -9.0986776E+00   2.8952193E+00
   7.4222088E-01  -1.2298661E-01  -9.2606697E+00   2.8987260E+00
   7.4559432E-01  -1.2464400E-01  -9.3610849E+00   2.8928592E+00
   7.4889928E-01  -1.2728369E-01  -9.4417486E+00   2.9112349E+00
   7.5216275E-01   1.1740862E-02  -9.5159931E+00   2.8915641E+00
   7.5586510E-01  -5.7851919E-03  -9.6065369E+00   2.8873780E+00
   7.6015097E-01  -5.3860713E-02  -9.8691740E+00   2.8969710E+00
   7.6331663E-01  -1.0709795E-01  -9.8218460E+00   2.8996468E+00
   7.6648653E-01  -1.3674536E-01  -1.0053482E+01   2.8926675E+00
   7.6964027E-01   4.3223642E-02  -1.0114005E+01   2.8839934E+00
   7.7278948E-01  -1.0241645E-01  -1.0140432E+01   2.8822176E+00
   7.7593201E-01  -7.7344619E-02  -1.0000811E+01   2.8706293E+00
   7.7908081E-01   1.0284563E-01  -1.0401455E+01   2.8653061E+00
   7.8384233E-01  -3.7292190E-02  -1.0444378E+01   2.8462031E+00
   7.8702599E-01  -9.1912765E-03  -1.0391962E+01   2.8400540E+00
   7.9023159E-01  -4.0124003E-02  -1.0401803E+01   2.8343675E+00
   7.9300427E-01  -7.4548960E-02  -1.0547494E+01   2.8220601E+00
   7.9705471E-01   4.2409029E-02  -1.0617615E+01   2.8251705E+00
   7.9972118E-01  -2.7204309E-02  -1.0475609E+01   2.8206170E+00
   8.0374056E-01   2.4239153E-02  -1.0871330E+01   2.8162932E+00
   8.0647075E-01   6.2450703E-02  -1.0678997E+01   2.8134065E+00
   8.1056166E-01   5.0132656E-03  -1.0753361E+01   2.8111620E+00
   8.1326354E-01  -5.6807287E-02  -1.0699226E+01   2.8081899E+00
   8.1701720E-01   4.9101911E-02  -1.0768501E+01   2.8039608E+00
   8.2060593E-01  -1.7218044E-01  -1.0854519E+01   2.8058033E+00
   8.2419920E-01  -6.6710901E-03  -1.0874392E+01   2.7799520E+00
   8.2758927E-01   7.3371790E-02  -1.0927381E+01   2.7855313E+00
   8.3002162E-01   4.8927661E-02  -1.0849637E+01   2.7783859E+00
   8.3414555E-01  -9.2918567E-02  -1.0876822E+01   2.7879617E+00
   8.3722383E-01   2.2169821E-02  -1.0842617E+01   2.7852139E+00
   8.4088606E-01   3.3080723E-02  -1.0862304E+01   2.7946961E+00
   8.4410250E-01  -1.0156660E-02  -1.0933091E+01   2.7882466E+00
   8.4739161E-01  -1.1319079E-01  -1.0987200E+01   2.8049750E+00
   8.5119921E-01   1.7795494E-01  -1.0658528E+01   2.7875264E+00
   8.5406548E-01   1.7057020E-02  -1.0691689E+01   2.7848814E+00
   8.5722548E-01  -4.3950822E-02  -1.0778564E+01   2.7902553E+00
   8.6062723E-01  -4.5186967E-02  -1.0729815E+01   2.7854180E+00
   8.6382556E-01   1.7051801E-02  -1.0702910E+01   2.7960069E+00
   8.6704314E-01  -1.0139848E-02  -1.0696370E+01   2.7983420E+00
   8.7175161E-01   6.1786495E-02  -1.0610354E+01   2.7530744E+00
   8.7490398E-01   7.7323742E-02  -1.0634289E+01   2.7741101E+00
   8.7800550E-01   7.3897220E-02  -1.0561866E+01   2.7776213E+00
   8.8141912E-01   9.6995719E-02  -1.0479144E+01   2.7724814E+00
   8.8485819E-01  -4.1494183E-02  -1.0538047E+01   2.7834270E+00
   8.8828731E-01  -4.1123438E-03  -1.0371559E+01   2.7752113E+00
   8.9174801E-01  -5.1887497E-02  -1.0356044E+01   2.7839317E+00
   8.9514816E-01   5.2996874E-02  -1.0328012E+01   2.7843783E+00
   8.9851964E-01   4.6497986E-02  -1.0328243E+01   2.7904487E+00
   9.0204740E-01   5.9704818E-02  -1.0410154E+01   2.7878056E+00
   9.0561283E-01   3.6488559E-02  -1.0184065E+01   2.7813511E+00
   9.0741539E-01  -4.5430392E-02  -1.0138514E+01   2.7799685E+00
   9.1106397E-01   1.3551172E-02  -1.0161563E+01   2.7717679E+00
   9.1467321E-01   1.0053408E-01  -1.0153716E+01   2.7690263E+00
   9.1812396E-01   6.2348116E-02  -1.0091333E+01   2.7680786E+00
   9.2137188E-01  -3.3309218E-02  -1.0013804E+01   2.7629182E+00
   9.2439187E-01  -3.3232562E-02  -9.9261255E+00   2.7596729E+00
   9.2856091E-01  -5.3428212E-04  -1.0087124E+01   2.7600181E+00
   9.3213362E-01  -1.7626939E-02  -9.9443455E+00   2.7480304E+00
   9.3521023E-01   1.1689142E-01  -9.8767805E+00   2.7389870E+00
   9.3821490E-01   6.4452916E-02  -9.8603764E+00   2.7344055E+00
   9.4227672E-01   7.6766282E-02  -9.6687737E+00   2.7320318E+00
   9.4563675E-01  -1.5272959E-02  -9.7148619E+00   2.7343435E+00
   9.4807965E-01  -2.6235731E-02  -9.6603889E+00   2.7321527E+00
   9.5211810E-01   6.6865101E-02  -9.5771999E+00   2.7254910E+00
   9.5508361E-01   4.2774364E-02  -9.5866051E+00   2.7238684E+00
   9.5821953E-01   4.9933128E-02  -9.5604582E+00   2.7347355E+00
   9.6157730E-01   1.0001734E-03  -9.3176680E+00   2.7288303E+00
   9.6513271E-01  -8.3770165E-03  -9.3357477E+00   2.7091928E+00
   9.6887225E-01  -7.7519268E-03  -9.2962627E+00   2.7105927E+00
   9.7168732E-01   3.6107760E-02  -9.1256332E+00   2.7123795E+00
   9.7645998E-01  -5.0664879E-02  -9.0937243E+00   2.7148833E+00
   9.7821259E-01  -2.8834896E-02  -9.0179672E+00   2.7145138E+00
   9.8198503E-01   4.2264711E-02  -9.0533457E+00   2.7174413E+00
   9.8612905E-01   1.4618145E-02  -8.9362717E+00   2.7157030E+00
   9.8821378E-01  -6.4664297E-02  -8.8723040E+00   2.7169142E+00
   9.9229819E-01  -2.1333028E-02  -8.8501129E+00   2.7095888E+00
   9.9627715E-01   1.3804983E-03  -8.7578564E+00   2.7223344E+00
   1.0001045E+00   2.0548744E-02  -8.6595392E+00   2.7218015E+00
   1.0018312E+00  -2.8601971E-03  -8.6588049E+00   2.7265208E+00
   1.0054271E+00   2.8992500E-02  -8.4979734E+00   2.7190764E+00
   1.0088100E+00  -6.4703718E-02  -8.4562397E+00   2.7064991E+00
   1.0124153E+00   5.5453129E-02  -8.4060612E+00   2.7153041E+00
   1.0159479E+00   3.2566328E-02  -8.3886719E+00   2.7142029E+00
   1.0194128E+00   5.4331119E-03  -8.2561522E+00   2.7148058E+00
   1.0227828E+00   2.2494074E-02  -8.2849674E+00   2.7130656E+00
   1.0260435E+00   3.8016640E-02  -8.2409678E+00   2.7136047E+00
   1.0291951E+00   3.4215685E-02  -8.1858301E+00   2.7116222E+00
   1.0338520E+00   3.3807945E-02  -7.7903175E+00   2.7030301E+00
   1.0370114E+00   1.2191825E-02  -7.9023838E+00   2.7054050E+00
   1.0401226E+00   5.5593483E-02  -7.8761468E+00   2.7108214E+00
   1.0431824E+00   5.2251302E-02  -7.9037170E+00   2.7072818E+00
   1.0464644E+00   5.3644735E-02  -7.8305964E+00   2.7075415E+00
   1.0500300E+00   5.0394878E-02  -7.7404728E+00   2.7088048E+00
   1.0539054E+00   4.2303577E-02  -7.7407227E+00   2.7156384E+00
   1.0559733E+00   6.6799961E-02  -7.7436390E+00   2.7163663E+00
   1.0593350E+00   1.1060815E-01  -7.7321472E+00   2.7175524E+00
   1.0641603E+00   1.2802767E-02  -7.3587794E+00   2.7086825E+00
   1.0674267E+00   4.5442764E-02  -7.2852468E+00   2.7066097E+00
   1.0709217E+00   3.9361756E-02  -7.3693881E+00   2.7076991E+00
   1.0728014E+00   1.3327319E-02  -7.4082398E+00   2.7013590E+00
   1.0768375E+00   4.6449129E-02  -7.3287506E+00   2.7204292E+00
   1.0808318E+00   4.9918294E-02  -7.3669004E+00   2.7084024E+00
   1.0846565E+00   6.9188893E-02  -7.0030417E+00   2.7141953E+00
   1.0869142E+00   1.9399950E-02  -6.9633398E+00   2.7064986E+00
   1.0907420E+00   5.1485073E-02  -7.0081377E+00   2.7130969E+00
   1.0935606E+00   3.6572337E-03  -7.0201907E+00   2.7124832E+00
   1.0968008E+00   6.9121949E-02  -7.1072726E+00   2.7063622E+00
   1.1005518E+00   4.4040117E-02  -6.9076629E+00   2.7186987E+00
   1.1039512E+00   1.3965562E-01  -6.7840872E+00   2.7110622E+00
   1.1072408E+00   1.2581921E-01  -6.7428384E+00   2.7179739E+00
   1.1107506E+00   3.8600556E-04  -6.5613089E+00   2.7175372E+00
   1.1148136E+00  -2.7548272E-02  -6.6680765E+00   2.7171910E+00
   1.1178721E+00   1.4303264E-01  -6.5456729E+00   2.7143068E+00
   1.1212442E+00   8.7755717E-02  -6.5698447E+00   2.7148612E+00
   1.1247208E+00   6.0972426E-02  -6.4691811E+00   2.7118843E+00
   1.1282074E+00   5.6645557E-02  -6.3769112E+00   2.7135315E+00
   1.1317325E+00   4.6977807E-02  -6.3150516E+00   2.7085936E+00
   1.1352640E+00  -1.8358694E-02  -6.3307128E+00   2.7090309E+00
   1.1370484E+00  -8.5575636E-03  -6.2861133E+00   2.7111371E+00
   1.1405646E+00   1.1889251E-01  -6.0635576E+00   2.7114458E+00
   1.1440142E+00   9.9161394E-02  -6.0969934E+00   2.7114313E+00
   1.1474013E+00   2.6521470E-02  -6.1894851E+00   2.7131448E+00
   1.1507292E+00   5.2630834E-02  -6.0201001E+00   2.7125616E+00
   1.1540009E+00  -8.7501202E-03  -6.0920219E+00   2.7150202E+00
   1.1572193E+00   1.0298237E-01  -5.7706070E+00   2.7159677E+00
   1.1619526E+00   1.4474751E-01  -5.7347097E+00   2.7098334E+00
   1.1650488E+00   5.4705106E-02  -5.6550188E+00   2.7099805E+00
   1.1681001E+00   5.8186099E-02  -5.6749892E+00   2.7101283E+00
   1.1711084E+00   6.1360892E-02  -5.6165991E+00   2.7122118E+00
   1.1755443E+00   3.9348561E-02  -5.5513377E+00   2.7118838E+00
   1.1784528E+00   3.1574041E-02  -5.5355754E+00   2.7095666E+00
   1.1813245E+00   5.3244926E-02  -5.5244961E+00   2.7085159E+00
   1.1855655E+00   2.7204059E-02  -5.4227338E+00   2.7073412E+00
   1.1883507E+00   7.1680039E-02  -5.3250122E+00   2.7078292E+00
   1.1911033E+00   7.9903692E-02  -5.2626009E+00   2.7072968E+00
   1.1951743E+00   1.0119640E-01  -5.1272974E+00   2.7061405E+00
   1.1978512E+00   7.3348396E-02  -5.0090661E+00   2.7054360E+00
   1.2018861E+00   4.6962328E-02  -4.9591441E+00   2.7073503E+00
   1.2048707E+00   6.1502490E-02  -4.9410343E+00   2.7050889E+00
   1.2081614E+00   9.9231601E-02  -4.8674798E+00   2.7093649E+00
   1.2115778E+00   9.9383503E-02  -4.8624892E+00   2.7099509E+00
   1.2150714E+00   4.4683564E-02  -4.7492671E+00   2.7114379E+00
   1.2186946E+00   6.0755990E-02  -4.7448440E+00   2.7053032E+00
   1.2225230E+00   1.8642607E-01  -4.4935107E+00   2.7025008E+00
   1.2263560E+00   6.6005222E-02  -4.5552955E+00   2.7063119E+00
   1.2282548E+00  -1.6336890E-03  -4.5331893E+00   2.7107351E+00
   1.2320234E+00   1.3231106E-01  -4.2928343E+00   2.7002108E+00
   1.2357452E+00   5.6395739E-02  -4.4224482E+00   2.7036438E+00
   1.2393899E+00   3.8898624E-02  -4.2164207E+00   2.7036166E+00
   1.2422601E+00   2.0926870E-01  -4.1040530E+00   2.6919024E+00
   1.2462016E+00   1.4258112E-02  -3.9889336E+00   2.7061267E+00
   1.2496935E+00   4.1469887E-02  -3.9766920E+00   2.7062709E+00
   1.2520728E+00   8.1867263E-02  -4.0163546E+00   2.7066107E+00
   1.2555332E+00   8.1200399E-02  -3.9603951E+00   2.7076192E+00
   1.2589015E+00   1.3082421E-01  -3.8214889E+00   2.7099662E+00
   1.2623824E+00   6.7527294E-02  -3.7775314E+00   2.7112784E+00
   1.2656583E+00   1.6379264E-01  -3.7680204E+00   2.7116766E+00
   1.2698393E+00   9.5103176E-05  -3.4367666E+00   2.7139912E+00
   1.2728838E+00   7.2563507E-02  -3.4085164E+00   2.7163956E+00
   1.2763686E+00   1.2777394E-01  -3.4912496E+00   2.7076175E+00
   1.2792456E+00   2.7519578E-02  -3.3586433E+00   2.7200177E+00
   1.2827426E+00   3.9764307E-02  -3.2928522E+00   2.7171354E+00
   1.2858516E+00   5.4407466E-02  -3.2629445E+00   2.7090757E+00
   1.2895077E+00   2.0950086E-02  -3.2031453E+00   2.7229712E+00
   1.2926124E+00   9.5603094E-03  -3.0725842E+00   2.7211316E+00
   1.2963862E+00   1.1002766E-01  -2.9525733E+00   2.7211282E+00
   1.2996645E+00   1.5812917E-01  -3.0973384E+00   2.7154727E+00
   1.3029232E+00   3.9046772E-02  -2.8380077E+00   2.7243271E+00
   1.3061674E+00   3.6536410E-02  -2.7750015E+00   2.7233734E+00
   1.3101107E+00   1.1992151E-01  -2.7352903E+00   2.7249315E+00
   1.3135381E+00   1.1780715E-01  -2.5830419E+00   2.7261064E+00
   1.3163525E+00   8.4810041E-02  -2.4931505E+00   2.7274675E+00
   1.3197733E+00   3.8850062E-02  -2.3433499E+00   2.7278082E+00
   1.3239313E+00   7.9199001E-02  -2.6185596E+00   2.7342432E+00
   1.3269287E+00   8.0826566E-02  -2.4586754E+00   2.7333314E+00
   1.3299128E+00  -6.2624328E-02  -2.2772777E+00   2.7349963E+00
   1.3335398E+00   5.5040635E-02  -2.1666396E+00   2.7329550E+00
   1.3367646E+00   8.5464545E-02  -2.1078515E+00   2.7348607E+00
   1.3404975E+00  -9.9951243E-03  -2.0759556E+00   2.7403491E+00
   1.3433075E+00   1.5902534E-02  -2.0118024E+00   2.7387435E+00
   1.3476361E+00   4.5594744E-02  -2.0353956E+00   2.7405162E+00
   1.3507082E+00   3.9003056E-02  -1.8669713E+00   2.7410543E+00
   1.3538285E+00   7.7781335E-02  -1.7461010E+00   2.7422876E+00
   1.3569424E+00   7.7426322E-02  -1.6847999E+00   2.7448404E+00
   1.3600503E+00   3.1006817E-02  -1.6001498E+00   2.7476616E+00
   1.3631526E+00   4.0991314E-02  -1.5137650E+00   2.7491446E+00
   1.3677965E+00   5.1919885E-02  -1.4026084E+00   2.7505307E+00
   1.3708867E+00   4.7784477E-02  -1.4328597E+00   2.7544327E+00
   1.3739725E+00   8.5258186E-02  -1.2643164E+00   2.7541246E+00
   1.3770545E+00   3.1736035E-02  -1.1864332E+00   2.7560627E+00
   1.3801326E+00   2.9909277E-02  -1.2047641E+00   2.7581191E+00
   1.3847440E+00   4.6862364E-02  -9.8472780E-01   2.7607102E+00
   1.3877503E+00   8.1979051E-02  -9.6316653E-01   2.7607894E+00
   1.3906550E+00   4.3557074E-02  -8.1864911E-01   2.7629485E+00
   1.3948561E+00  -1.1507202E-03  -6.8131524E-01   2.7668257E+00
   1.3975694E+00   3.5423096E-02  -6.5347862E-01   2.7670155E+00
   1.4004725E+00   9.3654417E-02  -6.4870811E-01   2.7675271E+00
   1.4050682E+00   5.6766249E-02  -4.4822848E-01   2.7731400E+00
   1.4081306E+00  -4.4594570E-03  -3.5668057E-01   2.7755103E+00
   1.4111921E+00   1.9733068E-02  -3.0658630E-01   2.7755413E+00
   1.4142526E+00   3.9342210E-02  -2.5551397E-01   2.7762423E+00
   1.4173124E+00   5.1717814E-02  -1.3510631E-01   2.7765331E+00
   1.4219006E+00   7.7837810E-02  -6.7049051E-03   2.7834225E+00
   1.4249583E+00   7.8557327E-02   1.0981923E-01   2.7852895E+00
   1.4280155E+00   8.7979604E-03   2.4943943E-01   2.7867951E+00
   1.4310720E+00   1.2830101E-02   2.9579073E-01   2.7898247E+00
   1.4341278E+00   4.0874753E-02   3.4918907E-01   2.7904255E+00
   1.4387102E+00   9.0636037E-02   4.5791271E-01   2.7917914E+00
   1.4417645E+00   6.1559752E-02   5.3047311E-01   2.7931173E+00
   1.4448180E+00   3.1004667E-02   5.8376378E-01   2.7944760E+00
   1.4478710E+00   1.1230790E-02   8.3894944E-01   2.7975338E+00
   1.4509233E+00   2.7659021E-02   9.0829498E-01   2.8055525E+00
   1.4553870E+00   2.0357512E-02   1.0468432E+00   2.8006248E+00
   1.4581388E+00   3.3642333E-02   1.1559474E+00   2.8023090E+00
   1.4619960E+00   3.7299216E-02   1.2490979E+00   2.8099232E+00
   1.4656798E+00   1.5564087E-01   1.3035309E+00   2.8049657E+00
   1.4683892E+00   6.3996322E-02   1.4209985E+00   2.8087630E+00
   1.4713701E+00   2.0834200E-02   1.5130571E+00   2.8111074E+00
   1.4758852E+00   3.2904509E-02   1.6390753E+00   2.8076088E+00
   1.4789408E+00  -9.2891771E-03   1.9140335E+00   2.8142989E+00
   1.4816574E+00  -1.4420806E-02   2.0184200E+00   2.8208263E+00
   1.4859281E+00   6.7085221E-02   1.9782201E+00   2.8133962E+00
   1.4893404E+00   2.5767421E-02   2.0567806E+00   2.8181243E+00
   1.4916470E+00   2.4133520E-02   2.2014391E+00   2.8215048E+00
   1.4951662E+00   2.8790986E-02   2.2904632E+00   2.8182988E+00
   1.4987831E+00   3.3272892E-02   2.3819780E+00   2.8208466E+00
   1.5025128E+00   3.8543406E-03   2.6097543E+00   2.8261614E+00
   1.5063329E+00   2.1602120E-02   2.7619071E+00   2.8291814E+00
   1.5089012E+00   7.0407435E-02   2.7816312E+00   2.8386600E+00
   1.5126920E+00   6.0070906E-02   2.9185967E+00   2.8241880E+00
   1.5163274E+00  -8.8852821E-03   3.1172597E+00   2.8311448E+00
   1.5186963E+00  -2.2708073E-02   3.1768260E+00   2.8350687E+00
   1.5222890E+00   6.7371078E-02   3.2634194E+00   2.8367803E+00
   1.5259542E+00  -1.2580493E-02   3.5007999E+00   2.8465018E+00
   1.5286676E+00  -4.5705665E-02   3.5727313E+00   2.8484774E+00
   1.5331669E+00  -1.9377032E-02   3.6643281E+00   2.8439388E+00
   1.5362070E+00  -7.3960237E-02   3.7733498E+00   2.8407621E+00
   1.5392473E+00   3.8946826E-02   3.9481390E+00   2.8489721E+00
   1.5422877E+00   4.6904255E-02   4.0438828E+00   2.8509395E+00
   1.5468485E+00   1.4244908E-02   4.2219834E+00   2.8514433E+00
   1.5498892E+00   7.3775364E-04   4.3401117E+00   2.8543317E+00
   1.5529301E+00   2.6555266E-02   4.4837189E+00   2.8579106E+00
   1.5559710E+00   1.3072803E-02   4.6110592E+00   2.8619509E+00
   1.5590122E+00  -3.2946654E-02   4.6951489E+00   2.8638606E+00
   1.5635741E+00   3.1875619E-03   4.8328981E+00   2.8635261E+00
   1.5666155E+00  -4.6020709E-02   4.8966866E+00   2.8635991E+00
   1.5696570E+00   3.4433633E-02   5.0511394E+00   2.8666210E+00
   1.5726987E+00  -1.6486092E-02   5.1612253E+00   2.8681710E+00
   1.5772614E+00  -2.2693563E-02   5.3689799E+00   2.8714199E+00
   1.5803034E+00   9.2183631E-03   5.4585886E+00   2.8707142E+00
   1.5833454E+00  -4.6216566E-03   5.5796285E+00   2.8752508E+00
   1.5863876E+00   1.9957205E-02   5.7238941E+00   2.8787966E+00
   1.5894299E+00   4.3273441E-04   5.7408214E+00   2.8829024E+00
   1.5939934E+00   1.1794179E-02   5.9683433E+00   2.8851228E+00
   1.5970359E+00  -1.5957644E-02   6.1670160E+00   2.8873906E+00
   1.6000783E+00   2.8013622E-02   6.2236457E+00   2.8882437E+00
   1.6031207E+00  -2.6143220E-04   6.3685231E+00   2.8921976E+00
   1.6076833E+00   4.5497067E-02   6.5629315E+00   2.8915799E+00
   1.6107244E+00  -3.9712522E-02   6.5504951E+00   2.8921838E+00
   1.6137645E+00   1.0069885E-02   6.7300677E+00   2.8942411E+00
   1.6168035E+00   4.4287802E-03   6.8260865E+00   2.8981206E+00
   1.6198416E+00   7.9247691E-03   6.9154105E+00   2.8988581E+00
   1.6243970E+00   2.0581847E-02   7.1651292E+00   2.9031222E+00
   1.6274329E+00   4.4984408E-03   7.2274966E+00   2.9045546E+00
   1.6304681E+00   1.3040958E-02   7.3778014E+00   2.9024084E+00
   1.6335026E+00   7.2379699E-03   7.5233169E+00   2.9095557E+00
   1.6380532E+00  -2.6301133E-02   7.5978394E+00   2.9153063E+00
   1.6410862E+00  -3.2052598E-03   7.7121425E+00   2.9183769E+00
   1.6441188E+00   9.1448035E-03   7.8446445E+00   2.9175372E+00
   1.6471508E+00  -3.1381648E-03   7.9676514E+00   2.9250598E+00
   1.6501824E+00   3.1292229E-03   8.0548916E+00   2.9271712E+00
   1.6547291E+00   2.2667643E-02   8.2465181E+00   2.9360766E+00
   1.6577598E+00  -2.2962412E-02   8.3486137E+00   2.9400218E+00
   1.6607901E+00   1.4730010E-02   8.4710741E+00   2.9438672E+00
   1.6638203E+00   3.0639172E-02   8.4987164E+00   2.9458752E+00
   1.6683649E+00   6.2302481E-03   8.6484585E+00   2.9470780E+00
   1.6713945E+00  -3.9396831E-03   8.8340187E+00   2.9517329E+00
   1.6749017E+00   1.1996866E-02   8.9750013E+00   2.9567711E+00
   1.6782801E+00   2.0052392E-02   9.0891771E+00   2.9667587E+00
   1.6808233E+00   9.1917682E-03   9.1480942E+00   2.9700437E+00
   1.6851350E+00   1.9807365E-02   9.2335758E+00   2.9625447E+00
   1.6881629E+00  -7.1948976E-03   9.3406448E+00   2.9865341E+00
   1.6911908E+00  -1.0773545E-02   9.4341593E+00   2.9745083E+00
   1.6942188E+00  -1.2644601E-02   9.5293293E+00   2.9970999E+00
   1.6987606E+00  -1.9670149E-02   9.7166510E+00   2.9951503E+00
   1.7017885E+00  -2.5560614E-02   9.8192873E+00   2.9998443E+00
   1.7048165E+00   1.1624103E-01   9.8907204E+00   2.9897583E+00
   1.7078445E+00   6.6927136E-03   1.0046159E+01   3.0139279E+00
   1.7123866E+00  -5.8416338E-03   1.0146293E+01   3.0159571E+00
   1.7154146E+00   1.9659097E-03   1.0282598E+01   3.0200887E+00
   1.7184293E+00   2.2901352E-02   1.0334604E+01   3.0216081E+00
   1.7214097E+00  -4.1797408E-03   1.0471595E+01   3.0289187E+00
   1.7258219E+00   3.6075958E-03   1.0622474E+01   3.0368023E+00
   1.7287272E+00  -1.3553139E-02   1.0723934E+01   3.0415769E+00
   1.7316090E+00  -1.0448040E-02   1.0830631E+01   3.0369980E+00
   1.7358927E+00   6.0157133E-03   1.0940026E+01   3.0573659E+00
   1.7387263E+00  -3.2878127E-02   1.1094440E+01   3.0600414E+00
   1.7415440E+00  -2.1220625E-03   1.1136001E+01   3.0669909E+00
   1.7457421E+00  -8.6523257E-03   1.1242375E+01   3.0676785E+00
   1.7485116E+00  -9.0775071E-03   1.1301582E+01   3.0696797E+00
   1.7525951E+00   3.8862709E-02   1.1427077E+01   3.0741720E+00
   1.7552800E+00  -4.6767630E-03   1.1534730E+01   3.0769486E+00
   1.7592658E+00  -2.7156442E-02   1.1651633E+01   3.0815682E+00
   1.7618960E+00   1.4739098E-03   1.1758734E+01   3.0841784E+00
   1.7658194E+00   9.9788345E-03   1.1858866E+01   3.0911031E+00
   1.7684228E+00   1.5989909E-02   1.1947729E+01   3.0883214E+00
   1.7723124E+00   7.4860873E-03   1.2066384E+01   3.1047478E+00
   1.7761849E+00   1.9309768E-02   1.2182034E+01   3.1118710E+00
   1.7787570E+00   7.3565386E-04   1.2286979E+01   3.1153023E+00
   1.7825201E+00  -6.0150228E-03   1.2338491E+01   3.1223578E+00
   1.7862928E+00   5.0445385E-02   1.2528439E+01   3.1187563E+00
   1.7888159E+00  -1.5499222E-02   1.2584072E+01   3.1290669E+00
   1.7925453E+00   2.9995730E-02   1.2710999E+01   3.1336377E+00
   1.7961589E+00   7.5578935E-02   1.2800521E+01   3.1459372E+00
   1.7996949E+00   4.5008205E-02   1.2808218E+01   3.1408451E+00
   1.8032390E+00   4.9973510E-02   1.3118796E+01   3.1637180E+00
   1.8056914E+00  -5.6325537E-03   1.3064829E+01   3.1541660E+00
   1.8091881E+00   6.1795551E-02   1.3081662E+01   3.1414342E+00
   1.8124686E+00   5.4102276E-02   1.3342678E+01   3.1667924E+00
   1.8167839E+00   4.5129787E-02   1.3397217E+01   3.1568875E+00
   1.8201786E+00  -8.0315219E-03   1.3428390E+01   3.1691811E+00
   1.8224726E+00   1.9456130E-02   1.3469775E+01   3.1625004E+00
   1.8260796E+00  -6.7758359E-02   1.3677802E+01   3.1662474E+00
   1.8302552E+00   5.6421183E-02   1.3666681E+01   3.1712432E+00
   1.8332886E+00   9.2546061E-02   1.3838378E+01   3.1756620E+00
   1.8362014E+00  -1.6223297E-02   1.3807372E+01   3.1752715E+00
   1.8405093E+00   3.3659030E-02   1.3931902E+01   3.1754236E+00
   1.8432859E+00   1.3868705E-02   1.3957262E+01   3.2050219E+00
   1.8465002E+00  -1.7195096E-02   1.3968669E+01   3.1677952E+00
   1.8501633E+00  -4.2959834E-03   1.4097061E+01   3.1674359E+00
   1.8538027E+00   4.6448387E-02   1.4165982E+01   3.1837175E+00
   1.8573312E+00   8.0299683E-02   1.4203214E+01   3.1632774E+00
   1.8596334E+00   7.9961643E-02   1.4278058E+01   3.1716928E+00
   1.8630182E+00   4.4436101E-02   1.4341376E+01   3.1635709E+00
   1.8674103E+00   7.4733257E-02   1.4435083E+01   3.1649747E+00
   1.8706194E+00   4.5840066E-02   1.4460154E+01   3.1726727E+00
   1.8737613E+00   7.4408039E-02   1.4525666E+01   3.1641510E+00
   1.8768413E+00   3.5839245E-02   1.4554944E+01   3.1596863E+00
   1.8808608E+00   3.3961456E-02   1.4619732E+01   3.1565516E+00
   1.8838152E+00   3.4352995E-02   1.4656808E+01   3.1625326E+00
   1.8867238E+00   5.6174543E-02   1.4739465E+01   3.1662867E+00
   1.8905447E+00   9.7666327E-03   1.4811954E+01   3.1779425E+00
   1.8943281E+00   3.5689332E-02   1.4852755E+01   3.1693330E+00
   1.8971539E+00   6.8286389E-02   1.4925380E+01   3.1726956E+00
   1.9008735E+00   2.4574280E-02   1.5014915E+01   3.1724191E+00
   1.9045120E+00   1.2667607E-01   1.5056401E+01   3.1894760E+00
   1.9071907E+00   6.3505486E-02   1.5069651E+01   3.1788459E+00
   1.9107132E+00   7.9352088E-02   1.5178580E+01   3.1827133E+00
   1.9142166E+00   5.1633593E-02   1.5194695E+01   3.1783462E+00
   1.9177483E+00   5.1549062E-02   1.5239588E+01   3.1781583E+00
   1.9212977E+00   2.9415974E-02   1.5281150E+01   3.1776037E+00
   1.9239573E+00   6.0023516E-02   1.5347091E+01   3.1778288E+00
   1.9274883E+00   4.5300897E-02   1.5383356E+01   3.1754277E+00
   1.9309959E+00   5.8174855E-03   1.5408504E+01   3.1764655E+00
   1.9344783E+00   2.9951708E-02   1.5479096E+01   3.1734529E+00
   1.9379351E+00   3.9383825E-02   1.5528049E+01   3.1746817E+00
   1.9413599E+00  -2.2063579E-03   1.5527297E+01   3.1726933E+00
   1.9447459E+00   1.3590170E-01   1.5700603E+01   3.1763771E+00
   1.9480960E+00  -3.4480721E-02   1.5644361E+01   3.1698751E+00
   1.9514179E+00   6.9744237E-02   1.5641405E+01   3.1682975E+00
   1.9547172E+00   3.5509843E-02   1.5656322E+01   3.1668406E+00
   1.9579959E+00   3.5087734E-02   1.5650208E+01   3.1641057E+00
   1.9612552E+00   3.7958384E-02   1.5646311E+01   3.1986356E+00
   1.9644942E+00   1.3281316E-02   1.5688789E+01   3.1616716E+00
   1.9685138E+00   2.8848765E-02   1.5668204E+01   3.1572356E+00
   1.9716207E+00   5.8228523E-02   1.5708959E+01   3.1586370E+00
   1.9746761E+00   7.2322220E-02   1.5647107E+01   3.1595376E+00
   1.9784677E+00  -4.0795080E-02   1.5728982E+01   3.1564558E+00
   1.9814553E+00  -3.9343424E-02   1.5698961E+01   3.1523526E+00
   1.9851427E+00  -1.7949247E-01   1.5556594E+01   3.1462877E+00
   1.9888006E+00  -4.9930204E-02   1.5525613E+01   3.1407962E+00
   1.9917153E+00  -6.0717393E-02   1.5497630E+01   3.1496708E+00
   1.9953542E+00   3.4127645E-02   1.5464199E+01   3.1350911E+00
   1.9982626E+00   2.7006131E-02   1.5499385E+01   3.1476235E+00
   2.0018957E+00  -1.2825586E-01   1.5455788E+01   3.1293232E+00
   2.0055308E+00   1.5394191E-01   1.5346832E+01   3.1250386E+00
   2.0084455E+00   2.1142483E-02   1.5292608E+01   3.1096299E+00
   2.0120986E+00   9.2688560E-02   1.5272548E+01   3.1034544E+00
   2.0151391E+00   1.5619196E-01   1.5374311E+01   3.0809188E+00
   2.0187931E+00   8.9148723E-02   1.5053882E+01   3.1138899E+00
   2.0220413E+00   1.0561138E-01   1.5133890E+01   3.1129491E+00
   2.0258019E+00   2.4143910E-02   1.4949018E+01   3.0754900E+00
   2.0286326E+00   8.4686823E-02   1.5029045E+01   3.0691123E+00
   2.0317535E+00   6.8389066E-02   1.4818217E+01   3.0658252E+00
   2.0351140E+00   1.7818807E-02   1.4680994E+01   3.0676098E+00
   2.0388956E+00   9.0042189E-02   1.4522705E+01   3.0635273E+00
   2.0420763E+00   6.1511034E-03   1.4337260E+01   3.0419600E+00
   2.0455494E+00   5.5809211E-02   1.4338463E+01   3.0269392E+00
   2.0495701E+00  -2.1149803E-02   1.4273771E+01   3.0268075E+00
   2.0525966E+00  -2.9027511E-03   1.4259546E+01   3.0240281E+00
   2.0564740E+00   3.8786352E-02   1.4036946E+01   3.0175350E+00
   2.0590372E+00   1.0512111E-02   1.3870495E+01   3.0017879E+00
   2.0626745E+00   2.3473695E-02   1.3790049E+01   3.0034671E+00
   2.0664144E+00  -2.6283318E-02   1.3636110E+01   2.9964695E+00
   2.0692115E+00  -1.5212316E-02   1.3498182E+01   2.9970002E+00
   2.0729933E+00   9.9967513E-03   1.3335674E+01   2.9859653E+00
   2.0757005E+00  -7.9735167E-02   1.3159545E+01   2.9796600E+00
   2.0797148E+00  -4.7157459E-02   1.3034589E+01   2.9743145E+00
   2.0823979E+00  -4.3826587E-02   1.2972057E+01   2.9710119E+00
   2.0860400E+00  -8.1045114E-02   1.2816039E+01   2.9800115E+00
   2.0898876E+00  -8.4363818E-02   1.2612507E+01   2.9622290E+00
   2.0930429E+00  -1.0404219E-01   1.2469530E+01   2.9513903E+00
   2.0961733E+00  -9.4445385E-02   1.2222632E+01   2.9492495E+00
   2.0997972E+00  -1.3360135E-01   1.2102051E+01   2.9488626E+00
   2.1035955E+00  -1.1918119E-01   1.1883688E+01   2.9418714E+00
   2.1061115E+00  -1.1492053E-01   1.1754608E+01   2.9400392E+00
   2.1098700E+00  -1.0847169E-01   1.1567681E+01   2.9316082E+00
   2.1136179E+00  -9.8324195E-02   1.1450592E+01   2.9335785E+00
   2.1173644E+00  -9.6744776E-02   1.1114444E+01   2.9201810E+00
   2.1198673E+00  -1.8196264E-01   1.0895410E+01   2.9142394E+00
   2.1236310E+00  -7.7944472E-02   1.0794590E+01   2.9167111E+00
   2.1273270E+00  -7.3539101E-02   1.0582067E+01   2.9083104E+00
   2.1298299E+00  -6.3656539E-02   1.0591737E+01   2.9059846E+00
   2.1336336E+00  -5.2680250E-02   1.0301000E+01   2.8968849E+00
   2.1374564E+00  -1.5693100E-01   9.9920654E+00   2.8853528E+00
   2.1400170E+00  -1.1954981E-01   9.8679724E+00   2.8892355E+00
   2.1438785E+00  -6.6327624E-02   9.4910822E+00   2.8868814E+00
   2.1477649E+00  -1.0207594E-01   9.3543549E+00   2.8858633E+00
   2.1503711E+00  -7.5587608E-02   9.2916946E+00   2.8822460E+00
   2.1543067E+00  -1.0772710E-01   8.9147844E+00   2.8739283E+00
   2.1569507E+00  -9.7242489E-02   8.7332678E+00   2.8752351E+00
   2.1609511E+00  -1.4651352E-01   8.6372986E+00   2.8653641E+00
   2.1636438E+00  -1.2837927E-01   8.3157482E+00   2.8584976E+00
   2.1677287E+00  -7.5518698E-02   7.8587980E+00   2.8555114E+00
   2.1704867E+00  -6.9558531E-02   7.7016087E+00   2.8525226E+00
   2.1746869E+00  -1.2845199E-01   7.5573568E+00   2.8507009E+00
   2.1775370E+00  -9.6235365E-02   7.4781337E+00   2.8481264E+00
   2.1804340E+00  -9.5641293E-02   7.2894502E+00   2.8467822E+00
   2.1848838E+00  -1.3458392E-01   6.9992285E+00   2.8425231E+00
   2.1879320E+00  -1.0532565E-01   6.6558733E+00   2.8430750E+00
   2.1910543E+00  -3.8011331E-02   6.4459462E+00   2.8409431E+00
   2.1942527E+00  -1.2820236E-01   6.2683797E+00   2.8397231E+00
   2.1975427E+00  -1.6410014E-01   6.0605030E+00   2.8373959E+00
   2.2009280E+00  -1.6971275E-01   5.8582110E+00   2.8386455E+00
   2.2043502E+00  -1.1849582E-01   5.5411878E+00   2.8342941E+00
   2.2077432E+00  -8.3422884E-02   5.3346157E+00   2.8322337E+00
   2.2111070E+00  -2.7535370E-02   5.1810184E+00   2.8293707E+00
   2.2144461E+00  -1.4733568E-01   4.9669251E+00   2.8217111E+00
   2.2177706E+00  -1.2108333E-01   4.6629057E+00   2.8252738E+00
   2.2210953E+00  -1.1404679E-01   4.5083489E+00   2.8259547E+00
   2.2244344E+00  -2.0171988E-01   4.3255715E+00   2.8250842E+00
   2.2278242E+00  -1.3909167E-01   4.0431285E+00   2.8225067E+00
   2.2310746E+00  -9.1563955E-02   3.9116931E+00   2.8218977E+00
   2.2341733E+00  -4.2180557E-02   3.7635460E+00   2.8336270E+00
   2.2374740E+00  -1.9840759E-01   3.3996615E+00   2.8211670E+00
   2.2409158E+00  -1.8854420E-01   3.2175562E+00   2.8275549E+00
   2.2456396E+00  -1.0986184E-01   2.8691337E+00   2.8307023E+00
   2.2485397E+00  -1.4107183E-01   2.6955516E+00   2.8177693E+00
   2.2511549E+00  -2.2978826E-01   2.5627260E+00   2.8210590E+00
   2.2553132E+00  -6.8412945E-02   2.3615971E+00   2.8176177E+00
   2.2584434E+00  -1.0861089E-01   2.1476841E+00   2.8170269E+00
   2.2618945E+00  -1.6594124E-01   1.9761449E+00   2.8116348E+00
   2.2656994E+00  -2.0342131E-01   1.5985146E+00   2.8178403E+00
   2.2695138E+00  -1.6201448E-01   1.4178286E+00   2.8117967E+00
   2.2713270E+00  -1.2132853E-01   1.2565352E+00   2.8083768E+00
   2.2748656E+00  -1.5953131E-02   1.1011711E+00   2.7914486E+00
   2.2783644E+00  -1.3861255E-01   1.0119373E+00   2.8059793E+00
   2.2816179E+00  -1.7149770E-01   8.3962655E-01   2.7986598E+00
   2.2848198E+00  -1.7120779E-01   5.8665758E-01   2.7988529E+00
   2.2893238E+00  -2.4768028E-01   2.8083280E-01   2.8114376E+00
   2.2922072E+00  -7.7411473E-02   2.4482493E-01   2.7922995E+00
   2.2950916E+00  -1.7069353E-01  -6.7905434E-03   2.8101766E+00
   2.2993426E+00  -1.2065457E-01  -2.8303182E-01   2.7915668E+00
   2.3023903E+00  -1.4773549E-01  -5.6205976E-01   2.7986717E+00
   2.3057504E+00  -1.6287659E-01  -6.7647636E-01   2.8054745E+00
   2.3094547E+00  -1.9701301E-01  -8.0532837E-01   2.8068132E+00
   2.3133953E+00  -2.2442554E-01  -9.2749637E-01   2.8107817E+00
   2.3153038E+00  -2.1499588E-01  -1.0214275E+00   2.8140633E+00
   2.3193305E+00  -8.2511738E-02  -1.2934204E+00   2.8162172E+00
   2.3234563E+00  -2.9393768E-01  -1.8052887E+00   2.7992008E+00
   2.3255129E+00  -3.1240627E-01  -1.4377601E+00   2.8018420E+00
   2.3294511E+00  -7.1424529E-02  -1.5441436E+00   2.8215916E+00
   2.3329644E+00  -2.7613479E-01  -2.3408585E+00   2.8145959E+00
   2.3363206E+00  -3.4926751E-01  -2.3299017E+00   2.8172467E+00
   2.3399966E+00  -2.2615919E-01  -2.1437519E+00   2.8225853E+00
   2.3438621E+00  -2.3397225E-01  -2.3587456E+00   2.8327401E+00
   2.3457079E+00  -1.9660857E-01  -2.7037005E+00   2.7959638E+00
   2.3491426E+00  -2.7087510E-01  -2.7442427E+00   2.7965095E+00
   2.3537631E+00  -1.7289469E-01  -2.7940285E+00   2.8084219E+00
   2.3565836E+00  -2.4285161E-01  -2.9001086E+00   2.8215148E+00
   2.3594780E+00  -2.9081547E-01  -3.2575271E+00   2.8301942E+00
   2.3625934E+00  -3.1832653E-01  -3.2481093E+00   2.8329525E+00
   2.3672364E+00  -2.9867083E-01  -3.6128197E+00   2.8369777E+00
   2.3703494E+00  -3.3710939E-01  -3.7911901E+00   2.8297992E+00
   2.3733854E+00  -1.5437664E-01  -3.8970690E+00   2.8215556E+00
   2.3763874E+00  -5.5888806E-02  -3.9844637E+00   2.8139865E+00
   2.3793640E+00  -1.3050658E-01  -3.9929345E+00   2.8062375E+00
   2.3835912E+00  -2.0628746E-01  -4.2421088E+00   2.8062232E+00
   2.3862545E+00  -3.4698206E-01  -4.3440862E+00   2.7913630E+00
   2.3898063E+00  -1.6183941E-01  -4.3172240E+00   2.7952664E+00
   2.3939178E+00  -1.9912958E-01  -4.6483312E+00   2.7927132E+00
   2.3963654E+00  -2.4756064E-01  -4.7803187E+00   2.7928421E+00
   2.4004912E+00  -1.1668807E-01  -4.8971457E+00   2.7760270E+00
   2.4033518E+00  -1.6104308E-01  -4.8671784E+00   2.7783573E+00
   2.4076877E+00  -2.2849290E-01  -5.1372113E+00   2.7871859E+00
   2.4106596E+00  -1.6614339E-01  -5.3039465E+00   2.7826958E+00
   2.4136760E+00  -1.2110578E-01  -5.0803013E+00   2.7761042E+00
   2.4178300E+00  -1.7700230E-01  -5.3525038E+00   2.7747152E+00
   2.4206128E+00  -1.0994215E-01  -5.4649019E+00   2.7655678E+00
   2.4245272E+00  -5.6154087E-02  -5.4789209E+00   2.7498930E+00
   2.4270897E+00  -2.1617992E-01  -5.6822166E+00   2.7533092E+00
   2.4309387E+00  -2.4327941E-01  -5.7906556E+00   2.7322617E+00
   2.4346097E+00  -1.0757802E-01  -5.8152571E+00   2.7444298E+00
   2.4378147E+00  -1.3788468E-01  -5.8875952E+00   2.7333312E+00
   2.4413049E+00  -1.3577689E-01  -6.0222859E+00   2.7326341E+00
   2.4448533E+00  -1.4251132E-01  -6.0967531E+00   2.7285795E+00
   2.4473596E+00  -8.3543785E-02  -6.0303750E+00   2.7200820E+00
   2.4515076E+00  -1.2548287E-01  -6.1661620E+00   2.7328298E+00
   2.4546301E+00  -1.6212086E-01  -6.2636738E+00   2.7315645E+00
   2.4580729E+00  -1.2485521E-01  -6.2997737E+00   2.7328732E+00
   2.4618056E+00  -1.0248569E-01  -6.3401737E+00   2.7358932E+00
   2.4635913E+00  -1.2721913E-01  -6.4302144E+00   2.7307045E+00
   2.4674354E+00  -1.1147265E-01  -6.4103866E+00   2.7295640E+00
   2.4710217E+00  -1.3627559E-01  -6.4511642E+00   2.7105577E+00
   2.4739833E+00  -1.2214387E-01  -6.6075354E+00   2.7140334E+00
   2.4784305E+00   3.9737713E-02  -6.6567817E+00   2.7200437E+00
   2.4813747E+00  -4.2867396E-02  -6.5599666E+00   2.7162943E+00
   2.4843731E+00  -1.2871604E-01  -6.5951142E+00   2.7259731E+00
   2.4875102E+00  -1.4517854E-01  -6.6604509E+00   2.7237048E+00
   2.4907916E+00  -1.5978427E-01  -6.8181581E+00   2.7195697E+00
   2.4952543E+00  -1.2654960E-01  -6.6176648E+00   2.7168200E+00
   2.4982719E+00  -8.4732756E-02  -6.7234092E+00   2.7133882E+00
   2.5013273E+00  -2.8042102E-01  -6.7384253E+00   2.7080889E+00
   2.5044358E+00  -2.0620669E-01  -6.7859731E+00   2.7053974E+00
   2.5076027E+00  -1.5795952E-01  -6.8876033E+00   2.7024858E+00
   2.5125008E+00  -1.8629570E-01  -6.7322402E+00   2.6983578E+00
   2.5159006E+00  -1.0480577E-01  -6.8014498E+00   2.6904361E+00
   2.5192692E+00  -1.3656650E-01  -6.9780293E+00   2.6839714E+00
   2.5225866E+00  -1.6012353E-01  -6.7827497E+00   2.6788454E+00
   2.5258381E+00  -9.2633240E-02  -6.8980160E+00   2.6668944E+00
   2.5281804E+00  -7.1183652E-02  -6.8677354E+00   2.6691856E+00
   2.5317991E+00  -1.9019704E-01  -6.8661633E+00   2.6559038E+00
   2.5359881E+00  -2.4693713E-02  -6.7854328E+00   2.6545298E+00
   2.5391221E+00  -5.2928589E-02  -6.8032212E+00   2.6541142E+00
   2.5423036E+00  -1.6618323E-01  -6.7612076E+00   2.6654465E+00
   2.5455437E+00  -1.3202126E-01  -6.8961768E+00   2.6545749E+00
   2.5488050E+00  -2.0565920E-01  -6.7998099E+00   2.6488271E+00
   2.5520940E+00  -7.7052817E-02  -6.8389740E+00   2.6493819E+00
   2.5554078E+00  -7.9188626E-03  -6.8035221E+00   2.6537516E+00
   2.5587358E+00  -3.3174165E-02  -6.7369971E+00   2.6504333E+00
   2.5620806E+00  -1.7145514E-01  -6.7365746E+00   2.6620955E+00
   2.5654426E+00  -1.9288874E-01  -6.6375656E+00   2.6612697E+00
   2.5688980E+00  -9.9461086E-02  -6.5278039E+00   2.6514268E+00
   2.5723889E+00  -1.1428306E-01  -6.4934106E+00   2.6440177E+00
   2.5758722E+00  -4.2524394E-02  -6.5682330E+00   2.6542931E+00
   2.5791402E+00  -1.1054835E-01  -6.4884553E+00   2.6381912E+00
   2.5823231E+00  -1.3309784E-01  -6.4899817E+00   2.6481462E+00
   2.5853989E+00  -5.5541534E-02  -6.3847308E+00   2.6535971E+00
   2.5900991E+00   1.4422278E-02  -6.1942534E+00   2.6635897E+00
   2.5930724E+00  -3.2151759E-02  -6.1835208E+00   2.6601293E+00
   2.5961773E+00   2.1396734E-02  -6.1482234E+00   2.6474242E+00
   2.5993364E+00  -5.1960018E-02  -6.1485648E+00   2.6599975E+00
   2.6025777E+00  -1.1900417E-01  -6.1474628E+00   2.6583652E+00
   2.6059086E+00  -9.2879146E-02  -6.1150088E+00   2.6634822E+00
   2.6092374E+00  -6.0097337E-02  -6.0232363E+00   2.6634452E+00
   2.6125488E+00  -7.5433709E-02  -6.0242300E+00   2.6603572E+00
   2.6158459E+00  -4.0081188E-02  -5.9028640E+00   2.6560550E+00
   2.6198630E+00  -1.3677350E-01  -5.8527503E+00   2.6388798E+00
   2.6232998E+00  -1.6137233E-02  -5.6657195E+00   2.6413326E+00
   2.6267214E+00  -3.1650938E-02  -5.7056546E+00   2.6419559E+00
   2.6297631E+00  -4.5127094E-02  -5.7754655E+00   2.6480236E+00
   2.6332846E+00   3.4366008E-02  -5.6494889E+00   2.6528323E+00
   2.6373608E+00  -9.6879303E-02  -5.6510177E+00   2.6540098E+00
   2.6404295E+00  -7.0579328E-02  -5.4523358E+00   2.6471539E+00
   2.6438127E+00  -7.9740845E-02  -5.4661651E+00   2.6339002E+00
   2.6474323E+00  -6.3702777E-02  -5.3082757E+00   2.6350622E+00
   2.6510484E+00   3.3831947E-02  -5.2533402E+00   2.6376326E+00
   2.6528068E+00  -3.3518460E-02  -5.3024611E+00   2.6374900E+00
   2.6562352E+00   4.1745670E-02  -5.3107152E+00   2.6349292E+00
   2.6598716E+00  -1.6879740E-01  -5.1792045E+00   2.6284752E+00
   2.6638803E+00  -6.3824832E-02  -5.1312351E+00   2.6189792E+00
   2.6660364E+00  -5.1441961E-03  -5.1336865E+00   2.6146896E+00
   2.6698122E+00   6.3032880E-02  -5.0700245E+00   2.6027341E+00
   2.6732640E+00  -8.0508903E-02  -5.0793910E+00   2.6037967E+00
   2.6770694E+00  -1.2452804E-01  -5.0027595E+00   2.6108577E+00
   2.6811712E+00  -1.3787195E-01  -4.7813134E+00   2.6082656E+00
   2.6833770E+00  -1.1415008E-02  -4.8440766E+00   2.6127567E+00
   2.6870451E+00   3.6428294E-03  -4.7730789E+00   2.6088951E+00
   2.6902182E+00   5.6620002E-02  -4.7956576E+00   2.6124339E+00
   2.6937168E+00  -1.2273716E-02  -4.6617088E+00   2.6122055E+00
   2.6975739E+00  -1.2618014E-01  -4.5891938E+00   2.6141098E+00
   2.7007422E+00  -5.5154964E-02  -4.6354828E+00   2.6222808E+00
   2.7042353E+00   3.5651628E-02  -4.4318218E+00   2.6143188E+00
   2.7079065E+00  -9.8786969E-03  -4.3913527E+00   2.6097660E+00
   2.7115612E+00  -4.2391904E-02  -4.2835679E+00   2.6029055E+00
   2.7134061E+00   9.8844896E-05  -4.2803750E+00   2.5991478E+00
   2.7171509E+00   3.3314094E-02  -4.1982212E+00   2.5956392E+00
   2.7206805E+00  -4.1614887E-03  -4.1471148E+00   2.5961394E+00
   2.7241979E+00  -1.9354805E-02  -4.0579624E+00   2.5938001E+00
   2.7276793E+00  -8.5197091E-03  -4.0627017E+00   2.5935633E+00
   2.7310259E+00  -2.0518497E-02  -3.8960521E+00   2.5937791E+00
   2.7341328E+00   1.9133333E-02  -3.8224094E+00   2.5951047E+00
   2.7383990E+00   7.7363909E-03  -3.7921057E+00   2.5944781E+00
   2.7410903E+00   2.2129838E-03  -3.7408063E+00   2.5993955E+00
   2.7450006E+00  -2.3441561E-02  -3.6809654E+00   2.5961912E+00
   2.7477455E+00   9.0045534E-04  -3.6246433E+00   2.6034839E+00
   2.7516620E+00  -2.2697145E-02  -3.4863968E+00   2.6011112E+00
   2.7551138E+00  -2.1876760E-03  -3.4761751E+00   2.6043265E+00
   2.7583022E+00  -2.3175530E-02  -3.3629580E+00   2.5970979E+00
   2.7614419E+00   1.0687266E-03  -3.3160119E+00   2.5967157E+00
   2.7645643E+00  -1.4693514E-02  -3.3098328E+00   2.5953834E+00
   2.7687039E+00   5.0140202E-02  -3.3071401E+00   2.5974107E+00
   2.7717898E+00   3.0145949E-02  -3.2138946E+00   2.5931230E+00
   2.7748604E+00  -4.0089473E-02  -3.0534623E+00   2.5978818E+00
   2.7789295E+00  -8.6714141E-03  -3.0681393E+00   2.6061277E+00
   2.7819493E+00   3.6399163E-02  -2.9819031E+00   2.5969651E+00
   2.7849357E+00  -7.0574529E-02  -2.9628522E+00   2.5968053E+00
   2.7888429E+00   8.9886542E-03  -2.9064531E+00   2.6023159E+00
   2.7917178E+00   1.2363925E-02  -2.7854600E+00   2.6044552E+00
   2.7954788E+00   1.5625108E-02  -2.7813370E+00   2.6001558E+00
   2.7982481E+00   2.9399237E-02  -2.7418435E+00   2.6019595E+00
   2.8018765E+00   5.7286631E-02  -2.6473513E+00   2.6015337E+00
   2.8054383E+00   1.9395007E-02  -2.5709627E+00   2.5975027E+00
   2.8089402E+00  -1.7561823E-02  -2.4898951E+00   2.5825713E+00
   2.8123884E+00  -2.7800122E-02  -2.4666171E+00   2.5886064E+00
   2.8157887E+00   1.3118425E-01  -2.4600279E+00   2.5820975E+00
   2.8191464E+00  -6.0470302E-02  -2.3172967E+00   2.5873463E+00
   2.8224654E+00  -8.0289313E-04  -2.2839763E+00   2.5959024E+00
   2.8257499E+00   1.4289838E-02  -2.2372901E+00   2.5974905E+00
   2.8290043E+00   4.3536182E-02  -2.1759284E+00   2.5924287E+00
   2.8322332E+00   3.4107111E-02  -2.1328039E+00   2.5910144E+00
   2.8362362E+00   3.7248563E-02  -2.1440823E+00   2.5959742E+00
   2.8394153E+00   2.8774282E-02  -2.0612016E+00   2.5954452E+00
   2.8425772E+00  -3.5456186E-03  -1.9661862E+00   2.5908568E+00
   2.8457241E+00   9.8350784E-03  -1.8596545E+00   2.5862782E+00
   2.8496394E+00   5.6067195E-02  -1.8851801E+00   2.5851262E+00
   2.8527594E+00   5.1638432E-02  -1.8533297E+00   2.5857623E+00
   2.8558762E+00   7.1880758E-02  -1.8290867E+00   2.5808363E+00
   2.8597770E+00   5.9022982E-02  -1.7607881E+00   2.5878704E+00
   2.8629119E+00   3.7953791E-03  -1.6507248E+00   2.5887501E+00
   2.8661833E+00   4.0148783E-02  -1.5342413E+00   2.5896823E+00
   2.8696661E+00   4.8538301E-02  -1.6007001E+00   2.5874388E+00
   2.8733559E+00   8.7670237E-02  -1.5841891E+00   2.5865703E+00
   2.8763640E+00   5.3354491E-02  -1.5434011E+00   2.5849972E+00
   2.8798463E+00   7.7543542E-04  -1.4381663E+00   2.5862656E+00
   2.8835580E+00  -1.0726752E-02  -1.3963850E+00   2.5826070E+00
   2.8859873E+00   6.0676474E-02  -1.3063599E+00   2.5792239E+00
   2.8895729E+00   5.0008740E-02  -1.2691927E+00   2.5764980E+00
   2.8930974E+00   6.3095721E-03  -1.2312322E+00   2.5762072E+00
   2.8965702E+00   2.0479338E-02  -1.1928968E+00   2.5746493E+00
   2.9000001E+00   6.9740705E-02  -1.2656745E+00   2.5801251E+00
   2.9033949E+00   2.9585857E-03  -1.1018904E+00   2.5802555E+00
   2.9067614E+00   5.4902278E-02  -1.0405209E+00   2.5822141E+00
   2.9102831E+00   5.8727626E-02  -9.8654974E-01   2.5854876E+00
   2.9129338E+00   9.7287461E-02  -9.9138993E-01   2.5871429E+00
   2.9174283E+00   1.1822566E-02  -8.2358283E-01   2.5893695E+00
   2.9208117E+00   2.9738953E-02  -8.2469916E-01   2.5889502E+00
   2.9244406E+00   5.1740970E-02  -8.2126498E-01   2.5895658E+00
   2.9262319E+00   3.2705881E-02  -7.8325015E-01   2.5899358E+00
   2.9297719E+00   1.0704475E-01  -7.2812343E-01   2.5896626E+00
   2.9332614E+00   7.2320536E-02  -6.7710787E-01   2.5886528E+00
   2.9366601E+00   4.1848710E-03  -6.0083294E-01   2.5874066E+00
   2.9400773E+00   3.0182054E-02  -4.9148634E-01   2.5874786E+00
   2.9434412E+00   6.6461511E-02  -4.7155499E-01   2.5831652E+00
   2.9467864E+00  -3.0220515E-04  -3.2638237E-01   2.5851290E+00
   2.9501107E+00   6.5311007E-02  -3.5632113E-01   2.5856626E+00
   2.9533262E+00   5.6665510E-02  -3.3748966E-01   2.5866485E+00
   2.9578149E+00   5.2190453E-02  -2.5214237E-01   2.5837936E+00
   2.9606280E+00   7.1210496E-02  -1.9329484E-01   2.5859237E+00
   2.9646580E+00   9.0991974E-02  -1.5326743E-01   2.5862844E+00
   2.9672496E+00   4.8399046E-02  -2.1487795E-01   2.5864289E+00
   2.9710872E+00  -2.0472088E-03   2.1699352E-02   2.5851271E+00
   2.9738617E+00   3.7951872E-02   4.0820703E-02   2.5849569E+00
   2.9779224E+00  -6.9185786E-02   4.7873564E-02   2.5851934E+00
   2.9805145E+00   8.8675320E-02   1.0091474E-01   2.5833373E+00
   2.9842496E+00   6.9910057E-02   8.7811872E-02   2.5832205E+00
   2.9878240E+00   6.5997206E-02   2.6181552E-01   2.5831306E+00
   2.9912617E+00   1.2280683E-01   2.3578803E-01   2.5817516E+00
   2.9945855E+00   9.1496751E-02   3.0346647E-01   2.5821295E+00
   2.9978158E+00   3.5196237E-02   3.8452566E-01   2.5830555E+00
   3.0009708E+00  -5.3386759E-02   4.4407383E-01   2.5834455E+00
   3.0050838E+00   4.5621850E-02   3.5984665E-01   2.5864401E+00
   3.0081096E+00   6.0472891E-02   5.2170616E-01   2.5856009E+00
   3.0110867E+00   8.3177388E-02   6.2835997E-01   2.5876565E+00
   3.0149825E+00   5.7117015E-02   7.0587689E-01   2.5880754E+00
   3.0178514E+00   3.7277225E-02   6.8284196E-01   2.5884843E+00
   3.0216107E+00   6.0487296E-02   6.6577953E-01   2.5873880E+00
   3.0253000E+00   4.3003980E-02   7.2127891E-01   2.5876846E+00
   3.0280240E+00   3.2620553E-02   8.6467928E-01   2.5882871E+00
   3.0316019E+00   4.2961992E-02   9.0676761E-01   2.5879552E+00
   3.0351195E+00   3.9057340E-02   9.4610167E-01   2.5908420E+00
   3.0385785E+00   4.4876639E-02   9.7798717E-01   2.5922368E+00
   3.0419803E+00   6.5379672E-02   1.0379322E+00   2.5924878E+00
   3.0454655E+00   8.2189903E-02   1.1179863E+00   2.5972266E+00
   3.0485256E+00   7.2276935E-02   1.1311234E+00   2.5998223E+00
   3.0520678E+00  -3.1968102E-02   1.1535074E+00   2.6003189E+00
   3.0547342E+00   1.3024073E-02   1.2179288E+00   2.6005964E+00
   3.0589435E+00   1.0583211E-01   1.3086778E+00   2.6005704E+00
   3.0623577E+00   1.6203140E-01   1.5011413E+00   2.6036122E+00
   3.0652547E+00   9.9417388E-02   1.4413263E+00   2.6043334E+00
   3.0689623E+00   1.0874147E-02   1.4709679E+00   2.6045392E+00
   3.0722032E+00   2.4113450E-02   1.4928588E+00   2.6020420E+00
   3.0755687E+00   7.5315848E-02   1.5102832E+00   2.6032305E+00
   3.0787950E+00   3.5130288E-02   1.6550257E+00   2.6095619E+00
   3.0819027E+00   8.5231945E-02   1.7584525E+00   2.6081769E+00
   3.0858898E+00   9.4906583E-02   1.8094897E+00   2.6102748E+00
   3.0887811E+00   4.8801910E-02   1.7933846E+00   2.6152415E+00
   3.0925348E+00   1.2014935E-02   1.8996056E+00   2.6145594E+00
   3.0962470E+00   1.0351785E-01   1.8927011E+00   2.6146038E+00
   3.0994194E+00   8.3749197E-02   2.0715783E+00   2.6205750E+00
   3.1030917E+00   6.4754993E-02   2.1498249E+00   2.6219416E+00
   3.1058562E+00   3.4904439E-02   2.2128627E+00   2.6241837E+00
   3.1089041E+00   3.1697154E-02   2.2192068E+00   2.6238642E+00
   3.1122644E+00   7.0695236E-02   2.2470300E+00   2.6249223E+00
   3.1159689E+00   5.4039210E-02   2.2987895E+00   2.6262364E+00
   3.1200535E+00   4.5525923E-02   2.4470918E+00   2.6286077E+00
   3.1222501E+00   4.7746118E-02   2.4994683E+00   2.6294291E+00
   3.1267004E+00   3.9731979E-02   2.6663806E+00   2.6297364E+00
   3.1289923E+00   9.1333695E-02   2.6091533E+00   2.6307414E+00
   3.1334403E+00   3.8620032E-02   2.7050817E+00   2.6345296E+00
   3.1357951E+00   2.1278841E-02   2.7583740E+00   2.6358702E+00
   3.1402352E+00   3.1299111E-02   2.9296217E+00   2.6390636E+00
   3.1425905E+00   7.8870445E-02   2.9219823E+00   2.6390321E+00
   3.1470251E+00   6.4738274E-02   3.0602334E+00   2.6417062E+00
   3.1493804E+00   8.6373858E-02   3.1461005E+00   2.6426666E+00
   3.1538107E+00  -1.0912713E-01   3.2550161E+00   2.6483970E+00
   3.1561661E+00   4.3853540E-02   3.2801991E+00   2.6467044E+00
   3.1605899E+00   3.5165764E-02   3.4114904E+00   2.6499550E+00
   3.1629453E+00   1.5866503E-02   3.4615672E+00   2.6513288E+00
   3.1673646E+00   9.8576751E-03   3.5920258E+00   2.6544266E+00
   3.1697195E+00   7.4535506E-03   3.6417241E+00   2.6547663E+00
   3.1741321E+00   6.0534783E-02   3.7510087E+00   2.6563849E+00
   3.1764865E+00   4.5741819E-02   3.8232608E+00   2.6583438E+00
   3.1808934E+00  -7.9367701E-03   3.9686959E+00   2.6623898E+00
   3.1832473E+00  -4.6754237E-03   3.9915771E+00   2.6621921E+00
   3.1876345E+00   3.8852174E-02   4.1193376E+00   2.6639988E+00
   3.1897957E+00   1.8011019E-02   4.2304258E+00   2.6674285E+00
   3.1939633E+00   6.2306033E-04   4.4077468E+00   2.6707959E+00
   3.1980205E+00   2.1484762E-02   4.4660330E+00   2.6712933E+00
   3.2000222E+00   4.8750632E-02   4.4808607E+00   2.6707125E+00
   3.2039814E+00   1.0017681E-02   4.6586323E+00   2.6749465E+00
   3.2078810E+00   2.1568099E-02   4.7423763E+00   2.6769757E+00
   3.2098167E+00   2.4184316E-02   4.8820281E+00   2.6770105E+00
   3.2136691E+00  -7.2837874E-02   4.9857302E+00   2.6806791E+00
   3.2174985E+00   2.7296573E-02   5.0977106E+00   2.6837318E+00
   3.2213135E+00   2.3888517E-02   5.1945448E+00   2.6857994E+00
   3.2232115E+00   1.7606926E-03   5.2353005E+00   2.6867516E+00
   3.2269752E+00  -3.5531737E-02   5.3477969E+00   2.6902759E+00
   3.2307951E+00  -6.1994963E-03   5.5806460E+00   2.6996000E+00
   3.2338550E+00   2.7127333E-02   5.5691843E+00   2.6976507E+00
   3.2379563E+00  -4.8839688E-02   5.7198763E+00   2.6953530E+00
   3.2405879E+00  -5.0665617E-02   5.9092383E+00   2.7017484E+00
   3.2447052E+00   1.7006066E-02   5.9248061E+00   2.6991878E+00
   3.2483656E+00   2.7358033E-02   6.0841246E+00   2.7008638E+00
   3.2511210E+00  -7.4366845E-02   6.2327857E+00   2.7043235E+00
   3.2541590E+00   2.0458229E-02   6.2732544E+00   2.7060714E+00
   3.2575083E+00  -1.8886101E-02   6.3812900E+00   2.7073767E+00
   3.2612009E+00  -4.5335315E-02   6.4860897E+00   2.7105689E+00
   3.2645791E+00  -2.7043165E-03   6.6364088E+00   2.7176218E+00
   3.2675755E+00  -3.3236988E-02   6.7455034E+00   2.7185485E+00
   3.2708795E+00   6.5194168E-03   6.8201032E+00   2.7197585E+00
   3.2745218E+00  -5.0772004E-02   6.9415035E+00   2.7232265E+00
   3.2785378E+00  -4.4550013E-02   7.0724258E+00   2.7224596E+00
   3.2806547E+00  -4.9371127E-02   7.1386080E+00   2.7231588E+00
   3.2848876E+00  -4.9093623E-02   7.2835340E+00   2.7243099E+00
   3.2891202E+00  -5.2615006E-02   7.4753208E+00   2.7271378E+00
   3.2912366E+00  -7.9806902E-02   7.5051866E+00   2.7290626E+00
   3.2954693E+00  -4.2604923E-02   7.6029072E+00   2.7300925E+00
   3.2975857E+00   3.7853684E-02   7.7145672E+00   2.7323291E+00
   3.3018184E+00  -5.7523843E-02   7.9165907E+00   2.7378328E+00
   3.3060510E+00  -8.6990140E-02   8.0452280E+00   2.7505560E+00
   3.3081675E+00  -9.0796039E-02   8.0328093E+00   2.7452459E+00
   3.3124001E+00  -6.7461185E-02   8.2350960E+00   2.7446213E+00
   3.3145165E+00  -8.0355413E-02   8.3130398E+00   2.7476239E+00
   3.3187492E+00  -2.0169476E-02   8.4952364E+00   2.7533579E+00
   3.3229818E+00  -1.2276379E-01   8.6462755E+00   2.7582247E+00
   3.3250983E+00  -8.5508689E-02   8.7166653E+00   2.7576556E+00
   3.3293309E+00  -5.8853678E-02   8.8745537E+00   2.7618020E+00
   3.3314474E+00  -9.7231925E-02   8.9238110E+00   2.7637870E+00
   3.3360028E+00  -1.1282527E-01   9.1478662E+00   2.7665856E+00
   3.3384111E+00  -8.8127010E-02   9.1868591E+00   2.7681274E+00
   3.3431470E+00  -6.9026344E-02   9.3519011E+00   2.7701795E+00
   3.3454764E+00  -7.0950434E-02   9.4339895E+00   2.7772651E+00
   3.3500607E+00  -8.2829028E-02   9.6230764E+00   2.7732215E+00
   3.3522999E+00  -7.2919995E-02   9.7160282E+00   2.7741699E+00
   3.3562763E+00  -9.3363315E-02   9.8935375E+00   2.7846928E+00
   3.3583598E+00  -1.1143679E-01   9.9563799E+00   2.7844479E+00
   3.3623958E+00  -9.6799858E-02   1.0115753E+01   2.7895529E+00
   3.3662672E+00  -9.5747195E-02   1.0233779E+01   2.7923291E+00
   3.3700113E+00  -9.0617962E-02   1.0400098E+01   2.7980120E+00
   3.3718758E+00  -5.1834412E-02   1.0479574E+01   2.8023140E+00
   3.3773024E+00  -1.4754975E-01   1.0674842E+01   2.8033800E+00
