  flscon:  version 22.2.0.05  win64 2022 
 FLOW-3D   06:11:40  09/07/2023 qrjj     
   hydr3d   version  22.2.0.16 win64     09/12/2022 HYDRO    
 Simulation Template: Free Surface - TruVOF (Default)                            

Mesh Block   1
 printing pfxob, pfyob, pfzob, pfob       
       1     1002      0.000E+00      2.280E+01
   time              pfxob_1         pfyob_1         pfzob_1         pfob_1
   0.0000000E+00   6.8107824E-04  -1.2805501E+00  -7.1837950E-01   1.4682909E+00
   1.0065821E-03   2.3464622E-01   5.9390466E+02  -1.6905462E+00   5.9390710E+02
   2.3210682E-02  -4.0658866E-03  -3.2702887E-01  -7.2141564E-01   7.9208893E-01
   4.4839304E-02  -2.6398955E-03  -7.3354375E-01  -7.2034961E-01   1.0281036E+00
   6.7939483E-02  -8.1060175E-04  -7.4734437E-01  -7.2703451E-01   1.0426425E+00
   9.1958113E-02   7.2253594E-04  -9.0962070E-01  -7.3192841E-01   1.1675314E+00
   1.1368547E-01   9.0927264E-04  -1.1047400E+00  -7.3810333E-01   1.3286264E+00
   1.3651168E-01   7.9439505E-04  -1.3755852E+00  -7.3898345E-01   1.5615159E+00
   1.5960717E-01   3.3034306E-04  -1.5774783E+00  -7.3970765E-01   1.7422988E+00
   1.8130396E-01   3.1078586E-03  -1.7642250E+00  -7.3843980E-01   1.9125357E+00
   2.0556879E-01   2.9254556E-04  -1.9795618E+00  -7.3522931E-01   2.1116881E+00
   2.2662799E-01   3.4135245E-04  -2.1130965E+00  -7.3496741E-01   2.2372649E+00
   2.5073296E-01   3.7501073E-03  -2.2122557E+00  -7.3344982E-01   2.3306732E+00
   2.7450213E-01   2.4293568E-03  -2.2885935E+00  -7.3246574E-01   2.4029508E+00
   2.9608640E-01  -7.1508606E-04  -2.3006728E+00  -7.2201669E-01   2.4113073E+00
   3.1865853E-01   2.1626768E-03  -2.2977505E+00  -7.1027708E-01   2.4050272E+00
   3.4164920E-01   3.4365716E-04  -2.2867219E+00  -6.9467783E-01   2.3899109E+00
   3.6526489E-01  -3.0608457E-03  -2.2678885E+00  -6.7908770E-01   2.3673801E+00
   3.8791057E-01  -4.1856579E-03  -2.2597690E+00  -6.6515398E-01   2.3556323E+00
   4.1088250E-01  -2.6517927E-03  -2.2771847E+00  -6.5272462E-01   2.3688872E+00
   4.3359843E-01  -1.8444385E-03  -2.3022017E+00  -6.4332539E-01   2.3903983E+00
   4.5655280E-01  -1.5535387E-03  -2.3136251E+00  -6.3302428E-01   2.3986628E+00
   4.7823089E-01  -4.5495490E-03  -2.3517840E+00  -6.2552452E-01   2.4335549E+00
   5.0053918E-01  -6.1164377E-05  -2.3475823E+00  -6.1964232E-01   2.4279826E+00
   5.2406931E-01   2.5438000E-03  -2.3115184E+00  -6.1479074E-01   2.3918803E+00
   5.4701185E-01   3.5372360E-03  -2.2738831E+00  -6.1074996E-01   2.3544791E+00
   5.6992221E-01   7.0253965E-03  -2.1861329E+00  -6.0916573E-01   2.2694292E+00
   5.9273094E-01   8.0563389E-03  -2.0697227E+00  -6.0601234E-01   2.1566334E+00
   6.1551625E-01   6.2966407E-03  -1.9931601E+00  -6.0373747E-01   2.0826008E+00
   6.3829410E-01  -9.3531990E-03  -1.6292193E+00  -5.9543800E-01   1.7346438E+00
   6.6133344E-01   8.2500987E-03  -1.6774341E+00  -5.9564036E-01   1.7800677E+00
   6.8365210E-01   1.7853322E-02  -1.5399857E+00  -5.9006482E-01   1.6492578E+00
   7.0632249E-01   1.0275911E-02  -1.4240966E+00  -5.8626258E-01   1.5400846E+00
   7.2913218E-01   2.2744068E-03  -1.2990812E+00  -5.8487779E-01   1.4246751E+00
   7.5268960E-01  -5.1465575E-03  -1.1982070E+00  -5.8391428E-01   1.3329226E+00
   7.7476686E-01  -3.2089746E-03  -1.1140584E+00  -5.8298272E-01   1.2573802E+00
   7.9788399E-01  -2.1098899E-03  -1.0184274E+00  -5.8258837E-01   1.1732894E+00
   8.2079428E-01  -6.9089290E-03  -9.3748611E-01  -5.8251810E-01   1.1037461E+00
   8.4400487E-01   3.3120031E-03  -8.7176538E-01  -5.8277494E-01   1.0486240E+00
   8.6605138E-01   4.2485707E-03  -7.9113835E-01  -5.8300799E-01   9.8275948E-01
   8.8958329E-01   5.5216546E-03  -7.0854098E-01  -5.8379436E-01   9.1808313E-01
   9.1212147E-01   5.6999456E-03  -5.9929109E-01  -5.8450902E-01   8.3715779E-01
   9.3453306E-01   3.8723149E-03  -4.7280151E-01  -5.8531255E-01   7.5242746E-01
   9.5798469E-01   6.3410396E-04  -3.3615342E-01  -5.8573920E-01   6.7534435E-01
   9.8005074E-01  -1.1649234E-03  -1.8898053E-01  -5.8565325E-01   6.1538988E-01
   1.0030820E+00  -3.8525385E-03  -5.4145899E-02  -5.8487236E-01   5.8738601E-01
   1.0263157E+00  -4.7716876E-03   1.0471162E-01  -5.8352965E-01   5.9286946E-01
   1.0484957E+00  -4.2587584E-03   2.2700246E-01  -5.8202761E-01   6.2474346E-01
   1.0716320E+00  -3.2774489E-03   2.7721459E-01  -5.8086622E-01   6.4363360E-01
   1.0944762E+00  -3.1261370E-03   5.1300079E-01  -5.7989931E-01   7.7424985E-01
   1.1170988E+00  -2.0988262E-03   9.9027693E-01  -5.8037007E-01   1.1478163E+00
   1.1400532E+00   4.0764357E-03   7.0838690E-01  -5.7877064E-01   9.1476995E-01
   1.1629153E+00   1.9460258E-03   8.0675447E-01  -5.7900262E-01   9.9302602E-01
   1.1856740E+00   5.6667733E-03   8.7626922E-01  -5.7866049E-01   1.0501086E+00
   1.2083687E+00   3.0974494E-03   8.6929017E-01  -5.7606345E-01   1.0428442E+00
   1.2310333E+00   2.6264368E-03   1.0294164E+00  -5.7619578E-01   1.1797062E+00
   1.2541353E+00   6.9348735E-04   1.1126250E+00  -5.7490861E-01   1.2523797E+00
   1.2768167E+00   1.4353805E-02   1.3436460E+00  -5.7469147E-01   1.4614586E+00
   1.2995237E+00  -2.3681123E-03   1.4393669E+00  -5.7476085E-01   1.5498816E+00
   1.3223209E+00   1.6264092E-02   1.5001714E+00  -5.7417631E-01   1.6063802E+00
   1.3450505E+00  -2.5261978E-02   1.7418967E+00  -5.7616889E-01   1.8348877E+00
   1.3676804E+00  -8.5483016E-03   1.8702968E+00  -5.7937425E-01   1.9579984E+00
   1.3907607E+00  -4.6655848E-03   2.0150962E+00  -5.8587343E-01   2.0985429E+00
   1.4137892E+00  -1.7821165E-03   2.1121078E+00  -5.8985323E-01   2.1929271E+00
   1.4367685E+00  -1.6607499E-03   2.2232585E+00  -5.9575188E-01   2.3016953E+00
   1.4589381E+00  -5.3156179E-04   2.2874892E+00  -6.0273099E-01   2.3655636E+00
   1.4818292E+00   1.0395920E-04   2.3576994E+00  -6.0892951E-01   2.4350650E+00
   1.5046790E+00  -1.5443806E-02   2.4438162E+00  -6.1800349E-01   2.5207944E+00
   1.5274898E+00   1.0238882E-03   2.4722652E+00  -6.2691414E-01   2.5505133E+00
   1.5502242E+00   7.3411949E-03   2.6175778E+00  -6.3672388E-01   2.6939163E+00
   1.5731342E+00   9.8960213E-03   2.6788869E+00  -6.4340049E-01   2.7550857E+00
   1.5957040E+00   5.7543521E-03   2.7683971E+00  -6.5186852E-01   2.8441148E+00
   1.6186992E+00   3.9238962E-03   2.8691647E+00  -6.6226512E-01   2.9446080E+00
   1.6409885E+00   5.1219191E-04   2.9439297E+00  -6.7204052E-01   3.0196624E+00
   1.6641072E+00  -1.9467255E-03   3.0098376E+00  -6.7959177E-01   3.0856071E+00
   1.6871837E+00  -1.8173563E-03   3.0519266E+00  -6.8689084E-01   3.1282709E+00
   1.7096231E+00  -2.2839941E-03   3.0823159E+00  -6.9044381E-01   3.1587005E+00
   1.7320502E+00   8.0084731E-04   3.0863428E+00  -6.9670475E-01   3.1640022E+00
   1.7551155E+00  -7.0086005E-04   3.0732336E+00  -7.0014775E-01   3.1519792E+00
   1.7779120E+00   2.6957283E-03   3.0233340E+00  -7.0600587E-01   3.1046739E+00
   1.8010556E+00   5.4964223E-03   2.9702687E+00  -7.0932400E-01   3.0537956E+00
   1.8233954E+00   8.1580095E-03   2.8542039E+00  -7.1255559E-01   2.9418161E+00
   1.8470494E+00   7.9780445E-03   2.7910008E+00  -7.1337724E-01   2.8807387E+00
   1.8689940E+00   1.0425352E-02   2.6524458E+00  -7.1445876E-01   2.7470036E+00
   1.8925241E+00   9.4841197E-03   2.5250051E+00  -7.1473593E-01   2.6242309E+00
   1.9154826E+00   7.5501041E-03   2.3844299E+00  -7.1502906E-01   2.4893434E+00
   1.9377928E+00   6.3027190E-03   2.2081380E+00  -7.1386611E-01   2.3206718E+00
   1.9612188E+00   5.2209585E-03   2.0780356E+00  -7.1370357E-01   2.1971874E+00
   1.9839962E+00   4.1784425E-03   1.8522961E+00  -7.1373528E-01   1.9850532E+00
   2.0057557E+00   3.6327634E-03   1.6183357E+00  -7.1423268E-01   1.7689409E+00
   2.0301042E+00   1.3976216E-03   1.3832238E+00  -7.1492606E-01   1.5570579E+00
   2.0511026E+00   1.6132283E-03   1.1746078E+00  -7.1564525E-01   1.3754469E+00
   2.0751379E+00   4.3241689E-03   9.2642760E-01  -7.1689624E-01   1.1714209E+00
   2.0980277E+00   4.0804427E-03   6.8710941E-01  -7.1812856E-01   9.9390370E-01
   2.1197388E+00   5.9938519E-03   4.3130302E-01  -7.1924770E-01   8.3867484E-01
   2.1428726E+00   8.0966195E-03   1.7381965E-01  -7.2043318E-01   7.4114966E-01
   2.1650841E+00   6.8675075E-03   1.9059131E-02  -7.2160220E-01   7.2188652E-01
   2.1888514E+00   1.2907476E-02  -2.4911314E-01  -7.2298533E-01   7.6480830E-01
   2.2107339E+00   1.5819149E-02  -4.5220670E-01  -7.2466540E-01   8.5433078E-01
   2.2337015E+00   1.4858694E-02  -7.1999449E-01  -7.2531247E-01   1.0221013E+00
   2.2558672E+00   1.6723812E-02  -9.8834848E-01  -7.2679484E-01   1.2269243E+00
   2.2792716E+00   1.2810365E-02  -1.1568713E+00  -7.2717309E-01   1.3664904E+00
   2.3029325E+00   9.9119451E-03  -1.2633456E+00  -7.2970951E-01   1.4589778E+00
   2.3258040E+00   1.5027808E-02  -1.4326345E+00  -7.2985548E-01   1.6079044E+00
   2.3486438E+00   9.2289560E-03  -1.5211912E+00  -7.3105896E-01   1.6877663E+00
   2.3716424E+00   8.7915342E-03  -1.6306108E+00  -7.3119956E-01   1.7870708E+00
   2.3952439E+00   8.0473563E-03  -1.7521051E+00  -7.3123932E-01   1.8985910E+00
   2.4164355E+00   6.2075667E-03  -1.8539714E+00  -7.3006415E-01   1.9925467E+00
   2.4402800E+00   6.5107467E-03  -1.9251431E+00  -7.2816694E-01   2.0582626E+00
   2.4623020E+00   1.0369875E-02  -2.0101953E+00  -7.2644138E-01   2.1374538E+00
   2.4856112E+00   9.8522548E-03  -2.0782311E+00  -7.1891761E-01   2.1990871E+00
   2.5083537E+00   1.2100331E-02  -2.1251578E+00  -7.1372825E-01   2.2418408E+00
   2.5299418E+00   1.3782477E-02  -2.1639469E+00  -7.0201558E-01   2.2750125E+00
   2.5531645E+00   1.1878996E-02  -2.1829262E+00  -6.8925762E-01   2.2891886E+00
   2.5757792E+00   1.0477229E-02  -2.2070873E+00  -6.7601353E-01   2.3083193E+00
   2.5995262E+00   1.3073985E-02  -2.1949329E+00  -6.6188937E-01   2.2925966E+00
   2.6215417E+00   5.9848996E-03  -2.2009254E+00  -6.4968127E-01   2.2948191E+00
   2.6445496E+00   1.5214784E-03  -2.1664796E+00  -6.3964146E-01   2.2589328E+00
   2.6680045E+00   7.2972956E-03  -2.1263113E+00  -6.2843943E-01   2.2172482E+00
   2.6897030E+00   6.1424123E-03  -2.0072875E+00  -6.1689621E-01   2.0999527E+00
   2.7127597E+00   9.7233187E-03  -1.8541785E+00  -6.1159515E-01   1.9524654E+00
   2.7360666E+00   2.3271618E-03  -1.8688369E+00  -6.0605413E-01   1.9646522E+00
   2.7584989E+00   1.2871207E-02  -1.8034419E+00  -6.0018563E-01   1.9007343E+00
   2.7817450E+00   8.9517115E-03  -1.7377158E+00  -5.9604788E-01   1.8371199E+00
   2.8042221E+00   1.3614303E-02  -1.6163043E+00  -5.9209991E-01   1.7213969E+00
   2.8267794E+00   1.0512057E-02  -1.5417472E+00  -5.8931804E-01   1.6505729E+00
   2.8502917E+00  -2.7400251E-03  -1.3937144E+00  -5.8770055E-01   1.5125605E+00
   2.8724627E+00   8.6274249E-03  -1.3141996E+00  -5.8802658E-01   1.4397813E+00
   2.8960581E+00  -7.7661057E-03  -1.1848637E+00  -5.8771217E-01   1.3226367E+00
   2.9186294E+00   2.1316833E-03  -1.0898808E+00  -5.8691549E-01   1.2378670E+00
   2.9407322E+00   5.5353865E-03  -9.7639495E-01  -5.8608454E-01   1.1388032E+00
   2.9632242E+00   5.6868903E-05  -8.7621641E-01  -5.8553892E-01   1.0538553E+00
   2.9861140E+00   7.6888280E-04  -7.6807165E-01  -5.8456534E-01   9.6522081E-01
   3.0101478E+00   1.1237708E-03  -6.7542696E-01  -5.8367836E-01   8.9268315E-01
   3.0325894E+00   4.1416023E-04  -5.8765537E-01  -5.8355892E-01   8.2817870E-01
   3.0556266E+00   9.1295165E-05  -5.0306386E-01  -5.8328909E-01   7.7025932E-01
   3.0787969E+00   1.1983128E-03  -4.6141893E-01  -5.8295935E-01   7.4347186E-01
   3.1011045E+00   1.3494124E-03  -3.4897229E-01  -5.8309579E-01   6.7954707E-01
   3.1223392E+00   4.8942358E-04  -3.0314353E-01  -5.8286601E-01   6.5698481E-01
   3.1469185E+00  -1.0953998E-02  -1.6422065E-01  -5.8261573E-01   6.0541683E-01
   3.1689367E+00   7.0338720E-04  -1.0713848E-01  -5.8224201E-01   5.9201771E-01
   3.1931522E+00  -3.0352150E-03  -1.4278365E-02  -5.8174223E-01   5.8192533E-01
   3.2152102E+00  -3.2745362E-03   5.5227581E-02  -5.8163887E-01   5.8426410E-01
   3.2365086E+00  -2.8280471E-03   9.5438972E-02  -5.8173746E-01   5.8952105E-01
   3.2609725E+00  -1.0841128E-03   1.9881463E-01  -5.8133173E-01   6.1438996E-01
   3.2828834E+00  -4.0434353E-04   3.0412173E-01  -5.8135027E-01   6.5609324E-01
   3.3038073E+00  -9.1342197E-04   3.7042215E-01  -5.8138400E-01   6.8936259E-01
   3.3266342E+00   3.6925529E-04   4.4947183E-01  -5.8074790E-01   7.3436582E-01
   3.3525305E+00   2.2153594E-04   5.3509390E-01  -5.7980281E-01   7.8898472E-01
   3.3748598E+00  -9.8996353E-04   6.6018820E-01  -5.7934493E-01   8.7834501E-01
   3.3977702E+00  -4.3936651E-03   7.0630616E-01  -5.7850897E-01   9.1299528E-01
   3.4210854E+00  -1.2761984E-03   8.1214881E-01  -5.7814300E-01   9.9691355E-01
   3.4421663E+00  -7.5664825E-04   9.0910119E-01  -5.7758272E-01   1.0770643E+00
   3.4654951E+00  -1.2506852E-03   1.0225009E+00  -5.7677132E-01   1.1739569E+00
   3.4870803E+00  -9.0689014E-04   1.1056788E+00  -5.7574958E-01   1.2466010E+00
   3.5122373E+00  -2.9391464E-04   1.2356989E+00  -5.7478887E-01   1.3628405E+00
   3.5331526E+00   4.9051205E-03   1.3610709E+00  -5.7443339E-01   1.4773326E+00
   3.5553434E+00   5.8465480E-04   1.4256722E+00  -5.7291204E-01   1.5364796E+00
   3.5789385E+00   3.2194238E-04   1.5569493E+00  -5.7233810E-01   1.6588135E+00
   3.6016626E+00   2.0592669E-03   1.6459453E+00  -5.7089895E-01   1.7421441E+00
   3.6267271E+00   1.5680881E-03   1.7685111E+00  -5.6970108E-01   1.8580079E+00
   3.6472778E+00   2.8564497E-03   1.8379396E+00  -5.6856048E-01   1.9238740E+00
   3.6704516E+00   3.5247132E-03   1.9921771E+00  -5.6789380E-01   2.0715418E+00
   3.6934214E+00   4.6222494E-03   2.0994139E+00  -5.6672245E-01   2.1745653E+00
   3.7158031E+00   2.5463212E-04   2.2662282E+00  -5.6754982E-01   2.3362155E+00
   3.7391624E+00   2.6356825E-03   2.3300149E+00  -5.6551218E-01   2.3976614E+00
   3.7625055E+00   2.3959829E-03   2.4073894E+00  -5.6423438E-01   2.4726281E+00
   3.7845972E+00   4.5109942E-04   2.5238860E+00  -5.6438518E-01   2.5862195E+00
   3.8068907E+00   2.3739953E-03   2.6317663E+00  -5.6475049E-01   2.6916802E+00
   3.8312533E+00   4.7472781E-03   2.7373395E+00  -5.6543237E-01   2.7951322E+00
   3.8539016E+00   2.2954163E-03   2.8339212E+00  -5.6869739E-01   2.8904207E+00
   3.8767207E+00   3.4462940E-03   2.8972645E+00  -5.7168013E-01   2.9531291E+00
   3.8985598E+00   3.0666015E-03   2.9480164E+00  -5.7648069E-01   3.0038543E+00
   3.9221699E+00   2.9829205E-03   2.9888563E+00  -5.8379847E-01   3.0453391E+00
   3.9439092E+00   3.8990106E-03   3.0085669E+00  -5.9197885E-01   3.0662565E+00
   3.9665511E+00   3.4658585E-03   3.0138960E+00  -6.0118616E-01   3.0732729E+00
   3.9893999E+00   2.3231281E-03   3.0011060E+00  -6.1170369E-01   3.0628130E+00
   4.0121737E+00   4.8776325E-03   2.9678590E+00  -6.2192923E-01   3.0323269E+00
   4.0348916E+00   2.9147202E-03   2.9462636E+00  -6.3235021E-01   3.0133610E+00
   4.0585556E+00   2.6031551E-03   2.8581040E+00  -6.4360744E-01   2.9296751E+00
   4.0812616E+00   5.6165713E-03   2.7886112E+00  -6.5577829E-01   2.8646865E+00
   4.1044068E+00   2.8730675E-03   2.6936569E+00  -6.6563106E-01   2.7746820E+00
   4.1265011E+00   1.7936827E-04   2.6043584E+00  -6.7463315E-01   2.6903183E+00
   4.1496115E+00  -1.7552847E-03   2.4795165E+00  -6.8473268E-01   2.5723264E+00
   4.1720176E+00   1.3719720E-03   2.3334045E+00  -6.9055295E-01   2.4334424E+00
   4.1958151E+00  -1.8548230E-03   2.1782649E+00  -7.0017707E-01   2.2880318E+00
   4.2176290E+00  -1.0586114E-03   2.0067377E+00  -7.0383710E-01   2.1265898E+00
   4.2405405E+00   5.5660249E-04   1.8308616E+00  -7.0389795E-01   1.9615114E+00
   4.2631416E+00   4.1897167E-03   1.6323488E+00  -7.1134281E-01   1.7806147E+00
   4.2858267E+00   6.2247007E-03   1.4314171E+00  -7.1502745E-01   1.6000806E+00
   4.3088565E+00   6.8711420E-03   1.1817633E+00  -7.1782649E-01   1.3827099E+00
   4.3325233E+00   7.9534780E-03   9.3960673E-01  -7.1992475E-01   1.1837295E+00
   4.3543935E+00   9.8974137E-03   6.9049197E-01  -7.2196543E-01   9.9905515E-01
   4.3779497E+00   9.9274954E-03   4.4598591E-01  -7.2333694E-01   8.4983426E-01
   4.4001546E+00   8.7343715E-03   1.8261923E-01  -7.2401768E-01   7.4674469E-01
   4.4239154E+00   6.7636464E-03  -8.9212395E-02  -7.2575116E-01   7.3124504E-01
   4.4457121E+00   6.7658089E-03  -3.1441984E-01  -7.2561914E-01   7.9084051E-01
   4.4684930E+00   7.5752591E-03  -5.4704905E-01  -7.2579545E-01   9.0889996E-01
   4.4915433E+00   8.6437017E-03  -7.8228289E-01  -7.2671825E-01   1.0677830E+00
   4.5150423E+00   8.7292595E-03  -1.0216393E+00  -7.2719330E-01   1.2540468E+00
   4.5367999E+00   9.1565941E-03  -1.1582981E+00  -7.2666585E-01   1.3673997E+00
   4.5591927E+00   8.7969787E-03  -1.4413655E+00  -7.2385192E-01   1.6129394E+00
   4.5824051E+00   7.3851822E-03  -1.6225022E+00  -7.2049516E-01   1.7752975E+00
   4.6053486E+00   8.3720321E-03  -1.7208719E+00  -7.1706975E-01   1.8643121E+00
   4.6284976E+00   8.2137976E-03  -1.8936151E+00  -7.1036303E-01   2.0224888E+00
   4.6514192E+00   1.2257002E-02  -2.1208551E+00  -7.0300555E-01   2.2343664E+00
   4.6740136E+00   1.2464659E-02  -2.2611825E+00  -6.9472641E-01   2.3655331E+00
   4.6971712E+00   1.3876912E-02  -2.3984356E+00  -6.8482578E-01   2.4943280E+00
   4.7202940E+00   1.5710793E-02  -2.5193040E+00  -6.7280424E-01   2.6076436E+00
   4.7415504E+00   1.5210490E-02  -2.6177611E+00  -6.6298187E-01   2.7004535E+00
   4.7652736E+00   1.1264024E-02  -2.7379174E+00  -6.4809942E-01   2.8136010E+00
   4.7874694E+00   9.2871469E-03  -2.8065939E+00  -6.3953114E-01   2.8785510E+00
   4.8115306E+00   5.2674864E-03  -2.8732877E+00  -6.2860256E-01   2.9412498E+00
   4.8335638E+00   5.8287662E-03  -2.9200919E+00  -6.1875343E-01   2.9849331E+00
   4.8565273E+00   6.9585652E-03  -2.9341764E+00  -6.1317962E-01   2.9975705E+00
   4.8796463E+00   5.6368606E-03  -2.9887297E+00  -6.0555720E-01   3.0494649E+00
   4.9015474E+00   1.1372780E-02  -2.9602754E+00  -6.0285032E-01   3.0210576E+00
   4.9251189E+00   8.5654277E-03  -2.9521739E+00  -5.9868306E-01   3.0122790E+00
   4.9482017E+00  -5.6396374E-03  -2.8717611E+00  -5.9607631E-01   2.9329765E+00
   4.9704719E+00   6.6606710E-03  -2.8440597E+00  -5.9386700E-01   2.9054084E+00
   4.9932446E+00   2.9871610E-04  -2.8151658E+00  -5.9131521E-01   2.8765972E+00
   5.0165248E+00   1.4859880E-02  -2.6029449E+00  -5.8970356E-01   2.6689498E+00
   5.0387669E+00  -3.7488432E-03  -2.4997666E+00  -5.8755362E-01   2.5678914E+00
   5.0610576E+00   4.7244630E-03  -2.3959074E+00  -5.8760989E-01   2.4669173E+00
   5.0850229E+00   3.7029644E-05  -2.2700243E+00  -5.8606660E-01   2.3444581E+00
   5.1068597E+00   1.3558217E-04  -2.1248920E+00  -5.8593905E-01   2.2041984E+00
   5.1304426E+00   4.1487305E-03  -1.9462066E+00  -5.8499223E-01   2.0322287E+00
   5.1528497E+00   2.4459127E-03  -1.8063533E+00  -5.8380949E-01   1.8983550E+00
   5.1758213E+00   6.5650279E-03  -1.6717675E+00  -5.8370000E-01   1.7707499E+00
   5.1990075E+00   1.0166882E-02  -1.5201032E+00  -5.8331889E-01   1.6282132E+00
   5.2222800E+00   1.2773714E-02  -1.3519481E+00  -5.8237332E-01   1.4721024E+00
   5.2428923E+00   1.3745856E-02  -1.2350771E+00  -5.8223689E-01   1.3655052E+00
   5.2655540E+00   1.4287066E-02  -1.0896810E+00  -5.8248419E-01   1.2356766E+00
   5.2890892E+00   1.0154214E-02  -9.3905193E-01  -5.8255112E-01   1.1051188E+00
   5.3114281E+00   6.7604478E-03  -8.0144757E-01  -5.8262157E-01   9.9086416E-01
   5.3358126E+00   3.1322134E-03  -6.6360569E-01  -5.8301562E-01   8.8334000E-01
   5.3583293E+00  -2.2361803E-04  -5.3389722E-01  -5.8298343E-01   7.9051626E-01
   5.3807693E+00  -7.7023654E-04  -4.1078520E-01  -5.8271444E-01   7.1295249E-01
   5.4035740E+00   6.5638876E-04  -2.8420457E-01  -5.8255655E-01   6.4818579E-01
   5.4263239E+00   2.7710360E-03  -1.9848019E-01  -5.8268875E-01   6.1557150E-01
   5.4484267E+00   6.1018150E-03  -6.6550642E-02  -5.8223540E-01   5.8605826E-01
   5.4725132E+00   4.7254642E-03   7.5364038E-02  -5.8225822E-01   5.8713430E-01
   5.4959145E+00   5.9123016E-03   1.8432580E-01  -5.8224183E-01   6.1075079E-01
   5.5180750E+00   4.9624331E-03   2.8987673E-01  -5.8225912E-01   6.5044510E-01
   5.5411181E+00   4.1291849E-03   3.9150646E-01  -5.8201283E-01   7.0145082E-01
   5.5628738E+00   2.5028449E-03   4.7286335E-01  -5.8151793E-01   7.4951261E-01
   5.5861568E+00   2.8944067E-03   5.6015968E-01  -5.8087534E-01   8.0697173E-01
   5.6085968E+00   1.0447592E-03   6.4094728E-01  -5.8034295E-01   8.6464584E-01
   5.6316562E+00   6.2035298E-04   7.2932225E-01  -5.7983845E-01   9.3173176E-01
   5.6549783E+00   7.8933539E-05   8.1847918E-01  -5.7938254E-01   1.0027922E+00
   5.6769695E+00  -9.9659222E-04   9.0389037E-01  -5.7912236E-01   1.0734997E+00
   5.7005491E+00  -1.4261808E-03   1.0020465E+00  -5.7884783E-01   1.1572225E+00
   5.7235708E+00   2.5452091E-03   1.0865957E+00  -5.7823074E-01   1.2308726E+00
   5.7454467E+00   1.8953227E-03   1.1764700E+00  -5.7793999E-01   1.3107631E+00
   5.7674298E+00   3.4452551E-03   1.2597601E+00  -5.7743120E-01   1.3857974E+00
   5.7895741E+00   6.8353759E-03   1.3484507E+00  -5.7669318E-01   1.4666086E+00
   5.8126192E+00   3.1274736E-03   1.4248449E+00  -5.7596391E-01   1.5368562E+00
   5.8361144E+00   6.3286307E-03   1.5150648E+00  -5.7410276E-01   1.6202023E+00
   5.8584628E+00   6.9628526E-03   1.5965160E+00  -5.7406586E-01   1.6966035E+00
   5.8834243E+00   3.1278918E-03   1.6868311E+00  -5.7304114E-01   1.7815120E+00
   5.9036474E+00  -1.3102295E-03   1.7956181E+00  -5.7300138E-01   1.8848280E+00
   5.9268293E+00   2.4742531E-03   1.8692018E+00  -5.7216555E-01   1.9548132E+00
   5.9518824E+00   1.1595811E-03   1.9451454E+00  -5.7078475E-01   2.0271623E+00
   5.9723458E+00   2.0889641E-04   2.0062773E+00  -5.7003170E-01   2.0856857E+00
   5.9955211E+00  -1.6051633E-03   2.1087482E+00  -5.6924343E-01   2.1842299E+00
   6.0179477E+00  -4.2904764E-03   2.1999047E+00  -5.6866610E-01   2.2722192E+00
   6.0417509E+00   4.9001840E-03   2.3056622E+00  -5.6864905E-01   2.3747554E+00
   6.0646977E+00   3.6857079E-03   2.3958898E+00  -5.6891048E-01   2.4625108E+00
   6.0879884E+00   8.3259831E-05   2.4792197E+00  -5.6758404E-01   2.5433605E+00
   6.1100020E+00   5.5691046E-03   2.5388005E+00  -5.6770867E-01   2.6015058E+00
   6.1321716E+00   9.2648407E-03   2.6153283E+00  -5.6892151E-01   2.6765089E+00
   6.1555681E+00   1.1801852E-02   2.6729813E+00  -5.6867546E-01   2.7328300E+00
   6.1781340E+00   1.0210875E-02   2.7252684E+00  -5.6998175E-01   2.7842543E+00
   6.2014246E+00   5.6796656E-03   2.7563570E+00  -5.7280612E-01   2.8152518E+00
   6.2246027E+00   4.4253226E-03   2.7643259E+00  -5.7585555E-01   2.8236725E+00
   6.2471089E+00   2.5317639E-03   2.7517116E+00  -5.7998925E-01   2.8121719E+00
   6.2707062E+00  -1.3584906E-03   2.7215495E+00  -5.8484441E-01   2.7836802E+00
   6.2934437E+00  -4.2322674E-03   2.6712821E+00  -5.9237355E-01   2.7361784E+00
   6.3158526E+00  -4.3211211E-03   2.5857110E+00  -6.0132509E-01   2.6547151E+00
   6.3380122E+00  -4.0323325E-03   2.5035677E+00  -6.0955042E-01   2.5767069E+00
   6.3610568E+00  -2.9336109E-03   2.3959594E+00  -6.1936241E-01   2.4747200E+00
   6.3838720E+00   1.4215308E-04   2.2701001E+00  -6.2956935E-01   2.3557827E+00
   6.4070845E+00  -6.7404719E-05   2.1381092E+00  -6.3983220E-01   2.2317922E+00
   6.4287682E+00   2.7261593E-03   1.9679918E+00  -6.4821953E-01   2.0720010E+00
   6.4530072E+00   3.2669569E-03   1.7874460E+00  -6.5770531E-01   1.9046129E+00
   6.4757233E+00   3.7337653E-03   1.5983796E+00  -6.6572672E-01   1.7314801E+00
   6.4971581E+00   2.1442757E-03   1.4164673E+00  -6.7176139E-01   1.5676886E+00
   6.5211511E+00   3.4034499E-03   1.2350658E+00  -6.7891175E-01   1.4093688E+00
   6.5434613E+00   3.9391695E-03   9.9481601E-01  -6.8440020E-01   1.2075090E+00
   6.5663590E+00   4.7405092E-03   7.5572103E-01  -6.8992656E-01   1.0232964E+00
   6.5892096E+00   5.1370463E-03   5.5028474E-01  -6.9423187E-01   8.8588804E-01
   6.6112928E+00   3.9420160E-03   3.3435130E-01  -6.9729012E-01   7.7331746E-01
   6.6351261E+00   4.0139826E-03   7.4826278E-02  -7.0022130E-01   7.0421940E-01
   6.6566086E+00   1.9769785E-03  -9.9268399E-02  -7.0148730E-01   7.0847905E-01
   6.6794834E+00   1.4691133E-03  -4.2674124E-01  -7.0240861E-01   8.2188082E-01
   6.7025805E+00   3.3450115E-03  -5.6277567E-01  -7.0221156E-01   8.9990485E-01
   6.7259450E+00   3.5395771E-03  -7.8230411E-01  -7.0139593E-01   1.0506990E+00
   6.7496800E+00   4.7451048E-03  -9.3923956E-01  -6.9976181E-01   1.1712643E+00
   6.7726531E+00   5.6402371E-03  -1.2391664E+00  -6.9701612E-01   1.4217583E+00
   6.7949214E+00   5.7165222E-03  -1.4129126E+00  -6.9381553E-01   1.5740823E+00
   6.8183384E+00   8.7537142E-03  -1.6449839E+00  -6.8807358E-01   1.7831135E+00
   6.8398738E+00   6.6995197E-03  -1.7268668E+00  -6.8402058E-01   1.8574171E+00
   6.8631411E+00   7.0434464E-03  -1.8789884E+00  -6.7716855E-01   1.9972993E+00
   6.8850102E+00   5.2443808E-03  -2.0372071E+00  -6.6920692E-01   2.1443129E+00
   6.9088774E+00   4.5374865E-03  -2.1728084E+00  -6.6072565E-01   2.2710516E+00
   6.9318190E+00   5.8613978E-03  -2.3396025E+00  -6.5050387E-01   2.4283593E+00
   6.9538798E+00   7.9523036E-03  -2.4678910E+00  -6.4085764E-01   2.5497544E+00
   6.9757524E+00   8.1536919E-03  -2.5879853E+00  -6.3138884E-01   2.6639042E+00
   6.9997234E+00   9.4210794E-03  -2.7128477E+00  -6.2064952E-01   2.7829547E+00
   7.0224013E+00   8.9101000E-03  -2.7969301E+00  -6.1273015E-01   2.8632734E+00
   7.0447354E+00   6.6960426E-03  -2.8797081E+00  -6.0523713E-01   2.9426308E+00
   7.0675740E+00   5.4265442E-03  -2.9745977E+00  -5.9909409E-01   3.0343328E+00
   7.0914259E+00   1.0398103E-02  -3.0178835E+00  -5.9437466E-01   3.0758755E+00
   7.1130619E+00   1.6352484E-03  -3.0640955E+00  -5.9092557E-01   3.1205573E+00
   7.1369133E+00   1.0111996E-02  -3.0925283E+00  -5.8832240E-01   3.1480083E+00
   7.1587892E+00  -6.9136675E-03  -3.0956728E+00  -5.8581996E-01   3.1506226E+00
   7.1819105E+00   1.4007500E-02  -3.0167201E+00  -5.8449203E-01   3.0728531E+00
   7.2041845E+00   1.8866239E-02  -3.0352252E+00  -5.8395368E-01   3.0909464E+00
   7.2275591E+00   1.3581579E-02  -2.9543376E+00  -5.8396095E-01   3.0115287E+00
   7.2504015E+00   4.8850500E-03  -2.8957489E+00  -5.8390629E-01   2.9540365E+00
   7.2736940E+00   6.9765962E-04  -2.8281069E+00  -5.8405942E-01   2.8877871E+00
   7.2963886E+00   6.7819310E-03  -2.7342930E+00  -5.8310479E-01   2.7957852E+00
   7.3191090E+00   4.2980760E-03  -2.6488292E+00  -5.8239383E-01   2.7121019E+00
   7.3419561E+00   5.0100959E-03  -2.5545766E+00  -5.8156335E-01   2.6199434E+00
   7.3644953E+00   6.3174791E-03  -2.4629433E+00  -5.8098370E-01   2.5305476E+00
   7.3870149E+00   9.5609855E-03  -2.3690267E+00  -5.8066911E-01   2.4391711E+00
   7.4097052E+00   5.2837771E-03  -2.2635727E+00  -5.7966334E-01   2.3366213E+00
   7.4326992E+00   3.7425719E-03  -2.1643202E+00  -5.7947701E-01   2.2405558E+00
   7.4553890E+00   5.0336104E-03  -2.0746465E+00  -5.7823789E-01   2.1537275E+00
   7.4785624E+00   1.4260525E-03  -1.9547062E+00  -5.7721603E-01   2.0381503E+00
   7.5008769E+00   3.3613886E-03  -1.8590779E+00  -5.7429087E-01   1.9457625E+00
   7.5237732E+00  -9.6087967E-04  -1.7643661E+00  -5.7012421E-01   1.8541927E+00
   7.5465832E+00  -4.0762586E-04  -1.6334102E+00  -5.6560582E-01   1.7285657E+00
   7.5693302E+00  -1.3162994E-02  -1.4194897E+00  -5.6590694E-01   1.5281935E+00
   7.5922771E+00  -1.8552592E-03  -1.3750975E+00  -5.5329412E-01   1.4822385E+00
   7.6145959E+00  -4.3407525E-03  -1.2725966E+00  -5.5036336E-01   1.3865139E+00
   7.6378908E+00   1.4562580E-03  -1.2239274E+00  -5.4245579E-01   1.3387526E+00
   7.6599135E+00  -9.2920283E-04  -1.0747725E+00  -5.3734648E-01   1.2016147E+00
   7.6834769E+00  -8.1410730E-04  -9.5842576E-01  -5.3066820E-01   1.0955315E+00
   7.7071104E+00  -1.0259105E-03  -8.4994334E-01  -5.2562255E-01   9.9934167E-01
   7.7286839E+00  -2.1047019E-03  -7.4566549E-01  -5.2088261E-01   9.0958238E-01
   7.7530799E+00  -2.0845190E-03  -6.6940469E-01  -5.1535410E-01   8.4480578E-01
   7.7759166E+00  -4.5952317E-03  -5.0422472E-01  -5.1071620E-01   7.1770102E-01
   7.7970333E+00  -6.2546819E-03  -4.2375803E-01  -5.0630707E-01   6.6027027E-01
   7.8206148E+00  -2.0052879E-03  -2.8300732E-01  -5.0129473E-01   5.7566792E-01
   7.8426104E+00  -3.0783098E-03  -1.7449996E-01  -4.9767420E-01   5.2738917E-01
   7.8653922E+00  -2.4088696E-03  -4.4771098E-02  -4.9350604E-01   4.9553856E-01
   7.8875980E+00  -9.3345610E-05   6.0834654E-02  -4.9053925E-01   4.9429709E-01
   7.9111037E+00   2.0873915E-04   1.6317034E-01  -4.8804760E-01   5.1460183E-01
   7.9356966E+00  -2.9177859E-04   2.8666249E-01  -4.8585495E-01   5.6411922E-01
   7.9575343E+00  -9.6155854E-04   3.8927382E-01  -4.8416179E-01   6.2124687E-01
   7.9792647E+00  -1.6166773E-03   5.0511205E-01  -4.8240954E-01   6.9846958E-01
   8.0037937E+00  -2.3992278E-03   6.1406463E-01  -4.8103505E-01   7.8004867E-01
   8.0259237E+00  -3.5449762E-03   7.2587347E-01  -4.8041782E-01   8.7046313E-01
   8.0489798E+00  -4.1688774E-03   8.3406466E-01  -4.8049393E-01   9.6257764E-01
   8.0720949E+00  -3.8824091E-03   9.6904838E-01  -4.8124805E-01   1.0819749E+00
   8.0953779E+00  -9.6792314E-04   1.0985380E+00  -4.8224902E-01   1.1997296E+00
   8.1181841E+00   8.3314715E-04   1.1996554E+00  -4.8394462E-01   1.2935904E+00
   8.1385298E+00   2.2851545E-03   1.2695606E+00  -4.8548618E-01   1.3592227E+00
   8.1640100E+00   2.5497964E-03   1.4371899E+00  -4.8903963E-01   1.5181177E+00
   8.1840105E+00   4.2244387E-03   1.4991157E+00  -4.9178126E-01   1.5777245E+00
   8.2093334E+00   4.9662031E-03   1.6391468E+00  -4.9667674E-01   1.7127507E+00
   8.2308035E+00   4.8008487E-03   1.7417198E+00  -5.0146830E-01   1.8124794E+00
   8.2541370E+00   3.1533127E-03   1.8786680E+00  -5.0745815E-01   1.9460002E+00
   8.2770100E+00   1.3058116E-03   2.0314236E+00  -5.1397955E-01   2.0954375E+00
   8.2999887E+00  -1.1584280E-03   2.1007495E+00  -5.1993215E-01   2.1641347E+00
   8.3208733E+00  -1.5346467E-03   2.1878963E+00  -5.2578127E-01   2.2501862E+00
   8.3447046E+00   8.5759028E-05   2.2825003E+00  -5.3240192E-01   2.3437703E+00
   8.3676701E+00  -3.2776645E-03   2.4349353E+00  -5.3981751E-01   2.4940577E+00
   8.3900356E+00   9.0288602E-05   2.5271127E+00  -5.4541177E-01   2.5852995E+00
   8.4135094E+00  -1.7658159E-03   2.6334603E+00  -5.4990780E-01   2.6902630E+00
   8.4365234E+00   2.5942463E-03   2.7312746E+00  -5.5220568E-01   2.7865388E+00
   8.4588728E+00   3.5125490E-03   2.8247323E+00  -5.5457854E-01   2.8786600E+00
   8.4811859E+00   7.5848754E-03   2.9117343E+00  -5.5475146E-01   2.9641192E+00
   8.5044613E+00   7.2569242E-03   3.0035331E+00  -5.5611032E-01   3.0545905E+00
   8.5272112E+00   5.2404208E-03   3.0693803E+00  -5.5745578E-01   3.1195960E+00
   8.5500231E+00   1.7267041E-02   3.1337161E+00  -5.5877525E-01   3.1831911E+00
   8.5729904E+00   8.2678348E-03   3.1912460E+00  -5.5834758E-01   3.2397332E+00
   8.5958195E+00   6.5043662E-03   3.2276485E+00  -5.5978495E-01   3.2758381E+00
   8.6182423E+00   1.2402909E-02   3.2311571E+00  -5.6058103E-01   3.2794483E+00
   8.6418295E+00   7.1061752E-03   3.2267714E+00  -5.6186318E-01   3.2753310E+00
   8.6638927E+00   4.2940555E-03   3.1877282E+00  -5.6343627E-01   3.2371423E+00
   8.6861858E+00   2.5114042E-03   3.1276979E+00  -5.6624484E-01   3.1785429E+00
   8.7091570E+00  -2.2966032E-04   3.0053763E+00  -5.6991118E-01   3.0589354E+00
   8.7325115E+00   2.4350577E-04   2.8941045E+00  -5.7338566E-01   2.9503579E+00
   8.7544928E+00   1.4930326E-03   2.7491705E+00  -5.7872361E-01   2.8094239E+00
   8.7785130E+00   4.1586929E-03   2.5647652E+00  -5.8444858E-01   2.6305168E+00
   8.8005781E+00   7.0269010E-03   2.3844635E+00  -5.9404999E-01   2.4573586E+00
   8.8228073E+00   9.3027130E-03   2.2148812E+00  -6.0312361E-01   2.2955484E+00
   8.8460226E+00   9.9552507E-03   1.9458004E+00  -6.1426604E-01   2.0404806E+00
   8.8694944E+00   1.0277754E-02   1.6653246E+00  -6.2784553E-01   1.7797757E+00
   8.8923950E+00   1.3816581E-02   1.4734195E+00  -6.3741183E-01   1.6054438E+00
   8.9139318E+00   1.7518742E-02   1.1763535E+00  -6.4595586E-01   1.3421526E+00
   8.9385900E+00   1.7508773E-02   8.6522657E-01  -6.5375787E-01   1.0845842E+00
   8.9601603E+00   1.8452356E-02   6.3197076E-01  -6.5883714E-01   9.1312319E-01
   8.9833336E+00   1.7976731E-02   3.4285423E-01  -6.6342068E-01   7.4699342E-01
   9.0052881E+00   1.6451171E-02   9.7471409E-02  -6.6697741E-01   6.7426270E-01
   9.0299568E+00   1.3617099E-02  -2.6104712E-01  -6.6946983E-01   7.1869385E-01
   9.0524139E+00   1.2150166E-02  -5.1100194E-01  -6.7026347E-01   8.4292567E-01
   9.0753164E+00   1.0772547E-02  -7.8497130E-01  -6.6970849E-01   1.0318941E+00
   9.0961142E+00   1.0904046E-02  -1.0135101E+00  -6.6809934E-01   1.2139515E+00
   9.1197491E+00   9.7918389E-03  -1.2824750E+00  -6.6446358E-01   1.4444202E+00
   9.1418982E+00   1.1203478E-02  -1.4707103E+00  -6.6034871E-01   1.6121956E+00
   9.1666441E+00   1.1069263E-02  -1.7063851E+00  -6.5363532E-01   1.8273237E+00
   9.1885138E+00   8.5224379E-03  -1.9022422E+00  -6.4618081E-01   2.0090165E+00
   9.2113142E+00   1.0993616E-02  -2.0146461E+00  -6.3946891E-01   2.1137266E+00
   9.2340412E+00   6.4771310E-03  -2.1817231E+00  -6.2987012E-01   2.2708356E+00
   9.2569180E+00   1.9452997E-02  -2.3671665E+00  -6.2151277E-01   2.4474750E+00
   9.2795610E+00   1.0388129E-02  -2.4857235E+00  -6.1350060E-01   2.5603344E+00
   9.3020506E+00   1.2718682E-02  -2.6227345E+00  -6.0557353E-01   2.6917684E+00
   9.3252573E+00   1.3475992E-02  -2.7268031E+00  -5.9912586E-01   2.7918792E+00
   9.3478508E+00   2.3121806E-02  -2.8368764E+00  -5.9380323E-01   2.8984485E+00
   9.3701811E+00  -9.7661065E-03  -2.8989160E+00  -5.8899641E-01   2.9581625E+00
   9.3929901E+00   1.8039184E-02  -2.9823003E+00  -5.8544701E-01   3.0392742E+00
   9.4167528E+00   7.7344603E-03  -2.9922385E+00  -5.8363980E-01   3.0486367E+00
   9.4398289E+00   5.8958685E-04  -3.0052702E+00  -5.8361590E-01   3.0614142E+00
   9.4620543E+00  -8.2985917E-03  -2.9994996E+00  -5.8323401E-01   3.0556877E+00
   9.4855032E+00   5.3460528E-03  -2.9537833E+00  -5.8427113E-01   3.0110192E+00
   9.5077209E+00  -2.4561215E-02  -2.9173987E+00  -5.8446354E-01   2.9754691E+00
   9.5298223E+00  -9.2165871E-04  -2.8457382E+00  -5.8520800E-01   2.9052875E+00
   9.5539036E+00   3.2822350E-03  -2.7673869E+00  -5.8460826E-01   2.8284638E+00
   9.5770721E+00   4.4605937E-03  -2.6810257E+00  -5.8454508E-01   2.7440138E+00
   9.5979309E+00   4.2147995E-03  -2.5038998E+00  -5.8112764E-01   2.5704556E+00
   9.6205530E+00   2.7349561E-03  -2.4790828E+00  -5.8172148E-01   2.5464211E+00
   9.6448650E+00   4.4002566E-03  -2.3570395E+00  -5.8046609E-01   2.4274669E+00
   9.6665382E+00   3.4378676E-03  -2.2971802E+00  -5.7868433E-01   2.3689499E+00
   9.6905451E+00  -4.1993454E-04  -2.1397705E+00  -5.7711405E-01   2.2162309E+00
   9.7131872E+00  -3.1469213E-03  -2.0160263E+00  -5.7423759E-01   2.0962157E+00
   9.7355671E+00  -1.8913167E-02  -1.9065787E+00  -5.7050133E-01   1.9901938E+00
   9.7580385E+00  -2.6630785E-03  -1.7975889E+00  -5.6663424E-01   1.8847831E+00
   9.7813091E+00  -5.4596714E-03  -1.6265107E+00  -5.6032008E-01   1.7203271E+00
   9.8041029E+00  -1.4431803E-02  -1.5319030E+00  -5.5365902E-01   1.6289486E+00
   9.8268433E+00  -1.1571533E-02  -1.4157197E+00  -5.4919189E-01   1.5185546E+00
   9.8490992E+00  -1.9447152E-02  -1.3015482E+00  -5.4321891E-01   1.4104939E+00
   9.8718815E+00  -6.3082529E-04  -1.1891513E+00  -5.3611618E-01   1.3044162E+00
   9.8944855E+00  -2.7307603E-03  -1.0695124E+00  -5.3055876E-01   1.1938831E+00
   9.9180660E+00  -5.8335182E-03  -9.2967701E-01  -5.2424234E-01   1.0673159E+00
   9.9416265E+00  -3.5267652E-03  -8.1654888E-01  -5.1739782E-01   9.6667731E-01
   9.9640141E+00  -5.1081856E-03  -7.1120507E-01  -5.1198566E-01   8.7633789E-01
   9.9867640E+00  -6.2697157E-03  -6.2006491E-01  -5.0625211E-01   8.0050671E-01
   1.0009446E+01  -5.9746997E-03  -4.8559821E-01  -5.0013548E-01   6.9712037E-01
   1.0032063E+01  -6.6989237E-03  -3.5207370E-01  -4.9409208E-01   6.0673535E-01
   1.0055094E+01  -5.7203812E-03  -2.2320668E-01  -4.8932818E-01   5.3786248E-01
   1.0077943E+01  -6.2022866E-03  -1.3864037E-01  -4.8442698E-01   5.0391376E-01
   1.0100675E+01  -4.2497632E-03  -5.4746423E-02  -4.8090443E-01   4.8402923E-01
   1.0123670E+01  -6.4950092E-03   5.0749682E-02  -4.7767138E-01   4.8040363E-01
   1.0145616E+01  -3.6284872E-03   1.4923228E-01  -4.7352356E-01   4.9649572E-01
   1.0169508E+01  -4.2508729E-03   2.5990492E-01  -4.7019342E-01   5.3726202E-01
   1.0190944E+01  -9.7966110E-03   3.1941047E-01  -4.6931839E-01   5.6778407E-01
   1.0214170E+01  -8.1358869E-03   4.2114118E-01  -4.6862161E-01   6.3010502E-01
   1.0236524E+01  -8.2417494E-03   5.4461700E-01  -4.6761376E-01   7.1787059E-01
   1.0259612E+01  -6.1714398E-03   6.3777548E-01  -4.6644080E-01   7.9016626E-01
   1.0283143E+01  -7.3970701E-03   7.2592467E-01  -4.6520323E-01   8.6222702E-01
   1.0305308E+01  -6.5871244E-03   8.1470782E-01  -4.6481368E-01   9.3799996E-01
   1.0328668E+01  -5.9905308E-03   8.7905949E-01  -4.6403751E-01   9.9403834E-01
   1.0350321E+01  -5.9147072E-03   9.6672165E-01  -4.6436244E-01   1.0724822E+00
   1.0373696E+01  -6.9964738E-03   1.0713624E+00  -4.6527430E-01   1.1680524E+00
   1.0396579E+01  -5.4773828E-03   1.1589853E+00  -4.6682698E-01   1.2494816E+00
   1.0419506E+01  -6.2701707E-03   1.2231182E+00  -4.6894670E-01   1.3099498E+00
   1.0443217E+01  -9.4299152E-04   1.3099384E+00  -4.7120896E-01   1.3921126E+00
   1.0466453E+01  -1.2198392E-03   1.3867806E+00  -4.7383460E-01   1.4654969E+00
   1.0487047E+01   1.9022272E-03   1.4695395E+00  -4.7655722E-01   1.5448809E+00
   1.0510609E+01  -3.8628644E-04   1.5472597E+00  -4.7998941E-01   1.6200008E+00
   1.0534121E+01   2.3946931E-04   1.6350026E+00  -4.8366797E-01   1.7050420E+00
   1.0557678E+01  -3.1656981E-03   1.7113467E+00  -4.8811316E-01   1.7795988E+00
   1.0580046E+01  -1.0449560E-03   1.8004661E+00  -4.9233580E-01   1.8665674E+00
   1.0602569E+01  -2.3015954E-03   1.8962375E+00  -4.9766791E-01   1.9604579E+00
   1.0623965E+01  -4.0722657E-03   1.9822966E+00  -5.0264394E-01   2.0450349E+00
   1.0647408E+01  -1.4137670E-03   2.0914335E+00  -5.0904942E-01   2.1524935E+00
   1.0670475E+01  -1.5771188E-03   2.1966596E+00  -5.1598346E-01   2.2564473E+00
   1.0693290E+01  -6.7319552E-04   2.2959642E+00  -5.2261347E-01   2.3546925E+00
   1.0716552E+01   5.3371759E-03   2.4000256E+00  -5.3050321E-01   2.4579635E+00
   1.0738859E+01   5.3095743E-03   2.4922788E+00  -5.3757989E-01   2.5496027E+00
   1.0762120E+01   4.8929364E-03   2.5716615E+00  -5.4335952E-01   2.6284418E+00
   1.0785074E+01   8.7691881E-03   2.6594636E+00  -5.4817665E-01   2.7153862E+00
   1.0806941E+01   1.1138191E-02   2.7392154E+00  -5.5138755E-01   2.7941821E+00
   1.0829500E+01   1.0781456E-02   2.8138742E+00  -5.5594164E-01   2.8682880E+00
   1.0852582E+01   6.9206939E-03   2.8845558E+00  -5.5548823E-01   2.9375632E+00
   1.0875967E+01   6.8710656E-03   2.9527760E+00  -5.5816162E-01   3.0050752E+00
   1.0898984E+01   1.0282932E-02   3.0026257E+00  -5.5941260E-01   3.0543101E+00
   1.0920749E+01   2.2885296E-04   3.0361390E+00  -5.6125116E-01   3.0875788E+00
   1.0944153E+01   1.1648962E-02   3.0451875E+00  -5.6257254E-01   3.0967386E+00
   1.0966643E+01   6.2625725E-03   3.0358188E+00  -5.6489664E-01   3.0879350E+00
   1.0990066E+01   6.7861374E-03   3.0140934E+00  -5.6439185E-01   3.0664873E+00
   1.1012476E+01   5.4383376E-03   2.9793715E+00  -5.6438428E-01   3.0323610E+00
   1.1035849E+01   9.5154922E-03   2.8777127E+00  -5.6614256E-01   2.9328890E+00
   1.1058187E+01   1.0129260E-02   2.7923295E+00  -5.6842089E-01   2.8496158E+00
   1.1081356E+01   1.3126348E-02   2.6478148E+00  -5.7111388E-01   2.7087388E+00
   1.1103882E+01   1.4537530E-02   2.4812934E+00  -5.7428640E-01   2.5469263E+00
   1.1126266E+01   1.7319648E-02   2.2949619E+00  -5.7659227E-01   2.3663492E+00
   1.1149742E+01   1.7642366E-02   2.1024387E+00  -5.8101994E-01   2.1813171E+00
   1.1172734E+01   1.7054988E-02   1.8951993E+00  -5.8597386E-01   1.9837935E+00
   1.1194611E+01   1.3542476E-02   1.6729200E+00  -5.9220678E-01   1.7746983E+00
   1.1217282E+01   1.4818058E-02   1.3916883E+00  -6.0150123E-01   1.5161859E+00
   1.1240692E+01   1.5485751E-02   1.1629783E+00  -6.0952044E-01   1.3131160E+00
   1.1263357E+01   1.7345320E-02   8.6622715E-01  -6.1791092E-01   1.0641730E+00
   1.1285597E+01   1.8529870E-02   6.4405924E-01  -6.2332290E-01   8.9648598E-01
   1.1309463E+01   1.9822655E-02   3.5139504E-01  -6.2781572E-01   7.1973884E-01
   1.1332251E+01   1.8750174E-02   4.4927549E-02  -6.3049233E-01   6.3236904E-01
   1.1353384E+01   1.7486984E-02  -1.7863958E-01  -6.3193142E-01   6.5692860E-01
   1.1377060E+01   1.5230297E-02  -4.9657673E-01  -6.3249218E-01   8.0428028E-01
   1.1401003E+01   1.7337922E-02  -7.3629642E-01  -6.3192415E-01   9.7044379E-01
   1.1422784E+01   1.9145280E-02  -9.7616625E-01  -6.3055921E-01   1.1622702E+00
   1.1445313E+01   2.0160854E-02  -1.3023463E+00  -6.2736052E-01   1.4457157E+00
   1.1468454E+01   1.9586641E-02  -1.5308183E+00  -6.2344807E-01   1.6530203E+00
   1.1491081E+01   1.5659941E-02  -1.7913480E+00  -6.1916202E-01   1.8953983E+00
   1.1514552E+01   1.1613649E-02  -2.0159962E+00  -6.1322844E-01   2.1072316E+00
   1.1536544E+01   8.4286146E-03  -2.1679854E+00  -6.0820466E-01   2.2516983E+00
   1.1559290E+01   8.9888321E-03  -2.3398545E+00  -6.0200763E-01   2.4160740E+00
   1.1581979E+01   1.3162382E-03  -2.5227058E+00  -5.9820557E-01   2.5926619E+00
   1.1605402E+01   1.6200799E-02  -2.6381190E+00  -5.9372479E-01   2.7041531E+00
   1.1628394E+01  -1.1550606E-03  -2.7673151E+00  -5.8946377E-01   2.8293996E+00
   1.1651011E+01   1.2425050E-02  -2.8746855E+00  -5.8538651E-01   2.9337089E+00
   1.1673766E+01   1.7147345E-02  -2.9610884E+00  -5.8327556E-01   3.0180373E+00
   1.1696416E+01   5.1603750E-03  -3.0483048E+00  -5.8238399E-01   3.1034434E+00
   1.1718541E+01   6.3520442E-03  -3.0767877E+00  -5.8118635E-01   3.1312044E+00
   1.1742769E+01   5.1304470E-03  -3.1156485E+00  -5.8244258E-01   3.1696262E+00
   1.1765224E+01   6.5128254E-03  -3.1043639E+00  -5.8174956E-01   3.1584094E+00
   1.1787992E+01   8.7830063E-04  -3.0716107E+00  -5.8203721E-01   3.1262693E+00
   1.1811365E+01   2.1616702E-03  -3.0154195E+00  -5.8092207E-01   3.0708680E+00
   1.1832872E+01  -1.6618364E-03  -2.9526680E+00  -5.7972032E-01   3.0090408E+00
   1.1856422E+01  -1.6633377E-03  -2.8524334E+00  -5.7553303E-01   2.9099171E+00
   1.1879170E+01  -3.7761997E-03  -2.7564263E+00  -5.7031834E-01   2.8148115E+00
   1.1901665E+01  -4.0329802E-03  -2.6425095E+00  -5.6283140E-01   2.7017868E+00
   1.1924822E+01  -6.5485141E-03  -2.5248430E+00  -5.5487096E-01   2.5851028E+00
   1.1947152E+01  -2.9271417E-03  -2.4068050E+00  -5.4659343E-01   2.4680929E+00
   1.1969636E+01  -4.0631187E-03  -2.2890348E+00  -5.3752238E-01   2.3513033E+00
   1.1992417E+01  -4.6194188E-04  -2.1499004E+00  -5.2857000E-01   2.2139237E+00
   1.2014956E+01  -5.0496696E-03  -1.9897766E+00  -5.2022135E-01   2.0566640E+00
   1.2038568E+01   4.1763126E-03  -1.8328112E+00  -5.1217824E-01   1.9030347E+00
   1.2060987E+01  -1.8237742E-03  -1.6998880E+00  -5.0546402E-01   1.7734475E+00
   1.2083169E+01  -3.0449666E-03  -1.5357833E+00  -4.9873328E-01   1.6147367E+00
   1.2107485E+01   2.8036736E-04  -1.3572550E+00  -4.9235082E-01   1.4437973E+00
   1.2130399E+01  -1.5854809E-03  -1.1907881E+00  -4.8607939E-01   1.2861774E+00
   1.2152091E+01  -1.7011901E-03  -1.0325221E+00  -4.8025939E-01   1.1387510E+00
   1.2175439E+01   1.1457826E-03  -9.2949015E-01  -4.7522962E-01   1.0439332E+00
   1.2198294E+01   1.5922254E-03  -7.1048439E-01  -4.6978423E-01   8.5175574E-01
   1.2221110E+01  -6.5053832E-03  -5.7603794E-01  -4.6488279E-01   7.4025542E-01
   1.2244124E+01  -5.6903800E-03  -4.1988048E-01  -4.6005517E-01   6.2288260E-01
   1.2266092E+01  -8.1641795E-03  -3.0031577E-01  -4.5494998E-01   5.4519325E-01
   1.2288674E+01  -4.9346988E-03  -1.3264930E-01  -4.5090207E-01   4.7003496E-01
   1.2311393E+01  -1.1663468E-02  -2.9401433E-02  -4.4789413E-01   4.4900960E-01
   1.2334735E+01  -9.4895223E-03   5.4272074E-02  -4.4416526E-01   4.4756931E-01
   1.2357123E+01  -6.9730608E-03   1.3270569E-01  -4.4203529E-01   4.6157840E-01
   1.2381235E+01  -5.5706436E-03   2.8369665E-01  -4.3968847E-01   5.2329797E-01
   1.2402294E+01   5.4117269E-04   3.8033995E-01  -4.3933046E-01   5.8109379E-01
   1.2424651E+01  -2.6454034E-03   4.6070758E-01  -4.3805054E-01   6.3572538E-01
   1.2449610E+01   2.6654894E-04   5.4493165E-01  -4.3704453E-01   6.9854027E-01
   1.2470688E+01   1.4622745E-03   6.0609931E-01  -4.3659168E-01   7.4697441E-01
   1.2493620E+01   1.6824512E-03   6.8948400E-01  -4.3600574E-01   8.1577694E-01
   1.2516706E+01   2.7780074E-03   7.2918999E-01  -4.3532735E-01   8.4925598E-01
   1.2539816E+01   1.9072244E-03   7.8497869E-01  -4.3492582E-01   8.9741611E-01
   1.2563179E+01  -8.3238923E-04   8.3989149E-01  -4.3446591E-01   9.4561040E-01
   1.2584726E+01  -2.9938843E-03   8.8513023E-01  -4.3419659E-01   9.8589611E-01
   1.2609246E+01  -1.5440017E-03   9.2619836E-01  -4.3387005E-01   1.0227849E+00
   1.2632155E+01  -5.4052188E-03   9.8633265E-01  -4.3370700E-01   1.0774893E+00
   1.2655354E+01  -6.0791029E-03   1.0316300E+00  -4.3339568E-01   1.1189859E+00
   1.2675660E+01  -5.9101302E-03   1.1007867E+00  -4.3340757E-01   1.1830505E+00
   1.2700544E+01  -6.2240581E-03   1.1415039E+00  -4.3376166E-01   1.2211548E+00
   1.2721332E+01  -2.9678650E-03   1.1946247E+00  -4.3495589E-01   1.2713472E+00
   1.2744885E+01  -3.5422209E-03   1.2594475E+00  -4.3764549E-01   1.3333244E+00
   1.2768642E+01  -2.5263184E-03   1.3284010E+00  -4.3914473E-01   1.3991082E+00
   1.2791827E+01  -2.0074542E-03   1.4110761E+00  -4.4075647E-01   1.4783119E+00
   1.2813944E+01   9.3858340E-04   1.4776675E+00  -4.4251093E-01   1.5425038E+00
   1.2835016E+01   1.3191075E-03   1.5369020E+00  -4.4461900E-01   1.5999236E+00
   1.2859022E+01  -1.8091623E-03   1.6278775E+00  -4.4806287E-01   1.6884160E+00
   1.2882139E+01   2.8865668E-04   1.7630540E+00  -4.5202011E-01   1.8200774E+00
   1.2903775E+01  -7.1045646E-04   1.8286425E+00  -4.5503309E-01   1.8844068E+00
   1.2926325E+01  -2.8390316E-03   1.8936188E+00  -4.5759976E-01   1.9481267E+00
   1.2950382E+01  -4.8275213E-03   2.0615315E+00  -4.6349770E-01   2.1129992E+00
   1.2973907E+01  -3.6606218E-03   2.1443150E+00  -4.6857581E-01   2.1949177E+00
   1.2997052E+01  -1.6174936E-05   2.2645791E+00  -4.7536907E-01   2.3139348E+00
   1.3018994E+01   7.4095489E-03   2.3453398E+00  -4.8107988E-01   2.3941829E+00
   1.3041012E+01   5.7783984E-03   2.4779050E+00  -4.8909009E-01   2.5257189E+00
   1.3064406E+01   7.4306233E-03   2.6096723E+00  -4.9828598E-01   2.6568277E+00
   1.3086612E+01   1.8417241E-02   2.7324367E+00  -5.0703466E-01   2.7791426E+00
   1.3109400E+01   1.4819478E-02   2.8354878E+00  -5.1677215E-01   2.8822324E+00
   1.3133153E+01   1.5256578E-02   2.9528761E+00  -5.2714825E-01   2.9995992E+00
   1.3156135E+01   2.0035330E-02   3.0445054E+00  -5.3493065E-01   3.0912077E+00
   1.3178516E+01   1.9509478E-02   3.1320312E+00  -5.3954792E-01   3.1782246E+00
   1.3200555E+01   1.7482128E-02   3.2002423E+00  -5.4671890E-01   3.2466533E+00
   1.3223887E+01   1.2500538E-02   3.2377625E+00  -5.5037230E-01   3.2842309E+00
   1.3246647E+01   1.1112412E-02   3.2895586E+00  -5.5550635E-01   3.3361514E+00
   1.3269628E+01   5.9728846E-03   3.2971296E+00  -5.5999601E-01   3.3443527E+00
   1.3292830E+01   6.5594926E-05   3.2647228E+00  -5.6483877E-01   3.3132248E+00
   1.3315366E+01   4.5507308E-03   3.1901877E+00  -5.6837070E-01   3.2404263E+00
   1.3337631E+01   7.8491950E-03   3.0940106E+00  -5.7137060E-01   3.1463356E+00
   1.3360398E+01   1.0826629E-02   2.9610083E+00  -5.7272249E-01   3.0159075E+00
   1.3383551E+01   1.3660046E-02   2.7673173E+00  -5.7468492E-01   2.8263924E+00
   1.3405952E+01   1.9309998E-02   2.5679798E+00  -5.7670778E-01   2.6320117E+00
   1.3429174E+01   1.8888608E-02   2.3134911E+00  -5.7834965E-01   2.3847611E+00
   1.3451603E+01   1.7012773E-02   2.0550704E+00  -5.7998759E-01   2.1354132E+00
   1.3475197E+01   1.6103163E-02   1.7654653E+00  -5.8050072E-01   1.8585231E+00
   1.3497932E+01   1.3773683E-02   1.4844224E+00  -5.8147037E-01   1.5943047E+00
   1.3520495E+01   1.9063829E-02   1.1806482E+00  -5.8309197E-01   1.3169243E+00
   1.3543008E+01   2.6743846E-02   8.4438443E-01  -5.8536369E-01   1.0277894E+00
   1.3566738E+01   1.9529076E-02   5.6555682E-01  -5.8649904E-01   8.1499511E-01
   1.3588335E+01   2.3824863E-02   2.8678882E-01  -5.8790284E-01   6.5455729E-01
   1.3610770E+01   2.3070382E-02   1.0248552E-02  -5.8932668E-01   5.8986712E-01
   1.3633753E+01   2.2394681E-02  -2.8119141E-01  -5.9030712E-01   6.5424204E-01
   1.3657030E+01   1.9664219E-02  -5.7077026E-01  -5.9095949E-01   8.2182634E-01
   1.3680035E+01   2.4526846E-02  -8.0622488E-01  -5.9092206E-01   9.9989450E-01
   1.3703363E+01   2.6599459E-02  -1.0439560E+00  -5.9044504E-01   1.1996571E+00
   1.3725448E+01   2.3943383E-02  -1.3019083E+00  -5.9015441E-01   1.4296225E+00
   1.3747773E+01   2.2453932E-02  -1.5337772E+00  -5.8993870E-01   1.6434733E+00
   1.3770656E+01   2.2730596E-02  -1.7356673E+00  -5.8910459E-01   1.8330581E+00
   1.3794688E+01   1.6898595E-02  -1.9435569E+00  -5.8822858E-01   2.0306926E+00
   1.3817794E+01   1.1562975E-02  -2.1398113E+00  -5.8685571E-01   2.2188568E+00
   1.3839215E+01   1.0043225E-02  -2.3177130E+00  -5.8544064E-01   2.3905303E+00
   1.3861895E+01   1.0735270E-02  -2.4731417E+00  -5.8387685E-01   2.5411527E+00
   1.3885124E+01   8.2965782E-03  -2.6170626E+00  -5.8142942E-01   2.6808851E+00
   1.3907653E+01   8.6684478E-03  -2.7373199E+00  -5.8038366E-01   2.7981851E+00
   1.3930878E+01   6.8077222E-03  -2.8607755E+00  -5.7828379E-01   2.9186459E+00
   1.3954285E+01   5.6153457E-03  -2.9676442E+00  -5.7509542E-01   3.0228593E+00
   1.3976822E+01   5.3165467E-03  -3.0596220E+00  -5.7324511E-01   3.1128645E+00
   1.3998844E+01   3.5037070E-03  -3.1310420E+00  -5.6833744E-01   3.1822073E+00
   1.4022095E+01   4.8049637E-03  -3.1844091E+00  -5.6380528E-01   3.2339389E+00
   1.4044330E+01   2.5506145E-03  -3.2227168E+00  -5.5791199E-01   3.2706537E+00
   1.4067109E+01   4.0338589E-03  -3.2414031E+00  -5.4997730E-01   3.2877326E+00
   1.4090922E+01   3.2123625E-03  -3.2431715E+00  -5.4195607E-01   3.2881434E+00
   1.4113330E+01   2.0227537E-03  -3.2325258E+00  -5.3359020E-01   3.2762702E+00
   1.4136138E+01  -9.5829839E-04  -3.1861820E+00  -5.2455258E-01   3.2290730E+00
   1.4158822E+01  -9.4409834E-04  -3.1282206E+00  -5.1680577E-01   3.1706235E+00
   1.4181369E+01  -1.2248792E-02  -3.0384004E+00  -5.1118064E-01   3.0811250E+00
   1.4205026E+01  -3.3657262E-03  -2.9341993E+00  -5.0247025E-01   2.9769135E+00
   1.4227227E+01  -3.0705060E-03  -2.8287492E+00  -4.9534583E-01   2.8717937E+00
   1.4249723E+01  -8.9719699E-04  -2.6953659E+00  -4.8809996E-01   2.7392044E+00
   1.4273161E+01  -3.1849325E-03  -2.5341313E+00  -4.8249102E-01   2.5796568E+00
   1.4295077E+01   5.6094193E-04  -2.4375899E+00  -4.7699431E-01   2.4838212E+00
   1.4317728E+01   1.5258193E-03  -2.2442195E+00  -4.7105986E-01   2.2931247E+00
   1.4341217E+01   2.5031567E-03  -2.0669837E+00  -4.6601760E-01   2.1188679E+00
   1.4364300E+01   2.4865398E-03  -1.8724016E+00  -4.6140540E-01   1.9284161E+00
   1.4386905E+01  -8.8140799E-04  -1.6979107E+00  -4.5723820E-01   1.7583994E+00
   1.4409600E+01   4.8045127E-04  -1.5233974E+00  -4.5308778E-01   1.5893486E+00
   1.4431877E+01  -1.1660598E-03  -1.3509783E+00  -4.5006007E-01   1.4239725E+00
   1.4455560E+01  -1.3345178E-02  -1.1442856E+00  -4.4709840E-01   1.2286026E+00
   1.4478910E+01  -5.4326905E-03  -9.8438895E-01  -4.4301063E-01   1.0794951E+00
   1.4500629E+01  -1.0565454E-02  -8.4792846E-01  -4.4108242E-01   9.5584935E-01
   1.4523761E+01  -8.0528697E-03  -6.7032874E-01  -4.3958819E-01   8.0165035E-01
   1.4546605E+01  -1.1462857E-02  -5.3059173E-01  -4.3925345E-01   6.8891406E-01
   1.4569429E+01  -8.2821734E-03  -3.8241857E-01  -4.3923044E-01   5.8243966E-01
   1.4592838E+01  -8.8132927E-03  -2.5078878E-01  -4.3901214E-01   5.0567216E-01
   1.4614370E+01  -3.7310771E-03  -1.3590591E-01  -4.3898988E-01   4.5956117E-01
   1.4637873E+01  -2.5956971E-03  -2.4216982E-02  -4.3878722E-01   4.3946266E-01
   1.4660684E+01  -2.0195034E-03   9.5486321E-02  -4.3860990E-01   4.4888791E-01
   1.4683263E+01  -3.8514810E-03   1.9452758E-01  -4.3821701E-01   4.7946841E-01
   1.4705241E+01  -2.1965904E-03   2.7432427E-01  -4.3773019E-01   5.1659107E-01
   1.4729789E+01  -3.7034652E-03   3.6735505E-01  -4.3732589E-01   5.7115442E-01
   1.4750654E+01  -4.4358885E-03   4.6062565E-01  -4.3698621E-01   6.3494301E-01
   1.4774978E+01  -5.5832798E-03   5.4904032E-01  -4.3647638E-01   7.0141864E-01
   1.4796309E+01  -6.0274573E-03   6.1410075E-01  -4.3619767E-01   7.5327581E-01
   1.4820683E+01  -5.9127747E-03   6.8131459E-01  -4.3589783E-01   8.0884576E-01
   1.4842010E+01  -5.1411083E-03   7.4031240E-01  -4.3551752E-01   8.5893214E-01
   1.4866382E+01  -3.4037349E-03   8.2406890E-01  -4.3516630E-01   9.3191785E-01
   1.4887706E+01  -4.0606004E-03   8.8589239E-01  -4.3487364E-01   9.8688245E-01
   1.4912076E+01  -4.9838903E-03   9.8800468E-01  -4.3455422E-01   1.0793588E+00
   1.4933399E+01  -3.9604502E-03   1.0119834E+00  -4.3410969E-01   1.1011709E+00
   1.4957768E+01  -2.3795529E-03   1.0848153E+00  -4.3381941E-01   1.1683446E+00
   1.4979092E+01  -1.7636683E-03   1.1537063E+00  -4.3354660E-01   1.2324789E+00
   1.5003460E+01  -1.0743499E-03   1.2174535E+00  -4.3320960E-01   1.2922324E+00
   1.5024782E+01  -2.0336576E-03   1.2865806E+00  -4.3291283E-01   1.3574636E+00
   1.5049151E+01   5.4177421E-04   1.3473549E+00  -4.3243989E-01   1.4150511E+00
   1.5070474E+01   7.3785579E-04   1.4345957E+00  -4.3222958E-01   1.4982949E+00
   1.5093149E+01  -5.7427393E-04   1.5086688E+00  -4.3187031E-01   1.5692654E+00
   1.5117216E+01  -5.8483513E-04   1.5859234E+00  -4.3145010E-01   1.6435640E+00
   1.5138533E+01  -1.3649844E-03   1.6676873E+00  -4.3102750E-01   1.7224888E+00
   1.5161202E+01  -4.6773278E-03   1.7247835E+00  -4.3023515E-01   1.7776396E+00
   1.5185362E+01  -5.4907203E-03   1.7896703E+00  -4.2947686E-01   1.8404891E+00
   1.5208406E+01  -8.6999200E-03   1.9175487E+00  -4.2954457E-01   1.9650896E+00
   1.5230979E+01  -7.6557114E-03   2.0068061E+00  -4.2960817E-01   2.0522895E+00
   1.5253596E+01  -7.9185786E-03   2.1643875E+00  -4.3119627E-01   2.2069359E+00
   1.5277060E+01  -3.8611772E-03   2.2213345E+00  -4.3266508E-01   2.2630823E+00
   1.5298993E+01  -2.9966226E-03   2.3337953E+00  -4.3575943E-01   2.3741307E+00
   1.5321656E+01  -1.3976496E-03   2.4495411E+00  -4.4055119E-01   2.4888430E+00
   1.5344951E+01  -2.4914657E-04   2.5722713E+00  -4.4713646E-01   2.6108449E+00
   1.5367028E+01   1.1643480E-03   2.6771846E+00  -4.5448923E-01   2.7154887E+00
   1.5389892E+01   5.9645427E-03   2.7880566E+00  -4.6342531E-01   2.8263154E+00
   1.5413442E+01   8.3950739E-03   2.8818052E+00  -4.7292244E-01   2.9203644E+00
   1.5436224E+01   8.2832370E-03   2.9738171E+00  -4.8309606E-01   3.0128124E+00
   1.5458369E+01   1.4188404E-02   3.0383954E+00  -4.9518910E-01   3.0785158E+00
   1.5481643E+01   9.0745669E-03   3.0804167E+00  -5.0520867E-01   3.1215837E+00
   1.5503715E+01   1.4029321E-02   3.1314464E+00  -5.1880115E-01   3.1741626E+00
   1.5526519E+01   1.1152186E-02   3.1481564E+00  -5.2938336E-01   3.1923754E+00
   1.5550296E+01   9.1570374E-03   3.1305327E+00  -5.4206336E-01   3.1771295E+00
   1.5572330E+01   8.6330650E-03   3.0872443E+00  -5.4672909E-01   3.1352932E+00
   1.5595542E+01   4.6603647E-03   3.0144665E+00  -5.5770224E-01   3.0656259E+00
   1.5618046E+01   9.9887019E-03   2.9258122E+00  -5.6318051E-01   2.9795384E+00
   1.5640165E+01   5.0186152E-03   2.8087530E+00  -5.6854242E-01   2.8657215E+00
   1.5663925E+01   5.9398646E-03   2.6372991E+00  -5.7448584E-01   2.6991510E+00
   1.5686646E+01   6.3213091E-03   2.4506857E+00  -5.7702154E-01   2.5177081E+00
   1.5709594E+01   8.4023587E-03   2.2049067E+00  -5.7986295E-01   2.2798958E+00
   1.5731778E+01   1.2407260E-02   1.9650091E+00  -5.8030146E-01   2.0489423E+00
   1.5754970E+01   1.8996267E-02   1.6549768E+00  -5.8050656E-01   1.7539376E+00
   1.5777792E+01   2.1621235E-02   1.4024967E+00  -5.8066154E-01   1.5181016E+00
   1.5800031E+01   2.3511581E-02   1.1102231E+00  -5.8049375E-01   1.2530447E+00
   1.5823327E+01   2.4043703E-02   8.1223005E-01  -5.8080721E-01   9.9881572E-01
   1.5846507E+01   2.2227069E-02   5.3690898E-01  -5.8207369E-01   7.9219633E-01
   1.5869510E+01   1.9571910E-02   2.2639066E-01  -5.8305287E-01   6.2576866E-01
   1.5891524E+01   1.7896079E-02  -3.3052128E-02  -5.8406967E-01   5.8527780E-01
   1.5914932E+01   1.8040977E-02  -2.9335973E-01  -5.8539838E-01   6.5503943E-01
   1.5937695E+01   1.8387061E-02  -5.3609329E-01  -5.8618683E-01   7.9457480E-01
   1.5960333E+01   1.9532567E-02  -7.9578447E-01  -5.8672583E-01   9.8888916E-01
   1.5982054E+01   1.8522684E-02  -1.0259753E+00  -5.8719867E-01   1.1822735E+00
   1.6006130E+01   1.7519781E-02  -1.2503793E+00  -5.8737975E-01   1.3815826E+00
   1.6028028E+01   1.6253946E-02  -1.4629239E+00  -5.8704007E-01   1.5763967E+00
   1.6051121E+01   1.7660202E-02  -1.6401901E+00  -5.8666497E-01   1.7420423E+00
   1.6074406E+01   1.3873540E-02  -1.8407851E+00  -5.8525681E-01   1.9316335E+00
   1.6096146E+01   1.8560126E-02  -2.0252771E+00  -5.8392209E-01   2.1078560E+00
   1.6119318E+01   1.9024536E-02  -2.2302191E+00  -5.8191752E-01   2.3049657E+00
   1.6142202E+01   1.9432072E-02  -2.3790007E+00  -5.8037102E-01   2.4488471E+00
   1.6165215E+01   1.7296515E-02  -2.5374429E+00  -5.7827467E-01   2.6025598E+00
   1.6187649E+01   1.4792871E-02  -2.6707780E+00  -5.7520777E-01   2.7320576E+00
   1.6211245E+01   1.0590208E-02  -2.8074169E+00  -5.6815851E-01   2.8643508E+00
   1.6233131E+01   6.7059258E-03  -2.9003732E+00  -5.6238061E-01   2.9544003E+00
   1.6255919E+01   2.9559080E-03  -2.9957590E+00  -5.5277741E-01   3.0463328E+00
   1.6279308E+01  -5.0375320E-04  -3.0685420E+00  -5.4201955E-01   3.1160448E+00
   1.6301939E+01  -2.7272399E-03  -3.1263242E+00  -5.3125346E-01   3.1711419E+00
   1.6325253E+01  -2.5075253E-03  -3.1790752E+00  -5.1981026E-01   3.2212930E+00
   1.6347977E+01  -4.6248827E-03  -3.2003624E+00  -5.0995886E-01   3.2407403E+00
   1.6370564E+01  -4.4619995E-03  -3.2114930E+00  -5.0101435E-01   3.2503419E+00
   1.6392992E+01  -4.0714149E-03  -3.2103269E+00  -4.9226692E-01   3.2478521E+00
   1.6416555E+01  -8.1577832E-03  -3.1783803E+00  -4.8541775E-01   3.2152445E+00
   1.6439007E+01  -6.9501591E-03  -3.1338069E+00  -4.7908908E-01   3.1702242E+00
   1.6461344E+01  -5.2403528E-03  -3.0805912E+00  -4.7309500E-01   3.1167111E+00
   1.6485079E+01  -8.8462364E-03  -2.9778943E+00  -4.6789712E-01   3.0144420E+00
   1.6506971E+01  -6.4714504E-03  -2.8853810E+00  -4.6272942E-01   2.9222567E+00
   1.6530695E+01  -1.3892553E-02  -2.7600710E+00  -4.5908338E-01   2.7980249E+00
   1.6552921E+01  -1.0273530E-02  -2.6360152E+00  -4.5281780E-01   2.6746449E+00
   1.6575441E+01  -2.0999946E-02  -2.5148835E+00  -4.4883379E-01   2.5547078E+00
   1.6598146E+01  -4.1285260E-03  -2.3603075E+00  -4.4454178E-01   2.4018087E+00
   1.6620926E+01   5.0585711E-04  -2.2671938E+00  -4.4149747E-01   2.3097808E+00
   1.6644133E+01  -3.0438078E-03  -2.0420921E+00  -4.3951663E-01   2.0888572E+00
   1.6667208E+01  -6.8998351E-03  -1.8783948E+00  -4.3797269E-01   1.9287910E+00
   1.6690369E+01  -3.1868247E-03  -1.7401214E+00  -4.3813768E-01   1.7944350E+00
   1.6712341E+01   1.1127563E-03  -1.5698664E+00  -4.3797377E-01   1.6298168E+00
   1.6735981E+01   5.2517755E-03  -1.4188324E+00  -4.3854907E-01   1.4850718E+00
   1.6758192E+01   4.0940586E-03  -1.2722263E+00  -4.3862167E-01   1.3457212E+00
   1.6780361E+01   4.2768880E-03  -1.1419277E+00  -4.3898091E-01   1.2234057E+00
   1.6804504E+01   4.3917000E-03  -9.9788094E-01  -4.3913814E-01   1.0902421E+00
   1.6826813E+01   2.6996254E-03  -8.4739131E-01  -4.3923271E-01   9.5446563E-01
   1.6849779E+01   1.5719590E-04  -7.0799774E-01  -4.3922070E-01   8.3317202E-01
   1.6871054E+01  -2.0131397E-03  -5.8187103E-01  -4.3925607E-01   7.2905684E-01
   1.6895472E+01  -5.2921269E-03  -4.6030948E-01  -4.3938416E-01   6.3637352E-01
   1.6918301E+01  -5.7796980E-03  -3.3768052E-01  -4.3938220E-01   5.5418247E-01
   1.6939442E+01  -5.9033418E-03  -1.7835794E-01  -4.3868816E-01   4.7359657E-01
   1.6964352E+01  -3.6974214E-03  -4.6261847E-02  -4.3789056E-01   4.4034302E-01
   1.6987040E+01   3.7354068E-04   7.0708185E-02  -4.3715388E-01   4.4283551E-01
   1.7009790E+01   2.0777628E-04   1.7380354E-01  -4.3651456E-01   4.6984324E-01
   1.7030163E+01   6.3763058E-05   2.6772258E-01  -4.3609121E-01   5.1171368E-01
   1.7055061E+01  -1.4268388E-03   3.8014963E-01  -4.3605804E-01   5.7850015E-01
   1.7076044E+01  -2.6398615E-03   4.7747079E-01  -4.3575075E-01   6.4642406E-01
   1.7100378E+01  -4.5481380E-03   5.4482234E-01  -4.3582630E-01   6.9770813E-01
   1.7123865E+01  -6.5476801E-03   6.4326346E-01  -4.3541139E-01   7.7679718E-01
   1.7147072E+01  -7.9464940E-03   7.0911318E-01  -4.3513599E-01   8.3201444E-01
   1.7169594E+01  -8.8267690E-03   7.9299062E-01  -4.3482909E-01   9.0442711E-01
   1.7191566E+01  -9.2819137E-03   8.4083980E-01  -4.3455702E-01   9.4653976E-01
   1.7215389E+01  -1.0062272E-02   9.0560907E-01  -4.3430769E-01   1.0044163E+00
   1.7238308E+01  -1.0867623E-02   9.9587113E-01  -4.3406177E-01   1.0864102E+00
   1.7261095E+01  -1.0347964E-02   1.0796268E+00  -4.3380529E-01   1.1635671E+00
   1.7282843E+01  -9.5060337E-03   1.1649526E+00  -4.3369511E-01   1.2430996E+00
   1.7305344E+01  -8.5458923E-03   1.2160512E+00  -4.3319193E-01   1.2909333E+00
   1.7326555E+01  -6.5025403E-03   1.2810032E+00  -4.3284798E-01   1.3521719E+00
   1.7350491E+01  -4.0675462E-03   1.3404914E+00  -4.3258947E-01   1.4085693E+00
   1.7372112E+01  -2.8252131E-03   1.4103971E+00  -4.3238482E-01   1.4751896E+00
   1.7395452E+01  -1.8449021E-03   1.4747560E+00  -4.3209654E-01   1.5367551E+00
   1.7418449E+01  -1.3482297E-03   1.5570108E+00  -4.3180025E-01   1.6157771E+00
   1.7442739E+01  -1.0536633E-03   1.6405063E+00  -4.3125626E-01   1.6962440E+00
   1.7464937E+01  -2.6733142E-03   1.7118356E+00  -4.3037707E-01   1.7651099E+00
   1.7488358E+01  -2.8240441E-03   1.8143901E+00  -4.2956641E-01   1.8645499E+00
   1.7511070E+01  -5.2304459E-03   1.9246651E+00  -4.2870602E-01   1.9718398E+00
   1.7533087E+01  -3.1472289E-03   2.0266285E+00  -4.2768797E-01   2.0712676E+00
   1.7557186E+01  -5.0401413E-03   2.1502836E+00  -4.2652115E-01   2.1921828E+00
   1.7579454E+01  -3.5010660E-03   2.2802827E+00  -4.2536420E-01   2.3196199E+00
   1.7600624E+01  -1.0044131E-03   2.4072735E+00  -4.2479521E-01   2.4444668E+00
   1.7625364E+01   3.2832539E-03   2.5482302E+00  -4.2459372E-01   2.5833635E+00
   1.7646433E+01   5.2099694E-03   2.6515472E+00  -4.2319050E-01   2.6851108E+00
   1.7670881E+01   3.5103150E-03   2.8090832E+00  -4.2447087E-01   2.8409746E+00
   1.7692425E+01   8.2462505E-03   2.9168091E+00  -4.2589957E-01   2.9477508E+00
   1.7715960E+01   8.2351435E-03   3.0205476E+00  -4.2742905E-01   3.0506508E+00
   1.7738228E+01   9.5530534E-03   3.0992463E+00  -4.3158406E-01   3.1291666E+00
   1.7761007E+01   1.2136722E-02   3.1548011E+00  -4.3510479E-01   3.1846874E+00
   1.7784729E+01   9.1940146E-03   3.1918991E+00  -4.4381034E-01   3.2226188E+00
   1.7807344E+01   1.2708283E-02   3.1667421E+00  -4.5444560E-01   3.1992090E+00
   1.7828978E+01   1.1842763E-02   3.1273391E+00  -4.6660289E-01   3.1619785E+00
   1.7852797E+01   7.4131195E-03   3.0699532E+00  -4.7974461E-01   3.1072211E+00
   1.7875517E+01   4.4552824E-03   2.9798722E+00  -4.9419135E-01   3.0205767E+00
   1.7898623E+01   3.1795860E-03   2.8723600E+00  -5.0897396E-01   2.9171076E+00
   1.7920851E+01   2.5977299E-03   2.7485106E+00  -5.2302575E-01   2.7978337E+00
   1.7944374E+01   5.8974428E-03   2.5846965E+00  -5.3574502E-01   2.6396427E+00
   1.7966404E+01   5.7872264E-03   2.4064786E+00  -5.4706192E-01   2.4678836E+00
   1.7988657E+01   9.6696652E-03   2.2137017E+00  -5.5422598E-01   2.2820463E+00
   1.8012318E+01   7.7515035E-03   2.0086620E+00  -5.6139052E-01   2.0856514E+00
   1.8035048E+01   1.0395214E-02   1.8317668E+00  -5.6620246E-01   1.9173062E+00
   1.8057060E+01   1.2820109E-02   1.5140371E+00  -5.7098496E-01   1.6181769E+00
   1.8079962E+01   1.4827427E-02   1.2849241E+00  -5.7219470E-01   1.4066473E+00
   1.8102615E+01   1.5820164E-02   1.0575718E+00  -5.7601571E-01   1.2043681E+00
   1.8126184E+01   1.6872704E-02   7.9309636E-01  -5.7726413E-01   9.8108125E-01
   1.8148117E+01   1.8561551E-02   5.0731206E-01  -5.7840616E-01   7.6958674E-01
   1.8170956E+01   2.0450573E-02   2.6907632E-01  -5.7899022E-01   6.3878787E-01
   1.8193659E+01   2.3592548E-02   5.5659343E-02  -5.7932407E-01   5.8246970E-01
   1.8217148E+01   2.3795374E-02  -1.7952615E-01  -5.7996881E-01   6.0758513E-01
   1.8240017E+01   2.5894297E-02  -4.0729249E-01  -5.8058095E-01   7.0967025E-01
   1.8263330E+01   2.1690978E-02  -6.4592069E-01  -5.8141595E-01   8.6932653E-01
   1.8284941E+01   1.9950168E-02  -8.4693861E-01  -5.8206451E-01   1.0278629E+00
   1.8307926E+01   1.9461241E-02  -1.0769604E+00  -5.8198816E-01   1.2243091E+00
   1.8331663E+01   2.0134320E-02  -1.2793622E+00  -5.8205086E-01   1.4056871E+00
   1.8353964E+01   2.0017846E-02  -1.5255672E+00  -5.8152813E-01   1.6327679E+00
   1.8376593E+01   2.2652101E-02  -1.6835456E+00  -5.8124411E-01   1.7812029E+00
   1.8400133E+01   2.4228411E-02  -1.8626102E+00  -5.7771164E-01   1.9502960E+00
   1.8422935E+01   2.1113772E-02  -2.0759466E+00  -5.7369906E-01   2.1538641E+00
   1.8444830E+01   1.9268220E-02  -2.2743754E+00  -5.6689215E-01   2.3440397E+00
   1.8467466E+01   1.3754768E-02  -2.4331305E+00  -5.5936885E-01   2.4966393E+00
   1.8490234E+01   1.0468995E-02  -2.5934651E+00  -5.4902315E-01   2.6509616E+00
   1.8513880E+01   6.0898820E-03  -2.7374289E+00  -5.3740567E-01   2.7896879E+00
   1.8535902E+01   5.6449780E-03  -2.8552501E+00  -5.2418858E-01   2.9029741E+00
   1.8559633E+01   4.3704480E-04  -2.9737053E+00  -5.1112282E-01   3.0173118E+00
   1.8581566E+01  -1.7558521E-03  -3.0689290E+00  -4.9878898E-01   3.1091990E+00
   1.8604918E+01  -5.5222381E-03  -3.1564128E+00  -4.8716310E-01   3.1937909E+00
   1.8627319E+01  -8.8815708E-03  -3.2173436E+00  -4.7860140E-01   3.2527585E+00
   1.8650320E+01  -7.2363815E-03  -3.2532489E+00  -4.7099653E-01   3.2871749E+00
   1.8673096E+01  -9.5857624E-03  -3.2562335E+00  -4.6522853E-01   3.2893138E+00
   1.8696478E+01  -6.2789153E-03  -3.2488105E+00  -4.6099916E-01   3.2813609E+00
   1.8718575E+01  -1.4412528E-02  -3.2050269E+00  -4.5611250E-01   3.2373512E+00
   1.8741453E+01  -1.7610248E-02  -3.1295269E+00  -4.5210788E-01   3.1620643E+00
   1.8764515E+01  -1.2953608E-02  -3.0479743E+00  -4.4961053E-01   3.0809846E+00
   1.8786867E+01  -1.3728894E-02  -2.9188502E+00  -4.4591361E-01   2.9527469E+00
   1.8810434E+01   2.7720546E-03  -2.7542403E+00  -4.4254085E-01   2.7895682E+00
   1.8833193E+01  -1.3825525E-02  -2.6088135E+00  -4.4079494E-01   2.6458268E+00
   1.8855137E+01  -1.1433328E-02  -2.4558809E+00  -4.4004714E-01   2.4950197E+00
   1.8879055E+01   1.0364971E-02  -2.2552488E+00  -4.3920270E-01   2.2976408E+00
   1.8900949E+01  -3.6128557E-03  -2.1145442E+00  -4.3887067E-01   2.1596105E+00
   1.8923695E+01   1.1852898E-03  -1.9270443E+00  -4.3781590E-01   1.9761539E+00
   1.8947132E+01   8.8034645E-03  -1.7598159E+00  -4.3687412E-01   1.8132535E+00
   1.8970579E+01   4.5181327E-03  -1.5878549E+00  -4.3669093E-01   1.6468158E+00
   1.8992908E+01   4.6021319E-03  -1.4202894E+00  -4.3644771E-01   1.4858431E+00
   1.9014494E+01   6.9223936E-03  -1.2793399E+00  -4.3674809E-01   1.3518534E+00
   1.9037762E+01   2.6595464E-03  -1.1324396E+00  -4.3750954E-01   1.2140186E+00
   1.9061579E+01  -2.6850188E-03  -9.7448719E-01  -4.3762779E-01   1.0682465E+00
   1.9084028E+01  -1.8177020E-03  -8.3692610E-01  -4.3761632E-01   9.4443452E-01
   1.9107248E+01  -4.3577352E-03  -7.3671037E-01  -4.3786815E-01   8.5702372E-01
   1.9128878E+01  -3.2053273E-03  -6.1233580E-01  -4.3809840E-01   7.5292468E-01
   1.9151258E+01  -3.1877577E-03  -4.4527754E-01  -4.3728063E-01   6.2409663E-01
   1.9175497E+01  -5.0286530E-03  -3.0849054E-01  -4.3694329E-01   5.3489357E-01
   1.9196575E+01  -4.6063294E-03  -2.0416582E-01  -4.3624803E-01   4.8168167E-01
   1.9221670E+01  -5.2099884E-03  -8.7645464E-02  -4.3610239E-01   4.4485298E-01
   1.9242023E+01  -5.2653914E-03   5.1739705E-03  -4.3658763E-01   4.3665004E-01
   1.9265240E+01  -7.2084083E-03   1.3628364E-01  -4.3635845E-01   4.5720223E-01
   1.9287708E+01  -9.9477191E-03   2.2441065E-01  -4.3661562E-01   4.9101150E-01
   1.9312311E+01  -1.0412783E-02   3.6544609E-01  -4.3584821E-01   5.6887865E-01
   1.9334688E+01  -1.0025672E-02   4.4452915E-01  -4.3518278E-01   6.2216616E-01
   1.9355967E+01  -1.0867164E-02   5.0603038E-01  -4.3513414E-01   6.6747773E-01
   1.9380131E+01  -1.0851442E-02   5.8188647E-01  -4.3499541E-01   7.2658837E-01
   1.9404306E+01  -8.3298665E-03   6.7870378E-01  -4.3498462E-01   8.0617601E-01
   1.9427086E+01  -6.9998866E-03   7.6759213E-01  -4.3515179E-01   8.8238525E-01
   1.9447817E+01  -5.9404299E-03   8.4666485E-01  -4.3519121E-01   9.5198113E-01
   1.9471045E+01  -5.0494852E-03   9.2772710E-01  -4.3491468E-01   1.0246238E+00
   1.9493708E+01  -6.8106279E-03   1.0008680E+00  -4.3452919E-01   1.0911455E+00
   1.9517813E+01  -6.5524718E-03   1.0659565E+00  -4.3432522E-01   1.1510624E+00
   1.9540634E+01  -5.0565996E-03   1.1406171E+00  -4.3407303E-01   1.2204313E+00
   1.9562923E+01  -3.6222050E-03   1.2011712E+00  -4.3373063E-01   1.2770855E+00
   1.9584524E+01  -3.5444559E-03   1.2651781E+00  -4.3309718E-01   1.3372589E+00
   1.9608313E+01  -4.5726513E-03   1.3316288E+00  -4.3249780E-01   1.4001110E+00
   1.9630808E+01  -2.0810303E-03   1.3638339E+00  -4.3199888E-01   1.4306189E+00
   1.9652275E+01  -5.7896459E-03   1.4418186E+00  -4.3201709E-01   1.5051622E+00
   1.9675797E+01  -3.8340515E-03   1.4708022E+00  -4.3141919E-01   1.5327741E+00
   1.9698473E+01  -3.4750344E-03   1.5339917E+00  -4.3111292E-01   1.5934242E+00
   1.9723175E+01  -2.2181184E-03   1.5842772E+00  -4.3052658E-01   1.6417345E+00
   1.9744255E+01  -4.4254130E-03   1.6455806E+00  -4.2994419E-01   1.7008255E+00
   1.9767065E+01  -3.0119158E-03   1.7139883E+00  -4.2926940E-01   1.7669287E+00
   1.9791508E+01  -2.1500762E-03   1.7950115E+00  -4.2871290E-01   1.8454988E+00
   1.9812860E+01  -4.0686266E-03   1.8818580E+00  -4.2816031E-01   1.9299552E+00
   1.9836538E+01  -3.3175577E-03   1.9714153E+00  -4.2753631E-01   2.0172448E+00
   1.9858185E+01  -1.6778974E-03   2.0691438E+00  -4.2650273E-01   2.1126437E+00
   1.9882107E+01  -3.6491612E-03   2.1790586E+00  -4.2596292E-01   2.2203050E+00
   1.9903351E+01  -4.1316622E-03   2.2827256E+00  -4.2546871E-01   2.3220413E+00
   1.9927687E+01  -4.1248873E-03   2.4041069E+00  -4.2444840E-01   2.4412913E+00
   1.9950039E+01  -1.6973506E-03   2.5138092E+00  -4.2404383E-01   2.5493238E+00
   1.9972946E+01  -3.8265595E-03   2.6159437E+00  -4.2379671E-01   2.6500528E+00
   1.9996193E+01   2.5393669E-03   2.7181966E+00  -4.2394915E-01   2.7510602E+00
   2.0018187E+01   1.8255503E-03   2.7945590E+00  -4.2486545E-01   2.8266718E+00
   2.0040815E+01   6.8062083E-03   2.8531539E+00  -4.2685059E-01   2.8849151E+00
   2.0064739E+01   7.7515626E-03   2.9102874E+00  -4.2884699E-01   2.9417245E+00
   2.0087547E+01   1.1301897E-02   2.9220312E+00  -4.3144771E-01   2.9537334E+00
   2.0110058E+01   1.4222585E-02   2.9205222E+00  -4.3560165E-01   2.9528632E+00
   2.0132454E+01   1.3767467E-02   2.8883951E+00  -4.4313440E-01   2.9222224E+00
   2.0155025E+01   1.4595084E-02   2.8255012E+00  -4.4955909E-01   2.8610790E+00
   2.0177967E+01   1.8323651E-02   2.7315457E+00  -4.6031722E-01   2.7701209E+00
   2.0201447E+01   1.3006830E-02   2.6140447E+00  -4.7311553E-01   2.6565459E+00
   2.0222845E+01   1.1529152E-02   2.4777079E+00  -4.8305517E-01   2.5243835E+00
   2.0246641E+01   1.0536333E-02   2.3225257E+00  -4.9442703E-01   2.3745937E+00
   2.0269176E+01   7.5012534E-03   2.1634033E+00  -5.0513852E-01   2.2216065E+00
   2.0291752E+01   7.0422208E-03   1.9835901E+00  -5.1540899E-01   2.0494697E+00
   2.0315029E+01   5.6067551E-03   1.7696165E+00  -5.2546060E-01   1.8459910E+00
   2.0337831E+01   5.6437631E-03   1.6077290E+00  -5.3250569E-01   1.6936312E+00
   2.0360060E+01   6.6926512E-03   1.4079747E+00  -5.4049051E-01   1.5081669E+00
   2.0382786E+01   4.7754552E-03   1.2150625E+00  -5.4742599E-01   1.3326945E+00
   2.0406599E+01   9.4326362E-03   9.7640353E-01  -5.5207509E-01   1.1217129E+00
   2.0428411E+01   1.2389238E-02   8.0947399E-01  -5.5637240E-01   9.8231965E-01
   2.0452101E+01   1.3493769E-02   5.8859044E-01  -5.6131935E-01   8.1344956E-01
   2.0474854E+01   1.9271746E-02   3.8839853E-01  -5.6325716E-01   6.8445849E-01
   2.0497738E+01   2.4252718E-02   1.6325299E-01  -5.6557816E-01   5.8916754E-01
   2.0519535E+01   3.0318262E-02  -5.0889915E-01  -5.6694955E-01   7.6244956E-01
   2.0542494E+01   4.4892211E-02  -4.3985307E-02  -5.6883967E-01   5.7230109E-01
   2.0565918E+01   3.3044390E-02  -4.6038353E-01  -5.6795102E-01   7.3185605E-01
   2.0588663E+01   3.3585824E-02  -6.6922420E-01  -5.6725639E-01   8.7793446E-01
   2.0611067E+01   3.3593182E-02  -8.5589844E-01  -5.6557846E-01   1.0264354E+00
   2.0633738E+01   3.0645642E-02  -1.0687581E+00  -5.6253725E-01   1.2081521E+00
   2.0656799E+01   2.6632864E-02  -1.2834456E+00  -5.5842304E-01   1.3999207E+00
   2.0679363E+01   1.9358018E-02  -1.4562560E+00  -5.5377948E-01   1.5581168E+00
   2.0702328E+01   1.4493648E-02  -1.6629236E+00  -5.4670984E-01   1.7505475E+00
   2.0725283E+01   1.1390388E-02  -1.8380311E+00  -5.3943127E-01   1.9155871E+00
   2.0747290E+01   1.3279403E-02  -2.0280755E+00  -5.3085226E-01   2.0964422E+00
   2.0770750E+01   1.3579451E-02  -2.1983492E+00  -5.1990432E-01   2.2590318E+00
   2.0793219E+01   1.4301097E-02  -2.3783753E+00  -5.0859237E-01   2.4321883E+00
   2.0816992E+01   1.2493052E-02  -2.5242498E+00  -4.9677047E-01   2.5726979E+00
   2.0838860E+01   1.1342261E-02  -2.6700768E+00  -4.8516464E-01   2.7138207E+00
   2.0862104E+01   1.2188853E-02  -2.8019121E+00  -4.7463194E-01   2.8418543E+00
   2.0884874E+01   4.7892909E-03  -2.9301107E+00  -4.6406692E-01   2.9666362E+00
   2.0907515E+01   2.6940790E-03  -3.0178635E+00  -4.5693773E-01   3.0522616E+00
   2.0930712E+01   7.8466451E-03  -3.0907903E+00  -4.4914412E-01   3.1232638E+00
   2.0952883E+01  -2.0390123E-03  -3.1594718E+00  -4.4527254E-01   3.1906948E+00
   2.0976387E+01  -2.8780280E-03  -3.1908398E+00  -4.4174981E-01   3.2212746E+00
   2.0999153E+01  -1.7018506E-02  -3.1762266E+00  -4.3845955E-01   3.2063923E+00
   2.1021441E+01   7.2534764E-03  -3.1326785E+00  -4.3706828E-01   3.1630294E+00
   2.1044012E+01  -1.6780727E-02  -3.0737376E+00  -4.3701771E-01   3.1046946E+00
   2.1067572E+01  -1.4066538E-02  -2.9367611E+00  -4.3548179E-01   2.9689069E+00
   2.1089382E+01  -3.6878046E-02  -2.9053023E+00  -4.3759727E-01   2.9383044E+00
   2.1113211E+01  -1.6426329E-02  -2.7616649E+00  -4.3676725E-01   2.7960379E+00
   2.1135387E+01  -3.0147890E-03  -2.6422598E+00  -4.3666589E-01   2.6781008E+00
   2.1158857E+01  -4.7569862E-04  -2.5044818E+00  -4.3549186E-01   2.5420628E+00
   2.1181356E+01   4.6106474E-03  -2.3658452E+00  -4.3413842E-01   2.4053526E+00
   2.1204422E+01   5.4558981E-03  -2.2116816E+00  -4.3361789E-01   2.2537947E+00
   2.1226902E+01   6.9987779E-03  -2.0623863E+00  -4.3307319E-01   2.1073771E+00
   2.1250000E+01   4.0985597E-03  -1.9048066E+00  -4.3295076E-01   1.9533948E+00
   2.1272776E+01   9.6224248E-03  -1.7429985E+00  -4.3306243E-01   1.7960176E+00
   2.1295118E+01   7.2029262E-04  -1.5850117E+00  -4.3223506E-01   1.6428907E+00
   2.1317945E+01  -6.2001762E-03  -1.3930256E+00  -4.3259114E-01   1.4586618E+00
   2.1341196E+01   7.3105352E-06  -1.2499052E+00  -4.3009159E-01   1.3218328E+00
   2.1363733E+01  -1.1733057E-03  -1.0804095E+00  -4.2901662E-01   1.1624720E+00
   2.1386562E+01  -1.8716044E-03  -9.0421021E-01  -4.2652199E-01   9.9976027E-01
   2.1409651E+01  -1.5424630E-03  -7.3476952E-01  -4.2462620E-01   8.4864366E-01
   2.1431849E+01  -4.9131508E-03  -5.7421750E-01  -4.2297560E-01   7.1320277E-01
   2.1455353E+01  -7.5975788E-04  -4.0674570E-01  -4.1925910E-01   5.8414114E-01
   2.1477377E+01   5.6966860E-04  -2.6429296E-01  -4.1564214E-01   4.9255404E-01
   2.1500183E+01  -4.2709857E-04  -1.0687809E-01  -4.1310954E-01   4.2671138E-01
   2.1522490E+01   4.5668689E-04   2.1042313E-02  -4.1129309E-01   4.1183126E-01
   2.1546173E+01  -6.4283800E-03   1.6603655E-01  -4.0912831E-01   4.4158286E-01
   2.1568928E+01  -2.0878839E-03   2.8400829E-01  -4.0771315E-01   4.9688536E-01
   2.1591543E+01   4.1318664E-04   3.9074945E-01  -4.0658802E-01   5.6391412E-01
   2.1614292E+01  -1.6760237E-03   5.0079799E-01  -4.0578252E-01   6.4456254E-01
   2.1636534E+01  -2.8866970E-03   6.1260951E-01  -4.0523800E-01   7.3451793E-01
   2.1658878E+01  -4.3225395E-03   7.0909482E-01  -4.0484905E-01   8.1653959E-01
   2.1683102E+01  -7.8504104E-03   8.0386311E-01  -4.0516213E-01   9.0022993E-01
   2.1704914E+01  -9.1521144E-03   9.1851699E-01  -4.0512970E-01   1.0039359E+00
   2.1728252E+01  -1.3046817E-02   9.8157179E-01  -4.0636086E-01   1.0624418E+00
   2.1749851E+01  -1.2232902E-02   1.0504248E+00  -4.0721115E-01   1.1266600E+00
   2.1774158E+01  -1.2794922E-02   1.1175612E+00  -4.0871036E-01   1.1900214E+00
   2.1796671E+01  -1.0405877E-02   1.1705892E+00  -4.0989739E-01   1.2403238E+00
   2.1820210E+01  -5.7242909E-03   1.2154709E+00  -4.1111183E-01   1.2831271E+00
   2.1843477E+01  -5.1472271E-03   1.2785010E+00  -4.1365913E-01   1.3437654E+00
   2.1865114E+01  -4.9495455E-03   1.3140869E+00  -4.1407749E-01   1.3777914E+00
   2.1888426E+01  -5.0658584E-03   1.3388666E+00  -4.1512161E-01   1.4017544E+00
   2.1912079E+01  -5.2594156E-03   1.3611677E+00  -4.1609514E-01   1.4233552E+00
   2.1934999E+01  -4.9563590E-03   1.3997352E+00  -4.1724887E-01   1.4606094E+00
   2.1957127E+01  -5.7483753E-03   1.4381769E+00  -4.1886887E-01   1.4979442E+00
   2.1978842E+01  -5.7246909E-03   1.4671394E+00  -4.1973999E-01   1.5260118E+00
   2.2002676E+01  -7.4422541E-03   1.5323304E+00  -4.2024726E-01   1.5889302E+00
   2.2025827E+01  -4.8301565E-03   1.5796827E+00  -4.2225745E-01   1.6351521E+00
   2.2047764E+01  -3.1374826E-03   1.6522142E+00  -4.2351815E-01   1.7056345E+00
   2.2069674E+01  -3.5935778E-03   1.7211668E+00  -4.2677242E-01   1.7732916E+00
   2.2093851E+01  -7.7797816E-04   1.8059450E+00  -4.2519063E-01   1.8553234E+00
   2.2115669E+01   1.4021562E-03   1.9087791E+00  -4.2535245E-01   1.9555984E+00
   2.2138659E+01   2.0252445E-03   1.9842728E+00  -4.2468622E-01   2.0292120E+00
   2.2162191E+01   1.7551074E-03   2.0921390E+00  -4.2281014E-01   2.1344359E+00
   2.2184475E+01   3.8441124E-03   2.1988494E+00  -4.2450681E-01   2.2394552E+00
   2.2206406E+01   2.0048428E-04   2.2912035E+00  -4.2445529E-01   2.3301880E+00
   2.2230021E+01   6.5511591E-03   2.4047799E+00  -4.2361549E-01   2.4418147E+00
   2.2252230E+01   1.0669305E-02   2.5101264E+00  -4.2455056E-01   2.5457988E+00
   2.2275181E+01   1.4035062E-02   2.6054077E+00  -4.2418092E-01   2.6397491E+00
   2.2298691E+01   1.0352298E-02   2.6868422E+00  -4.2334598E-01   2.7200093E+00
   2.2320717E+01   1.2198051E-02   2.7602136E+00  -4.2352894E-01   2.7925446E+00
   2.2343700E+01   1.2816179E-02   2.8146825E+00  -4.2366081E-01   2.8464170E+00
   2.2366224E+01   1.5158857E-02   2.8492837E+00  -4.2538804E-01   2.8809032E+00
   2.2389952E+01   1.2334545E-02   2.8605924E+00  -4.2570943E-01   2.8921218E+00
   2.2412094E+01   9.5623750E-03   2.8387797E+00  -4.2889738E-01   2.8710129E+00
   2.2435808E+01   1.2766374E-02   2.7724090E+00  -4.3163389E-01   2.8058372E+00
   2.2458307E+01   1.9219532E-03   2.6898522E+00  -4.3434650E-01   2.7246954E+00
   2.2481270E+01   1.1367691E-02   2.6329856E+00  -4.3724397E-01   2.6690681E+00
   2.2503288E+01   1.0020810E-02   2.5318265E+00  -4.4288230E-01   2.5702899E+00
   2.2526436E+01   2.3801543E-02   2.3913972E+00  -4.5059153E-01   2.4335940E+00
   2.2549204E+01   1.1668615E-02   2.2419679E+00  -4.5895123E-01   2.2884912E+00
   2.2571795E+01   9.5189866E-03   2.0768292E+00  -4.6768442E-01   2.1288586E+00
   2.2594938E+01   1.3669438E-02   1.8938651E+00  -4.7904530E-01   1.9535600E+00
   2.2616920E+01   4.2346618E-03   1.6927813E+00  -4.8373553E-01   1.7605473E+00
   2.2640177E+01   4.7147628E-03   1.5141829E+00  -4.9149981E-01   1.5919623E+00
   2.2662596E+01   2.3597733E-03   1.2960069E+00  -4.9837506E-01   1.3885306E+00
   2.2685892E+01   3.7742013E-03   1.0720921E+00  -5.0381541E-01   1.1845782E+00
   2.2708265E+01   4.9376162E-03   8.7594026E-01  -5.0859529E-01   1.0128993E+00
   2.2732151E+01   7.3412871E-03   6.9694167E-01  -5.1228684E-01   8.6499679E-01
   2.2753937E+01   1.1465931E-02   5.0110978E-01  -5.1514226E-01   7.1875864E-01
   2.2777338E+01   1.4846943E-02   2.7569157E-01  -5.1761895E-01   5.8664781E-01
   2.2800913E+01   1.7818103E-02   6.3012779E-02  -5.1871169E-01   5.2282876E-01
