  flscon:  version 23.2.0.01  win64 2022 
 FLOW-3D   17:08:25  02/06/2024 httg     
   hydr3d   version  23.2.0.20 win64     12/04/2023 HYDRO    
 Simulation Template: Free Surface - TruVOF (Default)                            

Mesh Block   1
 printing p, p, pfyob       
       3      996      5.409E-03      2.376E+00
   time              p_1             p_2             pfyob_1
   5.4087322E-03   4.2670264E+03   4.2044360E+03   7.5698795E+00
   6.8123429E-03   4.2706465E+03   4.2082715E+03   7.2892785E+00
   9.8336153E-03   4.2781436E+03   4.2144780E+03   7.2906299E+00
   1.1458470E-02   4.2819932E+03   4.2179224E+03   7.3277864E+00
   1.4622875E-02   4.2836646E+03   4.2198979E+03   7.3372898E+00
   1.6324708E-02   4.2942646E+03   4.2292910E+03   7.3772984E+00
   1.9639026E-02   4.2942363E+03   4.2297319E+03   7.3606405E+00
   2.1421483E-02   4.2975952E+03   4.2329673E+03   7.3782763E+00
   2.3293063E-02   4.3013726E+03   4.2365991E+03   7.4092236E+00
   2.5258221E-02   4.3049209E+03   4.2400552E+03   7.4279413E+00
   2.9488225E-02   4.3117905E+03   4.2468237E+03   7.4674792E+00
   3.1763140E-02   4.3155430E+03   4.2505239E+03   7.4943581E+00
   3.4151804E-02   4.3196216E+03   4.2544819E+03   7.5258651E+00
   3.6659900E-02   4.3248955E+03   4.2595928E+03   7.5708904E+00
   3.9293401E-02   4.3287124E+03   4.2633687E+03   7.6052399E+00
   4.2058576E-02   4.3321196E+03   4.2667798E+03   7.6424208E+00
   4.4962008E-02   4.3372998E+03   4.2718501E+03   7.6970549E+00
   4.8010614E-02   4.3429805E+03   4.2773623E+03   7.7507753E+00
   5.1211651E-02   4.3485522E+03   4.2828003E+03   7.8080106E+00
   5.4481518E-02   4.3566226E+03   4.2905361E+03   7.8864036E+00
   5.7436328E-02   4.3603496E+03   4.2943140E+03   7.9457636E+00
   6.0419474E-02   4.3646260E+03   4.2985088E+03   8.0091057E+00
   6.3455507E-02   4.3726777E+03   4.3061968E+03   8.1043482E+00
   6.6189006E-02   4.3756523E+03   4.3092368E+03   8.1632700E+00
   6.9059171E-02   4.3828765E+03   4.3161162E+03   8.2516747E+00
   7.1913153E-02   4.3858140E+03   4.3190713E+03   8.3179264E+00
   7.4570410E-02   4.3915674E+03   4.3246147E+03   8.3972664E+00
   7.7351369E-02   4.3969639E+03   4.3298271E+03   8.4710484E+00
   7.9910129E-02   4.4023862E+03   4.3350679E+03   8.5478487E+00
   8.2595699E-02   4.4042612E+03   4.3371606E+03   8.6117001E+00
   8.5415542E-02   4.4128354E+03   4.3449556E+03   8.7010393E+00
   8.8149548E-02   4.4177646E+03   4.3498657E+03   8.7839155E+00
   9.0981260E-02   4.4218291E+03   4.3538394E+03   8.8600416E+00
   9.3774959E-02   4.4265840E+03   4.3584209E+03   8.9607744E+00
   9.6397467E-02   4.4316514E+03   4.3633394E+03   9.0489969E+00
   9.9088944E-02   4.4370020E+03   4.3684238E+03   9.1510410E+00
   1.0173823E-01   4.4417788E+03   4.3730356E+03   9.2304363E+00
   1.0426075E-01   4.4464639E+03   4.3775562E+03   9.3239689E+00
   1.0672698E-01   4.4511943E+03   4.3820825E+03   9.4205437E+00
   1.0930051E-01   4.4554253E+03   4.3861392E+03   9.4951429E+00
   1.1164179E-01   4.4598687E+03   4.3904585E+03   9.5942907E+00
   1.1400995E-01   4.4645527E+03   4.3948711E+03   9.6658249E+00
   1.1649652E-01   4.4685947E+03   4.3987583E+03   9.7447500E+00
   1.1888238E-01   4.4724355E+03   4.4025146E+03   9.8539133E+00
   1.2093917E-01   4.4733237E+03   4.4032061E+03   9.9077854E+00
   1.2309881E-01   4.4830112E+03   4.4127012E+03   1.0021475E+01
   1.2517038E-01   4.4880049E+03   4.4172012E+03   1.0120948E+01
   1.2734553E-01   4.4878418E+03   4.4169619E+03   1.0166716E+01
   1.2962945E-01   4.4923105E+03   4.4215479E+03   1.0256866E+01
   1.3355514E-01   4.5021025E+03   4.4308647E+03   1.0443563E+01
   1.3566642E-01   4.5028286E+03   4.4312954E+03   1.0473512E+01
   1.3788323E-01   4.5086953E+03   4.4371138E+03   1.0604764E+01
   1.4020449E-01   4.5118950E+03   4.4400952E+03   1.0661899E+01
   1.4252149E-01   4.5123936E+03   4.4403667E+03   1.0703510E+01
   1.4465010E-01   4.5199600E+03   4.4479722E+03   1.0873800E+01
   1.4688514E-01   4.5247412E+03   4.4522202E+03   1.0912822E+01
   1.4915910E-01   4.5251133E+03   4.4523926E+03   1.0953811E+01
   1.5262063E-01   4.5338398E+03   4.4607344E+03   1.1160506E+01
   1.5448226E-01   4.5376875E+03   4.4646929E+03   1.1201586E+01
   1.5631847E-01   4.5385161E+03   4.4651460E+03   1.1292614E+01
   1.5824649E-01   4.5391250E+03   4.4657349E+03   1.1335433E+01
   1.6239654E-01   4.5564834E+03   4.4825439E+03   1.1541698E+01
   1.6462846E-01   4.5571157E+03   4.4826743E+03   1.1586574E+01
   1.6697197E-01   4.5560903E+03   4.4822202E+03   1.1645197E+01
   1.6943267E-01   4.5616060E+03   4.4871274E+03   1.1715331E+01
   1.7117499E-01   4.5625684E+03   4.4876528E+03   1.1825803E+01
   1.7300442E-01   4.5705488E+03   4.4956948E+03   1.1897883E+01
   1.7492533E-01   4.5713130E+03   4.4961221E+03   1.1924995E+01
   1.7906009E-01   4.5793403E+03   4.5041450E+03   1.2093567E+01
   1.8128379E-01   4.5811646E+03   4.5056631E+03   1.2133036E+01
   1.8361866E-01   4.5854814E+03   4.5095737E+03   1.2222326E+01
   1.8605812E-01   4.5884629E+03   4.5124463E+03   1.2278114E+01
   1.8858194E-01   4.5921143E+03   4.5158335E+03   1.2335736E+01
   1.9043933E-01   4.5929683E+03   4.5162886E+03   1.2433505E+01
   1.9238958E-01   4.5940449E+03   4.5174155E+03   1.2477632E+01
   1.9443734E-01   4.6072812E+03   4.5304678E+03   1.2538099E+01
   1.9658749E-01   4.6081694E+03   4.5307227E+03   1.2594170E+01
   1.9884515E-01   4.6088765E+03   4.5317866E+03   1.2654867E+01
   2.0121568E-01   4.6123472E+03   4.5347905E+03   1.2699214E+01
   2.0355959E-01   4.6151001E+03   4.5374512E+03   1.2774981E+01
   2.0602068E-01   4.6191235E+03   4.5411465E+03   1.2830793E+01
   2.0842978E-01   4.6225137E+03   4.5443799E+03   1.2876945E+01
   2.1069808E-01   4.6269482E+03   4.5484424E+03   1.2956215E+01
   2.1307981E-01   4.6273975E+03   4.5485972E+03   1.2986100E+01
   2.1558061E-01   4.6339419E+03   4.5552539E+03   1.3025378E+01
   2.1792313E-01   4.6383970E+03   4.5592461E+03   1.3087862E+01
   2.2033764E-01   4.6390122E+03   4.5598101E+03   1.3129174E+01
   2.2254284E-01   4.6403462E+03   4.5606646E+03   1.3171439E+01
   2.2477113E-01   4.6494062E+03   4.5696216E+03   1.3224370E+01
   2.2706726E-01   4.6518252E+03   4.5718105E+03   1.3209611E+01
   2.3154889E-01   4.6560483E+03   4.5757622E+03   1.3335444E+01
   2.3373738E-01   4.6598628E+03   4.5792344E+03   1.3333961E+01
   2.3589295E-01   4.6602603E+03   4.5793203E+03   1.3360363E+01
   2.3800337E-01   4.6654268E+03   4.5845459E+03   1.3396475E+01
   2.4007033E-01   4.6687207E+03   4.5875444E+03   1.3386668E+01
   2.4213557E-01   4.6691152E+03   4.5875938E+03   1.3417546E+01
   2.4417292E-01   4.6730747E+03   4.5916504E+03   1.3440189E+01
   2.4618338E-01   4.6738696E+03   4.5920869E+03   1.3452249E+01
   2.5012779E-01   4.6796196E+03   4.5975234E+03   1.3450435E+01
   2.5206363E-01   4.6835068E+03   4.6013770E+03   1.3449712E+01
   2.5397637E-01   4.6842163E+03   4.6017852E+03   1.3465567E+01
   2.5586683E-01   4.6884224E+03   4.6059331E+03   1.3460713E+01
   2.5958410E-01   4.6892100E+03   4.6062129E+03   1.3491954E+01
   2.6141229E-01   4.6959595E+03   4.6133267E+03   1.3459011E+01
   2.6322106E-01   4.6964946E+03   4.6135635E+03   1.3457105E+01
   2.6678294E-01   4.7010068E+03   4.6178403E+03   1.3459181E+01
   2.6853719E-01   4.7014141E+03   4.6180576E+03   1.3449520E+01
   2.7027443E-01   4.7021885E+03   4.6182539E+03   1.3472856E+01
   2.7369982E-01   4.7116357E+03   4.6282300E+03   1.3358449E+01
   2.7538896E-01   4.7120483E+03   4.6282935E+03   1.3355191E+01
   2.7869406E-01   4.7110503E+03   4.6266440E+03   1.3384686E+01
   2.8033960E-01   4.7106450E+03   4.6264136E+03   1.3394492E+01
   2.8197134E-01   4.7115347E+03   4.6272993E+03   1.3381643E+01
   2.8519499E-01   4.7165708E+03   4.6320503E+03   1.3329408E+01
   2.8675538E-01   4.7198286E+03   4.6351685E+03   1.3266645E+01
   2.8990439E-01   4.7250454E+03   4.6402339E+03   1.3168922E+01
   2.9300657E-01   4.7275566E+03   4.6425718E+03   1.3147289E+01
   2.9454085E-01   4.7286709E+03   4.6434868E+03   1.3083720E+01
   2.9750833E-01   4.7306494E+03   4.6454927E+03   1.3078650E+01
   2.9901141E-01   4.7320239E+03   4.6466992E+03   1.3020461E+01
   3.0198768E-01   4.7344609E+03   4.6490830E+03   1.2916030E+01
   3.0344650E-01   4.7350957E+03   4.6496338E+03   1.2922881E+01
   3.0634886E-01   4.7368721E+03   4.6512354E+03   1.2825622E+01
   3.0916336E-01   4.7389878E+03   4.6533374E+03   1.2743247E+01
   3.1192765E-01   4.7499897E+03   4.6648745E+03   1.2455251E+01
   3.1328362E-01   4.7477837E+03   4.6617114E+03   1.2471218E+01
   3.1594080E-01   4.7436074E+03   4.6574023E+03   1.2582777E+01
   3.1854698E-01   4.7417476E+03   4.6554536E+03   1.2633892E+01
   3.2116443E-01   4.7442085E+03   4.6583486E+03   1.2371707E+01
   3.2369247E-01   4.7503208E+03   4.6645122E+03   1.2212586E+01
   3.2493210E-01   4.7521763E+03   4.6664038E+03   1.2137531E+01
   3.2736373E-01   4.7538530E+03   4.6678350E+03   1.2014122E+01
   3.2973757E-01   4.7546270E+03   4.6685112E+03   1.1983567E+01
   3.3207381E-01   4.7556396E+03   4.6695024E+03   1.1969452E+01
   3.3552706E-01   4.7578301E+03   4.6715112E+03   1.1797215E+01
   3.3781102E-01   4.7590127E+03   4.6727451E+03   1.1729172E+01
   3.4005761E-01   4.7599966E+03   4.6738735E+03   1.1564799E+01
   3.4223783E-01   4.7610713E+03   4.6751069E+03   1.1451277E+01
   3.4437209E-01   4.7619189E+03   4.6758506E+03   1.1349352E+01
   3.4647661E-01   4.7628579E+03   4.6769707E+03   1.1276485E+01
   3.4959474E-01   4.7637056E+03   4.6777305E+03   1.1158759E+01
   3.5165185E-01   4.7644751E+03   4.6784878E+03   1.1043042E+01
   3.5369462E-01   4.7655098E+03   4.6795723E+03   1.0944452E+01
   3.5670164E-01   4.7667144E+03   4.6809678E+03   1.0802740E+01
   3.5868230E-01   4.7679077E+03   4.6821274E+03   1.0702687E+01
   3.6158544E-01   4.7695312E+03   4.6839888E+03   1.0484544E+01
   3.6346638E-01   4.7698569E+03   4.6843999E+03   1.0449753E+01
   3.6624524E-01   4.7704307E+03   4.6847700E+03   1.0355538E+01
   3.6808240E-01   4.7705225E+03   4.6850635E+03   1.0210406E+01
   3.7082157E-01   4.7706821E+03   4.6855127E+03   1.0093154E+01
   3.7263513E-01   4.7712002E+03   4.6861753E+03   9.9668074E+00
   3.7533557E-01   4.7717812E+03   4.6869351E+03   9.8053150E+00
   3.7800699E-01   4.7722754E+03   4.6873540E+03   9.7051754E+00
   3.7977287E-01   4.7726606E+03   4.6878813E+03   9.5812712E+00
   3.8241172E-01   4.7733364E+03   4.6889971E+03   9.4080505E+00
   3.8503760E-01   4.7740366E+03   4.6896523E+03   9.2738705E+00
   3.8764653E-01   4.7739751E+03   4.6898384E+03   9.1101990E+00
   3.8937375E-01   4.7739175E+03   4.6899629E+03   9.0649548E+00
   3.9192253E-01   4.7741055E+03   4.6902026E+03   8.9557419E+00
   3.9441124E-01   4.7742998E+03   4.6906470E+03   8.7794437E+00
   3.9685151E-01   4.7742227E+03   4.6909009E+03   8.6053438E+00
   3.9927694E-01   4.7743955E+03   4.6913677E+03   8.4230976E+00
   4.0161246E-01   4.7744600E+03   4.6915752E+03   8.3359909E+00
   4.0389493E-01   4.7745200E+03   4.6917368E+03   8.2098074E+00
   4.0616199E-01   4.7740503E+03   4.6917734E+03   7.9940686E+00
   4.0841153E-01   4.7738262E+03   4.6918257E+03   7.9128561E+00
   4.1138172E-01   4.7738784E+03   4.6918604E+03   7.7407374E+00
   4.1358632E-01   4.7732939E+03   4.6915352E+03   7.6596279E+00
   4.1576865E-01   4.7726445E+03   4.6913340E+03   7.4791164E+00
   4.1792899E-01   4.7725146E+03   4.6913477E+03   7.3590221E+00
   4.2077956E-01   4.7720986E+03   4.6913540E+03   7.1449199E+00
   4.2290863E-01   4.7716465E+03   4.6912329E+03   7.0158367E+00
   4.2503500E-01   4.7711030E+03   4.6910850E+03   6.8762512E+00
   4.2785943E-01   4.7707437E+03   4.6909688E+03   6.7050624E+00
   4.2996541E-01   4.7700420E+03   4.6905620E+03   6.5166736E+00
   4.3275487E-01   4.7690190E+03   4.6900581E+03   6.3846941E+00
   4.3483290E-01   4.7685513E+03   4.6898394E+03   6.2539277E+00
   4.3689924E-01   4.7680791E+03   4.6895039E+03   6.1272531E+00
   4.3963739E-01   4.7670015E+03   4.6889810E+03   5.9419203E+00
   4.4167894E-01   4.7664224E+03   4.6886899E+03   5.8089814E+00
   4.4438475E-01   4.7653848E+03   4.6881489E+03   5.6031132E+00
   4.4640163E-01   4.7644629E+03   4.6876426E+03   5.4577007E+00
   4.4907463E-01   4.7635400E+03   4.6871187E+03   5.2926712E+00
   4.5173079E-01   4.7627495E+03   4.6866167E+03   5.1406751E+00
   4.5371345E-01   4.7616973E+03   4.6859321E+03   4.9964976E+00
   4.5634755E-01   4.7600674E+03   4.6849595E+03   4.7933955E+00
   4.5831868E-01   4.7592349E+03   4.6844380E+03   4.6741300E+00
   4.6093625E-01   4.7582661E+03   4.6838120E+03   4.4969316E+00
   4.6355638E-01   4.7563076E+03   4.6826123E+03   4.2932281E+00
   4.6554410E-01   4.7552759E+03   4.6820254E+03   4.1641040E+00
   4.6827313E-01   4.7542847E+03   4.6812979E+03   4.0082726E+00
   4.7042257E-01   4.7531206E+03   4.6805020E+03   3.8856575E+00
   4.7256616E-01   4.7519424E+03   4.6796782E+03   3.7736230E+00
   4.7543362E-01   4.7498125E+03   4.6782358E+03   3.5378234E+00
   4.7758913E-01   4.7481987E+03   4.6772661E+03   3.3728907E+00
   4.7976997E-01   4.7470146E+03   4.6765083E+03   3.2418327E+00
   4.8256892E-01   4.7458628E+03   4.6757397E+03   3.0822530E+00
   4.8470876E-01   4.7445361E+03   4.6748652E+03   2.9320552E+00
   4.8684317E-01   4.7430137E+03   4.6738926E+03   2.7885423E+00
   4.8972312E-01   4.7405371E+03   4.6720308E+03   2.7921758E+00
   4.9190441E-01   4.7382935E+03   4.6705278E+03   2.3678889E+00
   4.9408102E-01   4.7366157E+03   4.6689502E+03   2.2044368E+00
   4.9623221E-01   4.7348926E+03   4.6681680E+03   2.2381516E+00
   4.9913731E-01   4.7352979E+03   4.6686621E+03   2.0323286E+00
   5.0132471E-01   4.7339863E+03   4.6673315E+03   1.8672876E+00
   5.0351351E-01   4.7287349E+03   4.6637539E+03   1.6216341E+00
   5.0643021E-01   4.7271499E+03   4.6630200E+03   1.5184544E+00
   5.0861454E-01   4.7273237E+03   4.6628994E+03   1.4284347E+00
   5.1077932E-01   4.7261807E+03   4.6618330E+03   1.3455505E+00
   5.1293796E-01   4.7218457E+03   4.6586035E+03   1.1063421E+00
   5.1582170E-01   4.7183950E+03   4.6564355E+03   9.6539724E-01
   5.1798964E-01   4.7175557E+03   4.6557202E+03   8.2311487E-01
   5.2016449E-01   4.7151577E+03   4.6535649E+03   6.8567425E-01
   5.2306753E-01   4.7104341E+03   4.6506274E+03   4.2570329E-01
   5.2524477E-01   4.7101846E+03   4.6501245E+03   1.5990320E-01
   5.2742064E-01   4.7092983E+03   4.6496548E+03   2.7436656E-01
   5.2959430E-01   4.7085244E+03   4.6494321E+03   1.8818420E-01
   5.3250045E-01   4.7061025E+03   4.6471309E+03  -1.1379377E-02
   5.3468812E-01   4.6991245E+03   4.6420957E+03  -2.7225634E-01
   5.3687495E-01   4.6964858E+03   4.6397700E+03  -4.8170120E-01
   5.3905958E-01   4.6935020E+03   4.6374097E+03  -5.6277472E-01
   5.4197419E-01   4.6919644E+03   4.6365752E+03  -6.2790209E-01
   5.4415548E-01   4.6924297E+03   4.6369692E+03  -7.7806032E-01
   5.4634070E-01   4.6919370E+03   4.6364600E+03  -7.8094268E-01
   5.4853272E-01   4.6888389E+03   4.6342017E+03  -1.0457118E+00
   5.5145305E-01   4.6817446E+03   4.6287852E+03  -1.3623302E+00
   5.5364257E-01   4.6767969E+03   4.6248926E+03  -1.4702812E+00
   5.5583465E-01   4.6755527E+03   4.6239082E+03  -1.5701988E+00
   5.5802596E-01   4.6751123E+03   4.6233589E+03  -1.5130479E+00
   5.6095624E-01   4.6714102E+03   4.6202695E+03  -1.8016289E+00
   5.6315726E-01   4.6677642E+03   4.6176030E+03  -2.0202990E+00
   5.6536138E-01   4.6650415E+03   4.6158545E+03  -2.2256401E+00
   5.6756985E-01   4.6625386E+03   4.6137637E+03  -2.2448680E+00
   5.7050902E-01   4.6603823E+03   4.6122949E+03  -2.3796935E+00
   5.7271838E-01   4.6579302E+03   4.6098037E+03  -2.4778233E+00
   5.7493895E-01   4.6531016E+03   4.6062695E+03  -2.5365548E+00
   5.7716489E-01   4.6482905E+03   4.6019756E+03  -2.7977231E+00
   5.8011347E-01   4.6446353E+03   4.5992266E+03  -2.8996806E+00
   5.8234662E-01   4.6429746E+03   4.5978716E+03  -2.9880497E+00
   5.8458072E-01   4.6407500E+03   4.5958579E+03  -3.1533430E+00
   5.8681005E-01   4.6376987E+03   4.5940142E+03  -3.2515316E+00
   5.8932734E-01   4.6303535E+03   4.5877495E+03  -3.5073941E+00
   5.9139019E-01   4.6274487E+03   4.5857251E+03  -3.7807612E+00
   5.9366500E-01   4.6270249E+03   4.5849624E+03  -3.8025699E+00
   5.9670609E-01   4.6259907E+03   4.5842139E+03  -3.7911904E+00
   5.9900427E-01   4.6210693E+03   4.5794722E+03  -3.9686630E+00
   6.0132861E-01   4.6107969E+03   4.5716797E+03  -4.1000648E+00
   6.0360163E-01   4.6080918E+03   4.5690039E+03  -4.3287601E+00
   6.0589159E-01   4.6072085E+03   4.5684697E+03  -4.4445677E+00
   6.0826725E-01   4.6064214E+03   4.5680459E+03  -4.6501546E+00
   6.1067635E-01   4.6027422E+03   4.5647349E+03  -4.6273475E+00
   6.1282521E-01   4.5970625E+03   4.5600293E+03  -5.2177472E+00
   6.1510015E-01   4.5914907E+03   4.5555801E+03  -5.0407004E+00
   6.1755162E-01   4.5908608E+03   4.5553755E+03  -5.1308799E+00
   6.2005258E-01   4.5889692E+03   4.5526733E+03  -5.1557851E+00
   6.2236899E-01   4.5790884E+03   4.5447812E+03  -5.2572312E+00
   6.2491918E-01   4.5767832E+03   4.5430635E+03  -5.5064483E+00
   6.2719572E-01   4.5727593E+03   4.5389697E+03  -5.3484321E+00
   6.2996280E-01   4.5692310E+03   4.5367422E+03  -5.9665079E+00
   6.3187659E-01   4.5652759E+03   4.5330366E+03  -5.6303053E+00
   6.3450390E-01   4.5626113E+03   4.5305884E+03  -6.1630902E+00
   6.3683969E-01   4.5587246E+03   4.5271909E+03  -6.3400702E+00
   6.3932377E-01   4.5519937E+03   4.5216938E+03  -6.5007381E+00
   6.4177078E-01   4.5465059E+03   4.5165635E+03  -6.2740979E+00
   6.4369440E-01   4.5422227E+03   4.5125166E+03  -6.8883190E+00
   6.4607042E-01   4.5426904E+03   4.5141382E+03  -6.4241061E+00
   6.4895850E-01   4.5401763E+03   4.5106274E+03  -6.9369092E+00
   6.5062821E-01   4.5317485E+03   4.5038535E+03  -6.9638085E+00
   6.5309608E-01   4.5262100E+03   4.4988398E+03  -7.1963229E+00
   6.5600318E-01   4.5184282E+03   4.4924268E+03  -7.1414027E+00
   6.5848261E-01   4.5192065E+03   4.4923223E+03  -7.0401745E+00
   6.6035998E-01   4.5146772E+03   4.4879941E+03  -8.6556845E+00
   6.6271573E-01   4.5117505E+03   4.4868765E+03  -7.0957747E+00
   6.6506100E-01   4.5067837E+03   4.4810010E+03  -7.7850723E+00
   6.6791165E-01   4.5023765E+03   4.4784224E+03  -7.9172726E+00
   6.7044604E-01   4.4972134E+03   4.4727930E+03  -7.7976832E+00
   6.7235386E-01   4.4923042E+03   4.4687891E+03  -7.9921904E+00
   6.7432231E-01   4.4862583E+03   4.4631074E+03  -8.1213140E+00
   6.7732650E-01   4.4786201E+03   4.4564531E+03  -8.3177080E+00
   6.7992461E-01   4.4757275E+03   4.4536875E+03  -9.3929033E+00
   6.8197966E-01   4.4834517E+03   4.4614497E+03  -8.1002998E+00
   6.8408251E-01   4.4665913E+03   4.4459976E+03  -8.8845596E+00
   6.8676639E-01   4.4620791E+03   4.4414033E+03  -8.5869951E+00
   6.8872064E-01   4.4582114E+03   4.4374688E+03  -9.2561893E+00
   6.9181365E-01   4.4501113E+03   4.4313506E+03  -9.1934662E+00
   6.9360179E-01   4.4509702E+03   4.4313682E+03  -8.8823786E+00
   6.9611609E-01   4.4466802E+03   4.4267300E+03  -9.8812037E+00
   6.9852132E-01   4.4379839E+03   4.4204600E+03  -9.2541971E+00
   7.0057923E-01   4.4375342E+03   4.4181357E+03  -1.0065087E+01
   7.0347929E-01   4.4292896E+03   4.4128452E+03  -1.0228515E+01
   7.0576972E-01   4.4235229E+03   4.4057954E+03  -1.0230393E+01
   7.0810390E-01   4.4225073E+03   4.4059673E+03  -1.0349817E+01
   7.1059394E-01   4.4213770E+03   4.4036387E+03  -1.0243797E+01
   7.1261394E-01   4.4070742E+03   4.3913979E+03  -9.6516171E+00
   7.1519208E-01   4.3999688E+03   4.3838579E+03  -1.1142361E+01
   7.1775866E-01   4.4034951E+03   4.3884326E+03  -1.0386154E+01
   7.2004050E-01   4.4040107E+03   4.3873091E+03  -1.0572180E+01
   7.2244895E-01   4.3915508E+03   4.3764365E+03  -1.0672260E+01
   7.2425526E-01   4.3869502E+03   4.3729194E+03  -1.0619989E+01
   7.2678745E-01   4.3806782E+03   4.3654385E+03  -1.1265977E+01
   7.2905129E-01   4.3695645E+03   4.3560811E+03  -1.0750332E+01
   7.3205054E-01   4.3691240E+03   4.3556978E+03  -1.1024523E+01
   7.3456013E-01   4.3698789E+03   4.3561943E+03  -1.0977379E+01
   7.3641670E-01   4.3672788E+03   4.3530366E+03  -1.1308695E+01
   7.3923087E-01   4.3571226E+03   4.3442798E+03  -1.1414388E+01
   7.4127048E-01   4.3471523E+03   4.3350605E+03  -1.1644660E+01
   7.4348348E-01   4.3444790E+03   4.3329849E+03  -1.1462705E+01
   7.4572551E-01   4.3421255E+03   4.3290469E+03  -1.1588738E+01
   7.4814880E-01   4.3386406E+03   4.3266147E+03  -1.1665689E+01
   7.5092816E-01   4.3316636E+03   4.3199136E+03  -1.1775834E+01
   7.5336242E-01   4.3228335E+03   4.3115864E+03  -1.1888048E+01
   7.5586760E-01   4.3192910E+03   4.3081929E+03  -1.1810231E+01
   7.5757867E-01   4.3175879E+03   4.3063501E+03  -1.2126317E+01
   7.6018971E-01   4.3142461E+03   4.3034111E+03  -1.2029722E+01
   7.6310682E-01   4.3058379E+03   4.2949194E+03  -1.2068377E+01
   7.6507312E-01   4.2971240E+03   4.2869712E+03  -1.2126522E+01
   7.6768565E-01   4.2935981E+03   4.2837236E+03  -1.2222336E+01
   7.6948231E-01   4.2928613E+03   4.2828340E+03  -1.2294102E+01
   7.7237284E-01   4.2877046E+03   4.2774932E+03  -1.2291116E+01
   7.7433974E-01   4.2802246E+03   4.2707646E+03  -1.2321566E+01
   7.7731478E-01   4.2711250E+03   4.2618916E+03  -1.2447715E+01
   7.7906346E-01   4.2668359E+03   4.2577026E+03  -1.2835958E+01
   7.8155565E-01   4.2652759E+03   4.2568794E+03  -1.2565964E+01
   7.8430891E-01   4.2643857E+03   4.2545361E+03  -1.2545170E+01
   7.8623199E-01   4.2579043E+03   4.2485742E+03  -1.2665078E+01
   7.8905398E-01   4.2496206E+03   4.2411646E+03  -1.2721026E+01
   7.9081941E-01   4.2426885E+03   4.2343052E+03  -1.2572771E+01
   7.9371297E-01   4.2396714E+03   4.2314097E+03  -1.2719242E+01
   7.9557079E-01   4.2381626E+03   4.2295635E+03  -1.2744308E+01
   7.9830378E-01   4.2307769E+03   4.2222383E+03  -1.2731234E+01
   8.0119902E-01   4.2225708E+03   4.2147642E+03  -1.2698783E+01
   8.0319130E-01   4.2210698E+03   4.2131816E+03  -1.2844579E+01
   8.0511838E-01   4.2187441E+03   4.2103271E+03  -1.2779623E+01
   8.0807215E-01   4.2124761E+03   4.2045342E+03  -1.2787281E+01
   8.1004316E-01   4.2053169E+03   4.1974976E+03  -1.2779490E+01
   8.1296319E-01   4.1991631E+03   4.1912710E+03  -1.2729599E+01
   8.1489640E-01   4.1961162E+03   4.1883481E+03  -1.2745833E+01
   8.1778240E-01   4.1899897E+03   4.1827471E+03  -1.2715537E+01
   8.1968540E-01   4.1852310E+03   4.1778442E+03  -1.2784712E+01
   8.2252431E-01   4.1798262E+03   4.1720200E+03  -1.2792594E+01
   8.2440990E-01   4.1770698E+03   4.1693140E+03  -1.2624672E+01
   8.2720977E-01   4.1676074E+03   4.1601938E+03  -1.2666906E+01
   8.2905865E-01   4.1650259E+03   4.1577856E+03  -1.2718128E+01
   8.3183241E-01   4.1618735E+03   4.1546045E+03  -1.2652646E+01
   8.3367622E-01   4.1607324E+03   4.1533389E+03  -1.2578718E+01
   8.3641273E-01   4.1553135E+03   4.1475151E+03  -1.2686035E+01
   8.3913684E-01   4.1455005E+03   4.1380752E+03  -1.2569582E+01
   8.4095091E-01   4.1422935E+03   4.1350942E+03  -1.2528282E+01
   8.4367239E-01   4.1380854E+03   4.1308032E+03  -1.2463390E+01
   8.4546292E-01   4.1347324E+03   4.1272900E+03  -1.2541916E+01
   8.4815979E-01   4.1280654E+03   4.1207256E+03  -1.2433661E+01
   8.5086697E-01   4.1250840E+03   4.1177075E+03  -1.2398470E+01
   8.5266107E-01   4.1221221E+03   4.1141562E+03  -1.2354547E+01
   8.5534126E-01   4.1152104E+03   4.1077246E+03  -1.2235461E+01
   8.5807532E-01   4.1094990E+03   4.1021025E+03  -1.2239002E+01
   8.5988319E-01   4.1063809E+03   4.0986963E+03  -1.2230094E+01
   8.6249197E-01   4.1034102E+03   4.0956340E+03  -1.2220395E+01
   8.6520827E-01   4.0981045E+03   4.0901294E+03  -1.2047471E+01
   8.6701918E-01   4.0949551E+03   4.0872446E+03  -1.1956659E+01
   8.6967683E-01   4.0898379E+03   4.0816675E+03  -1.1999200E+01
   8.7227565E-01   4.0855186E+03   4.0775117E+03  -1.1896796E+01
   8.7405968E-01   4.0824358E+03   4.0742056E+03  -1.1909322E+01
   8.7672192E-01   4.0765129E+03   4.0683992E+03  -1.1825952E+01
   8.7930113E-01   4.0734204E+03   4.0652852E+03  -1.1811269E+01
   8.8188547E-01   4.0711685E+03   4.0622324E+03  -1.1716411E+01
   8.8363999E-01   4.0673159E+03   4.0584932E+03  -1.1649329E+01
   8.8624859E-01   4.0616890E+03   4.0532141E+03  -1.1544264E+01
   8.8875633E-01   4.0569924E+03   4.0481340E+03  -1.1563799E+01
   8.9130986E-01   4.0504734E+03   4.0415715E+03  -1.1470312E+01
   8.9303768E-01   4.0482798E+03   4.0391965E+03  -1.1438265E+01
   8.9561307E-01   4.0414753E+03   4.0326123E+03  -1.1313759E+01
   8.9809763E-01   4.0391726E+03   4.0300906E+03  -1.1282917E+01
   9.0061247E-01   4.0371509E+03   4.0276753E+03  -1.1182374E+01
   9.0315080E-01   4.0339902E+03   4.0243333E+03  -1.1107651E+01
   9.0566117E-01   4.0293362E+03   4.0193416E+03  -1.0985164E+01
   9.0728736E-01   4.0278499E+03   4.0179661E+03  -1.0998026E+01
   9.0974313E-01   4.0232393E+03   4.0132832E+03  -1.0952619E+01
   9.1221517E-01   4.0195579E+03   4.0092515E+03  -1.0790985E+01
   9.1466832E-01   4.0152363E+03   4.0046860E+03  -1.0737160E+01
   9.1706306E-01   4.0107246E+03   4.0001243E+03  -1.0709254E+01
   9.1947204E-01   4.0076047E+03   3.9969177E+03  -1.0584853E+01
   9.2190701E-01   4.0058276E+03   3.9947317E+03  -1.0508652E+01
   9.2432767E-01   4.0019714E+03   3.9905818E+03  -1.0406821E+01
   9.2667490E-01   3.9991667E+03   3.9876152E+03  -1.0392014E+01
   9.2901468E-01   3.9946592E+03   3.9830051E+03  -1.0363146E+01
   9.3146551E-01   3.9925918E+03   3.9807869E+03  -1.0210938E+01
   9.3392080E-01   3.9892253E+03   3.9770710E+03  -1.0133298E+01
   9.3628430E-01   3.9850505E+03   3.9726208E+03  -1.0080039E+01
   9.3857813E-01   3.9814048E+03   3.9690615E+03  -1.0047282E+01
   9.4095641E-01   3.9793589E+03   3.9666440E+03  -9.9343157E+00
   9.4337237E-01   3.9769487E+03   3.9638738E+03  -9.8529062E+00
   9.4574952E-01   3.9746477E+03   3.9613831E+03  -9.8045797E+00
   9.4802600E-01   3.9713210E+03   3.9577249E+03  -9.7134008E+00
   9.5032537E-01   3.9693777E+03   3.9557043E+03  -9.6842947E+00
   9.5272481E-01   3.9656660E+03   3.9515198E+03  -9.5587006E+00
   9.5512903E-01   3.9615854E+03   3.9474905E+03  -9.4487944E+00
   9.5743042E-01   3.9586814E+03   3.9440725E+03  -9.3999243E+00
   9.5966882E-01   3.9576746E+03   3.9428257E+03  -9.3662205E+00
   9.6199673E-01   3.9565620E+03   3.9414958E+03  -9.2979107E+00
   9.6435660E-01   3.9532249E+03   3.9378081E+03  -9.1266661E+00
   9.6670395E-01   3.9487830E+03   3.9331323E+03  -9.0814438E+00
   9.6970040E-01   3.9431296E+03   3.9271348E+03  -8.9743462E+00
   9.7191322E-01   3.9425979E+03   3.9266921E+03  -9.0185289E+00
   9.7421306E-01   3.9431323E+03   3.9267754E+03  -8.8670235E+00
   9.7646946E-01   3.9425964E+03   3.9254551E+03  -8.7720079E+00
   9.7878259E-01   3.9383311E+03   3.9210837E+03  -8.6988811E+00
   9.8104495E-01   3.9357029E+03   3.9180828E+03  -8.6729403E+00
   9.8400682E-01   3.9315085E+03   3.9136631E+03  -8.5612726E+00
   9.8623425E-01   3.9286240E+03   3.9106853E+03  -8.5253801E+00
   9.8854607E-01   3.9252844E+03   3.9066711E+03  -8.3635454E+00
   9.9085456E-01   3.9236392E+03   3.9048828E+03  -8.2812071E+00
   9.9308252E-01   3.9227493E+03   3.9038413E+03  -8.3107100E+00
   9.9525160E-01   3.9220771E+03   3.9027134E+03  -8.2218084E+00
   9.9814594E-01   3.9197317E+03   3.8998142E+03  -8.1848106E+00
   1.0004166E+00   3.9170686E+03   3.8969331E+03  -8.0648108E+00
   1.0026788E+00   3.9156372E+03   3.8952522E+03  -8.0235453E+00
   1.0049223E+00   3.9143188E+03   3.8935251E+03  -7.9257298E+00
   1.0070952E+00   3.9122246E+03   3.8910303E+03  -7.9318299E+00
   1.0099543E+00   3.9086396E+03   3.8871116E+03  -7.7981319E+00
   1.0121137E+00   3.9060876E+03   3.8842644E+03  -7.7492728E+00
   1.0143013E+00   3.9047812E+03   3.8826965E+03  -7.7312789E+00
   1.0172247E+00   3.9044192E+03   3.8818340E+03  -7.6014557E+00
   1.0194074E+00   3.9038928E+03   3.8808867E+03  -7.5965567E+00
   1.0215358E+00   3.9020085E+03   3.8785706E+03  -7.5425515E+00
   1.0243281E+00   3.8993376E+03   3.8755400E+03  -7.4929557E+00
   1.0264313E+00   3.8975557E+03   3.8736104E+03  -7.4950480E+00
   1.0285885E+00   3.8962986E+03   3.8719998E+03  -7.4054556E+00
   1.0314637E+00   3.8945786E+03   3.8697725E+03  -7.3088493E+00
   1.0336146E+00   3.8933682E+03   3.8682031E+03  -7.2715430E+00
   1.0357249E+00   3.8917664E+03   3.8661973E+03  -7.2263412E+00
   1.0384973E+00   3.8896648E+03   3.8637417E+03  -7.1765885E+00
   1.0405794E+00   3.8883210E+03   3.8621360E+03  -7.1372204E+00
   1.0433949E+00   3.8875439E+03   3.8609299E+03  -7.1023717E+00
   1.0454885E+00   3.8870051E+03   3.8599934E+03  -7.0318575E+00
   1.0476035E+00   3.8860452E+03   3.8586011E+03  -6.9890289E+00
   1.0504172E+00   3.8838220E+03   3.8559370E+03  -6.9272270E+00
   1.0524883E+00   3.8819294E+03   3.8538269E+03  -6.8690233E+00
   1.0552506E+00   3.8803804E+03   3.8518484E+03  -6.8442540E+00
   1.0573347E+00   3.8797893E+03   3.8509314E+03  -6.7860928E+00
   1.0594251E+00   3.8794111E+03   3.8502073E+03  -6.7652287E+00
   1.0622531E+00   3.8783354E+03   3.8483323E+03  -6.5990767E+00
   1.0643313E+00   3.8774238E+03   3.8472483E+03  -6.5968485E+00
   1.0671315E+00   3.8752864E+03   3.8450334E+03  -6.5738454E+00
   1.0692399E+00   3.8748777E+03   3.8441282E+03  -6.5162935E+00
   1.0713173E+00   3.8742866E+03   3.8429792E+03  -6.4371705E+00
   1.0740705E+00   3.8731709E+03   3.8417375E+03  -6.3929935E+00
   1.0761312E+00   3.8727761E+03   3.8409055E+03  -6.3992829E+00
   1.0788884E+00   3.8713650E+03   3.8388630E+03  -6.2999783E+00
   1.0809642E+00   3.8701047E+03   3.8374194E+03  -6.2530251E+00
   1.0837780E+00   3.8692029E+03   3.8361074E+03  -6.2178640E+00
   1.0859159E+00   3.8684473E+03   3.8349131E+03  -6.1296477E+00
   1.0880619E+00   3.8676440E+03   3.8337969E+03  -6.1134167E+00
   1.0908983E+00   3.8667273E+03   3.8324546E+03  -6.0151544E+00
   1.0929666E+00   3.8662209E+03   3.8316047E+03  -5.9748168E+00
   1.0950233E+00   3.8658174E+03   3.8308433E+03  -5.9524236E+00
   1.0977845E+00   3.8647561E+03   3.8292871E+03  -5.8615627E+00
   1.0998785E+00   3.8640845E+03   3.8283213E+03  -5.8669434E+00
   1.1026928E+00   3.8638567E+03   3.8278044E+03  -5.7839589E+00
   1.1048068E+00   3.8637402E+03   3.8274060E+03  -5.7468047E+00
   1.1069453E+00   3.8636711E+03   3.8268843E+03  -5.7607732E+00
   1.1098403E+00   3.8623088E+03   3.8248010E+03  -5.5789738E+00
   1.1120005E+00   3.8608276E+03   3.8231724E+03  -5.5306239E+00
   1.1141508E+00   3.8597815E+03   3.8219048E+03  -5.5295515E+00
   1.1169631E+00   3.8596396E+03   3.8215066E+03  -5.4831982E+00
   1.1190596E+00   3.8606462E+03   3.8221885E+03  -5.4900775E+00
   1.1211711E+00   3.8613704E+03   3.8224121E+03  -5.4152937E+00
   1.1240039E+00   3.8608623E+03   3.8213552E+03  -5.3479333E+00
   1.1261361E+00   3.8597930E+03   3.8199922E+03  -5.3473415E+00
   1.1283323E+00   3.8579570E+03   3.8178115E+03  -5.1906605E+00
   1.1312544E+00   3.8569912E+03   3.8165100E+03  -5.1428776E+00
   1.1334300E+00   3.8568342E+03   3.8160967E+03  -5.1104255E+00
   1.1356070E+00   3.8574072E+03   3.8163774E+03  -5.1068668E+00
   1.1377859E+00   3.8582874E+03   3.8169663E+03  -5.0563354E+00
   1.1407132E+00   3.8588933E+03   3.8170552E+03  -5.0012302E+00
   1.1429583E+00   3.8582666E+03   3.8159451E+03  -4.8843679E+00
   1.1452000E+00   3.8575466E+03   3.8149358E+03  -4.8563571E+00
   1.1474299E+00   3.8564958E+03   3.8136960E+03  -4.7913876E+00
   1.1503320E+00   3.8560439E+03   3.8129536E+03  -4.7352548E+00
   1.1525656E+00   3.8565176E+03   3.8129575E+03  -4.6601968E+00
   1.1547701E+00   3.8569424E+03   3.8132034E+03  -4.6253510E+00
   1.1570098E+00   3.8575247E+03   3.8134602E+03  -4.5950503E+00
   1.1592668E+00   3.8577581E+03   3.8131638E+03  -4.5435014E+00
   1.1615210E+00   3.8571416E+03   3.8122905E+03  -4.4593883E+00
   1.1645228E+00   3.8567646E+03   3.8116240E+03  -4.3643675E+00
   1.1667811E+00   3.8567170E+03   3.8113987E+03  -4.3503919E+00
   1.1690227E+00   3.8573271E+03   3.8116277E+03  -4.3234024E+00
   1.1712363E+00   3.8578040E+03   3.8117778E+03  -4.2662163E+00
   1.1734222E+00   3.8578970E+03   3.8116091E+03  -4.2522192E+00
   1.1763787E+00   3.8579260E+03   3.8113667E+03  -4.1286411E+00
   1.1785719E+00   3.8582656E+03   3.8113582E+03  -4.0275316E+00
   1.1807687E+00   3.8585354E+03   3.8111306E+03  -3.9949770E+00
   1.1829690E+00   3.8585315E+03   3.8108750E+03  -3.9342864E+00
   1.1859033E+00   3.8586587E+03   3.8108252E+03  -3.8858299E+00
   1.1880957E+00   3.8590120E+03   3.8109270E+03  -3.8527610E+00
   1.1902763E+00   3.8595190E+03   3.8111548E+03  -3.7561333E+00
   1.1924144E+00   3.8599824E+03   3.8113572E+03  -3.6862209E+00
   1.1952354E+00   3.8604880E+03   3.8114570E+03  -3.6816571E+00
   1.1973960E+00   3.8606611E+03   3.8114016E+03  -3.5903533E+00
   1.1995871E+00   3.8608818E+03   3.8113474E+03  -3.5235164E+00
   1.2025133E+00   3.8614456E+03   3.8115295E+03  -3.4682319E+00
   1.2047039E+00   3.8616895E+03   3.8115728E+03  -3.3906074E+00
   1.2068924E+00   3.8621685E+03   3.8119304E+03  -3.3641808E+00
   1.2090803E+00   3.8629419E+03   3.8123936E+03  -3.3113863E+00
   1.2120013E+00   3.8633306E+03   3.8125273E+03  -3.2499342E+00
   1.2142001E+00   3.8638113E+03   3.8127866E+03  -3.1500850E+00
   1.2164123E+00   3.8645984E+03   3.8131926E+03  -3.0878031E+00
   1.2186445E+00   3.8654651E+03   3.8135999E+03  -3.0138650E+00
   1.2209014E+00   3.8654299E+03   3.8134509E+03  -2.9912269E+00
   1.2237837E+00   3.8653521E+03   3.8136157E+03  -2.9466572E+00
   1.2257525E+00   3.8663638E+03   3.8144204E+03  -2.9191206E+00
   1.2280223E+00   3.8687617E+03   3.8156729E+03  -2.7493885E+00
   1.2304369E+00   3.8682686E+03   3.8151118E+03  -2.7303667E+00
   1.2328643E+00   3.8679961E+03   3.8150283E+03  -2.6848078E+00
   1.2351538E+00   3.8685708E+03   3.8155320E+03  -2.6387115E+00
   1.2375036E+00   3.8704917E+03   3.8167600E+03  -2.5528517E+00
   1.2398986E+00   3.8711719E+03   3.8173315E+03  -2.5264299E+00
   1.2423779E+00   3.8720032E+03   3.8178999E+03  -2.4454350E+00
   1.2449455E+00   3.8729585E+03   3.8183936E+03  -2.3800654E+00
   1.2475618E+00   3.8731147E+03   3.8184861E+03  -2.3303723E+00
   1.2501477E+00   3.8735647E+03   3.8188835E+03  -2.3152215E+00
   1.2518470E+00   3.8740488E+03   3.8192458E+03  -2.1744471E+00
   1.2543612E+00   3.8746499E+03   3.8197695E+03  -2.2125137E+00
   1.2568365E+00   3.8763511E+03   3.8211226E+03  -2.1608715E+00
   1.2592719E+00   3.8774961E+03   3.8218513E+03  -2.0512321E+00
   1.2616709E+00   3.8781577E+03   3.8222891E+03  -1.9440707E+00
   1.2640363E+00   3.8788828E+03   3.8228076E+03  -1.9029648E+00
   1.2663808E+00   3.8790920E+03   3.8229565E+03  -1.9038448E+00
   1.2686988E+00   3.8791833E+03   3.8231233E+03  -1.8779666E+00
   1.2709899E+00   3.8805642E+03   3.8240425E+03  -1.7949786E+00
   1.2732618E+00   3.8815718E+03   3.8248350E+03  -1.7621608E+00
   1.2762582E+00   3.8824512E+03   3.8256414E+03  -1.6690774E+00
   1.2784824E+00   3.8830332E+03   3.8262075E+03  -1.6351982E+00
   1.2806897E+00   3.8839873E+03   3.8269729E+03  -1.6075478E+00
   1.2828814E+00   3.8851929E+03   3.8278521E+03  -1.5199488E+00
   1.2857504E+00   3.8858145E+03   3.8283699E+03  -1.5012608E+00
   1.2878926E+00   3.8866060E+03   3.8290647E+03  -1.4440795E+00
   1.2900227E+00   3.8876321E+03   3.8298423E+03  -1.3839370E+00
   1.2927214E+00   3.8886689E+03   3.8307046E+03  -1.3162456E+00
   1.2948133E+00   3.8896611E+03   3.8315093E+03  -1.3057535E+00
   1.2975323E+00   3.8913765E+03   3.8330806E+03  -1.1945585E+00
   1.2995582E+00   3.8929451E+03   3.8343406E+03  -1.0988511E+00
   1.3022459E+00   3.8941094E+03   3.8354255E+03  -1.1318004E+00
   1.3041829E+00   3.8946714E+03   3.8359792E+03  -1.0995193E+00
   1.3068510E+00   3.8958992E+03   3.8371238E+03  -9.9618179E-01
   1.3088825E+00   3.8972378E+03   3.8380989E+03  -9.7877401E-01
   1.3114872E+00   3.8980356E+03   3.8388552E+03  -9.2927516E-01
   1.3141840E+00   3.8990862E+03   3.8397815E+03  -8.7447047E-01
   1.3162391E+00   3.8999263E+03   3.8404583E+03  -8.2321399E-01
   1.3190132E+00   3.9010264E+03   3.8414033E+03  -7.7862072E-01
   1.3210843E+00   3.9019033E+03   3.8423472E+03  -7.6022005E-01
   1.3237505E+00   3.9036484E+03   3.8439702E+03  -7.1268517E-01
   1.3258709E+00   3.9050613E+03   3.8450437E+03  -6.2480563E-01
   1.3280430E+00   3.9063633E+03   3.8461682E+03  -5.8619529E-01
   1.3302420E+00   3.9071921E+03   3.8469766E+03  -5.3314877E-01
   1.3332094E+00   3.9090669E+03   3.8487874E+03  -4.6769857E-01
   1.3354386E+00   3.9100903E+03   3.8497490E+03  -4.6786308E-01
   1.3376479E+00   3.9114819E+03   3.8509199E+03  -4.3667597E-01
   1.3398005E+00   3.9121631E+03   3.8517400E+03  -3.8932452E-01
   1.3426753E+00   3.9154092E+03   3.8547908E+03  -2.8764784E-01
   1.3447187E+00   3.9171284E+03   3.8562854E+03  -2.2501251E-01
   1.3468630E+00   3.9183054E+03   3.8570173E+03  -2.0646906E-01
   1.3492156E+00   3.9185488E+03   3.8573560E+03  -1.6064638E-01
   1.3518177E+00   3.9195657E+03   3.8584771E+03  -7.1403764E-02
   1.3546534E+00   3.9226165E+03   3.8610896E+03  -5.9972495E-02
   1.3565297E+00   3.9245825E+03   3.8628533E+03  -2.1639802E-02
   1.3591231E+00   3.9262329E+03   3.8649209E+03   5.7662334E-02
   1.3613907E+00   3.9270601E+03   3.8658389E+03   1.5910426E-02
   1.3640156E+00   3.9287397E+03   3.8670579E+03   1.5994567E-01
   1.3665020E+00   3.9318130E+03   3.8705464E+03   1.5766625E-01
   1.3687124E+00   3.9341750E+03   3.8717646E+03   3.7127197E-01
   1.3712322E+00   3.9336509E+03   3.8715410E+03   2.9174969E-01
   1.3730632E+00   3.9332070E+03   3.8714180E+03   2.3420134E-01
   1.3757210E+00   3.9335374E+03   3.8728091E+03   2.4133800E-01
   1.3778844E+00   3.9398247E+03   3.8778547E+03   5.6990159E-01
   1.3803763E+00   3.9420076E+03   3.8794880E+03   5.5410087E-01
   1.3830413E+00   3.9439785E+03   3.8812212E+03   5.4274744E-01
   1.3848546E+00   3.9437583E+03   3.8816670E+03   6.1770725E-01
   1.3875794E+00   3.9440786E+03   3.8822207E+03   6.0328352E-01
   1.3900326E+00   3.9467070E+03   3.8849114E+03   5.8896798E-01
   1.3928438E+00   3.9501589E+03   3.8874319E+03   8.1859696E-01
   1.3947997E+00   3.9519250E+03   3.8891414E+03   8.5249931E-01
   1.3967377E+00   3.9525510E+03   3.8898845E+03   8.4547997E-01
   1.3996066E+00   3.9562063E+03   3.8936321E+03   9.1440862E-01
   1.4014629E+00   3.9578164E+03   3.8950417E+03   9.2289066E-01
   1.4043056E+00   3.9582693E+03   3.8956409E+03   9.7613740E-01
   1.4063624E+00   3.9586318E+03   3.8961736E+03   1.0188513E+00
   1.4094470E+00   3.9620530E+03   3.8994626E+03   1.1063951E+00
   1.4114873E+00   3.9638171E+03   3.9010076E+03   1.2022848E+00
   1.4135370E+00   3.9667634E+03   3.9037234E+03   1.2375094E+00
   1.4156044E+00   3.9679546E+03   3.9049026E+03   1.2789024E+00
   1.4187169E+00   3.9697209E+03   3.9071897E+03   1.3298471E+00
   1.4207850E+00   3.9725376E+03   3.9098193E+03   1.3660004E+00
   1.4228415E+00   3.9759751E+03   3.9127686E+03   1.4794824E+00
   1.4259424E+00   3.9778149E+03   3.9146135E+03   1.5767802E+00
   1.4280610E+00   3.9784429E+03   3.9155474E+03   1.6132092E+00
   1.4301780E+00   3.9800134E+03   3.9171638E+03   1.6351942E+00
   1.4322799E+00   3.9821838E+03   3.9192263E+03   1.6950854E+00
   1.4354016E+00   3.9862151E+03   3.9231375E+03   1.7937859E+00
   1.4374633E+00   3.9901455E+03   3.9267766E+03   1.9004807E+00
   1.4395072E+00   3.9913716E+03   3.9281057E+03   1.9148520E+00
   1.4425464E+00   3.9929473E+03   3.9299355E+03   1.9908741E+00
   1.4445503E+00   3.9945962E+03   3.9315256E+03   2.0674543E+00
   1.4465401E+00   3.9962578E+03   3.9331011E+03   2.0991693E+00
   1.4494864E+00   3.9981558E+03   3.9352131E+03   2.2240231E+00
   1.4514246E+00   4.0009751E+03   3.9378882E+03   2.2495840E+00
   1.4539613E+00   4.0036072E+03   3.9404919E+03   2.3230922E+00
   1.4567688E+00   4.0067747E+03   3.9435569E+03   2.4252000E+00
   1.4586617E+00   4.0083479E+03   3.9450090E+03   2.5465205E+00
   1.4613791E+00   4.0104084E+03   3.9474783E+03   2.5194323E+00
   1.4632720E+00   4.0131030E+03   3.9500750E+03   2.6564560E+00
   1.4663280E+00   4.0156936E+03   3.9525161E+03   2.7094655E+00
   1.4684005E+00   4.0186458E+03   3.9552935E+03   2.7706304E+00
   1.4704670E+00   4.0208865E+03   3.9574592E+03   2.8792014E+00
   1.4733895E+00   4.0236694E+03   3.9605247E+03   2.8809884E+00
   1.4753267E+00   4.0259412E+03   3.9626516E+03   3.0182455E+00
   1.4776468E+00   4.0282937E+03   3.9651150E+03   3.0990822E+00
   1.4802241E+00   4.0306467E+03   3.9676763E+03   3.1853971E+00
   1.4821643E+00   4.0326755E+03   3.9695635E+03   3.2869070E+00
   1.4852762E+00   4.0347942E+03   3.9714397E+03   3.3603766E+00
   1.4873365E+00   4.0358687E+03   3.9735181E+03   3.4200094E+00
   1.4894004E+00   4.0391470E+03   3.9759202E+03   3.4778733E+00
   1.4925188E+00   4.0445225E+03   3.9808015E+03   3.6141081E+00
   1.4946030E+00   4.0467576E+03   3.9831362E+03   3.7011490E+00
   1.4966893E+00   4.0493333E+03   3.9861462E+03   3.7607927E+00
   1.4987785E+00   4.0521084E+03   3.9883167E+03   3.8257723E+00
   1.5015121E+00   4.0531177E+03   3.9903555E+03   3.9082975E+00
   1.5039737E+00   4.0536191E+03   3.9936777E+03   3.9565396E+00
   1.5065612E+00   4.0647778E+03   4.0016096E+03   4.2248940E+00
   1.5085893E+00   4.0643513E+03   4.0018162E+03   4.2405434E+00
   1.5114467E+00   4.0623862E+03   3.9995137E+03   4.2674284E+00
   1.5135144E+00   4.0621541E+03   3.9990830E+03   4.3242779E+00
   1.5159080E+00   4.0653254E+03   4.0024824E+03   4.4459891E+00
   1.5186790E+00   4.0712646E+03   4.0080056E+03   4.6081643E+00
   1.5207648E+00   4.0775686E+03   4.0134475E+03   4.7129841E+00
   1.5229169E+00   4.0800771E+03   4.0161750E+03   4.7398982E+00
   1.5251087E+00   4.0823162E+03   4.0186396E+03   4.8104334E+00
   1.5273088E+00   4.0830398E+03   4.0197705E+03   4.8934121E+00
   1.5306071E+00   4.0852207E+03   4.0220286E+03   4.9542966E+00
   1.5328521E+00   4.0877222E+03   4.0247527E+03   5.0681586E+00
   1.5350599E+00   4.0919233E+03   4.0282942E+03   5.2209067E+00
   1.5369341E+00   4.0951292E+03   4.0318887E+03   5.2932405E+00
   1.5398061E+00   4.0976694E+03   4.0347666E+03   5.3647828E+00
   1.5419680E+00   4.0995718E+03   4.0360093E+03   5.4628325E+00
   1.5442835E+00   4.1010068E+03   4.0377051E+03   5.5387073E+00
   1.5465932E+00   4.1045952E+03   4.0414102E+03   5.6202402E+00
   1.5488865E+00   4.1074536E+03   4.0440181E+03   5.6989150E+00
   1.5511720E+00   4.1246143E+03   4.0597336E+03   6.0497994E+00
   1.5543193E+00   4.1192021E+03   4.0553640E+03   6.0014672E+00
   1.5566227E+00   4.1135723E+03   4.0508137E+03   5.9716978E+00
   1.5589362E+00   4.1115874E+03   4.0493064E+03   6.0011697E+00
   1.5612609E+00   4.1313594E+03   4.0669695E+03   6.4575849E+00
   1.5635967E+00   4.1322417E+03   4.0675256E+03   6.4423366E+00
   1.5659566E+00   4.1282842E+03   4.0650383E+03   6.3530903E+00
   1.5683175E+00   4.1260327E+03   4.0636255E+03   6.3986473E+00
   1.5706718E+00   4.1290718E+03   4.0663464E+03   6.5098081E+00
   1.5730194E+00   4.1407256E+03   4.0769082E+03   6.7738981E+00
   1.5753686E+00   4.1436431E+03   4.0795659E+03   6.8258381E+00
   1.5776966E+00   4.1454429E+03   4.0811570E+03   6.9108319E+00
   1.5800400E+00   4.1473887E+03   4.0839031E+03   6.9707313E+00
   1.5824175E+00   4.1512803E+03   4.0876326E+03   7.0952845E+00
   1.5848089E+00   4.1532979E+03   4.0896799E+03   7.1124310E+00
   1.5871786E+00   4.1585464E+03   4.0946003E+03   7.3323712E+00
   1.5895158E+00   4.1624053E+03   4.0981128E+03   7.4329882E+00
   1.5918394E+00   4.1643711E+03   4.1003975E+03   7.4860373E+00
   1.5941494E+00   4.1662954E+03   4.1027407E+03   7.5660491E+00
   1.5964907E+00   4.1685166E+03   4.1044448E+03   7.6166873E+00
   1.5988641E+00   4.1702646E+03   4.1064390E+03   7.6966095E+00
   1.6012527E+00   4.1776577E+03   4.1135620E+03   7.8829279E+00
   1.6036563E+00   4.1824009E+03   4.1180303E+03   7.9704056E+00
   1.6060759E+00   4.1848198E+03   4.1202598E+03   8.0314837E+00
   1.6083348E+00   4.1846060E+03   4.1209663E+03   8.0744753E+00
   1.6108518E+00   4.1865830E+03   4.1233013E+03   8.1697063E+00
   1.6134678E+00   4.1945884E+03   4.1306846E+03   8.3334322E+00
   1.6154373E+00   4.1977485E+03   4.1326675E+03   8.4318533E+00
   1.6176084E+00   4.1994111E+03   4.1345605E+03   8.4981070E+00
   1.6199946E+00   4.2006587E+03   4.1361025E+03   8.5408621E+00
   1.6224467E+00   4.2047080E+03   4.1401357E+03   8.6396618E+00
   1.6249032E+00   4.2088691E+03   4.1440737E+03   8.7250910E+00
   1.6273605E+00   4.2137236E+03   4.1485146E+03   8.8187313E+00
   1.6298269E+00   4.2173296E+03   4.1521147E+03   8.9209404E+00
   1.6322982E+00   4.2213604E+03   4.1564385E+03   9.0958290E+00
   1.6348063E+00   4.2258662E+03   4.1607197E+03   9.1223145E+00
   1.6372893E+00   4.2284297E+03   4.1626934E+03   9.2021818E+00
   1.6397905E+00   4.2300674E+03   4.1644756E+03   9.2702007E+00
   1.6423247E+00   4.2331597E+03   4.1680117E+03   9.3776054E+00
   1.6435944E+00   4.2366108E+03   4.1711685E+03   9.4343872E+00
   1.6461464E+00   4.2405864E+03   4.1747891E+03   9.5045595E+00
   1.6487116E+00   4.2442993E+03   4.1785010E+03   9.5856943E+00
   1.6512724E+00   4.2490264E+03   4.1830474E+03   9.6945915E+00
   1.6538124E+00   4.2519600E+03   4.1858047E+03   9.7414913E+00
   1.6563658E+00   4.2547207E+03   4.1888535E+03   9.8448324E+00
   1.6589303E+00   4.2582109E+03   4.1920835E+03   9.8893728E+00
   1.6602104E+00   4.2620132E+03   4.1957065E+03   9.9795341E+00
   1.6634781E+00   4.2708521E+03   4.2044331E+03   1.0077044E+01
   1.6656226E+00   4.2728145E+03   4.2062671E+03   1.0113355E+01
   1.6676798E+00   4.2728755E+03   4.2067803E+03   1.0153763E+01
   1.6706048E+00   4.2746035E+03   4.2087524E+03   1.0226732E+01
   1.6726363E+00   4.2794409E+03   4.2129199E+03   1.0320506E+01
   1.6749878E+00   4.2825703E+03   4.2156885E+03   1.0350392E+01
   1.6777101E+00   4.2859805E+03   4.2189346E+03   1.0420617E+01
   1.6797594E+00   4.2919771E+03   4.2248994E+03   1.0503344E+01
   1.6819746E+00   4.2968052E+03   4.2289858E+03   1.0512255E+01
   1.6844169E+00   4.2992812E+03   4.2313179E+03   1.0564631E+01
   1.6871096E+00   4.3007700E+03   4.2329282E+03   1.0644452E+01
   1.6897709E+00   4.3045640E+03   4.2367563E+03   1.0662031E+01
   1.6911713E+00   4.3073647E+03   4.2391753E+03   1.0702958E+01
   1.6939865E+00   4.3190200E+03   4.2500947E+03   1.0907612E+01
   1.6966152E+00   4.3177197E+03   4.2487070E+03   1.0830651E+01
   1.6993182E+00   4.3143579E+03   4.2463271E+03   1.0824607E+01
   1.7019092E+00   4.3175054E+03   4.2495625E+03   1.0960770E+01
   1.7032255E+00   4.3411152E+03   4.2707075E+03   1.1228790E+01
   1.7058789E+00   4.3371470E+03   4.2669912E+03   1.1127829E+01
   1.7087427E+00   4.3292065E+03   4.2603643E+03   1.1086864E+01
   1.7104248E+00   4.3260107E+03   4.2583154E+03   1.1072210E+01
   1.7132710E+00   4.3339316E+03   4.2653740E+03   1.1159263E+01
   1.7154055E+00   4.3449224E+03   4.2748242E+03   1.1309914E+01
   1.7176751E+00   4.3481147E+03   4.2778535E+03   1.1357214E+01
   1.7201772E+00   4.3543530E+03   4.2842671E+03   1.1394905E+01
   1.7229358E+00   4.3570366E+03   4.2863540E+03   1.1421368E+01
   1.7244164E+00   4.3583052E+03   4.2875430E+03   1.1412841E+01
   1.7268476E+00   4.3600161E+03   4.2894609E+03   1.1450485E+01
   1.7295280E+00   4.3632817E+03   4.2925845E+03   1.1538088E+01
   1.7322468E+00   4.3679849E+03   4.2969282E+03   1.1604702E+01
   1.7345784E+00   4.3945244E+03   4.3210044E+03   1.1819122E+01
   1.7371405E+00   4.3818804E+03   4.3094561E+03   1.1651126E+01
   1.7399499E+00   4.3703330E+03   4.2995894E+03   1.1645436E+01
   1.7414513E+00   4.3692998E+03   4.2986426E+03   1.1622840E+01
   1.7442858E+00   4.3855703E+03   4.3134111E+03   1.1874797E+01
   1.7468529E+00   4.3878892E+03   4.3155068E+03   1.1863975E+01
   1.7481612E+00   4.3899590E+03   4.3176904E+03   1.1890842E+01
   1.7506795E+00   4.4142085E+03   4.3401343E+03   1.1966900E+01
   1.7534560E+00   4.4115220E+03   4.3371958E+03   1.2042453E+01
   1.7564485E+00   4.4015527E+03   4.3283735E+03   1.1985888E+01
   1.7586929E+00   4.3976338E+03   4.3252119E+03   1.2007232E+01
   1.7611674E+00   4.4036699E+03   4.3305815E+03   1.2140500E+01
   1.7632464E+00   4.4135210E+03   4.3395732E+03   1.2094729E+01
   1.7655385E+00   4.4248242E+03   4.3499375E+03   1.2231207E+01
   1.7678701E+00   4.4299761E+03   4.3549004E+03   1.2293895E+01
   1.7705693E+00   4.4307944E+03   4.3556475E+03   1.2241028E+01
   1.7726012E+00   4.4302485E+03   4.3552573E+03   1.2302263E+01
   1.7748414E+00   4.4309863E+03   4.3560337E+03   1.2359521E+01
   1.7773112E+00   4.4341528E+03   4.3586060E+03   1.2429856E+01
   1.7800341E+00   4.4410654E+03   4.3650493E+03   1.2440736E+01
   1.7814986E+00   4.4426582E+03   4.3664468E+03   1.2462368E+01
   1.7840047E+00   4.4472627E+03   4.3706797E+03   1.2497603E+01
   1.7865402E+00   4.4509160E+03   4.3742295E+03   1.2577332E+01
   1.7889904E+00   4.4579136E+03   4.3808330E+03   1.2617090E+01
   1.7916917E+00   4.4614399E+03   4.3836401E+03   1.2666216E+01
   1.7945168E+00   4.4633511E+03   4.3854683E+03   1.2718904E+01
   1.7959878E+00   4.4640371E+03   4.3861123E+03   1.2711466E+01
   1.7989634E+00   4.4670767E+03   4.3890547E+03   1.2792246E+01
   1.8008803E+00   4.4761406E+03   4.3975923E+03   1.2870896E+01
   1.8029937E+00   4.4788872E+03   4.3997700E+03   1.2894255E+01
   1.8058357E+00   4.4817056E+03   4.4025088E+03   1.2918295E+01
   1.8076681E+00   4.4827725E+03   4.4036045E+03   1.2952457E+01
   1.8107749E+00   4.4848213E+03   4.4052231E+03   1.2980373E+01
   1.8131137E+00   4.4881909E+03   4.4084546E+03   1.3012740E+01
   1.8156921E+00   4.4934277E+03   4.4129497E+03   1.3086731E+01
   1.8170788E+00   4.4953833E+03   4.4146450E+03   1.3106297E+01
   1.8200407E+00   4.5007607E+03   4.4197261E+03   1.3142478E+01
   1.8230206E+00   4.5055874E+03   4.4239492E+03   1.3209259E+01
   1.8244951E+00   4.5068784E+03   4.4251782E+03   1.3233855E+01
   1.8273689E+00   4.5110210E+03   4.4289854E+03   1.3276122E+01
   1.8301337E+00   4.5160073E+03   4.4335547E+03   1.3328768E+01
   1.8315043E+00   4.5173687E+03   4.4346943E+03   1.3351130E+01
   1.8341987E+00   4.5222222E+03   4.4391816E+03   1.3396476E+01
   1.8368181E+00   4.5247153E+03   4.4411826E+03   1.3441168E+01
   1.8393859E+00   4.5283154E+03   4.4446777E+03   1.3496834E+01
   1.8419158E+00   4.5312959E+03   4.4472017E+03   1.3504683E+01
   1.8431705E+00   4.5328970E+03   4.4484707E+03   1.3509152E+01
   1.8456587E+00   4.5362612E+03   4.4517295E+03   1.3588672E+01
   1.8486320E+00   4.5420771E+03   4.4569478E+03   1.3644967E+01
   1.8505536E+00   4.5455586E+03   4.4602007E+03   1.3630348E+01
   1.8538116E+00   4.5490601E+03   4.4629634E+03   1.3691755E+01
   1.8561066E+00   4.5500400E+03   4.4638896E+03   1.3707771E+01
   1.8583697E+00   4.5515322E+03   4.4655698E+03   1.3748877E+01
   1.8605759E+00   4.5570229E+03   4.4702422E+03   1.3819117E+01
   1.8627791E+00   4.5604419E+03   4.4734644E+03   1.3828080E+01
   1.8649408E+00   4.5634541E+03   4.4758804E+03   1.3869356E+01
   1.8670810E+00   4.5662139E+03   4.4783672E+03   1.3884186E+01
   1.8702832E+00   4.5700215E+03   4.4817715E+03   1.3928325E+01
   1.8724233E+00   4.5725083E+03   4.4839448E+03   1.3958241E+01
   1.8745747E+00   4.5758540E+03   4.4870596E+03   1.3974623E+01
   1.8767321E+00   4.5786714E+03   4.4895767E+03   1.4023063E+01
   1.8798873E+00   4.5823530E+03   4.4925918E+03   1.4044851E+01
   1.8820099E+00   4.5844897E+03   4.4946133E+03   1.4072696E+01
   1.8841304E+00   4.5868750E+03   4.4967583E+03   1.4102888E+01
   1.8861115E+00   4.5898408E+03   4.4993906E+03   1.4140031E+01
   1.8890983E+00   4.5950000E+03   4.5039116E+03   1.4171001E+01
   1.8910804E+00   4.5973965E+03   4.5059326E+03   1.4217771E+01
   1.8940740E+00   4.6006499E+03   4.5090796E+03   1.4210391E+01
   1.8960807E+00   4.6024175E+03   4.5103188E+03   1.4267972E+01
   1.8980978E+00   4.6036001E+03   4.5111953E+03   1.4251710E+01
   1.9011418E+00   4.6057715E+03   4.5133706E+03   1.4308120E+01
   1.9031758E+00   4.6091934E+03   4.5161860E+03   1.4322563E+01
   1.9051653E+00   4.6118979E+03   4.5186553E+03   1.4361042E+01
   1.9082042E+00   4.6167344E+03   4.5230684E+03   1.4356589E+01
   1.9102136E+00   4.6187197E+03   4.5244604E+03   1.4404414E+01
   1.9130062E+00   4.6206221E+03   4.5261011E+03   1.4459839E+01
   1.9148917E+00   4.6218481E+03   4.5273652E+03   1.4462991E+01
   1.9176905E+00   4.6268843E+03   4.5319790E+03   1.4502482E+01
   1.9195731E+00   4.6300659E+03   4.5343892E+03   1.4496302E+01
   1.9224061E+00   4.6321597E+03   4.5362207E+03   1.4515304E+01
   1.9243070E+00   4.6332339E+03   4.5372329E+03   1.4545076E+01
   1.9271820E+00   4.6348965E+03   4.5383247E+03   1.4580409E+01
   1.9291147E+00   4.6369844E+03   4.5403291E+03   1.4582887E+01
   1.9320209E+00   4.6408584E+03   4.5438975E+03   1.4592855E+01
   1.9339153E+00   4.6450596E+03   4.5471060E+03   1.4609707E+01
   1.9367946E+00   4.6468921E+03   4.5491143E+03   1.4578094E+01
   1.9386942E+00   4.6486064E+03   4.5503691E+03   1.4658494E+01
   1.9413600E+00   4.6503330E+03   4.5518428E+03   1.4654864E+01
   1.9431520E+00   4.6523018E+03   4.5533716E+03   1.4659179E+01
   1.9458162E+00   4.6549131E+03   4.5559678E+03   1.4637211E+01
   1.9485011E+00   4.6569106E+03   4.5575317E+03   1.4660037E+01
   1.9502953E+00   4.6587090E+03   4.5589932E+03   1.4632545E+01
   1.9530042E+00   4.6601294E+03   4.5603003E+03   1.4647874E+01
   1.9557357E+00   4.6629731E+03   4.5628555E+03   1.4627126E+01
   1.9575697E+00   4.6640952E+03   4.5637896E+03   1.4630609E+01
   1.9603198E+00   4.6671719E+03   4.5662534E+03   1.4609575E+01
   1.9630121E+00   4.6692661E+03   4.5679966E+03   1.4587461E+01
   1.9647990E+00   4.6701152E+03   4.5687715E+03   1.4601410E+01
   1.9673941E+00   4.6725210E+03   4.5708218E+03   1.4587845E+01
   1.9699296E+00   4.6747271E+03   4.5727334E+03   1.4561189E+01
   1.9724389E+00   4.6771436E+03   4.5749966E+03   1.4515120E+01
   1.9741150E+00   4.6782256E+03   4.5758149E+03   1.4484605E+01
   1.9766405E+00   4.6794849E+03   4.5769043E+03   1.4470774E+01
   1.9791780E+00   4.6810962E+03   4.5781890E+03   1.4403774E+01
   1.9817276E+00   4.6823335E+03   4.5792427E+03   1.4363247E+01
   1.9842920E+00   4.6835889E+03   4.5800366E+03   1.4343322E+01
   1.9859998E+00   4.6844033E+03   4.5807100E+03   1.4335391E+01
   1.9885191E+00   4.6865044E+03   4.5828853E+03   1.4263848E+01
   1.9910226E+00   4.6892026E+03   4.5849868E+03   1.4212709E+01
   1.9933662E+00   4.6920503E+03   4.5878306E+03   1.4122682E+01
   1.9957173E+00   4.6926929E+03   4.5881450E+03   1.4099988E+01
   1.9980580E+00   4.6925244E+03   4.5878730E+03   1.4071792E+01
   2.0004086E+00   4.6927241E+03   4.5878540E+03   1.4026933E+01
   2.0027690E+00   4.6934673E+03   4.5883984E+03   1.3966141E+01
   2.0051360E+00   4.6947437E+03   4.5896069E+03   1.3907193E+01
   2.0075078E+00   4.6966362E+03   4.5913125E+03   1.3804987E+01
   2.0098789E+00   4.6993447E+03   4.5940659E+03   1.3712111E+01
   2.0122545E+00   4.7003262E+03   4.5946401E+03   1.3648995E+01
   2.0146399E+00   4.7004834E+03   4.5944585E+03   1.3652020E+01
   2.0170281E+00   4.7002612E+03   4.5941108E+03   1.3576232E+01
   2.0194139E+00   4.7010278E+03   4.5950146E+03   1.3497907E+01
   2.0217395E+00   4.7033525E+03   4.5969307E+03   1.3358737E+01
   2.0239844E+00   4.7041826E+03   4.5978813E+03   1.3294523E+01
   2.0269105E+00   4.7050635E+03   4.5986187E+03   1.3208378E+01
   2.0290613E+00   4.7052959E+03   4.5985479E+03   1.3152092E+01
   2.0312026E+00   4.7051328E+03   4.5983442E+03   1.3094461E+01
   2.0340455E+00   4.7052056E+03   4.5987109E+03   1.2930589E+01
   2.0361686E+00   4.7062148E+03   4.5994609E+03   1.2852363E+01
   2.0382838E+00   4.7071216E+03   4.6001646E+03   1.2771373E+01
   2.0410898E+00   4.7077876E+03   4.6008457E+03   1.2657102E+01
   2.0431910E+00   4.7081572E+03   4.6011958E+03   1.2554478E+01
   2.0459888E+00   4.7082832E+03   4.6012812E+03   1.2424345E+01
   2.0480788E+00   4.7082241E+03   4.6011929E+03   1.2332878E+01
   2.0501590E+00   4.7082212E+03   4.6011787E+03   1.2256573E+01
   2.0529151E+00   4.7083945E+03   4.6012773E+03   1.2127574E+01
   2.0549688E+00   4.7084927E+03   4.6014097E+03   1.2042209E+01
   2.0576882E+00   4.7087173E+03   4.6015830E+03   1.1885170E+01
   2.0597134E+00   4.7087256E+03   4.6016621E+03   1.1772078E+01
   2.0623937E+00   4.7084863E+03   4.6016196E+03   1.1630545E+01
   2.0650508E+00   4.7084434E+03   4.6015239E+03   1.1487104E+01
   2.0670283E+00   4.7080630E+03   4.6012212E+03   1.1392973E+01
   2.0696442E+00   4.7078628E+03   4.6009316E+03   1.1308346E+01
   2.0715909E+00   4.7077808E+03   4.6007695E+03   1.1223495E+01
   2.0741665E+00   4.7073242E+03   4.6004565E+03   1.1051782E+01
   2.0767202E+00   4.7067178E+03   4.6001812E+03   1.0878661E+01
   2.0792532E+00   4.7063408E+03   4.5999028E+03   1.0721678E+01
   2.0811398E+00   4.7059355E+03   4.5995024E+03   1.0638470E+01
   2.0836387E+00   4.7051426E+03   4.5987769E+03   1.0506554E+01
   2.0861228E+00   4.7044253E+03   4.5981553E+03   1.0379281E+01
   2.0885980E+00   4.7038252E+03   4.5976880E+03   1.0218314E+01
   2.0910609E+00   4.7030391E+03   4.5972134E+03   1.0040535E+01
   2.0935082E+00   4.7024961E+03   4.5968169E+03   9.9065466E+00
   2.0953345E+00   4.7021582E+03   4.5964375E+03   9.8215199E+00
   2.0977590E+00   4.7012251E+03   4.5956089E+03   9.6994438E+00
   2.1001828E+00   4.7004082E+03   4.5949673E+03   9.5439644E+00
   2.1026397E+00   4.6992676E+03   4.5940713E+03   9.3868980E+00
   2.1051874E+00   4.6974072E+03   4.5926929E+03   9.1979275E+00
   2.1072168E+00   4.6960415E+03   4.5915562E+03   9.0045328E+00
   2.1100056E+00   4.6947310E+03   4.5903765E+03   8.8851614E+00
   2.1120880E+00   4.6940737E+03   4.5898062E+03   8.7743921E+00
   2.1146824E+00   4.6936201E+03   4.5892827E+03   8.6192570E+00
   2.1173356E+00   4.6918096E+03   4.5881562E+03   8.3712883E+00
   2.1193612E+00   4.6906401E+03   4.5872651E+03   8.2360477E+00
   2.1220002E+00   4.6896465E+03   4.5863555E+03   8.1086779E+00
   2.1239064E+00   4.6886265E+03   4.5853550E+03   8.0766468E+00
   2.1264358E+00   4.6860190E+03   4.5834497E+03   7.8333859E+00
   2.1289470E+00   4.6830542E+03   4.5809805E+03   7.4343100E+00
   2.1314878E+00   4.6823799E+03   4.5803896E+03   7.5212760E+00
   2.1334307E+00   4.6826406E+03   4.5805679E+03   7.3891678E+00
   2.1361341E+00   4.6815039E+03   4.5796509E+03   7.2069750E+00
   2.1381619E+00   4.6791099E+03   4.5779326E+03   7.0352130E+00
   2.1407881E+00   4.6759351E+03   4.5753354E+03   6.8320212E+00
   2.1434610E+00   4.6736035E+03   4.5737119E+03   6.5096803E+00
   2.1454670E+00   4.6724517E+03   4.5723506E+03   6.4647756E+00
   2.1481607E+00   4.6703115E+03   4.5706069E+03   6.4210267E+00
   2.1501586E+00   4.6689385E+03   4.5695332E+03   6.2601652E+00
   2.1528101E+00   4.6675781E+03   4.5684126E+03   6.0566335E+00
   2.1548083E+00   4.6660649E+03   4.5673198E+03   5.8799453E+00
   2.1575024E+00   4.6634751E+03   4.5653364E+03   5.7456636E+00
   2.1595180E+00   4.6612109E+03   4.5636548E+03   5.5275764E+00
   2.1621633E+00   4.6555928E+03   4.5586479E+03   5.2817879E+00
   2.1648262E+00   4.6526733E+03   4.5568403E+03   5.1507230E+00
   2.1668229E+00   4.6531094E+03   4.5566699E+03   5.0387602E+00
   2.1694930E+00   4.6515786E+03   4.5552852E+03   4.9705811E+00
   2.1714988E+00   4.6492124E+03   4.5539609E+03   4.5553198E+00
   2.1741707E+00   4.6458765E+03   4.5510479E+03   4.5558615E+00
   2.1761701E+00   4.6438579E+03   4.5496191E+03   4.4496975E+00
   2.1788340E+00   4.6413696E+03   4.5470391E+03   4.2598615E+00
   2.1814885E+00   4.6378457E+03   4.5443071E+03   4.1562772E+00
   2.1834764E+00   4.6366191E+03   4.5432051E+03   4.0288877E+00
   2.1861339E+00   4.6320176E+03   4.5395688E+03   3.7904823E+00
   2.1881213E+00   4.6296079E+03   4.5380239E+03   3.5831079E+00
   2.1907699E+00   4.6286382E+03   4.5367949E+03   3.5173218E+00
   2.1927557E+00   4.6272563E+03   4.5358501E+03   3.4234436E+00
   2.1953967E+00   4.6216143E+03   4.5307769E+03   3.1565852E+00
   2.1980309E+00   4.6151460E+03   4.5259780E+03   3.0295129E+00
   2.2000098E+00   4.6142217E+03   4.5251777E+03   2.8629868E+00
   2.2026424E+00   4.6137573E+03   4.5245112E+03   2.7512949E+00
   2.2046175E+00   4.6110962E+03   4.5223374E+03   2.6110594E+00
   2.2072449E+00   4.6056133E+03   4.5182598E+03   2.4771676E+00
   2.2098761E+00   4.6037163E+03   4.5164790E+03   2.2702062E+00
   2.2118556E+00   4.6018198E+03   4.5148945E+03   2.2216439E+00
   2.2144980E+00   4.5987339E+03   4.5124404E+03   2.0951192E+00
   2.2164781E+00   4.5952485E+03   4.5093682E+03   1.8961198E+00
   2.2191162E+00   4.5890752E+03   4.5041284E+03   1.7154472E+00
   2.2217598E+00   4.5780405E+03   4.4948394E+03   1.4254910E+00
   2.2237430E+00   4.5744629E+03   4.4921396E+03   1.3011043E+00
   2.2263887E+00   4.5787197E+03   4.4953916E+03   1.3721073E+00
   2.2283757E+00   4.5798784E+03   4.4961836E+03   1.3253424E+00
   2.2310243E+00   4.5761470E+03   4.4941475E+03   1.1447704E+00
   2.2336483E+00   4.5667744E+03   4.4861382E+03   8.2098883E-01
   2.2356350E+00   4.5629624E+03   4.4834746E+03   7.7966082E-01
   2.2382534E+00   4.5627363E+03   4.4824551E+03   6.7309010E-01
   2.2408955E+00   4.5559849E+03   4.4755938E+03   4.6209165E-01
   2.2428913E+00   4.5471035E+03   4.4689316E+03   4.4177392E-01
   2.2455511E+00   4.5435557E+03   4.4660601E+03   2.9607171E-01
   2.2475536E+00   4.5435605E+03   4.4660400E+03   6.3813344E-02
   2.2502077E+00   4.5412944E+03   4.4645771E+03   2.3492594E-01
   2.2522099E+00   4.5388584E+03   4.4618223E+03  -1.3050793E-01
   2.2548988E+00   4.5331484E+03   4.4578628E+03  -1.7171854E-01
   2.2569239E+00   4.5255996E+03   4.4509790E+03  -5.8551699E-01
   2.2596362E+00   4.5184370E+03   4.4451733E+03  -4.8429638E-01
   2.2616816E+00   4.5177183E+03   4.4438198E+03  -8.3704418E-01
   2.2644379E+00   4.5185493E+03   4.4455752E+03  -3.6679542E-01
   2.2669988E+00   4.5079629E+03   4.4364375E+03  -9.3455166E-01
   2.2690737E+00   4.5073530E+03   4.4363330E+03  -9.1941136E-01
   2.2711573E+00   4.5027280E+03   4.4300894E+03  -1.3298467E+00
   2.2738791E+00   4.4963052E+03   4.4267705E+03  -1.3488485E+00
   2.2759199E+00   4.4918247E+03   4.4224824E+03  -1.0863324E+00
   2.2787664E+00   4.4874541E+03   4.4174302E+03  -1.8091681E+00
   2.2809224E+00   4.4809771E+03   4.4133574E+03  -1.3878993E+00
   2.2830393E+00   4.4801055E+03   4.4115576E+03  -2.1129582E+00
   2.2859418E+00   4.4738071E+03   4.4074434E+03  -1.2838366E+00
   2.2881413E+00   4.4724146E+03   4.4047935E+03  -1.5641724E+00
   2.2906239E+00   4.4600449E+03   4.3941475E+03  -2.3578050E+00
   2.2928061E+00   4.4534448E+03   4.3899980E+03  -2.1570890E+00
   2.2949331E+00   4.4555737E+03   4.3901675E+03  -2.1233327E+00
   2.2975779E+00   4.4525435E+03   4.3886045E+03  -1.4729578E+00
   2.3000066E+00   4.4460664E+03   4.3818135E+03  -2.4519053E+00
   2.3024249E+00   4.4328784E+03   4.3724307E+03  -3.0642722E+00
   2.3046858E+00   4.4366782E+03   4.3748320E+03  -2.5369313E+00
   2.3069365E+00   4.4324902E+03   4.3707178E+03  -2.4114521E+00
   2.3095877E+00   4.4092412E+03   4.3497085E+03  -2.6134269E+00
   2.3119371E+00   4.4179521E+03   4.3589897E+03  -2.2866914E+00
   2.3144946E+00   4.4193833E+03   4.3590010E+03  -2.6615269E+00
   2.3166738E+00   4.4041372E+03   4.3453735E+03  -3.6218321E+00
   2.3188651E+00   4.3978706E+03   4.3411528E+03  -3.6265216E+00
   2.3213565E+00   4.3953242E+03   4.3382939E+03  -3.2670288E+00
   2.3235714E+00   4.3952686E+03   4.3382378E+03  -3.3345783E+00
   2.3260288E+00   4.3942178E+03   4.3368311E+03  -3.4333966E+00
   2.3285046E+00   4.3839897E+03   4.3273989E+03  -3.6276340E+00
   2.3308108E+00   4.3625161E+03   4.3090254E+03  -3.1825769E+00
   2.3333294E+00   4.3680425E+03   4.3132485E+03  -3.7102745E+00
   2.3358371E+00   4.3677744E+03   4.3137471E+03  -4.4403000E+00
   2.3381157E+00   4.3655303E+03   4.3115239E+03  -4.8441763E+00
   2.3403111E+00   4.3570645E+03   4.3047007E+03  -4.0309329E+00
   2.3429799E+00   4.3435850E+03   4.2915405E+03  -4.7016873E+00
   2.3453009E+00   4.3365039E+03   4.2854302E+03  -4.4726071E+00
   2.3478212E+00   4.3354629E+03   4.2848384E+03  -4.5674815E+00
   2.3495297E+00   4.3338662E+03   4.2837451E+03  -4.6557961E+00
   2.3521039E+00   4.3282495E+03   4.2784424E+03  -4.5995479E+00
   2.3546753E+00   4.3235498E+03   4.2743379E+03  -4.6725402E+00
   2.3572319E+00   4.3146904E+03   4.2658970E+03  -5.1835971E+00
   2.3597658E+00   4.3053862E+03   4.2575557E+03  -5.1286569E+00
   2.3614516E+00   4.3023916E+03   4.2548481E+03  -4.8970442E+00
   2.3639629E+00   4.2975703E+03   4.2505356E+03  -5.1940804E+00
   2.3664591E+00   4.2923086E+03   4.2458057E+03  -5.4175520E+00
   2.3689334E+00   4.2864102E+03   4.2399077E+03  -5.7703099E+00
   2.3715487E+00   4.2789619E+03   4.2343506E+03  -5.3312922E+00
   2.3734529E+00   4.2756260E+03   4.2302319E+03  -5.7201290E+00
   2.3764658E+00   4.2666118E+03   4.2226216E+03  -5.7494712E+00
