  flscon:  version 22.2.0.05  win64 2022 
 FLOW-3D   14:48:24  12/08/2023 isnw     
   hydr3d   version  22.2.0.16 win64     09/12/2022 HYDRO    
 Simulation Template: Free Surface - TruVOF (Default)                            

Mesh Block   1
 printing pfxob, pfyob, pfzob, pfob       
       1     1002      0.000E+00      1.688E+01
   time              pfxob_1         pfyob_1         pfzob_1         pfob_1
   0.0000000E+00   1.3569767E-03   3.2843509E+00   3.4815626E+00   4.7862554E+00
   8.8658482E-03  -2.6396284E-02  -2.1268703E+01   3.4523058E+00   2.1547085E+01
   1.6821517E-02  -3.6242004E-02   2.0716159E+00   3.5231078E+00   4.0871987E+00
   3.3946093E-02  -1.2457088E-02   2.6081159E+00   3.5468130E+00   4.4025340E+00
   5.1435992E-02  -2.5653273E-03   3.0083921E+00   3.5719328E+00   4.6700249E+00
   6.8895392E-02   7.0696534E-03   3.4594259E+00   3.6081462E+00   4.9986396E+00
   8.6038984E-02   1.3724898E-02   3.8267605E+00   3.6248796E+00   5.2710567E+00
   1.0362396E-01   2.3240471E-02   4.3369203E+00   3.6555851E+00   5.6721001E+00
   1.2134441E-01   3.8781729E-02   4.8340802E+00   3.6765814E+00   6.0734739E+00
   1.3907731E-01   6.5208852E-02   5.3815098E+00   3.6799991E+00   6.5197616E+00
   1.4790100E-01   8.4918655E-02   5.7959771E+00   3.7305419E+00   6.8932939E+00
   1.6544707E-01   1.2505680E-01   6.4897566E+00   3.7218108E+00   7.4822760E+00
   1.8255520E-01   1.6450667E-01   7.3034520E+00   3.7532852E+00   8.2130766E+00
   2.0471668E-01   2.2735961E-01   8.4984751E+00   3.7738743E+00   9.3014994E+00
   2.1772021E-01   2.6333839E-01   9.2659836E+00   3.8223646E+00   1.0026877E+01
   2.3534645E-01   2.8639439E-01   1.0335515E+01   3.8080838E+00   1.1018457E+01
   2.5092006E-01   3.0666065E-01   1.1313247E+01   3.8179641E+00   1.1944055E+01
   2.6960295E-01   2.9452318E-01   1.2326989E+01   3.8539760E+00   1.2918767E+01
   2.8671461E-01   2.6948571E-01   1.3263385E+01   3.9067068E+00   1.3829402E+01
   3.0263460E-01   2.2278483E-01   1.4239063E+01   3.9117990E+00   1.4768301E+01
   3.2115498E-01   1.0805262E-01   1.4985474E+01   3.8884475E+00   1.5482122E+01
   3.3876258E-01  -3.6252622E-02   1.5617025E+01   3.8978631E+00   1.6096153E+01
   3.5544083E-01  -2.6905584E-01   1.5843933E+01   3.9154549E+00   1.6322786E+01
   3.7158284E-01  -3.5012823E-01   1.6213017E+01   3.9235818E+00   1.6684694E+01
   3.8738680E-01  -4.4207850E-01   1.5892972E+01   3.9393373E+00   1.6379877E+01
   4.0594268E-01  -5.9723955E-01   1.6110222E+01   3.9275794E+00   1.6592825E+01
   4.2108601E-01  -8.2800597E-01   1.5868876E+01   3.9260955E+00   1.6368294E+01
   4.3931878E-01  -1.0505385E+00   1.4919645E+01   3.9378598E+00   1.5466291E+01
   4.5443812E-01  -1.0117687E+00   1.4185269E+01   3.9375644E+00   1.4756353E+01
   4.7286469E-01  -1.1993639E+00   1.2545265E+01   3.9434657E+00   1.3205040E+01
   4.8852620E-01  -1.3009485E+00   1.2139793E+01   3.9368098E+00   1.2828309E+01
   5.0787115E-01  -1.3904848E+00   1.0522777E+01   3.9355109E+00   1.1320359E+01
   5.2455431E-01  -1.3308549E+00   8.4507008E+00   3.9070733E+00   9.4048262E+00
   5.4174453E-01  -1.3724518E+00   7.8219318E+00   3.9292023E+00   8.8602972E+00
   5.5595100E-01  -1.3260976E+00   6.3564043E+00   3.9088964E+00   7.5790424E+00
   5.7398939E-01  -1.2408046E+00   5.2366962E+00   3.9265735E+00   6.6618738E+00
   5.9007299E-01  -1.2272652E+00   3.7439637E+00   3.9058809E+00   5.5479140E+00
   6.0776091E-01  -9.9029386E-01   2.0253248E+00   3.8814707E+00   4.4887009E+00
   6.2622249E-01  -1.0059825E+00   5.8509868E-01   3.8600962E+00   4.0317097E+00
   6.3950992E-01  -8.3032185E-01  -3.0055994E-01   3.8539946E+00   3.9538646E+00
   6.5622658E-01  -6.1452758E-01  -1.5753952E+00   3.7955613E+00   4.1552138E+00
   6.7420107E-01  -6.4152551E-01  -2.4258897E+00   3.7971301E+00   4.5513396E+00
   6.9128335E-01  -4.7779796E-01  -3.3343215E+00   3.7564952E+00   5.0455174E+00
   7.0710564E-01  -3.8632900E-01  -3.8445351E+00   3.7712817E+00   5.3992839E+00
   7.2405821E-01  -4.4802475E-01  -4.5531287E+00   3.7040758E+00   5.8865848E+00
   7.4095964E-01  -2.9408669E-01  -4.9797974E+00   3.7278190E+00   6.2274799E+00
   7.5785613E-01  -5.0092703E-01  -5.7847900E+00   3.6902344E+00   6.8798656E+00
   7.7596217E-01  -2.5069651E-01  -6.2140059E+00   3.6515718E+00   7.2118444E+00
   7.9210764E-01  -3.7787873E-01  -6.8812947E+00   3.6205039E+00   7.7847967E+00
   8.0867475E-01  -3.3058125E-01  -7.2346206E+00   3.5646946E+00   8.0719309E+00
   8.2926822E-01  -2.0961343E-01  -8.0638523E+00   3.5742869E+00   8.8229914E+00
   8.4311908E-01  -2.8311515E-01  -8.3711138E+00   3.5041628E+00   9.0793648E+00
   8.6022776E-01  -1.9346079E-01  -8.8592062E+00   3.4716587E+00   9.5171099E+00
   8.7930042E-01  -3.2035753E-01  -9.4435091E+00   3.4400527E+00   1.0055668E+01
   8.9358634E-01  -2.7434722E-01  -1.0035027E+01   3.4598825E+00   1.0618278E+01
   9.1064376E-01  -2.7382302E-01  -1.0389579E+01   3.4060464E+00   1.0937069E+01
   9.2732066E-01  -3.0904689E-01  -1.0823871E+01   3.4174118E+00   1.1354752E+01
   9.4408697E-01  -3.0966425E-01  -1.1187585E+01   3.3790407E+00   1.1690845E+01
   9.6107525E-01  -3.0954787E-01  -1.1246089E+01   3.3137500E+00   1.1728226E+01
   9.7831631E-01  -3.5553008E-01  -1.1601728E+01   3.3416500E+00   1.2078623E+01
   9.9600875E-01  -3.7468156E-01  -1.1702303E+01   3.3056002E+00   1.2165989E+01
   1.0136743E+00  -2.2922337E-01  -1.1672832E+01   3.2930112E+00   1.2130600E+01
   1.0284780E+00  -3.8818362E-01  -1.1691926E+01   3.2764196E+00   1.2148529E+01
   1.0484449E+00  -3.8551584E-01  -1.1552119E+01   3.2578237E+00   1.2008893E+01
   1.0645421E+00  -3.5490704E-01  -1.1501926E+01   3.2587807E+00   1.1959929E+01
   1.0808169E+00  -3.6629274E-01  -1.0954926E+01   3.2145798E+00   1.1422701E+01
   1.0963099E+00  -3.1455681E-01  -1.1086375E+01   3.2461128E+00   1.1556120E+01
   1.1141944E+00  -2.9444906E-01  -1.0684515E+01   3.2230508E+00   1.1163942E+01
   1.1313050E+00  -2.8352129E-01  -1.0335752E+01   3.2248590E+00   1.0830876E+01
   1.1465037E+00  -2.8385755E-01  -9.9112043E+00   3.1991289E+00   1.0418588E+01
   1.1647403E+00  -3.0247077E-01  -9.6757107E+00   3.2139554E+00   1.0200019E+01
   1.1833267E+00  -3.3634892E-01  -8.9875937E+00   3.2034111E+00   9.5473461E+00
   1.1994966E+00  -3.7756816E-01  -8.9099102E+00   3.2047234E+00   9.4762506E+00
   1.2156943E+00  -4.2547870E-01  -8.3936930E+00   3.2121446E+00   8.9973879E+00
   1.2318119E+00  -4.8334330E-01  -8.1997633E+00   3.2022922E+00   8.8161449E+00
   1.2481935E+00  -5.4523283E-01  -7.7627478E+00   3.2050774E+00   8.4160595E+00
   1.2648493E+00  -6.0409242E-01  -7.3742290E+00   3.2093465E+00   8.0649920E+00
   1.2817026E+00  -6.5233952E-01  -6.9486084E+00   3.2118902E+00   7.6827693E+00
   1.2987969E+00  -7.0616603E-01  -6.5543489E+00   3.2158000E+00   7.3348165E+00
   1.3159893E+00  -7.4400657E-01  -6.1183581E+00   3.2229586E+00   6.9552364E+00
   1.3331444E+00  -7.7357519E-01  -5.6995044E+00   3.2277739E+00   6.5955510E+00
   1.3501234E+00  -7.7764660E-01  -5.2314901E+00   3.2354541E+00   6.2001119E+00
   1.3670392E+00  -8.0454773E-01  -4.8143377E+00   3.2407379E+00   5.8589697E+00
   1.3841715E+00  -8.1747442E-01  -4.1243253E+00   3.2623467E+00   5.3217697E+00
   1.4013983E+00  -7.7162242E-01  -3.8218720E+00   3.2562401E+00   5.0798826E+00
   1.4186598E+00  -8.0776763E-01  -3.2416165E+00   3.2682102E+00   4.6735172E+00
   1.4358346E+00  -7.3646498E-01  -2.5637169E+00   3.2999980E+00   4.2432313E+00
   1.4530922E+00  -7.1362633E-01  -2.2164791E+00   3.2905955E+00   4.0311365E+00
   1.4665004E+00  -6.9211793E-01  -1.7802014E+00   3.3019140E+00   3.8145485E+00
   1.4851277E+00  -6.6006809E-01  -1.1452692E+00   3.3242943E+00   3.5774660E+00
   1.5045360E+00  -6.2250930E-01  -5.6290495E-01   3.3413894E+00   3.4451797E+00
   1.5195887E+00  -6.0267532E-01  -6.0768694E-02   3.3490486E+00   3.4033861E+00
   1.5347669E+00  -5.8637506E-01   3.4005740E-01   3.3574021E+00   3.4251456E+00
   1.5527316E+00  -5.0523400E-01   7.8101128E-01   3.3479004E+00   3.4747195E+00
   1.5676208E+00  -4.8476961E-01   1.7100873E+00   3.4292464E+00   3.8625290E+00
   1.5848505E+00  -4.2779893E-01   2.0546064E+00   3.4106076E+00   4.0045805E+00
   1.6042221E+00  -3.8346061E-01   2.5792866E+00   3.4129543E+00   4.2951155E+00
   1.6228932E+00  -3.3128986E-01   3.7368042E+00   3.5011568E+00   5.1314287E+00
   1.6349829E+00  -2.8254613E-01   3.9068024E+00   3.4723785E+00   5.2345343E+00
   1.6533213E+00  -2.1778582E-01   4.3466516E+00   3.4612603E+00   5.5606775E+00
   1.6723293E+00  -1.7253004E-01   5.2644119E+00   3.5146725E+00   6.3321972E+00
   1.6910462E+00  -1.5469430E-01   6.0696449E+00   3.5424902E+00   7.0294919E+00
   1.7034119E+00  -1.3788067E-01   6.5384741E+00   3.5538621E+00   7.4431572E+00
   1.7217475E+00  -1.3536069E-01   7.2264681E+00   3.5526154E+00   8.0536480E+00
   1.7411869E+00  -1.3550937E-01   8.3538303E+00   3.6465831E+00   9.1160526E+00
   1.7544223E+00  -1.5972459E-01   8.8208246E+00   3.6211250E+00   9.5365095E+00
   1.7730316E+00  -2.0448445E-01   9.6367760E+00   3.6125932E+00   1.0293693E+01
   1.7902653E+00  -1.9343381E-01   1.0750337E+01   3.6956449E+00   1.1369474E+01
   1.8064697E+00  -2.0950912E-01   1.1399106E+01   3.6455996E+00   1.1969707E+01
   1.8218232E+00  -2.3829880E-01   1.2606965E+01   3.7474403E+00   1.3154302E+01
   1.8411355E+00  -2.7065915E-01   1.3648496E+01   3.7230208E+00   1.4149755E+01
   
