  flscon:  version 22.2.0.05  win64 2022 
 FLOW-3D   13:42:43  08/25/2023 jcer     
   hydr3d   version  22.2.0.16 win64     09/12/2022 HYDRO    
 Simulation Template: Free Surface - TruVOF (Default)                            

Mesh Block   1
 printing pfxob, pfyob, pfzob, pfob       
       1     1002      0.000E+00      2.280E+01
   time              pfxob_1         pfyob_1         pfzob_1         pfob_1
   0.0000000E+00  -2.6145222E-04  -1.5343215E+00   5.6302545E-16   1.5343215E+00
   6.7640292E-03  -1.2882936E-02   1.1076028E+02   7.2122542E-16   1.1076028E+02
   2.5093703E-02  -2.4630935E-03  -1.3006408E+00   5.6519523E-16   1.3006431E+00
   4.4290140E-02  -3.1567886E-03  -1.2273177E+00   5.5009893E-16   1.2273217E+00
   7.1559951E-02  -4.0406701E-03  -1.1727628E+00   5.4705903E-16   1.1727697E+00
   9.4967961E-02  -3.2332023E-03  -1.2717301E+00   5.4844674E-16   1.2717342E+00
   1.1258898E-01  -4.0203594E-03  -1.3699871E+00   5.5053764E-16   1.3699930E+00
   1.3916838E-01  -2.6326762E-03  -1.6483964E+00   5.5971413E-16   1.6483985E+00
   1.5715776E-01  -3.7166274E-03  -1.8807052E+00   5.6727353E-16   1.8807089E+00
   1.8181461E-01  -3.3002936E-03  -2.2796502E+00   5.7690239E-16   2.2796526E+00
   2.0300701E-01  -1.1174484E-03  -2.6011000E+00   5.7768007E-16   2.6011002E+00
   2.2753988E-01  -8.3757879E-04  -2.8841293E+00   5.7415514E-16   2.8841293E+00
   2.5381941E-01  -1.9738502E-03  -3.1149595E+00   5.6970457E-16   3.1149602E+00
   2.7177256E-01  -1.3940235E-03  -3.2214551E+00   5.6846922E-16   3.2214553E+00
   2.9408607E-01  -8.8594627E-04  -3.2689331E+00   5.6951398E-16   3.2689331E+00
   3.2120827E-01   3.7376547E-05  -3.2266972E+00   5.7309625E-16   3.2266972E+00
   3.4014100E-01   1.2913245E-03  -3.0989203E+00   5.7562549E-16   3.0989206E+00
   3.6629733E-01  -3.9124789E-04  -2.9191988E+00   5.7229532E-16   2.9191988E+00
   3.8651657E-01   6.2510039E-04  -2.7287297E+00   5.6314170E-16   2.7287300E+00
   4.1130751E-01   1.2714482E-03  -2.5575867E+00   5.5263971E-16   2.5575869E+00
   4.3178296E-01   2.5061719E-04  -2.4473612E+00   5.4742151E-16   2.4473612E+00
   4.5661297E-01  -5.5609894E-04  -2.3542149E+00   5.4929192E-16   2.3542151E+00
   4.8114344E-01  -8.0801593E-04  -2.2905288E+00   5.5572619E-16   2.2905290E+00
   5.0295204E-01   2.7055337E-04  -2.2966785E+00   5.6487510E-16   2.2966785E+00
   5.2730578E-01   1.8065518E-03  -2.3460460E+00   5.7561421E-16   2.3460467E+00
   5.4778433E-01  -3.8507063E-05  -2.3818376E+00   5.7886856E-16   2.3818376E+00
   5.7148105E-01  -1.3249574E-04  -2.4030190E+00   5.7566244E-16   2.4030190E+00
   5.8931941E-01   3.3325511E-03  -2.3712981E+00   5.7246743E-16   2.3713005E+00
   6.1610895E-01   1.7117354E-03  -2.2624359E+00   5.6854011E-16   2.2624366E+00
   6.4090282E-01  -1.7280878E-04  -2.0812323E+00   5.6767751E-16   2.0812323E+00
   6.5818626E-01  -6.6072948E-04  -1.9724238E+00   5.6875504E-16   1.9724239E+00
   6.8554109E-01  -4.7628363E-04  -1.6908566E+00   5.7358408E-16   1.6908567E+00
   7.0986062E-01  -9.2923274E-04  -1.4114716E+00   5.7338080E-16   1.4114718E+00
   7.2797036E-01  -5.1406631E-04  -1.2179754E+00   5.6968556E-16   1.2179755E+00
   7.5554264E-01  -1.7880354E-03  -9.5372951E-01   5.5852283E-16   9.5373118E-01
   7.7177131E-01  -2.7537767E-03  -8.2661939E-01   5.5253733E-16   8.2662398E-01
   8.0098498E-01  -4.5282431E-03  -7.0919991E-01   5.4975869E-16   7.0921433E-01
   8.2074481E-01  -3.4150381E-03  -6.4199322E-01   5.5199935E-16   6.4200234E-01
   8.4361935E-01  -3.8012001E-03  -6.0606104E-01   5.5908828E-16   6.0607296E-01
   8.6927742E-01  -4.5957197E-03  -6.3426340E-01   5.7015291E-16   6.3428003E-01
   8.8628030E-01  -6.3905991E-03  -6.8288058E-01   5.7478025E-16   6.8291050E-01
   9.1156936E-01  -5.9464765E-03  -7.3499221E-01   5.7607822E-16   7.3501629E-01
   9.3720216E-01  -5.8822902E-03  -7.2116834E-01   5.7193989E-16   7.2119230E-01
   9.5479876E-01  -5.5688517E-03  -6.9515222E-01   5.6990833E-16   6.9517452E-01
   9.8251992E-01  -6.3216407E-03  -4.4814441E-01   5.6748481E-16   4.4818899E-01
   1.0028405E+00  -6.4526391E-03  -3.6879429E-01   5.6818065E-16   3.6885074E-01
   1.0263641E+00  -6.7202882E-03  -9.6837856E-02   5.7239183E-16   9.7070761E-02
   1.0528915E+00  -7.5513287E-03   2.3673372E-01   5.7554121E-16   2.3685412E-01
   1.0700713E+00  -7.7465731E-03   4.7112218E-01   5.7317915E-16   4.7118586E-01
   1.0938318E+00  -6.8567945E-03   7.7833372E-01   5.6446138E-16   7.7836394E-01
   1.1166341E+00  -7.8149233E-03   9.9371618E-01   5.5584896E-16   9.9374688E-01
   1.1372855E+00  -8.7094717E-03   1.1513520E+00   5.5089985E-16   1.1513849E+00
   1.1655205E+00  -9.3120439E-03   1.3470619E+00   5.5066708E-16   1.3470941E+00
   1.1894301E+00  -8.9765573E-03   1.3749089E+00   5.5592599E-16   1.3749382E+00
   1.2056816E+00  -8.8686198E-03   1.3798202E+00   5.6216698E-16   1.3798487E+00
   1.2286499E+00  -7.2090374E-03   1.3456826E+00   5.7084774E-16   1.3457019E+00
   1.2537833E+00  -6.5921000E-03   1.3066329E+00   5.7523897E-16   1.3066494E+00
   1.2809922E+00  -5.7435893E-03   1.2815613E+00   5.7357011E-16   1.2815741E+00
   1.2993031E+00  -4.5516165E-03   1.3075149E+00   5.7120794E-16   1.3075228E+00
   1.3244261E+00  -4.0922798E-03   1.4075278E+00   5.6877871E-16   1.4075338E+00
   1.3470616E+00  -2.9076505E-03   1.5392557E+00   5.6925866E-16   1.5392585E+00
   1.3725820E+00  -1.3610726E-03   1.7438619E+00   5.7191230E-16   1.7438625E+00
   1.3909142E+00   1.7837733E-04   1.9291692E+00   5.7425234E-16   1.9291692E+00
   1.4146242E+00   1.3247486E-05   2.2317758E+00   5.7327513E-16   2.2317758E+00
   1.4391462E+00  -6.9762376E-04   2.4965656E+00   5.6654286E-16   2.4965658E+00
   1.4616375E+00  -3.0327353E-03   2.7192314E+00   5.5589401E-16   2.7192330E+00
   1.4847780E+00  -2.8463383E-03   2.8778317E+00   5.4921150E-16   2.8778329E+00
   1.5014243E+00  -1.3290705E-03   2.9545560E+00   5.4903802E-16   2.9545562E+00
   1.5267794E+00  -1.2647669E-03   3.0281720E+00   5.5271526E-16   3.0281723E+00
   1.5501468E+00   4.8231948E-04   3.0365031E+00   5.6034337E-16   3.0365031E+00
   1.5711939E+00   2.4875700E-03   2.9872513E+00   5.6893340E-16   2.9872525E+00
   1.5933666E+00   3.8166812E-03   2.9218843E+00   5.7388626E-16   2.9218867E+00
   1.6190342E+00   5.4673492E-03   2.8484864E+00   5.7539271E-16   2.8484917E+00
   1.6374747E+00   7.1616266E-03   2.8182943E+00   5.7342256E-16   2.8183033E+00
   1.6645648E+00   7.9404628E-03   2.8176055E+00   5.7000013E-16   2.8176167E+00
   1.6894008E+00   8.0287615E-03   2.8644125E+00   5.6850157E-16   2.8644238E+00
   1.7135491E+00   9.3651284E-03   2.9448926E+00   5.6940255E-16   2.9449077E+00
   1.7310563E+00   9.5239505E-03   3.0168898E+00   5.7089422E-16   3.0169048E+00
   1.7574600E+00   8.2904994E-03   3.1566043E+00   5.7203989E-16   3.1566153E+00
   1.7746123E+00   6.9728177E-03   3.2452185E+00   5.6988573E-16   3.2452259E+00
   1.7989377E+00   6.0411650E-03   3.3408101E+00   5.6270765E-16   3.3408155E+00
   1.8215296E+00   4.9262671E-03   3.3636789E+00   5.5523047E-16   3.3636825E+00
   1.8448361E+00   3.2544120E-03   3.3133652E+00   5.5168124E-16   3.3133669E+00
   1.8685666E+00   1.4182575E-03   3.1981900E+00   5.5335614E-16   3.1981902E+00
   1.8923627E+00  -1.2197271E-04   3.0161276E+00   5.5871114E-16   3.0161276E+00
   1.9141085E+00  -3.0476059E-04   2.7861762E+00   5.6592606E-16   2.7861762E+00
   1.9355817E+00  -1.2354498E-03   2.4843576E+00   5.7164385E-16   2.4843578E+00
   1.9633849E+00  -9.7996835E-04   2.1188002E+00   5.7400596E-16   2.1188004E+00
   1.9834660E+00  -1.8434430E-03   1.8351737E+00   5.7144024E-16   1.8351747E+00
   2.0095294E+00  -1.7174855E-03   1.6294105E+00   5.6923378E-16   1.6294113E+00
   2.0279379E+00  -2.2428827E-03   1.4751362E+00   5.6801352E-16   1.4751379E+00
   2.0523059E+00  -4.0106056E-03   1.2918080E+00   5.6851967E-16   1.2918142E+00
   2.0760531E+00  -5.5799200E-03   1.1426486E+00   5.7038966E-16   1.1426622E+00
   2.1002073E+00  -7.4954159E-03   9.5824075E-01   5.7245441E-16   9.5827001E-01
   2.1184764E+00  -1.0273252E-02   8.5447091E-01   5.6982474E-16   8.5453266E-01
   2.1424537E+00  -1.2464113E-02   7.9234195E-01   5.6459325E-16   7.9243994E-01
   2.1664257E+00  -1.4153093E-02   6.5509039E-01   5.5776712E-16   6.5524328E-01
   2.1908426E+00  -1.6160622E-02   4.4357091E-01   5.5324942E-16   4.4386521E-01
   2.2109237E+00  -1.8014999E-02   1.9119203E-01   5.5379935E-16   1.9203888E-01
   2.2309730E+00  -1.8561849E-02  -5.0959940E-04   5.5655131E-16   1.8568844E-02
   2.2579491E+00  -1.7895417E-02  -4.3732354E-01   5.6440918E-16   4.3768951E-01
   2.2788513E+00  -1.8898351E-02  -6.7892617E-01   5.6945538E-16   6.7918915E-01
   2.3011649E+00  -1.8206881E-02  -9.5636946E-01   5.7235811E-16   9.5654279E-01
   2.3292329E+00  -1.7465200E-02  -1.3022920E+00   5.7149334E-16   1.3024091E+00
   2.3517866E+00  -1.5415126E-02  -1.5190758E+00   5.6967201E-16   1.5191540E+00
   2.3674896E+00  -1.3854514E-02  -1.6324040E+00   5.6907527E-16   1.6324629E+00
   2.3964896E+00  -1.4064645E-02  -1.7805471E+00   5.6946676E-16   1.7806027E+00
   2.4196754E+00  -1.3669139E-02  -1.8156475E+00   5.7055049E-16   1.8156989E+00
   2.4366686E+00  -1.3988872E-02  -1.8104736E+00   5.7170102E-16   1.8105276E+00
   2.4601238E+00  -1.4736664E-02  -1.7554269E+00   5.7075367E-16   1.7554888E+00
   2.4871435E+00  -1.4285553E-02  -1.6799920E+00   5.6632628E-16   1.6800528E+00
   2.5094540E+00  -1.4556399E-02  -1.6237137E+00   5.5930713E-16   1.6237789E+00
   2.5335267E+00  -1.4796236E-02  -1.5931908E+00   5.5439937E-16   1.5932595E+00
   2.5514634E+00  -1.4091535E-02  -1.5907125E+00   5.5323089E-16   1.5907749E+00
   2.5775361E+00  -1.4606893E-02  -1.6143910E+00   5.5586299E-16   1.6144570E+00
   2.6005449E+00  -1.3164895E-02  -1.6606419E+00   5.6145388E-16   1.6606941E+00
   2.6256335E+00  -1.0735040E-02  -1.7331265E+00   5.6782945E-16   1.7331598E+00
   2.6437650E+00  -1.0670489E-02  -1.7817090E+00   5.7071301E-16   1.7817409E+00
   2.6711338E+00  -7.1015311E-03  -1.8304777E+00   5.7211321E-16   1.8304915E+00
   2.6885941E+00  -5.2028424E-03  -1.8278210E+00   5.7098840E-16   1.8278284E+00
   2.7119322E+00  -3.1946176E-03  -1.7802700E+00   5.6952383E-16   1.7802728E+00
   2.7381039E+00  -9.6744020E-04  -1.6635517E+00   5.6897517E-16   1.6635519E+00
   2.7630403E+00  -7.5373781E-04  -1.4893565E+00   5.6950467E-16   1.4893568E+00
   2.7811875E+00   5.0777860E-04  -1.3478780E+00   5.7021104E-16   1.3478780E+00
   2.8087485E+00  -3.7904974E-04  -1.0786693E+00   5.6915405E-16   1.0786693E+00
   2.8270617E+00  -7.5274782E-04  -9.0092152E-01   5.6680200E-16   9.0092182E-01
   2.8521233E+00  -4.6715947E-04  -6.7168826E-01   5.6046005E-16   6.7168844E-01
   2.8760102E+00  -7.6465178E-05  -5.0418037E-01   5.5544773E-16   5.0418037E-01
   2.8937960E+00  -1.0554121E-03  -4.0171018E-01   5.5396495E-16   4.0171155E-01
   2.9202659E+00  -2.1456140E-03  -2.9018652E-01   5.5554842E-16   2.9019445E-01
   2.9444563E+00  -1.4878482E-03  -2.4627247E-01   5.6064248E-16   2.4627696E-01
   2.9601657E+00  -1.2728414E-03  -2.4293725E-01   5.6481353E-16   2.4294059E-01
   2.9849560E+00   5.9608545E-04  -2.4686348E-01   5.6925093E-16   2.4686420E-01
   3.0121925E+00   1.0442184E-03  -2.5327963E-01   5.7158101E-16   2.5328177E-01
   3.0295684E+00   2.0966169E-03  -2.4594611E-01   5.7084462E-16   2.4595505E-01
   3.0538678E+00   2.9610498E-03  -1.9691396E-01   5.6916887E-16   1.9693622E-01
   3.0800445E+00   3.1538280E-03  -8.8146627E-02   5.6826646E-16   8.8203028E-02
   3.0970011E+00   3.5006120E-03   4.1629020E-03   5.6830442E-16   5.4391208E-03
   3.1226628E+00   3.3540223E-03   1.6329455E-01   5.6900105E-16   1.6332901E-01
   3.1496074E+00   1.3175984E-03   3.7368813E-01   5.6880036E-16   3.7369046E-01
   3.1678839E+00   2.3560609E-04   5.2096444E-01   5.6713927E-16   5.2096450E-01
   3.1938202E+00  -1.1251486E-03   7.3243093E-01   5.6238890E-16   7.3243183E-01
   3.2174456E+00  -2.0845430E-03   8.7292266E-01   5.5752778E-16   8.7292510E-01
   3.2349138E+00  -3.2631312E-03   9.5019317E-01   5.5545329E-16   9.5019877E-01
   3.2620640E+00  -3.9321426E-03   1.0355488E+00   5.5567865E-16   1.0355563E+00
   3.2791038E+00  -4.5263697E-03   1.0622246E+00   5.5801763E-16   1.0622343E+00
   3.3029294E+00  -5.0322227E-03   1.0644832E+00   5.6347215E-16   1.0644950E+00
   3.3282967E+00  -5.0820806E-03   1.0403455E+00   5.6782558E-16   1.0403579E+00
   3.3557143E+00  -4.2538336E-03   1.0214494E+00   5.7035482E-16   1.0214583E+00
   3.3736222E+00  -3.6580868E-03   1.0197825E+00   5.6992061E-16   1.0197891E+00
   3.3986995E+00  -3.4564028E-03   1.0616997E+00   5.6856255E-16   1.0617054E+00
   3.4161720E+00  -3.7272172E-03   1.1152472E+00   5.6796593E-16   1.1152534E+00
   3.4427595E+00  -4.2611444E-03   1.2483652E+00   5.6814216E-16   1.2483724E+00
   3.4686470E+00  -5.2648131E-03   1.4222687E+00   5.6903626E-16   1.4222785E+00
   3.4864707E+00  -6.5659755E-03   1.5684656E+00   5.6939191E-16   1.5684794E+00
   3.5139122E+00  -9.2770392E-03   1.8032838E+00   5.6723658E-16   1.8033077E+00
   3.5321982E+00  -1.0545601E-02   1.9592389E+00   5.6486324E-16   1.9592674E+00
   3.5548215E+00  -1.3085215E-02   2.1435368E+00   5.5959539E-16   2.1435769E+00
   3.5808213E+00  -1.5144229E-02   2.2890773E+00   5.5604912E-16   2.2891273E+00
   3.5991280E+00  -1.6935356E-02   2.3694384E+00   5.5522729E-16   2.3694990E+00
   3.6247675E+00  -1.8555583E-02   2.4436972E+00   5.5778067E-16   2.4437678E+00
   3.6492326E+00  -1.9486228E-02   2.4679749E+00   5.6289797E-16   2.4680517E+00
   3.6732430E+00  -2.0257475E-02   2.4685562E+00   5.6702905E-16   2.4686391E+00
   3.6909754E+00  -2.0773536E-02   2.4667559E+00   5.6889570E-16   2.4668434E+00
   3.7176917E+00  -2.1961842E-02   2.4809992E+00   5.6964956E-16   2.4810965E+00
   3.7415500E+00  -2.2607785E-02   2.5239952E+00   5.6871179E-16   2.5240965E+00
   3.7647202E+00  -2.3446003E-02   2.6022327E+00   5.6804941E-16   2.6023383E+00
   3.7871177E+00  -2.5283812E-02   2.7100747E+00   5.6823862E-16   2.7101924E+00
   3.8098698E+00  -2.8071150E-02   2.8551168E+00   5.6878739E-16   2.8552549E+00
   3.8300157E+00  -3.1734344E-02   3.0122435E+00   5.6891508E-16   3.0124106E+00
   3.8553886E+00  -3.6076970E-02   3.1921699E+00   5.6668061E-16   3.1923738E+00
   3.8743200E+00  -3.9997052E-02   3.3303993E+00   5.6420155E-16   3.3306396E+00
   3.8996074E+00  -4.5014180E-02   3.4911549E+00   5.5944954E-16   3.4914451E+00
   3.9220972E+00  -4.9733158E-02   3.5800622E+00   5.5660451E-16   3.5804076E+00
   3.9438856E+00  -5.4291826E-02   3.6286697E+00   5.5570957E-16   3.6290758E+00
   3.9663587E+00  -5.7848673E-02   3.6280587E+00   5.5761338E-16   3.6285200E+00
   3.9923143E+00  -6.3989423E-02   3.5654116E+00   5.6333811E-16   3.5659857E+00
   4.0120072E+00  -6.7442223E-02   3.4890442E+00   5.6619785E-16   3.4896960E+00
   4.0363050E+00  -7.4009046E-02   3.3552828E+00   5.6860872E-16   3.3560989E+00
   4.0604453E+00  -7.7405453E-02   3.2497535E+00   5.6893880E-16   3.2506752E+00
   4.0830240E+00  -8.0943316E-02   3.1556313E+00   5.6872561E-16   3.1566694E+00
   4.1051369E+00  -8.5158192E-02   3.0874236E+00   5.6804004E-16   3.0885978E+00
   4.1265483E+00  -9.1673605E-02   2.9852607E+00   5.6787370E-16   2.9866679E+00
   4.1516428E+00  -9.9748507E-02   2.9539242E+00   5.6808890E-16   2.9556079E+00
   4.1722765E+00  -1.0514914E-01   2.9007719E+00   5.6811262E-16   2.9026768E+00
   4.1962738E+00  -1.1313434E-01   2.8298769E+00   5.6662396E-16   2.8321373E+00
   4.2190990E+00  -1.2113368E-01   2.7958920E+00   5.6425248E-16   2.7985148E+00
   4.2389784E+00  -1.2792024E-01   2.6846242E+00   5.6090829E-16   2.6876702E+00
   4.2623186E+00  -1.3647084E-01   2.5337873E+00   5.5740867E-16   2.5374599E+00
   4.2849646E+00  -1.4454420E-01   2.3498373E+00   5.5646428E-16   2.3542788E+00
   4.3109398E+00  -1.5242977E-01   2.0608230E+00   5.5857964E-16   2.0664525E+00
   4.3328896E+00  -1.5870440E-01   1.7585133E+00   5.6233083E-16   1.7656603E+00
   4.3548951E+00  -1.6298012E-01   1.4421082E+00   5.6578963E-16   1.4512886E+00
   4.3775363E+00  -1.6734485E-01   1.1009187E+00   5.6804327E-16   1.1135646E+00
   4.4006238E+00  -1.7241055E-01   7.4813008E-01   5.6896368E-16   7.6773953E-01
   4.4237213E+00  -1.7910300E-01   3.7345499E-01   5.6791563E-16   4.1418174E-01
   4.4469113E+00  -1.8102866E-01   8.3238356E-02   5.6740185E-16   1.9924860E-01
   4.4704075E+00  -1.8572366E-01  -1.9984637E-01   5.6745644E-16   2.7282199E-01
   4.4912434E+00  -1.9434544E-01  -4.4459644E-01   5.6790907E-16   4.8521763E-01
   4.5123425E+00  -1.9253595E-01  -6.5967852E-01   5.6829473E-16   6.8720150E-01
   4.5381851E+00  -1.8743487E-01  -8.6836076E-01   5.6682619E-16   8.8835931E-01
   4.5591416E+00  -2.0729834E-01  -1.0590621E+00   5.6478468E-16   1.0791595E+00
   4.5812478E+00  -2.0091179E-01  -1.2052426E+00   5.6197015E-16   1.2218738E+00
   4.6075644E+00  -1.9548573E-01  -1.4564790E+00   5.5815564E-16   1.4695393E+00
   4.6294436E+00  -1.9489650E-01  -1.8122255E+00   5.5739167E-16   1.8226755E+00
   4.6495676E+00  -1.9418475E-01  -1.7951359E+00   5.5847894E-16   1.8056082E+00
   4.6722665E+00  -1.9368893E-01  -2.0841429E+00   5.6100882E-16   2.0931237E+00
   4.6960793E+00  -1.7813426E-01  -2.4059973E+00   5.6437318E-16   2.4125824E+00
   4.7197204E+00  -1.7720322E-01  -2.6680539E+00   5.6692201E-16   2.6739318E+00
   4.7442803E+00  -1.6665675E-01  -2.8987987E+00   5.6848563E-16   2.9035854E+00
   4.7629642E+00  -1.6204961E-01  -3.0462584E+00   5.6821972E-16   3.0505657E+00
   4.7880630E+00  -1.5193997E-01  -3.2040651E+00   5.6766793E-16   3.2076657E+00
   4.8084025E+00  -1.3781923E-01  -3.3241811E+00   5.6756528E-16   3.3270369E+00
   4.8337884E+00  -1.2757587E-01  -3.3635571E+00   5.6771663E-16   3.3659756E+00
   4.8548865E+00  -1.1961062E-01  -3.3533890E+00   5.6779350E-16   3.3555214E+00
   4.8793259E+00  -1.0981199E-01  -3.3147125E+00   5.6716278E-16   3.3165309E+00
   4.8989096E+00  -9.9947855E-02  -3.2750270E+00   5.6531508E-16   3.2765520E+00
   4.9230223E+00  -8.8414475E-02  -3.1777523E+00   5.6270744E-16   3.1789820E+00
   4.9499135E+00  -7.5119048E-02  -3.0779402E+00   5.5906117E-16   3.0788567E+00
   4.9693499E+00  -6.2540747E-02  -3.0347080E+00   5.5745043E-16   3.0353525E+00
   4.9942851E+00  -4.9988139E-02  -2.9949105E+00   5.5835417E-16   2.9953277E+00
   5.0181441E+00  -3.8803559E-02  -2.9729993E+00   5.6101988E-16   2.9732525E+00
   5.0384107E+00  -2.7699376E-02  -2.9476268E+00   5.6380345E-16   2.9477570E+00
   5.0609469E+00  -1.4912887E-02  -2.9126601E+00   5.6628266E-16   2.9126983E+00
   5.0862212E+00  -2.5299659E-03  -2.8662958E+00   5.6808933E-16   2.8662970E+00
   5.1061945E+00   7.5880545E-03  -2.8340960E+00   5.6835032E-16   2.8341060E+00
   5.1300926E+00   1.6858552E-02  -2.7172086E+00   5.6763336E-16   2.7172608E+00
   5.1544666E+00   2.6922328E-02  -2.4694622E+00   5.6758180E-16   2.4696088E+00
   5.1736302E+00   3.3072975E-02  -2.4899364E+00   5.6764130E-16   2.4901559E+00
   5.1975980E+00   3.9797429E-02  -2.1840637E+00   5.6773236E-16   2.1844263E+00
   5.2212057E+00   4.5459453E-02  -1.9567692E+00   5.6674270E-16   1.9572972E+00
   5.2452822E+00   4.8447173E-02  -1.6914688E+00   5.6490110E-16   1.6921625E+00
   5.2673974E+00   5.0570317E-02  -1.3472574E+00   5.6249769E-16   1.3482062E+00
   5.2900224E+00   5.2752413E-02  -1.2494469E+00   5.6009535E-16   1.2505599E+00
   5.3121204E+00   5.4129612E-02  -1.0098348E+00   5.5847974E-16   1.0112845E+00
   5.3328209E+00   5.6144495E-02  -8.0353212E-01   5.5858482E-16   8.0549121E-01
   5.3573499E+00   5.8764931E-02  -6.1532199E-01   5.6058054E-16   6.1812174E-01
   5.3809719E+00   5.9621137E-02  -4.0950987E-01   5.6366845E-16   4.1382727E-01
   5.4037318E+00   6.0702536E-02  -1.6831432E-01   5.6609303E-16   1.7892599E-01
   5.4261723E+00   6.1213803E-02  -1.9613558E-02   5.6765692E-16   6.4279243E-02
   5.4490614E+00   6.1472308E-02   1.6917656E-01   5.6833952E-16   1.7999877E-01
   5.4699106E+00   6.0785864E-02   3.1868446E-01   5.6804073E-16   3.2442981E-01
   5.4924259E+00   6.0977217E-02   4.9231753E-01   5.6761679E-16   4.9607939E-01
   5.5205388E+00   5.6118373E-02   7.9161018E-01   5.6741075E-16   7.9359686E-01
   5.5428085E+00   5.2273445E-02   1.0577283E+00   5.6724447E-16   1.0590192E+00
   5.5654244E+00   4.7494825E-02   1.3151237E+00   5.6644592E-16   1.3159810E+00
   5.5876145E+00   4.2169675E-02   1.6406558E+00   5.6493106E-16   1.6411976E+00
   5.6103415E+00   3.5505798E-02   1.8991539E+00   5.6305928E-16   1.8994858E+00
   5.6338186E+00   2.8439872E-02   2.0811212E+00   5.6085249E-16   2.0813155E+00
   5.6521149E+00   2.2589408E-02   2.2235208E+00   5.5979047E-16   2.2236354E+00
   5.6779222E+00   1.6137609E-02   2.3392873E+00   5.5963456E-16   2.3393431E+00
   5.6987472E+00   1.0842515E-02   2.4268675E+00   5.6091570E-16   2.4268916E+00
   5.7212343E+00   5.2471878E-03   2.4808421E+00   5.6314048E-16   2.4808476E+00
   5.7459631E+00  -8.3646434E-04   2.5305612E+00   5.6562986E-16   2.5305612E+00
   5.7639580E+00  -4.7678966E-03   2.5532730E+00   5.6688236E-16   2.5532773E+00
   5.7914195E+00  -1.1645908E-02   2.5878932E+00   5.6805005E-16   2.5879192E+00
   5.8096056E+00  -1.6090799E-02   2.6097095E+00   5.6810706E-16   2.6097591E+00
   5.8370705E+00  -2.3027496E-02   2.6659231E+00   5.6768090E-16   2.6660225E+00
   5.8553791E+00  -2.7850185E-02   2.7222025E+00   5.6757269E-16   2.7223451E+00
   5.8828454E+00  -3.7000820E-02   2.8276513E+00   5.6758127E-16   2.8278933E+00
   5.9011431E+00  -4.2827282E-02   2.9016533E+00   5.6709756E-16   2.9019694E+00
   5.9285846E+00  -5.2491184E-02   3.0150506E+00   5.6566247E-16   3.0155077E+00
   5.9469032E+00  -5.8988094E-02   3.0844059E+00   5.6437223E-16   3.0849700E+00
   5.9743819E+00  -6.8967275E-02   3.1647861E+00   5.6232151E-16   3.1655376E+00
   5.9926753E+00  -7.5167343E-02   3.2031829E+00   5.6075074E-16   3.2040646E+00
   6.0200677E+00  -8.5034929E-02   3.2103922E+00   5.5999222E-16   3.2115183E+00
   6.0379386E+00  -9.0382159E-02   3.1888416E+00   5.6065243E-16   3.1901224E+00
   6.0630879E+00  -9.7574085E-02   3.1237435E+00   5.6282994E-16   3.1252670E+00
   6.0862193E+00  -1.0375286E-01   3.0442491E+00   5.6497045E-16   3.0460165E+00
   6.1073103E+00  -1.0833400E-01   2.9658997E+00   5.6658701E-16   2.9678776E+00
   6.1337800E+00  -1.1563833E-01   2.8348324E+00   5.6786322E-16   2.8371902E+00
   6.1531529E+00  -1.2040456E-01   2.7668891E+00   5.6810140E-16   2.7695076E+00
   6.1793084E+00  -1.2624757E-01   2.6862378E+00   5.6777953E-16   2.6892028E+00
   6.2032027E+00  -1.3356899E-01   2.6565118E+00   5.6754791E-16   2.6598675E+00
   6.2258272E+00  -1.4016254E-01   2.6028988E+00   5.6763823E-16   2.6066699E+00
   6.2473469E+00  -1.4560290E-01   2.5656402E+00   5.6693228E-16   2.5697684E+00
   6.2682500E+00  -1.5129636E-01   2.5107338E+00   5.6582320E-16   2.5152884E+00
   6.2944374E+00  -1.5794954E-01   2.4825165E+00   5.6405094E-16   2.4875364E+00
   6.3147120E+00  -1.6110252E-01   2.4853859E+00   5.6275418E-16   2.4906018E+00
   6.3392167E+00  -1.6619763E-01   2.3979836E+00   5.6112582E-16   2.4037361E+00
   6.3630228E+00  -1.7041808E-01   2.2547455E+00   5.6055645E-16   2.2611766E+00
   6.3860459E+00  -1.7337376E-01   2.0739982E+00   5.6151508E-16   2.0812321E+00
   6.4086585E+00  -1.7610826E-01   1.8497821E+00   5.6330730E-16   1.8581464E+00
   6.4310427E+00  -1.7697595E-01   1.6671157E+00   5.6511624E-16   1.6764829E+00
   6.4530015E+00  -1.7627200E-01   1.4179022E+00   5.6665917E-16   1.4288172E+00
   6.4745388E+00  -1.7495033E-01   1.2139964E+00   5.6776327E-16   1.2265377E+00
   6.4958782E+00  -1.7384724E-01   9.8701537E-01   5.6827271E-16   1.0022086E+00
   6.5216560E+00  -1.7118439E-01   7.4201930E-01   5.6793511E-16   7.6150948E-01
   6.5431495E+00  -1.6996185E-01   5.6179678E-01   5.6762298E-16   5.8694345E-01
   6.5647612E+00  -1.6859350E-01   3.7903363E-01   5.6738131E-16   4.1483763E-01
   6.5905423E+00  -1.6732429E-01   1.2086545E-01   5.6696992E-16   2.0641191E-01
   6.6120992E+00  -1.6608907E-01   8.7056197E-02   5.6600706E-16   1.8752164E-01
   6.6336999E+00  -1.6514036E-01  -1.5175676E-01   5.6462470E-16   2.2427985E-01
   6.6595778E+00  -1.6203353E-01  -3.1638306E-01   5.6295408E-16   3.5546181E-01
   6.6811347E+00  -1.5878437E-01  -5.0598615E-01   5.6179704E-16   5.3031540E-01
   6.7049246E+00  -1.5538585E-01  -7.0702350E-01   5.6111502E-16   7.2389710E-01
   6.7245526E+00  -1.5014413E-01  -8.8756394E-01   5.6166194E-16   9.0017384E-01
   6.7489400E+00  -1.4548914E-01  -1.1957188E+00   5.6304048E-16   1.2045375E+00
   6.7726178E+00  -1.3470122E-01  -1.4534843E+00   5.6476753E-16   1.4597126E+00
   6.7961726E+00  -1.2631105E-01  -1.7481626E+00   5.6639119E-16   1.7527199E+00
   6.8157845E+00  -1.2011739E-01  -1.9442210E+00   5.6741001E-16   1.9479280E+00
   6.8408241E+00  -1.1188389E-01  -2.2088513E+00   5.6802284E-16   2.2116830E+00
   6.8615017E+00  -1.0211472E-01  -2.4166150E+00   5.6795036E-16   2.4187715E+00
   6.8878326E+00  -9.5324889E-02  -2.5894198E+00   5.6757793E-16   2.5911739E+00
   6.9088326E+00  -8.8788010E-02  -2.7836883E+00   5.6735553E-16   2.7851040E+00
   6.9319248E+00  -8.0295034E-02  -2.8276725E+00   5.6684747E-16   2.8288121E+00
   6.9556317E+00  -7.1237437E-02  -2.9719987E+00   5.6604872E-16   2.9728525E+00
   6.9759660E+00  -6.4465471E-02  -3.0068128E+00   5.6508162E-16   3.0075037E+00
   7.0012693E+00  -5.4626606E-02  -3.1141644E+00   5.6362361E-16   3.1146433E+00
   7.0213795E+00  -4.7357749E-02  -3.1799102E+00   5.6259129E-16   3.1802628E+00
   7.0450616E+00  -4.1317035E-02  -3.2599063E+00   5.6163652E-16   3.2601683E+00
   7.0692372E+00  -3.2722134E-02  -3.3531568E+00   5.6196967E-16   3.3533165E+00
   7.0921187E+00  -2.6690535E-02  -3.4553287E+00   5.6291263E-16   3.4554317E+00
   7.1130872E+00  -1.9910142E-02  -3.5338514E+00   5.6430754E-16   3.5339074E+00
   7.1366401E+00  -1.3113441E-02  -3.6168041E+00   5.6584278E-16   3.6168280E+00
   7.1577415E+00  -6.6310666E-03  -3.6818542E+00   5.6691719E-16   3.6818602E+00
   7.1819305E+00   1.1037911E-04  -3.7148817E+00   5.6770197E-16   3.7148817E+00
   7.2032247E+00   4.7838022E-03  -3.7345026E+00   5.6794396E-16   3.7345057E+00
   7.2288885E+00   1.1775178E-02  -3.7089064E+00   5.6776978E-16   3.7089250E+00
   7.2511702E+00   1.5076336E-02  -3.6557784E+00   5.6745098E-16   3.6558094E+00
   7.2726078E+00   1.8798906E-02  -3.5819705E+00   5.6698300E-16   3.5820198E+00
   7.2941227E+00   2.0888796E-02  -3.4907362E+00   5.6637800E-16   3.4907987E+00
   7.3195333E+00   2.4129836E-02  -3.3500948E+00   5.6542700E-16   3.3501816E+00
   7.3414164E+00   2.5371581E-02  -3.2219326E+00   5.6436529E-16   3.2220325E+00
   7.3632898E+00   2.7742174E-02  -3.0773354E+00   5.6312656E-16   3.0774605E+00
   7.3884902E+00   2.8110404E-02  -2.9720850E+00   5.6225941E-16   2.9722178E+00
   7.4090571E+00   2.9210370E-02  -2.8611445E+00   5.6212738E-16   2.8612936E+00
   7.4345293E+00   3.0568833E-02  -2.7426527E+00   5.6277229E-16   2.7428231E+00
   7.4551411E+00   3.1755280E-02  -2.6252837E+00   5.6388450E-16   2.6254759E+00
   7.4797831E+00   3.2766409E-02  -2.5244999E+00   5.6531058E-16   2.5247123E+00
   7.4988918E+00   3.4438316E-02  -2.4496913E+00   5.6638451E-16   2.4499333E+00
   7.5227685E+00   3.6567684E-02  -2.2860336E+00   5.6735103E-16   2.2863262E+00
   7.5457458E+00   3.6475956E-02  -2.1296804E+00   5.6781849E-16   2.1299927E+00
   7.5678792E+00   3.7781376E-02  -2.0944347E+00   5.6797577E-16   2.0947754E+00
   7.5902987E+00   3.6166981E-02  -1.9431208E+00   5.6778196E-16   1.9434574E+00
   7.6156411E+00   3.4991585E-02  -1.7410218E+00   5.6725024E-16   1.7413733E+00
   7.6400037E+00   3.5061009E-02  -1.5272310E+00   5.6649728E-16   1.5276334E+00
   7.6588225E+00   3.4144107E-02  -1.2251049E+00   5.6583813E-16   1.2255807E+00
   7.6823936E+00   3.1734154E-02  -1.1765126E+00   5.6470278E-16   1.1769406E+00
   7.7061477E+00   2.8353985E-02  -9.7972906E-01   5.6349428E-16   9.8013926E-01
   7.7308645E+00   2.5260508E-02  -7.9859108E-01   5.6257573E-16   7.9899049E-01
   7.7542048E+00   2.5513165E-02  -6.4832133E-01   5.6231966E-16   6.4882314E-01
   7.7768893E+00   2.2945529E-02  -5.1592606E-01   5.6277578E-16   5.1643604E-01
   7.7955885E+00   2.2490010E-02  -4.1956952E-01   5.6354971E-16   4.2017186E-01
   7.8205757E+00   2.1153176E-02  -3.2361364E-01   5.6490035E-16   3.2430425E-01
   7.8451905E+00   2.1469707E-02  -2.3032631E-01   5.6623803E-16   2.3132479E-01
   7.8638625E+00   2.2659058E-02  -1.3546942E-01   5.6704361E-16   1.3735136E-01
   7.8903823E+00   2.3801437E-02  -4.5205768E-02   5.6769329E-16   5.1088843E-02
   7.9123287E+00   2.2625744E-02   5.0155904E-02   5.6780938E-16   5.5023078E-02
   7.9361405E+00   2.2565348E-02   1.6281079E-01   5.6764908E-16   1.6436711E-01
   7.9559469E+00   2.0586215E-02   2.6612833E-01   5.6735627E-16   2.6692334E-01
   7.9819183E+00   1.9268792E-02   4.2268106E-01   5.6677542E-16   4.2312002E-01
   8.0016623E+00   1.7750349E-02   5.4646677E-01   5.6609345E-16   5.4675496E-01
   8.0260649E+00   1.4926184E-02   6.8020451E-01   5.6509978E-16   6.8036824E-01
   8.0503645E+00   1.2741053E-02   8.8159156E-01   5.6383685E-16   8.8168359E-01
   8.0697660E+00   9.7438497E-03   1.0263591E+00   5.6300247E-16   1.0264053E+00
   8.0939789E+00   8.3649401E-03   1.0906529E+00   5.6259182E-16   1.0906850E+00
   8.1180010E+00   6.6256784E-03   1.2352549E+00   5.6279018E-16   1.2352726E+00
   8.1373978E+00   5.5362103E-03   1.2963606E+00   5.6340259E-16   1.2963725E+00
   8.1621599E+00   4.7853799E-03   1.3815833E+00   5.6456271E-16   1.3815916E+00
   8.1875658E+00   4.4932286E-03   1.4547831E+00   5.6586221E-16   1.4547900E+00
   8.2085676E+00   4.4970866E-03   1.5273608E+00   5.6678363E-16   1.5273675E+00
   8.2302885E+00   4.7031511E-03   1.5869868E+00   5.6742425E-16   1.5869937E+00
   8.2528954E+00   4.7462317E-03   1.6889989E+00   5.6765104E-16   1.6890056E+00
   8.2766237E+00   4.5626061E-03   1.7812386E+00   5.6758566E-16   1.7812444E+00
   8.3017130E+00   3.8928629E-03   1.9073375E+00   5.6731540E-16   1.9073416E+00
   8.3214045E+00   3.1409406E-03   2.0134516E+00   5.6708840E-16   2.0134540E+00
   8.3419285E+00   2.1197188E-03   2.1518252E+00   5.6664164E-16   2.1518264E+00
   8.3709249E+00   2.7266936E-04   2.3328753E+00   5.6551842E-16   2.3328753E+00
   8.3943138E+00  -6.8549614E-04   2.4523408E+00   5.6441596E-16   2.4523411E+00
   8.4117098E+00  -1.9222494E-03   2.5426264E+00   5.6366099E-16   2.5426271E+00
   8.4393616E+00  -3.2749299E-03   2.6748950E+00   5.6282232E-16   2.6748970E+00
   8.4577055E+00  -3.7819969E-03   2.7485032E+00   5.6267721E-16   2.7485058E+00
   8.4851885E+00  -4.2695566E-03   2.8325865E+00   5.6321333E-16   2.8325899E+00
   8.5035286E+00  -4.5038546E-03   2.8719280E+00   5.6398408E-16   2.8719316E+00
   8.5310345E+00  -4.4308119E-03   2.9155147E+00   5.6539931E-16   2.9155180E+00
   8.5494871E+00  -4.3201661E-03   2.9354711E+00   5.6629568E-16   2.9354744E+00
   8.5769854E+00  -4.7855321E-03   2.9542859E+00   5.6728549E-16   2.9542897E+00
   8.5955410E+00  -5.6830989E-03   2.9640183E+00   5.6761774E-16   2.9640238E+00
   8.6211452E+00  -6.9344970E-03   2.9789748E+00   5.6769313E-16   2.9789829E+00
   8.6451206E+00  -9.4683645E-03   2.9902627E+00   5.6751864E-16   2.9902778E+00
   8.6614933E+00  -1.1437220E-02   2.9972386E+00   5.6728332E-16   2.9972603E+00
   8.6852818E+00  -1.5244061E-02   3.0060711E+00   5.6672031E-16   3.0061097E+00
   8.7103281E+00  -2.0204080E-02   3.0026600E+00   5.6579249E-16   3.0027282E+00
   8.7329960E+00  -2.4350688E-02   2.9851665E+00   5.6479580E-16   2.9852657E+00
   8.7540665E+00  -2.8147288E-02   2.9598303E+00   5.6388799E-16   2.9599640E+00
   8.7796230E+00  -3.4083426E-02   2.8705022E+00   5.6307029E-16   2.8707047E+00
   8.8001471E+00  -3.7088182E-02   2.7932937E+00   5.6286006E-16   2.7935400E+00
   8.8209314E+00  -4.0388927E-02   2.6645041E+00   5.6312873E-16   2.6648102E+00
   8.8442326E+00  -4.3872189E-02   2.5011826E+00   5.6399308E-16   2.5015674E+00
   8.8697615E+00  -4.6629041E-02   2.2930956E+00   5.6511015E-16   2.2935698E+00
   8.8929968E+00  -4.8954193E-02   2.0925751E+00   5.6616471E-16   2.0931475E+00
   8.9158525E+00  -5.1823784E-02   1.7956432E+00   5.6699073E-16   1.7963909E+00
   8.9392414E+00  -5.4770034E-02   1.5541145E+00   5.6746835E-16   1.5550792E+00
   8.9574585E+00  -5.6160819E-02   1.4340088E+00   5.6764183E-16   1.4351082E+00
   8.9818459E+00  -5.9221923E-02   1.0630871E+00   5.6758545E-16   1.0647354E+00
   9.0047455E+00  -6.1448079E-02   7.7293688E-01   5.6736903E-16   7.7537560E-01
   9.0267534E+00  -6.3885592E-02   5.6016999E-01   5.6693747E-16   5.6380117E-01
   9.0534964E+00  -6.8026841E-02   2.5844547E-01   5.6605571E-16   2.6724842E-01
   9.0744724E+00  -6.9151990E-02  -8.9217015E-02   5.6518300E-16   1.1287902E-01
   9.0988150E+00  -7.1296386E-02  -2.4453893E-01   5.6413109E-16   2.5472036E-01
   9.1188745E+00  -7.1859308E-02  -5.6637335E-01   5.6346982E-16   5.7091379E-01
   9.1405973E+00  -7.3201597E-02  -9.0948147E-01   5.6303953E-16   9.1242260E-01
   9.1654797E+00  -7.1989521E-02  -1.2712684E+00   5.6322424E-16   1.2733051E+00
   9.1872635E+00  -6.9310166E-02  -1.5047560E+00   5.6385205E-16   1.5063515E+00
   9.2119579E+00  -6.5886185E-02  -1.9420040E+00   5.6495726E-16   1.9431213E+00
   9.2322178E+00  -6.1825544E-02  -2.2169147E+00   5.6589557E-16   2.2177765E+00
   9.2575588E+00  -5.6237731E-02  -2.5609117E+00   5.6685536E-16   2.5615289E+00
   9.2786942E+00  -5.2801419E-02  -2.7772341E+00   5.6732959E-16   2.7777359E+00
   9.3018961E+00  -4.6810228E-02  -3.0322523E+00   5.6750562E-16   3.0326135E+00
   9.3237181E+00  -4.1840777E-02  -3.2420871E+00   5.6747645E-16   3.2423573E+00
   9.3462715E+00  -3.7452616E-02  -3.3929996E+00   5.6732160E-16   3.3932064E+00
   9.3724442E+00  -3.1838845E-02  -3.5437672E+00   5.6696992E-16   3.5439103E+00
   9.3944082E+00  -2.7554441E-02  -3.6166701E+00   5.6633623E-16   3.6167750E+00
   9.4170227E+00  -2.3572898E-02  -3.6955180E+00   5.6548915E-16   3.6955931E+00
   9.4372129E+00  -1.9874854E-02  -3.7084842E+00   5.6471771E-16   3.7085373E+00
   9.4616003E+00  -1.5294230E-02  -3.7321951E+00   5.6387592E-16   3.7322264E+00
   9.4867964E+00  -1.0518510E-02  -3.7309072E+00   5.6334737E-16   3.7309220E+00
   9.5063381E+00  -7.1007232E-03  -3.7164478E+00   5.6331598E-16   3.7164545E+00
   9.5304127E+00  -1.8576881E-03  -3.6852896E+00   5.6377438E-16   3.6852901E+00
   9.5540619E+00   2.3220526E-03  -3.6476896E+00   5.6465059E-16   3.6476903E+00
   9.5773621E+00   7.2680619E-03  -3.5847571E+00   5.6567078E-16   3.5847645E+00
   9.6009283E+00   1.1398998E-02  -3.5068042E+00   5.6656753E-16   3.5068228E+00
   9.6200085E+00   1.5251616E-02  -3.4228721E+00   5.6708353E-16   3.4229062E+00
   9.6464157E+00   1.9367725E-02  -3.2736390E+00   5.6744172E-16   3.2736962E+00
   9.6660271E+00   2.0683901E-02  -3.1380086E+00   5.6750985E-16   3.1380768E+00
   9.6888371E+00   2.2111000E-02  -2.9538333E+00   5.6744781E-16   2.9539161E+00
   9.7123947E+00   2.2959633E-02  -2.7455273E+00   5.6718904E-16   2.7456231E+00
   9.7361221E+00   2.1844033E-02  -2.5378034E+00   5.6665228E-16   2.5378973E+00
   9.7565050E+00   2.1761078E-02  -2.3081179E+00   5.6604983E-16   2.3082204E+00
   9.7810373E+00   2.0310260E-02  -2.1021340E+00   5.6512408E-16   2.1022320E+00
   9.8060741E+00   1.7177140E-02  -1.8526459E+00   5.6416132E-16   1.8527255E+00
   9.8251534E+00   1.6394110E-02  -1.6350491E+00   5.6362213E-16   1.6351312E+00
   9.8495092E+00   1.4659488E-02  -1.4600000E+00   5.6338379E-16   1.4600736E+00
   9.8737955E+00   1.4560933E-02  -1.1862713E+00   5.6370831E-16   1.1863606E+00
   9.8972530E+00   1.5034988E-02  -1.0314155E+00   5.6443682E-16   1.0315250E+00
   9.9210043E+00   1.2972930E-02  -9.0879792E-01   5.6538830E-16   9.0889049E-01
   9.9394379E+00   1.3485931E-02  -7.9041260E-01   5.6613739E-16   7.9052764E-01
   9.9632101E+00   1.3958174E-02  -6.3039005E-01   5.6694472E-16   6.3054454E-01
   9.9869442E+00   1.4316757E-02  -4.6596125E-01   5.6742345E-16   4.6618113E-01
   1.0009854E+01   1.3729926E-02  -2.6500058E-01   5.6757888E-16   2.6535603E-01
   1.0032617E+01   1.3921591E-02  -1.6284186E-01   5.6755337E-16   1.6343586E-01
   1.0057136E+01   1.2357457E-02  -1.2591848E-02   5.6727062E-16   1.7642600E-02
   1.0074876E+01   1.1349032E-02   1.0229947E-01   5.6691979E-16   1.0292707E-01
   1.0099505E+01   9.5930398E-03   2.9246527E-01   5.6624550E-16   2.9262254E-01
   1.0123304E+01   8.1580412E-03   4.3939880E-01   5.6536966E-16   4.3947452E-01
   1.0146871E+01   6.3654790E-03   5.8258027E-01   5.6449097E-16   5.8261508E-01
   1.0169647E+01   4.2080646E-03   7.1510589E-01   5.6378762E-16   7.1511823E-01
   1.0192560E+01   2.9824101E-03   7.4535072E-01   5.6353457E-16   7.4535668E-01
   1.0215644E+01   2.4656905E-03   8.2792890E-01   5.6370625E-16   8.2793260E-01
   1.0238964E+01   2.9111952E-03   9.0031582E-01   5.6433110E-16   9.0032053E-01
   1.0257044E+01   3.5908513E-03   9.4466054E-01   5.6505510E-16   9.4466740E-01
   1.0281740E+01   4.9494556E-03   9.7512698E-01   5.6599710E-16   9.7513950E-01
   1.0307291E+01   6.5441406E-03   9.9616843E-01   5.6683492E-16   9.9618995E-01
   1.0327297E+01   8.1262868E-03   1.0222018E+00   5.6727221E-16   1.0222341E+00
   1.0348064E+01   9.4901025E-03   1.0680422E+00   5.6747491E-16   1.0680844E+00
   1.0376712E+01   1.0882313E-02   1.1080668E+00   5.6751207E-16   1.1081202E+00
   1.0398964E+01   1.1288085E-02   1.1573007E+00   5.6735061E-16   1.1573557E+00
   1.0422007E+01   1.1326777E-02   1.2090445E+00   5.6699401E-16   1.2090975E+00
   1.0445908E+01   1.0698605E-02   1.2722604E+00   5.6639134E-16   1.2723054E+00
   1.0462105E+01   1.0124998E-02   1.3098606E+00   5.6586433E-16   1.3098997E+00
   1.0487004E+01   8.8349860E-03   1.3631971E+00   5.6500221E-16   1.3632257E+00
   1.0512884E+01   7.3235244E-03   1.4184763E+00   5.6416333E-16   1.4184952E+00
   1.0530763E+01   6.7181350E-03   1.4454155E+00   5.6379619E-16   1.4454311E+00
   1.0558258E+01   5.7237246E-03   1.4724932E+00   5.6373981E-16   1.4725044E+00
   1.0576604E+01   5.4341289E-03   1.4808192E+00   5.6405464E-16   1.4808292E+00
   1.0604078E+01   5.4972474E-03   1.4829818E+00   5.6492444E-16   1.4829921E+00
   1.0622377E+01   5.7512904E-03   1.4790657E+00   5.6561636E-16   1.4790769E+00
   1.0649913E+01   6.1295610E-03   1.4678717E+00   5.6658516E-16   1.4678844E+00
   1.0668361E+01   6.3239797E-03   1.4607859E+00   5.6707538E-16   1.4607996E+00
   1.0695913E+01   6.0209516E-03   1.4580266E+00   5.6747327E-16   1.4580390E+00
   1.0714290E+01   5.4449020E-03   1.4634901E+00   5.6753002E-16   1.4635003E+00
   1.0741813E+01   3.8227686E-03   1.4838480E+00   5.6739418E-16   1.4838529E+00
   1.0760152E+01   2.4054539E-03   1.5054561E+00   5.6716331E-16   1.5054580E+00
   1.0787578E+01  -5.2087742E-04   1.5493797E+00   5.6659315E-16   1.5493798E+00
   1.0806019E+01  -2.9435947E-03   1.5824684E+00   5.6606645E-16   1.5824711E+00
   1.0833622E+01  -6.6564181E-03   1.6281363E+00   5.6515642E-16   1.6281499E+00
   1.0852098E+01  -8.9923823E-03   1.6537697E+00   5.6457271E-16   1.6537942E+00
   1.0879826E+01  -1.2378722E-02   1.6837600E+00   5.6394908E-16   1.6838055E+00
   1.0898312E+01  -1.4222628E-02   1.6974078E+00   5.6382325E-16   1.6974674E+00
   1.0916774E+01  -1.5839180E-02   1.7059610E+00   5.6398651E-16   1.7060345E+00
   1.0944454E+01  -1.7427973E-02   1.7123381E+00   5.6468404E-16   1.7124268E+00
   1.0966436E+01  -1.8284610E-02   1.7104192E+00   5.6555495E-16   1.7105169E+00
   1.0990474E+01  -1.8400727E-02   1.7040359E+00   5.6639992E-16   1.7041352E+00
   1.1012579E+01  -1.8438540E-02   1.7041790E+00   5.6700703E-16   1.7042787E+00
   1.1033526E+01  -1.8393697E-02   1.7091104E+00   5.6736273E-16   1.7092093E+00
   1.1059011E+01  -1.8404189E-02   1.7246126E+00   5.6752240E-16   1.7247108E+00
   1.1079304E+01  -1.9421007E-02   1.7497087E+00   5.6747163E-16   1.7498164E+00
   1.1104114E+01  -2.1216856E-02   1.7900770E+00   5.6721725E-16   1.7902026E+00
   1.1127625E+01  -2.3066998E-02   1.8246861E+00   5.6678543E-16   1.8248318E+00
   1.1150284E+01  -2.5905941E-02   1.8475770E+00   5.6615232E-16   1.8477585E+00
   1.1169188E+01  -2.7470812E-02   1.8718437E+00   5.6556686E-16   1.8720453E+00
   1.1197497E+01  -3.1341497E-02   1.8818712E+00   5.6464032E-16   1.8821323E+00
   1.1216989E+01  -3.3562664E-02   1.8568043E+00   5.6418472E-16   1.8571075E+00
   1.1238000E+01  -3.5976510E-02   1.8305284E+00   5.6393823E-16   1.8308818E+00
   1.1266223E+01  -3.8708001E-02   1.7444879E+00   5.6415385E-16   1.7449173E+00
   1.1287585E+01  -4.0139880E-02   1.6461620E+00   5.6467997E-16   1.6466514E+00
   1.1309105E+01  -4.1262757E-02   1.5504724E+00   5.6538740E-16   1.5510213E+00
   1.1330453E+01  -4.2218033E-02   1.3822610E+00   5.6614375E-16   1.3829056E+00
   1.1351785E+01  -4.2951193E-02   1.2572727E+00   5.6679548E-16   1.2580061E+00
   1.1374246E+01  -4.3960068E-02   1.0534970E+00   5.6726437E-16   1.0544138E+00
   1.1396564E+01  -4.4437122E-02   8.9589781E-01   5.6751170E-16   8.9699918E-01
   1.1423512E+01  -4.5710176E-02   6.6101372E-01   5.6749688E-16   6.6259229E-01
   1.1442826E+01  -4.7138177E-02   4.3304676E-01   5.6734907E-16   4.3560475E-01
   1.1469634E+01  -4.9361303E-02   2.2665295E-01   5.6688093E-16   2.3196572E-01
   1.1492039E+01  -5.1503081E-02  -2.2962220E-02   5.6630918E-16   5.6389987E-02
   1.1514818E+01  -5.3411640E-02  -2.5385836E-01   5.6563743E-16   2.5941640E-01
   1.1536964E+01  -5.4911524E-02  -4.9000901E-01   5.6495022E-16   4.9307618E-01
   1.1557950E+01  -5.5906206E-02  -7.0599860E-01   5.6441638E-16   7.0820868E-01
   1.1582618E+01  -5.6400724E-02  -9.6966451E-01   5.6409356E-16   9.7130340E-01
   1.1606066E+01  -5.5767249E-02  -1.2089829E+00   5.6421558E-16   1.2102685E+00
   1.1625984E+01  -5.4800812E-02  -1.4442710E+00   5.6461067E-16   1.4453102E+00
   1.1649910E+01  -5.2877940E-02  -1.6626900E+00   5.6532514E-16   1.6635307E+00
   1.1672577E+01  -4.9094018E-02  -1.8749440E+00   5.6606508E-16   1.8755866E+00
   1.1695634E+01  -4.5440700E-02  -2.0594525E+00   5.6668415E-16   2.0599539E+00
   1.1716765E+01  -4.1346610E-02  -2.2167499E+00   5.6714028E-16   2.2171354E+00
   1.1740393E+01  -3.6776647E-02  -2.3619468E+00   5.6742393E-16   2.3622332E+00
   1.1764770E+01  -3.1535290E-02  -2.4717755E+00   5.6747332E-16   2.4719768E+00
   1.1789477E+01  -2.8920498E-02  -2.5259194E+00   5.6731053E-16   2.5260851E+00
   1.1811202E+01  -2.4719689E-02  -2.5892644E+00   5.6699200E-16   2.5893824E+00
   1.1832097E+01  -2.2344764E-02  -2.5783544E+00   5.6655572E-16   2.5784514E+00
   1.1857798E+01  -1.9436562E-02  -2.5656528E+00   5.6586470E-16   2.5657265E+00
   1.1879331E+01  -1.5422779E-02  -2.5329919E+00   5.6524346E-16   2.5330389E+00
   1.1901914E+01  -1.2344481E-02  -2.4779470E+00   5.6467097E-16   2.4779778E+00
   1.1924159E+01  -9.5680831E-03  -2.4184074E+00   5.6429965E-16   2.4184265E+00
   1.1947573E+01  -5.9607141E-03  -2.3441486E+00   5.6427270E-16   2.3441563E+00
   1.1968280E+01  -3.2875116E-03  -2.2762017E+00   5.6455842E-16   2.2762041E+00
   1.1994693E+01   2.4683860E-03  -2.1740894E+00   5.6525134E-16   2.1740909E+00
   1.2013789E+01   3.7922810E-03  -2.0987029E+00   5.6581007E-16   2.0987065E+00
   1.2035773E+01   7.5114262E-03  -2.0013828E+00   5.6642660E-16   2.0013969E+00
   1.2062494E+01   1.0207778E-02  -1.8595078E+00   5.6702948E-16   1.8595358E+00
   1.2086251E+01   1.4047524E-02  -1.7156622E+00   5.6737046E-16   1.7157197E+00
   1.2104135E+01   1.2315970E-02  -1.6004672E+00   5.6747454E-16   1.6005145E+00
   1.2131574E+01   1.5742715E-02  -1.4022499E+00   5.6740958E-16   1.4023383E+00
   1.2149959E+01   1.7574646E-02  -1.2451180E+00   5.6722414E-16   1.2452420E+00
   1.2174442E+01   2.1631587E-02  -1.0120596E+00   5.6678776E-16   1.0122907E+00
   1.2200733E+01   1.8350031E-02  -7.8307289E-01   5.6617948E-16   7.8328782E-01
   1.2218907E+01   1.7589809E-02  -6.1271429E-01   5.6567163E-16   6.1296678E-01
   1.2246076E+01   1.6372792E-02  -3.6772874E-01   5.6494826E-16   3.6809304E-01
   1.2264718E+01   1.2205464E-02  -2.2808701E-01   5.6458595E-16   2.2841334E-01
   1.2292224E+01   1.0729780E-02  -5.2567520E-03   5.6436604E-16   1.1948289E-02
   1.2310547E+01   1.0531621E-02   1.3452922E-01   5.6449780E-16   1.3494083E-01
   1.2338141E+01   9.8482613E-03   3.2019559E-01   5.6505547E-16   3.2034701E-01
   1.2356740E+01   1.0229297E-02   4.3835580E-01   5.6557989E-16   4.3847513E-01
   1.2384373E+01   1.1440026E-02   6.0290754E-01   5.6639897E-16   6.0301608E-01
   1.2402650E+01   1.1250406E-02   7.0260876E-01   5.6685975E-16   7.0269883E-01
   1.2430074E+01   1.0197937E-02   8.4618902E-01   5.6732636E-16   8.4625047E-01
   1.2448364E+01   9.2571555E-03   9.4258720E-01   5.6746570E-16   9.4263268E-01
   1.2475801E+01   7.5031845E-03   1.0993513E+00   5.6745029E-16   1.0993769E+00
   1.2494092E+01   5.5324426E-03   1.2118355E+00   5.6730286E-16   1.2118481E+00
   1.2521528E+01   2.4687725E-03   1.3695073E+00   5.6686658E-16   1.3695095E+00
   1.2539810E+01   5.4707049E-05   1.4666688E+00   5.6644952E-16   1.4666688E+00
   1.2567225E+01  -4.2656474E-03   1.5957888E+00   5.6571589E-16   1.5957944E+00
   1.2585500E+01  -7.1296780E-03   1.6683061E+00   5.6522921E-16   1.6683214E+00
   1.2612902E+01  -1.1531185E-02   1.7538989E+00   5.6465747E-16   1.7539368E+00
   1.2631158E+01  -1.4070561E-02   1.7929904E+00   5.6447101E-16   1.7930456E+00
   1.2649638E+01  -1.6475970E-02   1.8159044E+00   5.6449373E-16   1.8159791E+00
   1.2677613E+01  -1.8801192E-02   1.8204789E+00   5.6492502E-16   1.8205761E+00
   1.2696025E+01  -1.9825581E-02   1.8080299E+00   5.6540296E-16   1.8081386E+00
   1.2723507E+01  -2.0643521E-02   1.7686646E+00   5.6620812E-16   1.7687850E+00
   1.2741798E+01  -2.0386895E-02   1.7322005E+00   5.6670062E-16   1.7323204E+00
   1.2769300E+01  -1.9799301E-02   1.6684476E+00   5.6724409E-16   1.6685652E+00
   1.2787704E+01  -1.9575683E-02   1.6220504E+00   5.6743552E-16   1.6221685E+00
   1.2815406E+01  -1.9308686E-02   1.5512495E+00   5.6747608E-16   1.5513697E+00
   1.2834002E+01  -1.9546980E-02   1.5059756E+00   5.6736840E-16   1.5061024E+00
   1.2861739E+01  -2.0090692E-02   1.4428585E+00   5.6700100E-16   1.4429983E+00
   1.2880252E+01  -2.1403762E-02   1.4038582E+00   5.6663280E-16   1.4040213E+00
   1.2908031E+01  -2.3888821E-02   1.3510679E+00   5.6595147E-16   1.3512790E+00
   1.2926520E+01  -2.5377881E-02   1.3207444E+00   5.6547507E-16   1.3209882E+00
   1.2954134E+01  -2.7727529E-02   1.2882636E+00   5.6487087E-16   1.2885619E+00
   1.2972506E+01  -2.8751554E-02   1.2742110E+00   5.6463364E-16   1.2745354E+00
   1.3000117E+01  -2.9803952E-02   1.2632052E+00   5.6463656E-16   1.2635567E+00
   1.3018487E+01  -3.0100735E-02   1.2647605E+00   5.6488685E-16   1.2651186E+00
   1.3045998E+01  -2.9979208E-02   1.2870519E+00   5.6553182E-16   1.2874010E+00
   1.3064316E+01  -2.9667230E-02   1.3185527E+00   5.6603983E-16   1.3188865E+00
   1.3091767E+01  -2.8955193E-02   1.3944248E+00   5.6675123E-16   1.3947253E+00
   1.3110058E+01  -2.8278675E-02   1.4668317E+00   5.6711741E-16   1.4671043E+00
   1.3128376E+01  -2.7925160E-02   1.5553069E+00   5.6735940E-16   1.5555576E+00
   1.3155828E+01  -2.7921986E-02   1.7214127E+00   5.6748111E-16   1.7216392E+00
   1.3173993E+01  -2.8939564E-02   1.8545475E+00   5.6742732E-16   1.8547733E+00
   1.3199822E+01  -3.1148169E-02   2.0744848E+00   5.6717003E-16   2.0747187E+00
   1.3225241E+01  -3.4386296E-02   2.3071396E+00   5.6672312E-16   2.3073959E+00
   1.3248684E+01  -3.8315739E-02   2.5353463E+00   5.6615852E-16   2.5356357E+00
   1.3268311E+01  -4.2068820E-02   2.7095025E+00   5.6563690E-16   2.7098289E+00
   1.3291721E+01  -4.7084399E-02   2.9721625E+00   5.6508268E-16   2.9725354E+00
   1.3313284E+01  -5.0757162E-02   3.1032162E+00   5.6475758E-16   3.1036313E+00
   1.3339587E+01  -5.5360012E-02   3.2989047E+00   5.6468891E-16   3.2993691E+00
   1.3360307E+01  -5.8940604E-02   3.3803780E+00   5.6491290E-16   3.3808918E+00
   1.3381119E+01  -6.2186666E-02   3.4541297E+00   5.6534325E-16   3.4546895E+00
   1.3408025E+01  -6.6046551E-02   3.5078192E+00   5.6604708E-16   3.5084410E+00
   1.3429214E+01  -7.0321649E-02   3.5204473E+00   5.6659469E-16   3.5211494E+00
   1.3449547E+01  -7.1873300E-02   3.4916606E+00   5.6703790E-16   3.4924002E+00
   1.3474895E+01  -7.5911544E-02   3.4095750E+00   5.6737877E-16   3.4104199E+00
   1.3499379E+01  -7.8915358E-02   3.3572342E+00   5.6750620E-16   3.3581617E+00
   1.3522128E+01  -8.2957990E-02   3.2666929E+00   5.6743965E-16   3.2677462E+00
   1.3544099E+01  -8.6841024E-02   3.1304324E+00   5.6720947E-16   3.1316366E+00
   1.3565237E+01  -9.0406582E-02   3.0195799E+00   5.6684414E-16   3.0209329E+00
   1.3589879E+01  -9.4781600E-02   2.8368869E+00   5.6630172E-16   2.8384697E+00
   1.3609745E+01  -9.8821811E-02   2.6529014E+00   5.6581213E-16   2.6547413E+00
   1.3632995E+01  -1.0264627E-01   2.4478581E+00   5.6527564E-16   2.4500093E+00
   1.3656148E+01  -1.0665638E-01   2.2086146E+00   5.6488955E-16   2.2111886E+00
   1.3679857E+01  -1.0994419E-01   1.9317251E+00   5.6475546E-16   1.9348513E+00
   1.3704270E+01  -1.1506452E-01   1.6387160E+00   5.6496049E-16   1.6427506E+00
   1.3724639E+01  -1.1508407E-01   1.3614199E+00   5.6534849E-16   1.3662753E+00
   1.3750190E+01  -1.1375073E-01   1.0241088E+00   5.6597450E-16   1.0304067E+00
   1.3771567E+01  -1.1307207E-01   7.2102958E-01   5.6651051E-16   7.2984171E-01
   1.3792674E+01  -1.0991935E-01   4.2383850E-01   5.6697167E-16   4.3785995E-01
   1.3816580E+01  -1.1548679E-01   1.2820642E-01   5.6734854E-16   1.7255169E-01
   1.3839027E+01  -1.1306878E-01  -1.9002654E-01   5.6749863E-16   2.2112131E-01
   1.3863814E+01  -1.0822333E-01  -4.9100456E-01   5.6746909E-16   5.0278997E-01
   1.3883677E+01  -1.0620365E-01  -6.7565137E-01   5.6730746E-16   6.8394732E-01
   1.3907381E+01  -1.0430656E-01  -9.8420340E-01   5.6697183E-16   9.8971522E-01
   1.3930501E+01  -1.0411835E-01  -1.2213074E+00   5.6648902E-16   1.2257376E+00
   1.3952565E+01  -1.0326003E-01  -1.4501919E+00   5.6598408E-16   1.4538635E+00
   1.3976686E+01  -1.0965572E-01  -1.7013521E+00   5.6541376E-16   1.7048823E+00
   1.3997977E+01  -9.2472836E-02  -1.9298563E+00   5.6504890E-16   1.9320706E+00
   1.4022418E+01  -9.1530845E-02  -2.1624529E+00   5.6487034E-16   2.1643891E+00
   1.4045144E+01  -9.3692452E-02  -2.4301174E+00   5.6497368E-16   2.4319229E+00
   1.4068645E+01  -8.2181863E-02  -2.6083305E+00   5.6531725E-16   2.6096249E+00
   1.4089673E+01  -8.0879793E-02  -2.8058534E+00   5.6581859E-16   2.8070188E+00
   1.4112782E+01  -7.3105730E-02  -3.0486047E+00   5.6640400E-16   3.0494812E+00
   1.4134887E+01  -6.5068133E-02  -3.2433949E+00   5.6689739E-16   3.2440476E+00
   1.4158155E+01  -5.5388723E-02  -3.4150522E+00   5.6728031E-16   3.4155014E+00
   1.4180550E+01  -4.7662541E-02  -3.5502386E+00   5.6747401E-16   3.5505586E+00
   1.4203207E+01  -3.9038759E-02  -3.6588609E+00   5.6749582E-16   3.6590693E+00
   1.4228422E+01  -2.9703621E-02  -3.7372625E+00   5.6733838E-16   3.7373805E+00
   1.4249531E+01  -2.2026347E-02  -3.7635901E+00   5.6706908E-16   3.7636545E+00
   1.4271613E+01  -1.5447683E-02  -3.7443008E+00   5.6667356E-16   3.7443328E+00
   1.4294264E+01  -1.1048897E-02  -3.7040524E+00   5.6618843E-16   3.7040689E+00
   1.4320479E+01  -4.4131442E-03  -3.5837617E+00   5.6562187E-16   3.5837646E+00
   1.4340143E+01   1.9987500E-03  -3.4754570E+00   5.6525648E-16   3.4754574E+00
   1.4365149E+01   1.0603609E-02  -3.2588000E+00   5.6499263E-16   3.2588172E+00
   1.4388559E+01   1.7454386E-02  -3.0759227E+00   5.6503593E-16   3.0759721E+00
   1.4410249E+01   2.3446253E-02  -2.8610833E+00   5.6531831E-16   2.8611794E+00
   1.4430710E+01   2.9062467E-02  -2.6779947E+00   5.6572102E-16   2.6781523E+00
   1.4452783E+01   3.3875033E-02  -2.5201268E+00   5.6619986E-16   2.5203545E+00
   1.4475601E+01   3.9001700E-02  -2.3010914E+00   5.6672465E-16   2.3014219E+00
   1.4502905E+01   4.5002941E-02  -2.0176978E+00   5.6722631E-16   2.0181997E+00
   1.4522649E+01   4.8820633E-02  -1.7436279E+00   5.6744029E-16   1.7443112E+00
   1.4546635E+01   5.1950894E-02  -1.4879284E+00   5.6751896E-16   1.4888350E+00
   1.4570478E+01   5.4501239E-02  -1.2165450E+00   5.6742907E-16   1.2177652E+00
   1.4593631E+01   5.4778457E-02  -9.5508647E-01   5.6718152E-16   9.5665610E-01
   1.4616004E+01   5.4079939E-02  -7.1767569E-01   5.6681703E-16   7.1971035E-01
   1.4639235E+01   5.2473914E-02  -4.7102478E-01   5.6633994E-16   4.7393867E-01
   1.4658249E+01   5.0605100E-02  -2.8530452E-01   5.6592219E-16   2.8975773E-01
   1.4682606E+01   4.6829589E-02  -6.1447911E-02   5.6544404E-16   7.7258371E-02
   1.4708142E+01   4.3393943E-02   1.4411026E-01   5.6513456E-16   1.5050183E-01
   1.4731357E+01   4.0647868E-02   3.4833512E-01   5.6509687E-16   3.5069874E-01
   1.4749727E+01   3.7604731E-02   4.7976843E-01   5.6525754E-16   4.8123991E-01
   1.4773254E+01   3.6087111E-02   5.7432550E-01   5.6565448E-16   5.7545811E-01
   1.4796423E+01   3.4152467E-02   7.2083974E-01   5.6617371E-16   7.2164834E-01
   1.4820065E+01   3.2335199E-02   8.0499703E-01   5.6670596E-16   8.0564618E-01
   1.4844689E+01   3.0483296E-02   8.8907325E-01   5.6716956E-16   8.8959569E-01
   1.4863946E+01   2.8946817E-02   9.8456436E-01   5.6741504E-16   9.8498976E-01
   1.4890633E+01   2.6157551E-02   1.1637777E+00   5.6754897E-16   1.1640717E+00
   1.4911328E+01   2.4227742E-02   1.2690444E+00   5.6751695E-16   1.2692755E+00
   1.4932544E+01   2.2305237E-02   1.3495307E+00   5.6734494E-16   1.3497150E+00
   1.4954254E+01   1.9596977E-02   1.4981061E+00   5.6705489E-16   1.4982343E+00
   1.4976469E+01   1.7146513E-02   1.6110238E+00   5.6664132E-16   1.6111150E+00
   1.4999253E+01   1.3916655E-02   1.7619783E+00   5.6616783E-16   1.7620332E+00
   1.5022660E+01   1.1714827E-02   1.8742292E+00   5.6570477E-16   1.8742658E+00
   1.5046805E+01   9.3524400E-03   2.0162923E+00   5.6533705E-16   2.0163140E+00
   1.5071896E+01   7.7166911E-03   2.1173477E+00   5.6519136E-16   2.1173618E+00
   1.5089439E+01   7.1561276E-03   2.2023699E+00   5.6525320E-16   2.2023814E+00
   1.5115851E+01   6.8342341E-03   2.2884815E+00   5.6560313E-16   2.2884917E+00
   1.5142786E+01   6.8494123E-03   2.3611341E+00   5.6616047E-16   2.3611438E+00
   1.5160789E+01   7.1807606E-03   2.3994768E+00   5.6656589E-16   2.3994875E+00
   1.5187902E+01   7.7916086E-03   2.4446208E+00   5.6710582E-16   2.4446332E+00
   1.5206052E+01   7.9889176E-03   2.4690819E+00   5.6736898E-16   2.4690948E+00
   1.5233354E+01   7.7635199E-03   2.4998345E+00   5.6756787E-16   2.4998465E+00
   1.5251472E+01   6.8605389E-03   2.5189955E+00   5.6757364E-16   2.5190048E+00
   1.5277572E+01   4.5555653E-03   2.5473778E+00   5.6741641E-16   2.5473819E+00
   1.5303053E+01   1.2237679E-03   2.5772572E+00   5.6708369E-16   2.5772574E+00
   1.5319904E+01  -1.6764979E-03   2.5987411E+00   5.6678363E-16   2.5987415E+00
   1.5345297E+01  -6.7749638E-03   2.6329610E+00   5.6627493E-16   2.6329696E+00
   1.5371150E+01  -1.2430599E-02   2.6614442E+00   5.6578227E-16   2.6614733E+00
   1.5388449E+01  -1.6414911E-02   2.6985950E+00   5.6551588E-16   2.6986449E+00
   1.5412885E+01  -2.2549395E-02   2.7615824E+00   5.6529645E-16   2.7616744E+00
   1.5436485E+01  -2.6828060E-02   2.8071637E+00   5.6534732E-16   2.8072920E+00
   1.5459805E+01  -3.0813975E-02   2.8737514E+00   5.6563838E-16   2.8739166E+00
   1.5482052E+01  -3.3471506E-02   2.9539254E+00   5.6607609E-16   2.9541149E+00
   1.5503191E+01  -3.5034720E-02   3.0401261E+00   5.6653910E-16   3.0403278E+00
   1.5526717E+01  -3.4989096E-02   3.1485996E+00   5.6703880E-16   3.1487942E+00
   1.5548477E+01  -3.5426091E-02   3.2432694E+00   5.6736977E-16   3.2434628E+00
   1.5570557E+01  -3.5548713E-02   3.3497281E+00   5.6756263E-16   3.3499167E+00
   1.5594476E+01  -3.3530481E-02   3.4379761E+00   5.6759778E-16   3.4381397E+00
   1.5617855E+01  -3.3238918E-02   3.4838541E+00   5.6748079E-16   3.4840126E+00
   1.5642191E+01  -3.3927746E-02   3.5170410E+00   5.6720608E-16   3.5172045E+00
   1.5662943E+01  -3.5229534E-02   3.5020626E+00   5.6686648E-16   3.5022397E+00
   1.5685361E+01  -3.8411628E-02   3.4394455E+00   5.6644375E-16   3.4396601E+00
   1.5707815E+01  -4.3635309E-02   3.3500035E+00   5.6600261E-16   3.3502877E+00
   1.5729939E+01  -4.9814090E-02   3.2064519E+00   5.6563913E-16   3.2068388E+00
   1.5754414E+01  -5.7972446E-02   3.0058076E+00   5.6540624E-16   3.0063665E+00
   1.5778701E+01  -6.6546381E-02   2.7509124E+00   5.6543271E-16   2.7517173E+00
   1.5798512E+01  -7.4834101E-02   2.5254381E+00   5.6563870E-16   2.5265465E+00
   1.5821684E+01  -8.3833382E-02   2.2283463E+00   5.6603300E-16   2.2299228E+00
   1.5844612E+01  -9.2617765E-02   1.9087090E+00   5.6650585E-16   1.9109548E+00
   1.5868917E+01  -9.9379569E-02   1.5812440E+00   5.6698300E-16   1.5843639E+00
   1.5893399E+01  -1.0598060E-01   1.2212297E+00   5.6736591E-16   1.2258196E+00
   1.5913185E+01  -1.1092503E-01   9.2795622E-01   5.6755935E-16   9.3456256E-01
   1.5936123E+01  -1.1686452E-01   6.3473666E-01   5.6764183E-16   6.4540523E-01
   1.5959630E+01  -1.2154295E-01   2.8602231E-01   5.6757417E-16   3.1077555E-01
   1.5984016E+01  -1.2685330E-01  -6.2989846E-02   5.6734277E-16   1.4163150E-01
   1.6005085E+01  -1.2914623E-01  -3.0436662E-01   5.6702376E-16   3.3063239E-01
   1.6026533E+01  -1.3242117E-01  -6.0998470E-01   5.6663450E-16   6.2419283E-01
   1.6051683E+01  -1.3269797E-01  -9.3014717E-01   5.6614555E-16   9.3956506E-01
   1.6075691E+01  -1.3496225E-01  -1.2300568E+00   5.6574024E-16   1.2374387E+00
   1.6097820E+01  -1.3587418E-01  -1.4915370E+00   5.6551477E-16   1.4977130E+00
   1.6121183E+01  -1.2790953E-01  -1.7798617E+00   5.6549555E-16   1.7844518E+00
   1.6141087E+01  -1.2391695E-01  -1.9890549E+00   5.6566088E-16   1.9929112E+00
   1.6163721E+01  -1.2895429E-01  -2.2102745E+00   5.6601007E-16   2.2140331E+00
   1.6189224E+01  -1.1707576E-01  -2.4870193E+00   5.6651131E-16   2.4897735E+00
   1.6211407E+01  -1.1777648E-01  -2.7230678E+00   5.6695441E-16   2.7256136E+00
   1.6234699E+01  -1.1249603E-01  -2.9058201E+00   5.6734711E-16   2.9079969E+00
   1.6255877E+01  -1.0823273E-01  -3.1032183E+00   5.6757476E-16   3.1051054E+00
   1.6279209E+01  -1.0452430E-01  -3.2708259E+00   5.6767285E-16   3.2724955E+00
   1.6300833E+01  -9.6936941E-02  -3.3981543E+00   5.6763796E-16   3.3995366E+00
   1.6324316E+01  -8.6348705E-02  -3.5096736E+00   5.6745014E-16   3.5107358E+00
   1.6347874E+01  -7.7656358E-02  -3.5817299E+00   5.6712599E-16   3.5825715E+00
   1.6370506E+01  -6.5435424E-02  -3.6163065E+00   5.6673889E-16   3.6168985E+00
   1.6393936E+01  -5.5698752E-02  -3.6215234E+00   5.6628552E-16   3.6219518E+00
   1.6415932E+01  -4.6097521E-02  -3.6058602E+00   5.6593236E-16   3.6061549E+00
   1.6438587E+01  -3.4690764E-02  -3.5446813E+00   5.6567788E-16   3.5448511E+00
   1.6460480E+01  -2.3802852E-02  -3.4764879E+00   5.6559905E-16   3.4765694E+00
   1.6485273E+01  -1.0054813E-02  -3.3725433E+00   5.6574029E-16   3.3725584E+00
   1.6506773E+01   4.8945670E-04  -3.2608385E+00   5.6603983E-16   3.2608385E+00
   1.6531393E+01   1.3566100E-02  -3.1215208E+00   5.6649632E-16   3.1215501E+00
   1.6552313E+01   2.3911551E-02  -2.9985392E+00   5.6690031E-16   2.9986346E+00
   1.6574093E+01   3.2605361E-02  -2.8731031E+00   5.6725976E-16   2.8732882E+00
   1.6599827E+01   4.2136010E-02  -2.7163415E+00   5.6756808E-16   2.7166684E+00
   1.6620707E+01   4.9680356E-02  -2.5675833E+00   5.6768969E-16   2.5680640E+00
   1.6643305E+01   5.6247625E-02  -2.4450266E+00   5.6769720E-16   2.4456735E+00
   1.6665573E+01   6.1663073E-02  -2.2937827E+00   5.6757052E-16   2.2946115E+00
   1.6689108E+01   6.6255279E-02  -2.1535091E+00   5.6730736E-16   2.1545281E+00
   1.6713747E+01   6.9701731E-02  -2.0006716E+00   5.6691132E-16   2.0018854E+00
   1.6733086E+01   7.1991101E-02  -1.8677187E+00   5.6656567E-16   1.8691057E+00
   1.6756544E+01   7.3721968E-02  -1.7602040E+00   5.6616535E-16   1.7617471E+00
   1.6779348E+01   7.3991768E-02  -1.6254718E+00   5.6586412E-16   1.6271551E+00
   1.6801729E+01   7.4230738E-02  -1.5267948E+00   5.6572028E-16   1.5285982E+00
   1.6828108E+01   7.4003682E-02  -1.4007298E+00   5.6579477E-16   1.4026834E+00
   1.6850071E+01   7.3050588E-02  -1.3473723E+00   5.6604380E-16   1.3493512E+00
   1.6872086E+01   7.2407387E-02  -1.2501680E+00   5.6642216E-16   1.2522631E+00
   1.6894026E+01   7.1565516E-02  -1.1827433E+00   5.6684768E-16   1.1849065E+00
   1.6915863E+01   7.1292683E-02  -1.1267834E+00   5.6724325E-16   1.1290365E+00
   1.6941980E+01   7.0669815E-02  -1.0349358E+00   5.6759249E-16   1.0373458E+00
   1.6963623E+01   6.9406874E-02  -9.6805447E-01   5.6774009E-16   9.7053945E-01
   1.6985298E+01   6.9455616E-02  -8.8649744E-01   5.6776269E-16   8.8921416E-01
   1.7006954E+01   6.7542598E-02  -8.0641294E-01   5.6767116E-16   8.0923659E-01
   1.7033157E+01   6.6569723E-02  -7.0767856E-01   5.6741567E-16   7.1080267E-01
   1.7056507E+01   6.5729275E-02  -5.8947974E-01   5.6710042E-16   5.9313297E-01
   1.7077765E+01   6.3723646E-02  -4.8983264E-01   5.6672608E-16   4.9396023E-01
   1.7098019E+01   6.2880173E-02  -4.3330604E-01   5.6635503E-16   4.3784475E-01
   1.7124332E+01   6.1219871E-02  -3.2654449E-01   5.6599795E-16   3.3223364E-01
   1.7144777E+01   5.9526663E-02  -2.4201530E-01   5.6585104E-16   2.4922846E-01
   1.7170116E+01   5.9066035E-02  -1.3477477E-01   5.6587640E-16   1.4714971E-01
   1.7190430E+01   6.0165238E-02  -6.7297168E-02   5.6605301E-16   9.0270504E-02
   1.7215750E+01   5.9092391E-02   3.9029371E-02   5.6642734E-16   7.0818096E-02
   1.7236095E+01   6.0069352E-02   1.2077379E-01   5.6679882E-16   1.3488750E-01
   1.7262054E+01   6.1053235E-02   2.2867039E-01   5.6726119E-16   2.3668046E-01
   1.7282879E+01   6.1754737E-02   3.2603830E-01   5.6756094E-16   3.3183524E-01
   1.7303263E+01   6.2417820E-02   4.3929499E-01   5.6775025E-16   4.4370720E-01
   1.7328493E+01   6.2600501E-02   5.6983507E-01   5.6783490E-16   5.7326329E-01
   1.7348768E+01   6.1717015E-02   6.9275588E-01   5.6778969E-16   6.9549960E-01
   1.7374535E+01   5.9690021E-02   8.4410495E-01   5.6757190E-16   8.4621280E-01
   1.7395916E+01   5.7912081E-02   9.7082734E-01   5.6728470E-16   9.7255307E-01
   1.7420334E+01   5.5853922E-02   1.1294576E+00   5.6690163E-16   1.1308378E+00
   1.7444242E+01   5.0648801E-02   1.2659035E+00   5.6648690E-16   1.2669163E+00
   1.7463043E+01   4.7277059E-02   1.4075458E+00   5.6620823E-16   1.4083396E+00
   1.7488060E+01   4.3924626E-02   1.4893349E+00   5.6597249E-16   1.4899826E+00
   1.7507812E+01   4.1456595E-02   1.5947468E+00   5.6592283E-16   1.5952855E+00
   1.7534391E+01   3.8458094E-02   1.7156402E+00   5.6607826E-16   1.7160711E+00
   1.7555235E+01   3.6561348E-02   1.8155190E+00   5.6635116E-16   1.8158871E+00
   1.7576643E+01   3.5324689E-02   1.9149240E+00   5.6671745E-16   1.9152498E+00
   1.7599321E+01   3.4409221E-02   2.0245717E+00   5.6712366E-16   2.0248640E+00
   1.7622614E+01   3.3357166E-02   2.1781983E+00   5.6749535E-16   2.1784537E+00
   1.7645678E+01   3.2668710E-02   2.2895811E+00   5.6775708E-16   2.2898140E+00
   1.7670294E+01   3.0918565E-02   2.4635425E+00   5.6787016E-16   2.4637365E+00
   1.7694992E+01   2.8692039E-02   2.6100912E+00   5.6784094E-16   2.6102488E+00
   1.7719545E+01   2.5627188E-02   2.7733333E+00   5.6766380E-16   2.7734516E+00
   1.7735891E+01   2.2923356E-02   2.8851705E+00   5.6746888E-16   2.8852615E+00
   1.7760464E+01   1.7554194E-02   3.0461137E+00   5.6709597E-16   3.0461643E+00
   1.7785137E+01   1.1980390E-02   3.1945000E+00   5.6668691E-16   3.1945224E+00
   1.7806599E+01   5.6359698E-03   3.3163064E+00   5.6633835E-16   3.3163111E+00
   1.7829048E+01  -4.7393981E-04   3.4045408E+00   5.6608991E-16   3.4045408E+00
   1.7852139E+01  -5.8059893E-03   3.4667969E+00   5.6600356E-16   3.4668019E+00
   1.7877094E+01  -1.2119331E-02   3.5001383E+00   5.6613136E-16   3.5001593E+00
   1.7897026E+01  -1.6429262E-02   3.4923980E+00   5.6637626E-16   3.4924369E+00
   1.7920391E+01  -2.1122212E-02   3.4459043E+00   5.6676298E-16   3.4459689E+00
   1.7944981E+01  -2.4751959E-02   3.3639419E+00   5.6719168E-16   3.3640330E+00
   1.7966810E+01  -2.7713355E-02   3.2607341E+00   5.6752515E-16   3.2608516E+00
   1.7989180E+01  -3.0164342E-02   3.1361203E+00   5.6777222E-16   3.1362653E+00
   1.8012411E+01  -3.2634310E-02   2.9842777E+00   5.6789965E-16   2.9844561E+00
   1.8036896E+01  -3.4863416E-02   2.8040137E+00   5.6789541E-16   2.8042305E+00
   1.8057133E+01  -3.7030283E-02   2.6443877E+00   5.6777905E-16   2.6446469E+00
   1.8078138E+01  -3.9664000E-02   2.4799089E+00   5.6755930E-16   2.4802260E+00
   1.8102760E+01  -4.1926313E-02   2.1945145E+00   5.6719925E-16   2.1949148E+00
   1.8127337E+01  -4.5883358E-02   2.0503531E+00   5.6678199E-16   2.0508664E+00
   1.8146898E+01  -4.7453467E-02   1.9374701E+00   5.6648542E-16   1.9380511E+00
   1.8171619E+01  -5.1125947E-02   1.7344582E+00   5.6620590E-16   1.7352116E+00
   1.8196161E+01  -5.3024605E-02   1.5471128E+00   5.6609631E-16   1.5480212E+00
   1.8216261E+01  -5.3897861E-02   1.3952575E+00   5.6615995E-16   1.3962981E+00
   1.8240829E+01  -5.5189230E-02   1.2175539E+00   5.6640580E-16   1.2188040E+00
   1.8264210E+01  -5.5951662E-02   1.0036931E+00   5.6676944E-16   1.0052514E+00
   1.8284836E+01  -5.5973411E-02   7.7425122E-01   5.6712615E-16   7.7627182E-01
   1.8306890E+01  -5.7021007E-02   5.5793363E-01   5.6747544E-16   5.6083983E-01
   1.8330839E+01  -5.8904395E-02   2.8922388E-01   5.6776116E-16   2.9516128E-01
   1.8354757E+01  -6.1278064E-02   1.6010187E-03   5.6791854E-16   6.1298974E-02
   1.8375879E+01  -6.4397588E-02  -5.5036527E-01   5.6794051E-16   5.5412000E-01
   1.8399570E+01  -7.0088439E-02  -5.9266669E-01   5.6783935E-16   5.9679657E-01
   1.8423138E+01  -7.6824695E-02  -8.9756775E-01   5.6760223E-16   9.0084952E-01
   1.8445148E+01  -7.7867277E-02  -1.2230223E+00   5.6729253E-16   1.2254987E+00
   1.8468601E+01  -8.0765240E-02  -1.4950004E+00   5.6691216E-16   1.4971803E+00
   1.8491228E+01  -8.5054323E-02  -1.7972571E+00   5.6657880E-16   1.7992686E+00
   1.8513659E+01  -8.5078001E-02  -2.0896189E+00   5.6632607E-16   2.0913501E+00
   1.8537081E+01  -8.5201770E-02  -2.3444993E+00   5.6619849E-16   2.3460469E+00
   1.8559080E+01  -7.9973049E-02  -2.6619263E+00   5.6623168E-16   2.6631274E+00
   1.8581413E+01  -7.3689446E-02  -2.8971581E+00   5.6642681E-16   2.8980951E+00
   1.8605610E+01  -6.5076053E-02  -3.1387136E+00   5.6676298E-16   3.1393883E+00
   1.8626562E+01  -5.5882253E-02  -3.3365557E+00   5.6710349E-16   3.3370235E+00
   1.8652004E+01  -4.4508044E-02  -3.5765278E+00   5.6747909E-16   3.5768049E+00
   1.8672525E+01  -3.6346827E-02  -3.7001407E+00   5.6773442E-16   3.7003193E+00
   1.8696409E+01  -2.5552306E-02  -3.8307624E+00   5.6792135E-16   3.8308475E+00
   1.8719294E+01  -1.4385138E-02  -3.9330757E+00   5.6797180E-16   3.9331021E+00
   1.8740992E+01  -7.1515380E-03  -3.9719820E+00   5.6790298E-16   3.9719884E+00
   1.8765947E+01   1.8803215E-03  -3.9770110E+00   5.6768625E-16   3.9770114E+00
   1.8787432E+01   8.6233262E-03  -3.9458535E+00   5.6741371E-16   3.9458628E+00
   1.8808622E+01   1.4503343E-02  -3.8908305E+00   5.6710216E-16   3.8908575E+00
   1.8831415E+01   1.8957544E-02  -3.7958307E+00   5.6675499E-16   3.7958779E+00
   1.8856438E+01   2.4360273E-02  -3.6705048E+00   5.6645921E-16   3.6705859E+00
   1.8877819E+01   2.6982330E-02  -3.5545783E+00   5.6630352E-16   3.5546808E+00
   1.8902372E+01   3.0040499E-02  -3.3883550E+00   5.6630251E-16   3.3884883E+00
   1.8925026E+01   3.3295628E-02  -3.2371509E+00   5.6646991E-16   3.2373221E+00
   1.8945837E+01   3.5406649E-02  -3.0988669E+00   5.6672534E-16   3.0990691E+00
   1.8971344E+01   3.7526522E-02  -2.9302013E+00   5.6709232E-16   2.9304416E+00
   1.8990343E+01   3.8909104E-02  -2.8030987E+00   5.6737163E-16   2.8033688E+00
   1.9017229E+01   4.1117080E-02  -2.6150234E+00   5.6772304E-16   2.6153467E+00
   1.9040716E+01   4.2808063E-02  -2.4537523E+00   5.6792601E-16   2.4541256E+00
   1.9063215E+01   4.2686641E-02  -2.3008077E+00   5.6800034E-16   2.3012037E+00
   1.9084705E+01   4.3380935E-02  -2.1319568E+00   5.6796021E-16   2.1323981E+00
   1.9105217E+01   4.3929011E-02  -1.9674571E+00   5.6781875E-16   1.9679474E+00
   1.9130125E+01   4.3052044E-02  -1.7977334E+00   5.6754024E-16   1.7982489E+00
   1.9154306E+01   4.2407017E-02  -1.5927109E+00   5.6720963E-16   1.5932753E+00
   1.9173685E+01   4.1783556E-02  -1.4748987E+00   5.6693307E-16   1.4754905E+00
   1.9198484E+01   4.1118193E-02  -1.1997634E+00   5.6661226E-16   1.2004678E+00
   1.9219419E+01   3.9832059E-02  -1.0855296E+00   5.6642607E-16   1.0862601E+00
   1.9240776E+01   3.9426204E-02  -8.6747289E-01   5.6635889E-16   8.6836839E-01
   1.9266674E+01   3.9456710E-02  -7.7461517E-01   5.6646355E-16   7.7561939E-01
   1.9287148E+01   3.9366517E-02  -6.3145071E-01   5.6667452E-16   6.3267660E-01
   1.9312340E+01   3.9502393E-02  -3.8265726E-01   5.6702964E-16   3.8469082E-01
   1.9332336E+01   3.9486937E-02  -1.8666446E-01   5.6733086E-16   1.9079529E-01
   1.9357393E+01   3.8924202E-02  -2.6862290E-02   5.6767058E-16   4.7293510E-02
   1.9382307E+01   3.7505247E-02   2.0910977E-01   5.6791044E-16   2.1244656E-01
   1.9402256E+01   3.6168192E-02   4.1989726E-01   5.6800394E-16   4.2145208E-01
   1.9427338E+01   3.4129556E-02   6.2840706E-01   5.6799854E-16   6.2933320E-01
   1.9447491E+01   3.2262377E-02   8.2503998E-01   5.6788837E-16   8.2567054E-01
   1.9472132E+01   2.9146247E-02   1.0557961E+00   5.6764675E-16   1.0561985E+00
   1.9492823E+01   2.6892219E-02   1.2506123E+00   5.6737883E-16   1.2509013E+00
   1.9517683E+01   2.4268797E-02   1.4787320E+00   5.6702874E-16   1.4789311E+00
   1.9537315E+01   2.2071671E-02   1.6493603E+00   5.6677087E-16   1.6495080E+00
   1.9561960E+01   1.9870318E-02   1.8523932E+00   5.6652586E-16   1.8524997E+00
   1.9587076E+01   1.8633470E-02   2.0407667E+00   5.6642411E-16   2.0408516E+00
   1.9607769E+01   1.8534027E-02   2.1790698E+00   5.6647885E-16   2.1791487E+00
   1.9629276E+01   1.8651439E-02   2.3056397E+00   5.6665969E-16   2.3057153E+00
   1.9651857E+01   1.8788736E-02   2.4637196E+00   5.6695192E-16   2.4637914E+00
   1.9676004E+01   2.0636175E-02   2.4952652E+00   5.6729756E-16   2.4953506E+00
   1.9702419E+01   2.2015536E-02   2.5881100E+00   5.6765395E-16   2.5882037E+00
   1.9724064E+01   2.2695623E-02   2.6732464E+00   5.6787069E-16   2.6733427E+00
   1.9748215E+01   2.3645943E-02   2.7133660E+00   5.6800775E-16   2.7134690E+00
   1.9764963E+01   2.4117634E-02   2.7385428E+00   5.6803088E-16   2.7386489E+00
   1.9789732E+01   2.3895923E-02   2.7886741E+00   5.6795566E-16   2.7887764E+00
   1.9815397E+01   2.2851666E-02   2.8041894E+00   5.6774480E-16   2.8042827E+00
   1.9832926E+01   2.1378359E-02   2.8178742E+00   5.6753823E-16   2.8179553E+00
   1.9860193E+01   1.8744281E-02   2.8262737E+00   5.6717210E-16   2.8263359E+00
   1.9878075E+01   1.6519718E-02   2.8277745E+00   5.6692508E-16   2.8278227E+00
   1.9904404E+01   1.3102525E-02   2.8257966E+00   5.6663153E-16   2.8258269E+00
   1.9930733E+01   9.5508471E-03   2.8230834E+00   5.6647986E-16   2.8230994E+00
   1.9948313E+01   7.4807256E-03   2.8216515E+00   5.6648388E-16   2.8216615E+00
   1.9974678E+01   4.4380897E-03   2.8193336E+00   5.6665355E-16   2.8193369E+00
   1.9991798E+01   2.6466229E-03   2.8184047E+00   5.6685398E-16   2.8184059E+00
   2.0016787E+01   5.8189558E-04   2.8182473E+00   5.6720947E-16   2.8182476E+00
   2.0041288E+01  -6.7614723E-04   2.8173521E+00   5.6755887E-16   2.8173521E+00
   2.0064585E+01  -1.2696577E-03   2.8171642E+00   5.6783268E-16   2.8171644E+00
   2.0085526E+01  -2.0850291E-03   2.7911236E+00   5.6799118E-16   2.7911246E+00
   2.0108150E+01  -3.8265949E-03   2.7693734E+00   5.6804862E-16   2.7693760E+00
   2.0131052E+01  -4.7314232E-03   2.7184281E+00   5.6798752E-16   2.7184322E+00
   2.0155031E+01  -6.3373679E-03   2.6494508E+00   5.6780028E-16   2.6494584E+00
   2.0178024E+01  -8.4503014E-03   2.5516639E+00   5.6753812E-16   2.5516779E+00
   2.0200678E+01  -1.1020498E-02   2.3968258E+00   5.6723885E-16   2.3968511E+00
   2.0224579E+01  -1.4219207E-02   2.2166612E+00   5.6692799E-16   2.2167068E+00
   2.0246260E+01  -1.6847780E-02   2.0223198E+00   5.6669506E-16   2.0223899E+00
   2.0268318E+01  -1.9646900E-02   1.7558359E+00   5.6654614E-16   1.7559458E+00
   2.0290951E+01  -2.1942917E-02   1.4841477E+00   5.6652703E-16   1.4843098E+00
   2.0314659E+01  -2.4160093E-02   1.2045919E+00   5.6665662E-16   1.2048341E+00
   2.0339560E+01  -2.5796700E-02   8.8277584E-01   5.6692693E-16   8.8315266E-01
   2.0360201E+01  -2.6674425E-02   6.0670561E-01   5.6720757E-16   6.0729170E-01
   2.0382521E+01  -2.8127538E-02   2.7356106E-01   5.6753839E-16   2.7500331E-01
   2.0407864E+01  -2.9957347E-02   4.8068371E-03   5.6781542E-16   3.0340539E-02
   2.0429794E+01  -3.1075431E-02  -2.7995732E-01   5.6797731E-16   2.8167674E-01
   2.0450855E+01  -3.2094955E-02  -5.1584738E-01   5.6804083E-16   5.1684487E-01
   2.0474844E+01  -3.4760907E-02  -7.2191143E-01   5.6800034E-16   7.2274780E-01
   2.0496588E+01  -3.7072826E-02  -9.1038167E-01   5.6785406E-16   9.1113621E-01
   2.0519514E+01  -3.9627369E-02  -1.0241489E+00   5.6763039E-16   1.0249152E+00
   2.0542778E+01  -4.1872818E-02  -1.1543462E+00   5.6732906E-16   1.1551055E+00
   2.0565010E+01  -4.3807432E-02  -1.2077363E+00   5.6703927E-16   1.2085305E+00
   2.0589342E+01  -4.5105856E-02  -1.2433356E+00   5.6676160E-16   1.2441535E+00
   2.0612221E+01  -4.5086231E-02  -1.2555063E+00   5.6660114E-16   1.2563155E+00
   2.0633492E+01  -4.4709772E-02  -1.2187656E+00   5.6656657E-16   1.2195854E+00
   2.0658249E+01  -4.2632688E-02  -1.2055404E+00   5.6667759E-16   1.2062939E+00
   2.0680939E+01  -3.9648578E-02  -1.2028637E+00   5.6690586E-16   1.2035170E+00
   2.0703123E+01  -3.5716098E-02  -1.1616465E+00   5.6720058E-16   1.1621954E+00
   2.0726387E+01  -3.1056542E-02  -1.1325051E+00   5.6751192E-16   1.1329308E+00
   2.0748495E+01  -2.6332010E-02  -1.0694675E+00   5.6777259E-16   1.0697917E+00
   2.0770267E+01  -2.1546727E-02  -1.0640683E+00   5.6794909E-16   1.0642865E+00
   2.0793020E+01  -1.6927434E-02  -1.0559318E+00   5.6804523E-16   1.0560675E+00
   2.0816303E+01  -1.3942276E-02  -1.0581524E+00   5.6803628E-16   1.0582442E+00
   2.0838589E+01  -1.1340815E-02  -1.0708932E+00   5.6790706E-16   1.0709532E+00
   2.0861773E+01  -9.8672677E-03  -1.1294780E+00   5.6768138E-16   1.1295211E+00
   2.0885353E+01  -9.6842553E-03  -1.2082031E+00   5.6739005E-16   1.2082418E+00
   2.0906590E+01  -1.0304689E-02  -1.3012965E+00   5.6712000E-16   1.3013372E+00
   2.0931570E+01  -1.1980479E-02  -1.4416296E+00   5.6684472E-16   1.4416794E+00
   2.0952822E+01  -1.3386232E-02  -1.6088971E+00   5.6668214E-16   1.6089528E+00
   2.0975294E+01  -1.4466048E-02  -1.7696741E+00   5.6661650E-16   1.7697332E+00
   2.0999250E+01  -1.4409030E-02  -1.9639120E+00   5.6669606E-16   1.9639648E+00
   2.1022419E+01  -1.3534800E-02  -2.1395783E+00   5.6688675E-16   2.1396210E+00
   2.1043287E+01  -1.2072827E-02  -2.3223603E+00   5.6714012E-16   2.3223917E+00
   2.1066576E+01  -9.2675760E-03  -2.4913123E+00   5.6744378E-16   2.4913294E+00
   2.1089323E+01  -5.5202008E-03  -2.6375637E+00   5.6771086E-16   2.6375694E+00
   2.1111763E+01  -1.1304950E-03  -2.7664688E+00   5.6792019E-16   2.7664690E+00
   2.1136702E+01   3.5031750E-03  -2.8545105E+00   5.6804004E-16   2.8545127E+00
   2.1158747E+01   7.9286899E-03  -2.9076529E+00   5.6804475E-16   2.9076636E+00
   2.1179369E+01   1.1209192E-02  -2.9199991E+00   5.6796196E-16   2.9200206E+00
   2.1205700E+01   1.5106770E-02  -2.9035246E+00   5.6774496E-16   2.9035640E+00
   2.1224873E+01   1.7730027E-02  -2.8667908E+00   5.6754008E-16   2.8668456E+00
   2.1251030E+01   2.1271052E-02  -2.7748756E+00   5.6721821E-16   2.7749572E+00
   2.1274788E+01   2.2616684E-02  -2.6441000E+00   5.6695467E-16   2.6441965E+00
   2.1295273E+01   2.4637658E-02  -2.5647171E+00   5.6677828E-16   2.5648355E+00
   2.1317005E+01   2.4167076E-02  -2.4368114E+00   5.6667589E-16   2.4369311E+00
   2.1337608E+01   2.5748100E-02  -2.2877746E+00   5.6668288E-16   2.2879195E+00
   2.1364229E+01   2.4417358E-02  -2.0912006E+00   5.6684403E-16   2.0913432E+00
   2.1383610E+01   2.5411105E-02  -1.9121181E+00   5.6705134E-16   1.9122869E+00
   2.1408371E+01   2.3746857E-02  -1.7402370E+00   5.6735860E-16   1.7403990E+00
   2.1433506E+01   2.4523871E-02  -1.5532682E+00   5.6766571E-16   1.5534618E+00
   2.1452425E+01   2.4125153E-02  -1.3833976E+00   5.6786185E-16   1.3836079E+00
   2.1477720E+01   2.3953309E-02  -1.1355879E+00   5.6802231E-16   1.1358405E+00
   2.1501976E+01   2.2762433E-02  -8.9031392E-01   5.6806164E-16   8.9060485E-01
   2.1520773E+01   1.9162102E-02  -6.6815513E-01   5.6801484E-16   6.6842985E-01
   2.1545956E+01   1.7473688E-02  -4.7070736E-01   5.6784041E-16   4.7103158E-01
   2.1571253E+01   1.5511344E-02  -1.3000040E-01   5.6757560E-16   1.3092251E-01
   2.1589273E+01   1.3600384E-02   5.4140747E-02   5.6735876E-16   5.5822853E-02
   2.1614355E+01   1.2165925E-02   2.4507914E-01   5.6706855E-16   2.4538092E-01
   2.1634623E+01   1.1632073E-02   4.3049616E-01   5.6687659E-16   4.3065327E-01
   2.1661711E+01   1.0411704E-02   6.8423373E-01   5.6672407E-16   6.8431294E-01
   2.1682781E+01   8.9436499E-03   9.0473515E-01   5.6671941E-16   9.0477937E-01
   2.1702744E+01   8.5093873E-03   1.0373470E+00   5.6681682E-16   1.0373819E+00
   2.1730108E+01   9.0662213E-03   1.2400782E+00   5.6706722E-16   1.2401114E+00
   2.1751141E+01   9.2034265E-03   1.4186049E+00   5.6731927E-16   1.4186348E+00
   2.1772717E+01   1.1368026E-02   1.5307533E+00   5.6757830E-16   1.5307955E+00
   2.1794868E+01   1.2457458E-02   1.6963297E+00   5.6781065E-16   1.6963755E+00
   2.1817759E+01   1.3415389E-02   1.8055232E+00   5.6798080E-16   1.8055730E+00
   2.1841686E+01   1.4026658E-02   1.9577467E+00   5.6805529E-16   1.9577969E+00
   2.1866655E+01   1.4459711E-02   2.0611339E+00   5.6802061E-16   2.0611846E+00
   2.1891977E+01   1.4429720E-02   2.1926985E+00   5.6786751E-16   2.1927459E+00
   2.1908825E+01   1.4104080E-02   2.2600839E+00   5.6771060E-16   2.2601278E+00
   2.1933725E+01   1.3225449E-02   2.3348324E+00   5.6743087E-16   2.3348699E+00
   2.1958307E+01   1.2353457E-02   2.4071605E+00   5.6714748E-16   2.4071922E+00
   2.1982908E+01   1.1064349E-02   2.4473989E+00   5.6690925E-16   2.4474239E+00
   2.1999411E+01   1.0171832E-02   2.4650636E+00   5.6679818E-16   2.4650846E+00
   2.2024416E+01   8.9691896E-03   2.4709375E+00   5.6673556E-16   2.4709537E+00
   2.2049343E+01   7.9532415E-03   2.4577031E+00   5.6682285E-16   2.4577160E+00
   2.2073954E+01   7.3454212E-03   2.4195993E+00   5.6704028E-16   2.4196105E+00
   2.2090109E+01   7.0783244E-03   2.3932121E+00   5.6722647E-16   2.3932226E+00
   2.2113770E+01   6.8430514E-03   2.3438683E+00   5.6751409E-16   2.3438783E+00
   2.2137381E+01   6.0642799E-03   2.2853811E+00   5.6777280E-16   2.2853892E+00
   2.2160721E+01   5.7627670E-03   2.2446830E+00   5.6796116E-16   2.2446904E+00
   2.2184095E+01   3.4824859E-03   2.1888666E+00   5.6805111E-16   2.1888692E+00
   2.2207384E+01   1.5517153E-03   2.1549997E+00   5.6804110E-16   2.1550004E+00
   2.2230667E+01  -1.5726436E-03   2.1225216E+00   5.6792887E-16   2.1225224E+00
   2.2253746E+01  -4.9032117E-03   2.0970650E+00   5.6773029E-16   2.0970707E+00
   2.2276609E+01  -8.8941678E-03   2.0771391E+00   5.6748079E-16   2.0771582E+00
   2.2299162E+01  -1.3322795E-02   2.0564873E+00   5.6721937E-16   2.0565305E+00
   2.2320816E+01  -1.7383663E-02   2.0331602E+00   5.6699253E-16   2.0332346E+00
   2.2342232E+01  -2.0537172E-02   2.0384998E+00   5.6683228E-16   2.0386033E+00
   2.2369225E+01  -2.4604142E-02   2.0184231E+00   5.6676060E-16   2.0185730E+00
   2.2390532E+01  -2.6611332E-02   1.9955801E+00   5.6683048E-16   1.9957575E+00
   2.2412722E+01  -2.8505169E-02   1.9479469E+00   5.6700783E-16   1.9481555E+00
   2.2436026E+01  -2.9957715E-02   1.8988789E+00   5.6726183E-16   1.8991152E+00
   2.2458900E+01  -3.0471016E-02   1.8424436E+00   5.6752849E-16   1.8426955E+00
   2.2481489E+01  -3.0970957E-02   1.7830330E+00   5.6776645E-16   1.7833019E+00
   2.2504936E+01  -3.1264618E-02   1.7009335E+00   5.6794507E-16   1.7012209E+00
   2.2526112E+01  -3.1738814E-02   1.6191765E+00   5.6803109E-16   1.6194876E+00
   2.2547972E+01  -3.2014605E-02   1.5157983E+00   5.6803782E-16   1.5161363E+00
   2.2570766E+01  -3.3189472E-02   1.4131935E+00   5.6795026E-16   1.4135832E+00
   2.2594709E+01  -3.4703631E-02   1.2854435E+00   5.6776867E-16   1.2859119E+00
   2.2619732E+01  -3.6628984E-02   1.1244215E+00   5.6751583E-16   1.1250179E+00
   2.2640409E+01  -3.8261332E-02   9.9786127E-01   5.6728772E-16   9.9859452E-01
   2.2664469E+01  -4.0182415E-02   8.2019329E-01   5.6701518E-16   8.2117701E-01
   2.2686619E+01  -4.2373426E-02   6.7830753E-01   5.6686055E-16   6.7962974E-01
   2.2707657E+01  -4.3750770E-02   5.3486425E-01   5.6679072E-16   5.3665060E-01
   2.2729771E+01  -4.4151857E-02   3.8883603E-01   5.6682148E-16   3.9133471E-01
   2.2754951E+01  -4.4109151E-02   2.3458724E-01   5.6698951E-16   2.3869811E-01
   2.2777313E+01  -4.3068338E-02   9.7386681E-02   5.6721445E-16   1.0648496E-01
   2.2800591E+01  -4.1370541E-02  -2.3167035E-02   5.6747724E-16   4.7415536E-02
