  flscon:  version 22.2.0.05  win64 2022 
 FLOW-3D   14:48:24  12/08/2023 isnw     
   hydr3d   version  22.2.0.16 win64     09/12/2022 HYDRO    
 Simulation Template: Free Surface - TruVOF (Default)                            

Mesh Block   1
 printing p, p       
       1     1002      0.000E+00      1.688E+01
   time              p_1             p_2
   0.0000000E+00   4.1638589E+03   4.1485923E+03
   8.8658482E-03   4.0684629E+03   4.1486123E+03
   1.6821517E-02   4.2167441E+03   4.2018555E+03
   3.3946093E-02   4.2460220E+03   4.2298721E+03
   5.1435992E-02   4.2761768E+03   4.2592939E+03
   6.8895392E-02   4.3202808E+03   4.3024141E+03
   8.6038984E-02   4.3408174E+03   4.3222783E+03
   1.0362396E-01   4.3793813E+03   4.3596089E+03
   1.2134441E-01   4.4061812E+03   4.3853999E+03
   1.3907731E-01   4.4130049E+03   4.3908081E+03
   1.4790100E-01   4.4746387E+03   4.4515474E+03
   1.6544707E-01   4.4672793E+03   4.4426929E+03
   1.8255520E-01   4.5075356E+03   4.4813872E+03
   2.0471668E-01   4.5369985E+03   4.5082437E+03
   2.1772021E-01   4.5958125E+03   4.5661997E+03
   2.3534645E-01   4.5837715E+03   4.5516060E+03
   2.5092006E-01   4.5993716E+03   4.5651328E+03
   2.6960295E-01   4.6432036E+03   4.6079492E+03
   2.8671461E-01   4.7062383E+03   4.6699443E+03
   3.0263460E-01   4.7168389E+03   4.6775107E+03
   3.2115498E-01   4.6919868E+03   4.6513145E+03
   3.3876258E-01   4.7029180E+03   4.6615679E+03
   3.5544083E-01   4.7221914E+03   4.6808486E+03
   3.7158284E-01   4.7331372E+03   4.6905259E+03
   3.8738680E-01   4.7444727E+03   4.7044834E+03
   4.0594268E-01   4.7371401E+03   4.6937910E+03
   4.2108601E-01   4.7361987E+03   4.6922368E+03
   4.3931878E-01   4.7401494E+03   4.7001406E+03
   4.5443812E-01   4.7359858E+03   4.6971792E+03
   4.7286469E-01   4.7292124E+03   4.6963584E+03
   4.8852620E-01   4.7261221E+03   4.6911562E+03
   5.0787115E-01   4.7151187E+03   4.6843228E+03
   5.2455431E-01   4.6660347E+03   4.6421411E+03
   5.4174453E-01   4.6955518E+03   4.6705059E+03
   5.5595100E-01   4.6628384E+03   4.6417471E+03
   5.7398939E-01   4.6826743E+03   4.6623818E+03
   5.9007299E-01   4.6488271E+03   4.6329106E+03
   6.0776091E-01   4.6094404E+03   4.5986333E+03
   6.2622249E-01   4.5768276E+03   4.5701040E+03
   6.3950992E-01   4.5649546E+03   4.5609468E+03
   6.5622658E-01   4.4867959E+03   4.4876758E+03
   6.7420107E-01   4.4857773E+03   4.4889893E+03
   6.9128335E-01   4.4325342E+03   4.4390176E+03
   7.0710564E-01   4.4482725E+03   4.4561772E+03
   7.2405821E-01   4.3643101E+03   4.3754414E+03
   7.4095964E-01   4.3913521E+03   4.4040474E+03
   7.5785613E-01   4.3441714E+03   4.3593560E+03
   7.7596217E-01   4.2965635E+03   4.3144429E+03
   7.9210764E-01   4.2582075E+03   4.2784424E+03
   8.0867475E-01   4.1920811E+03   4.2140986E+03
   8.2926822E-01   4.2007280E+03   4.2263169E+03
   8.4311908E-01   4.1182988E+03   4.1446973E+03
   8.6022776E-01   4.0794541E+03   4.1075996E+03
   8.7930042E-01   4.0418955E+03   4.0718823E+03
   8.9358634E-01   4.0618855E+03   4.0948979E+03
   9.1064376E-01   3.9990505E+03   4.0331206E+03
   9.2732066E-01   4.0095461E+03   4.0463318E+03
   9.4408697E-01   3.9642793E+03   4.0024690E+03
   9.6107525E-01   3.8891223E+03   3.9281895E+03
   9.7831631E-01   3.9184072E+03   3.9605188E+03
   9.9600875E-01   3.8753630E+03   3.9191328E+03
   1.0136743E+00   3.8597532E+03   3.9053647E+03
   1.0284780E+00   3.8398008E+03   3.8863887E+03
   1.0484449E+00   3.8174976E+03   3.8654495E+03
   1.0645421E+00   3.8168547E+03   3.8663428E+03
   1.0808169E+00   3.7690063E+03   3.8173455E+03
   1.0963099E+00   3.8014954E+03   3.8523247E+03
   1.1141944E+00   3.7759099E+03   3.8259910E+03
   1.1313050E+00   3.7799534E+03   3.8294124E+03
   1.1465037E+00   3.7526123E+03   3.8003738E+03
   1.1647403E+00   3.7696086E+03   3.8169272E+03
   1.1833267E+00   3.7641892E+03   3.8076746E+03
   1.1994966E+00   3.7645020E+03   3.8074399E+03
   1.2156943E+00   3.7785591E+03   3.8182793E+03
   1.2318119E+00   3.7682412E+03   3.8060032E+03
   1.2481935E+00   3.7761853E+03   3.8107324E+03
   1.2648493E+00   3.7850701E+03   3.8163721E+03
   1.2817026E+00   3.7921123E+03   3.8200681E+03
   1.2987969E+00   3.8003792E+03   3.8251260E+03
   1.3159893E+00   3.8132522E+03   3.8344497E+03
   1.3331444E+00   3.8226509E+03   3.8406926E+03
   1.3501234E+00   3.8359250E+03   3.8505828E+03
   1.3670392E+00   3.8449541E+03   3.8569402E+03
   1.3841715E+00   3.8772385E+03   3.8850266E+03
   1.4013983E+00   3.8697632E+03   3.8763870E+03
   1.4186598E+00   3.8882412E+03   3.8918506E+03
   1.4358346E+00   3.9317041E+03   3.9318218E+03
   1.4530922E+00   3.9206018E+03   3.9199543E+03
   1.4665004E+00   3.9368428E+03   3.9343511E+03
   1.4851277E+00   3.9676626E+03   3.9626545E+03
   1.5045360E+00   3.9905659E+03   3.9838042E+03
   1.5195887E+00   4.0024094E+03   3.9936157E+03
   1.5347669E+00   4.0134717E+03   4.0040620E+03
   1.5527316E+00   4.0026792E+03   3.9925500E+03
   1.5676208E+00   4.1088452E+03   4.0933716E+03
   1.5848505E+00   4.0858381E+03   4.0708032E+03
   1.6042221E+00   4.0899316E+03   4.0735190E+03
   1.6228932E+00   4.2057646E+03   4.1834976E+03
   1.6349829E+00   4.1697148E+03   4.1479614E+03
   1.6533213E+00   4.1571226E+03   4.1344321E+03
   1.6723293E+00   4.2273784E+03   4.2009082E+03
   1.6910462E+00   4.2653267E+03   4.2357856E+03
   1.7034119E+00   4.2811958E+03   4.2500806E+03
   1.7217475E+00   4.2826938E+03   4.2494453E+03
   1.7411869E+00   4.4015249E+03   4.3640171E+03
   1.7544223E+00   4.3727031E+03   4.3340283E+03
   1.7730316E+00   4.3655967E+03   4.3248369E+03
   1.7902653E+00   4.4701260E+03   4.4259844E+03
   1.8064697E+00   4.4127690E+03   4.3675796E+03
   1.8218232E+00   4.5392114E+03   4.4910386E+03
   1.8411355E+00   4.5141812E+03   4.4640596E+03
   1.8547782E+00   4.5154873E+03   4.4644995E+03
   1.8720679E+00   4.5627021E+03   4.5102002E+03
   1.8885736E+00   4.5621055E+03   4.5078032E+03
   1.9081384E+00   4.5862578E+03   4.5304126E+03
   1.9229890E+00   4.6467529E+03   4.5910674E+03
   1.9402972E+00   4.6121880E+03   4.5541177E+03
   1.9571642E+00   4.6484902E+03   4.5899502E+03
   1.9733796E+00   4.6638594E+03   4.6047642E+03
   1.9921751E+00   4.6735811E+03   4.6140791E+03
   2.0073619E+00   4.6880674E+03   4.6286592E+03
   2.0253739E+00   4.6940903E+03   4.6343989E+03
   2.0430436E+00   4.6980186E+03   4.6387256E+03
   2.0602417E+00   4.7075635E+03   4.6490811E+03
   2.0774951E+00   4.7111558E+03   4.6535410E+03
   2.0918114E+00   4.7071670E+03   4.6503540E+03
   2.1089122E+00   4.7052144E+03   4.6498003E+03
   2.1260405E+00   4.6964297E+03   4.6439194E+03
   2.1433268E+00   4.6909448E+03   4.6361968E+03
   2.1611471E+00   4.6873862E+03   4.6370957E+03
   2.1766834E+00   4.6719966E+03   4.6243843E+03
   2.1928995E+00   4.6539800E+03   4.6099023E+03
   2.2125528E+00   4.6170815E+03   4.5773433E+03
   2.2291284E+00   4.6335586E+03   4.5942417E+03
   2.2462251E+00   4.5988384E+03   4.5642847E+03
   2.2601774E+00   4.5969131E+03   4.5632344E+03
   2.2781425E+00   4.5839565E+03   4.5524707E+03
   2.2968810E+00   4.5217646E+03   4.4977041E+03
   2.3124559E+00   4.5089072E+03   4.4869258E+03
   2.3288980E+00   4.4583550E+03   4.4406182E+03
   2.3461223E+00   4.4362881E+03   4.4225381E+03
   2.3630664E+00   4.3592803E+03   4.3487583E+03
   2.3817229E+00   4.3598501E+03   4.3531528E+03
   2.3965688E+00   4.3423667E+03   4.3377407E+03
   2.4121940E+00   4.2725469E+03   4.2700308E+03
   2.4317436E+00   4.2222603E+03   4.2243257E+03
   2.4496357E+00   4.1742705E+03   4.1765703E+03
   2.4640784E+00   4.1669526E+03   4.1722866E+03
   2.4818139E+00   4.1309668E+03   4.1378540E+03
   2.5005307E+00   4.0633362E+03   4.0725359E+03
   2.5139914E+00   4.0633906E+03   4.0733848E+03
   2.5337918E+00   4.0137144E+03   4.0254211E+03
   2.5489323E+00   3.9700576E+03   3.9833464E+03
   2.5653877E+00   3.9095510E+03   3.9242642E+03
   2.5807815E+00   3.9058982E+03   3.9219414E+03
   2.6008813E+00   3.8420886E+03   3.8593652E+03
   2.6149578E+00   3.8538301E+03   3.8723572E+03
   2.6325483E+00   3.7435647E+03   3.7621912E+03
   2.6492109E+00   3.7454363E+03   3.7653020E+03
   2.6651285E+00   3.7550042E+03   3.7752998E+03
   2.6846335E+00   3.7155220E+03   3.7369456E+03
   2.7005863E+00   3.6820649E+03   3.7036775E+03
   2.7174444E+00   3.6932244E+03   3.7154724E+03
   2.7347281E+00   3.6317417E+03   3.6533831E+03
   2.7522702E+00   3.6490239E+03   3.6721743E+03
   2.7702723E+00   3.5935857E+03   3.6157698E+03
   2.7841680E+00   3.6081794E+03   3.6312188E+03
   2.8029239E+00   3.5576125E+03   3.5791838E+03
   2.8168137E+00   3.5735913E+03   3.5961299E+03
   2.8361099E+00   3.5617988E+03   3.5842556E+03
   2.8507752E+00   3.5453186E+03   3.5670273E+03
   2.8699939E+00   3.5355835E+03   3.5565884E+03
   2.8844736E+00   3.5331006E+03   3.5535835E+03
   2.9045401E+00   3.5239910E+03   3.5426758E+03
   2.9199955E+00   3.5295588E+03   3.5484385E+03
   2.9356475E+00   3.5268801E+03   3.5428557E+03
   2.9560609E+00   3.5224841E+03   3.5380718E+03
   2.9716320E+00   3.5277925E+03   3.5427490E+03
   2.9879169E+00   3.5334536E+03   3.5462090E+03
   3.0048010E+00   3.5309514E+03   3.5417410E+03
   3.0217004E+00   3.5344419E+03   3.5435459E+03
   3.0387681E+00   3.5458313E+03   3.5529624E+03
   3.0557418E+00   3.5551091E+03   3.5605178E+03
   3.0731854E+00   3.5660032E+03   3.5693674E+03
   3.0908329E+00   3.5759756E+03   3.5774250E+03
   3.1087136E+00   3.5871733E+03   3.5868020E+03
   3.1207619E+00   3.5979800E+03   3.5963030E+03
   3.1391420E+00   3.6519192E+03   3.6461931E+03
   3.1584096E+00   3.6291003E+03   3.6240476E+03
   3.1714463E+00   3.6265740E+03   3.6210610E+03
   3.1909549E+00   3.6624636E+03   3.6539890E+03
   3.2102478E+00   3.7060950E+03   3.6948455E+03
   3.2227900E+00   3.6914858E+03   3.6804189E+03
   3.2412322E+00   3.7095623E+03   3.6966091E+03
   3.2593527E+00   3.7748831E+03   3.7579832E+03
   3.2772100E+00   3.7609084E+03   3.7432979E+03
   3.2890322E+00   3.7748862E+03   3.7556296E+03
   3.3067234E+00   3.8438975E+03   3.8204087E+03
   3.3244460E+00   3.8722227E+03   3.8458604E+03
   3.3417873E+00   3.8986001E+03   3.8693745E+03
   3.3592002E+00   3.9309595E+03   3.8985447E+03
   3.3769050E+00   3.9653127E+03   3.9295640E+03
   3.3953249E+00   4.0058376E+03   3.9663962E+03
   3.4076300E+00   4.0690820E+03   4.0266519E+03
   3.4258475E+00   4.0399290E+03   3.9947666E+03
   3.4442017E+00   4.1475552E+03   4.0979819E+03
   3.4628291E+00   4.1269497E+03   4.0739785E+03
   3.4799407E+00   4.1545762E+03   4.0977939E+03
   3.4955223E+00   4.1563149E+03   4.0968467E+03
   3.5098848E+00   4.2674292E+03   4.2035254E+03
   3.5276675E+00   4.2987207E+03   4.2306895E+03
   3.5441048E+00   4.2883462E+03   4.2178633E+03
   3.5632260E+00   4.3580610E+03   4.2838325E+03
   3.5776706E+00   4.3853369E+03   4.3077417E+03
   3.5947142E+00   4.3772944E+03   4.2972578E+03
   3.6108034E+00   4.4170151E+03   4.3336860E+03
   3.6293256E+00   4.4430190E+03   4.3569995E+03
   3.6470635E+00   4.4566831E+03   4.3680215E+03
   3.6643486E+00   4.4797803E+03   4.3894868E+03
   3.6811452E+00   4.4929526E+03   4.4015054E+03
   3.6976252E+00   4.5011826E+03   4.4086597E+03
   3.7139022E+00   4.5104897E+03   4.4179688E+03
   3.7301102E+00   4.5133022E+03   4.4208760E+03
   3.7464690E+00   4.5163213E+03   4.4248574E+03
   3.7629490E+00   4.5142002E+03   4.4244155E+03
   3.7821975E+00   4.5102812E+03   4.4227012E+03
   3.7988124E+00   4.5024473E+03   4.4176479E+03
   3.8141253E+00   4.4924521E+03   4.4104937E+03
   3.8304722E+00   4.4886177E+03   4.4093394E+03
   3.8481658E+00   4.4541450E+03   4.3815571E+03
   3.8663108E+00   4.4497827E+03   4.3807607E+03
   3.8820126E+00   4.4263452E+03   4.3622515E+03
   3.8981826E+00   4.4039570E+03   4.3450430E+03
   3.9149449E+00   4.3804067E+03   4.3267290E+03
   3.9319901E+00   4.3524409E+03   4.3043613E+03
   3.9487789E+00   4.3239585E+03   4.2814131E+03
   3.9657125E+00   4.2958794E+03   4.2584976E+03
   3.9841743E+00   4.2624336E+03   4.2304932E+03
   3.9996667E+00   4.1928638E+03   4.1666802E+03
   4.0191064E+00   4.2257617E+03   4.2032451E+03
   4.0344954E+00   4.1525732E+03   4.1349380E+03
   4.0508056E+00   4.1169204E+03   4.1037368E+03
   4.0685081E+00   4.0932808E+03   4.0838882E+03
   4.0841765E+00   4.0579321E+03   4.0516321E+03
   4.1005392E+00   4.0167800E+03   4.0134524E+03
   4.1197734E+00   3.9989075E+03   3.9986472E+03
   4.1357465E+00   3.9948303E+03   3.9973691E+03
   4.1516724E+00   3.8766992E+03   3.8808623E+03
   4.1681442E+00   3.8998484E+03   3.9060522E+03
   4.1860981E+00   3.8166970E+03   3.8259729E+03
   4.2042961E+00   3.8178069E+03   3.8290879E+03
   4.2181373E+00   3.8059019E+03   3.8172605E+03
   4.2360091E+00   3.7904216E+03   3.8045608E+03
   4.2537069E+00   3.7344771E+03   3.7493191E+03
   4.2705607E+00   3.7048354E+03   3.7208213E+03
   4.2873483E+00   3.7056675E+03   3.7228464E+03
   4.3038716E+00   3.6944714E+03   3.7128430E+03
   4.3205585E+00   3.6640281E+03   3.6825828E+03
   4.3373365E+00   3.6580828E+03   3.6779351E+03
   4.3540292E+00   3.6297332E+03   3.6496772E+03
   4.3706827E+00   3.6065398E+03   3.6265063E+03
   4.3876777E+00   3.6168745E+03   3.6382202E+03
   4.4040327E+00   3.5922644E+03   3.6134668E+03
   4.4230318E+00   3.5758452E+03   3.5974026E+03
   4.4410858E+00   3.5704978E+03   3.5923582E+03
   4.4550085E+00   3.5626201E+03   3.5844958E+03
   4.4727859E+00   3.5486565E+03   3.5702297E+03
   4.4907751E+00   3.5592002E+03   3.5817241E+03
   4.5081220E+00   3.5444910E+03   3.5661218E+03
   4.5249028E+00   3.5409458E+03   3.5623250E+03
   4.5411401E+00   3.5423687E+03   3.5632600E+03
   4.5568299E+00   3.5401494E+03   3.5603804E+03
   4.5749826E+00   3.5398347E+03   3.5592371E+03
   4.5924582E+00   3.5423567E+03   3.5606970E+03
   4.6090226E+00   3.5441482E+03   3.5614197E+03
   4.6247487E+00   3.5466943E+03   3.5629016E+03
   4.6435871E+00   3.5579727E+03   3.5715979E+03
   4.6569705E+00   3.5519333E+03   3.5661072E+03
   4.6756253E+00   3.5627266E+03   3.5745647E+03
   4.6943364E+00   3.5762537E+03   3.5858435E+03
   4.7085662E+00   3.5764346E+03   3.5852739E+03
   4.7280741E+00   3.5948152E+03   3.6010728E+03
   4.7426395E+00   3.5937712E+03   3.5995500E+03
   4.7583609E+00   3.6002954E+03   3.6045334E+03
   4.7770281E+00   3.6232148E+03   3.6246426E+03
   4.7916217E+00   3.6204792E+03   3.6212737E+03
   4.8133121E+00   3.6430635E+03   3.6414319E+03
   4.8271499E+00   3.7034961E+03   3.6975088E+03
   4.8419790E+00   3.6869507E+03   3.6801372E+03
   4.8590879E+00   3.6976187E+03   3.6912209E+03
   4.8762789E+00   3.7090513E+03   3.7016892E+03
   4.8943791E+00   3.7492949E+03   3.7387659E+03
   4.9126544E+00   3.7466741E+03   3.7355864E+03
   4.9305682E+00   3.8434268E+03   3.8261160E+03
   4.9476004E+00   3.8157610E+03   3.7995156E+03
   4.9638076E+00   3.8079380E+03   3.7905056E+03
   4.9790897E+00   3.8678899E+03   3.8465032E+03
   4.9981813E+00   3.8971743E+03   3.8732488E+03
   5.0119929E+00   3.9294492E+03   3.9030012E+03
   5.0304437E+00   3.9481765E+03   3.9187971E+03
   5.0489988E+00   3.9917556E+03   3.9586733E+03
   5.0630398E+00   4.0222227E+03   3.9865051E+03
   5.0817218E+00   4.1240015E+03   4.0834060E+03
   5.0955629E+00   4.0833521E+03   4.0414104E+03
   5.1131525E+00   4.0690049E+03   4.0237856E+03
   5.1305346E+00   4.1027476E+03   4.0546187E+03
   5.1473699E+00   4.1975835E+03   4.1439072E+03
   5.1635933E+00   4.2246836E+03   4.1678853E+03
   5.1834278E+00   4.2536455E+03   4.1925298E+03
   5.1983981E+00   4.2969932E+03   4.2326260E+03
   5.2160778E+00   4.3144922E+03   4.2460830E+03
   5.2331815E+00   4.3495801E+03   4.2778701E+03
   5.2507091E+00   4.3721089E+03   4.2968198E+03
   5.2675738E+00   4.4012129E+03   4.3230371E+03
   5.2837515E+00   4.4316274E+03   4.3510122E+03
   5.2990680E+00   4.4418828E+03   4.3587153E+03
   5.3165898E+00   4.4646514E+03   4.3797109E+03
   5.3333778E+00   4.4742935E+03   4.3870542E+03
   5.3521552E+00   4.4936274E+03   4.4060225E+03
   5.3678846E+00   4.4968716E+03   4.4084004E+03
   5.3834624E+00   4.5009116E+03   4.4125996E+03
   5.4016314E+00   4.5063481E+03   4.4195024E+03
   5.4173088E+00   4.5026841E+03   4.4167627E+03
   5.4358516E+00   4.4979756E+03   4.4145024E+03
   5.4519768E+00   4.4918638E+03   4.4110117E+03
   5.4684329E+00   4.4788574E+03   4.4013506E+03
   5.4853797E+00   4.4673594E+03   4.3933076E+03
   5.5030723E+00   4.4557173E+03   4.3857871E+03
   5.5212588E+00   4.4304971E+03   4.3661094E+03
   5.5367250E+00   4.4143735E+03   4.3542666E+03
   5.5528855E+00   4.3932939E+03   4.3381172E+03
   5.5696659E+00   4.3381206E+03   4.2897598E+03
   5.5870962E+00   4.3597192E+03   4.3148267E+03
   5.6049037E+00   4.3074731E+03   4.2688306E+03
   5.6216245E+00   4.2748999E+03   4.2422046E+03
   5.6370230E+00   4.2520298E+03   4.2234902E+03
   5.6560922E+00   4.2102827E+03   4.1870308E+03
   5.6705160E+00   4.1841675E+03   4.1651577E+03
   5.6882734E+00   4.1461123E+03   4.1315503E+03
   5.7046165E+00   4.1048970E+03   4.0942761E+03
   5.7210841E+00   4.0735535E+03   4.0662444E+03
   5.7404413E+00   4.0462192E+03   4.0424932E+03
   5.7555170E+00   3.9702671E+03   3.9691956E+03
   5.7733407E+00   4.0059358E+03   4.0077959E+03
   5.7885861E+00   3.9575115E+03   3.9615110E+03
   5.8079300E+00   3.8920359E+03   3.8984963E+03
   5.8234067E+00   3.8786838E+03   3.8871899E+03
   5.8391304E+00   3.8549407E+03   3.8649473E+03
   5.8584166E+00   3.7603708E+03   3.7719116E+03
   5.8738461E+00   3.8013777E+03   3.8150981E+03
   5.8916378E+00   3.7447441E+03   3.7589663E+03
   5.9091349E+00   3.7491270E+03   3.7659080E+03
   5.9254041E+00   3.7070276E+03   3.7242634E+03
   5.9419346E+00   3.7065930E+03   3.7249583E+03
   5.9583130E+00   3.6832637E+03   3.7024578E+03
   5.9750695E+00   3.6549573E+03   3.6747332E+03
   5.9923286E+00   3.6319846E+03   3.6521389E+03
   6.0100365E+00   3.6132812E+03   3.6341567E+03
   6.0246382E+00   3.5991675E+03   3.6204956E+03
   6.0431280E+00   3.5844539E+03   3.6061169E+03
   6.0581985E+00   3.5709397E+03   3.5929487E+03
   6.0762649E+00   3.5586621E+03   3.5811733E+03
   6.0932970E+00   3.5484011E+03   3.5712871E+03
   6.1104546E+00   3.5394399E+03   3.5626846E+03
   6.1280389E+00   3.5304497E+03   3.5539243E+03
   6.1456347E+00   3.5232212E+03   3.5467830E+03
   6.1627288E+00   3.5161499E+03   3.5395459E+03
   6.1769972E+00   3.5145229E+03   3.5379238E+03
   6.1950512E+00   3.5084277E+03   3.5314592E+03
   6.2124443E+00   3.5029280E+03   3.5253081E+03
   6.2289801E+00   3.5027097E+03   3.5247183E+03
   6.2446694E+00   3.4997078E+03   3.5209746E+03
   6.2643762E+00   3.4981409E+03   3.5187058E+03
   6.2790208E+00   3.4981399E+03   3.5178652E+03
   6.2956815E+00   3.4972227E+03   3.5153479E+03
   6.3130403E+00   3.4983445E+03   3.5166838E+03
   6.3313980E+00   3.4994421E+03   3.5159482E+03
   6.3451748E+00   3.5043384E+03   3.5197859E+03
   6.3638926E+00   3.5040588E+03   3.5185813E+03
   6.3829861E+00   3.5101006E+03   3.5230190E+03
   6.3973045E+00   3.5157039E+03   3.5272163E+03
   6.4161153E+00   3.5177151E+03   3.5279595E+03
   6.4301705E+00   3.5267566E+03   3.5353906E+03
   6.4484596E+00   3.5333462E+03   3.5404963E+03
   6.4664574E+00   3.5356980E+03   3.5418455E+03
   6.4799457E+00   3.5474529E+03   3.5516628E+03
   6.4977188E+00   3.5513281E+03   3.5545962E+03
   6.5155106E+00   3.5707703E+03   3.5716792E+03
   6.5332193E+00   3.5728333E+03   3.5728877E+03
   6.5508814E+00   3.6126836E+03   3.6088694E+03
   6.5683599E+00   3.5982722E+03   3.5931772E+03
   6.5815787E+00   3.6083394E+03   3.6044377E+03
   6.5993061E+00   3.6149121E+03   3.6105415E+03
   6.6171203E+00   3.6377683E+03   3.6308633E+03
   6.6349730E+00   3.6477544E+03   3.6402007E+03
   6.6522980E+00   3.6696333E+03   3.6602998E+03
   6.6688890E+00   3.6841262E+03   3.6739382E+03
   6.6850471E+00   3.6997810E+03   3.6882764E+03
   6.7010016E+00   3.7494197E+03   3.7354294E+03
   6.7170739E+00   3.7248433E+03   3.7112756E+03
   6.7365828E+00   3.7533938E+03   3.7373223E+03
   6.7517657E+00   3.7686489E+03   3.7517000E+03
   6.7704134E+00   3.7968813E+03   3.7775359E+03
   6.7852230E+00   3.8177693E+03   3.7966204E+03
   6.8040380E+00   3.8451768E+03   3.8219597E+03
   6.8193173E+00   3.8604988E+03   3.8355742E+03
   6.8345637E+00   3.8824534E+03   3.8556130E+03
   6.8529139E+00   3.9065735E+03   3.8775962E+03
   6.8710599E+00   3.9765608E+03   3.9449695E+03
   6.8854122E+00   3.9071133E+03   3.8750054E+03
   6.9033198E+00   3.9836587E+03   3.9486277E+03
   6.9198561E+00   4.0382329E+03   4.0024375E+03
   6.9368024E+00   4.0072419E+03   3.9687310E+03
   6.9539070E+00   4.0533845E+03   4.0131104E+03
   6.9704027E+00   4.0796592E+03   4.0380571E+03
   6.9869790E+00   4.0892317E+03   4.0459756E+03
   7.0036874E+00   4.0940857E+03   4.0490317E+03
   7.0233426E+00   4.1282769E+03   4.0819824E+03
   7.0397143E+00   4.1516899E+03   4.1043652E+03
   7.0561962E+00   4.1653574E+03   4.1170386E+03
   7.0726643E+00   4.1773677E+03   4.1283623E+03
   7.0887465E+00   4.1947168E+03   4.1455273E+03
   7.1079860E+00   4.1993096E+03   4.1493604E+03
   7.1241031E+00   4.2109463E+03   4.1614180E+03
   7.1402693E+00   4.2136538E+03   4.1640166E+03
   7.1563969E+00   4.2168906E+03   4.1676621E+03
   7.1726561E+00   4.2190649E+03   4.1707446E+03
   7.1922984E+00   4.2176333E+03   4.1703018E+03
   7.2086787E+00   4.2150576E+03   4.1689805E+03
   7.2250290E+00   4.2114731E+03   4.1658960E+03
   7.2414618E+00   4.2060620E+03   4.1615942E+03
   7.2578902E+00   4.1994600E+03   4.1591460E+03
   7.2743692E+00   4.1805586E+03   4.1425933E+03
   7.2909379E+00   4.1697461E+03   4.1350063E+03
   7.3074913E+00   4.1563818E+03   4.1245249E+03
   7.3273492E+00   4.1343647E+03   4.1061616E+03
   7.3437409E+00   4.1142017E+03   4.0894014E+03
   7.3598661E+00   4.0980010E+03   4.0761270E+03
   7.3758197E+00   4.0732896E+03   4.0547476E+03
   7.3926320E+00   4.0141504E+03   4.0001655E+03
   7.4101582E+00   4.0468860E+03   4.0340842E+03
   7.4268646E+00   4.0033635E+03   3.9945752E+03
   7.4435868E+00   3.9783628E+03   3.9718716E+03
   7.4597454E+00   3.9472207E+03   3.9441670E+03
   7.4793353E+00   3.9234739E+03   3.9231035E+03
   7.4956636E+00   3.8898208E+03   3.8920479E+03
   7.5120745E+00   3.8698484E+03   3.8740935E+03
   7.5284514E+00   3.8381831E+03   3.8445601E+03
   7.5450144E+00   3.8116238E+03   3.8199033E+03
   7.5617652E+00   3.7889185E+03   3.7990020E+03
   7.5786748E+00   3.7562590E+03   3.7682039E+03
   7.5954900E+00   3.7274775E+03   3.7412651E+03
   7.6124592E+00   3.7018286E+03   3.7174021E+03
   7.6298509E+00   3.6716143E+03   3.6889897E+03
   7.6467285E+00   3.6436870E+03   3.6625981E+03
   7.6633143E+00   3.6269819E+03   3.6473835E+03
   7.6799154E+00   3.5938359E+03   3.6155044E+03
   7.6961694E+00   3.5730496E+03   3.5959246E+03
   7.7126784E+00   3.5505918E+03   3.5746125E+03
   7.7324853E+00   3.5227871E+03   3.5481294E+03
   7.7490187E+00   3.5018638E+03   3.5282996E+03
   7.7655067E+00   3.4797324E+03   3.5072354E+03
   7.7821112E+00   3.4631655E+03   3.4918179E+03
   7.7987080E+00   3.4418203E+03   3.4715259E+03
   7.8148837E+00   3.4200020E+03   3.4506777E+03
   7.8334308E+00   3.4046348E+03   3.4365720E+03
   7.8501754E+00   3.3877544E+03   3.4207366E+03
   7.8670092E+00   3.3718284E+03   3.4057834E+03
   7.8842306E+00   3.3552434E+03   3.3899893E+03
   7.9012723E+00   3.3414326E+03   3.3766934E+03
   7.9150271E+00   3.3340698E+03   3.3699131E+03
   7.9326277E+00   3.3204028E+03   3.3563950E+03
   7.9509234E+00   3.3091597E+03   3.3451660E+03
   7.9689150E+00   3.2969856E+03   3.3326272E+03
   7.9833622E+00   3.2921306E+03   3.3275366E+03
   8.0014811E+00   3.2808477E+03   3.3152637E+03
   8.0194197E+00   3.2765232E+03   3.3100535E+03
   8.0336723E+00   3.2702817E+03   3.3027012E+03
   8.0513725E+00   3.2663875E+03   3.2973201E+03
   8.0689707E+00   3.2626458E+03   3.2919299E+03
   8.0864401E+00   3.2609441E+03   3.2883867E+03
   8.1038609E+00   3.2595557E+03   3.2850039E+03
   8.1177578E+00   3.2594807E+03   3.2833191E+03
   8.1352091E+00   3.2595911E+03   3.2812107E+03
   8.1525927E+00   3.2614648E+03   3.2809241E+03
   8.1698599E+00   3.2640662E+03   3.2813655E+03
   8.1870575E+00   3.2677300E+03   3.2828389E+03
   8.2042866E+00   3.2734795E+03   3.2861055E+03
   8.2214680E+00   3.2773718E+03   3.2883196E+03
   8.2387505E+00   3.2849802E+03   3.2935757E+03
   8.2559500E+00   3.2947874E+03   3.3011431E+03
   8.2696600E+00   3.2986741E+03   3.3036736E+03
   8.2894526E+00   3.3128667E+03   3.3153428E+03
   8.3046904E+00   3.3238577E+03   3.3246707E+03
   8.3225136E+00   3.3363289E+03   3.3353035E+03
   8.3386679E+00   3.3488989E+03   3.3463494E+03
   8.3547831E+00   3.3632983E+03   3.3591975E+03
   8.3735952E+00   3.3811255E+03   3.3754314E+03
   8.3894243E+00   3.4002920E+03   3.3929614E+03
   8.4060822E+00   3.4242979E+03   3.4150869E+03
   8.4225655E+00   3.4429150E+03   3.4321245E+03
   8.4393396E+00   3.4638867E+03   3.4513735E+03
   8.4563742E+00   3.4915969E+03   3.4770261E+03
   8.4737968E+00   3.5209905E+03   3.5040503E+03
   8.4916563E+00   3.5611658E+03   3.5413286E+03
   8.5068054E+00   3.5685156E+03   3.5471306E+03
   8.5254622E+00   3.6166697E+03   3.5916462E+03
   8.5412464E+00   3.6406929E+03   3.6133242E+03
   8.5573883E+00   3.6803635E+03   3.6496201E+03
   8.5735893E+00   3.7055278E+03   3.6720259E+03
   8.5932198E+00   3.7434514E+03   3.7056975E+03
   8.6090679E+00   3.7721956E+03   3.7314382E+03
   8.6245890E+00   3.8182925E+03   3.7740361E+03
   8.6429672E+00   3.8829739E+03   3.8348623E+03
   8.6607866E+00   3.9048867E+03   3.8535217E+03
   8.6756115E+00   3.9436924E+03   3.8897571E+03
   8.6938286E+00   3.9861799E+03   3.9291797E+03
   8.7092752E+00   4.0145635E+03   3.9552065E+03
   8.7277050E+00   4.0681743E+03   4.0064299E+03
   8.7434950E+00   4.0820085E+03   4.0180066E+03
   8.7593718E+00   4.1091807E+03   4.0433933E+03
   8.7778063E+00   4.1468765E+03   4.0794233E+03
   8.7951965E+00   4.1660918E+03   4.0972163E+03
   8.8115969E+00   4.1946362E+03   4.1255054E+03
   8.8271465E+00   4.2083354E+03   4.1387754E+03
   8.8449030E+00   4.2198735E+03   4.1502251E+03
   8.8618660E+00   4.2333398E+03   4.1652207E+03
   8.8791504E+00   4.2330874E+03   4.1651826E+03
   8.8963890E+00   4.2392476E+03   4.1731523E+03
   8.9138336E+00   4.2367896E+03   4.1732256E+03
   8.9287853E+00   4.2342485E+03   4.1724819E+03
   8.9470234E+00   4.2270127E+03   4.1686797E+03
   8.9631453E+00   4.2147515E+03   4.1606909E+03
   8.9792023E+00   4.2085347E+03   4.1572793E+03
   8.9973116E+00   4.1907720E+03   4.1450864E+03
   9.0133982E+00   4.1715400E+03   4.1313984E+03
   9.0297508E+00   4.1539473E+03   4.1183481E+03
   9.0470562E+00   4.1290146E+03   4.0985830E+03
   9.0640945E+00   4.1048159E+03   4.0804573E+03
   9.0805178E+00   4.0763208E+03   4.0560894E+03
   9.0977421E+00   4.0445588E+03   4.0301042E+03
   9.1150932E+00   4.0230750E+03   4.0125442E+03
   9.1324577E+00   3.9784724E+03   3.9728425E+03
   9.1497002E+00   3.9454744E+03   3.9440752E+03
   9.1662321E+00   3.9121001E+03   3.9141958E+03
   9.1826258E+00   3.8764600E+03   3.8819160E+03
   9.1990395E+00   3.8376833E+03   3.8456694E+03
   9.2156734E+00   3.8084907E+03   3.8189746E+03
   9.2347755E+00   3.7563220E+03   3.7694536E+03
   9.2510061E+00   3.7276130E+03   3.7424556E+03
   9.2667551E+00   3.6850398E+03   3.7019868E+03
   9.2852068E+00   3.6509148E+03   3.6698103E+03
   9.3001528E+00   3.6208706E+03   3.6414094E+03
   9.3172131E+00   3.5844233E+03   3.6067593E+03
   9.3335915E+00   3.5028787E+03   3.5257224E+03
   9.3523731E+00   3.5336736E+03   3.5588689E+03
   9.3692255E+00   3.4836919E+03   3.5100183E+03
   9.3863449E+00   3.4382991E+03   3.4645229E+03
   9.4030027E+00   3.4017817E+03   3.4276711E+03
   9.4197302E+00   3.4249077E+03   3.4545996E+03
   9.4364948E+00   3.3862998E+03   3.4165588E+03
   9.4530420E+00   3.3611118E+03   3.3907332E+03
   9.4698782E+00   3.3412961E+03   3.3718135E+03
   9.4870529E+00   3.3230674E+03   3.3540754E+03
   9.5041876E+00   3.3067039E+03   3.3382087E+03
   9.5211706E+00   3.2872710E+03   3.3188477E+03
   9.5363340E+00   3.2791660E+03   3.3111611E+03
   9.5538578E+00   3.2644077E+03   3.2964070E+03
   9.5709209E+00   3.2554910E+03   3.2873997E+03
   9.5887146E+00   3.2443594E+03   3.2758879E+03
   9.6038742E+00   3.2392300E+03   3.2703740E+03
   9.6212034E+00   3.2322322E+03   3.2626807E+03
   9.6388025E+00   3.2280874E+03   3.2577510E+03
   9.6552296E+00   3.2225625E+03   3.2510234E+03
   9.6716480E+00   3.2222244E+03   3.2499355E+03
   9.6884336E+00   3.2194807E+03   3.2456562E+03
   9.7070866E+00   3.2192488E+03   3.2439636E+03
   9.7227077E+00   3.2191404E+03   3.2423906E+03
   9.7406130E+00   3.2202537E+03   3.2418499E+03
   9.7563705E+00   3.2215227E+03   3.2415029E+03
   9.7743874E+00   3.2232549E+03   3.2413125E+03
   9.7901754E+00   3.2266008E+03   3.2429761E+03
   9.8082209E+00   3.2299817E+03   3.2446216E+03
   9.8243504E+00   3.2373069E+03   3.2497456E+03
   9.8408089E+00   3.2409487E+03   3.2521799E+03
   9.8576756E+00   3.2484941E+03   3.2577373E+03
   9.8755188E+00   3.2569224E+03   3.2645010E+03
   9.8914671E+00   3.2633962E+03   3.2695027E+03
   9.9075623E+00   3.2778506E+03   3.2821143E+03
   9.9263563E+00   3.2826721E+03   3.2856609E+03
   9.9421873E+00   3.2923130E+03   3.2938196E+03
   9.9594946E+00   3.3167178E+03   3.3160742E+03
   9.9764967E+00   3.3074482E+03   3.3062898E+03
   9.9933758E+00   3.3435952E+03   3.3399990E+03
   1.0009992E+01   3.3424209E+03   3.3382864E+03
   1.0026525E+01   3.3663240E+03   3.3604785E+03
   1.0044763E+01   3.3847847E+03   3.3774109E+03
   1.0060950E+01   3.4055305E+03   3.3966531E+03
   1.0077219E+01   3.4217139E+03   3.4116467E+03
   1.0093176E+01   3.4382773E+03   3.4270073E+03
   1.0111547E+01   3.4662134E+03   3.4530886E+03
   1.0127746E+01   3.4891355E+03   3.4743572E+03
   1.0144156E+01   3.5108481E+03   3.4944446E+03
   1.0160910E+01   3.5396914E+03   3.5212817E+03
   1.0177768E+01   3.5630540E+03   3.5425437E+03
   1.0195254E+01   3.6022759E+03   3.5791189E+03
   1.0212648E+01   3.6391438E+03   3.6130835E+03
   1.0229647E+01   3.6621631E+03   3.6336077E+03
   1.0246078E+01   3.7038054E+03   3.6719785E+03
   1.0261985E+01   3.7359490E+03   3.7013376E+03
   1.0279886E+01   3.7596113E+03   3.7219788E+03
   1.0297667E+01   3.8145037E+03   3.7733040E+03
   1.0312781E+01   3.8373398E+03   3.7936758E+03
   1.0330150E+01   3.8688101E+03   3.8220901E+03
   1.0347658E+01   3.9135569E+03   3.8639241E+03
   1.0364752E+01   3.9512041E+03   3.8988779E+03
   1.0381415E+01   3.9783191E+03   3.9234338E+03
   1.0398138E+01   4.0229082E+03   3.9657827E+03
   1.0414980E+01   4.0357400E+03   3.9761306E+03
   1.0432066E+01   4.0763367E+03   4.0148628E+03
   1.0448755E+01   4.0978154E+03   4.0344563E+03
   1.0465162E+01   4.1241812E+03   4.0596106E+03
   1.0481565E+01   4.1521577E+03   4.0869028E+03
   1.0500009E+01   4.1577793E+03   4.0913247E+03
   1.0515754E+01   4.1783203E+03   4.1121738E+03
   1.0533455E+01   4.1911880E+03   4.1258218E+03
   1.0550636E+01   4.1920527E+03   4.1270728E+03
   1.0567642E+01   4.2006323E+03   4.1367329E+03
   1.0584645E+01   4.1976846E+03   4.1354492E+03
   1.0599837E+01   4.1944590E+03   4.1342183E+03
   1.0617097E+01   4.1872773E+03   4.1301777E+03
   1.0634450E+01   4.1779790E+03   4.1243696E+03
   1.0652080E+01   4.1674561E+03   4.1184365E+03
   1.0669104E+01   4.1528989E+03   4.1075396E+03
   1.0684248E+01   4.1358613E+03   4.0948857E+03
   1.0702495E+01   4.1140215E+03   4.0790032E+03
   1.0719634E+01   4.0988047E+03   4.0681519E+03
   1.0734964E+01   4.0568577E+03   4.0317205E+03
   1.0752578E+01   4.0484109E+03   4.0287354E+03
   1.0770307E+01   4.0112727E+03   3.9954766E+03
   1.0786361E+01   3.9818188E+03   3.9704204E+03
   1.0803330E+01   3.9574224E+03   3.9505374E+03
   1.0820126E+01   3.9040479E+03   3.9010237E+03
   1.0837167E+01   3.8852234E+03   3.8854290E+03
   1.0853965E+01   3.8574241E+03   3.8601526E+03
   1.0870488E+01   3.7991174E+03   3.8052949E+03
   1.0887139E+01   3.7980623E+03   3.8057839E+03
   1.0904086E+01   3.7323621E+03   3.7425952E+03
   1.0921329E+01   3.7198599E+03   3.7321777E+03
   1.0939010E+01   3.6639255E+03   3.6783145E+03
   1.0955285E+01   3.6522175E+03   3.6684460E+03
   1.0971402E+01   3.6053225E+03   3.6233130E+03
   1.0988709E+01   3.5884470E+03   3.6081467E+03
   1.1005310E+01   3.5537856E+03   3.5759480E+03
   1.1023434E+01   3.4731826E+03   3.4961506E+03
   1.1039503E+01   3.5088752E+03   3.5338035E+03
   1.1055613E+01   3.4733279E+03   3.5012229E+03
   1.1073498E+01   3.4371060E+03   3.4628315E+03
   1.1089693E+01   3.3648044E+03   3.3895999E+03
   1.1107739E+01   3.3655002E+03   3.3870444E+03
   1.1124204E+01   3.3866833E+03   3.4143201E+03
   1.1140949E+01   3.3375447E+03   3.3663691E+03
   1.1158017E+01   3.3430845E+03   3.3733420E+03
   1.1175228E+01   3.3105371E+03   3.3397183E+03
   1.1190647E+01   3.2985676E+03   3.3278884E+03
   1.1208297E+01   3.2940730E+03   3.3247952E+03
   1.1225683E+01   3.2822893E+03   3.3138633E+03
   1.1243041E+01   3.2656836E+03   3.2967524E+03
   1.1258551E+01   3.2588320E+03   3.2896577E+03
   1.1275970E+01   3.2499609E+03   3.2806191E+03
   1.1293595E+01   3.2381104E+03   3.2678391E+03
   1.1309413E+01   3.2404211E+03   3.2702021E+03
   1.1327047E+01   3.2256082E+03   3.2539509E+03
   1.1343646E+01   3.2195098E+03   3.2468975E+03
   1.1359858E+01   3.2211423E+03   3.2480330E+03
   1.1377805E+01   3.2235779E+03   3.2491167E+03
   1.1393718E+01   3.2215491E+03   3.2461416E+03
   1.1411630E+01   3.2194275E+03   3.2424363E+03
   1.1427720E+01   3.2193193E+03   3.2413086E+03
   1.1444217E+01   3.2200659E+03   3.2401924E+03
   1.1461080E+01   3.2218843E+03   3.2406135E+03
   1.1478099E+01   3.2242852E+03   3.2402732E+03
   1.1496014E+01   3.2267397E+03   3.2422209E+03
   1.1512280E+01   3.2285156E+03   3.2424375E+03
   1.1528774E+01   3.2396758E+03   3.2513313E+03
   1.1545671E+01   3.2375361E+03   3.2482585E+03
   1.1562571E+01   3.2454553E+03   3.2544290E+03
   1.1579669E+01   3.2509885E+03   3.2585410E+03
   1.1596734E+01   3.2571934E+03   3.2632314E+03
   1.1613667E+01   3.2989351E+03   3.3011589E+03
   1.1630444E+01   3.2782607E+03   3.2808706E+03
   1.1647179E+01   3.2891743E+03   3.2905120E+03
   1.1663968E+01   3.3005144E+03   3.3004258E+03
   1.1680597E+01   3.3144199E+03   3.3127258E+03
   1.1697080E+01   3.3319246E+03   3.3285320E+03
   1.1715468E+01   3.3461240E+03   3.3412585E+03
   1.1731666E+01   3.3763433E+03   3.3692690E+03
   1.1747573E+01   3.3790984E+03   3.3722498E+03
   1.1764857E+01   3.3962974E+03   3.3880183E+03
   1.1781918E+01   3.4204731E+03   3.4100354E+03
   1.1799880E+01   3.4422112E+03   3.4299023E+03
   1.1816138E+01   3.4643140E+03   3.4506448E+03
   1.1832226E+01   3.4797603E+03   3.4646086E+03
   1.1849319E+01   3.5128691E+03   3.4955520E+03
   1.1866529E+01   3.5441963E+03   3.5245444E+03
   1.1883792E+01   3.5743416E+03   3.5522241E+03
   1.1901036E+01   3.6220212E+03   3.5968171E+03
   1.1918121E+01   3.6238809E+03   3.5971069E+03
   1.1933663E+01   3.7459897E+03   3.7145059E+03
   1.1950984E+01   3.6592444E+03   3.6279387E+03
   1.1967946E+01   3.7262944E+03   3.6913298E+03
   1.1984441E+01   3.8347617E+03   3.7933071E+03
   1.2000865E+01   3.7829956E+03   3.7420137E+03
   1.2018772E+01   3.8531077E+03   3.8075442E+03
   1.2035130E+01   3.8850803E+03   3.8376484E+03
   1.2051578E+01   3.9075500E+03   3.8572205E+03
   1.2069497E+01   3.9522131E+03   3.8992144E+03
   1.2085956E+01   3.9798889E+03   3.9247034E+03
   1.2102937E+01   4.0198657E+03   3.9625549E+03
   1.2119846E+01   4.0402544E+03   3.9808933E+03
   1.2136845E+01   4.0706140E+03   4.0095339E+03
   1.2153386E+01   4.0912681E+03   4.0290588E+03
   1.2171026E+01   4.1181465E+03   4.0551301E+03
   1.2186937E+01   4.1285415E+03   4.0648801E+03
   1.2204175E+01   4.1463970E+03   4.0830061E+03
   1.2220863E+01   4.1563755E+03   4.0931770E+03
   1.2237626E+01   4.1580601E+03   4.0960298E+03
   1.2254141E+01   4.1629263E+03   4.1024531E+03
   1.2272129E+01   4.1661172E+03   4.1082754E+03
   1.2288656E+01   4.1574014E+03   4.1011162E+03
   1.2305264E+01   4.1549141E+03   4.1014561E+03
   1.2321982E+01   4.1434766E+03   4.0931292E+03
   1.2338546E+01   4.1288584E+03   4.0817390E+03
   1.2356559E+01   4.1179805E+03   4.0774148E+03
   1.2372531E+01   4.1014111E+03   4.0643091E+03
   1.2390128E+01   4.0831060E+03   4.0507822E+03
   1.2406385E+01   4.0565042E+03   4.0295959E+03
   1.2424376E+01   4.0285222E+03   4.0066599E+03
   1.2441059E+01   4.0105461E+03   3.9927600E+03
   1.2457736E+01   3.9801160E+03   3.9674363E+03
   1.2474732E+01   3.9463552E+03   3.9383884E+03
   1.2491828E+01   3.9183213E+03   3.9132068E+03
   1.2508463E+01   3.8833289E+03   3.8826768E+03
   1.2524920E+01   3.8432717E+03   3.8459556E+03
   1.2541424E+01   3.8220857E+03   3.8271084E+03
   1.2559442E+01   3.7799146E+03   3.7879885E+03
   1.2576129E+01   3.7415129E+03   3.7520732E+03
   1.2593204E+01   3.7098186E+03   3.7221904E+03
   1.2608767E+01   3.6794060E+03   3.6929399E+03
   1.2626225E+01   3.6402559E+03   3.6559150E+03
   1.2643698E+01   3.5148389E+03   3.5318918E+03
   1.2660656E+01   3.5913652E+03   3.6118367E+03
   1.2677357E+01   3.5185051E+03   3.5388994E+03
   1.2694216E+01   3.4949585E+03   3.5167078E+03
   1.2711014E+01   3.4870400E+03   3.5097627E+03
   1.2727805E+01   3.4487800E+03   3.4748413E+03
   1.2744479E+01   3.4148628E+03   3.4410005E+03
   1.2761110E+01   3.3984639E+03   3.4256353E+03
   1.2777778E+01   3.3772139E+03   3.4053013E+03
   1.2794573E+01   3.3634392E+03   3.3927188E+03
   1.2811623E+01   3.3294866E+03   3.3594177E+03
   1.2828849E+01   3.3132461E+03   3.3438882E+03
   1.2846164E+01   3.2997292E+03   3.3310630E+03
   1.2862075E+01   3.2747249E+03   3.3065723E+03
   1.2879517E+01   3.2588506E+03   3.2911506E+03
   1.2896726E+01   3.2129578E+03   3.2457583E+03
   1.2913909E+01   3.2273835E+03   3.2594958E+03
   1.2929412E+01   3.2163259E+03   3.2492144E+03
   1.2946473E+01   3.2107656E+03   3.2436511E+03
   1.2963749E+01   3.2032117E+03   3.2358738E+03
   1.2981031E+01   3.1926230E+03   3.2246316E+03
   1.2996972E+01   3.1897217E+03   3.2213787E+03
   1.3014798E+01   3.1850125E+03   3.2157061E+03
   1.3031355E+01   3.1800752E+03   3.2097510E+03
   1.3048059E+01   3.1766055E+03   3.2052104E+03
   1.3064889E+01   3.1754336E+03   3.2028511E+03
   1.3081821E+01   3.1725486E+03   3.1984006E+03
   1.3098691E+01   3.1712380E+03   3.1955894E+03
   1.3115619E+01   3.1703418E+03   3.1930134E+03
   1.3132331E+01   3.1709329E+03   3.1916233E+03
   1.3149030E+01   3.1723325E+03   3.1918555E+03
   1.3167143E+01   3.1740422E+03   3.1918350E+03
   1.3183253E+01   3.1763062E+03   3.1922957E+03
   1.3199477E+01   3.1796248E+03   3.1940527E+03
   1.3217393E+01   3.1826150E+03   3.1956306E+03
   1.3233479E+01   3.1878147E+03   3.1990386E+03
   1.3251445E+01   3.1955105E+03   3.2048552E+03
   1.3268136E+01   3.2001184E+03   3.2080125E+03
   1.3284855E+01   3.2081338E+03   3.2144583E+03
   1.3301967E+01   3.2191401E+03   3.2237422E+03
   1.3317472E+01   3.2325640E+03   3.2356292E+03
   1.3334575E+01   3.2324309E+03   3.2347981E+03
   1.3351552E+01   3.2454844E+03   3.2459631E+03
   1.3368411E+01   3.2625952E+03   3.2613596E+03
   1.3385146E+01   3.2777385E+03   3.2750493E+03
   1.3403425E+01   3.2806526E+03   3.2767029E+03
   1.3419805E+01   3.2919685E+03   3.2866667E+03
   1.3435923E+01   3.3146267E+03   3.3080239E+03
   1.3453161E+01   3.3440630E+03   3.3347261E+03
   1.3470174E+01   3.3406658E+03   3.3316870E+03
   1.3486974E+01   3.3753135E+03   3.3674961E+03
   1.3503664E+01   3.2725891E+03   3.2674241E+03
   1.3521382E+01   3.4394036E+03   3.4247354E+03
   1.3537786E+01   3.4504602E+03   3.4336589E+03
   1.3555149E+01   3.4750332E+03   3.4568586E+03
   1.3571691E+01   3.4953352E+03   3.4754099E+03
   1.3587850E+01   3.5345068E+03   3.5117227E+03
   1.3605376E+01   3.5515168E+03   3.5263037E+03
   1.3621700E+01   3.5856863E+03   3.5581116E+03
   1.3639548E+01   3.6267964E+03   3.5955630E+03
   1.3656132E+01   3.6534197E+03   3.6193582E+03
   1.3672839E+01   3.6916743E+03   3.6545845E+03
   1.3689631E+01   3.7276677E+03   3.6874307E+03
   1.3706714E+01   3.7600964E+03   3.7168826E+03
   1.3723889E+01   3.7996572E+03   3.7535264E+03
   1.3739746E+01   3.8265198E+03   3.7776995E+03
   1.3757009E+01   3.8699651E+03   3.8184307E+03
   1.3774566E+01   3.9076797E+03   3.8533245E+03
   1.3791586E+01   3.9416650E+03   3.8849490E+03
   1.3807235E+01   3.9638713E+03   3.9048213E+03
   1.3824124E+01   4.0045823E+03   3.9438870E+03
   1.3841118E+01   4.0151218E+03   3.9521311E+03
   1.3858200E+01   4.0467161E+03   3.9826750E+03
   1.3875596E+01   4.0685737E+03   4.0037883E+03
   1.3891723E+01   4.0844236E+03   4.0190171E+03
   1.3909131E+01   4.1049033E+03   4.0406775E+03
   1.3925528E+01   4.1039175E+03   4.0389688E+03
   1.3943470E+01   4.1104214E+03   4.0470393E+03
   1.3960071E+01   4.1158613E+03   4.0535205E+03
   1.3977103E+01   4.1058164E+03   4.0441501E+03
   1.3993939E+01   4.1115293E+03   4.0542629E+03
   1.4010719E+01   4.0946799E+03   4.0424998E+03
   1.4027569E+01   4.0901111E+03   4.0412756E+03
   1.4044356E+01   4.0752043E+03   4.0293042E+03
   1.4061246E+01   4.0567007E+03   4.0167700E+03
   1.4077915E+01   4.0355918E+03   4.0016917E+03
   1.4094254E+01   4.0183813E+03   3.9865576E+03
   1.4111844E+01   3.9810815E+03   3.9573079E+03
   1.4128384E+01   3.9766318E+03   3.9554072E+03
   1.4145076E+01   3.9273171E+03   3.9128955E+03
   1.4162548E+01   3.9067090E+03   3.8969224E+03
   1.4179634E+01   3.8843628E+03   3.8783718E+03
   1.4195714E+01   3.8329487E+03   3.8312830E+03
   1.4213226E+01   3.7973718E+03   3.7995720E+03
   1.4229683E+01   3.7772148E+03   3.7816028E+03
   1.4246341E+01   3.7166604E+03   3.7244067E+03
   1.4262998E+01   3.7023540E+03   3.7115269E+03
   1.4280291E+01   3.6669146E+03   3.6818176E+03
   1.4297700E+01   3.5613313E+03   3.5780007E+03
   1.4314068E+01   3.6084958E+03   3.6244434E+03
   1.4330529E+01   3.5193706E+03   3.5386108E+03
   1.4348330E+01   3.4675195E+03   3.4868364E+03
   1.4365098E+01   3.4919680E+03   3.5142861E+03
   1.4381872E+01   3.4427744E+03   3.4642671E+03
   1.4398651E+01   3.4139956E+03   3.4372888E+03
   1.4415490E+01   3.3737498E+03   3.3995454E+03
   1.4432292E+01   3.3270823E+03   3.3542168E+03
   1.4449175E+01   3.3194680E+03   3.3471831E+03
   1.4466058E+01   3.3041121E+03   3.3329890E+03
   1.4483031E+01   3.2888621E+03   3.3185369E+03
   1.4499982E+01   3.2592041E+03   3.2898044E+03
   1.4517036E+01   3.2457427E+03   3.2771555E+03
   1.4534087E+01   3.2125837E+03   3.2430376E+03
   1.4549916E+01   3.2140066E+03   3.2444746E+03
   1.4567203E+01   3.1886335E+03   3.2208157E+03
   1.4584509E+01   3.1613401E+03   3.1930774E+03
   1.4601824E+01   3.1631465E+03   3.1956804E+03
   1.4617921E+01   3.1557849E+03   3.1881016E+03
   1.4635402E+01   3.1436521E+03   3.1757612E+03
   1.4651368E+01   3.1382302E+03   3.1699788E+03
   1.4668397E+01   3.1313848E+03   3.1615754E+03
   1.4685170E+01   3.1294587E+03   3.1582258E+03
   1.4703117E+01   3.1189678E+03   3.1486179E+03
   1.4719921E+01   3.1233652E+03   3.1521680E+03
   1.4735708E+01   3.1235752E+03   3.1512668E+03
   1.4752766E+01   3.1110742E+03   3.1363049E+03
   1.4770547E+01   3.1102410E+03   3.1342380E+03
   1.4787038E+01   3.1144995E+03   3.1376111E+03
   1.4804152E+01   3.1146287E+03   3.1361956E+03
   1.4821071E+01   3.1156743E+03   3.1347788E+03
   1.4837622E+01   3.1182244E+03   3.1365349E+03
   1.4853923E+01   3.1199722E+03   3.1368604E+03
   1.4871532E+01   3.1224565E+03   3.1378184E+03
   1.4887957E+01   3.1280269E+03   3.1414277E+03
   1.4905314E+01   3.1319041E+03   3.1438933E+03
   1.4921726E+01   3.1369731E+03   3.1474871E+03
   1.4938302E+01   3.1408225E+03   3.1500295E+03
   1.4956047E+01   3.1504260E+03   3.1578823E+03
   1.4972965E+01   3.1706169E+03   3.1750688E+03
   1.4988877E+01   3.1647527E+03   3.1693904E+03
   1.5006461E+01   3.1732129E+03   3.1764058E+03
   1.5023583E+01   3.1894927E+03   3.1908071E+03
   1.5039661E+01   3.1825906E+03   3.1834871E+03
   1.5057409E+01   3.2007019E+03   3.1999885E+03
   1.5073794E+01   3.2101697E+03   3.2080146E+03
   1.5091343E+01   3.2487339E+03   3.2440203E+03
   1.5107581E+01   3.2355515E+03   3.2320276E+03
   1.5124722E+01   3.2683062E+03   3.2620740E+03
   1.5141231E+01   3.2799485E+03   3.2723621E+03
   1.5158809E+01   3.3020083E+03   3.2924822E+03
   1.5175559E+01   3.3254937E+03   3.3143972E+03
   1.5191623E+01   3.3357542E+03   3.3239583E+03
   1.5209026E+01   3.3629902E+03   3.3485356E+03
   1.5225937E+01   3.3901943E+03   3.3739768E+03
   1.5242639E+01   3.4152715E+03   3.3973252E+03
   1.5259199E+01   3.4531697E+03   3.4327117E+03
   1.5276775E+01   3.4760103E+03   3.4532827E+03
   1.5293321E+01   3.5243376E+03   3.4984387E+03
   1.5309885E+01   3.5463193E+03   3.5179226E+03
   1.5326634E+01   3.5949023E+03   3.5630015E+03
   1.5343462E+01   3.6199861E+03   3.5845605E+03
   1.5360351E+01   3.6412461E+03   3.6034653E+03
   1.5377258E+01   3.6795479E+03   3.6388391E+03
   1.5394147E+01   3.7199192E+03   3.6761084E+03
   1.5411111E+01   3.7480068E+03   3.7009727E+03
   1.5428080E+01   3.7851721E+03   3.7350576E+03
   1.5444763E+01   3.8216682E+03   3.7685381E+03
   1.5462081E+01   3.8608257E+03   3.8044312E+03
   1.5479382E+01   3.8999170E+03   3.8406462E+03
   1.5495521E+01   3.9275413E+03   3.8658445E+03
   1.5512742E+01   3.9610417E+03   3.8969067E+03
   1.5530042E+01   3.9925596E+03   3.9265564E+03
   1.5546399E+01   4.0140325E+03   3.9462788E+03
   1.5563865E+01   4.0427593E+03   3.9745996E+03
   1.5580375E+01   4.0659736E+03   3.9981587E+03
   1.5596931E+01   4.0535798E+03   3.9832673E+03
   1.5613575E+01   4.1535747E+03   4.0968403E+03
   1.5631337E+01   4.0776074E+03   4.0098601E+03
   1.5648072E+01   4.0806011E+03   4.0180188E+03
   1.5664749E+01   4.0767715E+03   4.0133694E+03
   1.5681574E+01   4.0741531E+03   4.0114612E+03
   1.5698394E+01   4.0547693E+03   3.9982981E+03
   1.5715232E+01   4.0436306E+03   3.9923125E+03
   1.5732042E+01   4.0248411E+03   3.9788020E+03
   1.5748607E+01   4.0123503E+03   3.9723196E+03
   1.5766352E+01   3.9863716E+03   3.9509778E+03
   1.5782785E+01   3.9647600E+03   3.9351416E+03
   1.5799648E+01   3.9353850E+03   3.9120754E+03
   1.5816205E+01   3.9139792E+03   3.8948491E+03
   1.5833897E+01   3.8725105E+03   3.8588298E+03
   1.5849895E+01   3.8457561E+03   3.8364167E+03
   1.5867005E+01   3.8055312E+03   3.8014111E+03
   1.5884339E+01   3.7790486E+03   3.7780862E+03
   1.5900875E+01   3.7414934E+03   3.7444199E+03
   1.5917565E+01   3.7078433E+03   3.7131929E+03
   1.5934422E+01   3.6661741E+03   3.6734092E+03
   1.5951393E+01   3.6144321E+03   3.6260945E+03
   1.5968469E+01   3.7854111E+03   3.7989751E+03
   1.5985168E+01   3.5667393E+03   3.5808730E+03
   1.6002621E+01   3.5146196E+03   3.5286865E+03
   1.6019224E+01   3.4811777E+03   3.4984290E+03
   1.6035833E+01   3.4569456E+03   3.4769690E+03
   1.6052500E+01   3.4269221E+03   3.4469363E+03
   1.6070223E+01   3.3882581E+03   3.4101489E+03
   1.6087107E+01   3.3426555E+03   3.3686997E+03
   1.6103062E+01   3.3347493E+03   3.3596116E+03
   1.6120073E+01   3.3133218E+03   3.3367439E+03
   1.6137138E+01   3.2851621E+03   3.3130046E+03
   1.6154253E+01   3.2576816E+03   3.2855845E+03
   1.6171415E+01   3.2333154E+03   3.2617788E+03
   1.6187588E+01   3.2180889E+03   3.2472271E+03
   1.6204754E+01   3.2024856E+03   3.2321636E+03
   1.6221983E+01   3.1874629E+03   3.2173560E+03
   1.6238300E+01   3.1804143E+03   3.2101699E+03
   1.6255730E+01   3.1615100E+03   3.1917788E+03
   1.6272346E+01   3.1510464E+03   3.1813594E+03
   1.6289076E+01   3.1447224E+03   3.1747673E+03
   1.6305882E+01   3.1349133E+03   3.1645457E+03
   1.6322632E+01   3.1274033E+03   3.1574819E+03
   1.6339396E+01   3.1225439E+03   3.1513892E+03
   1.6357145E+01   3.1187939E+03   3.1472119E+03
   1.6373743E+01   3.1139419E+03   3.1415244E+03
   1.6390337E+01   3.1118003E+03   3.1386719E+03
   1.6406921E+01   3.1086084E+03   3.1346023E+03
   1.6424110E+01   3.1080105E+03   3.1329392E+03
   1.6440662E+01   3.1076699E+03   3.1318501E+03
   1.6457678E+01   3.1100254E+03   3.1332659E+03
   1.6474438E+01   3.1078574E+03   3.1297297E+03
   1.6492102E+01   3.1080608E+03   3.1284978E+03
   1.6508610E+01   3.1105957E+03   3.1294934E+03
   1.6525972E+01   3.1114062E+03   3.1294348E+03
   1.6542284E+01   3.1135327E+03   3.1303564E+03
   1.6559517E+01   3.1164229E+03   3.1319553E+03
   1.6576620E+01   3.1201301E+03   3.1343362E+03
   1.6592844E+01   3.1235244E+03   3.1365947E+03
   1.6610048E+01   3.1293943E+03   3.1410427E+03
   1.6627180E+01   3.1348130E+03   3.1451230E+03
   1.6643555E+01   3.1384946E+03   3.1477266E+03
   1.6660984E+01   3.1498896E+03   3.1573059E+03
   1.6677580E+01   3.1541128E+03   3.1605596E+03
   1.6694416E+01   3.1708896E+03   3.1752007E+03
   1.6711317E+01   3.1724390E+03   3.1762795E+03
   1.6728392E+01   3.1810347E+03   3.1836855E+03
   1.6744497E+01   3.1985225E+03   3.1998276E+03
   1.6761734E+01   3.2084668E+03   3.2077305E+03
   1.6778868E+01   3.2157900E+03   3.2141516E+03
   1.6795862E+01   3.2335730E+03   3.2305750E+03
   1.6812895E+01   3.2483899E+03   3.2441221E+03
   1.6829870E+01   3.2683115E+03   3.2624026E+03
   1.6846296E+01   3.2813979E+03   3.2741829E+03
   1.6863089E+01   3.3007434E+03   3.2919019E+03
   1.6880133E+01   3.3222473E+03   3.3118403E+03
