  flscon:  version 23.2.0.01  win64 2022 
 FLOW-3D   15:28:01  03/14/2024 upci     
   hydr3d   version  23.2.0.20 win64     12/04/2023 HYDRO    
 Simulation Template: Free Surface - TruVOF (Default)                            

Mesh Block   2
 Block 2: printing hyel         i=42   j=17  k=185 
       1      101      0.000E+00      3.341E+00       42       42       17       17      185      185
   time              hyel_-1
   0.0000000E+00   4.2507985E-01
   3.3402380E-02   4.3044192E-01
   6.7046672E-02   4.3656752E-01
   1.0076396E-01   4.4367003E-01
   1.3356027E-01   4.5157257E-01
   1.6683216E-01   4.6043485E-01
   2.0063378E-01   4.7005844E-01
   2.3378293E-01   4.7902435E-01
   2.6739609E-01   4.8800385E-01
   3.0055878E-01   4.9597386E-01
   3.3412820E-01   5.0268680E-01
   3.6750445E-01   5.0831836E-01
   4.0061817E-01   5.1150811E-01
   4.3385845E-01   5.1330209E-01
   4.6793613E-01   5.1266986E-01
   5.0093126E-01   5.0924140E-01
   5.3435659E-01   5.0472087E-01
   5.6779552E-01   4.9786195E-01
   6.0150212E-01   4.8924732E-01
   6.3508606E-01   4.7947472E-01
   6.6774797E-01   4.6909615E-01
   7.0196766E-01   4.5770523E-01
   7.3508209E-01   4.4695744E-01
   7.6867491E-01   4.3724132E-01
   8.0163503E-01   4.3000388E-01
   8.3513039E-01   4.2372730E-01
   8.6850876E-01   4.1633409E-01
   9.0216744E-01   4.1015384E-01
   9.3582934E-01   4.0519407E-01
   9.6899104E-01   4.0034944E-01
   1.0020182E+00   3.9575765E-01
   1.0353130E+00   3.9338699E-01
   1.0691415E+00   3.9090553E-01
   1.1021885E+00   3.9005560E-01
   1.1360841E+00   3.9003348E-01
   1.1687841E+00   3.9001313E-01
   1.2024461E+00   3.9000863E-01
   1.2361079E+00   3.9000076E-01
   1.2696556E+00   3.9000779E-01
   1.3025024E+00   3.9049786E-01
   1.3364117E+00   3.9226285E-01
   1.3698875E+00   3.9483064E-01
   1.4024302E+00   3.9671063E-01
   1.4366628E+00   4.0009055E-01
   1.4694561E+00   4.0407935E-01
   1.5035262E+00   4.0789813E-01
   1.5366305E+00   4.1057444E-01
   1.5700473E+00   4.1327849E-01
   1.6027863E+00   4.1687581E-01
   1.6370242E+00   4.2155731E-01
   1.6703739E+00   4.2650801E-01
   1.7034932E+00   4.3196377E-01
   1.7370893E+00   4.3836236E-01
   1.7707789E+00   4.4595534E-01
   1.8037925E+00   4.5417041E-01
   1.8378041E+00   4.6286318E-01
   1.8704081E+00   4.7204140E-01
   1.9038898E+00   4.8206642E-01
   1.9375265E+00   4.9132726E-01
   1.9708139E+00   4.9948028E-01
   2.0041637E+00   5.0597328E-01
   2.0373814E+00   5.1076329E-01
   2.0713911E+00   5.1416498E-01
   2.1045816E+00   5.1375991E-01
   2.1377063E+00   5.1245236E-01
   2.1713448E+00   5.0830442E-01
   2.2048154E+00   5.0344241E-01
   2.2379470E+00   4.9581635E-01
   2.2716224E+00   4.8776379E-01
   2.3052456E+00   4.7815990E-01
   2.3386970E+00   4.6719921E-01
   2.3714817E+00   4.5554677E-01
   2.4053850E+00   4.4363207E-01
   2.4391425E+00   4.3285441E-01
   2.4720883E+00   4.2522532E-01
   2.5056753E+00   4.1784304E-01
   2.5386539E+00   4.0922263E-01
   2.5725145E+00   4.0369609E-01
   2.6056437E+00   3.9768735E-01
   2.6387219E+00   3.9074281E-01
   2.6721649E+00   3.8678333E-01
   2.7060912E+00   3.8380432E-01
   2.7389176E+00   3.8259473E-01
   2.7729502E+00   3.8294345E-01
   2.8060837E+00   3.8275677E-01
   2.8390710E+00   3.8208097E-01
   2.8727734E+00   3.8099545E-01
   2.9062805E+00   3.8004974E-01
   2.9396255E+00   3.7825894E-01
   2.9731483E+00   3.7974206E-01
   3.0063818E+00   3.8133216E-01
   3.0400646E+00   3.8270462E-01
   3.0733123E+00   3.8427329E-01
   3.1067936E+00   3.8616815E-01
   3.1401806E+00   3.8927773E-01
   3.1736100E+00   3.9241523E-01
   3.2068031E+00   3.9530241E-01
   3.2402635E+00   3.9881864E-01
   3.2736983E+00   4.0308315E-01
   3.3071985E+00   4.0683195E-01
   3.3408399E+00   4.1086829E-01
