  flscon:  version 23.2.0.01  win64 2022 
 FLOW-3D   20:32:44  03/20/2024 txso     
   hydr3d   version  23.2.0.20 win64     12/04/2023 HYDRO    
 Simulation Template: Free Surface - TruVOF (Default)                            

Mesh Block   2
 Block 2: printing hyel         i=42   j=17  k=185 
       1      101      0.000E+00      3.341E+00       42       42       17       17      185      185
   time              hyel_-1
   0.0000000E+00   4.2499387E-01
   3.3790994E-02   4.3043861E-01
   6.7560993E-02   4.3662542E-01
   9.9467382E-02   4.4334567E-01
   1.3441446E-01   4.5180959E-01
   1.6718091E-01   4.6062914E-01
   2.0084153E-01   4.7041965E-01
   2.3336713E-01   4.7939390E-01
   2.6739094E-01   4.8807767E-01
   3.0067256E-01   4.9599603E-01
   3.3380333E-01   5.0298280E-01
   3.6746028E-01   5.0859821E-01
   4.0089938E-01   5.1208913E-01
   4.3468001E-01   5.1375514E-01
   4.6814957E-01   5.1293540E-01
   5.0085390E-01   5.0957680E-01
   5.3490084E-01   5.0508738E-01
   5.6828851E-01   4.9818653E-01
   6.0121012E-01   4.9000177E-01
   6.3440877E-01   4.8000610E-01
   6.6809130E-01   4.6922886E-01
   7.0183676E-01   4.5786077E-01
   7.3469895E-01   4.4708207E-01
   7.6807004E-01   4.3729576E-01
   8.0182207E-01   4.3000630E-01
   8.3536124E-01   4.2360166E-01
   8.6853987E-01   4.1638899E-01
   9.0237987E-01   4.1015160E-01
   9.3543595E-01   4.0555421E-01
   9.6871346E-01   4.0050521E-01
   1.0018432E+00   3.9532200E-01
   1.0354903E+00   3.9286584E-01
   1.0685036E+00   3.9050642E-01
   1.1021088E+00   3.9005339E-01
   1.1361830E+00   3.9003673E-01
   1.1696360E+00   3.9001647E-01
   1.2023720E+00   3.9000612E-01
   1.2359550E+00   3.8733065E-01
   1.2697076E+00   3.9138111E-01
   1.3030436E+00   3.9313048E-01
   1.3360714E+00   3.9225489E-01
   1.3697776E+00   3.9259177E-01
   1.4031513E+00   3.9564371E-01
   1.4367377E+00   4.0032369E-01
   1.4697192E+00   4.0539271E-01
   1.5030850E+00   4.0871173E-01
   1.5369453E+00   4.0971792E-01
   1.5703998E+00   4.1244251E-01
   1.6040549E+00   4.1727477E-01
   1.6364981E+00   4.2184913E-01
   1.6709385E+00   4.2661017E-01
   1.7034891E+00   4.3164441E-01
   1.7371826E+00   4.3798250E-01
   1.7702905E+00   4.4554543E-01
   1.8041924E+00   4.5411071E-01
   1.8373234E+00   4.6285671E-01
   1.8709080E+00   4.7273475E-01
   1.9037724E+00   4.8221701E-01
   1.9377075E+00   4.9256462E-01
   1.9711149E+00   5.0025898E-01
   2.0039387E+00   5.0633281E-01
   2.0377147E+00   5.1103532E-01
   2.0708818E+00   5.1434642E-01
   2.1042755E+00   5.1463586E-01
   2.1378577E+00   5.1315135E-01
   2.1713214E+00   5.0868303E-01
   2.2044678E+00   5.0374752E-01
   2.2386022E+00   4.9580735E-01
   2.2713006E+00   4.8793280E-01
   2.3049328E+00   4.7826356E-01
   2.3380315E+00   4.6739790E-01
   2.3715956E+00   4.5542514E-01
   2.4051139E+00   4.4360074E-01
   2.4382532E+00   4.3289942E-01
   2.4723387E+00   4.2494538E-01
   2.5056565E+00   4.1753268E-01
   2.5385194E+00   4.0902114E-01
   2.5719190E+00   4.0344110E-01
   2.6053383E+00   3.9705405E-01
   2.6393135E+00   3.9034259E-01
   2.6726232E+00   3.8657576E-01
   2.7058702E+00   3.8355264E-01
   2.7391083E+00   3.8211399E-01
   2.7731748E+00   3.8274434E-01
   2.8061197E+00   3.8268414E-01
   2.8397274E+00   3.8176665E-01
   2.8723991E+00   3.8058642E-01
   2.9069226E+00   3.8001314E-01
   2.9392688E+00   3.7855914E-01
   2.9735286E+00   3.8031450E-01
   3.0063405E+00   3.8132337E-01
   3.0403056E+00   3.8204506E-01
   3.0728722E+00   3.8362685E-01
   3.1065383E+00   3.8655049E-01
   3.1399295E+00   3.8947397E-01
   3.1739631E+00   3.9225629E-01
   3.2069528E+00   3.9510974E-01
   3.2401905E+00   3.9851525E-01
   3.2735927E+00   4.0259632E-01
   3.3069744E+00   4.0687367E-01
   3.3414292E+00   4.1123214E-01
