  flscon:  version 23.2.0.01  win64 2022 
 FLOW-3D   18:04:42  03/14/2024 ttgt     
   hydr3d   version  23.2.0.20 win64     12/04/2023 HYDRO    
 Simulation Template: Free Surface - TruVOF (Default)                            

Mesh Block   1
 printing pfxob, pfyob, pfzob       
       4     1001      1.033E-02      3.341E+00
   time              pfxob_1         pfyob_1         pfzob_1
   1.0329518E-02  -6.5694777E-03   6.3876438E+00   1.8597479E+00
   1.4232848E-02   9.1725291E-04   6.4857430E+00   1.8167758E+00
   1.6132152E-02   1.1483959E-03   6.4579229E+00   1.8162735E+00
   2.0220403E-02  -2.5088645E-03   6.4674535E+00   1.8209070E+00
   2.2419084E-02   1.8589937E-03   6.4806414E+00   1.8413416E+00
   2.6701016E-02   2.6677857E-04   6.4800200E+00   1.8426027E+00
   2.9003860E-02  -2.3175390E-04   6.4841080E+00   1.8432736E+00
   3.3960734E-02  -4.1239290E-04   6.5612388E+00   1.8450143E+00
   3.6626562E-02   6.0901180E-04   6.5929637E+00   1.8439848E+00
   3.9425682E-02  -1.7904121E-03   6.6183929E+00   1.8422128E+00
   4.2364761E-02   1.3524771E-03   6.6505013E+00   1.8412273E+00
   4.5450792E-02   6.2126276E-04   6.6917458E+00   1.8407387E+00
   4.8691124E-02  -9.3298528E-04   6.7269416E+00   1.8410045E+00
   5.2093472E-02   9.2412630E-04   6.7694063E+00   1.8418833E+00
   5.5665940E-02  -2.2704382E-03   6.8272133E+00   1.8434290E+00
   5.9138644E-02   1.8218717E-03   6.8826084E+00   1.8454136E+00
   6.2539451E-02  -4.6060559E-05   6.9444652E+00   1.8475463E+00
   6.6110298E-02  -3.0946691E-04   7.0033698E+00   1.8498379E+00
   6.9705114E-02  -1.2753841E-03   7.0631895E+00   1.8515576E+00
   7.3171459E-02   1.0590622E-03   7.1308894E+00   1.8535271E+00
   7.6620519E-02  -2.1668589E-04   7.1929789E+00   1.8548945E+00
   7.9864606E-02  -1.8600703E-03   7.2675281E+00   1.8561629E+00
   8.3153605E-02  -7.4630993E-04   7.3342552E+00   1.8572317E+00
   8.6388312E-02  -5.8928027E-04   7.4165378E+00   1.8581996E+00
   8.9655071E-02  -5.5522448E-04   7.4924793E+00   1.8591448E+00
   9.2907414E-02  -2.4031540E-03   7.5757685E+00   1.8601991E+00
   9.6170023E-02  -8.3645107E-04   7.6603155E+00   1.8613645E+00
   9.9427737E-02   6.0051732E-04   7.7364483E+00   1.8626307E+00
   1.0261169E-01  -5.4949342E-04   7.8193178E+00   1.8639852E+00
   1.0574137E-01  -5.3043722E-04   7.8955960E+00   1.8653824E+00
   1.0879298E-01   5.3098408E-04   7.9722657E+00   1.8668214E+00
   1.1449143E-01   1.5675364E-03   8.1226482E+00   1.8696480E+00
   1.1737839E-01  -2.3298864E-03   8.1906900E+00   1.8708721E+00
   1.2023316E-01  -1.4466316E-03   8.2734146E+00   1.8720549E+00
   1.2301800E-01   7.1326317E-04   8.3447618E+00   1.8732066E+00
   1.2594207E-01  -1.4188694E-03   8.4206667E+00   1.8742423E+00
   1.3164032E-01  -1.2564320E-03   8.5825911E+00   1.8762970E+00
   1.3448599E-01   1.6228597E-03   8.6587992E+00   1.8773078E+00
   1.3740332E-01   1.6529488E-03   8.7426233E+00   1.8782860E+00
   1.3996767E-01  -2.0355973E-04   8.8144274E+00   1.8793765E+00
   1.4260592E-01  -1.8593261E-03   8.8859491E+00   1.8803127E+00
   1.4783891E-01   9.6022588E-04   9.0188456E+00   1.8822700E+00
   1.5021896E-01  -1.1722200E-03   9.0919895E+00   1.8833021E+00
   1.5271802E-01  -8.0227695E-04   9.1530294E+00   1.8842105E+00
   1.5809725E-01   3.0534095E-03   9.2814751E+00   1.8859793E+00
   1.6099024E-01   1.2302655E-03   9.3669348E+00   1.8868893E+00
   1.6386817E-01  -1.9029222E-03   9.4327955E+00   1.8878309E+00
   1.6680872E-01   2.6056936E-03   9.5044174E+00   1.8887435E+00
   1.6947426E-01   2.1041567E-03   9.5852890E+00   1.8896266E+00
   1.7468041E-01  -8.8101753E-04   9.6993046E+00   1.8910104E+00
   1.7748031E-01   3.5342169E-03   9.7668238E+00   1.8916450E+00
   1.8032832E-01   3.3186523E-03   9.8200054E+00   1.8924129E+00
   1.8331873E-01  -1.8450661E-03   9.8687496E+00   1.8931909E+00
   1.8645868E-01  -2.3711759E-03   9.9379759E+00   1.8939831E+00
   1.8934092E-01   5.3726840E-03   9.9945850E+00   1.8948672E+00
   1.9231300E-01   2.8532535E-05   1.0045361E+01   1.8956083E+00
   1.9852798E-01   1.9274884E-03   1.0156490E+01   1.8969970E+00
   2.0156321E-01   3.0437257E-04   1.0204059E+01   1.8977290E+00
   2.0411976E-01  -9.6419055E-05   1.0262074E+01   1.8984680E+00
   2.0657864E-01   3.5725378E-03   1.0289899E+01   1.8989992E+00
   2.1187137E-01   2.0350558E-03   1.0355463E+01   1.8998185E+00
   2.1456730E-01   2.4128624E-03   1.0380869E+01   1.9004238E+00
   2.1739803E-01   1.7182156E-03   1.0413216E+01   1.9010452E+00
   2.2028361E-01   4.8743444E-04   1.0442591E+01   1.9017210E+00
   2.2298108E-01   2.0686958E-03   1.0466750E+01   1.9024627E+00
   2.2844417E-01   1.4769710E-03   1.0511286E+01   1.9037341E+00
   2.3093769E-01   2.6767170E-03   1.0533146E+01   1.9043947E+00
   2.3328507E-01   2.8504443E-03   1.0539476E+01   1.9049940E+00
   2.3818231E-01   1.8267852E-03   1.0563683E+01   1.9059538E+00
   2.4055533E-01   1.6261879E-03   1.0571315E+01   1.9060009E+00
   2.4303193E-01   7.9947530E-04   1.0552866E+01   1.9072368E+00
   2.4797109E-01   2.6397223E-03   1.0553151E+01   1.9085540E+00
   2.5038636E-01   3.6858919E-03   1.0555001E+01   1.9086512E+00
   2.5276759E-01   3.0256698E-03   1.0545694E+01   1.9096543E+00
   2.5731093E-01   3.7627465E-03   1.0518383E+01   1.9107581E+00
   2.5960001E-01   4.0604114E-03   1.0507544E+01   1.9108478E+00
   2.6409328E-01   9.5821533E-04   1.0465984E+01   1.9127214E+00
   2.6629958E-01   2.6060755E-03   1.0454741E+01   1.9129337E+00
   2.7063665E-01   3.0395731E-03   1.0432791E+01   1.9136649E+00
   2.7480876E-01   1.7483267E-03   1.0369839E+01   1.9154462E+00
   2.7689731E-01   1.1624827E-03   1.0349637E+01   1.9156182E+00
   2.8101158E-01   3.1105091E-03   1.0316319E+01   1.9159504E+00
   2.8494444E-01   1.8036267E-03   1.0189177E+01   1.9185482E+00
   2.8693482E-01   2.2477082E-03   1.0180057E+01   1.9186662E+00
   2.9086244E-01   1.8250392E-03   1.0181185E+01   1.9184480E+00
   2.9468617E-01  -5.2355779E-05   1.0007030E+01   1.9204367E+00
   2.9659271E-01   3.7398441E-03   9.9963045E+00   1.9206103E+00
   3.0034861E-01   4.5604198E-03   9.9739695E+00   1.9208672E+00
   3.0398107E-01   3.1324103E-03   9.9108744E+00   1.9211625E+00
   3.0749610E-01   5.0532795E-04   9.7904005E+00   1.9224094E+00
   3.1101546E-01   5.2083535E-03   9.6598196E+00   1.9237359E+00
   3.1445029E-01   3.1208252E-03   9.5395041E+00   1.9243649E+00
   3.1781030E-01   4.8562610E-03   9.4778748E+00   1.9247334E+00
   3.2105866E-01   3.7360140E-03   9.3671551E+00   1.9253335E+00
   3.2426497E-01   2.6219659E-03   9.2725420E+00   1.9259175E+00
   3.2743245E-01   2.5382035E-03   9.1703892E+00   1.9263970E+00
   3.3053941E-01   2.4182096E-03   9.0689697E+00   1.9268599E+00
   3.3359373E-01   3.7275720E-03   8.9265957E+00   1.9274467E+00
   3.3808202E-01   4.5253527E-03   8.7826033E+00   1.9280995E+00
   3.4098426E-01   1.4003310E-03   8.6700916E+00   1.9282703E+00
   3.4382981E-01   2.4324709E-03   8.5931215E+00   1.9284382E+00
   3.4802538E-01   3.5755823E-03   8.3872681E+00   1.9287925E+00
   3.5083932E-01   3.9966530E-03   8.2561722E+00   1.9290514E+00
   3.5360879E-01   2.7602825E-03   8.1918449E+00   1.9291446E+00
   3.5767394E-01   3.3734436E-03   8.0447512E+00   1.9290661E+00
   3.6029533E-01   3.5743946E-03   7.9534941E+00   1.9290316E+00
   3.6412838E-01   3.6044342E-03   7.7270899E+00   1.9292008E+00
   3.6785850E-01   4.3630805E-03   7.5797648E+00   1.9293231E+00
   3.7030506E-01   4.4598626E-03   7.5005374E+00   1.9292253E+00
   3.7392873E-01   5.8018663E-03   7.3605647E+00   1.9289764E+00
   3.7749994E-01   2.8020563E-03   7.2280707E+00   1.9289631E+00
   3.8101608E-01  -4.5372234E-04   7.0421200E+00   1.9291158E+00
   3.8451156E-01   7.2334320E-03   6.8631105E+00   1.9291711E+00
   3.8800448E-01   3.3786710E-04   6.7202344E+00   1.9291983E+00
   3.9138201E-01   1.4520730E-03   6.5841460E+00   1.9293554E+00
   3.9469087E-01   1.2599527E-03   6.4582500E+00   1.9293652E+00
   3.9792621E-01   4.5330197E-04   6.3548346E+00   1.9292653E+00
   4.0109608E-01  -4.3438619E-04   6.1353092E+00   1.9292473E+00
   4.0420541E-01   6.2412192E-04   6.0220246E+00   1.9293394E+00
   4.0726361E-01   9.5600111E-04   5.9132843E+00   1.9293469E+00
   4.1127121E-01  -7.1707473E-04   5.7187834E+00   1.9292750E+00
   4.1423041E-01  -1.6671584E-03   5.5459929E+00   1.9292984E+00
   4.1715673E-01  -2.8097460E-03   5.3900285E+00   1.9292411E+00
   4.2100468E-01  -3.6620689E-03   5.2767925E+00   1.9290689E+00
   4.2384839E-01  -3.9907391E-03   5.1383762E+00   1.9288625E+00
   4.2758712E-01  -4.8328862E-03   4.9265633E+00   1.9287839E+00
   4.3127266E-01  -4.5063556E-03   4.8193588E+00   1.9288069E+00
   4.3400443E-01  -6.4021358E-03   4.6654940E+00   1.9288481E+00
   4.3760481E-01  -6.4614955E-03   4.4950314E+00   1.9288654E+00
   4.4115931E-01  -6.6785570E-03   4.2889967E+00   1.9289705E+00
   4.4467148E-01  -7.1975668E-03   4.1823883E+00   1.9291091E+00
   4.4728097E-01  -8.0077490E-03   4.0841870E+00   1.9291621E+00
   4.5073316E-01  -9.1838641E-03   3.8046443E+00   1.9292227E+00
   4.5416364E-01  -6.0891281E-03   3.7405913E+00   1.9293748E+00
   4.5757607E-01  -9.1481777E-03   3.6275856E+00   1.9295508E+00
   4.6098024E-01  -9.8692393E-03   3.4373968E+00   1.9293356E+00
   4.6439207E-01  -1.1724834E-02   3.2135465E+00   1.9290826E+00
   4.6782336E-01  -9.8328004E-03   3.0490363E+00   1.9289335E+00
   4.7128174E-01  -1.1196614E-02   2.9223063E+00   1.9288765E+00
   4.7481757E-01  -1.6545491E-02   2.7981424E+00   1.9287947E+00
   4.7753897E-01  -1.4595771E-02   2.6744778E+00   1.9286693E+00
   4.8110464E-01  -1.7460644E-02   2.4249883E+00   1.9284095E+00
   4.8469663E-01  -1.0962006E-02   2.2575276E+00   1.9282527E+00
   4.8745689E-01  -1.1566324E-02   2.1916044E+00   1.9289514E+00
   4.9097973E-01  -8.7306974E-03   1.9779704E+00   1.9288059E+00
   4.9446118E-01  -1.6191732E-02   1.8958997E+00   1.9284031E+00
   4.9811608E-01  -2.5417995E-02   1.7249528E+00   1.9278445E+00
   5.0082242E-01  -1.9252870E-02   1.6350262E+00   1.9279327E+00
   5.0441897E-01  -1.0595948E-02   1.3682604E+00   1.9277354E+00
   5.0799197E-01  -1.7713910E-02   1.2884557E+00   1.9275301E+00
   5.1067716E-01  -1.5596842E-02   1.1905978E+00   1.9272263E+00
   5.1429015E-01  -1.3515065E-02   1.0504944E+00   1.9265618E+00
   5.1787782E-01  -1.1815085E-02   7.0792150E-01   1.9250270E+00
   5.2145153E-01  -3.4168597E-02   6.3103527E-01   1.9242091E+00
   5.2409172E-01  -1.5706109E-02   5.7314456E-01   1.9243954E+00
   5.2764213E-01  -1.1806043E-02   4.5313808E-01   1.9239722E+00
   5.3120536E-01  -2.2489194E-02   2.1987209E-01   1.9231379E+00
   5.3485811E-01  -1.4542442E-02   1.2605168E-01   1.9227176E+00
   5.3760260E-01  -2.2815323E-02  -5.6305367E-02   1.9221389E+00
   5.4115129E-01  -1.1592636E-02  -2.2685269E-01   1.9208766E+00
   5.4468709E-01  -9.0240585E-03  -3.5683110E-01   1.9208639E+00
   5.4821241E-01  -2.0448668E-02  -4.7158870E-01   1.9202909E+00
   5.5085337E-01  -2.6227754E-02  -6.1662769E-01   1.9196137E+00
   5.5450386E-01  -1.8506667E-02  -8.6978322E-01   1.9186614E+00
   5.5814564E-01  -2.9699156E-02  -9.7384769E-01   1.9178435E+00
   5.6086111E-01  -1.6496239E-02  -1.0798513E+00   1.9173647E+00
   5.6443566E-01  -2.1676816E-02  -1.2730869E+00   1.9158514E+00
   5.6798661E-01  -2.5722813E-02  -1.4116278E+00   1.9152757E+00
   5.7143736E-01  -1.7549759E-02  -1.6180985E+00   1.9145149E+00
   5.7418144E-01  -1.1157538E-02  -1.7873566E+00   1.9132805E+00
   5.7786900E-01  -1.8234389E-02  -1.9272487E+00   1.9122908E+00
   5.8129317E-01  -4.4531193E-02  -2.0601580E+00   1.9119802E+00
   5.8496940E-01  -2.0485913E-02  -2.1969647E+00   1.9110034E+00
   5.8772433E-01  -2.0381702E-02  -2.3985415E+00   1.9096918E+00
   5.9155744E-01  -4.4350699E-02  -2.5822043E+00   1.9091238E+00
   5.9443939E-01  -2.5964430E-02  -2.6629550E+00   1.9088500E+00
   5.9746188E-01  -8.6099468E-03  -2.8634970E+00   1.9080895E+00
   6.0161144E-01  -3.4331027E-02  -3.0484893E+00   1.9071122E+00
   6.0467875E-01  -1.2643674E-02  -3.1549208E+00   1.9065179E+00
   6.0772884E-01  -7.5792791E-03  -3.2961404E+00   1.9055898E+00
   6.1182493E-01  -5.5783473E-02  -3.4888649E+00   1.9045368E+00
   6.1496246E-01  -4.0157936E-03  -3.7169478E+00   1.9039643E+00
   6.1817461E-01  -2.5970763E-02  -3.8427103E+00   1.9032061E+00
   6.2137771E-01  -6.8302721E-02  -3.9514999E+00   1.9024473E+00
   6.2440807E-01   4.7477288E-03  -4.0453596E+00   1.9018029E+00
   6.2847942E-01  -3.5665162E-02  -4.3491888E+00   1.9008365E+00
   6.3134736E-01  -5.6100484E-02  -4.5213432E+00   1.8998277E+00
   6.3474035E-01  -1.0413775E-01  -4.6169167E+00   1.8990972E+00
   6.3775688E-01  -3.1117076E-02  -4.8727016E+00   1.8983862E+00
   6.4177513E-01   4.7807969E-02  -4.8668623E+00   1.8968797E+00
   6.4447695E-01  -1.4000218E-01  -5.1836762E+00   1.8965495E+00
   6.4839113E-01  -4.0854909E-02  -5.2082744E+00   1.8959414E+00
   6.5103436E-01  -7.9113487E-03  -5.4415021E+00   1.8954724E+00
   6.5482271E-01  -7.5286459E-03  -5.4771986E+00   1.8948041E+00
   6.5805393E-01  -1.5961125E-02  -5.8501129E+00   1.8930607E+00
   6.6188252E-01  -4.8376713E-02  -5.9040351E+00   1.8923849E+00
   6.6495174E-01  -3.2285538E-02  -6.0652905E+00   1.8919152E+00
   6.6801190E-01  -1.4348858E-03  -6.2239113E+00   1.8904818E+00
   6.7099005E-01  -1.4249782E-01  -6.3872142E+00   1.8893732E+00
   6.7463732E-01  -1.0083266E-02  -6.2953711E+00   1.8885055E+00
   6.7854154E-01   5.2033737E-02  -7.0653691E+00   1.8871046E+00
   6.8151748E-01  -7.0828676E-02  -7.0384951E+00   1.8862685E+00
   6.8502980E-01  -5.1520888E-02  -7.0213890E+00   1.8859131E+00
   6.8831784E-01  -6.2657744E-02  -7.2138577E+00   1.8843443E+00
   6.9152015E-01  -3.0847719E-02  -7.2457342E+00   1.8833594E+00
   6.9523144E-01  -2.7102323E-02  -7.5120907E+00   1.8818620E+00
   6.9793475E-01  -7.5246627E-04  -7.5886278E+00   1.8805164E+00
   7.0149934E-01   2.4853181E-02  -7.7197399E+00   1.8792373E+00
   7.0499992E-01  -1.1459299E-01  -7.7687273E+00   1.8782381E+00
   7.0856738E-01  -6.3392743E-02  -8.1062994E+00   1.8763729E+00
   7.1118253E-01  -6.6062927E-02  -8.0226669E+00   1.8758909E+00
   7.1468091E-01  -5.2559629E-02  -8.2417097E+00   1.8748410E+00
   7.1812356E-01   6.7352608E-02  -8.4038200E+00   1.8716662E+00
   7.2153181E-01  -9.3513697E-02  -8.3801594E+00   1.8705795E+00
   7.2495180E-01  -3.5475098E-02  -8.6722794E+00   1.8701909E+00
   7.2833449E-01  -2.6382383E-02  -8.8255768E+00   1.8691138E+00
   7.3171932E-01  -8.4124714E-02  -8.8554392E+00   1.8673682E+00
   7.3505056E-01  -4.4421494E-02  -8.9437971E+00   1.8648196E+00
   7.3842043E-01  -1.4926811E-02  -9.0008287E+00   1.8642663E+00
   7.4164087E-01   1.1315374E-02  -9.2457066E+00   1.8628420E+00
   7.4495471E-01  -7.2509497E-02  -9.2773151E+00   1.8620634E+00
   7.4818224E-01  -1.5734677E-01  -9.3405561E+00   1.8558493E+00
   7.5146031E-01  -5.8367815E-02  -9.4571381E+00   1.8562011E+00
   7.5473070E-01   9.9400118E-02  -9.5518227E+00   1.8605551E+00
   7.5798333E-01  -7.3595867E-02  -9.5715380E+00   1.8557593E+00
   7.6133257E-01  -5.4149773E-02  -9.7322779E+00   1.8535763E+00
   7.6530242E-01  -2.6665740E-02  -9.7240114E+00   1.8535311E+00
   7.6860505E-01   1.7490420E-03  -9.7682724E+00   1.8527240E+00
   7.7182853E-01  -7.2525911E-02  -9.8711214E+00   1.8503804E+00
   7.7492559E-01  -1.2199736E-02  -9.9159298E+00   1.8491045E+00
   7.7817523E-01  -1.1902905E-02  -1.0054979E+01   1.8482621E+00
   7.8133357E-01  -2.5102755E-02  -1.0063713E+01   1.8474437E+00
   7.8518945E-01  -1.0605766E-02  -1.0078891E+01   1.8441315E+00
   7.8839529E-01  -6.4201623E-02  -1.0214839E+01   1.8431505E+00
   7.9148501E-01  -4.6769236E-03  -1.0204030E+01   1.8433543E+00
   7.9530424E-01  -7.2948835E-03  -1.0175925E+01   1.8418651E+00
   7.9843372E-01  -1.4240431E-02  -1.0325922E+01   1.8393157E+00
   8.0144805E-01  -4.2128701E-02  -1.0252593E+01   1.8376523E+00
   8.0519491E-01  -1.3464279E-02  -1.0247419E+01   1.8372282E+00
   8.0820072E-01  -2.2484111E-02  -1.0313058E+01   1.8376703E+00
   8.1187922E-01  -3.4193058E-02  -1.0350562E+01   1.8361934E+00
   8.1541109E-01  -2.0911366E-02  -1.0302827E+01   1.8346660E+00
   8.1824672E-01  -1.5381999E-02  -1.0392593E+01   1.8333167E+00
   8.2175803E-01  -7.8715412E-03  -1.0349537E+01   1.8301287E+00
   8.2542270E-01  -1.5650477E-02  -1.0289235E+01   1.8305247E+00
   8.2844466E-01  -1.3745253E-02  -1.0357645E+01   1.8316751E+00
   8.3145732E-01  -3.2500107E-02  -1.0366402E+01   1.8305624E+00
   8.3508438E-01  -7.1154614E-03  -1.0271493E+01   1.8271472E+00
   8.3876097E-01  -3.3640392E-02  -1.0262681E+01   1.8254960E+00
   8.4176397E-01  -1.8641867E-02  -1.0266228E+01   1.8246490E+00
   8.4537303E-01  -3.4172053E-03  -1.0170146E+01   1.8241291E+00
   8.4826559E-01  -1.5922999E-02  -1.0065785E+01   1.8230420E+00
   8.5196126E-01   1.4819781E-03  -1.0153511E+01   1.8215785E+00
   8.5496861E-01  -4.0462498E-02  -1.0212716E+01   1.8204892E+00
   8.5862577E-01  -4.6960924E-02  -1.0083043E+01   1.8194340E+00
   8.6152172E-01  -4.2988377E-05  -1.0024552E+01   1.8185130E+00
   8.6521870E-01   4.2878319E-02  -1.0026320E+01   1.8167864E+00
   8.6818868E-01   7.1119093E-03  -9.9506540E+00   1.8156379E+00
   8.7184095E-01  -5.9010450E-02  -9.9085855E+00   1.8142420E+00
   8.7542260E-01  -4.1836690E-02  -9.9219389E+00   1.8130999E+00
   8.7835073E-01  -7.8388013E-02  -9.7829990E+00   1.8125783E+00
   8.8202071E-01   5.7221822E-02  -9.7211838E+00   1.8111565E+00
   8.8491446E-01  -2.7643621E-03  -9.6789370E+00   1.8089942E+00
   8.8847178E-01   2.7147171E-03  -9.5897522E+00   1.8077843E+00
   8.9208478E-01  -2.1731500E-02  -9.4955931E+00   1.8072234E+00
   8.9494550E-01   4.5562742E-04  -9.4559832E+00   1.8056639E+00
   8.9859939E-01   5.6479633E-02  -9.4827709E+00   1.8038812E+00
   9.0227777E-01   1.4385316E-03  -9.3152828E+00   1.8028939E+00
   9.0514946E-01  -6.5873801E-03  -9.2645292E+00   1.8019474E+00
   9.0868664E-01   6.7342860E-03  -9.2102556E+00   1.7998561E+00
   9.1225004E-01   1.6053118E-03  -9.1252375E+00   1.7992656E+00
   9.1510367E-01  -1.3344908E-02  -9.0669622E+00   1.7984048E+00
   9.1873199E-01   2.1530881E-03  -8.9909840E+00   1.7968934E+00
   9.2167455E-01  -1.3833956E-02  -9.0012445E+00   1.7958168E+00
   9.2532432E-01   5.1644295E-02  -8.8457022E+00   1.7933547E+00
   9.2885923E-01  -7.6665743E-03  -8.7742414E+00   1.7923368E+00
   9.3168002E-01   6.0874816E-05  -8.7500563E+00   1.7923820E+00
   9.3521011E-01  -1.1742378E-02  -8.6879702E+00   1.7911001E+00
   9.3869734E-01   2.1388796E-03  -8.5499315E+00   1.7893836E+00
   9.4217145E-01   1.6231250E-02  -8.4874630E+00   1.7873296E+00
   9.4571906E-01  -5.8051123E-04  -8.5137405E+00   1.7864679E+00
   9.4858241E-01  -7.3093190E-03  -8.3404856E+00   1.7866447E+00
   9.5217729E-01  -1.4732379E-03  -8.2578163E+00   1.7860181E+00
   9.5511413E-01   5.1884619E-03  -8.2118149E+00   1.7849513E+00
   9.5879561E-01  -5.8938743E-04  -8.1659698E+00   1.7835990E+00
   9.6235263E-01   9.7765173E-05  -8.0364180E+00   1.7822602E+00
   9.6528512E-01   2.3974229E-03  -7.9777193E+00   1.7817658E+00
   9.6895564E-01   9.7034691E-04  -7.9158978E+00   1.7815109E+00
   9.7185719E-01   1.2707474E-02  -7.8949142E+00   1.7811589E+00
   9.7547740E-01  -1.4459984E-02  -7.7437029E+00   1.7804577E+00
   9.7843564E-01   1.4837497E-02  -7.7652822E+00   1.7792783E+00
   9.8209286E-01  -8.8781631E-04  -7.6695013E+00   1.7777324E+00
   9.8577309E-01  -2.8048579E-03  -7.6199927E+00   1.7769883E+00
   9.8872697E-01   2.5315979E-03  -7.5199094E+00   1.7767867E+00
   9.9240953E-01   4.9521802E-03  -7.4700871E+00   1.7761366E+00
   9.9531388E-01   3.5039629E-03  -7.4125462E+00   1.7750570E+00
   9.9898237E-01  -2.9743651E-03  -7.3373761E+00   1.7741534E+00
   1.0019428E+00   3.9390768E-03  -7.2916021E+00   1.7738023E+00
   1.0056552E+00   2.0894719E-02  -7.2007852E+00   1.7733710E+00
   1.0085896E+00   8.3602732E-03  -7.1587868E+00   1.7727444E+00
   1.0121893E+00   6.2339916E-04  -7.0749063E+00   1.7717278E+00
   1.0158831E+00   1.0754948E-03  -7.0338016E+00   1.7711686E+00
   1.0188059E+00   2.4435064E-03  -6.9898376E+00   1.7710844E+00
   1.0223329E+00   2.8581860E-02  -6.9285073E+00   1.7706716E+00
   1.0258552E+00  -1.7957597E-04  -6.8844934E+00   1.7700332E+00
   1.0287987E+00  -4.9664602E-03  -6.8039031E+00   1.7696140E+00
   1.0325429E+00  -1.4426337E-03  -6.8047576E+00   1.7688344E+00
   1.0355252E+00  -2.7734836E-04  -6.7499175E+00   1.7683141E+00
   1.0391612E+00   3.8822142E-03  -6.6584697E+00   1.7675127E+00
   1.0419868E+00  -3.0167974E-03  -6.6568413E+00   1.7667617E+00
   1.0455734E+00   1.4992952E-03  -6.6102457E+00   1.7660569E+00
   1.0492176E+00   6.1056465E-03  -6.5305433E+00   1.7654961E+00
   1.0522140E+00   8.5327150E-03  -6.5014334E+00   1.7647514E+00
   1.0559419E+00   1.1486639E-02  -6.5312738E+00   1.7641017E+00
   1.0589212E+00   1.0727079E-02  -6.4245229E+00   1.7635046E+00
   1.0626081E+00   1.5012348E-02  -6.3892970E+00   1.7623188E+00
   1.0655001E+00   1.7236635E-02  -6.3249087E+00   1.7618918E+00
   1.0691398E+00   1.7305808E-02  -6.3059797E+00   1.7614787E+00
   1.0720290E+00   2.6650984E-02  -6.2732539E+00   1.7612236E+00
   1.0756156E+00   1.5715629E-02  -6.2326498E+00   1.7605627E+00
   1.0791782E+00   1.2971731E-02  -6.1523886E+00   1.7596577E+00
   1.0820159E+00   1.6799549E-02  -6.0749555E+00   1.7588683E+00
   1.0855509E+00   1.4570362E-02  -6.0588384E+00   1.7583244E+00
   1.0890775E+00   2.0295499E-02  -6.0152564E+00   1.7580261E+00
   1.0926001E+00   2.2169910E-02  -5.9960446E+00   1.7575436E+00
   1.0954176E+00   2.4045816E-02  -5.9218526E+00   1.7568988E+00
   1.0989411E+00   2.0176174E-02  -5.8622289E+00   1.7560049E+00
   1.1024684E+00   2.2417452E-02  -5.8127851E+00   1.7554430E+00
   1.1059767E+00   2.4746491E-02  -5.7873182E+00   1.7550672E+00
   1.1087478E+00   2.4096332E-02  -5.6863012E+00   1.7546232E+00
   1.1121821E+00   2.7261160E-02  -5.6415329E+00   1.7540278E+00
   1.1156005E+00   2.6361676E-02  -5.6165895E+00   1.7534764E+00
   1.1190110E+00   3.2571051E-02  -5.5789127E+00   1.7532662E+00
   1.1224191E+00   2.8068332E-02  -5.4966564E+00   1.7530545E+00
   1.1258280E+00   1.9680880E-02  -5.4367080E+00   1.7525536E+00
   1.1292557E+00   2.1656239E-02  -5.3733788E+00   1.7521775E+00
   1.1327224E+00   2.0697551E-02  -5.3502402E+00   1.7520303E+00
   1.1355221E+00   2.2737740E-02  -5.3208570E+00   1.7519490E+00
   1.1390491E+00   3.1076409E-02  -5.2463632E+00   1.7517604E+00
   1.1426017E+00   3.0575369E-02  -5.1542459E+00   1.7513921E+00
   1.1455419E+00   3.1166604E-02  -5.1045232E+00   1.7511265E+00
   1.1493962E+00   2.3941481E-02  -5.0519814E+00   1.7511188E+00
   1.1525269E+00   2.3231585E-02  -5.0138803E+00   1.7510439E+00
   1.1556766E+00   2.5589533E-02  -4.9267330E+00   1.7507374E+00
   1.1588742E+00   2.6903642E-02  -4.8760037E+00   1.7506353E+00
   1.1629254E+00   3.6174845E-02  -4.7918782E+00   1.7504005E+00
   1.1662550E+00   2.8557101E-02  -4.7475514E+00   1.7504140E+00
   1.1695895E+00   3.0369528E-02  -4.6694093E+00   1.7504878E+00
   1.1721448E+00   4.0454447E-02  -4.6390696E+00   1.7503947E+00
   1.1756096E+00   3.6231842E-02  -4.5310082E+00   1.7502704E+00
   1.1790843E+00   3.6014140E-02  -4.4593120E+00   1.7503788E+00
   1.1825097E+00   3.6637388E-02  -4.3920922E+00   1.7506156E+00
   1.1858706E+00   3.8640510E-02  -4.3455009E+00   1.7507926E+00
   1.1891687E+00   3.7925053E-02  -4.2586398E+00   1.7509068E+00
   1.1923641E+00   3.7096802E-02  -4.1641350E+00   1.7508550E+00
   1.1962882E+00   3.7628088E-02  -4.0971508E+00   1.7508218E+00
   1.1993685E+00   3.9282080E-02  -4.0407228E+00   1.7508769E+00
   1.2023898E+00   3.9537273E-02  -3.9871917E+00   1.7509676E+00
   1.2061251E+00   3.6777999E-02  -3.8920004E+00   1.7509376E+00
   1.2091371E+00   3.9664116E-02  -3.7686205E+00   1.7507682E+00
   1.2130061E+00   3.2523252E-02  -3.7435887E+00   1.7506309E+00
   1.2161720E+00   4.1208882E-02  -3.6744483E+00   1.7506133E+00
   1.2193462E+00   4.2608358E-02  -3.5750964E+00   1.7506357E+00
   1.2225251E+00   4.0936720E-02  -3.4709363E+00   1.7505195E+00
   1.2257088E+00   4.2479895E-02  -3.4311352E+00   1.7503086E+00
   1.2297033E+00   4.0435404E-02  -3.3566852E+00   1.7502918E+00
   1.2329086E+00   4.0162783E-02  -3.2514756E+00   1.7504917E+00
   1.2361195E+00   3.9593179E-02  -3.1804581E+00   1.7505295E+00
   1.2393376E+00   3.8872890E-02  -3.1008656E+00   1.7503453E+00
   1.2425636E+00   3.7816182E-02  -3.0773077E+00   1.7502030E+00
   1.2457973E+00   4.0203422E-02  -2.9827974E+00   1.7502406E+00
   1.2490380E+00   3.8901202E-02  -2.9107642E+00   1.7503246E+00
   1.2530980E+00   3.7789192E-02  -2.8002970E+00   1.7503532E+00
   1.2563622E+00   3.7931301E-02  -2.7323854E+00   1.7503139E+00
   1.2595813E+00   3.3334557E-02  -2.6140924E+00   1.7501550E+00
   1.2627372E+00   3.5404362E-02  -2.6057398E+00   1.7500440E+00
   1.2659377E+00   3.4381993E-02  -2.5349672E+00   1.7500283E+00
   1.2691603E+00   3.3230666E-02  -2.4811163E+00   1.7500403E+00
   1.2723743E+00   3.5476260E-02  -2.3762078E+00   1.7501134E+00
   1.2763625E+00   3.1357516E-02  -2.2800767E+00   1.7502073E+00
   1.2795316E+00   2.9835323E-02  -2.2036815E+00   1.7501730E+00
   1.2826236E+00   3.0879693E-02  -2.1305797E+00   1.7502140E+00
   1.2862895E+00   3.1337805E-02  -2.1119437E+00   1.7502427E+00
   1.2892554E+00   2.6182408E-02  -2.0246725E+00   1.7503703E+00
   1.2930813E+00   2.5705084E-02  -1.9539659E+00   1.7505631E+00
   1.2961899E+00   2.7698044E-02  -1.8652432E+00   1.7506170E+00
   1.2991626E+00   2.3525806E-02  -1.8122824E+00   1.7510035E+00
   1.3031787E+00   2.3888463E-02  -1.7511640E+00   1.7511687E+00
   1.3065569E+00   2.5744453E-02  -1.6857654E+00   1.7511771E+00
   1.3099267E+00   2.5404576E-02  -1.6503328E+00   1.7514073E+00
   1.3124800E+00   2.3496972E-02  -1.5598855E+00   1.7520673E+00
   1.3158691E+00   2.3752993E-02  -1.4575568E+00   1.7524436E+00
   1.3192986E+00   2.1080412E-02  -1.4346004E+00   1.7524090E+00
   1.3226805E+00   2.0343551E-02  -1.4115134E+00   1.7524765E+00
   1.3260175E+00   1.8587124E-02  -1.2782650E+00   1.7532392E+00
   1.3293186E+00   1.9067442E-02  -1.2168702E+00   1.7537018E+00
   1.3325936E+00   1.5194254E-02  -1.1730957E+00   1.7539896E+00
   1.3358444E+00   1.3805475E-02  -1.1315756E+00   1.7543633E+00
   1.3398468E+00   1.2571234E-02  -1.0861802E+00   1.7548894E+00
   1.3429708E+00   1.6889626E-02  -9.3865657E-01   1.7557904E+00
   1.3460860E+00   1.3285448E-02  -9.0439457E-01   1.7560558E+00
   1.3499118E+00   1.3208790E-02  -8.8624257E-01   1.7562495E+00
   1.3529207E+00   1.4699472E-02  -8.0665845E-01   1.7567225E+00
   1.3559183E+00   1.5001955E-02  -6.8091875E-01   1.7577868E+00
   1.3597822E+00   1.1480838E-02  -6.4610481E-01   1.7583394E+00
   1.3630035E+00   1.5275971E-02  -6.6653073E-01   1.7585375E+00
   1.3663583E+00   1.1361681E-02  -5.7884908E-01   1.7589114E+00
   1.3697387E+00   1.3014907E-02  -5.5102062E-01   1.7593883E+00
   1.3728458E+00   1.6947500E-02  -4.0464869E-01   1.7605869E+00
   1.3760639E+00   1.6094852E-02  -3.1360522E-01   1.7612437E+00
   1.3793588E+00   1.9273384E-02  -3.4957358E-01   1.7612756E+00
   1.3826473E+00   1.5142847E-02  -3.0497554E-01   1.7615248E+00
   1.3867476E+00   1.9518392E-02  -1.7301646E-01   1.7627650E+00
   1.3899028E+00   1.7977133E-02  -1.3069634E-01   1.7633234E+00
   1.3931702E+00   1.6147623E-02  -4.8872784E-02   1.7636726E+00
   1.3963951E+00   1.3570192E-02  -3.1620707E-02   1.7639852E+00
   1.3996167E+00   3.6024104E-03   5.9759829E-02   1.7646911E+00
   1.4028339E+00   9.4261849E-03   1.2543286E-01   1.7652733E+00
   1.4060494E+00   1.9723281E-02   2.1779484E-01   1.7654777E+00
   1.4094943E+00   1.4137066E-02   2.0578258E-01   1.7655634E+00
   1.4129212E+00   8.9491904E-03   2.6109532E-01   1.7660198E+00
   1.4163393E+00   3.1085540E-02   4.5715511E-01   1.7672452E+00
   1.4195713E+00   1.2289533E-02   3.6850342E-01   1.7676331E+00
   1.4232534E+00  -1.8157756E-02   4.4891751E-01   1.7681255E+00
   1.4266722E+00   2.8512962E-02   6.6609150E-01   1.7678599E+00
   1.4295950E+00   4.1054084E-04   6.1559278E-01   1.7674994E+00
   1.4333253E+00   4.3491698E-03   7.8197205E-01   1.7689580E+00
   1.4367797E+00   1.5386623E-02   8.1632411E-01   1.7697901E+00
   1.4401898E+00   1.5084391E-02   8.1544840E-01   1.7702265E+00
   1.4427851E+00   1.1915125E-02   8.4309131E-01   1.7705303E+00
   1.4461190E+00   2.1493595E-02   1.0532025E+00   1.7712907E+00
   1.4496697E+00   1.2545955E-02   1.1201091E+00   1.7721671E+00
   1.4532363E+00   1.0586229E-02   1.2022452E+00   1.7726674E+00
   1.4567734E+00   1.8251373E-02   1.2485714E+00   1.7732059E+00
   1.4594138E+00   2.8989313E-02   1.3243171E+00   1.7738228E+00
   1.4629620E+00   1.3071090E-02   1.4407835E+00   1.7740188E+00
   1.4665266E+00   1.9554909E-02   1.5224278E+00   1.7745558E+00
   1.4697996E+00   1.2025497E-02   1.6279211E+00   1.7753551E+00
   1.4732836E+00  -9.5292050E-03   1.7089671E+00   1.7758026E+00
   1.4768369E+00   1.1500542E-02   1.8542520E+00   1.7764548E+00
   1.4795005E+00   4.2076282E-02   1.9291352E+00   1.7773125E+00
   1.4830526E+00   2.0579765E-02   1.9868298E+00   1.7778406E+00
   1.4866056E+00   2.1920571E-02   2.0461698E+00   1.7783021E+00
   1.4902030E+00   1.5643805E-02   2.1645715E+00   1.7801292E+00
   1.4929109E+00   1.2148917E-02   2.3268297E+00   1.7813160E+00
   1.4965272E+00   1.9093957E-02   2.3576250E+00   1.7815084E+00
   1.5001405E+00   1.9846000E-02   2.4279723E+00   1.7819719E+00
   1.5036285E+00   1.1500559E-02   2.5930035E+00   1.7836895E+00
   1.5062351E+00   7.7628484E-03   2.7366669E+00   1.7851070E+00
   1.5099232E+00   1.4683667E-02   2.8062656E+00   1.7863716E+00
   1.5135690E+00   2.8584788E-03   2.8809776E+00   1.7864865E+00
   1.5163064E+00   2.2426046E-02   2.9717414E+00   1.7867614E+00
   1.5199739E+00   2.2630305E-03   3.1328375E+00   1.7882446E+00
   1.5236489E+00   2.7598366E-03   3.2328494E+00   1.7892838E+00
   1.5264200E+00   2.5749583E-02   3.3232944E+00   1.7901616E+00
   1.5298394E+00   1.3992878E-02   3.4410999E+00   1.7906883E+00
   1.5334202E+00   1.7570220E-02   3.5827837E+00   1.7915686E+00
   1.5370135E+00   1.6388528E-02   3.7461622E+00   1.7934173E+00
   1.5397928E+00   2.5843984E-02   3.7970824E+00   1.7938985E+00
   1.5434936E+00   4.4703279E-02   3.8844287E+00   1.7948450E+00
   1.5470999E+00  -2.3523994E-02   4.0113077E+00   1.7965767E+00
   1.5498143E+00   1.3613920E-02   4.1528544E+00   1.7971725E+00
   1.5534405E+00   1.1986739E-02   4.2562747E+00   1.7979987E+00
   1.5570701E+00   6.9411822E-02   4.3915448E+00   1.8000910E+00
   1.5598258E+00  -2.0744706E-02   4.5190740E+00   1.8004762E+00
   1.5635465E+00  -3.9201025E-03   4.6026130E+00   1.8007822E+00
   1.5663399E+00   1.0901506E-02   4.7529559E+00   1.8023473E+00
   1.5698842E+00  -4.6609988E-05   4.8438721E+00   1.8032124E+00
   1.5733833E+00   3.8852862E-03   5.0308075E+00   1.8041108E+00
   1.5771289E+00  -2.0217502E-02   5.1195860E+00   1.8050541E+00
   1.5799119E+00   2.0931216E-03   5.2022343E+00   1.8053052E+00
   1.5835880E+00   2.2617285E-03   5.3467150E+00   1.8061945E+00
   1.5872231E+00  -9.7016729E-03   5.4915342E+00   1.8074437E+00
   1.5899246E+00   6.9085956E-03   5.5715718E+00   1.8081380E+00
   1.5934974E+00   7.9388625E-04   5.7493453E+00   1.8101343E+00
   1.5970385E+00   8.4817009E-03   5.8126478E+00   1.8106843E+00
   1.6005582E+00  -7.4382005E-03   5.9137187E+00   1.8105826E+00
   1.6031559E+00  -1.2509625E-03   6.0257387E+00   1.8111722E+00
   1.6066767E+00  -5.4384838E-03   6.2032919E+00   1.8134016E+00
   1.6102471E+00  -1.0462261E-03   6.2652473E+00   1.8141972E+00
   1.6130930E+00  -1.8823802E-02   6.4129877E+00   1.8147823E+00
   1.6167320E+00   2.1808320E-03   6.4998312E+00   1.8160987E+00
   1.6205589E+00  -2.6254132E-03   6.6282849E+00   1.8166265E+00
   1.6235287E+00   1.7711654E-03   6.7339978E+00   1.8172187E+00
   1.6264637E+00   1.1838001E-03   6.8340950E+00   1.8182385E+00
   1.6303691E+00   3.6163360E-03   6.9721875E+00   1.8196125E+00
   1.6333178E+00  -6.6536474E-03   7.0486083E+00   1.8205132E+00
   1.6369739E+00   4.9434841E-04   7.1356349E+00   1.8213687E+00
   1.6399164E+00  -3.3145926E-03   7.3128748E+00   1.8221965E+00
   1.6438895E+00  -9.0586182E-05   7.3378582E+00   1.8232893E+00
   1.6468381E+00  -1.7345972E-02   7.4727898E+00   1.8239658E+00
   1.6507511E+00  -3.7498649E-03   7.5347352E+00   1.8250431E+00
   1.6536517E+00   1.4818022E-02   7.6529303E+00   1.8270587E+00
   1.6573915E+00   7.8957239E-03   7.7991796E+00   1.8284651E+00
   1.6603327E+00  -1.3078728E-03   7.8219142E+00   1.8286335E+00
   1.6632674E+00  -7.5644311E-03   7.8621702E+00   1.8289622E+00
   1.6671146E+00  -1.1599441E-02   7.9768872E+00   1.8301977E+00
   1.6699632E+00   5.8368999E-03   8.1120548E+00   1.8323989E+00
   1.6735984E+00   1.9099010E-03   8.2127552E+00   1.8341179E+00
   1.6773635E+00  -5.9771058E-03   8.2575350E+00   1.8351417E+00
   1.6801946E+00  -4.9919421E-03   8.3005047E+00   1.8353610E+00
   1.6839340E+00   9.7625740E-03   8.4318371E+00   1.8371003E+00
   1.6867065E+00  -1.2153266E-03   8.4898157E+00   1.8380830E+00
   1.6903521E+00  -8.8028330E-03   8.6063395E+00   1.8402346E+00
   1.6939369E+00   4.9910368E-03   8.6221228E+00   1.8407863E+00
   1.6965930E+00  -8.0210925E-04   8.6750412E+00   1.8408433E+00
   1.7000990E+00  -4.7033108E-03   8.7720728E+00   1.8423469E+00
   1.7035718E+00  -1.4350563E-02   8.8297739E+00   1.8445632E+00
   1.7070179E+00  -2.7213430E-03   8.8912458E+00   1.8458785E+00
   1.7104422E+00  -8.1606349E-03   8.8974733E+00   1.8467869E+00
   1.7138487E+00  -1.2035689E-02   8.9802427E+00   1.8474627E+00
   1.7172407E+00  -1.1277814E-02   9.0421801E+00   1.8487605E+00
   1.7206209E+00  -6.9688917E-03   9.0854406E+00   1.8501821E+00
   1.7239913E+00   2.0253460E-03   9.2066498E+00   1.8521599E+00
   1.7273537E+00  -1.0588744E-02   9.2021456E+00   1.8539343E+00
   1.7307094E+00   2.3237045E-03   9.2780914E+00   1.8545388E+00
   1.7340597E+00  -9.8915407E-03   9.3267555E+00   1.8555412E+00
   1.7374054E+00  -3.7663672E-03   9.3824739E+00   1.8566232E+00
   1.7407475E+00  -1.0100593E-02   9.3858910E+00   1.8578120E+00
   1.7440746E+00   1.7792515E-03   9.4875650E+00   1.8588773E+00
   1.7473836E+00  -6.2202034E-03   9.5651617E+00   1.8613909E+00
   1.7506788E+00  -2.8650023E-03   9.5567198E+00   1.8617131E+00
   1.7539282E+00  -5.3165900E-04   9.5868559E+00   1.8610018E+00
   1.7571262E+00  -2.4742654E-03   9.6262703E+00   1.8620057E+00
   1.7602866E+00  -7.9302192E-03   9.7343998E+00   1.8632249E+00
   1.7641797E+00  -1.4180591E-02   9.7674503E+00   1.8665950E+00
   1.7672396E+00   5.0073690E-03   9.8094883E+00   1.8659770E+00
   1.7703804E+00  -1.1612589E-02   9.7359266E+00   1.8652399E+00
   1.7737656E+00  -5.0280121E-04   9.8706436E+00   1.8669884E+00
   1.7771510E+00  -3.6335154E-03   9.9535799E+00   1.8693435E+00
   1.7805363E+00  -5.7091066E-03   9.9653339E+00   1.8706254E+00
   1.7839216E+00  -1.9644864E-02   9.9720097E+00   1.8715929E+00
   1.7873069E+00  -6.3453419E-03   1.0043257E+01   1.8723915E+00
   1.7906923E+00  -4.8705614E-03   1.0100599E+01   1.8729770E+00
   1.7940605E+00  -6.9638081E-03   1.0104986E+01   1.8742977E+00
   1.7974459E+00  -1.8571759E-02   1.0164334E+01   1.8751669E+00
   1.8008037E+00  -8.3406623E-03   1.0230066E+01   1.8758683E+00
   1.8041890E+00  -4.9993335E-03   1.0246384E+01   1.8768154E+00
   1.8075743E+00  -6.8985079E-03   1.0335150E+01   1.8792492E+00
   1.8109597E+00  -1.5499008E-02   1.0344051E+01   1.8799732E+00
   1.8135411E+00  -9.5465453E-03   1.0365807E+01   1.8791968E+00
   1.8175617E+00  -6.3811652E-03   1.0404724E+01   1.8790196E+00
   1.8207990E+00  -8.7550720E-03   1.0448236E+01   1.8805649E+00
   1.8240359E+00  -1.1270748E-02   1.0489944E+01   1.8821523E+00
   1.8272727E+00  -5.6725196E-03   1.0544520E+01   1.8836048E+00
   1.8305093E+00  -1.0048845E-02   1.0573234E+01   1.8851693E+00
   1.8337458E+00  -5.2806130E-03   1.0608416E+01   1.8857903E+00
   1.8369823E+00  -1.1697201E-02   1.0654724E+01   1.8861166E+00
   1.8402187E+00  -1.8261198E-02   1.0679536E+01   1.8871140E+00
   1.8445339E+00  -9.5800217E-03   1.0746195E+01   1.8891047E+00
   1.8477702E+00  -9.3102502E-03   1.0788639E+01   1.8901485E+00
   1.8503705E+00  -9.0452256E-03   1.0791884E+01   1.8914355E+00
   1.8538899E+00  -1.0402604E-02   1.0858706E+01   1.8936141E+00
   1.8572037E+00  -5.7153851E-03   1.0873880E+01   1.8939939E+00
   1.8612316E+00  -1.0044718E-02   1.0912010E+01   1.8936033E+00
   1.8645850E+00  -1.2125054E-02   1.0952391E+01   1.8945245E+00
   1.8670857E+00  -1.3104487E-02   1.0997010E+01   1.8953429E+00
   1.8712065E+00  -1.0979221E-02   1.0978338E+01   1.8980024E+00
   1.8739685E+00  -1.1116251E-02   1.1035585E+01   1.8986404E+00
   1.8779863E+00  -1.3723960E-02   1.1065496E+01   1.8990419E+00
   1.8803997E+00  -8.0721928E-03   1.1151161E+01   1.8997483E+00
   1.8838602E+00  -1.2705006E-02   1.1140612E+01   1.9013898E+00
   1.8874803E+00  -1.2824953E-02   1.1178325E+01   1.9028527E+00
   1.8911103E+00  -1.0883191E-02   1.1193534E+01   1.9036785E+00
   1.8937166E+00  -1.0959418E-02   1.1214945E+01   1.9040968E+00
   1.8975857E+00  -1.3301069E-02   1.1259824E+01   1.9048648E+00
   1.9008193E+00  -1.0912340E-02   1.1283161E+01   1.9063524E+00
   1.9045626E+00  -9.1399988E-03   1.1269703E+01   1.9077803E+00
   1.9078667E+00  -9.7860191E-03   1.1340407E+01   1.9085342E+00
   1.9111379E+00  -8.0296714E-03   1.1352628E+01   1.9094218E+00
   1.9144385E+00  -9.0359841E-03   1.1375419E+01   1.9106258E+00
   1.9177476E+00  -9.8339552E-03   1.1382542E+01   1.9112635E+00
   1.9206324E+00  -9.0137301E-03   1.1386125E+01   1.9119579E+00
   1.9237444E+00  -9.2008915E-03   1.1395995E+01   1.9126785E+00
   1.9272616E+00  -4.6594311E-03   1.1410043E+01   1.9130696E+00
   1.9313331E+00  -7.6439134E-03   1.1425138E+01   1.9133570E+00
   1.9339199E+00  -4.9989275E-03   1.1463030E+01   1.9142915E+00
   1.9375335E+00  -6.3508279E-03   1.1440664E+01   1.9154111E+00
   1.9402539E+00  -7.5324113E-03   1.1382776E+01   1.9157104E+00
   1.9439209E+00  -4.6320725E-03   1.1465627E+01   1.9162215E+00
   1.9481659E+00  -4.8187515E-03   1.1410448E+01   1.9167340E+00
   1.9513156E+00  -3.3927520E-03   1.1392517E+01   1.9169667E+00
   1.9541810E+00  -2.6216956E-03   1.1428490E+01   1.9185231E+00
   1.9576637E+00  -3.1427552E-03   1.1466313E+01   1.9159758E+00
   1.9607600E+00  -6.2928949E-03   1.1441278E+01   1.9155132E+00
   1.9643445E+00  -2.4599535E-03   1.1307182E+01   1.9183480E+00
   1.9670427E+00  -1.3187296E-03   1.1279492E+01   1.9194510E+00
   1.9713070E+00   9.9785707E-04   1.1282979E+01   1.9212240E+00
   1.9741493E+00  -1.6094767E-03   1.1257704E+01   1.9220637E+00
   1.9782692E+00   9.6902277E-06   1.1251062E+01   1.9231317E+00
   1.9809337E+00  -9.2315301E-04   1.1195683E+01   1.9235004E+00
   1.9848607E+00   1.7030240E-04   1.1155795E+01   1.9235315E+00
   1.9881246E+00   3.0710227E-03   1.1136076E+01   1.9236298E+00
   1.9905816E+00   9.1917347E-04   1.1007098E+01   1.9236864E+00
   1.9942838E+00   3.6882702E-03   1.0975710E+01   1.9238528E+00
   1.9978660E+00   3.3358061E-03   1.0920521E+01   1.9239476E+00
   2.0013673E+00   1.0888141E-03   1.0827638E+01   1.9245460E+00
   2.0048118E+00   3.2782936E-03   1.0784332E+01   1.9246918E+00
   2.0082462E+00   4.1548354E-03   1.0699769E+01   1.9247060E+00
   2.0104971E+00   3.3892326E-03   1.0626621E+01   1.9248893E+00
   2.0148242E+00   3.8730861E-03   1.0524061E+01   1.9251295E+00
   2.0179818E+00   3.2363713E-03   1.0451088E+01   1.9254562E+00
   2.0210714E+00   5.0373790E-03   1.0288054E+01   1.9266015E+00
   2.0241320E+00   4.9400413E-03   1.0229152E+01   1.9272404E+00
   2.0281818E+00   5.7166275E-03   1.0163666E+01   1.9276266E+00
   2.0312061E+00   2.9514264E-03   1.0046909E+01   1.9282144E+00
   2.0341749E+00   3.6121851E-03   9.8880930E+00   1.9293723E+00
   2.0380330E+00   5.2830200E-03   9.7538004E+00   1.9300795E+00
   2.0408535E+00   6.0342979E-03   9.6770630E+00   1.9303638E+00
   2.0445595E+00   5.2957265E-03   9.5565195E+00   1.9305316E+00
   2.0473289E+00   5.6945737E-03   9.4558058E+00   1.9305942E+00
   2.0510159E+00   6.8933424E-03   9.2546425E+00   1.9308186E+00
   2.0546954E+00   9.0785101E-03   9.1534061E+00   1.9308597E+00
   2.0574510E+00   8.1068939E-03   9.0554399E+00   1.9308174E+00
   2.0611231E+00   1.6359005E-03   8.8543205E+00   1.9307681E+00
   2.0647922E+00   5.8214683E-03   8.6643314E+00   1.9308964E+00
   2.0674746E+00   6.8831677E-03   8.5788975E+00   1.9309452E+00
   2.0709779E+00   1.0905546E-02   8.4171715E+00   1.9310815E+00
   2.0744126E+00   7.4023511E-03   8.2376518E+00   1.9314162E+00
   2.0777860E+00   7.9814196E-03   8.1242580E+00   1.9316232E+00
   2.0811274E+00   7.5790854E-03   7.9222999E+00   1.9319361E+00
   2.0844579E+00   9.6400874E-03   7.7466478E+00   1.9323487E+00
   2.0877776E+00   7.1205199E-03   7.5325441E+00   1.9329802E+00
   2.0910833E+00   8.4211491E-03   7.4360418E+00   1.9332117E+00
   2.0943780E+00   7.5980634E-03   7.2976656E+00   1.9332954E+00
   2.0976646E+00   5.4109348E-03   7.0931697E+00   1.9332323E+00
   2.1009426E+00   6.5189172E-03   6.8583851E+00   1.9330654E+00
   2.1042092E+00   6.6304212E-03   6.6742396E+00   1.9328206E+00
   2.1082697E+00   5.6246067E-03   6.4819469E+00   1.9323599E+00
   2.1114969E+00   5.9524956E-03   6.3296361E+00   1.9319260E+00
   2.1147051E+00   4.1139517E-03   6.1378274E+00   1.9314874E+00
   2.1182115E+00   2.3459971E-03   5.9006753E+00   1.9308983E+00
   2.1212118E+00   3.8889556E-03   5.6981173E+00   1.9304624E+00
   2.1243601E+00   1.0069276E-03   5.6089988E+00   1.9301614E+00
   2.1282666E+00   3.2096533E-03   5.3107905E+00   1.9297003E+00
   2.1313689E+00   1.8111006E-03   5.0806470E+00   1.9296210E+00
   2.1344509E+00  -2.1179018E-03   4.9653444E+00   1.9297564E+00
   2.1382773E+00   3.0977009E-03   4.7798009E+00   1.9298451E+00
   2.1413209E+00   6.5241422E-04   4.5984473E+00   1.9297222E+00
   2.1443536E+00   1.9784421E-03   4.4077387E+00   1.9295415E+00
   2.1481421E+00  -1.4054024E-04   4.1800923E+00   1.9292394E+00
   2.1511905E+00  -6.4883786E-03   3.9435015E+00   1.9287190E+00
   2.1550858E+00  -2.9251326E-03   3.7095263E+00   1.9281238E+00
   2.1583800E+00  -2.0445781E-03   3.5672765E+00   1.9276590E+00
   2.1616621E+00  -6.3106371E-03   3.4040661E+00   1.9270891E+00
   2.1649418E+00  -7.2563863E-03   3.1882124E+00   1.9264979E+00
   2.1682069E+00  -1.8943027E-02   2.9964190E+00   1.9259095E+00
   2.1714373E+00  -1.5083187E-02   2.7531593E+00   1.9250447E+00
   2.1746027E+00  -1.5072424E-02   2.6198108E+00   1.9244990E+00
   2.1777415E+00  -1.0895388E-02   2.4585080E+00   1.9239736E+00
   2.1817248E+00   5.1787766E-03   2.1890590E+00   1.9232687E+00
   2.1849701E+00  -2.8146010E-02   2.0208223E+00   1.9228928E+00
   2.1882451E+00  -1.5186892E-02   1.8162777E+00   1.9225851E+00
   2.1915305E+00  -2.5835706E-02   1.6450890E+00   1.9224129E+00
   2.1948090E+00   9.2673153E-03   1.3445607E+00   1.9219016E+00
   2.1980288E+00  -1.5739003E-02   1.2376046E+00   1.9216391E+00
   2.2012169E+00  -4.5601567E-03   1.0479187E+00   1.9216172E+00
   2.2044685E+00  -1.4575370E-02   9.3289644E-01   1.9212897E+00
   2.2077394E+00  -1.8601349E-02   7.7230489E-01   1.9208717E+00
   2.2118492E+00  -3.6285240E-02   5.2127373E-01   1.9203565E+00
   2.2150915E+00  -3.3669816E-03   1.2447771E-01   1.9185543E+00
   2.2182992E+00  -1.8613200E-03   7.7011585E-02   1.9180729E+00
   2.2214818E+00  -3.3080395E-02   3.2035567E-02   1.9183012E+00
   2.2247307E+00  -3.4990836E-02  -1.4101198E-01   1.9176407E+00
   2.2280273E+00  -2.1671405E-02  -3.6832413E-01   1.9165765E+00
   2.2312436E+00  -2.8098049E-02  -5.3807294E-01   1.9154445E+00
   2.2352364E+00  -7.0758676E-03  -7.1370965E-01   1.9148551E+00
   2.2384272E+00  -3.1239398E-02  -8.2127059E-01   1.9146144E+00
   2.2417231E+00  -1.9882070E-02  -9.9976462E-01   1.9140258E+00
   2.2450979E+00  -1.6356183E-02  -1.2727897E+00   1.9125117E+00
   2.2484086E+00  -5.6247236E-03  -1.3920617E+00   1.9118775E+00
   2.2516394E+00  -1.9287459E-03  -1.5158166E+00   1.9123302E+00
   2.2548101E+00  -2.5608877E-02  -1.7035877E+00   1.9120331E+00
   2.2580950E+00  -2.9326865E-02  -1.8960418E+00   1.9110748E+00
   2.2615089E+00  -3.3510100E-02  -1.9917198E+00   1.9106734E+00
   2.2649362E+00   1.0958553E-03  -2.1411877E+00   1.9094124E+00
   2.2683301E+00   2.0135343E-03  -2.3039665E+00   1.9087108E+00
   2.2718229E+00  -4.9190670E-03  -2.4153330E+00   1.9074699E+00
   2.2745676E+00  -5.2650016E-02  -2.6972148E+00   1.9062145E+00
   2.2783065E+00   7.2387727E-03  -2.6779187E+00   1.9050945E+00
   2.2813256E+00  -2.9292945E-02  -3.0180438E+00   1.9038155E+00
   2.2848835E+00  -2.8372731E-02  -2.9380300E+00   1.9026673E+00
   2.2885792E+00  -9.1362521E-03  -3.2538950E+00   1.9015827E+00
   2.2918103E+00  -4.1890278E-02  -3.2665620E+00   1.9000659E+00
   2.2948241E+00  -2.0041129E-02  -3.5218058E+00   1.8990982E+00
   2.2984822E+00  -6.9450350E-03  -3.7193124E+00   1.8987410E+00
   2.3014259E+00  -5.0856430E-02  -3.7163374E+00   1.8983365E+00
   2.3051434E+00  -7.7482201E-02  -3.7746830E+00   1.8965328E+00
   2.3079393E+00  -5.7478894E-02  -4.0355506E+00   1.8954084E+00
   2.3115382E+00   5.2927155E-02  -4.3231077E+00   1.8946958E+00
   2.3153460E+00  -3.4926578E-02  -4.2746196E+00   1.8938116E+00
   2.3182154E+00   5.6585055E-02  -4.3628435E+00   1.8926191E+00
   2.3220267E+00  -1.4700879E-01  -4.6242175E+00   1.8896540E+00
   2.3249776E+00  -3.6037095E-02  -4.9888854E+00   1.8891367E+00
   2.3283195E+00  -4.8183717E-02  -4.9415331E+00   1.8876411E+00
   2.3315108E+00  -6.7951500E-02  -5.1283302E+00   1.8865753E+00
   2.3346877E+00  -1.3208631E-01  -4.9673533E+00   1.8847861E+00
   2.3385043E+00   5.4692574E-02  -5.4428272E+00   1.8831810E+00
   2.3421943E+00  -5.2428480E-02  -5.3980861E+00   1.8828260E+00
   2.3450527E+00  -6.0299490E-02  -5.5570498E+00   1.8824277E+00
   2.3480885E+00  -4.1771773E-03  -5.7318978E+00   1.8814979E+00
   2.3518214E+00  -4.2402517E-02  -5.8502011E+00   1.8796647E+00
   2.3548357E+00   7.5635016E-03  -5.9377122E+00   1.8774462E+00
   2.3582194E+00  -4.0354807E-02  -6.1122408E+00   1.8769759E+00
   2.3617005E+00  -6.8900526E-02  -6.0635300E+00   1.8763909E+00
   2.3651850E+00  -4.6883103E-02  -6.2410202E+00   1.8734934E+00
   2.3685672E+00  -2.3636105E-02  -6.5061021E+00   1.8729219E+00
   2.3719344E+00  -4.6616510E-02  -6.5520353E+00   1.8714516E+00
   2.3748846E+00  -9.7744361E-02  -6.6054649E+00   1.8689795E+00
   2.3787501E+00   7.4323505E-02  -7.0666618E+00   1.8684196E+00
   2.3819149E+00  -1.0268013E-03  -6.9347048E+00   1.8687748E+00
   2.3856280E+00  -6.4997211E-02  -7.0887437E+00   1.8669167E+00
   2.3884764E+00  -1.8966174E-02  -7.2391405E+00   1.8651129E+00
   2.3922231E+00  -5.9946727E-02  -7.3183427E+00   1.8639050E+00
   2.3950782E+00  -1.9534230E-02  -7.4249206E+00   1.8628265E+00
   2.3985550E+00  -3.8461592E-02  -7.4329610E+00   1.8616019E+00
   2.4018240E+00  -8.9773238E-02  -7.6956830E+00   1.8602164E+00
   2.4054000E+00  -1.0652576E-01  -7.6647859E+00   1.8591902E+00
   2.4081361E+00  -4.3349184E-02  -7.6936092E+00   1.8582996E+00
   2.4119186E+00  -7.6780315E-03  -8.2720270E+00   1.8557457E+00
   2.4155638E+00  -6.6836432E-02  -8.0756502E+00   1.8556013E+00
   2.4184175E+00  -1.4729504E-02  -8.1593523E+00   1.8549807E+00
   2.4219933E+00  -1.0682690E-01  -8.1585732E+00   1.8521703E+00
   2.4257400E+00  -6.7615651E-02  -8.4546328E+00   1.8504387E+00
   2.4285166E+00   3.8992651E-02  -8.5299959E+00   1.8495206E+00
   2.4321251E+00  -8.9488260E-02  -8.4797068E+00   1.8484790E+00
   2.4349487E+00   1.8767193E-02  -8.7010775E+00   1.8480546E+00
   2.4385388E+00  -4.5029812E-02  -8.6504717E+00   1.8465484E+00
   2.4422872E+00   7.9328798E-05  -8.8738642E+00   1.8442103E+00
   2.4450877E+00   2.0744223E-02  -8.9212742E+00   1.8427968E+00
   2.4487138E+00  -2.3822604E-02  -8.9393692E+00   1.8419157E+00
   2.4515417E+00  -8.6165339E-02  -9.0939941E+00   1.8409177E+00
   2.4551845E+00  -3.5814080E-02  -9.1355762E+00   1.8392267E+00
   2.4588292E+00   2.0207062E-02  -9.1767445E+00   1.8378787E+00
   2.4622154E+00  -1.1258584E-01  -9.2460175E+00   1.8357421E+00
   2.4656100E+00  -5.6166253E-03  -9.3047924E+00   1.8342328E+00
   2.4683089E+00   3.4799583E-02  -9.4299793E+00   1.8331316E+00
   2.4719114E+00   1.2173239E-02  -9.4431820E+00   1.8319135E+00
   2.4753356E+00  -1.9068249E-02  -9.4820862E+00   1.8300780E+00
   2.4788418E+00  -4.3171845E-02  -9.5745821E+00   1.8277761E+00
   2.4823055E+00  -1.8786862E-02  -9.6050434E+00   1.8265021E+00
   2.4855847E+00  -1.8286522E-02  -9.5935307E+00   1.8259931E+00
   2.4890742E+00   3.4028310E-02  -9.7271414E+00   1.8242499E+00
   2.4916794E+00  -2.2588640E-03  -9.7046556E+00   1.8214818E+00
   2.4957504E+00   2.0326869E-04  -9.7242994E+00   1.8202465E+00
   2.4991674E+00  -4.4420226E-03  -9.7576361E+00   1.8194183E+00
   2.5017512E+00  -3.6107502E-03  -9.7532234E+00   1.8179855E+00
   2.5057921E+00  -2.0790286E-02  -9.7739992E+00   1.8167906E+00
   2.5090771E+00   2.0475686E-02  -9.7691965E+00   1.8149452E+00
   2.5123727E+00  -2.3397814E-02  -9.8226566E+00   1.8134100E+00
   2.5156591E+00  -3.9298695E-02  -9.8257065E+00   1.8122575E+00
   2.5190787E+00  -1.9789847E-02  -9.7943001E+00   1.8105757E+00
   2.5224741E+00   5.3538635E-02  -9.8450241E+00   1.8096298E+00
   2.5259099E+00  -2.4445173E-03  -9.8409786E+00   1.8072863E+00
   2.5291836E+00  -2.9888600E-02  -9.8165617E+00   1.8063474E+00
   2.5323966E+00  -3.1060962E-02  -9.7359371E+00   1.8046830E+00
   2.5358405E+00   1.0405841E-02  -9.8102503E+00   1.8040117E+00
   2.5391507E+00  -5.0637880E-03  -9.7742043E+00   1.8036433E+00
   2.5423055E+00  -1.2426056E-02  -9.6874933E+00   1.8014672E+00
   2.5455844E+00  -7.5574876E-03  -9.6621656E+00   1.7988006E+00
   2.5490372E+00  -6.7881150E-03  -9.6998758E+00   1.7985710E+00
   2.5524366E+00   1.4568934E-02  -9.6022301E+00   1.7982646E+00
   2.5557103E+00  -2.6680944E-02  -9.5254793E+00   1.7962981E+00
   2.5589743E+00   5.3906492E-03  -9.5412865E+00   1.7950585E+00
   2.5623436E+00   2.5163038E-02  -9.4774294E+00   1.7935947E+00
   2.5659506E+00   4.0262351E-03  -9.4965916E+00   1.7924045E+00
   2.5685489E+00  -8.5266065E-03  -9.4741488E+00   1.7915863E+00
   2.5718720E+00  -1.9417377E-02  -9.3303890E+00   1.7901483E+00
   2.5752623E+00  -1.6362863E-02  -9.2495756E+00   1.7891707E+00
   2.5788078E+00   3.9321627E-03  -9.3467522E+00   1.7885584E+00
   2.5822847E+00   5.0632795E-03  -9.1803637E+00   1.7871825E+00
   2.5856185E+00   5.8746417E-03  -9.0329075E+00   1.7850143E+00
   2.5889752E+00  -8.0178557E-03  -9.0448341E+00   1.7837542E+00
   2.5923848E+00  -5.8758515E-03  -8.9465189E+00   1.7835257E+00
   2.5957470E+00  -1.4603727E-02  -8.8952065E+00   1.7831903E+00
   2.5991631E+00  -5.8328528E-03  -8.7920170E+00   1.7814432E+00
   2.6026175E+00  -8.8006835E-03  -8.7425976E+00   1.7808720E+00
   2.6060388E+00  -3.0521618E-03  -8.5810261E+00   1.7791137E+00
   2.6086059E+00  -3.6504329E-03  -8.5625820E+00   1.7783033E+00
   2.6119883E+00  -1.9165414E-04  -8.5049639E+00   1.7776557E+00
   2.6153569E+00  -6.9232313E-03  -8.3557930E+00   1.7768425E+00
   2.6187129E+00  -2.1367676E-03  -8.2723579E+00   1.7750520E+00
   2.6220632E+00  -2.1642097E-03  -8.2287798E+00   1.7740316E+00
   2.6254127E+00  -4.4860980E-03  -8.1719580E+00   1.7730647E+00
   2.6287656E+00   4.9554128E-02  -7.9889851E+00   1.7719201E+00
   2.6321239E+00   5.1315171E-03  -7.9679260E+00   1.7711259E+00
   2.6354885E+00  -2.3030672E-02  -7.8455968E+00   1.7695661E+00
   2.6388590E+00   5.6969050E-02  -7.7607989E+00   1.7683960E+00
   2.6421652E+00  -2.1871788E-02  -7.6433859E+00   1.7677741E+00
   2.6454349E+00  -7.8762276E-03  -7.5271988E+00   1.7669450E+00
   2.6487715E+00  -8.7179430E-03  -7.5187182E+00   1.7659466E+00
   2.6526794E+00  -7.9613375E-03  -7.3013334E+00   1.7639860E+00
   2.6558552E+00  -2.5142413E-03  -7.1666179E+00   1.7625881E+00
   2.6590626E+00  -2.7260957E-03  -7.1424766E+00   1.7615751E+00
   2.6622648E+00   6.9407152E-04  -7.0538898E+00   1.7615371E+00
   2.6657372E+00  -6.0569649E-03  -6.9518113E+00   1.7615008E+00
   2.6692233E+00   6.7894108E-04  -6.8165455E+00   1.7598723E+00
   2.6726868E+00   2.3474502E-03  -6.7332840E+00   1.7583553E+00
   2.6760695E+00  -9.3926437E-04  -6.6498880E+00   1.7569997E+00
   2.6794434E+00   2.5584768E-03  -6.5366979E+00   1.7562852E+00
   2.6828310E+00   6.4847100E-04  -6.4011507E+00   1.7559383E+00
   2.6861584E+00   4.6937686E-04  -6.3435335E+00   1.7551413E+00
   2.6894813E+00  -6.4417887E-05  -6.2750010E+00   1.7537460E+00
   2.6929319E+00   8.3337929E-03  -6.1153975E+00   1.7530352E+00
   2.6955113E+00   1.0069435E-02  -6.0367417E+00   1.7526371E+00
   2.6995592E+00   2.2011906E-02  -5.9625793E+00   1.7518177E+00
   2.7027752E+00   4.5708106E-03  -5.9027376E+00   1.7508500E+00
   2.7061446E+00   5.8863231E-04  -5.7323241E+00   1.7500321E+00
   2.7093570E+00   3.8548410E-02  -5.6494288E+00   1.7492812E+00
   2.7126281E+00   9.5685469E-03  -5.5783873E+00   1.7484174E+00
   2.7159567E+00   5.2738087E-03  -5.4983687E+00   1.7477331E+00
   2.7191913E+00   1.0443814E-03  -5.4329128E+00   1.7471694E+00
   2.7224641E+00   2.5138445E-04  -5.3642826E+00   1.7467053E+00
   2.7257929E+00   2.2122324E-03  -5.2516856E+00   1.7461171E+00
   2.7291157E+00   4.0786909E-03  -5.1655178E+00   1.7451874E+00
   2.7323451E+00   5.2095475E-03  -5.1290183E+00   1.7444278E+00
   2.7355862E+00   1.4775949E-02  -5.0670199E+00   1.7438517E+00
   2.7395897E+00   8.8058338E-03  -4.9241796E+00   1.7432889E+00
   2.7427602E+00   5.5385800E-03  -4.8742747E+00   1.7426972E+00
   2.7459137E+00   8.0586588E-03  -4.8413472E+00   1.7421255E+00
   2.7495351E+00   1.7742651E-02  -4.7366176E+00   1.7413646E+00
   2.7522972E+00   1.5837289E-02  -4.7031598E+00   1.7411543E+00
   2.7561166E+00   6.7468295E-03  -4.7044125E+00   1.7412254E+00
   2.7593422E+00   1.2061031E-02  -4.5995507E+00   1.7409809E+00
   2.7625964E+00   1.2386010E-02  -4.5081530E+00   1.7400054E+00
   2.7658029E+00   7.0635793E-03  -4.4517531E+00   1.7388860E+00
   2.7697401E+00   1.6142393E-02  -4.4166923E+00   1.7383026E+00
   2.7729125E+00   2.0052209E-02  -4.3880024E+00   1.7383877E+00
   2.7760704E+00   2.7097918E-02  -4.3543663E+00   1.7384610E+00
   2.7792618E+00   1.2574169E-02  -4.3068857E+00   1.7380936E+00
   2.7824702E+00   1.3802497E-02  -4.2243919E+00   1.7373224E+00
   2.7856905E+00   2.0007877E-02  -4.1789880E+00   1.7366115E+00
   2.7892303E+00   1.8359944E-02  -4.1490865E+00   1.7360514E+00
   2.7930014E+00   1.8492742E-02  -4.1011200E+00   1.7360011E+00
   2.7961032E+00   1.4707431E-02  -4.0731840E+00   1.7359600E+00
   2.7991450E+00   1.8613208E-02  -4.0260324E+00   1.7356004E+00
   2.8030686E+00   1.6130207E-02  -3.9923718E+00   1.7348877E+00
   2.8062570E+00   1.6964585E-02  -3.9326911E+00   1.7342461E+00
   2.8094072E+00   2.0605940E-02  -3.8523481E+00   1.7336398E+00
   2.8125257E+00   2.0024687E-02  -3.8263741E+00   1.7331607E+00
   2.8164876E+00   2.4906993E-02  -3.7938962E+00   1.7328510E+00
   2.8196545E+00   1.9389870E-02  -3.7644045E+00   1.7326530E+00
   2.8228202E+00   2.1687608E-02  -3.6787980E+00   1.7321140E+00
   2.8259666E+00   2.0941796E-02  -3.6534307E+00   1.7315316E+00
   2.8298459E+00   2.0404004E-02  -3.6499214E+00   1.7311002E+00
   2.8330026E+00   2.1910662E-02  -3.5541124E+00   1.7308621E+00
   2.8361292E+00   2.1470651E-02  -3.5665705E+00   1.7306387E+00
   2.8392920E+00   1.5157803E-02  -3.4313676E+00   1.7302874E+00
   2.8431816E+00   1.6043289E-02  -3.4211080E+00   1.7299050E+00
   2.8462963E+00   1.6716555E-02  -3.3909640E+00   1.7296247E+00
   2.8494413E+00   1.2296557E-02  -3.3555267E+00   1.7294836E+00
   2.8525853E+00   1.5128471E-02  -3.2851465E+00   1.7291764E+00
   2.8565273E+00   1.9091111E-02  -3.2342911E+00   1.7287620E+00
   2.8596735E+00   1.4564145E-02  -3.1971521E+00   1.7285136E+00
   2.8627987E+00   2.2168450E-02  -3.1562879E+00   1.7282655E+00
   2.8659263E+00   8.4721027E-03  -3.1054933E+00   1.7280138E+00
   2.8698421E+00   1.1567009E-02  -3.0498519E+00   1.7276115E+00
   2.8729897E+00   1.9362373E-02  -3.0103548E+00   1.7273990E+00
   2.8761363E+00   2.1893820E-02  -2.9592116E+00   1.7272419E+00
   2.8792834E+00   2.1108160E-02  -2.9028652E+00   1.7270788E+00
   2.8832142E+00   2.4663310E-02  -2.8415809E+00   1.7269400E+00
   2.8863513E+00   1.5604839E-02  -2.7884414E+00   1.7268913E+00
   2.8894887E+00   1.9114103E-02  -2.7467918E+00   1.7268522E+00
   2.8926311E+00   2.0079428E-02  -2.7016497E+00   1.7268435E+00
   2.8965571E+00   2.2728622E-02  -2.6186447E+00   1.7268115E+00
   2.8996985E+00   1.9539710E-02  -2.5575695E+00   1.7268233E+00
   2.9028399E+00   1.9121956E-02  -2.5128462E+00   1.7268339E+00
   2.9059842E+00   2.0258015E-02  -2.4505064E+00   1.7268800E+00
   2.9099188E+00   1.9868936E-02  -2.3889837E+00   1.7268947E+00
   2.9130666E+00   2.0352947E-02  -2.3401847E+00   1.7269008E+00
   2.9162107E+00   2.4450075E-02  -2.2761247E+00   1.7268153E+00
   2.9193501E+00   1.5119070E-02  -2.2073927E+00   1.7268081E+00
   2.9232755E+00   1.5365602E-02  -2.1451824E+00   1.7267606E+00
   2.9264078E+00   1.6556839E-02  -2.0999279E+00   1.7267988E+00
   2.9294689E+00   1.6958302E-02  -2.0222173E+00   1.7269267E+00
   2.9332907E+00   1.2806359E-02  -1.9566596E+00   1.7270249E+00
   2.9363492E+00   1.4344239E-02  -1.9164826E+00   1.7270683E+00
   2.9394205E+00   1.4883812E-02  -1.8500483E+00   1.7272230E+00
   2.9432814E+00   1.4959943E-02  -1.7131627E+00   1.7274575E+00
   2.9463511E+00   1.4158004E-02  -1.6990541E+00   1.7275884E+00
   2.9494512E+00   1.1244094E-02  -1.6778225E+00   1.7276856E+00
   2.9532664E+00   1.3755591E-02  -1.5667003E+00   1.7279873E+00
   2.9563060E+00   1.1607456E-02  -1.5247190E+00   1.7282426E+00
   2.9601314E+00   1.4749391E-02  -1.4249190E+00   1.7283093E+00
   2.9632120E+00   1.3820623E-02  -1.3668540E+00   1.7283551E+00
   2.9662921E+00   1.4846382E-02  -1.3004698E+00   1.7285243E+00
   2.9701374E+00   1.5775643E-02  -1.2182355E+00   1.7286640E+00
   2.9731991E+00   1.6639700E-02  -1.1555735E+00   1.7286328E+00
   2.9762423E+00   1.5362301E-02  -1.0788960E+00   1.7285787E+00
   2.9798169E+00   1.3139695E-02  -1.0365906E+00   1.7286000E+00
   2.9828184E+00   2.0522749E-02  -9.7098023E-01   1.7286501E+00
   2.9864810E+00   1.6433088E-02  -8.7654096E-01   1.7287474E+00
   2.9901848E+00   2.0576311E-02  -7.8134006E-01   1.7289125E+00
   2.9932086E+00   1.8222487E-02  -7.4158067E-01   1.7289544E+00
   2.9962461E+00   2.0032642E-02  -6.6747957E-01   1.7291217E+00
   3.0000358E+00   1.8728245E-02  -5.9597576E-01   1.7293390E+00
   3.0030618E+00   1.8750332E-02  -5.3654343E-01   1.7294694E+00
   3.0068398E+00   1.8802313E-02  -4.5271355E-01   1.7296962E+00
   3.0098593E+00   1.7838661E-02  -4.0074959E-01   1.7298260E+00
   3.0128708E+00   1.2501906E-02  -3.3835098E-01   1.7299774E+00
   3.0164828E+00   1.3576202E-02  -2.3830566E-01   1.7304866E+00
   3.0197170E+00   1.9404147E-02  -1.6876015E-01   1.7305833E+00
   3.0231962E+00   1.6974922E-02  -1.3792601E-01   1.7304943E+00
   3.0267286E+00   1.3131519E-02  -5.9724614E-02   1.7306584E+00
   3.0301952E+00   1.6806327E-02   5.4732617E-02   1.7312062E+00
   3.0335934E+00   1.3783227E-02   1.1960654E-01   1.7314541E+00
   3.0369260E+00   4.2378092E-03   1.3431786E-01   1.7313350E+00
   3.0401740E+00   1.1860019E-02   1.7472057E-01   1.7313793E+00
   3.0433698E+00   7.9087382E-03   2.7224100E-01   1.7317588E+00
   3.0465269E+00   5.3839046E-03   3.6228248E-01   1.7322776E+00
   3.0496533E+00   7.2715031E-03   4.2786226E-01   1.7325331E+00
   3.0535233E+00   7.4950908E-03   4.7762474E-01   1.7328335E+00
   3.0565693E+00   6.9100419E-03   5.0720280E-01   1.7331501E+00
   3.0603628E+00   1.0528652E-02   6.6467416E-01   1.7341707E+00
   3.0633879E+00   1.2070212E-02   7.1896368E-01   1.7345659E+00
   3.0669730E+00   6.7297765E-03   6.8786526E-01   1.7346711E+00
   3.0699446E+00   6.9123250E-03   7.2943604E-01   1.7349416E+00
   3.0736325E+00   7.5210729E-03   8.8943100E-01   1.7357060E+00
   3.0765095E+00   6.6918731E-03   9.1906101E-01   1.7363724E+00
   3.0802047E+00   7.4688988E-03   1.0326101E+00   1.7371849E+00
   3.0832727E+00   7.3366691E-03   1.0278549E+00   1.7371306E+00
   3.0864797E+00   9.0088053E-03   1.0527948E+00   1.7371522E+00
   3.0897830E+00   8.1057940E-03   1.2021573E+00   1.7379826E+00
   3.0931349E+00   1.2888853E-02   1.2731862E+00   1.7388142E+00
   3.0965478E+00   8.1215398E-03   1.3167149E+00   1.7391845E+00
   3.1000404E+00   1.2090938E-02   1.3828502E+00   1.7399065E+00
   3.1036146E+00   9.0416651E-03   1.4689966E+00   1.7407600E+00
   3.1063411E+00   1.8302286E-02   1.5276502E+00   1.7412364E+00
   3.1100278E+00   1.0371103E-02   1.5617311E+00   1.7415857E+00
   3.1135447E+00   8.8158632E-03   1.6172396E+00   1.7421262E+00
   3.1166658E+00   1.1726200E-02   1.6987091E+00   1.7435451E+00
   3.1201210E+00   1.3461176E-02   1.7607638E+00   1.7442462E+00
   3.1239333E+00   1.0724939E-02   1.7883610E+00   1.7443700E+00
   3.1267648E+00   1.0707527E-02   1.8665928E+00   1.7452319E+00
   3.1305144E+00   1.0268805E-02   1.9365026E+00   1.7463518E+00
   3.1333165E+00   1.7684598E-02   1.9685063E+00   1.7466745E+00
   3.1370349E+00   1.4371116E-02   2.0110378E+00   1.7471673E+00
   3.1398087E+00   3.5915503E-03   2.0633361E+00   1.7474914E+00
   3.1434906E+00   1.0976664E-02   2.1515932E+00   1.7483139E+00
   3.1471608E+00   1.2721138E-02   2.2349858E+00   1.7493306E+00
   3.1499109E+00   1.0650521E-02   2.2962298E+00   1.7499359E+00
   3.1535804E+00   1.4286151E-02   2.3575900E+00   1.7507949E+00
   3.1572611E+00   1.8526854E-02   2.4009173E+00   1.7511388E+00
   3.1600351E+00   1.4097315E-02   2.4689839E+00   1.7514640E+00
   3.1637545E+00   1.6938144E-02   2.5164423E+00   1.7520052E+00
   3.1665606E+00   1.4735646E-02   2.6186268E+00   1.7532169E+00
   3.1703262E+00   2.2373289E-02   2.6798484E+00   1.7541828E+00
   3.1731658E+00   1.1158522E-02   2.7310700E+00   1.7545530E+00
   3.1769059E+00   1.6545527E-02   2.7925105E+00   1.7552052E+00
   3.1807106E+00   1.9203451E-02   2.8459826E+00   1.7557806E+00
   3.1835601E+00   9.2709912E-03   2.9453082E+00   1.7566454E+00
   3.1873498E+00   2.1888824E-02   3.0277326E+00   1.7576542E+00
   3.1901834E+00   1.7643144E-02   3.0380454E+00   1.7580359E+00
   3.1939490E+00   1.1473764E-02   3.1328161E+00   1.7588776E+00
   3.1967654E+00   1.0436545E-02   3.1724524E+00   1.7594007E+00
   3.2005148E+00   1.9062338E-02   3.2879348E+00   1.7606703E+00
   3.2033265E+00   1.5973959E-02   3.3200960E+00   1.7610185E+00
   3.2070839E+00   9.5597561E-03   3.3964736E+00   1.7615305E+00
   3.2099149E+00   1.9911021E-02   3.4325492E+00   1.7619835E+00
   3.2137163E+00   1.7579747E-02   3.5422206E+00   1.7631608E+00
   3.2165930E+00   2.5936831E-02   3.5921960E+00   1.7638324E+00
   3.2204676E+00   1.5011530E-02   3.6765790E+00   1.7647754E+00
   3.2233884E+00   8.3702542E-03   3.7726381E+00   1.7656547E+00
   3.2273393E+00   1.7054403E-02   3.8672349E+00   1.7668072E+00
   3.2303250E+00   8.2847439E-03   3.9262483E+00   1.7678975E+00
   3.2333226E+00   2.7331339E-02   4.0399652E+00   1.7687551E+00
   3.2373240E+00   9.7826160E-03   4.0854797E+00   1.7693717E+00
   3.2403169E+00   1.6074203E-02   4.1951947E+00   1.7701176E+00
   3.2432945E+00   1.2521756E-02   4.2538276E+00   1.7713954E+00
   3.2472317E+00   9.5800580E-03   4.3529797E+00   1.7723690E+00
   3.2501576E+00   2.6452816E-03   4.4085031E+00   1.7728167E+00
   3.2540281E+00   9.5417807E-03   4.5584173E+00   1.7752142E+00
   3.2569165E+00   1.2273966E-02   4.6268005E+00   1.7755779E+00
   3.2607660E+00   1.9880498E-02   4.7252045E+00   1.7760139E+00
   3.2636635E+00   1.2625676E-03   4.7986908E+00   1.7768859E+00
   3.2675548E+00   2.8031641E-03   4.9198780E+00   1.7784117E+00
   3.2704997E+00   8.4286155E-03   4.9983792E+00   1.7792306E+00
   3.2734678E+00   8.6478386E-03   5.0904374E+00   1.7807848E+00
   3.2774565E+00   5.3257481E-03   5.1980648E+00   1.7820133E+00
   3.2804637E+00   1.6352752E-02   5.2705202E+00   1.7830452E+00
   3.2834759E+00  -5.6663495E-03   5.3503947E+00   1.7835125E+00
   3.2874861E+00   5.3027077E-03   5.4339509E+00   1.7844880E+00
   3.2904816E+00   5.0321603E-03   5.5706611E+00   1.7861717E+00
   3.2934625E+00  -3.4330992E-03   5.6485553E+00   1.7871004E+00
   3.2974179E+00  -7.9130791E-03   5.7670708E+00   1.7885991E+00
   3.3003778E+00   1.4983137E-03   5.8752575E+00   1.7902489E+00
   3.3043323E+00   1.5139879E-03   5.9567509E+00   1.7910306E+00
   3.3073173E+00  -4.6861651E-03   6.0614371E+00   1.7917365E+00
   3.3103278E+00  -4.9905679E-03   6.1468520E+00   1.7929935E+00
   3.3133707E+00  -5.2914619E-03   6.2717280E+00   1.7942741E+00
   3.3174851E+00   5.1042265E-03   6.4003081E+00   1.7957491E+00
   3.3208451E+00  -5.4316656E-03   6.4735727E+00   1.7970062E+00
   3.3242111E+00  -9.3672257E-03   6.5546641E+00   1.7974614E+00
   3.3274577E+00  -1.6339369E-03   6.7169971E+00   1.7987740E+00
   3.3303437E+00  -9.3299383E-03   6.7555933E+00   1.7993730E+00
   3.3342981E+00  -3.0150861E-03   6.8750153E+00   1.8000360E+00
   3.3371911E+00  -7.8554787E-03   6.9570718E+00   1.8022459E+00
   3.3410332E+00  -3.7886922E-03   7.0919495E+00   1.8040282E+00
