  flscon:  version 23.2.0.01  win64 2022 
 FLOW-3D   17:38:25  03/07/2024 ntjb     
   hydr3d   version  23.2.0.20 win64     12/04/2023 HYDRO    
 Simulation Template: Free Surface - TruVOF (Default)                            

Mesh Block   1
 Block 1: printing hyel         i=32   j=403  k=48 
       1      101      0.000E+00      3.341E+00       32       32      403      403       48       48
   time              hyel_-1
   0.0000000E+00   4.2796427E-01
   3.2816004E-02   4.3448055E-01
   6.6121787E-02   4.4196257E-01
   1.0037280E-01   4.5067590E-01
   1.3368343E-01   4.6018273E-01
   1.6755219E-01   4.7046253E-01
   2.0081544E-01   4.8092270E-01
   2.3481371E-01   4.9191427E-01
   2.6654530E-01   5.0209123E-01
   3.0005524E-01   5.1090139E-01
   3.3428809E-01   5.1854259E-01
   3.6709118E-01   5.2359474E-01
   4.0076455E-01   5.2638543E-01
   4.3455914E-01   5.2642590E-01
   4.6733311E-01   5.2446151E-01
   5.0094581E-01   5.1831764E-01
   5.3483826E-01   5.1113844E-01
   5.6814063E-01   5.0149918E-01
   6.0109687E-01   4.9041921E-01
   6.3428521E-01   4.7796670E-01
   6.6801101E-01   4.6419472E-01
   7.0142651E-01   4.5021728E-01
   7.3489183E-01   4.3671826E-01
   7.6805657E-01   4.2452174E-01
   8.0191177E-01   4.1383940E-01
   8.3528960E-01   4.0538245E-01
   8.6843264E-01   3.9907232E-01
   9.0188986E-01   3.9484972E-01
   9.3505669E-01   3.9250648E-01
   9.6867675E-01   3.9165467E-01
   1.0025039E+00   3.9221147E-01
   1.0358391E+00   3.9465338E-01
   1.0690267E+00   3.9751691E-01
   1.1025950E+00   3.9568385E-01
   1.1355007E+00   3.9284769E-01
   1.1688174E+00   3.8962093E-01
   1.2024839E+00   3.8747036E-01
   1.2358356E+00   3.8729793E-01
   1.2690461E+00   3.8883910E-01
   1.3025961E+00   3.9092568E-01
   1.3360854E+00   3.9398074E-01
   1.3697795E+00   3.9707074E-01
   1.4033722E+00   4.0050513E-01
   1.4363703E+00   4.0456778E-01
   1.4696969E+00   4.0861616E-01
   1.5035172E+00   4.1210705E-01
   1.5368317E+00   4.1477537E-01
   1.5701455E+00   4.1730791E-01
   1.6036717E+00   4.2040747E-01
   1.6367669E+00   4.2413643E-01
   1.6706260E+00   4.2899242E-01
   1.7033149E+00   4.3540359E-01
   1.7367235E+00   4.4366440E-01
   1.7709054E+00   4.5323831E-01
   1.8037281E+00   4.6356779E-01
   1.8377299E+00   4.7561464E-01
   1.8710529E+00   4.8778975E-01
   1.9038336E+00   4.9913040E-01
   1.9371589E+00   5.0903445E-01
   1.9710253E+00   5.1682651E-01
   2.0039117E+00   5.2236515E-01
   2.0373766E+00   5.2563232E-01
   2.0711136E+00   5.2614063E-01
   2.1045527E+00   5.2419502E-01
   2.1378140E+00   5.1982391E-01
   2.1715033E+00   5.1330554E-01
   2.2050090E+00   5.0490481E-01
   2.2380390E+00   4.9529296E-01
   2.2714748E+00   4.8466477E-01
   2.3052797E+00   4.7332084E-01
   2.3385572E+00   4.6158391E-01
   2.3719716E+00   4.4915447E-01
   2.4051220E+00   4.3643579E-01
   2.4383640E+00   4.2406026E-01
   2.4721906E+00   4.1259277E-01
   2.5051391E+00   4.0304986E-01
   2.5390818E+00   3.9518034E-01
   2.5725236E+00   3.8944912E-01
   2.6055243E+00   3.8593993E-01
   2.6393955E+00   3.8411608E-01
   2.6723332E+00   3.8375324E-01
   2.7055964E+00   3.8468468E-01
   2.7391610E+00   3.8742754E-01
   2.7728350E+00   3.8964871E-01
   2.8059049E+00   3.9024010E-01
   2.8397443E+00   3.8551468E-01
   2.8732100E+00   3.8121864E-01
   2.9065962E+00   3.7856856E-01
   2.9399252E+00   3.7779030E-01
   2.9731607E+00   3.7898272E-01
   3.0067616E+00   3.8130867E-01
   3.0400124E+00   3.8446367E-01
   3.0732136E+00   3.8754368E-01
   3.1065605E+00   3.9093348E-01
   3.1404643E+00   3.9515370E-01
   3.1732354E+00   3.9891696E-01
   3.2071857E+00   4.0191209E-01
   3.2404952E+00   4.0444168E-01
   3.2741957E+00   4.0694773E-01
   3.3075187E+00   4.0950960E-01
   3.3413851E+00   4.1280475E-01
