  flscon:  version 23.2.0.01  win64 2022 
 FLOW-3D   17:38:25  03/07/2024 ntjb     
   hydr3d   version  23.2.0.20 win64     12/04/2023 HYDRO    
 Simulation Template: Free Surface - TruVOF (Default)                            

Mesh Block   1
 printing pfxob, pfyob, pfzob       
       1     1001      0.000E+00      3.341E+00
   time              pfxob_1         pfyob_1         pfzob_1
   0.0000000E+00   7.9874875E-04   7.1220970E+00   1.8197242E+00
   2.9011727E-03   1.8837722E-02  -1.7559659E+02  -3.8521504E-01
   6.0757077E-03  -1.6406582E-03   7.5013070E+00   1.8769602E+00
   1.0707486E-02  -1.0176185E-03   7.3258433E+00   1.8188090E+00
   1.3862119E-02   5.5579387E-04   7.3298655E+00   1.8187912E+00
   1.7340101E-02  -2.0834607E-04   7.3857203E+00   1.8248318E+00
   1.9210577E-02  -9.6866814E-04   7.3780055E+00   1.8270394E+00
   2.3040377E-02  -2.6792058E-04   7.3840594E+00   1.8632411E+00
   2.6860602E-02   3.8497511E-04   7.4107099E+00   1.8525982E+00
   3.0866696E-02   2.1862597E-03   7.5588574E+00   1.8318009E+00
   3.2816004E-02   2.9730410E-03   7.5494466E+00   1.8311229E+00
   3.7011884E-02   5.8960676E-04   7.5417027E+00   1.8302057E+00
   3.9268449E-02  -1.8471674E-03   7.6300988E+00   1.8383796E+00
   4.3663114E-02   1.5752695E-03   7.6694694E+00   1.8544725E+00
   4.5801491E-02   6.4080802E-04   7.6717486E+00   1.8544806E+00
   5.0404351E-02  -1.4469172E-03   7.7585621E+00   1.8544576E+00
   5.2879792E-02  -2.3369929E-03   7.8325086E+00   1.8543397E+00
   5.7948254E-02  -5.8479613E-04   7.9179187E+00   1.8477682E+00
   6.0540970E-02   4.1040215E-03   7.9770451E+00   1.8482592E+00
   6.3263319E-02   1.1727728E-04   8.0325642E+00   1.8494416E+00
   6.6121787E-02   8.6229102E-04   8.0779858E+00   1.8511468E+00
   6.9123179E-02   5.8585504E-04   8.1376238E+00   1.8532112E+00
   7.2082214E-02   5.7650096E-04   8.2035952E+00   1.8555610E+00
   7.7772506E-02  -2.4267253E-03   8.3387432E+00   1.8601445E+00
   8.0594681E-02   7.4615993E-04   8.4119358E+00   1.8619080E+00
   8.3485246E-02   6.9255452E-04   8.4849367E+00   1.8633586E+00
   8.6340524E-02  -1.1566441E-03   8.5639086E+00   1.8645706E+00
   8.9132778E-02  -2.2848041E-03   8.6484299E+00   1.8656032E+00
   9.4814889E-02  -9.3427993E-04   8.8130016E+00   1.8673643E+00
   9.7535774E-02   1.3982578E-03   8.8953590E+00   1.8683051E+00
   1.0037280E-01  -3.6666321E-03   8.9720402E+00   1.8693382E+00
   1.0300800E-01   2.3240356E-03   9.0627613E+00   1.8705810E+00
   1.0570595E-01   2.1651713E-04   9.1277428E+00   1.8719196E+00
   1.1090767E-01  -1.0661841E-03   9.2907953E+00   1.8748033E+00
   1.1351153E-01  -1.7078478E-03   9.3666573E+00   1.8762230E+00
   1.1623271E-01   2.6320852E-03   9.4570885E+00   1.8775979E+00
   1.2140469E-01  -3.7041549E-03   9.6113300E+00   1.8802186E+00
   1.2394375E-01   1.0813157E-03   9.7060471E+00   1.8813828E+00
   1.2630871E-01   2.2343444E-03   9.7576275E+00   1.8814881E+00
   1.3129213E-01  -4.1269553E-03   9.9316692E+00   1.8848512E+00
   1.3368343E-01   5.0766142E-03   1.0003839E+01   1.8854550E+00
   1.3605307E-01   2.7254939E-03   1.0058641E+01   1.8854893E+00
   1.4061432E-01  -5.0040376E-03   1.0216372E+01   1.8885411E+00
   1.4292173E-01   5.1832008E-03   1.0281857E+01   1.8891679E+00
   1.4778322E-01   4.3052160E-03   1.0432585E+01   1.8909510E+00
   1.5037201E-01  -3.3790839E-03   1.0500911E+01   1.8920084E+00
   1.5300104E-01   2.3332755E-03   1.0590176E+01   1.8930880E+00
   1.5788813E-01   2.8437030E-04   1.0746244E+01   1.8952299E+00
   1.6025671E-01  -3.5105562E-03   1.0808302E+01   1.8960372E+00
   1.6274373E-01   7.7676238E-03   1.0879010E+01   1.8967682E+00
   1.6755219E-01  -2.7331719E-03   1.1014112E+01   1.8983246E+00
   1.7010219E-01   4.8768227E-03   1.1056237E+01   1.8983544E+00
   1.7277972E-01   6.5307762E-04   1.1145826E+01   1.9001337E+00
   1.7807677E-01   3.5644136E-03   1.1274564E+01   1.9017005E+00
   1.8078916E-01  -4.2053516E-04   1.1343879E+01   1.9022497E+00
   1.8344079E-01   3.1407765E-04   1.1412098E+01   1.9029808E+00
   1.8838264E-01   1.1348465E-02   1.1520000E+01   1.9044559E+00
   1.9083984E-01   4.7839904E-04   1.1574183E+01   1.9051094E+00
   1.9317499E-01   1.6509618E-03   1.1608158E+01   1.9057814E+00
   1.9816989E-01   5.0696000E-03   1.1710957E+01   1.9069853E+00
   2.0081544E-01   3.9478173E-03   1.1742187E+01   1.9070119E+00
   2.0329440E-01   1.8304489E-03   1.1816036E+01   1.9087720E+00
   2.0790660E-01   3.1577498E-03   1.1881207E+01   1.9098080E+00
   2.1029438E-01   3.3502544E-03   1.1921228E+01   1.9100243E+00
   2.1474674E-01   3.1432868E-03   1.1975621E+01   1.9114940E+00
   2.1706490E-01   4.8585017E-03   1.1986466E+01   1.9121516E+00
   2.1947087E-01   3.3012680E-03   1.2020164E+01   1.9123266E+00
   2.2383268E-01   3.2832017E-03   1.2077378E+01   1.9136899E+00
   2.2612116E-01   6.7216805E-03   1.2089018E+01   1.9138172E+00
   2.3043247E-01   9.5053641E-03   1.2100208E+01   1.9150842E+00
   2.3481371E-01   5.1307599E-03   1.2126801E+01   1.9168758E+00
   2.3697728E-01   4.0649278E-03   1.2138142E+01   1.9170542E+00
   2.4122001E-01   5.9553883E-03   1.2143442E+01   1.9174640E+00
   2.4330138E-01   4.8350981E-03   1.2158485E+01   1.9174078E+00
   2.4738926E-01   2.8994149E-03   1.2149650E+01   1.9192660E+00
   2.5138333E-01   5.1633231E-03   1.2142107E+01   1.9192308E+00
   2.5334734E-01   2.4777215E-03   1.2166423E+01   1.9194326E+00
   2.5721291E-01   4.4463915E-03   1.2047992E+01   1.9226409E+00
   2.6100022E-01   6.1031794E-03   1.2108351E+01   1.9218780E+00
   2.6471427E-01   5.7564341E-03   1.2084587E+01   1.9221493E+00
   2.6654530E-01   3.8504417E-03   1.2051927E+01   1.9227344E+00
   2.7015805E-01   6.1657680E-03   1.1855165E+01   1.9277440E+00
   2.7370834E-01   6.6931178E-03   1.1929331E+01   1.9265285E+00
   2.7704322E-01   4.8256591E-03   1.1975978E+01   1.9259852E+00
   2.8047907E-01   3.5762824E-03   1.1680729E+01   1.9303443E+00
   2.8385988E-01   7.2001158E-03   1.1740664E+01   1.9302788E+00
   2.8719646E-01   5.7518533E-03   1.1730483E+01   1.9295335E+00
   2.9048598E-01   3.9599198E-03   1.1685045E+01   1.9296769E+00
   2.9373097E-01   3.5337636E-03   1.1417064E+01   1.9329273E+00
   2.9692930E-01   5.7313372E-03   1.1432588E+01   1.9324529E+00
   3.0005524E-01   6.9204527E-03   1.1459502E+01   1.9318328E+00
   3.0449668E-01   5.5668126E-03   1.1260690E+01   1.9330424E+00
   3.0746415E-01   9.3171364E-03   1.0841998E+01   1.9376644E+00
   3.1036183E-01   8.2331896E-03   1.0944551E+01   1.9368707E+00
   3.1460074E-01   5.7447841E-03   1.1024171E+01   1.9353833E+00
   3.1736892E-01   3.6151002E-03   1.0954866E+01   1.9351751E+00
   3.2008246E-01   6.9480147E-03   1.0797255E+01   1.9360272E+00
   3.2409355E-01   7.8781107E-03   1.0356298E+01   1.9393389E+00
   3.2799855E-01   6.0702064E-03   1.0560155E+01   1.9374158E+00
   3.3055356E-01   4.4603674E-03   1.0486856E+01   1.9373002E+00
   3.3428809E-01   6.5916302E-03   1.0039386E+01   1.9391232E+00
   3.3790344E-01   5.9796576E-03   9.8493299E+00   1.9397663E+00
   3.4025818E-01   7.7171940E-03   9.8426352E+00   1.9397640E+00
   3.4372884E-01   5.8485786E-03   9.7440767E+00   1.9395990E+00
   3.4714007E-01   6.0872794E-03   9.6214342E+00   1.9397897E+00
   3.5049042E-01   4.8033814E-03   9.3752480E+00   1.9403589E+00
   3.5375392E-01   7.2566094E-03   9.1311388E+00   1.9409094E+00
   3.5795015E-01   6.2599871E-03   9.0653315E+00   1.9406503E+00
   3.6103109E-01   4.8575299E-03   8.9315987E+00   1.9403970E+00
   3.6407748E-01   4.5235846E-03   8.7125015E+00   1.9406207E+00
   3.6709118E-01   4.7787237E-03   8.4780979E+00   1.9410278E+00
   3.7104279E-01   3.3570882E-03   8.3282242E+00   1.9409850E+00
   3.7395450E-01   7.4085784E-03   8.2581921E+00   1.9408203E+00
   3.7778300E-01   2.1013983E-04   8.0451527E+00   1.9405576E+00
   3.8062507E-01   1.5402719E-03   7.8328815E+00   1.9405361E+00
   3.8438430E-01   1.1626346E-03   7.6634498E+00   1.9404464E+00
   3.8717297E-01  -2.9863798E-04   7.5562558E+00   1.9402786E+00
   3.9085135E-01  -3.7502714E-03   7.3651843E+00   1.9400692E+00
   3.9450473E-01  -2.2888193E-03   7.2021585E+00   1.9399300E+00
   3.9721036E-01  -4.4690105E-03   7.0725751E+00   1.9398767E+00
   4.0076455E-01  -3.3884582E-03   6.7114668E+00   1.9397821E+00
   4.0426797E-01  -5.6824367E-03   6.6211915E+00   1.9397942E+00
   4.0771782E-01  -6.5839258E-03   6.4550681E+00   1.9396101E+00
   4.1112021E-01  -9.0609612E-03   6.2885766E+00   1.9394828E+00
   4.1448027E-01  -9.1109807E-03   6.0584588E+00   1.9394630E+00
   4.1779962E-01  -8.1064040E-03   5.8411942E+00   1.9393682E+00
   4.2107648E-01  -1.2757524E-02   5.6982718E+00   1.9393358E+00
   4.2431009E-01  -1.1215082E-02   5.4798169E+00   1.9392725E+00
   4.2750296E-01  -1.2623013E-02   5.3133287E+00   1.9391010E+00
   4.3065846E-01  -1.4398485E-02   5.1662841E+00   1.9390516E+00
   4.3455914E-01  -1.5738631E-02   4.9043818E+00   1.9388691E+00
   4.3765321E-01  -1.2295241E-02   4.7763371E+00   1.9388815E+00
   4.4071600E-01  -1.7629044E-02   4.6051850E+00   1.9389304E+00
   4.4448650E-01  -1.5257524E-02   4.3687572E+00   1.9388162E+00
   4.4749781E-01  -2.2378072E-02   4.1916685E+00   1.9388976E+00
   4.5125929E-01  -2.2431308E-02   4.0001960E+00   1.9387707E+00
   4.5423833E-01  -2.2772152E-02   3.8132308E+00   1.9387512E+00
   4.5790613E-01  -2.1299880E-02   3.5851779E+00   1.9387896E+00
   4.6081504E-01  -2.7485393E-02   3.4317050E+00   1.9386685E+00
   4.6443909E-01  -2.4688780E-02   3.2322755E+00   1.9385633E+00
   4.6733311E-01  -2.1188777E-02   3.0755558E+00   1.9384420E+00
   4.7102886E-01  -3.1043870E-02   2.7876017E+00   1.9382209E+00
   4.7400078E-01  -2.3290433E-02   2.7241521E+00   1.9381164E+00
   4.7759441E-01  -2.3967601E-02   2.5026901E+00   1.9380763E+00
   4.8118761E-01  -1.9893156E-02   2.3001709E+00   1.9377908E+00
   4.8414430E-01  -2.1156276E-02   2.0715842E+00   1.9375741E+00
   4.8790753E-01  -2.9002527E-02   1.9345765E+00   1.9375106E+00
   4.9097317E-01  -3.3821747E-02   1.7520202E+00   1.9374514E+00
   4.9429229E-01  -2.1542581E-02   1.7367224E+00   1.9381285E+00
   4.9769574E-01  -3.6708016E-02   1.3123937E+00   1.9374287E+00
   5.0094581E-01  -2.8653225E-02   1.2501373E+00   1.9365008E+00
   5.0473571E-01  -4.4067200E-02   1.1372259E+00   1.9357262E+00
   5.0777972E-01  -6.2293939E-02   8.7613422E-01   1.9344608E+00
   5.1088905E-01   3.0333757E-02   4.7145450E-01   1.9340873E+00
   5.1406258E-01   3.5963099E-02   7.7055198E-01   1.9343302E+00
   5.1792771E-01  -1.0139006E-01   9.1882758E-02   1.9336772E+00
   5.2102959E-01  -6.7457436E-03   1.9872759E-01   1.9324963E+00
   5.2411211E-01  -4.5687757E-02   4.5425061E-02   1.9321308E+00
   5.2796471E-01  -3.6729421E-02  -1.8469292E-01   1.9310459E+00
   5.3102505E-01  -2.6421767E-02  -3.2728711E-01   1.9307506E+00
   5.3483826E-01  -2.9413493E-02  -4.1785672E-01   1.9304545E+00
   5.3788334E-01  -4.1406397E-02  -7.3175699E-01   1.9297380E+00
   5.4093742E-01  -4.8271354E-02  -8.0778253E-01   1.9287421E+00
   5.4477203E-01  -9.1269743E-03  -1.0058138E+00   1.9278506E+00
   5.4786193E-01   5.9655607E-03  -1.0856305E+00   1.9272126E+00
   5.5085564E-01  -3.8000017E-02  -1.3522837E+00   1.9260589E+00
   5.5457914E-01  -2.0721979E-02  -1.4967037E+00   1.9248054E+00
   5.5753613E-01  -2.3409579E-02  -1.6485096E+00   1.9244817E+00
   5.6139648E-01  -3.6438398E-02  -1.8330529E+00   1.9234216E+00
   5.6442362E-01  -1.2939788E-02  -2.0846314E+00   1.9213240E+00
   5.6814063E-01  -7.8653984E-02  -2.2427387E+00   1.9199476E+00
   5.7110405E-01  -4.3964311E-02  -2.2924676E+00   1.9197006E+00
   5.7420808E-01  -2.3469858E-02  -2.4338331E+00   1.9192404E+00
   5.7806063E-01  -2.3747787E-02  -2.7059245E+00   1.9172696E+00
   5.8108050E-01   1.7815722E-02  -2.6887879E+00   1.9155136E+00
   5.8479935E-01  -8.0740437E-02  -3.1324456E+00   1.9145433E+00
   5.8796746E-01  -7.6378711E-02  -3.0549867E+00   1.9144136E+00
   5.9116960E-01  -9.4867438E-02  -3.3583398E+00   1.9136571E+00
   5.9435874E-01  -7.8362614E-02  -3.6057222E+00   1.9122375E+00
   5.9785992E-01  -5.5656508E-02  -3.7616048E+00   1.9127195E+00
   6.0109687E-01  -1.0244441E-02  -3.7324579E+00   1.9121273E+00
   6.0448545E-01  -3.8621150E-02  -4.0802846E+00   1.9099051E+00
   6.0795951E-01  -7.3356591E-02  -4.3616667E+00   1.9089209E+00
   6.1145037E-01  -4.2176656E-02  -4.2845516E+00   1.9089489E+00
   6.1437523E-01   1.0227343E-01  -4.5844822E+00   1.9085021E+00
   6.1805928E-01  -9.2551529E-02  -4.7094178E+00   1.9046453E+00
   6.2110656E-01   2.0823682E-02  -4.9569306E+00   1.9049674E+00
   6.2458223E-01  -1.2435034E-01  -5.1176610E+00   1.9052367E+00
   6.2789470E-01  -5.4333959E-02  -5.5728679E+00   1.9031293E+00
   6.3159257E-01  -8.2124680E-02  -5.5154123E+00   1.9020203E+00
   6.3428521E-01   6.6640475E-03  -5.5937533E+00   1.9020137E+00
   6.3814467E-01  -6.2159855E-02  -5.7651420E+00   1.9013324E+00
   6.4148366E-01  -2.5498530E-02  -5.9507780E+00   1.8998899E+00
   6.4513224E-01  -6.1080080E-02  -6.2729769E+00   1.8988491E+00
   6.4829379E-01  -5.5633751E-03  -6.2988830E+00   1.8983138E+00
   6.5098721E-01  -5.6345616E-02  -6.4936643E+00   1.8977931E+00
   6.5475106E-01  -3.4320198E-02  -6.4842434E+00   1.8962532E+00
   6.5789056E-01  -6.1688688E-02  -6.4733644E+00   1.8923780E+00
   6.6167378E-01  -7.6412797E-02  -7.1324439E+00   1.8939183E+00
   6.6460031E-01  -1.8846549E-02  -7.1311636E+00   1.8943777E+00
   6.6801101E-01  -6.2269073E-02  -7.3506527E+00   1.8912462E+00
   6.7169940E-01   4.6643661E-03  -7.6311460E+00   1.8890811E+00
   6.7485559E-01   1.3979729E-01  -7.5281339E+00   1.8882473E+00
   6.7789054E-01  -2.4219695E-01  -7.6169629E+00   1.8868942E+00
   6.8149942E-01  -5.6073908E-02  -8.1651001E+00   1.8861797E+00
   6.8481070E-01   1.4859940E-01  -8.3753967E+00   1.8863415E+00
   6.8791878E-01  -7.6228231E-03  -8.2670507E+00   1.8849713E+00
   6.9188052E-01  -1.9687625E-02  -8.5891199E+00   1.8819510E+00
   6.9510180E-01   1.8804157E-01  -8.5805521E+00   1.8806459E+00
   6.9829917E-01  -2.4420494E-01  -8.9870386E+00   1.8798387E+00
   7.0142651E-01  -1.0465346E-01  -8.9085884E+00   1.8787020E+00
   7.0458198E-01  -5.2666221E-02  -9.1864300E+00   1.8766890E+00
   7.0847881E-01   2.4040883E-02  -9.2843857E+00   1.8746670E+00
   7.1160001E-01  -5.0750054E-02  -9.3817015E+00   1.8735077E+00
   7.1467966E-01   1.1858017E-02  -9.5161734E+00   1.8717099E+00
   7.1850365E-01   3.0230286E-02  -9.6031246E+00   1.8695544E+00
   7.2153550E-01  -1.4850283E-01  -9.7430000E+00   1.8688176E+00
   7.2454309E-01  -2.7917504E-02  -9.8899689E+00   1.8676987E+00
   7.2827369E-01  -5.7070558E-03  -1.0090019E+01   1.8658458E+00
   7.3122954E-01   6.5096468E-03  -1.0051109E+01   1.8638630E+00
   7.3489183E-01  -4.0468581E-02  -1.0232553E+01   1.8622291E+00
   7.3852211E-01  -7.2202799E-03  -1.0310321E+01   1.8614442E+00
   7.4140483E-01  -5.3833596E-02  -1.0451484E+01   1.8585538E+00
   7.4496377E-01  -8.4750719E-02  -1.0426611E+01   1.8570911E+00
   7.4850184E-01  -2.2734018E-02  -1.0629936E+01   1.8566564E+00
   7.5133032E-01   5.0522372E-02  -1.0647021E+01   1.8544728E+00
   7.5483739E-01  -7.2257958E-02  -1.0713000E+01   1.8518367E+00
   7.5834364E-01   8.2766689E-02  -1.1002435E+01   1.8500575E+00
   7.6181918E-01   3.0882990E-02  -1.0906555E+01   1.8494068E+00
   7.6530808E-01  -4.3928012E-02  -1.1088049E+01   1.8479644E+00
   7.6805657E-01   1.9451601E-02  -1.1057862E+01   1.8463337E+00
   7.7152157E-01  -1.3770577E-02  -1.1140544E+01   1.8447592E+00
   7.7492923E-01   7.7029952E-04  -1.1180912E+01   1.8424166E+00
   7.7832353E-01   1.4247528E-02  -1.1262144E+01   1.8419052E+00
   7.8169519E-01   3.9194198E-03  -1.1264443E+01   1.8412962E+00
   7.8506994E-01  -3.0090155E-02  -1.1304765E+01   1.8396821E+00
   7.8847611E-01  -7.9172775E-03  -1.1430936E+01   1.8371810E+00
   7.9186225E-01  -1.1008730E-01  -1.1421569E+01   1.8357915E+00
   7.9522461E-01  -1.9277705E-02  -1.1449122E+01   1.8344003E+00
   7.9860383E-01   1.7819852E-02  -1.1500099E+01   1.8325759E+00
   8.0191177E-01  -9.3047932E-02  -1.1407666E+01   1.8319203E+00
   8.0526578E-01   9.2424050E-02  -1.1516590E+01   1.8306258E+00
   8.0860728E-01  -1.0225105E-01  -1.1511510E+01   1.8287342E+00
   8.1192350E-01  -6.3145667E-02  -1.1430864E+01   1.8255566E+00
   8.1529003E-01  -7.0367374E-02  -1.1470118E+01   1.8262080E+00
   8.1865609E-01   1.1592489E-02  -1.1487948E+01   1.8263295E+00
   8.2196027E-01   8.1408918E-02  -1.1441595E+01   1.8239768E+00
   8.2530278E-01  -1.1857195E-01  -1.1518745E+01   1.8215518E+00
   8.2863718E-01  -1.1934723E-02  -1.1486531E+01   1.8205339E+00
   8.3194423E-01   6.8234350E-03  -1.1443709E+01   1.8200672E+00
   8.3528960E-01   6.3903444E-03  -1.1396975E+01   1.8187854E+00
   8.3866870E-01  -3.6557973E-03  -1.1383039E+01   1.8177439E+00
   8.4200001E-01  -2.1363596E-02  -1.1361703E+01   1.8164539E+00
   8.4531969E-01  -3.3535380E-02  -1.1272766E+01   1.8150421E+00
   8.4875464E-01  -2.1509619E-02  -1.1191664E+01   1.8125821E+00
   8.5152304E-01  -2.6137847E-02  -1.1162467E+01   1.8111045E+00
   8.5488319E-01  -4.4817187E-02  -1.1155553E+01   1.8116496E+00
   8.5885727E-01   1.8046359E-02  -1.1041698E+01   1.8096786E+00
   8.6154783E-01   2.8895587E-02  -1.0977868E+01   1.8081859E+00
   8.6500013E-01  -3.4954600E-02  -1.0998192E+01   1.8064175E+00
   8.6843264E-01  -3.1874049E-02  -1.0894666E+01   1.8053267E+00
   8.7174404E-01   3.6928121E-02  -1.0800784E+01   1.8035587E+00
   8.7503648E-01  -2.3236061E-02  -1.0800933E+01   1.8026118E+00
   8.7833321E-01  -6.8840483E-04  -1.0676457E+01   1.8017994E+00
   8.8163650E-01  -4.8891613E-03  -1.0621143E+01   1.7998965E+00
   8.8557893E-01  -1.2560311E-02  -1.0639266E+01   1.7983696E+00
   8.8881487E-01  -7.1676046E-02  -1.0431156E+01   1.7966462E+00
   8.9207554E-01  -1.0301571E-02  -1.0351100E+01   1.7948486E+00
   8.9533949E-01   8.4753856E-03  -1.0307558E+01   1.7947987E+00
   8.9860779E-01   3.5572287E-02  -1.0214599E+01   1.7937959E+00
   9.0188986E-01  -3.8625866E-02  -1.0104407E+01   1.7915808E+00
   9.0516460E-01   3.3576505E-03  -1.0013661E+01   1.7894263E+00
   9.0840536E-01   3.7460007E-02  -9.9687872E+00   1.7880383E+00
   9.1227919E-01  -6.5279856E-02  -9.7956066E+00   1.7866702E+00
   9.1551507E-01  -2.2540488E-03  -9.7354870E+00   1.7853686E+00
   9.1876191E-01  -9.4673755E-03  -9.7350550E+00   1.7840515E+00
   9.2201549E-01   3.4954216E-02  -9.6135302E+00   1.7827115E+00
   9.2527187E-01  -4.5173634E-03  -9.5384569E+00   1.7817962E+00
   9.2853791E-01   3.3732499E-03  -9.4560976E+00   1.7806480E+00
   9.3179595E-01  -4.0538818E-02  -9.3182631E+00   1.7790533E+00
   9.3505669E-01  -1.3996785E-02  -9.2292681E+00   1.7774988E+00
   9.3895715E-01  -6.5590921E-03  -9.1483822E+00   1.7767485E+00
   9.4220984E-01   6.7518130E-03  -9.0530548E+00   1.7762449E+00
   9.4549704E-01  -2.2947848E-02  -8.9620447E+00   1.7750180E+00
   9.4880885E-01   1.3119839E-03  -8.8650112E+00   1.7731837E+00
   9.5213461E-01  -1.1843912E-03  -8.8145294E+00   1.7719527E+00
   9.5546234E-01  -2.0848600E-02  -8.6890974E+00   1.7715605E+00
   9.5878148E-01   1.8803874E-03  -8.6377382E+00   1.7707665E+00
   9.6208560E-01  -1.0985545E-02  -8.5334139E+00   1.7695396E+00
   9.6537983E-01  -8.6680083E-03  -8.4964237E+00   1.7682865E+00
   9.6867675E-01  -1.2655926E-03  -8.3456888E+00   1.7674584E+00
   9.7199732E-01  -6.8129632E-03  -8.2640905E+00   1.7669227E+00
   9.7535223E-01  -1.6224656E-02  -8.2101355E+00   1.7664076E+00
   9.7874117E-01  -1.0368549E-02  -8.1157398E+00   1.7657553E+00
   9.8216391E-01   5.1338121E-02  -8.0293322E+00   1.7644548E+00
   9.8560643E-01  -7.1453415E-03  -7.9351926E+00   1.7637807E+00
   9.8894578E-01   1.2524622E-03  -7.8506284E+00   1.7636141E+00
   9.9225140E-01  -1.7794374E-03  -7.7653580E+00   1.7629825E+00
   9.9569279E-01   6.8827202E-03  -7.7022939E+00   1.7624063E+00
   9.9911153E-01  -3.3853445E-03  -7.6049170E+00   1.7616009E+00
   1.0025039E+00   7.4270666E-03  -7.5409336E+00   1.7606298E+00
   1.0051997E+00   7.8467475E-03  -7.5150366E+00   1.7601023E+00
   1.0085421E+00  -1.3062253E-03  -7.4228430E+00   1.7595098E+00
   1.0124803E+00   1.5816311E-03  -7.3152452E+00   1.7589682E+00
   1.0158541E+00   6.6633737E-03  -7.2849188E+00   1.7586101E+00
   1.0185657E+00   7.1632350E-03  -7.2227206E+00   1.7579564E+00
   1.0219443E+00   3.1261325E-02  -7.2065134E+00   1.7572005E+00
   1.0253993E+00   2.7844873E-03  -7.1010370E+00   1.7566106E+00
   1.0288533E+00   9.7949803E-03  -7.0658031E+00   1.7558899E+00
   1.0322900E+00   7.5655701E-03  -6.9928136E+00   1.7552173E+00
   1.0358391E+00   1.3439032E-02  -6.9517441E+00   1.7546458E+00
   1.0387745E+00   3.9743971E-02  -6.9518003E+00   1.7543082E+00
   1.0425349E+00   1.7987542E-02  -6.8428254E+00   1.7533703E+00
   1.0455595E+00   1.1610601E-02  -6.8036022E+00   1.7526287E+00
   1.0485847E+00   1.3394762E-02  -6.7682347E+00   1.7522383E+00
   1.0523821E+00   2.0993514E-02  -6.7224722E+00   1.7514901E+00
   1.0553405E+00   1.8372938E-02  -6.6729031E+00   1.7506243E+00
   1.0590049E+00   2.8343691E-02  -6.6034150E+00   1.7499906E+00
   1.0621029E+00   2.1471035E-02  -6.5628800E+00   1.7493671E+00
   1.0659466E+00   1.4542662E-02  -6.5500708E+00   1.7486620E+00
   1.0690267E+00   1.6549634E-02  -6.4886732E+00   1.7481468E+00
   1.0721048E+00   2.0549892E-02  -6.4303684E+00   1.7474222E+00
   1.0759820E+00   2.9182553E-02  -6.3899446E+00   1.7465187E+00
   1.0790745E+00   3.2636616E-02  -6.3370323E+00   1.7457641E+00
   1.0821282E+00   3.3718418E-02  -6.3121901E+00   1.7453575E+00
   1.0858756E+00   3.1849816E-02  -6.2415967E+00   1.7449315E+00
   1.0888160E+00   3.7116677E-02  -6.1982999E+00   1.7444669E+00
   1.0926015E+00   4.8887819E-02  -6.1413631E+00   1.7437420E+00
   1.0956745E+00   2.9105216E-02  -6.0899215E+00   1.7430503E+00
   1.0987577E+00   3.0425554E-02  -6.0305052E+00   1.7423919E+00
   1.1025950E+00   4.1135252E-02  -5.9672608E+00   1.7416942E+00
   1.1056668E+00   4.0975481E-02  -5.9359498E+00   1.7413734E+00
   1.1087594E+00   4.3090731E-02  -5.8634567E+00   1.7409630E+00
   1.1126221E+00   3.9676249E-02  -5.8048792E+00   1.7405056E+00
   1.1157199E+00   4.2897601E-02  -5.7612195E+00   1.7401026E+00
   1.1187803E+00   4.1274574E-02  -5.7138567E+00   1.7396821E+00
   1.1225976E+00   7.1535818E-02  -5.6281209E+00   1.7391456E+00
   1.1256481E+00   3.8854133E-02  -5.5870032E+00   1.7388824E+00
   1.1294407E+00   4.1160826E-02  -5.5120072E+00   1.7387331E+00
   1.1324691E+00   4.5009639E-02  -5.4871116E+00   1.7386211E+00
   1.1355007E+00   4.9211446E-02  -5.4129190E+00   1.7384696E+00
   1.1393148E+00   4.5793101E-02  -5.3168807E+00   1.7381141E+00
   1.1423783E+00   4.5566514E-02  -5.2237582E+00   1.7376692E+00
   1.1454465E+00   4.7239028E-02  -5.1959481E+00   1.7376018E+00
   1.1492850E+00   4.8625741E-02  -5.1813221E+00   1.7378350E+00
   1.1523577E+00   5.2388895E-02  -5.0870504E+00   1.7380656E+00
   1.1562204E+00   4.8406687E-02  -4.9986839E+00   1.7376862E+00
   1.1593342E+00   4.9840212E-02  -4.9340611E+00   1.7373050E+00
   1.1624463E+00   5.3614441E-02  -4.9002805E+00   1.7371370E+00
   1.1656166E+00   4.7430869E-02  -4.8182988E+00   1.7372473E+00
   1.1688174E+00   4.4138536E-02  -4.7520933E+00   1.7374845E+00
   1.1728327E+00   3.8849149E-02  -4.7068858E+00   1.7375234E+00
   1.1760008E+00   4.0158235E-02  -4.6502013E+00   1.7375022E+00
   1.1791573E+00   4.0227532E-02  -4.5663023E+00   1.7375228E+00
   1.1823453E+00   4.1123416E-02  -4.4849262E+00   1.7376471E+00
   1.1855235E+00   4.4312913E-02  -4.4294305E+00   1.7377377E+00
   1.1895410E+00   4.3964054E-02  -4.3280692E+00   1.7379661E+00
   1.1927464E+00   4.7517017E-02  -4.2705898E+00   1.7382355E+00
   1.1959636E+00   4.8686534E-02  -4.2027740E+00   1.7383624E+00
   1.1992306E+00   4.7377054E-02  -4.1492662E+00   1.7384437E+00
   1.2024839E+00   4.5484509E-02  -4.0351224E+00   1.7386732E+00
   1.2057548E+00   4.7106344E-02  -3.9566729E+00   1.7386767E+00
   1.2090323E+00   4.8661601E-02  -3.9045756E+00   1.7385863E+00
   1.2123111E+00   4.8799697E-02  -3.8497541E+00   1.7387189E+00
   1.2155870E+00   4.6467368E-02  -3.7415705E+00   1.7389060E+00
   1.2196689E+00   4.7878589E-02  -3.6475346E+00   1.7388296E+00
   1.2228752E+00   5.0017562E-02  -3.5813801E+00   1.7385880E+00
   1.2260953E+00   4.4777896E-02  -3.4798636E+00   1.7386500E+00
   1.2293319E+00   4.6068884E-02  -3.4260681E+00   1.7386609E+00
   1.2325823E+00   4.7762517E-02  -3.3566382E+00   1.7386345E+00
   1.2358356E+00   4.6156403E-02  -3.2670579E+00   1.7386200E+00
   1.2395614E+00   4.4870142E-02  -3.1899760E+00   1.7385099E+00
   1.2427657E+00   4.3740094E-02  -3.1038778E+00   1.7385471E+00
   1.2459502E+00   4.5788225E-02  -3.0366514E+00   1.7385802E+00
   1.2491283E+00   4.7072493E-02  -2.9801126E+00   1.7385615E+00
   1.2530978E+00   4.1360661E-02  -2.8562531E+00   1.7385620E+00
   1.2562854E+00   4.0198058E-02  -2.8218141E+00   1.7386081E+00
   1.2593879E+00   4.5804210E-02  -2.7139235E+00   1.7386732E+00
   1.2626044E+00   4.1520067E-02  -2.6828887E+00   1.7386504E+00
   1.2658414E+00   4.1198764E-02  -2.6156113E+00   1.7385749E+00
   1.2690461E+00   4.5212377E-02  -2.5360799E+00   1.7385856E+00
   1.2730086E+00   3.9134454E-02  -2.4028587E+00   1.7387546E+00
   1.2761457E+00   3.6621492E-02  -2.3848882E+00   1.7386684E+00
   1.2792909E+00   3.5455067E-02  -2.3335426E+00   1.7385243E+00
   1.2831446E+00   3.8049683E-02  -2.2552524E+00   1.7387053E+00
   1.2862870E+00   3.6843337E-02  -2.1260304E+00   1.7388879E+00
   1.2895321E+00   3.6256265E-02  -2.0653739E+00   1.7391195E+00
   1.2928313E+00   3.0229112E-02  -1.9823471E+00   1.7394403E+00
   1.2960430E+00   3.5612985E-02  -1.9342782E+00   1.7397233E+00
   1.2993231E+00   3.1245086E-02  -1.8742410E+00   1.7398704E+00
   1.3025961E+00   3.0009037E-02  -1.8020962E+00   1.7403020E+00
   1.3058411E+00   3.4065325E-02  -1.7069943E+00   1.7407043E+00
   1.3098472E+00   2.7183257E-02  -1.6558759E+00   1.7408055E+00
   1.3129499E+00   2.6660165E-02  -1.6259844E+00   1.7412820E+00
   1.3158996E+00   2.7227558E-02  -1.4709047E+00   1.7419375E+00
   1.3197618E+00   2.1386331E-02  -1.4192637E+00   1.7420510E+00
   1.3227855E+00   3.1908300E-02  -1.4293724E+00   1.7422016E+00
   1.3264884E+00   3.7426133E-02  -1.2931277E+00   1.7430917E+00
   1.3293970E+00   2.9320193E-02  -1.2095189E+00   1.7435918E+00
   1.3330898E+00   2.6616391E-02  -1.1567658E+00   1.7438780E+00
   1.3360854E+00   2.6563345E-02  -1.1234071E+00   1.7441316E+00
   1.3398106E+00   3.2338548E-02  -1.0784575E+00   1.7446058E+00
   1.3427900E+00   1.4607202E-02  -9.4272298E-01   1.7454805E+00
   1.3465104E+00   2.1693604E-02  -8.9352238E-01   1.7460936E+00
   1.3494792E+00   1.8543834E-02  -8.3569336E-01   1.7467626E+00
   1.3531737E+00   1.4940916E-02  -7.7575588E-01   1.7474258E+00
   1.3561070E+00   1.9745810E-02  -6.9933164E-01   1.7479213E+00
   1.3597457E+00   2.4175873E-02  -6.5023035E-01   1.7488772E+00
   1.3626353E+00   2.1768829E-02  -5.4926038E-01   1.7493104E+00
   1.3662212E+00   2.0230575E-02  -5.7043958E-01   1.7498611E+00
   1.3697795E+00   1.7608328E-02  -4.2738697E-01   1.7509930E+00
   1.3733110E+00   1.6868846E-02  -3.5484904E-01   1.7518603E+00
   1.3761177E+00   1.0332400E-02  -3.9373437E-01   1.7518551E+00
   1.3796036E+00  -1.1610094E-02  -3.1253132E-01   1.7521667E+00
   1.3830653E+00   1.5899502E-02  -1.6343620E-01   1.7533023E+00
   1.3865037E+00  -3.7407517E-02  -1.4096613E-01   1.7543298E+00
   1.3899195E+00   4.0597770E-02  -2.5560346E-02   1.7546009E+00
   1.3933136E+00   8.9006070E-03  -2.2713942E-02   1.7547510E+00
   1.3966867E+00   4.7091986E-03   3.8108937E-02   1.7555802E+00
   1.4000393E+00   5.3218473E-02   1.3638079E-01   1.7563471E+00
   1.4033722E+00  -4.4409377E-03   2.3504342E-01   1.7569879E+00
   1.4066859E+00   3.2956686E-02   2.2184971E-01   1.7569919E+00
   1.4099813E+00   8.6616561E-02   2.1753594E-01   1.7579316E+00
   1.4132584E+00  -3.8422062E-04   4.8638323E-01   1.7586074E+00
   1.4165183E+00   1.9110186E-02   4.9575958E-01   1.7594857E+00
   1.4197613E+00   2.0876510E-02   5.8665282E-01   1.7603290E+00
   1.4229878E+00   1.7059827E-02   6.5791398E-01   1.7608072E+00
   1.4261984E+00   2.3969967E-02   6.9164836E-01   1.7612451E+00
   1.4300307E+00   3.4043778E-02   8.3166820E-01   1.7617549E+00
   1.4332078E+00   2.9794447E-02   8.9231128E-01   1.7625054E+00
   1.4363703E+00   4.1265778E-02   9.0391195E-01   1.7630153E+00
   1.4395187E+00   2.8366350E-02   1.0872602E+00   1.7632817E+00
   1.4432786E+00   3.1378247E-02   1.0853518E+00   1.7636573E+00
   1.4463971E+00   3.0944727E-02   1.2157749E+00   1.7641466E+00
   1.4501222E+00   2.8791539E-02   1.3260831E+00   1.7650844E+00
   1.4532126E+00   3.2375127E-02   1.3877078E+00   1.7656704E+00
   1.4562908E+00   3.7429985E-02   1.4455390E+00   1.7659477E+00
   1.4599689E+00   2.9586148E-02   1.6049305E+00   1.7667638E+00
   1.4630212E+00   2.4545906E-02   1.6718146E+00   1.7675908E+00
   1.4666691E+00   3.1647444E-02   1.8188196E+00   1.7692196E+00
   1.4696969E+00   1.6750129E-02   1.8550626E+00   1.7692076E+00
   1.4733162E+00   3.9531801E-02   1.9025227E+00   1.7698227E+00
   1.4763209E+00   1.5088223E-02   2.0836401E+00   1.7709776E+00
   1.4799131E+00   3.2225505E-02   2.1958015E+00   1.7724160E+00
   1.4834911E+00   1.9758595E-02   2.2968137E+00   1.7731104E+00
   1.4864622E+00   2.3068322E-02   2.3686366E+00   1.7733960E+00
   1.4900153E+00   2.1294119E-02   2.5026047E+00   1.7741104E+00
   1.4929662E+00   3.2026578E-02   2.6105342E+00   1.7751316E+00
   1.4964955E+00   2.2193637E-02   2.7064254E+00   1.7761830E+00
   1.5000124E+00   8.4190257E-03   2.8173339E+00   1.7771096E+00
   1.5035172E+00   1.9041073E-02   2.9155943E+00   1.7780091E+00
   1.5064287E+00   4.1369107E-02   3.0506277E+00   1.7790325E+00
   1.5099121E+00   1.7047917E-02   3.1775274E+00   1.7805767E+00
   1.5133843E+00   2.2082858E-02   3.2680247E+00   1.7816422E+00
   1.5168455E+00   2.5531756E-02   3.3899298E+00   1.7825414E+00
   1.5197216E+00   3.0988557E-02   3.5013065E+00   1.7837073E+00
   1.5231636E+00   1.6037319E-02   3.6652057E+00   1.7852365E+00
   1.5265952E+00   3.9726846E-02   3.7186301E+00   1.7862443E+00
   1.5300169E+00   1.5718335E-02   3.8908515E+00   1.7870287E+00
   1.5334290E+00   1.2100602E-02   4.0083971E+00   1.7882448E+00
   1.5368317E+00   4.1314252E-02   4.1584301E+00   1.7895348E+00
   1.5402251E+00   2.0582585E-02   4.2549973E+00   1.7906017E+00
   1.5436096E+00   4.3017574E-02   4.3897710E+00   1.7913417E+00
   1.5464232E+00   2.2753045E-02   4.5217943E+00   1.7925227E+00
   1.5497918E+00   4.4100929E-02   4.6195741E+00   1.7938128E+00
   1.5531520E+00   1.3899548E-02   4.7884488E+00   1.7952384E+00
   1.5565039E+00   6.6080391E-02   4.9266443E+00   1.7971805E+00
   1.5598478E+00  -3.4386448E-03   5.0000501E+00   1.7971858E+00
   1.5631840E+00   4.2347219E-02   5.1238756E+00   1.7982025E+00
   1.5665977E+00   4.4512812E-02   5.3679190E+00   1.8004954E+00
   1.5701455E+00   2.1973442E-02   5.4444180E+00   1.8013722E+00
   1.5736773E+00   2.9406130E-02   5.5705061E+00   1.8012660E+00
   1.5765812E+00   1.6101448E-02   5.6986971E+00   1.8020291E+00
   1.5804529E+00   2.5868330E-02   5.8593640E+00   1.8041254E+00
   1.5833564E+00   3.8988892E-02   5.9860706E+00   1.8054519E+00
   1.5872271E+00   5.0119583E-02   6.0954013E+00   1.8063480E+00
   1.5901299E+00   1.5704777E-02   6.1938038E+00   1.8065376E+00
   1.5930322E+00   4.6388675E-02   6.3453698E+00   1.8075945E+00
   1.5969017E+00   2.4177173E-02   6.4846182E+00   1.8090557E+00
   1.5998032E+00   3.1871296E-02   6.6453600E+00   1.8106081E+00
   1.6036717E+00   2.5128096E-02   6.7678165E+00   1.8126358E+00
   1.6065724E+00   4.2342965E-02   6.8934784E+00   1.8130811E+00
   1.6104319E+00   1.5843291E-02   6.9904442E+00   1.8133141E+00
   1.6132827E+00   1.7714651E-02   7.0930390E+00   1.8139821E+00
   1.6170156E+00   2.7798764E-02   7.3187361E+00   1.8164132E+00
   1.6197668E+00   4.3743040E-02   7.4031582E+00   1.8171673E+00
   1.6233784E+00   2.6356233E-02   7.5045238E+00   1.8178687E+00
   1.6269777E+00   2.4591057E-02   7.6319580E+00   1.8183893E+00
   1.6305815E+00   2.8885690E-02   7.7972746E+00   1.8199950E+00
   1.6332535E+00   2.2000805E-02   7.9218454E+00   1.8213135E+00
   1.6367669E+00   4.2905409E-02   7.9851680E+00   1.8222163E+00
   1.6402726E+00   1.5396021E-03   8.1153040E+00   1.8225918E+00
   1.6437869E+00  -1.6617572E-03   8.2525177E+00   1.8246553E+00
   1.6472566E+00   1.3461142E-02   8.3625298E+00   1.8263496E+00
   1.6506808E+00   2.1945335E-02   8.4615622E+00   1.8271153E+00
   1.6532475E+00   1.1043253E-02   8.5082455E+00   1.8275623E+00
   1.6566837E+00   7.4093989E-03   8.6834974E+00   1.8300864E+00
   1.6601405E+00   1.3585221E-02   8.7451630E+00   1.8306512E+00
   1.6636178E+00   1.0394099E-02   8.9079123E+00   1.8316345E+00
   1.6671139E+00  -8.7473365E-03   9.0316448E+00   1.8335595E+00
   1.6706260E+00   2.1178761E-02   9.0611563E+00   1.8346148E+00
   1.6732692E+00  -2.2445710E-02   9.2116413E+00   1.8354520E+00
   1.6768036E+00  -8.3080716E-03   9.3097572E+00   1.8374039E+00
   1.6803317E+00   2.7928308E-03   9.4245214E+00   1.8384235E+00
   1.6838012E+00  -7.7757775E-03   9.5028419E+00   1.8393929E+00
   1.6872079E+00   6.7312358E-04   9.5975780E+00   1.8409206E+00
   1.6905805E+00  -1.0296474E-02   9.7242708E+00   1.8431523E+00
   1.6939499E+00  -1.3947835E-02   9.7814302E+00   1.8441947E+00
   1.6973358E+00  -1.4500904E-02   9.8599367E+00   1.8448619E+00
   1.7007440E+00   2.0792497E-04   1.0053478E+01   1.8478581E+00
   1.7033149E+00  -9.1095474E-03   1.0015690E+01   1.8488783E+00
   1.7067617E+00  -1.8932953E-02   1.0066313E+01   1.8491620E+00
   1.7102286E+00  -1.1453272E-02   1.0111383E+01   1.8498988E+00
   1.7137141E+00  -1.4602224E-02   1.0242890E+01   1.8522341E+00
   1.7172168E+00  -7.8419819E-03   1.0324913E+01   1.8541987E+00
   1.7207353E+00  -7.4333451E-03   1.0413243E+01   1.8556552E+00
   1.7233837E+00  -4.9316930E-04   1.0398236E+01   1.8565905E+00
   1.7269261E+00  -1.7771771E-02   1.0460226E+01   1.8574766E+00
   1.7304802E+00  -3.1474978E-03   1.0522648E+01   1.8582511E+00
   1.7340444E+00  -1.3417194E-02   1.0676507E+01   1.8606275E+00
   1.7367235E+00  -1.7090082E-02   1.0661147E+01   1.8621948E+00
   1.7403024E+00  -8.1054214E-03   1.0741469E+01   1.8630390E+00
   1.7438881E+00  -8.1235403E-03   1.0827636E+01   1.8646141E+00
   1.7474796E+00  -2.1275109E-02   1.0868423E+01   1.8663020E+00
   1.7501763E+00  -1.3056209E-02   1.0905410E+01   1.8675488E+00
   1.7537757E+00  -1.0829021E-02   1.0963051E+01   1.8683248E+00
   1.7573786E+00  -1.0990941E-02   1.1036738E+01   1.8693827E+00
   1.7600827E+00  -1.7431209E-02   1.1074951E+01   1.8707174E+00
   1.7636905E+00  -2.8458683E-02   1.1152880E+01   1.8721608E+00
   1.7673001E+00  -2.1877108E-02   1.1192031E+01   1.8729836E+00
   1.7709054E+00  -2.5603637E-02   1.1252134E+01   1.8745940E+00
   1.7735761E+00  -1.3136473E-02   1.1325588E+01   1.8752249E+00
   1.7770879E+00  -2.2097318E-02   1.1363359E+01   1.8761967E+00
   1.7806082E+00  -1.4440886E-02   1.1432238E+01   1.8774961E+00
   1.7841526E+00  -2.1301717E-02   1.1449120E+01   1.8786052E+00
   1.7876352E+00  -1.9614087E-02   1.1528180E+01   1.8804673E+00
   1.7902141E+00  -1.3311828E-02   1.1574185E+01   1.8810925E+00
   1.7936300E+00  -1.6919412E-02   1.1599360E+01   1.8815181E+00
   1.7970413E+00  -2.2506159E-02   1.1736754E+01   1.8829787E+00
   1.8006399E+00  -1.1681051E-02   1.1686117E+01   1.8847549E+00
   1.8037281E+00  -1.9997273E-02   1.1791635E+01   1.8854201E+00
   1.8068382E+00  -2.7124399E-02   1.1812149E+01   1.8859265E+00
   1.8109546E+00  -1.9646177E-02   1.1844605E+01   1.8870403E+00
   1.8140073E+00  -1.7851401E-02   1.1942142E+01   1.8885971E+00
   1.8170290E+00  -1.7636709E-02   1.2009579E+01   1.8899218E+00
   1.8210007E+00  -1.5893888E-02   1.1960110E+01   1.8917950E+00
   1.8242044E+00  -1.5108087E-02   1.2100207E+01   1.8921047E+00
   1.8273842E+00  -1.6836360E-02   1.2089720E+01   1.8921145E+00
   1.8305168E+00  -2.0915627E-02   1.2188655E+01   1.8929718E+00
   1.8344917E+00  -1.3591551E-02   1.2173827E+01   1.8957274E+00
   1.8377299E+00  -2.0318335E-02   1.2263497E+01   1.8965125E+00
   1.8410530E+00  -2.6513828E-02   1.2287818E+01   1.8968629E+00
   1.8442696E+00  -2.4022836E-02   1.2303896E+01   1.8979833E+00
   1.8476456E+00  -3.1148726E-02   1.2396473E+01   1.8996474E+00
   1.8510910E+00  -3.3631053E-02   1.2419529E+01   1.9015547E+00
   1.8544976E+00  -3.1799652E-02   1.2478515E+01   1.9024632E+00
   1.8578554E+00  -3.6428481E-02   1.2564024E+01   1.9032822E+00
   1.8611454E+00  -3.9945014E-02   1.2492973E+01   1.9047399E+00
   1.8642577E+00  -3.9348658E-02   1.2572034E+01   1.9055851E+00
   1.8674866E+00  -3.8658164E-02   1.2615669E+01   1.9067532E+00
   1.8710529E+00  -4.5791589E-02   1.2689075E+01   1.9084131E+00
   1.8736906E+00  -4.5002386E-02   1.2672349E+01   1.9091187E+00
   1.8774414E+00  -4.2976197E-02   1.2703762E+01   1.9098861E+00
   1.8813952E+00  -4.6331707E-02   1.2788567E+01   1.9109888E+00
   1.8843716E+00  -4.5215946E-02   1.2787848E+01   1.9122216E+00
   1.8873343E+00  -4.4590618E-02   1.2783313E+01   1.9169344E+00
   1.8913434E+00  -3.9114233E-02   1.2887456E+01   1.9141999E+00
   1.8939853E+00  -4.5034807E-02   1.2885415E+01   1.9133331E+00
   1.8967736E+00  -4.4663586E-02   1.2939978E+01   1.9140067E+00
   1.9010125E+00  -3.8249340E-02   1.2898705E+01   1.9180984E+00
   1.9038336E+00  -3.1410430E-02   1.2920651E+01   1.9190804E+00
   1.9079875E+00  -3.2938849E-02   1.2955292E+01   1.9201175E+00
   1.9106864E+00  -3.2697976E-02   1.3035724E+01   1.9206461E+00
   1.9146621E+00  -3.1423520E-02   1.3048962E+01   1.9220587E+00
   1.9172596E+00  -3.1201314E-02   1.3064126E+01   1.9228613E+00
   1.9211336E+00  -3.1122467E-02   1.3065639E+01   1.9238224E+00
   1.9237359E+00  -3.0246442E-02   1.3090983E+01   1.9244899E+00
   1.9275112E+00  -2.9140966E-02   1.3113676E+01   1.9256459E+00
   1.9311789E+00  -2.3499984E-02   1.3124482E+01   1.9266071E+00
   1.9347920E+00  -1.6592883E-02   1.3143172E+01   1.9274318E+00
   1.9371589E+00  -1.8221712E-02   1.3145224E+01   1.9280056E+00
   1.9406772E+00  -2.2600792E-02   1.3156199E+01   1.9286675E+00
   1.9441705E+00  -1.7584659E-02   1.3146547E+01   1.9293351E+00
   1.9475667E+00  -1.9766580E-02   1.3119945E+01   1.9300402E+00
   1.9509094E+00  -1.3520914E-02   1.3134667E+01   1.9308056E+00
   1.9542007E+00  -1.6768983E-02   1.3124125E+01   1.9313688E+00
   1.9574555E+00  -1.1658269E-02   1.3081294E+01   1.9315238E+00
   1.9606870E+00  -9.9216225E-03   1.3133924E+01   1.9317200E+00
   1.9638422E+00  -7.7133579E-03   1.3063458E+01   1.9321893E+00
   1.9679642E+00  -7.2708768E-03   1.3020847E+01   1.9333286E+00
   1.9710253E+00   3.4280964E-03   1.2983720E+01   1.9335067E+00
   1.9740286E+00  -3.2269941E-03   1.2997592E+01   1.9336213E+00
   1.9779850E+00  -1.1760974E-03   1.2869833E+01   1.9347543E+00
   1.9808788E+00   3.0277201E-03   1.2816987E+01   1.9356123E+00
   1.9847054E+00   5.4933206E-04   1.2763953E+01   1.9361594E+00
   1.9875534E+00   6.3826954E-03   1.2747860E+01   1.9362652E+00
   1.9912831E+00   9.6081961E-03   1.2671228E+01   1.9365399E+00
   1.9940481E+00   1.1461605E-02   1.2553424E+01   1.9370960E+00
   1.9976485E+00   1.4213002E-02   1.2466287E+01   1.9377089E+00
   2.0012243E+00   1.7665839E-02   1.2422313E+01   1.9377761E+00
   2.0039117E+00   1.9330911E-02   1.2327656E+01   1.9379787E+00
   2.0074189E+00   1.7540291E-02   1.2175533E+01   1.9386078E+00
   2.0108988E+00   2.0707548E-02   1.2129645E+01   1.9386270E+00
   2.0142806E+00   2.0132039E-02   1.2042900E+01   1.9387963E+00
   2.0176325E+00   1.8222624E-02   1.1920365E+01   1.9392630E+00
   2.0209928E+00   1.7866094E-02   1.1800743E+01   1.9396499E+00
   2.0243659E+00   1.7617960E-02   1.1665674E+01   1.9400326E+00
   2.0277529E+00   1.7715393E-02   1.1505451E+01   1.9406515E+00
   2.0310128E+00   1.8389026E-02   1.1388494E+01   1.9412359E+00
   2.0342326E+00   1.3151299E-02   1.1288691E+01   1.9414569E+00
   2.0373766E+00   1.6331624E-02   1.1113338E+01   1.9418874E+00
   2.0412838E+00   1.5814442E-02   1.0929393E+01   1.9426023E+00
   2.0444212E+00   1.0234079E-02   1.0854507E+01   1.9427063E+00
   2.0475669E+00   1.4199863E-02   1.0713189E+01   1.9427886E+00
   2.0514832E+00   8.4677469E-03   1.0454745E+01   1.9432456E+00
   2.0546417E+00   3.4092204E-03   1.0329396E+01   1.9434290E+00
   2.0577962E+00   1.0960434E-02   1.0130161E+01   1.9435111E+00
   2.0609646E+00   6.3648570E-04   1.0007175E+01   1.9436496E+00
   2.0641332E+00   4.7143636E-05   9.8396235E+00   1.9436744E+00
   2.0680869E+00   8.0908503E-04   9.5511665E+00   1.9438361E+00
   2.0711136E+00   1.3471914E-04   9.3995361E+00   1.9442295E+00
   2.0747838E+00  -8.1147291E-03   9.2581358E+00   1.9444131E+00
   2.0777078E+00   8.5847941E-04   9.0945692E+00   1.9444389E+00
   2.0813553E+00  -7.0009695E-04   8.8030739E+00   1.9446214E+00
   2.0842712E+00  -2.3124032E-03   8.6491327E+00   1.9448427E+00
   2.0878675E+00  -6.4452151E-03   8.4596510E+00   1.9450569E+00
   2.0914066E+00  -7.8929169E-03   8.2076197E+00   1.9451672E+00
   2.0942080E+00  -7.0967190E-03   7.9981017E+00   1.9451096E+00
   2.0976813E+00  -5.9276717E-03   7.7916856E+00   1.9449686E+00
   2.1011279E+00  -1.0949651E-02   7.5671773E+00   1.9446846E+00
   2.1045527E+00  -2.0240022E-02   7.3539352E+00   1.9444048E+00
   2.1079600E+00  -1.4511495E-02   7.1248770E+00   1.9440606E+00
   2.1113548E+00  -1.5982563E-02   6.8566542E+00   1.9437026E+00
   2.1147492E+00  -1.5232351E-02   6.6078148E+00   1.9433135E+00
   2.1181595E+00  -1.5034373E-02   6.3889809E+00   1.9429635E+00
   2.1216228E+00  -1.7486982E-02   6.1717095E+00   1.9426771E+00
   2.1244471E+00  -1.8424179E-02   5.9664927E+00   1.9424391E+00
   2.1279719E+00  -1.7022705E-02   5.6898966E+00   1.9421642E+00
   2.1314902E+00  -1.6761126E-02   5.4468670E+00   1.9419456E+00
   2.1343000E+00  -2.1434352E-02   5.2287364E+00   1.9417322E+00
   2.1378140E+00  -1.8541394E-02   5.0132437E+00   1.9413023E+00
   2.1412909E+00  -2.8884036E-02   4.7306170E+00   1.9407318E+00
   2.1447306E+00  -1.9408504E-02   4.4864750E+00   1.9402546E+00
   2.1481924E+00  -1.7530302E-02   4.2056270E+00   1.9394698E+00
   2.1516597E+00  -2.5263391E-02   4.0135980E+00   1.9387106E+00
   2.1544151E+00  -1.8759146E-02   3.8856153E+00   1.9385715E+00
   2.1578405E+00  -2.0815704E-02   3.6200373E+00   1.9380724E+00
   2.1614726E+00  -1.7947957E-02   3.1253386E+00   1.9366000E+00
   2.1643548E+00  -2.2448860E-02   3.0245640E+00   1.9359400E+00
   2.1679685E+00  -2.1465730E-02   2.9496017E+00   1.9361457E+00
   2.1715033E+00  -1.9779528E-02   2.7186942E+00   1.9359411E+00
   2.1748896E+00  -2.1207696E-02   2.3257356E+00   1.9345906E+00
   2.1782801E+00  -3.8536258E-02   2.1588850E+00   1.9342623E+00
   2.1816914E+00  -2.1993840E-02   1.8878757E+00   1.9334033E+00
   2.1845667E+00  -2.3638980E-02   1.6651591E+00   1.9331104E+00
   2.1881099E+00  -2.5496420E-02   1.4328289E+00   1.9324245E+00
   2.1916056E+00  -3.4139089E-02   1.2102545E+00   1.9318908E+00
   2.1950698E+00  -3.9443597E-02   9.7987264E-01   1.9315740E+00
   2.1978583E+00  -1.8734602E-02   7.2843587E-01   1.9305166E+00
   2.2014682E+00  -3.2922618E-02   4.3400234E-01   1.9293733E+00
   2.2050090E+00  -1.7107334E-02   3.9289325E-01   1.9286040E+00
   2.2078128E+00  -3.3792213E-02   7.6399945E-02   1.9281571E+00
   2.2112234E+00  -2.7133461E-02   8.9094453E-02   1.9280738E+00
   2.2146146E+00  -3.9007589E-02  -2.4676435E-01   1.9276212E+00
   2.2181487E+00  -1.8276503E-02  -5.7407051E-01   1.9256678E+00
   2.2216318E+00  -3.9657954E-02  -6.7833209E-01   1.9257772E+00
   2.2250390E+00  -8.6762898E-02  -9.1435313E-01   1.9243554E+00
   2.2284021E+00  -2.1887291E-03  -1.1057532E+00   1.9237347E+00
   2.2318690E+00  -3.0289449E-02  -1.3077971E+00   1.9235404E+00
   2.2346318E+00  -5.8097444E-02  -1.3330220E+00   1.9234070E+00
   2.2380390E+00  -1.1200818E-02  -1.7175601E+00   1.9221236E+00
   2.2414196E+00  -1.0605659E-01  -1.6817834E+00   1.9208659E+00
   2.2448843E+00   8.2220783E-04  -1.8843527E+00   1.9198077E+00
   2.2484357E+00   3.5008448E-03  -2.4905713E+00   1.9191927E+00
   2.2517004E+00  -9.9612109E-02  -2.3719707E+00   1.9199095E+00
   2.2546816E+00  -3.5174500E-02  -2.5732861E+00   1.9190675E+00
   2.2579269E+00  -1.5927825E-02  -2.8407152E+00   1.9171852E+00
   2.2615380E+00  -8.9747697E-02  -2.8967633E+00   1.9143349E+00
   2.2650208E+00  -2.1899709E-02  -3.1410806E+00   1.9128836E+00
   2.2685149E+00   2.9783659E-03  -3.2255008E+00   1.9143592E+00
   2.2714748E+00  -1.1594169E-01  -3.2867098E+00   1.9139943E+00
   2.2750466E+00  -1.0380030E-03  -3.6244524E+00   1.9116055E+00
   2.2785811E+00  -5.7711486E-02  -3.6987090E+00   1.9099485E+00
   2.2815287E+00  -2.7504124E-02  -3.8945217E+00   1.9090617E+00
   2.2852149E+00  -8.8863380E-02  -4.0113540E+00   1.9077017E+00
   2.2881610E+00  -3.3966780E-02  -4.1611524E+00   1.9068077E+00
   2.2919176E+00  -2.5689986E-02  -4.4111180E+00   1.9046510E+00
   2.2948334E+00  -4.3033686E-02  -4.5563655E+00   1.9048227E+00
   2.2984769E+00  -2.9684337E-02  -4.5918212E+00   1.9037575E+00
   2.3017094E+00  -4.3325208E-02  -4.8164239E+00   1.9012649E+00
   2.3052797E+00  -1.1870266E-01  -4.9158878E+00   1.9000638E+00
   2.3080759E+00   5.0484508E-02  -5.3429523E+00   1.8988805E+00
   2.3119564E+00  -7.8699905E-03  -5.5645275E+00   1.8977669E+00
   2.3151267E+00  -4.2512644E-02  -5.2777524E+00   1.8957627E+00
   2.3184288E+00  -1.7825969E-01  -5.4392438E+00   1.8947281E+00
   2.3215041E+00   1.6748002E-02  -5.6665983E+00   1.8914841E+00
   2.3249977E+00  -7.7818684E-02  -5.7757492E+00   1.8920559E+00
   2.3279252E+00  -1.8473824E-02  -5.9487104E+00   1.8915571E+00
   2.3318932E+00  -3.1257540E-02  -5.9757752E+00   1.8889534E+00
   2.3348210E+00  -5.0761558E-02  -6.0441961E+00   1.8853636E+00
   2.3385572E+00   6.6309646E-02  -6.5778027E+00   1.8863387E+00
   2.3418860E+00  -9.3848981E-02  -6.6107955E+00   1.8856665E+00
   2.3455112E+00  -1.4453700E-01  -6.8008361E+00   1.8830848E+00
   2.3482895E+00  -1.6278566E-01  -6.7867661E+00   1.8802491E+00
   2.3521056E+00  -1.4394245E-01  -6.7340617E+00   1.8791641E+00
   2.3549480E+00   8.6714067E-02  -7.3686275E+00   1.8783345E+00
   2.3582184E+00   5.6547139E-02  -7.4607191E+00   1.8769228E+00
   2.3614740E+00  -9.0759233E-02  -7.4619613E+00   1.8757610E+00
   2.3653989E+00  -6.6971883E-02  -7.3401489E+00   1.8719366E+00
   2.3684621E+00  -1.5692869E-02  -7.6164856E+00   1.8709193E+00
   2.3719716E+00   1.1561275E-01  -7.5516677E+00   1.8712361E+00
   2.3755324E+00  -2.6183599E-01  -8.1872520E+00   1.8695880E+00
   2.3781450E+00  -3.8046926E-01  -8.2301254E+00   1.8681672E+00
   2.3818491E+00  -1.4226606E-01  -7.9305401E+00   1.8650013E+00
   2.3851898E+00  -8.0686890E-02  -8.1478777E+00   1.8641016E+00
   2.3884830E+00  -8.7795585E-02  -8.4409857E+00   1.8637540E+00
   2.3920825E+00  -1.4438206E-01  -8.5970078E+00   1.8618847E+00
   2.3956270E+00   3.0644837E-01  -9.0319500E+00   1.8598697E+00
   2.3982477E+00  -9.4466127E-02  -8.6551218E+00   1.8574619E+00
   2.4016957E+00  -2.4601872E-01  -8.9496851E+00   1.8569860E+00
   2.4051220E+00  -3.9343564E-03  -9.0513582E+00   1.8558732E+00
   2.4084988E+00   1.1007661E-01  -9.3227005E+00   1.8553652E+00
   2.4118607E+00  -6.6089675E-02  -9.2602520E+00   1.8522419E+00
   2.4156306E+00  -1.5644683E-01  -9.2207403E+00   1.8499880E+00
   2.4188278E+00   1.0491092E-02  -9.5911608E+00   1.8499018E+00
   2.4220126E+00  -1.0846778E-01  -9.6108627E+00   1.8492663E+00
   2.4253635E+00  -1.5256874E-01  -9.7844419E+00   1.8461484E+00
   2.4289510E+00  -3.2109760E-03  -9.8780975E+00   1.8452220E+00
   2.4320345E+00  -3.9000403E-02  -9.7816734E+00   1.8437355E+00
   2.4351692E+00  -1.0250869E-01  -9.8602610E+00   1.8424320E+00
   2.4383640E+00  -1.2706785E-01  -9.9520540E+00   1.8401254E+00
   2.4423454E+00  -4.5649771E-02  -1.0097266E+01   1.8384305E+00
   2.4455020E+00   2.2828331E-02  -1.0241776E+01   1.8375256E+00
   2.4486248E+00  -9.0671681E-02  -1.0218254E+01   1.8363844E+00
   2.4517093E+00  -3.7189584E-02  -1.0360461E+01   1.8339305E+00
   2.4555054E+00  -4.8482496E-02  -1.0442893E+01   1.8317358E+00
   2.4584973E+00  -6.1052766E-02  -1.0408465E+01   1.8306587E+00
   2.4621820E+00  -6.6170588E-02  -1.0551191E+01   1.8298568E+00
   2.4650786E+00  -6.6512629E-02  -1.0589067E+01   1.8277605E+00
   2.4686391E+00  -3.0368268E-02  -1.0668432E+01   1.8264459E+00
   2.4721906E+00   3.1998243E-02  -1.0688075E+01   1.8238442E+00
   2.4756484E+00   1.5860757E-02  -1.0725033E+01   1.8213754E+00
   2.4784489E+00  -9.9696606E-02  -1.0743409E+01   1.8208736E+00
   2.4818416E+00  -6.0705312E-02  -1.0773168E+01   1.8195244E+00
   2.4852712E+00  -5.0280605E-02  -1.0844136E+01   1.8179746E+00
   2.4886739E+00  -3.8340155E-02  -1.0833287E+01   1.8159232E+00
   2.4920716E+00  -8.9966178E-02  -1.0907515E+01   1.8132534E+00
   2.4955389E+00   3.0575689E-02  -1.0945511E+01   1.8114390E+00
   2.4989927E+00   4.3873803E-04  -1.0864200E+01   1.8103802E+00
   2.5024128E+00  -2.2134090E-02  -1.0934598E+01   1.8085424E+00
   2.5051391E+00  -9.3357442E-03  -1.0884623E+01   1.8075296E+00
   2.5085485E+00   4.2832635E-02  -1.0877618E+01   1.8057007E+00
   2.5119264E+00  -2.3150630E-02  -1.0868259E+01   1.8035667E+00
   2.5153072E+00  -1.1928774E-01  -1.0810362E+01   1.8021259E+00
   2.5187349E+00   8.5133500E-02  -1.0837206E+01   1.7999767E+00
   2.5221217E+00   5.6758882E-03  -1.0830570E+01   1.7993450E+00
   2.5255327E+00  -1.7225295E-02  -1.0844473E+01   1.7975531E+00
   2.5289605E+00  -4.4934306E-02  -1.0902929E+01   1.7958850E+00
   2.5323684E+00   1.9001182E-02  -1.0805323E+01   1.7949682E+00
   2.5357087E+00   2.0322675E-02  -1.0757957E+01   1.7918862E+00
   2.5390818E+00   2.9373001E-02  -1.0727290E+01   1.7900165E+00
   2.5424883E+00   1.6211161E-02  -1.0722829E+01   1.7901087E+00
   2.5458694E+00   5.9041094E-02  -1.0641941E+01   1.7896278E+00
   2.5485609E+00  -5.4511093E-02  -1.0534175E+01   1.7857239E+00
   2.5519202E+00   1.3943570E-02  -1.0523718E+01   1.7843130E+00
   2.5552766E+00   2.2848658E-02  -1.0460849E+01   1.7850325E+00
   2.5586152E+00   1.8157441E-02  -1.0398038E+01   1.7843918E+00
   2.5625646E+00  -1.7476041E-02  -1.0305880E+01   1.7803246E+00
   2.5658605E+00   2.6069842E-02  -1.0222165E+01   1.7795378E+00
   2.5691783E+00   2.4880752E-02  -1.0146332E+01   1.7793429E+00
   2.5725236E+00   1.9139428E-02  -1.0108546E+01   1.7788390E+00
   2.5758889E+00   3.1951717E-03  -1.0021124E+01   1.7752887E+00
   2.5792594E+00   1.7455848E-02  -1.0023664E+01   1.7750219E+00
   2.5825348E+00   2.9435949E-02  -9.9279423E+00   1.7746294E+00
   2.5858228E+00   1.3607105E-02  -9.7217083E+00   1.7723469E+00
   2.5891635E+00   4.6960987E-02  -9.7659712E+00   1.7713870E+00
   2.5924950E+00   3.3342842E-02  -9.6183128E+00   1.7704688E+00
   2.5958188E+00   1.2253113E-02  -9.4783516E+00   1.7694262E+00
   2.5991275E+00   1.8770846E-02  -9.4594908E+00   1.7683294E+00
   2.6023836E+00   1.2900915E-02  -9.3193340E+00   1.7672616E+00
   2.6055243E+00   7.2883959E-03  -9.1960421E+00   1.7659945E+00
   2.6092701E+00   2.0196686E-02  -9.1400690E+00   1.7646590E+00
   2.6124220E+00   1.5006614E-02  -8.9896984E+00   1.7639077E+00
   2.6155987E+00   2.3685096E-02  -8.8487844E+00   1.7628261E+00
   2.6188030E+00   1.2027045E-02  -8.7412148E+00   1.7619179E+00
   2.6220629E+00   1.2246939E-02  -8.6858959E+00   1.7612224E+00
   2.6259511E+00   1.4841508E-02  -8.4937391E+00   1.7596858E+00
   2.6291492E+00   2.0977659E-02  -8.3671417E+00   1.7582186E+00
   2.6322982E+00   3.1978902E-03  -8.2856274E+00   1.7573811E+00
   2.6354780E+00   1.5110414E-02  -8.1747713E+00   1.7566929E+00
   2.6393955E+00   2.0067936E-02  -8.0318823E+00   1.7553104E+00
   2.6427345E+00   3.5918321E-02  -7.9529414E+00   1.7542298E+00
   2.6454260E+00   4.2164937E-02  -7.8953276E+00   1.7529756E+00
   2.6488023E+00   2.8716994E-02  -7.6949797E+00   1.7518275E+00
   2.6521933E+00   1.4048274E-02  -7.6176810E+00   1.7513229E+00
   2.6556120E+00   1.8688584E-02  -7.5148482E+00   1.7501357E+00
   2.6590633E+00   4.5047794E-02  -7.3948321E+00   1.7488687E+00
   2.6625316E+00   3.1199856E-02  -7.2020555E+00   1.7474674E+00
   2.6660216E+00   1.3948502E-02  -7.0973268E+00   1.7462579E+00
   2.6688409E+00   7.1401801E-03  -7.0467081E+00   1.7456023E+00
   2.6723332E+00   1.6082732E-02  -6.8929663E+00   1.7449919E+00
   2.6758058E+00   1.6112458E-02  -6.7488337E+00   1.7439663E+00
   2.6792295E+00   1.2505476E-02  -6.6165848E+00   1.7423694E+00
   2.6827016E+00   1.8183617E-02  -6.5145903E+00   1.7413585E+00
   2.6861670E+00   1.2121654E-02  -6.4396615E+00   1.7408689E+00
   2.6889536E+00   1.5542133E-02  -6.2889948E+00   1.7402598E+00
   2.6924596E+00   1.8131679E-02  -6.1846976E+00   1.7389362E+00
   2.6959567E+00   1.4854180E-02  -6.1037936E+00   1.7377077E+00
   2.6994202E+00   1.6631370E-02  -5.9831524E+00   1.7370421E+00
   2.7028410E+00   1.5376683E-02  -5.8929653E+00   1.7365532E+00
   2.7055964E+00   1.2561326E-02  -5.7463579E+00   1.7358831E+00
   2.7090750E+00   6.9385786E-03  -5.6583109E+00   1.7348288E+00
   2.7123964E+00   1.7805751E-02  -5.5778375E+00   1.7339143E+00
   2.7158041E+00   1.0010029E-02  -5.4691286E+00   1.7333585E+00
   2.7193024E+00   5.9333448E-03  -5.3790565E+00   1.7330135E+00
   2.7227499E+00   2.8976321E-02  -5.3085670E+00   1.7323908E+00
   2.7260580E+00   1.3474440E-02  -5.1422844E+00   1.7312067E+00
   2.7295256E+00   7.1906853E-03  -5.0870514E+00   1.7303782E+00
   2.7328568E+00   9.2092799E-03  -5.0306530E+00   1.7301555E+00
   2.7356434E+00   1.6102362E-02  -4.9739161E+00   1.7300136E+00
   2.7391610E+00   1.0875010E-02  -4.8798957E+00   1.7294266E+00
   2.7426741E+00   1.1830852E-02  -4.7914596E+00   1.7283045E+00
   2.7461915E+00   1.2153578E-02  -4.7245188E+00   1.7274741E+00
   2.7490108E+00   1.2149815E-02  -4.7304330E+00   1.7273905E+00
   2.7525451E+00   9.8777693E-03  -4.5889182E+00   1.7273042E+00
   2.7561035E+00   1.2500626E-02  -4.5276837E+00   1.7267141E+00
   2.7596438E+00   1.1137352E-02  -4.4842119E+00   1.7259386E+00
   2.7624500E+00   1.3000235E-02  -4.3967738E+00   1.7255096E+00
   2.7658653E+00   1.2680690E-02  -4.3316698E+00   1.7250988E+00
   2.7693460E+00   1.4784914E-02  -4.2675247E+00   1.7248451E+00
   2.7728350E+00   1.4295071E-02  -4.2326283E+00   1.7246639E+00
   2.7762640E+00   1.5633486E-02  -4.1640282E+00   1.7242795E+00
   2.7796254E+00   1.7237153E-02  -4.1415815E+00   1.7237329E+00
   2.7829716E+00   2.2984399E-02  -4.0373974E+00   1.7233013E+00
   2.7863297E+00   1.5271694E-02  -4.0016212E+00   1.7228352E+00
   2.7896566E+00   1.3202057E-02  -3.9633520E+00   1.7225727E+00
   2.7930574E+00   2.2786750E-02  -3.9329205E+00   1.7224718E+00
   2.7958219E+00   3.6721013E-02  -3.8752449E+00   1.7221664E+00
   2.7992127E+00   2.2795748E-02  -3.8333764E+00   1.7214775E+00
   2.8024893E+00   2.8007340E-02  -3.7394917E+00   1.7210244E+00
   2.8059049E+00   2.9374503E-02  -3.7574558E+00   1.7208005E+00
   2.8093255E+00   3.2778267E-02  -3.6770728E+00   1.7205838E+00
   2.8126779E+00   3.3231825E-02  -3.6360328E+00   1.7200980E+00
   2.8160498E+00   3.0681981E-02  -3.6245012E+00   1.7194501E+00
   2.8194270E+00   5.5081133E-02  -3.5689235E+00   1.7190924E+00
   2.8228388E+00   3.8372345E-02  -3.4981730E+00   1.7189660E+00
   2.8262408E+00   3.3635929E-02  -3.4862812E+00   1.7186643E+00
   2.8296390E+00   3.8225517E-02  -3.3898420E+00   1.7178890E+00
   2.8330345E+00   4.0783636E-02  -3.4068711E+00   1.7176462E+00
   2.8364093E+00   3.9594341E-02  -3.3737612E+00   1.7175875E+00
   2.8397443E+00   4.0361725E-02  -3.3247910E+00   1.7175045E+00
   2.8430629E+00   4.0375508E-02  -3.1992149E+00   1.7167916E+00
   2.8464334E+00   4.0917546E-02  -3.2146811E+00   1.7163996E+00
   2.8497944E+00   4.4105455E-02  -3.1899312E+00   1.7161340E+00
   2.8531606E+00   4.3148510E-02  -3.1570487E+00   1.7160800E+00
   2.8565211E+00   4.4300821E-02  -3.0557065E+00   1.7158285E+00
   2.8598571E+00   4.4097874E-02  -3.0213330E+00   1.7153542E+00
   2.8631825E+00   4.5218579E-02  -2.9836581E+00   1.7147272E+00
   2.8665197E+00   4.9355671E-02  -2.9703469E+00   1.7147369E+00
   2.8698637E+00   4.9390268E-02  -2.9189425E+00   1.7147927E+00
   2.8732100E+00   4.6924580E-02  -2.8699367E+00   1.7145983E+00
   2.8765564E+00   5.0190996E-02  -2.8051116E+00   1.7141513E+00
   2.8799019E+00   4.9377959E-02  -2.7637484E+00   1.7137685E+00
   2.8832440E+00   5.0611857E-02  -2.7369180E+00   1.7137908E+00
   2.8865793E+00   5.3762209E-02  -2.7016225E+00   1.7141255E+00
   2.8899124E+00   5.0530724E-02  -2.5943761E+00   1.7138366E+00
   2.8932455E+00   5.1491473E-02  -2.5857925E+00   1.7136980E+00
   2.8965802E+00   5.2278850E-02  -2.5297902E+00   1.7136283E+00
   2.8999159E+00   5.2112333E-02  -2.4842165E+00   1.7137808E+00
   2.9032531E+00   5.2614402E-02  -2.4054506E+00   1.7138069E+00
   2.9065962E+00   5.2156579E-02  -2.3555174E+00   1.7137818E+00
   2.9099493E+00   5.6144007E-02  -2.3311436E+00   1.7137301E+00
   2.9133153E+00   5.5863559E-02  -2.3031042E+00   1.7137065E+00
   2.9160190E+00   5.4394566E-02  -2.1990380E+00   1.7138594E+00
   2.9194076E+00   5.1251847E-02  -2.1257122E+00   1.7139895E+00
   2.9228094E+00   5.8881145E-02  -2.1008546E+00   1.7137369E+00
   2.9262006E+00   5.5139840E-02  -2.0496972E+00   1.7139081E+00
   2.9296300E+00   5.1057212E-02  -1.9940760E+00   1.7141455E+00
   2.9330382E+00   5.4752797E-02  -1.8944818E+00   1.7143304E+00
   2.9364953E+00   5.4936130E-02  -1.8090166E+00   1.7142978E+00
   2.9399252E+00   5.0956070E-02  -1.7519373E+00   1.7145878E+00
   2.9433453E+00   5.3925510E-02  -1.7245159E+00   1.7149209E+00
   2.9460704E+00   5.3056642E-02  -1.6441305E+00   1.7152646E+00
   2.9495497E+00   4.9453858E-02  -1.5531250E+00   1.7152941E+00
   2.9530387E+00   4.7019158E-02  -1.4838734E+00   1.7155752E+00
   2.9565234E+00   4.8668448E-02  -1.4243349E+00   1.7159306E+00
   2.9600205E+00   4.7756661E-02  -1.3465058E+00   1.7162912E+00
   2.9628282E+00   4.7124937E-02  -1.2867496E+00   1.7164429E+00
   2.9663391E+00   4.5600820E-02  -1.2048811E+00   1.7165351E+00
   2.9697225E+00   4.4495139E-02  -1.1628281E+00   1.7166352E+00
   2.9731607E+00   4.5759387E-02  -1.0721269E+00   1.7168714E+00
   2.9766829E+00   4.5027964E-02  -9.8161292E-01   1.7170740E+00
   2.9795151E+00   4.1866597E-02  -8.9876664E-01   1.7171630E+00
   2.9830542E+00   3.5757225E-02  -8.3845180E-01   1.7172729E+00
   2.9865785E+00   3.9985154E-02  -7.6892698E-01   1.7173896E+00
   2.9901044E+00   4.2533956E-02  -6.8746114E-01   1.7175406E+00
   2.9929338E+00   3.8474523E-02  -6.2339121E-01   1.7176812E+00
   2.9964337E+00   4.0832818E-02  -5.1978582E-01   1.7178715E+00
   2.9999585E+00   4.0177666E-02  -4.6164155E-01   1.7180144E+00
   3.0034497E+00   4.1035481E-02  -4.1037771E-01   1.7182976E+00
   3.0067616E+00   3.7348941E-02  -2.8140095E-01   1.7186315E+00
   3.0100515E+00   3.5571944E-02  -1.6738546E-01   1.7188720E+00
   3.0128779E+00   3.7266448E-02  -1.2123799E-01   1.7190522E+00
   3.0163956E+00   3.6530580E-02  -1.1432070E-01   1.7191952E+00
   3.0198970E+00   3.6428094E-02   5.0185110E-02   1.7195503E+00
   3.0234044E+00   3.2712419E-02   1.3336892E-01   1.7199215E+00
   3.0268672E+00   3.6255531E-02   1.7735513E-01   1.7199917E+00
   3.0296278E+00   3.3187997E-02   2.4898306E-01   1.7201254E+00
   3.0331166E+00   3.4559835E-02   3.4350625E-01   1.7204134E+00
   3.0365233E+00   3.4607865E-02   4.1461802E-01   1.7207879E+00
   3.0400124E+00   2.9777050E-02   5.1373452E-01   1.7210939E+00
   3.0435827E+00   2.9982019E-02   5.6646043E-01   1.7212768E+00
   3.0464408E+00   3.7735600E-02   6.2449896E-01   1.7215543E+00
   3.0500131E+00   2.8050806E-02   7.1529478E-01   1.7220366E+00
   3.0534406E+00   2.3520822E-02   7.6080829E-01   1.7224597E+00
   3.0567970E+00   3.7979711E-02   8.8093072E-01   1.7229370E+00
   3.0596635E+00   2.3239555E-02   9.5328575E-01   1.7232611E+00
   3.0632567E+00   2.8049828E-02   9.8276204E-01   1.7236353E+00
   3.0668292E+00   1.8615536E-02   1.0845687E+00   1.7241594E+00
   3.0696907E+00   2.4819415E-02   1.1683292E+00   1.7248296E+00
   3.0732136E+00   1.8465687E-02   1.2155721E+00   1.7252384E+00
   3.0766890E+00   2.2398710E-02   1.2969352E+00   1.7254950E+00
   3.0801711E+00   2.5950668E-02   1.3051791E+00   1.7260436E+00
   3.0835416E+00   1.8984009E-02   1.4750748E+00   1.7267958E+00
   3.0869823E+00   1.5734131E-02   1.5216916E+00   1.7275196E+00
   3.0897419E+00   1.8367412E-02   1.5682089E+00   1.7281286E+00
   3.0931814E+00   1.3688589E-02   1.6485357E+00   1.7286310E+00
   3.0965595E+00   1.5088664E-02   1.6784189E+00   1.7290566E+00
   3.0998828E+00   1.4867087E-02   1.7757777E+00   1.7297965E+00
   3.1032524E+00   1.9044386E-02   1.9032177E+00   1.7307661E+00
   3.1065605E+00   1.0911020E-02   1.8449882E+00   1.7314461E+00
   3.1100149E+00   1.6237892E-02   2.0519042E+00   1.7321261E+00
   3.1134911E+00   1.0103123E-02   2.0365791E+00   1.7330796E+00
   3.1169531E+00   1.3874815E-02   2.1863353E+00   1.7337856E+00
   3.1203883E+00   1.5064669E-02   2.2273655E+00   1.7346743E+00
   3.1231291E+00   1.9931779E-03   2.2542083E+00   1.7352802E+00
   3.1265481E+00   1.1071224E-02   2.3601391E+00   1.7361220E+00
   3.1299508E+00   5.8417246E-03   2.4609673E+00   1.7372433E+00
   3.1334836E+00   6.6843741E-03   2.5104115E+00   1.7378237E+00
   3.1370218E+00   3.8032490E-03   2.5046434E+00   1.7381400E+00
   3.1404643E+00   6.1271684E-03   2.6142466E+00   1.7394137E+00
   3.1431727E+00   5.7902755E-03   2.6304815E+00   1.7402904E+00
   3.1466355E+00   1.2014503E-02   2.7655900E+00   1.7411631E+00
   3.1501489E+00   3.4653367E-03   2.7760077E+00   1.7417774E+00
   3.1535754E+00  -1.3440636E-03   2.7620664E+00   1.7425072E+00
   3.1570086E+00   1.5194810E-03   2.9708662E+00   1.7433426E+00
   3.1605363E+00  -1.3013124E-03   3.0059083E+00   1.7443099E+00
   3.1633615E+00  -5.7617179E-04   3.0259323E+00   1.7447962E+00
   3.1669047E+00  -2.6649805E-03   3.0607660E+00   1.7451650E+00
   3.1703391E+00   7.9297686E-05   3.2245169E+00   1.7466586E+00
   3.1732354E+00   3.8895663E-03   3.2868974E+00   1.7472188E+00
   3.1768765E+00   5.9544737E-04   3.3121793E+00   1.7479283E+00
   3.1804934E+00  -2.1072705E-03   3.3383262E+00   1.7483019E+00
   3.1834092E+00  -1.3670701E-03   3.4494004E+00   1.7487066E+00
   3.1870949E+00   2.4216359E-03   3.5464761E+00   1.7503241E+00
   3.1900566E+00   2.3659780E-03   3.6140721E+00   1.7512832E+00
   3.1937788E+00  -2.5097299E-03   3.6769469E+00   1.7521360E+00
   3.1967704E+00   3.1457210E-05   3.7099290E+00   1.7523050E+00
   3.2004786E+00  -1.0035661E-02   3.7988524E+00   1.7530792E+00
   3.2033911E+00  -4.0826211E-03   3.8892188E+00   1.7541667E+00
   3.2071857E+00  -4.4102911E-03   4.0197482E+00   1.7556000E+00
   3.2102051E+00  -1.1210425E-03   4.0309725E+00   1.7561922E+00
   3.2139726E+00  -8.0088284E-03   4.1280422E+00   1.7568454E+00
   3.2170196E+00  -5.5585909E-03   4.2407279E+00   1.7579020E+00
   3.2201025E+00  -5.4814862E-03   4.2964592E+00   1.7586308E+00
   3.2240167E+00  -5.7307724E-03   4.3615108E+00   1.7591445E+00
   3.2272048E+00  -2.0057019E-03   4.4366846E+00   1.7602152E+00
   3.2304497E+00  -9.3193576E-03   4.5712328E+00   1.7614111E+00
   3.2337492E+00   5.3809020E-03   4.6517215E+00   1.7625059E+00
   3.2370980E+00  -3.2888406E-03   4.7112250E+00   1.7631711E+00
   3.2404952E+00  -1.0681151E-02   4.7834983E+00   1.7640648E+00
   3.2439380E+00  -7.3668612E-03   4.8893094E+00   1.7654585E+00
   3.2474048E+00  -1.0539535E-02   5.0075421E+00   1.7665224E+00
   3.2500119E+00  -5.4862611E-03   5.0747261E+00   1.7675073E+00
   3.2541289E+00  -1.0111796E-02   5.1697469E+00   1.7691884E+00
   3.2567737E+00  -1.1687241E-02   5.2879725E+00   1.7698500E+00
   3.2602918E+00  -5.4155719E-03   5.3627038E+00   1.7705762E+00
   3.2637582E+00  -1.4038035E-02   5.4856453E+00   1.7722009E+00
   3.2672274E+00  -1.5976116E-04   5.5865149E+00   1.7734880E+00
   3.2707071E+00  -1.6702197E-02   5.6783195E+00   1.7744248E+00
   3.2741957E+00  -3.2350500E-03   5.7972312E+00   1.7759135E+00
   3.2768183E+00  -8.4521472E-03   5.8727627E+00   1.7767388E+00
   3.2803209E+00  -9.4496617E-03   5.9890475E+00   1.7777010E+00
   3.2838142E+00  -1.0098678E-02   6.1142220E+00   1.7794495E+00
   3.2872980E+00  -9.7241737E-03   6.2342544E+00   1.7806839E+00
   3.2908268E+00  -6.1679725E-03   6.3432956E+00   1.7823493E+00
   3.2934849E+00  -6.1137993E-03   6.4100280E+00   1.7830344E+00
   3.2969165E+00  -2.0614861E-02   6.4901781E+00   1.7837405E+00
   3.3003690E+00  -3.1367457E-03   6.6695986E+00   1.7856989E+00
   3.3039658E+00  -1.3195118E-02   6.7902875E+00   1.7873156E+00
   3.3075187E+00  -1.3412940E-02   6.8754969E+00   1.7885586E+00
   3.3101838E+00  -1.1650092E-02   6.9435983E+00   1.7891080E+00
   3.3137479E+00  -2.2601329E-02   7.0603456E+00   1.7902936E+00
   3.3173192E+00  -8.9575462E-03   7.1862655E+00   1.7921315E+00
   3.3208985E+00  -1.7661616E-02   7.3626456E+00   1.7953515E+00
   3.3235910E+00   2.9674305E-03   7.4085340E+00   1.7957913E+00
   3.3270228E+00  -2.1254251E-02   7.4870310E+00   1.7958349E+00
   3.3305657E+00  -1.5589292E-02   7.6175942E+00   1.7965724E+00
   3.3342204E+00  -2.6673328E-03   7.7825036E+00   1.7993114E+00
   3.3369298E+00  -4.0134792E-03   7.8431921E+00   1.8004739E+00
   3.3413851E+00  -5.4328255E-03   7.9818206E+00   1.8021249E+00
