  flscon:  version 23.2.0.01  win64 2022 
 FLOW-3D   17:40:50  02/21/2024 ribq     
   hydr3d   version  23.2.0.20 win64     12/04/2023 HYDRO    
 Simulation Template: Free Surface - TruVOF (Default)                            

Mesh Block   1
 printing pfxob, pfyob, pfzob       
       1     1002      0.000E+00      3.341E+00
   time              pfxob_1         pfyob_1         pfzob_1
   0.0000000E+00  -3.1562764E-04   3.9196708E+00  -3.3997551E-01
   7.8676001E-04   8.4644882E-03  -5.4814355E+02   4.3898253E+00
   3.6270570E-03  -5.3543523E-03   3.4247522E+00  -1.3071851E-01
   6.8324520E-03  -2.5590444E-03   3.5628934E+00  -1.5451878E-01
   9.6473284E-03   2.7061778E-04   3.6170106E+00  -1.6583768E-01
   1.2830872E-02  -1.5126751E-03   3.6690025E+00  -1.7664939E-01
   1.6516224E-02  -2.9269981E-04   3.7224908E+00  -1.8250291E-01
   2.0782476E-02   1.3633327E-03   3.7850039E+00  -1.9283339E-01
   2.3994017E-02   8.1092876E-04   3.8180156E+00  -2.0041414E-01
   2.6986526E-02   2.7856703E-03   3.8614786E+00  -1.9572586E-01
   3.0136816E-02  -7.2626601E-04   3.8963492E+00  -2.1223465E-01
   3.3783671E-02  -8.1234780E-04   3.9413800E+00  -2.2977948E-01
   3.6528941E-02   9.7840675E-04   3.9675059E+00  -2.0765407E-01
   3.9555602E-02   2.0280492E-03   3.9972408E+00  -2.2664656E-01
   4.2892493E-02   9.7824680E-04   4.0363874E+00  -2.3175602E-01
   4.7460053E-02   2.5374093E-03   4.0733223E+00  -2.3302078E-01
   5.0517242E-02   1.8167247E-03   4.1096487E+00  -2.3413309E-01
   5.3686801E-02   2.0763753E-03   4.1498284E+00  -2.4328662E-01
   5.6970198E-02   8.8662171E-05   4.2086349E+00  -2.5027150E-01
   6.0365044E-02   1.7318543E-03   4.2083201E+00  -2.6407865E-01
   6.3312642E-02   3.6493917E-03   4.2432032E+00  -2.4337128E-01
   6.7189112E-02   4.4687469E-03   4.2841940E+00  -2.6907533E-01
   6.9801278E-02   2.0421275E-03   4.3264422E+00  -2.6336700E-01
   7.4230023E-02   1.6673212E-03   4.3803816E+00  -2.6968521E-01
   7.7563882E-02   7.9382071E-03   4.4072208E+00  -2.7439129E-01
   7.9356849E-02   2.0724398E-03   4.4250445E+00  -2.7470961E-01
   8.3172753E-02   3.0054825E-03   4.4655719E+00  -2.8066280E-01
   8.6579189E-02  -8.0455077E-04   4.5021791E+00  -2.8977889E-01
   8.9891165E-02   3.2799600E-03   4.5571713E+00  -2.9630786E-01
   9.3542621E-02   4.4875145E-03   4.5578365E+00  -2.9443341E-01
   9.7516410E-02  -4.5102203E-04   4.5856833E+00  -2.9322228E-01
   9.9883847E-02   6.5850816E-04   4.6363707E+00  -3.1321841E-01
   1.0332958E-01   2.8895671E-03   4.6768818E+00  -3.1612492E-01
   1.0731844E-01   1.0164512E-03   4.7143159E+00  -3.2397681E-01
   1.1032116E-01   6.5566851E-03   4.7302375E+00  -3.2616827E-01
   1.1363167E-01   8.1845018E-04   4.7570252E+00  -3.3093262E-01
   1.1723187E-01   1.8484957E-03   4.7935839E+00  -3.3806753E-01
   1.2054119E-01   2.9066163E-03   4.8488264E+00  -3.4678942E-01
   1.2391755E-01   3.1326183E-03   4.8335752E+00  -3.4879953E-01
   1.2744308E-01  -1.0780271E-03   4.9142790E+00  -3.6044869E-01
   1.3107437E-01   3.7839427E-03   4.9148831E+00  -3.6176819E-01
   1.3292110E-01   2.1370610E-03   4.9256253E+00  -3.6607909E-01
   1.3654968E-01   2.9671299E-03   4.9554420E+00  -3.7309596E-01
   1.4013198E-01   2.0626644E-03   5.0375266E+00  -3.8734207E-01
   1.4363465E-01   2.4229870E-03   5.0434332E+00  -3.8560823E-01
   1.4684606E-01   1.7162837E-03   5.0657620E+00  -3.8841635E-01
   1.5020758E-01  -1.5473910E-04   5.1034827E+00  -3.9474496E-01
   1.5409896E-01   1.2633627E-03   5.1368804E+00  -4.0277666E-01
   1.5702830E-01   4.3250397E-03   5.1602039E+00  -4.0650812E-01
   1.6025791E-01   6.2227808E-03   5.1873784E+00  -4.1484457E-01
   1.6381855E-01   2.7224389E-03   5.2229338E+00  -4.1843238E-01
   1.6724052E-01   2.7237067E-03   5.2574077E+00  -4.2476806E-01
   1.7028849E-01   3.2039124E-03   5.2977657E+00  -4.3011886E-01
   1.7407727E-01   7.3013296E-03   5.3204780E+00  -4.3596402E-01
   1.7692937E-01   4.5616175E-03   5.3396997E+00  -4.3926927E-01
   1.8007381E-01   4.2143618E-03   5.3657718E+00  -4.4178373E-01
   1.8354057E-01   2.8952814E-03   5.3965564E+00  -4.4551557E-01
   1.8710662E-01   2.5152436E-03   5.4319358E+00  -4.5125052E-01
   1.9089946E-01   6.1851810E-03   5.4765649E+00  -4.5759264E-01
   1.9327708E-01  -1.2885252E-03   5.4914012E+00  -4.6014467E-01
   1.9687794E-01   7.2545093E-03   5.5279737E+00  -4.5306039E-01
   2.0024051E-01   4.8256726E-03   5.5557675E+00  -4.5313659E-01
   2.0387438E-01  -1.2939713E-03   5.5756326E+00  -4.5971248E-01
   2.0649928E-01   3.2526040E-03   5.5969105E+00  -4.6358463E-01
   2.1078885E-01  -3.7413122E-04   5.6431303E+00  -4.6040013E-01
   2.1370731E-01   6.5184426E-03   5.6700139E+00  -4.5977935E-01
   2.1745844E-01   2.2106252E-03   5.6737452E+00  -4.7433791E-01
   2.2018981E-01   4.8373244E-03   5.6959224E+00  -4.5032343E-01
   2.2432166E-01   5.7716505E-04   5.7371116E+00  -4.6412206E-01
   2.2691363E-01   5.2618836E-03   5.7547088E+00  -4.7628060E-01
   2.3022170E-01   4.8905164E-03   5.7465358E+00  -4.7143170E-01
   2.3351499E-01   3.0401805E-03   5.7878342E+00  -4.7169569E-01
   2.3745343E-01   3.7867825E-03   5.8361292E+00  -4.7723418E-01
   2.4032336E-01   7.6253824E-03   5.8377762E+00  -4.8007411E-01
   2.4401149E-01   6.4822976E-03   5.8566632E+00  -4.5178443E-01
   2.4695897E-01   2.8033720E-03   5.8574829E+00  -4.5715323E-01
   2.5082326E-01   3.8432835E-03   5.9041181E+00  -4.6317682E-01
   2.5368550E-01   7.5831483E-03   5.9121661E+00  -4.8593020E-01
   2.5746748E-01   8.9047728E-03   5.9234028E+00  -4.7083899E-01
   2.6027092E-01  -1.0124535E-02   5.9265842E+00  -5.0414056E-01
   2.6396218E-01   3.7734872E-03   5.9474220E+00  -4.8988146E-01
   2.6760885E-01   7.9846280E-03   5.9593616E+00  -4.8393282E-01
   2.7031627E-01  -5.8448943E-03   5.9816875E+00  -5.3060114E-01
   2.7387863E-01  -1.0636493E-02   5.9813266E+00  -5.0493491E-01
   2.7746266E-01   2.8874369E-03   6.0135298E+00  -5.3007418E-01
   2.8040767E-01  -2.6049331E-04   5.9561391E+00  -5.1419646E-01
   2.8361371E-01  -7.9169270E-04   6.0424938E+00  -5.3509980E-01
   2.8770554E-01   4.4736569E-03   6.0063372E+00  -5.5048138E-01
   2.9068500E-01  -3.9499498E-04   5.9971428E+00  -5.5928367E-01
   2.9392067E-01   1.6847536E-03   6.0054889E+00  -5.5848503E-01
   2.9713377E-01   4.7098924E-03   6.0180259E+00  -5.6651843E-01
   3.0019963E-01   8.3652511E-03   6.0332441E+00  -5.6465167E-01
   3.0382353E-01   1.0672601E-02   6.0212779E+00  -5.9631997E-01
   3.0763698E-01  -8.8236909E-03   6.0147328E+00  -6.0594594E-01
   3.1061944E-01   9.4435858E-03   6.0101366E+00  -6.1948735E-01
   3.1354284E-01  -9.3794037E-03   6.0148277E+00  -5.9939921E-01
   3.1733227E-01  -6.3100383E-03   5.9952459E+00  -6.2516397E-01
   3.2103971E-01  -4.7760289E-03   5.9832172E+00  -6.3257873E-01
   3.2440898E-01   1.7282745E-03   6.0026975E+00  -6.4641297E-01
   3.2706431E-01  -6.9450028E-03   5.9414201E+00  -6.5294313E-01
   3.3104673E-01  -8.5223317E-03   5.9018126E+00  -6.7004383E-01
   3.3437553E-01  -2.8887666E-03   5.8935919E+00  -6.7575538E-01
   3.3766329E-01   2.1123530E-03   5.8972492E+00  -6.8767107E-01
   3.4087989E-01  -7.8330785E-03   5.8545909E+00  -6.9991684E-01
   3.4403256E-01  -4.4784290E-03   5.8341861E+00  -6.9986421E-01
   3.4712467E-01  -2.5376272E-03   5.7791948E+00  -7.1358156E-01
   3.5091907E-01   4.1846288E-03   5.7843981E+00  -7.1853340E-01
   3.5392067E-01   9.3846451E-03   5.7749701E+00  -7.2798842E-01
   3.5761225E-01  -1.3475087E-02   5.7739406E+00  -7.2831023E-01
   3.6052468E-01  -1.0935307E-03   5.7113347E+00  -7.4000865E-01
   3.6414874E-01  -2.2122413E-03   5.6325593E+00  -7.4898213E-01
   3.6783281E-01  -7.8103985E-03   5.6002016E+00  -7.5529015E-01
   3.7079915E-01  -2.7612557E-03   5.6071057E+00  -7.6431417E-01
   3.7439093E-01  -9.0136630E-03   5.5999684E+00  -7.6700878E-01
   3.7752822E-01  -9.9307206E-03   5.4634738E+00  -7.7330935E-01
   3.8063920E-01   1.0479123E-03   5.4318018E+00  -7.8233802E-01
   3.8418999E-01  -1.6712630E-02   5.3933163E+00  -7.8937459E-01
   3.8758799E-01  -1.8281597E-03   5.4286590E+00  -7.8614980E-01
   3.9047348E-01   3.5892772E-03   5.4242263E+00  -7.9081553E-01
   3.9398080E-01   9.1345888E-03   5.2263675E+00  -8.1381440E-01
   3.9748046E-01  -3.3375742E-05   5.1869664E+00  -8.1215203E-01
   4.0068352E-01   1.6283602E-02   5.1843953E+00  -8.1798720E-01
   4.0428925E-01  -1.9909391E-02   5.1438389E+00  -8.2681692E-01
   4.0736356E-01  -1.7167574E-03   5.1154795E+00  -8.3226395E-01
   4.1053605E-01  -3.7505552E-03   5.0218291E+00  -8.3948880E-01
   4.1375208E-01   1.1192522E-02   4.9654498E+00  -8.4875160E-01
   4.1759500E-01  -2.9909892E-03   4.8549576E+00  -8.5617274E-01
   4.2056206E-01  -1.1942349E-02   4.8086305E+00  -8.6829531E-01
   4.2375636E-01   5.5901990E-03   4.7818890E+00  -8.7007099E-01
   4.2761931E-01   1.5266103E-02   4.6798644E+00  -8.8402152E-01
   4.3086702E-01  -6.2519703E-03   4.6014500E+00  -8.9086336E-01
   4.3410021E-01   3.3304424E-03   4.5670476E+00  -8.8716203E-01
   4.3760145E-01  -2.7927132E-02   4.5286169E+00  -8.9299667E-01
   4.4122878E-01   1.4158725E-02   4.3844280E+00  -9.0379530E-01
   4.4391665E-01   4.0246150E-03   4.3255572E+00  -9.1155750E-01
   4.4763011E-01  -1.0269484E-02   4.3110590E+00  -9.2020130E-01
   4.5103195E-01  -3.4238808E-03   4.2191391E+00  -9.2813075E-01
   4.5437238E-01  -3.6045129E-03   4.1500659E+00  -9.3508649E-01
   4.5799863E-01   3.5285330E-03   4.0305552E+00  -9.3812329E-01
   4.6083683E-01  -4.5595076E-03   3.9260950E+00  -9.4943482E-01
   4.6485293E-01   3.6536357E-03   3.8498065E+00  -9.5177323E-01
   4.6827132E-01   9.0177758E-03   3.8201871E+00  -9.5905113E-01
   4.7084463E-01   4.9739690E-03   3.7557313E+00  -9.6212590E-01
   4.7437441E-01   1.1237195E-02   3.6167123E+00  -9.8746300E-01
   4.7757477E-01   8.1024095E-03   3.5281687E+00  -9.9335420E-01
   4.8132548E-01   1.7514594E-02   3.5105281E+00  -9.8993540E-01
   4.8415664E-01  -1.8230470E-02   3.4208596E+00  -9.9946070E-01
   4.8787552E-01   2.5795819E-02   3.2366476E+00  -1.0139689E+00
   4.9099416E-01  -2.6332747E-02   3.1391146E+00  -1.0207579E+00
   4.9441105E-01   2.9957596E-02   3.0836987E+00  -1.0274119E+00
   4.9746487E-01  -2.0876003E-02   3.0694311E+00  -1.0360681E+00
   5.0094086E-01   3.4640156E-02   2.9390399E+00  -1.0455383E+00
   5.0442666E-01  -4.7495987E-04   2.7866371E+00  -1.0534959E+00
   5.0731134E-01   1.1939795E-02   2.7315724E+00  -1.0603431E+00
   5.1119483E-01  -9.1939569E-03   2.6485052E+00  -1.0674948E+00
   5.1472253E-01   1.3544238E-02   2.4808261E+00  -1.0797353E+00
   5.1757526E-01   2.9559713E-02   2.4255195E+00  -1.0885326E+00
   5.2074915E-01  -3.1898443E-02   2.3493114E+00  -1.0924233E+00
   5.2397102E-01   6.7863818E-03   2.2345531E+00  -1.1005563E+00
   5.2824825E-01   2.5384376E-02   2.1144295E+00  -1.1121799E+00
   5.3095526E-01  -2.9970083E-02   2.0275679E+00  -1.1207132E+00
   5.3447980E-01   8.6119743E-03   1.8981880E+00  -1.1351799E+00
   5.3798860E-01  -3.8788209E-03   1.7664610E+00  -1.1362803E+00
   5.4110807E-01  -7.3150191E-03   1.7127838E+00  -1.1372806E+00
   5.4457945E-01  -8.7949783E-03   1.6359102E+00  -1.1495408E+00
   5.4790056E-01  -1.4090862E-03   1.5401491E+00  -1.1581416E+00
   5.5124593E-01  -2.9236174E-03   1.4042782E+00  -1.1655475E+00
   5.5445886E-01  -8.9407442E-03   1.1920129E+00  -1.1710559E+00
   5.5754405E-01  -7.8191012E-03   1.1374477E+00  -1.1801020E+00
   5.6130195E-01   1.3712784E-03   1.1096498E+00  -1.1864127E+00
   5.6488657E-01  -1.5261127E-03   9.7990364E-01  -1.1903759E+00
   5.6775069E-01   2.8467519E-04   8.3049881E-01  -1.1904905E+00
   5.7154536E-01  -7.3046261E-03   6.5643209E-01  -1.1993316E+00
   5.7429516E-01   2.6893637E-03   6.1782885E-01  -1.1981061E+00
   5.7815111E-01  -4.8231729E-03   5.3082365E-01  -1.2092997E+00
   5.8159006E-01  -2.7119811E-03   3.7938294E-01  -1.2007563E+00
   5.8491534E-01  -1.2014975E-02   1.9861856E-01  -1.2065799E+00
   5.8803046E-01  -1.9648068E-02   1.0391841E-01  -1.2105750E+00
   5.9110159E-01  -8.6688539E-03   9.8482147E-03  -1.2122799E+00
   5.9483218E-01  -4.0090415E-03  -1.5249055E-02  -1.2090659E+00
   5.9808105E-01  -1.2184748E-02  -8.5042715E-02  -1.2072893E+00
   6.0136157E-01  -3.2545663E-02  -2.0611942E-01  -1.2155503E+00
   6.0469747E-01  -1.2222013E-02  -5.9788978E-01  -1.2098533E+00
   6.0802126E-01  -2.1736609E-02  -6.4414644E-01  -1.2073516E+00
   6.1103457E-01  -8.1452159E-03  -4.9937376E-01  -1.2044282E+00
   6.1503446E-01   1.2569880E-03  -5.4312623E-01  -1.2039508E+00
   6.1782491E-01  -7.1967201E-04  -7.7451873E-01  -1.2030510E+00
   6.2099737E-01  -2.1889513E-02  -9.7650421E-01  -1.1953984E+00
   6.2431788E-01  -2.1525104E-02  -1.0330287E+00  -1.1989137E+00
   6.2772280E-01  -2.2829458E-02  -1.0186889E+00  -1.1977202E+00
   6.3144153E-01  -1.4181208E-02  -1.1373810E+00  -1.1939803E+00
   6.3499272E-01   2.0775385E-03  -1.2943344E+00  -1.1872648E+00
   6.3835704E-01  -3.5869374E-03  -1.4521570E+00  -1.1900063E+00
   6.4115870E-01  -1.8787922E-02  -1.5092411E+00  -1.1860901E+00
   6.4450437E-01  -1.9556731E-02  -1.6156510E+00  -1.1835952E+00
   6.4773709E-01  -2.3986516E-03  -1.5531603E+00  -1.1742592E+00
   6.5183324E-01  -8.8573657E-03  -1.6946088E+00  -1.1687163E+00
   6.5463632E-01  -3.1485748E-02  -1.8473088E+00  -1.1632471E+00
   6.5798026E-01  -1.3533039E-02  -1.9942744E+00  -1.1658189E+00
   6.6107112E-01   2.5572181E-02  -2.0006728E+00  -1.1563808E+00
   6.6514546E-01  -1.3689864E-03  -2.1049314E+00  -1.1448405E+00
   6.6783416E-01  -7.9876008E-03  -2.1214101E+00  -1.1436123E+00
   6.7172587E-01   2.7882254E-02  -2.4071903E+00  -1.1330178E+00
   6.7474264E-01   7.5542456E-03  -2.3975856E+00  -1.1310494E+00
   6.7826819E-01  -1.0398799E-02  -2.4027898E+00  -1.1225957E+00
   6.8158811E-01   1.3919809E-03  -2.4652715E+00  -1.1165106E+00
   6.8483818E-01  -1.0825024E-02  -2.6399837E+00  -1.1067911E+00
   6.8804044E-01  -6.7890333E-03  -2.7308819E+00  -1.1033914E+00
   6.9122285E-01  -2.0172941E-02  -2.7867327E+00  -1.0985501E+00
   6.9511974E-01  -6.0753925E-03  -2.8583679E+00  -1.0846415E+00
   6.9842225E-01  -2.3241716E-02  -2.9261379E+00  -1.0772560E+00
   7.0174223E-01  -4.9126032E-03  -2.9929860E+00  -1.0669392E+00
   7.0515221E-01  -5.5869655E-03  -3.1460757E+00  -1.0587945E+00
   7.0794410E-01  -1.4406445E-02  -3.0898433E+00  -1.0468419E+00
   7.1156675E-01  -3.0656790E-03  -3.2127013E+00  -1.0463635E+00
   7.1519721E-01  -1.5458426E-02  -3.2995567E+00  -1.0334952E+00
   7.1806431E-01  -3.1574843E-03  -3.4369273E+00  -1.0295496E+00
   7.2167677E-01  -1.9333201E-03  -3.4953966E+00  -1.0212849E+00
   7.2480983E-01  -1.5654661E-02  -3.4952829E+00  -1.0116247E+00
   7.2815657E-01  -9.2869131E-03  -3.5619886E+00  -1.0103275E+00
   7.3158759E-01  -1.1671501E-02  -3.6124184E+00  -9.7218698E-01
   7.3497969E-01  -1.2523965E-02  -3.7681231E+00  -9.9515593E-01
   7.3833746E-01  -1.0928089E-02  -3.8090503E+00  -9.8150748E-01
   7.4166870E-01  -1.0332585E-02  -3.8373840E+00  -9.7224492E-01
   7.4497485E-01  -1.3708072E-02  -3.8832214E+00  -9.7151208E-01
   7.4825728E-01  -1.2367311E-02  -3.9856675E+00  -9.5194358E-01
   7.5150973E-01  -1.4997634E-02  -4.0311017E+00  -9.4667339E-01
   7.5474179E-01  -2.4842398E-02  -4.1006145E+00  -9.4031423E-01
   7.5795162E-01  -6.3393624E-03  -4.1378322E+00  -9.2807227E-01
   7.6193488E-01  -5.0842199E-03  -4.1927247E+00  -9.2394829E-01
   7.6497090E-01  -1.0102533E-02  -4.2385626E+00  -9.1580743E-01
   7.6800007E-01  -1.3965821E-02  -4.3000607E+00  -9.0679902E-01
   7.7175301E-01  -1.8079722E-02  -4.3747644E+00  -8.9251375E-01
   7.7529532E-01  -5.1477840E-03  -4.4057775E+00  -8.8882142E-01
   7.7797729E-01  -2.0718290E-03  -4.4297972E+00  -8.7704551E-01
   7.8168201E-01  -1.5263871E-03  -4.5015898E+00  -8.6664927E-01
   7.8513420E-01  -1.6005779E-02  -4.5711074E+00  -8.5431653E-01
   7.8850454E-01  -1.3785365E-02  -4.5920243E+00  -8.4892952E-01
   7.9148400E-01  -6.9198664E-03  -4.6172867E+00  -8.4117013E-01
   7.9540211E-01  -1.7551443E-02  -4.6627378E+00  -8.2584476E-01
   7.9871070E-01   9.9862264E-03  -4.7299728E+00  -8.1798339E-01
   8.0216855E-01  -2.0349370E-02  -4.7819099E+00  -8.1512892E-01
   8.0523884E-01  -1.6551374E-02  -4.7861753E+00  -7.9939193E-01
   8.0860388E-01  -2.2605197E-03  -4.8202538E+00  -7.9366344E-01
   8.1139129E-01  -8.7787630E-03  -4.8720908E+00  -7.8854322E-01
   8.1537580E-01  -4.0292773E-02  -4.8939629E+00  -7.7855682E-01
   8.1877410E-01   2.3241740E-02  -4.9359002E+00  -7.5750852E-01
   8.2158262E-01  -4.5292992E-03  -4.9677501E+00  -7.5638855E-01
   8.2476890E-01  -2.9280774E-02  -4.9827309E+00  -7.4816221E-01
   8.2895774E-01   2.2073867E-02  -5.0128751E+00  -7.4202389E-01
   8.3232039E-01  -6.3136779E-02  -5.0564976E+00  -7.3005319E-01
   8.3547157E-01  -7.8100529E-03  -5.0737042E+00  -7.1933967E-01
   8.3829665E-01   1.0730438E-02  -5.1151433E+00  -7.1048987E-01
   8.4132546E-01  -3.6235403E-02  -5.1093655E+00  -7.0553160E-01
   8.4542763E-01   1.4007944E-02  -5.1584182E+00  -6.9654477E-01
   8.4887224E-01   1.8363856E-02  -5.1962385E+00  -6.8428606E-01
   8.5195833E-01   1.1347788E-02  -5.2159481E+00  -6.8128449E-01
   8.5551715E-01  -2.0649066E-02  -5.2314487E+00  -6.7188746E-01
   8.5864061E-01  -4.5648487E-03  -5.2555466E+00  -6.6195154E-01
   8.6168307E-01  -1.3585507E-02  -5.2843413E+00  -6.5068936E-01
   8.6549914E-01  -1.3863966E-02  -5.2874422E+00  -6.3961285E-01
   8.6839277E-01   7.8018028E-03  -5.3235364E+00  -6.3123012E-01
   8.7225753E-01  -1.8378539E-02  -5.3205857E+00  -6.1598569E-01
   8.7535292E-01  -2.2511235E-02  -5.3561172E+00  -6.1741394E-01
   8.7872344E-01   7.1735110E-04  -5.3868923E+00  -6.1347562E-01
   8.8209373E-01  -5.1395055E-03  -5.3428183E+00  -5.8501923E-01
   8.8543230E-01  -4.4016847E-03  -5.4252758E+00  -5.9456015E-01
   8.8874954E-01  -8.2975384E-03  -5.4054909E+00  -5.8592528E-01
   8.9204371E-01   6.6380380E-03  -5.4077034E+00  -5.7248348E-01
   8.9524287E-01  -4.9304543E-03  -5.4297667E+00  -5.6803888E-01
   8.9842993E-01  -1.9423077E-02  -5.4620199E+00  -5.6395000E-01
   9.0162408E-01   1.7269719E-02  -5.4834638E+00  -5.6470817E-01
   9.0580666E-01   2.3492696E-03  -5.4849725E+00  -5.4582518E-01
   9.0889525E-01  -2.1508727E-02  -5.4920564E+00  -5.3543055E-01
   9.1194415E-01   9.5789516E-03  -5.5072007E+00  -5.4394847E-01
   9.1494358E-01  -9.2626112E-03  -5.4985318E+00  -5.2180099E-01
   9.1884190E-01  -1.2839439E-02  -5.5099511E+00  -5.1006037E-01
   9.2169094E-01  -1.2359174E-02  -5.5098047E+00  -5.1740015E-01
   9.2539430E-01   1.2859721E-02  -5.5308647E+00  -5.0224113E-01
   9.2899626E-01  -6.9041639E-03  -5.5397654E+00  -4.9736336E-01
   9.3167025E-01  -1.1343729E-02  -5.5387678E+00  -4.9668285E-01
   9.3547511E-01   1.7070646E-03  -5.5241656E+00  -4.8795977E-01
   9.3853593E-01   4.3173166E-04  -5.5657191E+00  -4.8116243E-01
   9.4160563E-01   3.5354295E-03  -5.5583825E+00  -4.7306892E-01
   9.4563955E-01   8.7932628E-03  -5.5585637E+00  -4.7183666E-01
   9.4861001E-01   7.4801822E-03  -5.5650144E+00  -4.6645606E-01
   9.5250165E-01   9.5886057E-03  -5.5700674E+00  -4.6318913E-01
   9.5537126E-01   1.3892624E-02  -5.5806785E+00  -4.5952064E-01
   9.5913541E-01   2.7713946E-03  -5.5666890E+00  -4.5098433E-01
   9.6191430E-01   2.0919491E-02  -5.5657949E+00  -4.4633710E-01
   9.6556354E-01   2.2619965E-02  -5.5766792E+00  -4.4186565E-01
   9.6920031E-01   4.6341475E-03  -5.5748954E+00  -4.3416500E-01
   9.7215652E-01   7.4581024E-03  -5.5778637E+00  -4.2660183E-01
   9.7511530E-01   4.7852248E-03  -5.5665512E+00  -4.3050274E-01
   9.7902483E-01  -3.4538561E-03  -5.5582213E+00  -4.2119896E-01
   9.8187649E-01   1.4330002E-02  -5.5493793E+00  -4.0999892E-01
   9.8531902E-01  -3.9439136E-03  -5.5002389E+00  -4.1437486E-01
   9.8881876E-01   4.6709995E-03  -5.5647302E+00  -4.1353628E-01
   9.9183470E-01   1.8911880E-02  -5.5666456E+00  -4.0325919E-01
   9.9533659E-01   2.0891484E-03  -5.5062146E+00  -4.0909225E-01
   9.9870670E-01  -1.9929267E-03  -5.5158234E+00  -3.9795500E-01
   1.0021434E+00   1.0956640E-02  -5.5261621E+00  -3.8677377E-01
   1.0050722E+00   1.0321224E-02  -5.5154219E+00  -3.8847423E-01
   1.0088156E+00   6.0634764E-05  -5.4996891E+00  -3.8261303E-01
   1.0120310E+00   3.0925872E-03  -5.4704032E+00  -3.7874287E-01
   1.0155010E+00   6.2430017E-03  -5.4717660E+00  -3.7275285E-01
   1.0186225E+00   7.2711408E-03  -5.4324994E+00  -3.6695695E-01
   1.0220820E+00   9.9671457E-04  -5.4146380E+00  -3.6089051E-01
   1.0253294E+00   1.4159391E-02  -5.3883867E+00  -3.5019368E-01
   1.0289572E+00   1.5186177E-02  -5.4155283E+00  -3.5203928E-01
   1.0320200E+00  -1.0633097E-02  -5.4293327E+00  -3.4558418E-01
   1.0356599E+00   1.8268483E-02  -5.3587918E+00  -3.3798853E-01
   1.0387461E+00   8.4000835E-03  -5.3359771E+00  -3.3304593E-01
   1.0424526E+00   6.5685757E-03  -5.3255291E+00  -3.2499641E-01
   1.0457313E+00   3.4163017E-02  -5.3643208E+00  -3.2547444E-01
   1.0486913E+00   2.9335674E-02  -5.3118248E+00  -3.2731453E-01
   1.0521556E+00   1.3169553E-02  -5.1992631E+00  -3.1260848E-01
   1.0554348E+00   1.2739199E-02  -5.2236991E+00  -3.0633020E-01
   1.0586650E+00   1.1453769E-02  -5.2406750E+00  -3.0318969E-01
   1.0620776E+00   9.1026174E-03  -5.2100124E+00  -2.9569378E-01
   1.0654474E+00   1.2129870E-02  -5.1743555E+00  -2.9997954E-01
   1.0692227E+00   3.0928487E-03  -5.1324000E+00  -2.8619245E-01
   1.0721350E+00   4.9135229E-03  -5.1308098E+00  -2.8421661E-01
   1.0759690E+00   3.9596977E-03  -5.0809031E+00  -2.8373337E-01
   1.0787021E+00   9.7269490E-03  -5.0721526E+00  -2.7845985E-01
   1.0825108E+00  -6.6030701E-03  -5.0522175E+00  -2.7031595E-01
   1.0855511E+00   5.3815772E-03  -4.9846134E+00  -2.6592022E-01
   1.0895607E+00   5.8242679E-03  -4.9726710E+00  -2.6112658E-01
   1.0926819E+00   2.1708153E-02  -4.9275146E+00  -2.5928125E-01
   1.0957965E+00   1.7710861E-02  -4.9220953E+00  -2.5609523E-01
   1.0989066E+00  -6.6861190E-04  -4.8885283E+00  -2.5209069E-01
   1.1020142E+00   2.4609298E-03  -4.8547916E+00  -2.4658854E-01
   1.1061560E+00   1.5129711E-03  -4.8067360E+00  -2.4231072E-01
   1.1092170E+00   2.2080766E-02  -4.7923741E+00  -2.3685122E-01
   1.1122330E+00   1.6245259E-02  -4.7462077E+00  -2.3477229E-01
   1.1162518E+00   1.4098686E-02  -4.7261720E+00  -2.2880505E-01
   1.1192694E+00   1.0500835E-02  -4.7110519E+00  -2.2711773E-01
   1.1222501E+00   5.5176560E-03  -4.6705551E+00  -2.2535288E-01
   1.1259910E+00   7.7923997E-03  -4.5685625E+00  -2.2478227E-01
   1.1287149E+00   7.0843138E-03  -4.5820017E+00  -2.1716633E-01
   1.1328312E+00   1.1183079E-02  -4.5788808E+00  -2.0981996E-01
   1.1359482E+00   1.2413138E-02  -4.5749621E+00  -2.0718564E-01
   1.1390660E+00   1.0220750E-02  -4.4532204E+00  -2.0326371E-01
   1.1421846E+00   1.7165646E-03  -4.4310913E+00  -1.9981465E-01
   1.1460913E+00  -1.0280854E-02  -4.4477820E+00  -2.0694786E-01
   1.1496555E+00   1.4868266E-02  -4.4024539E+00  -1.9651507E-01
   1.1527411E+00   7.1828663E-03  -4.3708315E+00  -1.8847598E-01
   1.1556880E+00   7.5201760E-03  -4.2826824E+00  -1.9471782E-01
   1.1595961E+00   8.6728428E-03  -4.2630091E+00  -1.8878771E-01
   1.1627182E+00   9.8865973E-03  -4.2387266E+00  -1.8265297E-01
   1.1656215E+00   9.9813091E-03  -4.2257576E+00  -1.7669271E-01
   1.1695232E+00   4.1988348E-03  -4.1667938E+00  -1.7906164E-01
   1.1729360E+00   6.0186378E-04  -4.0993443E+00  -1.7328385E-01
   1.1758969E+00  -1.0400392E-03  -4.1402774E+00  -1.7106755E-01
   1.1789286E+00   1.1179416E-02  -4.0832038E+00  -1.6852437E-01
   1.1829709E+00  -1.8290041E-03  -3.9683316E+00  -1.6584812E-01
   1.1861337E+00   2.6713901E-03  -3.9402153E+00  -1.6307794E-01
   1.1895260E+00  -1.2193641E-04  -3.9344480E+00  -1.5947600E-01
   1.1929432E+00   3.2819632E-02  -3.9138412E+00  -1.6535547E-01
   1.1962923E+00   3.5094062E-03  -3.8572052E+00  -1.5984187E-01
   1.1995771E+00   1.1831522E-03  -3.8013711E+00  -1.5419368E-01
   1.2028017E+00   3.8414032E-03  -3.7798028E+00  -1.5317683E-01
   1.2059696E+00   1.4279991E-03  -3.7579310E+00  -1.4999624E-01
   1.2090837E+00  -2.0725012E-03  -3.6988411E+00  -1.4804740E-01
   1.2121470E+00   2.0567353E-03  -3.6197779E+00  -1.4729473E-01
   1.2161568E+00  -2.2662173E-03  -3.5930569E+00  -1.4439607E-01
   1.2191113E+00  -3.9507765E-03  -3.5658939E+00  -1.3795598E-01
   1.2229843E+00  -2.5853182E-03  -3.5109849E+00  -1.3585977E-01
   1.2258418E+00   4.4318428E-03  -3.4746928E+00  -1.3789366E-01
   1.2295922E+00  -2.9426480E-03  -3.4384804E+00  -1.3674547E-01
   1.2323625E+00   9.9849130E-04  -3.3903186E+00  -1.3389903E-01
   1.2360023E+00   2.4317249E-03  -3.3366513E+00  -1.3132140E-01
   1.2395837E+00  -6.2402722E-04  -3.2560925E+00  -1.2627663E-01
   1.2431097E+00   3.2727947E-04  -3.2372377E+00  -1.2924165E-01
   1.2457194E+00  -1.3315798E-03  -3.2221823E+00  -1.2911284E-01
   1.2491549E+00  -7.8038218E-05  -3.1732333E+00  -1.2623285E-01
   1.2525420E+00  -4.9839803E-04  -3.0859640E+00  -1.2429649E-01
   1.2558831E+00   6.3561606E-03  -3.0572131E+00  -1.2459473E-01
   1.2591802E+00  -3.0624354E-04  -3.0117433E+00  -1.2292467E-01
   1.2624352E+00  -1.5509741E-03  -2.9786091E+00  -1.2183081E-01
   1.2664474E+00  -2.5342002E-03  -2.8872254E+00  -1.1899094E-01
   1.2696141E+00  -4.8059304E-03  -2.8516614E+00  -1.1891048E-01
   1.2727441E+00  -2.5681267E-03  -2.8406107E+00  -1.2131704E-01
   1.2758387E+00  -3.8091389E-03  -2.7841637E+00  -1.1709702E-01
   1.2796595E+00  -8.5105263E-03  -2.6761663E+00  -1.1709116E-01
   1.2826797E+00  -1.4372228E-03  -2.6447840E+00  -1.1826789E-01
   1.2864112E+00  -5.6214528E-03  -2.6086752E+00  -1.1350450E-01
   1.2893627E+00  -5.0766221E-03  -2.5725355E+00  -1.1296073E-01
   1.2930118E+00  -1.1092554E-02  -2.4955585E+00  -1.1096121E-01
   1.2959000E+00  -5.6920601E-03  -2.4475348E+00  -1.1213442E-01
   1.2994728E+00  -3.4489825E-03  -2.4164736E+00  -1.0947063E-01
   1.3030056E+00  -9.6095912E-03  -2.3666751E+00  -1.0828365E-01
   1.3065000E+00  -7.6586190E-03  -2.2949424E+00  -1.0802004E-01
   1.3092688E+00  -3.6855093E-03  -2.2450702E+00  -1.0747746E-01
   1.3126976E+00  -7.7655199E-03  -2.1871290E+00  -1.0491668E-01
   1.3160920E+00  -5.3768377E-03  -2.1248326E+00  -1.0343355E-01
   1.3194530E+00  -3.9350712E-03  -2.0903678E+00  -1.0239731E-01
   1.3227818E+00  -6.2100259E-03  -2.0436425E+00  -1.0170514E-01
   1.3260797E+00  -6.9733462E-03  -1.9743431E+00  -9.9876709E-02
   1.3293475E+00   1.2531817E-03  -1.9119315E+00  -9.7845145E-02
   1.3325864E+00  -8.3813304E-03  -1.8506451E+00  -9.6216649E-02
   1.3364360E+00  -1.3878332E-02  -1.7994127E+00  -9.4447389E-02
   1.3396144E+00  -1.0986299E-02  -1.7609168E+00  -9.3423732E-02
   1.3427665E+00  -9.5048994E-03  -1.6770884E+00  -9.2941530E-02
   1.3465157E+00  -1.2795715E-02  -1.6265509E+00  -9.1745175E-02
   1.3496130E+00  -1.1156599E-02  -1.5994521E+00  -9.1673270E-02
   1.3532300E+00  -9.8820124E-03  -1.5135254E+00  -9.1519579E-02
   1.3562764E+00  -1.0337929E-02  -1.4815210E+00  -8.9938231E-02
   1.3599029E+00  -1.4353849E-02  -1.3829710E+00  -8.8743456E-02
   1.3629011E+00  -1.0623806E-02  -1.3496308E+00  -8.8600852E-02
   1.3664714E+00  -1.3799997E-02  -1.3032535E+00  -8.7247208E-02
   1.3694242E+00  -1.5131662E-02  -1.2464466E+00  -8.8096991E-02
   1.3732514E+00  -1.6946633E-03  -1.1572313E+00  -8.6598568E-02
   1.3765014E+00  -1.6905727E-02  -1.1281015E+00  -8.6471252E-02
   1.3793908E+00  -1.8158043E-02  -1.0962492E+00  -8.4786959E-02
   1.3827357E+00  -1.7035706E-02  -1.0278870E+00  -8.4881917E-02
   1.3863974E+00  -1.4670857E-02  -9.1429925E-01  -8.6465873E-02
   1.3900471E+00  -1.5837502E-02  -8.8062400E-01  -8.6158000E-02
   1.3924739E+00  -1.5422994E-02  -8.6469126E-01  -8.6764723E-02
   1.3961054E+00  -9.8183714E-03  -8.2540810E-01  -8.6641386E-02
   1.3997270E+00  -1.4898011E-02  -7.1762305E-01  -8.6792275E-02
   1.4033240E+00  -1.6739512E-02  -6.2528950E-01  -8.4968291E-02
   1.4068203E+00  -1.6803995E-02  -5.8706349E-01  -8.4652960E-02
   1.4102129E+00  -1.4178351E-02  -5.1606673E-01  -8.3566092E-02
   1.4136090E+00  -1.4621315E-02  -4.5309702E-01  -8.3823830E-02
   1.4160434E+00  -1.6658656E-02  -3.9901677E-01  -8.2846254E-02
   1.4197421E+00  -1.4948444E-02  -3.2531255E-01  -8.3183639E-02
   1.4234248E+00  -1.6684802E-02  -2.8972712E-01  -8.3745629E-02
   1.4260625E+00  -1.2008886E-02  -2.6839530E-01  -8.5069619E-02
   1.4295007E+00  -1.1277724E-02  -1.2528664E-01  -8.5040867E-02
   1.4336799E+00  -1.5017975E-02  -5.1536515E-02  -8.2192786E-02
   1.4360667E+00  -1.4065121E-02  -1.7928347E-02  -8.1511736E-02
   1.4396838E+00  -1.0751175E-02   4.1752607E-02  -8.4173068E-02
   1.4432786E+00  -1.2114810E-02   9.3738988E-02  -8.4293090E-02
   1.4468769E+00  -1.1901395E-02   1.6137125E-01  -8.5693568E-02
   1.4492713E+00  -1.0861618E-02   2.1709183E-01  -8.5956767E-02
   1.4535156E+00  -1.4878913E-02   3.1108251E-01  -8.6783029E-02
   1.4561778E+00  -1.4059681E-02   3.6026913E-01  -8.8417150E-02
   1.4603913E+00  -1.2885329E-02   4.5986131E-01  -8.5697636E-02
   1.4627709E+00  -9.3778567E-03   4.8665717E-01  -8.6168781E-02
   1.4662803E+00  -1.2389801E-02   5.6439245E-01  -8.7615944E-02
   1.4698136E+00  -1.0377530E-02   6.4574939E-01  -8.9054719E-02
   1.4733956E+00  -9.0087866E-03   7.0562780E-01  -8.9797154E-02
   1.4769837E+00  -8.2519222E-03   7.5250196E-01  -9.0940297E-02
   1.4793797E+00  -9.2770681E-03   8.1827390E-01  -9.1313027E-02
   1.4829185E+00  -1.0016220E-02   9.1447020E-01  -9.2634134E-02
   1.4865209E+00  -9.2340028E-03   9.7805160E-01  -9.2923746E-02
   1.4901358E+00  -9.0175094E-03   1.0185374E+00  -9.3666427E-02
   1.4937576E+00  -8.8248942E-03   1.1162487E+00  -9.5028035E-02
   1.4961759E+00  -2.3601267E-03   1.1619159E+00  -9.4795592E-02
   1.4998083E+00  -4.2921728E-03   1.2273728E+00  -9.6261039E-02
   1.5030518E+00  -6.8271686E-03   1.3347809E+00  -9.8937921E-02
   1.5063034E+00   1.0351250E-02   1.3699096E+00  -9.8224476E-02
   1.5094845E+00  -1.1489687E-02   1.4566480E+00  -1.0068021E-01
   1.5128534E+00  -6.1081313E-03   1.4998846E+00  -1.0403239E-01
   1.5165051E+00  -1.0172192E-02   1.5745898E+00  -1.0337584E-01
   1.5201595E+00  -5.8249971E-03   1.6458777E+00  -1.0636227E-01
   1.5238162E+00  -6.0039721E-03   1.7536976E+00  -1.0810045E-01
   1.5262551E+00  -9.7492933E-03   1.7757289E+00  -1.0953041E-01
   1.5299147E+00  -5.3762002E-03   1.8326955E+00  -1.1310408E-01
   1.5334492E+00   3.4717165E-03   1.9229151E+00  -1.1274650E-01
   1.5369203E+00  -1.1398068E-02   1.9894670E+00  -1.1641026E-01
   1.5405775E+00  -1.8636436E-03   2.0918560E+00  -1.1790176E-01
   1.5430200E+00  -1.7310526E-02   2.1416132E+00  -1.1843131E-01
   1.5466843E+00  -5.4965559E-03   2.1887021E+00  -1.2037741E-01
   1.5503489E+00  -1.0189271E-02   2.2721615E+00  -1.2344908E-01
   1.5527922E+00  -6.0053677E-03   2.3018577E+00  -1.2459353E-01
   1.5565468E+00   1.2653017E-02   2.4145267E+00  -1.2759288E-01
   1.5601254E+00  -2.8939911E-03   2.4809961E+00  -1.2951876E-01
   1.5633068E+00   9.5655182E-03   2.5554378E+00  -1.3176747E-01
   1.5669181E+00  -1.9413484E-02   2.6085918E+00  -1.3364211E-01
   1.5705824E+00  -3.0088872E-03   2.7069299E+00  -1.3431236E-01
   1.5730251E+00  -2.5338335E-03   2.7442601E+00  -1.4097407E-01
   1.5766889E+00   1.1507956E-02   2.8075783E+00  -1.4232028E-01
   1.5803524E+00   2.7436174E-03   2.8889179E+00  -1.4187337E-01
   1.5840156E+00  -5.1839645E-03   2.9542074E+00  -1.4449954E-01
   1.5864575E+00   5.2165757E-03   3.0021377E+00  -1.4673455E-01
   1.5901201E+00  -3.6006549E-03   3.1036489E+00  -1.4899097E-01
   1.5937823E+00  -7.8738120E-04   3.1732373E+00  -1.5207872E-01
   1.5962235E+00   5.9821540E-03   3.2127647E+00  -1.5464744E-01
   1.5998849E+00   7.2703320E-03   3.2781765E+00  -1.5901972E-01
   1.6035455E+00   2.4872601E-03   3.3788178E+00  -1.6126212E-01
   1.6072056E+00   1.6603004E-03   3.4599593E+00  -1.6245992E-01
   1.6096452E+00   1.2895393E-03   3.4885607E+00  -1.5779936E-01
   1.6133040E+00   9.8636909E-04   3.5324912E+00  -1.5434535E-01
   1.6169620E+00  -1.1353645E-02   3.6093369E+00  -1.5997152E-01
   1.6206191E+00   8.4895771E-03   3.6461065E+00  -1.5805741E-01
   1.6230565E+00  -2.6355984E-03   3.6530001E+00  -1.6645190E-01
   1.6272470E+00   1.3373541E-02   3.9248343E+00  -1.9111918E-01
   1.6304482E+00  -8.0974298E-03   3.8177042E+00  -1.6351172E-01
   1.6340114E+00   8.1201429E-03   3.8861728E+00  -1.7510688E-01
   1.6364464E+00   1.3421080E-02   4.0006294E+00  -1.7833146E-01
   1.6400980E+00  -2.1726295E-02   4.1438932E+00  -1.9018014E-01
   1.6436647E+00   3.6519540E-03   4.1529799E+00  -1.8511072E-01
   1.6466100E+00  -1.1030103E-02   4.1861162E+00  -1.8637054E-01
   1.6500043E+00  -1.4240888E-02   4.2591209E+00  -1.8891467E-01
   1.6536520E+00  -1.4695403E-02   4.3616104E+00  -1.9032091E-01
   1.6572987E+00  -8.6910650E-03   4.4228296E+00  -1.9027804E-01
   1.6597267E+00  -1.0606450E-02   4.4840121E+00  -1.9257073E-01
   1.6633024E+00  -1.3393729E-02   4.5514107E+00  -1.8480435E-01
   1.6667852E+00  -1.4961740E-02   4.6036816E+00  -1.8586577E-01
   1.6701667E+00  -1.6386999E-02   4.6630516E+00  -1.8649858E-01
   1.6734494E+00  -1.0676308E-02   4.7458262E+00  -1.9049826E-01
   1.6766515E+00  -1.0344758E-02   4.8331728E+00  -1.9966304E-01
   1.6807784E+00   3.4210507E-02   4.9461174E+00  -2.2268274E-01
   1.6835934E+00  -3.4991175E-02   4.9334164E+00  -1.6505909E-01
   1.6871774E+00  -2.4673440E-02   4.9547591E+00  -1.9058724E-01
   1.6900982E+00  -3.5075985E-03   5.0351620E+00  -1.9906415E-01
   1.6939274E+00  -2.4962602E-02   5.1185350E+00  -1.8639378E-01
   1.6967847E+00  -1.2892080E-02   5.1715140E+00  -1.8490526E-01
   1.7005944E+00  -1.9018838E-02   5.2670913E+00  -1.8187404E-01
   1.7038527E+00  -1.0571349E-02   5.3073101E+00  -1.8547145E-01
   1.7069896E+00   4.2646383E-03   5.3913736E+00  -1.7992781E-01
   1.7108028E+00  -1.7408121E-02   5.4586086E+00  -1.6775720E-01
   1.7134879E+00  -2.7453851E-02   5.4738507E+00  -1.8026572E-01
   1.7165552E+00  -1.6396817E-02   5.5536590E+00  -1.7129721E-01
   1.7207288E+00   1.4213920E-02   5.6203408E+00  -2.1903981E-01
   1.7235438E+00   1.9822682E-03   5.6847954E+00  -1.7149821E-01
   1.7269369E+00  -4.9317568E-03   5.7579083E+00  -1.6616336E-01
   1.7302201E+00   1.3710462E-02   5.7883592E+00  -1.7087103E-01
   1.7339718E+00  -8.1173005E-03   5.8989978E+00  -1.7546725E-01
   1.7371333E+00  -2.2017863E-02   5.9208550E+00  -1.4269158E-01
   1.7409718E+00   1.7623236E-02   5.9975953E+00  -1.6016093E-01
   1.7440529E+00   5.4368237E-04   6.0402074E+00  -1.6030438E-01
   1.7472712E+00  -2.4289224E-02   6.1692820E+00  -1.6726382E-01
   1.7501324E+00   2.1145310E-02   6.1595488E+00  -1.4544524E-01
   1.7538755E+00   1.2965169E-03   6.2236891E+00  -1.5461545E-01
   1.7572327E+00   6.1221085E-03   6.2919068E+00  -1.6035287E-01
   1.7601901E+00   2.1623995E-03   6.3485789E+00  -1.0469414E-01
   1.7638690E+00  -9.2290028E-04   6.4536161E+00  -1.6123088E-01
   1.7675747E+00   3.1919495E-04   6.4616032E+00  -1.3090506E-01
   1.7702730E+00  -3.2587294E-03   6.4921241E+00  -1.6570641E-01
   1.7733965E+00  -6.7970892E-03   6.5679398E+00  -1.3989298E-01
   1.7769845E+00   3.7491098E-03   6.6201253E+00  -1.4743865E-01
   1.7806878E+00   4.4178995E-03   6.6906152E+00  -1.4870508E-01
   1.7843819E+00   1.6386529E-02   6.7572379E+00  -1.4729068E-01
   1.7868402E+00  -3.7553927E-03   6.8020678E+00  -1.5136440E-01
   1.7904762E+00  -2.1228895E-03   6.8837323E+00  -1.4915046E-01
   1.7936232E+00   1.7733408E-02   6.9418507E+00  -1.4497343E-01
   1.7969797E+00  -6.7612203E-03   6.9749365E+00  -1.5413833E-01
   1.8002028E+00   2.0873782E-03   7.0419650E+00  -1.5494542E-01
   1.8038268E+00   8.4508387E-03   7.1072712E+00  -1.5878440E-01
   1.8074836E+00  -1.0970972E-03   7.1548233E+00  -1.5788433E-01
   1.8111361E+00  -6.4655661E-04   7.2273507E+00  -1.7264621E-01
   1.8135689E+00   9.0135112E-03   7.2679644E+00  -1.6792940E-01
   1.8172151E+00   1.8455951E-02   7.3209987E+00  -1.6784813E-01
   1.8207575E+00   4.1235768E-04   7.3793206E+00  -1.7132844E-01
   1.8243866E+00  -2.1214646E-03   7.4471607E+00  -2.0024905E-01
   1.8268112E+00  -3.5612087E-03   7.4779859E+00  -1.8097983E-01
   1.8304458E+00   2.3279887E-02   7.5409679E+00  -1.9803315E-01
   1.8340775E+00   1.4838792E-02   7.6082463E+00  -2.0144771E-01
   1.8377067E+00   6.0500801E-03   7.6467285E+00  -2.0651980E-01
   1.8401247E+00   4.2597065E-03   7.6978388E+00  -2.0856930E-01
   1.8437499E+00   1.2319055E-02   7.7640157E+00  -2.1781197E-01
   1.8473728E+00  -4.3327920E-03   7.8167686E+00  -2.2898112E-01
   1.8508601E+00   1.9873194E-02   7.8781767E+00  -2.2373149E-01
   1.8541727E+00  -2.8238190E-02   7.9146309E+00  -2.2945583E-01
   1.8575879E+00  -2.4258951E-03   7.9764557E+00  -2.3519646E-01
   1.8610502E+00   6.4254175E-03   8.0261402E+00  -2.3548600E-01
   1.8645449E+00   8.1156468E-05   8.0807333E+00  -2.5180003E-01
   1.8668685E+00   2.4528068E-03   8.1289120E+00  -2.5058514E-01
   1.8711191E+00  -2.9993583E-03   8.1907225E+00  -2.5684562E-01
   1.8741997E+00  -2.1657043E-03   8.2211256E+00  -2.5832051E-01
   1.8776994E+00  -1.2122239E-02   8.2881298E+00  -2.6132867E-01
   1.8810440E+00  -3.2850564E-03   8.3316927E+00  -2.6716664E-01
   1.8837255E+00   3.6406696E-03   8.3641024E+00  -2.6936337E-01
   1.8876097E+00  -3.9608716E-03   8.4032173E+00  -2.7393386E-01
   1.8906298E+00   7.6059620E-03   8.4824543E+00  -2.8770325E-01
   1.8945165E+00  -2.1776626E-02   8.5310917E+00  -2.8864190E-01
   1.8973951E+00  -5.9252413E-04   8.5637817E+00  -2.9048675E-01
   1.9010916E+00   1.6686021E-03   8.6283884E+00  -2.8337350E-01
   1.9038186E+00  -1.0755374E-02   8.6410370E+00  -2.9494435E-01
   1.9079176E+00  -9.3832901E-03   8.7081518E+00  -2.9274046E-01
   1.9111129E+00   1.2955884E-02   8.7454958E+00  -2.9896361E-01
   1.9145813E+00  -1.8461817E-03   8.8009005E+00  -3.0127952E-01
   1.9176121E+00  -1.0590851E-02   8.8400946E+00  -3.0877459E-01
   1.9210271E+00  -1.3566684E-02   8.8425016E+00  -3.0777046E-01
   1.9239271E+00  -1.5175647E-02   8.8732853E+00  -3.0853781E-01
   1.9274518E+00  -1.4413744E-03   8.9014044E+00  -3.0803689E-01
   1.9305856E+00  -6.4914394E-03   8.9502926E+00  -3.1070530E-01
   1.9341706E+00  -8.4211230E-03   8.9273462E+00  -3.2046896E-01
   1.9378737E+00  -1.9946255E-02   9.0193939E+00  -3.3104947E-01
   1.9403429E+00  -1.5896588E-03   9.0145435E+00  -3.4700367E-01
   1.9439176E+00  -2.0215271E-02   9.1139145E+00  -3.4647277E-01
   1.9471622E+00  -7.8018173E-04   9.1381769E+00  -3.4089163E-01
   1.9511060E+00   1.5442040E-03   9.1147785E+00  -3.3632189E-01
   1.9545419E+00  -1.3746451E-02   9.1299419E+00  -3.4069255E-01
   1.9577533E+00   5.3115711E-03   9.1652355E+00  -3.5649726E-01
   1.9605330E+00  -2.3008259E-02   9.1571445E+00  -3.6031914E-01
   1.9639152E+00   3.8428367E-03   9.2196646E+00  -3.5083890E-01
   1.9672303E+00  -3.7803967E-03   9.2381411E+00  -3.5822931E-01
   1.9711832E+00  -1.0125406E-02   9.2440357E+00  -3.5824180E-01
   1.9743017E+00  -7.9885470E-03   9.2158804E+00  -3.7328896E-01
   1.9778588E+00  -1.5047820E-02   9.2545547E+00  -3.3327189E-01
   1.9808788E+00  -2.0381231E-02   9.2663765E+00  -3.5558721E-01
   1.9841958E+00  -1.0292840E-02   9.3128777E+00  -3.7126657E-01
   1.9878895E+00  -1.7696429E-02   9.2673321E+00  -3.7289116E-01
   1.9905791E+00  -3.1782702E-02   9.2836742E+00  -3.6783102E-01
   1.9944434E+00   1.6009063E-03   9.2686424E+00  -3.7787828E-01
   1.9973948E+00  -1.7581197E-02   9.2583494E+00  -3.9071929E-01
   2.0010846E+00  -1.3919748E-02   9.3069744E+00  -3.9461407E-01
   2.0043807E+00  -1.0123244E-03   9.3284054E+00  -4.0954226E-01
   2.0077264E+00  -2.0661952E-03   9.2968264E+00  -4.0182051E-01
   2.0108294E+00  -1.3576160E-02   9.2691307E+00  -4.1241303E-01
   2.0142074E+00  -7.0086918E-03   9.2823524E+00  -4.2329162E-01
   2.0174508E+00  -8.9118453E-03   9.2205172E+00  -4.3623522E-01
   2.0208118E+00  -1.6845888E-03   9.2275457E+00  -4.4862920E-01
   2.0248971E+00  -1.2194765E-02   9.2677498E+00  -4.5656815E-01
   2.0282323E+00   3.6907410E-03   9.2468557E+00  -4.6549061E-01
   2.0315557E+00  -6.7565511E-03   9.2624083E+00  -4.8123476E-01
   2.0346017E+00  -2.7630826E-02   9.1856213E+00  -4.9977878E-01
   2.0376711E+00   4.1462276E-03   9.1678438E+00  -4.9798372E-01
   2.0407515E+00   1.1098253E-02   9.1561480E+00  -5.0568664E-01
   2.0446877E+00   4.9678790E-03   9.1842451E+00  -5.1770198E-01
   2.0475006E+00  -9.3104932E-03   9.1694565E+00  -5.3249615E-01
   2.0511951E+00   2.0101877E-02   9.0573244E+00  -5.5327141E-01
   2.0546367E+00   1.2115320E-02   9.1306887E+00  -5.5608016E-01
   2.0576682E+00   3.5206615E-03   9.0394974E+00  -5.7372731E-01
   2.0609686E+00  -1.0155379E-02   8.8984394E+00  -5.7154316E-01
   2.0647082E+00   1.3894295E-02   8.9704733E+00  -5.8169168E-01
   2.0679109E+00  -1.7171722E-02   8.9857235E+00  -6.0071713E-01
   2.0714631E+00  -1.4957245E-02   8.9401169E+00  -6.2275189E-01
   2.0745144E+00   8.8087693E-03   8.8516932E+00  -6.2510234E-01
   2.0775502E+00   1.2146613E-02   8.7196302E+00  -6.3836515E-01
   2.0808966E+00   1.2823691E-02   8.7631140E+00  -6.2680632E-01
   2.0844002E+00   4.9633551E-03   8.6210413E+00  -6.7814082E-01
   2.0876334E+00   1.1480403E-02   8.5432920E+00  -6.8500346E-01
   2.0911663E+00   4.8583117E-03   8.6167545E+00  -6.7615670E-01
   2.0946984E+00   4.2899670E-03   8.5773973E+00  -6.9909883E-01
   2.0981498E+00   4.0190894E-02   8.4857435E+00  -7.1460330E-01
   2.1009085E+00  -1.1272451E-02   8.3849945E+00  -7.1195662E-01
   2.1043224E+00  -2.7154104E-04   8.3380508E+00  -7.3353815E-01
   2.1076386E+00  -7.1144700E-03   8.3323784E+00  -7.2924405E-01
   2.1111181E+00   3.8200775E-03   8.2254133E+00  -7.6492959E-01
   2.1148984E+00  -4.6662502E-03   8.1713638E+00  -7.6976722E-01
   2.1181233E+00  -7.1613179E-03   8.0914574E+00  -7.8285724E-01
   2.1212871E+00   3.8001224E-04   7.9908824E+00  -7.9849410E-01
   2.1245093E+00  -5.4905652E-03   7.9814663E+00  -8.0893403E-01
   2.1281650E+00   3.5072055E-03   7.8757768E+00  -8.2617229E-01
   2.1311803E+00  -8.2075754E-03   7.7676201E+00  -8.2770634E-01
   2.1343310E+00  -1.6580615E-02   7.7613401E+00  -8.4275693E-01
   2.1380928E+00  -9.8318802E-03   7.6609387E+00  -8.5533690E-01
   2.1412129E+00  -5.1336815E-03   7.4843264E+00  -8.6926067E-01
   2.1448834E+00  -8.8195577E-03   7.4252553E+00  -8.8224459E-01
   2.1479049E+00  -3.2708190E-02   7.4468904E+00  -8.8644850E-01
   2.1514730E+00  -1.4183884E-02   7.3258533E+00  -9.0221751E-01
   2.1544640E+00  -1.5665879E-02   7.1840272E+00  -9.1210252E-01
   2.1580532E+00  -1.6557297E-02   7.0841808E+00  -9.2440730E-01
   2.1616569E+00  -1.9596118E-02   7.0355172E+00  -9.3539351E-01
   2.1646888E+00  -2.0923072E-02   6.9052987E+00  -9.4528025E-01
   2.1683347E+00  -2.2156309E-02   6.8483987E+00  -9.5585561E-01
   2.1713760E+00  -2.1953437E-02   6.7605963E+00  -9.6503747E-01
   2.1750295E+00  -2.0840416E-02   6.6328192E+00  -9.7488177E-01
   2.1780787E+00  -2.5560260E-02   6.4710097E+00  -9.8734051E-01
   2.1811328E+00  -2.4317387E-02   6.4442906E+00  -9.9059910E-01
   2.1848078E+00  -2.7816270E-02   6.3850965E+00  -1.0003512E+00
   2.1878824E+00  -3.2102905E-02   6.2475362E+00  -1.0097752E+00
   2.1915984E+00  -2.3488574E-02   6.0541191E+00  -1.0174348E+00
   2.1946986E+00  -5.4903790E-02   5.9968548E+00  -1.0251907E+00
   2.1984267E+00  -2.1444388E-02   5.9367185E+00  -1.0242069E+00
   2.2015679E+00  -3.6557779E-02   5.7685118E+00  -1.0460148E+00
   2.2047570E+00  -4.4205774E-02   5.6868253E+00  -1.0445753E+00
   2.2079985E+00  -2.9062621E-02   5.5957179E+00  -1.0495511E+00
   2.2112956E+00  -8.0121253E-03   5.4198661E+00  -1.0531687E+00
   2.2146478E+00  -3.0393749E-02   5.3056669E+00  -1.0583866E+00
   2.2180529E+00  -3.4043826E-02   5.2374783E+00  -1.0680405E+00
   2.2215092E+00  -5.0456345E-02   5.1532531E+00  -1.0711067E+00
   2.2249835E+00  -3.4791246E-02   4.9918981E+00  -1.0783775E+00
   2.2284503E+00  -3.4654938E-02   4.8576360E+00  -1.0784643E+00
   2.2312179E+00  -3.6649384E-02   4.7776685E+00  -1.0786487E+00
   2.2346749E+00  -3.4177389E-02   4.7027802E+00  -1.0882872E+00
   2.2381809E+00  -5.1181812E-02   4.4524555E+00  -1.0807062E+00
   2.2418909E+00  -1.2251267E-02   4.3868079E+00  -1.0951889E+00
   2.2447531E+00  -3.6602683E-02   4.3628240E+00  -1.0940785E+00
   2.2484636E+00  -3.3400644E-02   4.1759272E+00  -1.1003931E+00
   2.2513902E+00  -4.7672633E-02   4.0276628E+00  -1.1067406E+00
   2.2550189E+00  -6.2927857E-02   3.9466288E+00  -1.1096524E+00
   2.2579074E+00  -4.6760749E-02   3.8803737E+00  -1.1081634E+00
   2.2615051E+00  -5.1311016E-02   3.7371264E+00  -1.1099565E+00
   2.2650843E+00  -5.1115412E-02   3.5977728E+00  -1.1038685E+00
   2.2679427E+00  -2.5600597E-02   3.4996881E+00  -1.0986735E+00
   2.2715063E+00  -6.5069072E-02   3.3528485E+00  -1.0973718E+00
   2.2750609E+00  -2.2335574E-02   3.2417417E+00  -1.0997914E+00
   2.2786062E+00  -5.4027859E-02   3.0096648E+00  -1.0877590E+00
   2.2814384E+00  -7.4338399E-02   3.0696702E+00  -1.0881562E+00
   2.2849724E+00  -5.2630663E-02   3.0041845E+00  -1.0876983E+00
   2.2885077E+00  -5.2869447E-02   2.7834742E+00  -1.0862060E+00
   2.2913392E+00  -1.1638106E-02   2.5941451E+00  -1.0766644E+00
   2.2948592E+00  -1.0883205E-01   2.5397389E+00  -1.0637178E+00
   2.2983263E+00  -7.4823527E-03   2.4607241E+00  -1.0645617E+00
   2.3018265E+00  -6.1089166E-02   2.3805771E+00  -1.0445910E+00
   2.3046951E+00  -5.0706107E-02   2.2439857E+00  -1.0362514E+00
   2.3082411E+00  -4.0478468E-02   2.1017051E+00  -1.0241177E+00
   2.3116851E+00  -5.1836286E-02   2.0192373E+00  -1.0133244E+00
   2.3148685E+00  -1.8173488E-02   1.9811689E+00  -1.0050747E+00
   2.3185420E+00  -7.1862586E-02   1.8150218E+00  -9.9496382E-01
   2.3220270E+00  -9.2838898E-02   1.6133966E+00  -9.9218202E-01
   2.3253286E+00  -4.9900986E-02   1.6416160E+00  -9.7799903E-01
   2.3281124E+00  -1.1253985E-02   1.5617336E+00  -9.7446066E-01
   2.3316107E+00  -5.3959988E-02   1.4297816E+00  -9.5742220E-01
   2.3351278E+00  -1.3332026E-01   1.3433423E+00  -9.5051634E-01
   2.3385653E+00  -6.4547636E-02   1.2247117E+00  -9.4272530E-01
   2.3418787E+00  -8.4513210E-02   1.1308826E+00  -9.2771327E-01
   2.3448656E+00  -1.1678180E-01   1.1001133E+00  -9.1675764E-01
   2.3482730E+00  -6.4961396E-02   9.3487287E-01  -8.9647299E-01
   2.3517716E+00  -6.1210927E-02   8.2501960E-01  -8.9603353E-01
   2.3550863E+00  -8.0291681E-02   7.8337669E-01  -8.8511729E-01
   2.3588417E+00  -3.2153744E-02   7.3192054E-01  -8.8876480E-01
   2.3616490E+00  -7.9699144E-02   6.5305549E-01  -8.7679356E-01
   2.3652489E+00  -4.2004239E-02   5.3856486E-01  -8.5516602E-01
   2.3686643E+00  -7.9760574E-02   4.7400820E-01  -8.4763676E-01
   2.3719471E+00  -5.6455635E-02   4.1112474E-01  -8.4840477E-01
   2.3749979E+00  -5.4809149E-02   3.0671436E-01  -8.1678772E-01
   2.3783669E+00  -7.5735860E-02   2.2206926E-01  -8.2951820E-01
   2.3817770E+00  -9.5496289E-02   1.8635435E-01  -8.0447435E-01
   2.3851151E+00  -4.1223604E-02   9.6304528E-02  -8.0276221E-01
   2.3886964E+00  -7.0936091E-02  -2.0015035E-02  -7.9082078E-01
   2.3922679E+00  -5.4915715E-02  -7.0053421E-02  -7.7906543E-01
   2.3949776E+00  -4.8438121E-02  -1.0312343E-01  -7.7951169E-01
   2.3986936E+00  -7.7555820E-02  -2.3209774E-01  -7.6906705E-01
   2.4017015E+00  -7.6692104E-02  -3.1576613E-01  -7.5090432E-01
   2.4051270E+00  -6.2101670E-02  -3.3977044E-01  -7.4916601E-01
   2.4086096E+00  -6.2248908E-02  -4.0187961E-01  -7.4168611E-01
   2.4120865E+00  -8.5450985E-02  -5.0546992E-01  -7.3550510E-01
   2.4155250E+00  -5.5163678E-02  -6.0563517E-01  -7.2725517E-01
   2.4189420E+00  -3.9360285E-02  -6.2531430E-01  -7.2118837E-01
   2.4223335E+00  -8.5879512E-02  -6.4171368E-01  -7.2684723E-01
   2.4248750E+00  -6.8221129E-02  -7.4920619E-01  -7.2412628E-01
   2.4288664E+00  -6.5834284E-02  -8.4118581E-01  -7.0590645E-01
   2.4320781E+00  -7.1118057E-02  -8.7528938E-01  -6.8809330E-01
   2.4354773E+00  -6.6198029E-02  -9.0851915E-01  -6.7278522E-01
   2.4387977E+00  -6.6834413E-02  -9.4458389E-01  -6.5243244E-01
   2.4422579E+00  -6.7923285E-02  -1.1258121E+00  -6.2440735E-01
   2.4453859E+00  -5.8749974E-02  -1.0780272E+00  -6.1450541E-01
   2.4489293E+00  -6.7439765E-02  -1.1613324E+00  -5.9538573E-01
   2.4522777E+00  -7.9759240E-02  -1.1781528E+00  -5.8915144E-01
   2.4556413E+00  -5.2575991E-02  -1.2745851E+00  -5.6014913E-01
   2.4586780E+00  -7.8204036E-02  -1.3127770E+00  -5.5388719E-01
   2.4619348E+00  -6.5127477E-02  -1.3096534E+00  -5.3179538E-01
   2.4651904E+00  -6.0126718E-02  -1.3604313E+00  -5.1299530E-01
   2.4685638E+00  -1.0275203E-01  -1.4227563E+00  -5.0223565E-01
   2.4720049E+00  -6.5164186E-02  -1.4568933E+00  -4.9470496E-01
   2.4756467E+00  -6.0164835E-02  -1.4823849E+00  -4.9652237E-01
   2.4789312E+00  -6.1691858E-02  -1.5146180E+00  -4.7221449E-01
   2.4821177E+00  -8.5230522E-02  -1.5324825E+00  -4.4815880E-01
   2.4853547E+00  -9.9997275E-02  -1.6023682E+00  -4.6416870E-01
   2.4885833E+00  -5.6304995E-02  -1.5971355E+00  -4.4149494E-01
   2.4917653E+00  -9.6631341E-02  -1.6552627E+00  -4.1839772E-01
   2.4956627E+00  -7.1344852E-02  -1.6908950E+00  -4.0372708E-01
   2.4987426E+00  -7.8333065E-02  -1.7069029E+00  -4.0018865E-01
   2.5021470E+00  -6.2101785E-02  -1.7395186E+00  -3.8981733E-01
   2.5054171E+00  -7.1695678E-02  -1.7620692E+00  -3.8018864E-01
   2.5088265E+00  -8.5478395E-02  -1.7882390E+00  -3.5830528E-01
   2.5121584E+00   1.8216564E-03  -1.7983774E+00  -3.5284811E-01
   2.5154829E+00  -7.9042703E-02  -1.8311492E+00  -3.3113584E-01
   2.5189154E+00  -6.3843653E-02  -1.8120757E+00  -3.1866211E-01
   2.5220065E+00  -1.0352633E-01  -1.8400954E+00  -2.9218483E-01
   2.5257146E+00  -8.7079443E-02  -1.9105206E+00  -2.8158870E-01
   2.5286145E+00  -6.9935523E-02  -1.8556374E+00  -2.7901477E-01
   2.5321195E+00  -8.0999084E-02  -1.9127100E+00  -2.6749301E-01
   2.5356922E+00  -6.8955965E-02  -1.9420452E+00  -2.5755441E-01
   2.5389283E+00  -7.7670313E-02  -1.9423112E+00  -2.4633043E-01
   2.5423212E+00  -7.0274852E-02  -1.8928112E+00  -2.3481232E-01
   2.5453479E+00  -6.8736486E-02  -1.8943224E+00  -2.4260534E-01
   2.5485773E+00  -6.7435324E-02  -1.9974056E+00  -2.1509537E-01
   2.5524392E+00  -6.7322724E-02  -1.9599966E+00  -2.1159127E-01
   2.5556390E+00  -6.4105742E-02  -1.9438987E+00  -2.0884606E-01
   2.5588245E+00  -6.8505690E-02  -1.9373823E+00  -2.0873195E-01
   2.5624394E+00  -5.5651218E-02  -1.9412208E+00  -1.8312813E-01
   2.5655129E+00  -6.8665542E-02  -1.9831253E+00  -1.8686205E-01
   2.5686815E+00  -5.8407962E-02  -1.9940356E+00  -1.6785036E-01
   2.5725205E+00  -7.5364448E-02  -1.9819009E+00  -1.5550730E-01
   2.5757658E+00  -7.5557515E-02  -1.9718667E+00  -1.4641975E-01
   2.5791166E+00  -6.7991391E-02  -1.9782052E+00  -1.3643223E-01
   2.5825729E+00  -4.3857049E-02  -1.9626927E+00  -1.1794436E-01
   2.5854359E+00  -5.4112688E-02  -1.9513535E+00  -1.1401485E-01
   2.5892200E+00  -4.5855179E-02  -1.9367836E+00  -1.0053013E-01
   2.5924139E+00  -4.8971351E-02  -1.9127935E+00  -9.4696678E-02
   2.5959036E+00  -4.5672055E-02  -1.9522777E+00  -8.8617392E-02
   2.5987253E+00  -5.2689776E-02  -1.9140958E+00  -7.7487230E-02
   2.6023228E+00  -1.0714189E-01  -1.8934658E+00  -6.9188908E-02
   2.6056020E+00  -3.9424766E-02  -1.9260131E+00  -5.8169421E-02
   2.6091986E+00  -5.3009294E-02  -1.8537114E+00  -3.7155807E-02
   2.6121438E+00  -5.5278990E-02  -1.8449675E+00  -2.7725298E-02
   2.6153488E+00  -4.3793563E-02  -1.8716276E+00  -1.9106954E-02
   2.6191971E+00  -4.8679188E-02  -1.8831027E+00  -1.4307211E-02
   2.6221280E+00  -2.6162615E-02  -1.8845282E+00  -2.8098489E-03
   2.6253536E+00  -3.5517383E-02  -1.8371592E+00   4.4730864E-03
   2.6291020E+00  -4.2407013E-02  -1.8415064E+00   1.9445997E-02
   2.6319659E+00  -1.9324876E-02  -1.7936136E+00   2.6287872E-02
   2.6357336E+00  -2.3560517E-02  -1.8016440E+00   3.6602087E-02
   2.6394465E+00  -5.2743714E-02  -1.7689278E+00   4.3361899E-02
   2.6421802E+00  -4.0837824E-02  -1.8069735E+00   5.0626375E-02
   2.6457155E+00  -5.7508025E-02  -1.7725687E+00   5.3606648E-02
   2.6492777E+00  -5.6661282E-02  -1.7490214E+00   7.1442246E-02
   2.6528182E+00  -9.5112631E-03  -1.7200533E+00   7.5345390E-02
   2.6554508E+00  -6.1177894E-02  -1.6857178E+00   8.1130989E-02
   2.6587622E+00  -6.2507965E-02  -1.6638631E+00   9.0464398E-02
   2.6623409E+00  -4.2034194E-02  -1.6312875E+00   9.3337826E-02
   2.6656184E+00  -5.0113130E-02  -1.6574143E+00   9.8613940E-02
   2.6689208E+00  -5.0764840E-02  -1.6147428E+00   1.1808628E-01
   2.6723523E+00  -9.0750866E-02  -1.6030337E+00   1.1241909E-01
   2.6759222E+00  -5.6891907E-02  -1.5500146E+00   1.3990395E-01
   2.6790979E+00  -4.8104316E-02  -1.5017073E+00   1.2968077E-01
   2.6823523E+00   1.1659664E-02  -1.4643273E+00   1.2390575E-01
   2.6861429E+00  -5.6928527E-02  -1.5045763E+00   1.4539884E-01
   2.6889665E+00  -2.8994270E-02  -1.4945011E+00   1.5527217E-01
   2.6923983E+00  -4.0490884E-02  -1.4666039E+00   1.6201428E-01
   2.6959479E+00  -1.9481020E-02  -1.4506446E+00   1.7701723E-01
   2.6993721E+00   5.6612738E-03  -1.4540865E+00   1.7148456E-01
   2.7027225E+00  -7.0964262E-02  -1.3968861E+00   1.8934669E-01
   2.7060208E+00  -4.6722759E-02  -1.3474227E+00   2.0160940E-01
   2.7090712E+00  -3.8667522E-02  -1.3408587E+00   2.0667744E-01
   2.7124255E+00  -3.2259051E-02  -1.3500025E+00   2.0406686E-01
   2.7161286E+00  -7.9959147E-03  -1.2905992E+00   2.1377483E-01
   2.7191255E+00  -3.8337734E-02  -1.2917329E+00   2.2475393E-01
   2.7230375E+00  -3.6533769E-02  -1.2276121E+00   2.3864105E-01
   2.7258976E+00  -1.0302037E-02  -1.2101142E+00   2.4094154E-01
   2.7296376E+00  -3.7128046E-02  -1.2009218E+00   2.4657898E-01
   2.7325008E+00  -2.8700929E-02  -1.1463399E+00   2.4762271E-01
   2.7363799E+00  -3.0259753E-02  -1.1421683E+00   2.5468209E-01
   2.7394369E+00  -3.4941617E-02  -1.0926998E+00   2.6633152E-01
   2.7426298E+00  -3.0948512E-02  -1.0839887E+00   2.7035433E-01
   2.7456999E+00  -3.3977900E-02  -1.0511620E+00   2.7876258E-01
   2.7492177E+00  -2.2516655E-02  -1.0057819E+00   2.7873698E-01
   2.7527618E+00  -3.3841215E-02  -9.6401894E-01   2.8587282E-01
   2.7561858E+00  -2.0162286E-02  -9.5619768E-01   2.9348966E-01
   2.7597978E+00  -3.5555091E-02  -9.3887031E-01   2.9853818E-01
   2.7629635E+00  -3.4953035E-02  -8.9211732E-01   3.0122629E-01
   2.7663064E+00  -3.0110084E-02  -8.4856379E-01   3.0583355E-01
   2.7695816E+00  -3.5728198E-02  -8.3000153E-01   3.1064734E-01
   2.7727859E+00  -3.1267803E-02  -8.1298029E-01   3.1775895E-01
   2.7759159E+00  -2.7742434E-02  -7.9552007E-01   3.2136622E-01
   2.7789774E+00  -3.7896469E-02  -7.7123618E-01   3.2135981E-01
   2.7829390E+00  -3.1188628E-02  -7.4169749E-01   3.2983345E-01
   2.7859237E+00  -3.4594666E-02  -7.1933758E-01   3.3509549E-01
   2.7898669E+00  -2.8078044E-02  -6.9309050E-01   3.3464748E-01
   2.7929261E+00  -3.1847678E-02  -6.6107637E-01   3.3949593E-01
   2.7960646E+00  -2.8689198E-02  -6.4635766E-01   3.3995232E-01
   2.7993414E+00  -3.6702923E-02  -6.1846083E-01   3.4693345E-01
   2.8025532E+00  -2.3837369E-02  -5.8948410E-01   3.5064030E-01
   2.8056533E+00  -4.4537555E-02  -5.5232018E-01   3.5180959E-01
   2.8095803E+00  -3.6535978E-02  -4.7590199E-01   3.5491034E-01
   2.8127091E+00  -3.4867741E-02  -4.6868813E-01   3.5363728E-01
   2.8159530E+00  -2.7325220E-02  -4.5992517E-01   3.5647684E-01
   2.8191385E+00  -3.0087506E-02  -4.3709823E-01   3.5977516E-01
   2.8232641E+00  -3.2158885E-02  -3.5159549E-01   3.6010984E-01
   2.8262722E+00  -2.6167572E-02  -3.1633449E-01   3.6142370E-01
   2.8292141E+00  -3.6079910E-02  -3.0602887E-01   3.6433247E-01
   2.8330324E+00  -2.6340552E-02  -3.0476484E-01   3.7012592E-01
   2.8358042E+00  -3.1527985E-02  -2.6669586E-01   3.7206662E-01
   2.8393989E+00  -3.0488925E-02  -2.0083658E-01   3.7637618E-01
   2.8425560E+00  -2.9431324E-02  -1.3998632E-01   3.7411878E-01
   2.8457646E+00  -2.8955417E-02  -1.2116668E-01   3.7849554E-01
   2.8495419E+00  -2.9274227E-02  -1.3249548E-01   3.8252237E-01
   2.8526597E+00  -2.6691414E-02  -1.3091466E-01   3.7841722E-01
   2.8557127E+00  -3.2173075E-02  -6.0834005E-02   3.8238618E-01
   2.8596044E+00  -2.7945206E-02   1.5257453E-02   3.8147515E-01
   2.8633358E+00  -2.8389288E-02   4.5607977E-02   3.8500094E-01
   2.8661270E+00  -3.7585866E-02   4.9517851E-02   3.8351440E-01
   2.8700216E+00  -2.3106003E-02   7.0975155E-02   3.8080058E-01
   2.8729753E+00  -2.4129305E-02   1.0982445E-01   3.8002074E-01
   2.8765771E+00  -2.6455604E-02   1.7034966E-01   3.9003602E-01
   2.8795762E+00  -3.1790279E-02   1.9944334E-01   3.9217740E-01
   2.8826258E+00  -2.9595111E-02   2.2146550E-01   3.8661903E-01
   2.8865962E+00  -2.6636224E-02   2.8189337E-01   3.9870641E-01
   2.8897078E+00  -3.1100260E-02   3.0235639E-01   3.9411598E-01
   2.8934901E+00  -2.7823240E-02   3.1567633E-01   3.9088368E-01
   2.8968520E+00  -2.6694229E-02   3.4557381E-01   4.0326247E-01
   2.8991640E+00  -2.1518370E-02   3.9347264E-01   4.0123230E-01
   2.9025364E+00  -3.1000195E-02   4.3746182E-01   4.0287057E-01
   2.9058690E+00  -2.3493771E-02   4.5241159E-01   4.0243623E-01
   2.9094307E+00  -3.1265531E-02   4.7819543E-01   4.0580547E-01
   2.9129705E+00  -2.4529176E-02   5.0820220E-01   4.0671265E-01
   2.9164815E+00  -5.1186971E-02   5.7791764E-01   4.0961596E-01
   2.9199586E+00  -2.5837045E-02   6.2519020E-01   4.1034344E-01
   2.9229016E+00  -1.7309731E-02   6.3592869E-01   4.1328266E-01
   2.9261839E+00  -2.4283521E-02   6.8743366E-01   4.1773340E-01
   2.9298565E+00  -1.1962326E-02   7.3452073E-01   4.1125804E-01
   2.9332364E+00  -2.5001144E-02   7.7504015E-01   4.1977423E-01
   2.9364552E+00  -3.7779377E-03   8.0675513E-01   4.2163730E-01
   2.9398398E+00  -2.7609196E-02   8.2462686E-01   4.2052308E-01
   2.9432094E+00  -2.4815045E-02   8.5221887E-01   4.2229015E-01
   2.9468930E+00  -2.1146053E-02   9.0491289E-01   4.2418924E-01
   2.9500875E+00  -2.4452131E-02   9.3902296E-01   4.2321452E-01
   2.9530811E+00  -3.0356413E-02   9.7101218E-01   4.2803755E-01
   2.9560230E+00   2.3567349E-02   9.9560612E-01   4.3090332E-01
   2.9594872E+00  -1.8802190E-02   1.0505693E+00   4.3143699E-01
   2.9629841E+00  -2.0741168E-02   1.0827826E+00   4.3084416E-01
   2.9664650E+00  -2.2258382E-02   1.1001288E+00   4.3420732E-01
   2.9695599E+00  -2.6225999E-02   1.1493931E+00   4.3310496E-01
   2.9731984E+00  -8.1994161E-03   1.2019058E+00   4.3231565E-01
   2.9764166E+00  -9.8847914E-03   1.2325910E+00   4.2911911E-01
   2.9798830E+00  -1.9818086E-02   1.2513490E+00   4.3041614E-01
   2.9834027E+00  -2.0412568E-02   1.3133821E+00   4.3364549E-01
   2.9866912E+00  -2.0660644E-02   1.3481772E+00   4.3572655E-01
   2.9899261E+00  -1.9704390E-02   1.3793082E+00   4.3685409E-01
   2.9934983E+00  -2.5695641E-02   1.3947690E+00   4.3930754E-01
   2.9969089E+00  -1.7847959E-02   1.4115905E+00   4.3963024E-01
   2.9994946E+00  -1.9145014E-02   1.4883342E+00   4.4220188E-01
   3.0032938E+00  -2.1349961E-02   1.5068021E+00   4.4130442E-01
   3.0063970E+00  -2.1568537E-02   1.5232521E+00   4.4223273E-01
   3.0095348E+00  -1.9671714E-02   1.5717045E+00   4.4408569E-01
   3.0137308E+00  -2.0527828E-02   1.6141253E+00   4.4522321E-01
   3.0168526E+00  -2.2331152E-02   1.6662302E+00   4.4591972E-01
   3.0198946E+00  -1.3801674E-02   1.6810098E+00   4.4638845E-01
   3.0228989E+00  -2.8257810E-02   1.7173550E+00   4.4802016E-01
   3.0268292E+00  -1.5776638E-02   1.7597638E+00   4.4839346E-01
   3.0297339E+00  -2.2243956E-02   1.7819445E+00   4.4844472E-01
   3.0335927E+00  -1.6251286E-02   1.8404677E+00   4.4595277E-01
   3.0368695E+00  -1.9706067E-02   1.8402836E+00   4.4865596E-01
   3.0397825E+00  -2.0270655E-02   1.8649207E+00   4.5063689E-01
   3.0430498E+00  -2.0229010E-02   1.9171876E+00   4.5065564E-01
   3.0470939E+00  -2.4384445E-02   1.9939387E+00   4.5241433E-01
   3.0499537E+00  -2.2294067E-02   2.0160875E+00   4.5160201E-01
   3.0530241E+00  -2.1861883E-02   2.0287213E+00   4.5247805E-01
   3.0570657E+00  -2.3097903E-02   2.1024067E+00   4.5349094E-01
   3.0596259E+00  -1.6630087E-02   2.1326661E+00   4.4086125E-01
   3.0630505E+00  -1.8629316E-02   2.1436996E+00   4.5385087E-01
   3.0670838E+00  -4.6751583E-03   2.2055664E+00   4.5680586E-01
   3.0701118E+00  -2.8335737E-02   2.2249131E+00   4.5332074E-01
   3.0730805E+00  -2.5382811E-02   2.2670348E+00   4.5408615E-01
   3.0769520E+00  -1.8084558E-02   2.3478444E+00   4.5484114E-01
   3.0797946E+00  -1.6367123E-02   2.3542438E+00   4.5515826E-01
   3.0835083E+00  -2.1244943E-02   2.3801806E+00   4.5555851E-01
   3.0869749E+00  -2.1757105E-02   2.4536476E+00   4.5487973E-01
   3.0897675E+00  -1.8464368E-02   2.5068395E+00   4.5441967E-01
   3.0936518E+00  -2.1544443E-02   2.5422215E+00   4.5472062E-01
   3.0969245E+00  -2.1227963E-02   2.5880377E+00   4.5681027E-01
   3.0998218E+00  -2.2078220E-02   2.5836923E+00   4.5694765E-01
   3.1031168E+00  -2.2127764E-02   2.6223283E+00   4.5531318E-01
   3.1063697E+00  -2.5853805E-02   2.6989377E+00   4.5719308E-01
   3.1103582E+00  -2.6255570E-02   2.7432516E+00   4.5535895E-01
   3.1134901E+00  -2.7643131E-02   2.7875221E+00   4.5982257E-01
   3.1165726E+00  -3.0139048E-02   2.8143895E+00   4.6044281E-01
   3.1203597E+00  -3.9825976E-02   2.8375154E+00   4.6117902E-01
   3.1233387E+00  -3.4086749E-02   2.8915329E+00   4.5893106E-01
   3.1270027E+00  -2.9503753E-02   2.9686580E+00   4.5705879E-01
   3.1298883E+00  -3.5049770E-02   3.0216968E+00   4.5547360E-01
   3.1334407E+00  -2.5374996E-03   3.1209419E+00   4.4899473E-01
   3.1369355E+00  -2.7043806E-02   3.1004221E+00   4.5912674E-01
   3.1402276E+00  -3.5927344E-02   3.1292739E+00   4.5986488E-01
   3.1434221E+00  -2.5350368E-02   3.2171142E+00   4.5835617E-01
   3.1466279E+00  -1.6754210E-02   3.2643051E+00   4.5706227E-01
   3.1499104E+00  -3.7932824E-02   3.3068664E+00   4.5836028E-01
   3.1538045E+00  -2.8465610E-02   3.3659558E+00   4.5717877E-01
   3.1570010E+00  -2.7436519E-02   3.4041557E+00   4.5705205E-01
   3.1601551E+00  -4.0210087E-02   3.4569020E+00   4.5681804E-01
   3.1632686E+00  -1.9375324E-02   3.5130959E+00   4.5612070E-01
   3.1669533E+00  -2.8105156E-02   3.5452683E+00   4.5246693E-01
   3.1699829E+00  -2.9486563E-02   3.6028221E+00   4.5728084E-01
   3.1735706E+00  -2.9885659E-02   3.6347046E+00   4.5936430E-01
   3.1771088E+00  -3.1761892E-02   3.7184815E+00   4.5749834E-01
   3.1800206E+00  -3.3060621E-02   3.7745779E+00   4.5915541E-01
   3.1834726E+00  -3.0652178E-02   3.8101456E+00   4.5870227E-01
   3.1868801E+00  -3.1050306E-02   3.8614662E+00   4.5809525E-01
   3.1902452E+00  -2.5989916E-02   3.9356012E+00   4.4836575E-01
   3.1935689E+00  -3.0413605E-02   3.9812806E+00   4.6636367E-01
   3.1968529E+00  -2.7875086E-02   4.0359960E+00   4.5884314E-01
   3.2000988E+00  -2.5533669E-02   4.0952239E+00   4.5175287E-01
   3.2038391E+00  -2.7389238E-02   4.1583600E+00   4.6040797E-01
   3.2070062E+00  -2.5823122E-02   4.1989450E+00   4.5502460E-01
   3.2101390E+00  -2.9048556E-02   4.2665467E+00   4.6175441E-01
   3.2137523E+00  -2.7104666E-02   4.3254108E+00   4.7092411E-01
   3.2168143E+00  -2.2600997E-02   4.3844094E+00   4.6286035E-01
   3.2203474E+00  -3.1240953E-02   4.4283733E+00   4.6234253E-01
   3.2238398E+00  -3.3891350E-02   4.4849539E+00   4.6612990E-01
   3.2268019E+00  -2.5814563E-02   4.5654225E+00   4.4090730E-01
   3.2302220E+00  -2.4924442E-02   4.6432414E+00   4.8039263E-01
   3.2336049E+00  -3.2085922E-02   4.6716900E+00   4.6392471E-01
   3.2369521E+00  -2.9230861E-02   4.7445097E+00   4.6338993E-01
   3.2402642E+00  -2.9710628E-02   4.8172030E+00   4.5729509E-01
   3.2435429E+00  -3.3202648E-02   4.8874130E+00   4.7044754E-01
   3.2470391E+00  -4.1319679E-02   4.9233804E+00   4.6802691E-01
   3.2502947E+00  -3.3697639E-02   4.9672256E+00   4.6182969E-01
   3.2537696E+00  -3.4709081E-02   5.1147275E+00   4.6755147E-01
   3.2574208E+00  -4.4209234E-02   5.1352701E+00   4.6294215E-01
   3.2608273E+00  -3.8943905E-02   5.1486311E+00   4.5542502E-01
   3.2639887E+00  -4.1012548E-02   5.2738242E+00   4.7917962E-01
   3.2674053E+00  -3.7669122E-02   5.2943158E+00   4.6478590E-01
   3.2708066E+00  -4.5566980E-02   5.3412886E+00   4.6252921E-01
   3.2738047E+00  -3.1811774E-02   5.4079719E+00   4.7118378E-01
   3.2767291E+00  -5.4772813E-02   5.5333242E+00   4.7577056E-01
   3.2805891E+00  -3.3635881E-02   5.5892949E+00   4.6253696E-01
   3.2838745E+00  -4.0114447E-02   5.6571980E+00   4.6335405E-01
   3.2872159E+00  -5.2704107E-02   5.7246127E+00   4.8232326E-01
   3.2905674E+00  -4.3511286E-02   5.7937460E+00   4.8928678E-01
   3.2943606E+00  -3.9055806E-02   5.8537483E+00   4.6834970E-01
   3.2975821E+00  -5.3799458E-02   5.9003649E+00   4.6882480E-01
   3.3007615E+00  -4.5433398E-02   5.9932904E+00   4.6884754E-01
   3.3039272E+00  -4.5264605E-02   6.0449352E+00   4.6799621E-01
   3.3070426E+00  -4.2952660E-02   6.1275601E+00   4.6409631E-01
   3.3100777E+00  -4.2705532E-02   6.2009573E+00   4.6329457E-01
   3.3140211E+00  -6.4295970E-02   6.2673602E+00   4.6121666E-01
   3.3169067E+00  -6.1339926E-02   6.3452930E+00   4.5859084E-01
   3.3206658E+00  -5.1243596E-02   6.4168696E+00   4.5756131E-01
   3.3243313E+00  -4.5605227E-02   6.5015645E+00   4.5897290E-01
   3.3270218E+00  -5.0754748E-02   6.5727596E+00   4.5220482E-01
   3.3305368E+00  -7.3444188E-02   6.6147666E+00   4.5373726E-01
   3.3339758E+00  -6.8264052E-02   6.7017956E+00   4.5259738E-01
   3.3373446E+00  -6.9114856E-02   6.7684855E+00   4.4340286E-01
   3.3406489E+00  -4.1149057E-02   6.8965807E+00   4.3945846E-01
