  flscon:  version 23.2.0.01  win64 2022 
 FLOW-3D   15:52:28  02/16/2024 tcgi     
   hydr3d   version  23.2.0.20 win64     12/04/2023 HYDRO    
 Simulation Template: Free Surface - TruVOF (Default)                            

Mesh Block   1
 printing pfxob, pfyob, pfzob       
       1      995      0.000E+00      1.713E+00
   time              pfxob_1         pfyob_1         pfzob_1
   0.0000000E+00  -1.7024195E-03  -1.0041137E+00   6.7868870E-01
   1.7133401E-03  -1.9634100E-04  -1.9678786E+02   3.1394193E-01
   3.2822692E-03  -1.2778861E-02  -2.1538613E+00   7.3304635E-01
   4.7727521E-03   3.0161359E-03  -1.9237939E+00   6.9362330E-01
   6.1887107E-03   5.3364586E-04  -1.9643062E+00   6.9466507E-01
   9.2365611E-03   2.0174056E-03  -2.0033367E+00   6.9575769E-01
   1.0875710E-02   3.6991183E-03  -1.9712119E+00   6.9570744E-01
   1.2596817E-02   4.9139839E-03  -1.9108967E+00   6.9646364E-01
   1.4403978E-02   5.3701801E-03  -1.8353125E+00   6.9709808E-01
   1.6301498E-02   5.0243558E-03  -1.8013591E+00   6.9745821E-01
   1.8293895E-02   6.1796987E-03  -1.7757671E+00   6.9782108E-01
   2.0385910E-02   6.3482434E-03  -1.7482150E+00   6.9831282E-01
   2.2582527E-02   6.5002763E-03  -1.6913894E+00   6.9855964E-01
   2.4806352E-02   6.2163169E-03  -1.5647216E+00   6.9993329E-01
   2.6958009E-02   7.2189798E-03  -1.5787674E+00   7.0031762E-01
   2.9020365E-02   7.3362337E-03  -1.6022114E+00   7.0050067E-01
   3.1010961E-02   7.3715430E-03  -1.5860034E+00   7.0117414E-01
   3.2948989E-02   7.2498759E-03  -1.5369768E+00   7.0231110E-01
   3.4846209E-02   9.7536612E-03  -1.4941396E+00   7.0321369E-01
   3.6708780E-02   7.2594881E-03  -1.3591093E+00   7.0599073E-01
   3.8544193E-02   7.6626362E-03  -1.3724064E+00   7.0610428E-01
   4.0363535E-02   7.6837856E-03  -1.4001139E+00   7.0624566E-01
   4.2208318E-02   7.8477077E-03  -1.3930379E+00   7.0645553E-01
   4.4087075E-02   6.3827406E-03  -1.3422562E+00   7.0715559E-01
   4.5973655E-02   5.1939641E-03  -1.2755402E+00   7.0766515E-01
   4.7795795E-02   4.8123179E-03  -1.2211542E+00   7.0798016E-01
   4.9564015E-02   6.0674381E-03  -1.1816391E+00   7.0820546E-01
   5.1281910E-02   6.9411336E-03  -1.1651847E+00   7.0827198E-01
   5.2952573E-02   7.1121193E-03  -1.1269876E+00   7.0821154E-01
   5.4580074E-02   6.9449916E-03  -1.1035093E+00   7.0809305E-01
   5.6167983E-02   6.6474704E-03  -1.0755119E+00   7.0770794E-01
   5.7720482E-02   6.6873063E-03  -1.0197942E+00   7.0749259E-01
   5.9238538E-02   6.2960782E-03  -9.9204701E-01   7.0741606E-01
   6.2506154E-02   6.6833482E-03  -9.3815809E-01   7.0702553E-01
   6.4263493E-02   5.4636169E-03  -8.9806008E-01   7.0629388E-01
   6.6108696E-02   5.9344727E-03  -8.5679418E-01   7.0633507E-01
   6.8046160E-02   6.0803229E-03  -8.0612206E-01   7.0632994E-01
   7.0030317E-02   6.3807173E-03  -7.6634580E-01   7.0616043E-01
   7.2113678E-02   6.2066610E-03  -7.4220145E-01   7.0599633E-01
   7.4301206E-02   5.9727887E-03  -6.9425768E-01   7.0572245E-01
   7.7439465E-02   6.7937872E-03  -6.0388273E-01   7.0580721E-01
   7.9013482E-02   6.7596128E-03  -5.6048352E-01   7.0567489E-01
   8.0566846E-02   7.2720349E-03  -5.1874542E-01   7.0572919E-01
   8.2099974E-02   7.2402088E-03  -4.8023197E-01   7.0579159E-01
   8.3614886E-02   6.4628269E-03  -4.4660327E-01   7.0585918E-01
   8.5114516E-02   7.1470020E-03  -4.1429487E-01   7.0598197E-01
   8.8079892E-02   6.6927848E-03  -3.6044875E-01   7.0626557E-01
   8.9536637E-02   6.9285259E-03  -3.2282212E-01   7.0639712E-01
   9.0974718E-02   6.3020056E-03  -2.7891237E-01   7.0670450E-01
   9.2393726E-02   5.7794414E-03  -2.3254976E-01   7.0719010E-01
   9.3820229E-02   5.8645522E-03  -1.9849150E-01   7.0730096E-01
   9.5256716E-02   6.6553093E-03  -1.6532460E-01   7.0737499E-01
   9.8150097E-02   7.2831912E-03  -9.0764105E-02   7.0718729E-01
   9.9606328E-02   5.8801286E-03  -7.1754396E-02   7.0730132E-01
   1.0106791E-01   6.2304493E-03  -3.3842087E-02   7.0736867E-01
   1.0253674E-01   7.8843068E-03   1.1442164E-02   7.0711160E-01
   1.0401452E-01   4.8852027E-03   3.1500719E-02   7.0691592E-01
   1.0550433E-01   8.3606206E-03   8.6273022E-02   7.0699292E-01
   1.0853345E-01   6.3770227E-03   1.6264383E-01   7.0613575E-01
   1.1007862E-01   6.9744023E-03   1.9189481E-01   7.0650816E-01
   1.1164878E-01   5.9091551E-03   2.2879705E-01   7.0610195E-01
   1.1324722E-01   7.4551743E-03   2.6386991E-01   7.0616293E-01
   1.1487864E-01   5.0145187E-03   2.9519585E-01   7.0602500E-01
   1.1654882E-01   4.7261636E-03   3.7305781E-01   7.0542789E-01
   1.1826374E-01   6.4595747E-03   4.2339930E-01   7.0563143E-01
   1.2039354E-01   6.1529265E-03   5.1893401E-01   7.0481038E-01
   1.2153895E-01   5.6056501E-03   5.1922035E-01   7.0489985E-01
   1.2400445E-01   6.0285195E-03   5.5186611E-01   7.0541304E-01
   1.2533042E-01   6.8434970E-03   5.9424680E-01   7.0587426E-01
   1.2672268E-01   5.6502800E-03   6.1759639E-01   7.0648044E-01
   1.2818454E-01   2.7979931E-03   6.5878683E-01   7.0714849E-01
   1.2971951E-01   7.2588441E-03   7.0381790E-01   7.0785803E-01
   1.3133122E-01   3.1234431E-03   7.5874102E-01   7.0917439E-01
   1.3376428E-01   1.2511308E-03   8.7326628E-01   7.1168983E-01
   1.3559584E-01   4.2645372E-03   8.8787931E-01   7.0923746E-01
   1.3658087E-01   4.5194239E-03   8.9878321E-01   7.0916128E-01
   1.3870113E-01   4.2011417E-03   9.2790669E-01   7.0845979E-01
   1.4103870E-01   3.9288816E-03   1.0120424E+00   7.1276629E-01
   1.4229587E-01   4.3244828E-03   1.0488800E+00   7.1303952E-01
   1.4361589E-01   5.0484799E-03   1.0846659E+00   7.1262914E-01
   1.4500192E-01   3.1807700E-03   1.1151825E+00   7.1303684E-01
   1.4798532E-01   4.6196110E-03   1.1942102E+00   7.1317011E-01
   1.4958982E-01   4.0657036E-03   1.2250279E+00   7.1330041E-01
   1.5095438E-01   9.3577998E-03   1.2744354E+00   7.1320933E-01
   1.5238717E-01   7.6538171E-03   1.3150605E+00   7.1305633E-01
   1.5389161E-01   7.0099663E-03   1.3506069E+00   7.1326578E-01
   1.5547127E-01   7.2234250E-03   1.3943710E+00   7.1369272E-01
   1.5712990E-01   6.8878173E-03   1.4238437E+00   7.1424341E-01
   1.5887147E-01   6.8943496E-03   1.4573303E+00   7.1494359E-01
   1.6070011E-01   4.3793530E-03   1.4935541E+00   7.1531755E-01
   1.6259424E-01   3.5282869E-03   1.5327442E+00   7.1641302E-01
   1.6446888E-01   5.1342072E-03   1.5872163E+00   7.1388525E-01
   1.6632837E-01   1.8423164E-03   1.6788479E+00   7.1318805E-01
   1.6789572E-01   9.4211753E-03   1.7988826E+00   7.2279388E-01
   1.6954143E-01   3.7789522E-03   1.7902128E+00   7.2667783E-01
   1.7126943E-01   4.5286785E-03   1.7821233E+00   7.2378486E-01
   1.7308384E-01   3.4004014E-03   1.7776328E+00   7.2675073E-01
   1.7493203E-01   1.8640803E-03   1.8013507E+00   7.2550029E-01
   1.7678963E-01   6.3723717E-03   1.8659794E+00   7.2652382E-01
   1.7866020E-01   1.9805133E-03   1.9437064E+00   7.2850531E-01
   1.8054864E-01   8.0380887E-03   2.0092103E+00   7.3087788E-01
   1.8222786E-01   8.8403476E-03   2.0695531E+00   7.3072463E-01
   1.8399106E-01   5.4896832E-03   2.1012607E+00   7.2700143E-01
   1.8584241E-01   9.1350144E-03   2.1271131E+00   7.3881936E-01
   1.8774293E-01   3.7223394E-03   2.1585181E+00   7.4217010E-01
   1.8967992E-01   6.2862360E-03   2.2044756E+00   7.3809075E-01
   1.9162209E-01   3.4353200E-03   2.2523944E+00   7.3968410E-01
   1.9353396E-01   1.9951710E-03   2.3153219E+00   7.3889560E-01
   1.9550739E-01   1.4250824E-02   2.3529186E+00   7.4188602E-01
   1.9750871E-01   7.2656600E-03   2.3995576E+00   7.4513239E-01
   1.9897437E-01   3.0792514E-03   2.4530945E+00   7.4487573E-01
   2.0051330E-01  -1.1667154E-03   2.4949486E+00   7.4817526E-01
   2.0212919E-01   8.2295118E-03   2.5232780E+00   7.4866652E-01
   2.0382586E-01   1.0004858E-02   2.5540726E+00   7.4409091E-01
   2.0560737E-01   8.1275981E-03   2.5986154E+00   7.4634618E-01
   2.0731193E-01   7.1189892E-03   2.6198010E+00   7.5386351E-01
   2.0866299E-01   7.2650285E-03   2.6897116E+00   7.5959361E-01
   2.1138242E-01   9.6620312E-03   2.7624187E+00   7.4220788E-01
   2.1281791E-01   8.2231434E-03   2.7812192E+00   7.5138015E-01
   2.1396206E-01  -2.8834719E-04   2.8183653E+00   7.5287020E-01
   2.1642482E-01   6.5324735E-03   2.8604944E+00   7.5210202E-01
   2.1774933E-01   6.7619975E-03   2.8914640E+00   7.5236309E-01
   2.1896273E-01   5.1503689E-03   2.9104261E+00   7.5457847E-01
   2.2104801E-01   7.6995571E-03   2.9781399E+00   7.5679326E-01
   2.2324984E-01   9.3368785E-03   3.0234804E+00   7.5821632E-01
   2.2478767E-01   9.8782592E-03   3.0797668E+00   7.6196194E-01
   2.2634873E-01   4.9119918E-03   3.1202164E+00   7.6828122E-01
   2.2806978E-01   9.4438195E-03   3.1378629E+00   7.6240021E-01
   2.2996725E-01  -2.2041351E-04   3.1628482E+00   7.6700306E-01
   2.3098771E-01   3.9630202E-03   3.1905293E+00   7.6943040E-01
   2.3318428E-01   7.6615415E-03   3.2378545E+00   7.6505530E-01
   2.3436558E-01   1.0331450E-02   3.2524300E+00   7.6762736E-01
   2.3690838E-01   2.9215149E-03   3.3206930E+00   7.6495034E-01
   2.3827590E-01   4.9733296E-03   3.3423650E+00   7.6240462E-01
   2.3971181E-01   3.6755139E-03   3.3655837E+00   7.6227456E-01
   2.4112014E-01   1.2817553E-02   3.3971756E+00   7.6458287E-01
   2.4259377E-01   8.5960869E-03   3.4271677E+00   7.6343572E-01
   2.4576575E-01   9.0579065E-03   3.4855678E+00   7.6319247E-01
   2.4738358E-01   4.3598167E-03   3.5109684E+00   7.6517051E-01
   2.4908230E-01   1.1916602E-02   3.5484750E+00   7.6391363E-01
   2.5079864E-01   6.9749737E-03   3.5938549E+00   7.6475632E-01
   2.5230345E-01   5.6803892E-03   3.6246207E+00   7.6455760E-01
   2.5386998E-01   7.5197951E-03   3.6204872E+00   7.5990683E-01
   2.5551483E-01   8.3403355E-03   3.6576045E+00   7.5954753E-01
   2.5724193E-01   3.9741425E-03   3.6858995E+00   7.6139069E-01
   2.5898939E-01   3.5600865E-03   3.7146926E+00   7.6336879E-01
   2.6073202E-01   4.9879998E-03   3.7425928E+00   7.6168102E-01
   2.6231965E-01   2.0185346E-03   3.7851868E+00   7.5992751E-01
   2.6384047E-01   6.3128495E-03   3.8170314E+00   7.6056302E-01
   2.6543730E-01   5.5244099E-03   3.8374674E+00   7.5884771E-01
   2.6711401E-01   5.5474024E-03   3.8609972E+00   7.5750607E-01
   2.6884928E-01   5.2417452E-03   3.8846107E+00   7.5649637E-01
   2.7044654E-01   4.5938063E-03   3.9155531E+00   7.4957460E-01
   2.7212363E-01   5.4207509E-03   3.9392223E+00   7.5316221E-01
   2.7386013E-01   7.4132644E-03   3.9596736E+00   7.4987751E-01
   2.7577186E-01   1.6020147E-02   4.0247574E+00   7.4719387E-01
   2.7787954E-01   3.6731455E-03   4.0461645E+00   7.4361891E-01
   2.7901304E-01   1.1147261E-02   4.0543036E+00   7.4309540E-01
   2.8145295E-01   7.8274477E-03   4.0831261E+00   7.4213552E-01
   2.8276512E-01   6.9888323E-03   4.0980697E+00   7.4075824E-01
   2.8414294E-01   9.1063604E-03   4.1151004E+00   7.3975259E-01
   2.8558961E-01   6.9235289E-03   4.1310177E+00   7.3671895E-01
   2.8710863E-01   8.3663445E-03   4.1453733E+00   7.3565543E-01
   2.9033202E-01   3.7870612E-03   4.1836958E+00   7.2982633E-01
   2.9193187E-01   5.7205949E-03   4.2043281E+00   7.2823155E-01
   2.9354957E-01   1.0212013E-02   4.2205429E+00   7.2559953E-01
   2.9516309E-01   1.0518089E-02   4.2396736E+00   7.2385246E-01
   2.9677284E-01   1.3048611E-02   4.2574296E+00   7.2263139E-01
   2.9838011E-01   7.3710945E-03   4.2732325E+00   7.1952349E-01
   2.9990447E-01   8.6271735E-03   4.2919397E+00   7.1795130E-01
   3.0120417E-01   8.3324425E-03   4.3130198E+00   7.1687084E-01
   3.0355400E-01   1.0903459E-02   4.3423486E+00   7.1677554E-01
   3.0532292E-01   1.3790341E-02   4.3409190E+00   7.1831059E-01
   3.0627424E-01   6.7085605E-03   4.3479886E+00   7.1279657E-01
   3.0832198E-01   7.5240862E-03   4.3757305E+00   7.1805793E-01
   3.1057960E-01   1.0346356E-02   4.3788705E+00   7.1007574E-01
   3.1179377E-01   8.5341008E-03   4.3823919E+00   7.0812035E-01
   3.1306863E-01   1.1161557E-02   4.3844752E+00   7.0549577E-01
   3.1581280E-01   1.4141176E-02   4.4057393E+00   7.0173353E-01
   3.1720147E-01   1.0292376E-02   4.4203181E+00   6.9948322E-01
   3.1865957E-01   1.2620663E-02   4.4270635E+00   6.9666821E-01
   3.2011345E-01   6.2998459E-03   4.4406137E+00   6.9488508E-01
   3.2210466E-01   1.5275486E-02   4.4532290E+00   6.9056261E-01
   3.2424614E-01   9.8944185E-03   4.4626451E+00   6.8844992E-01
   3.2529747E-01   1.1206953E-02   4.4668012E+00   6.8760055E-01
   3.2756045E-01   1.1404980E-02   4.4664145E+00   6.8443722E-01
   3.2900524E-01   2.0315873E-02   4.4819975E+00   6.8332392E-01
   3.3056408E-01   1.6378975E-02   4.4892139E+00   6.8571860E-01
   3.3228272E-01   5.0060679E-03   4.4979897E+00   6.7869139E-01
   3.3417749E-01   1.5952658E-02   4.4997773E+00   6.7848313E-01
   3.3626649E-01   7.6744552E-03   4.4951830E+00   6.7581320E-01
   3.3738998E-01   8.3138878E-03   4.4841886E+00   6.7459929E-01
   3.3978623E-01   1.4688246E-02   4.4786911E+00   6.7135155E-01
   3.4100690E-01   1.4830308E-02   4.4805670E+00   6.6912901E-01
   3.4222922E-01   1.1673019E-02   4.4885492E+00   6.6833270E-01
   3.4460038E-01   2.0097014E-02   4.4894023E+00   6.6501319E-01
   3.4582677E-01   1.3468858E-02   4.4982190E+00   6.6214716E-01
   3.4828299E-01   7.6504177E-03   4.5057268E+00   6.5929705E-01
   3.4951070E-01   9.7562335E-03   4.4987431E+00   6.5745294E-01
   3.5072803E-01   1.7545182E-02   4.4845052E+00   6.5561163E-01
   3.5315171E-01   1.2478472E-02   4.4671693E+00   6.5172142E-01
   3.5434517E-01   1.2980430E-02   4.4680047E+00   6.5029603E-01
   3.5670075E-01   1.5633674E-02   4.4567809E+00   6.4616042E-01
   3.5786369E-01   2.3297284E-02   4.4604335E+00   6.4451993E-01
   3.6017036E-01   6.6179964E-03   4.4464526E+00   6.4307123E-01
   3.6129677E-01   2.4431868E-02   4.4133849E+00   6.4008337E-01
   3.6353642E-01   1.0817626E-02   4.4193449E+00   6.3436139E-01
   3.6464861E-01   1.3433358E-02   4.4133749E+00   6.3416833E-01
   3.6685312E-01   1.5767692E-02   4.4158649E+00   6.3232869E-01
   3.6794519E-01   1.0137280E-02   4.4152904E+00   6.3436002E-01
   3.7010995E-01   1.9537222E-02   4.3807988E+00   6.2658340E-01
   3.7225160E-01   1.1256258E-02   4.3544869E+00   6.2534100E-01
   3.7331444E-01   1.1009051E-02   4.3525796E+00   6.2436497E-01
   3.7542522E-01   1.3488039E-02   4.3210297E+00   6.2235880E-01
   3.7647352E-01   1.4568922E-02   4.3139668E+00   6.1995941E-01
   3.7855649E-01   1.6868085E-02   4.2995777E+00   6.1814511E-01
   3.8062218E-01   1.2107813E-02   4.2758603E+00   6.1564744E-01
   3.8164902E-01   1.3165444E-02   4.2645826E+00   6.1370444E-01
   3.8367781E-01   1.1961407E-02   4.2590613E+00   6.1403638E-01
   3.8568786E-01   1.7318724E-02   4.2333913E+00   6.1305231E-01
   3.8729718E-01   1.4859298E-02   4.1697588E+00   6.1034679E-01
   3.8911000E-01   1.4879365E-02   4.1402841E+00   6.0582703E-01
   3.9058882E-01   4.7365259E-03   4.1562562E+00   6.0794026E-01
   3.9230075E-01   1.1679028E-02   4.1616530E+00   6.0276091E-01
   3.9428255E-01   1.4126981E-02   4.1481805E+00   6.1205810E-01
   3.9577439E-01   1.3956510E-02   4.1171002E+00   6.2786150E-01
   3.9741912E-01   1.4440043E-02   4.0809159E+00   6.0525495E-01
   3.9923248E-01   1.1184385E-02   4.0485516E+00   6.0353148E-01
   4.0121669E-01   9.8337634E-03   3.9772220E+00   5.9447253E-01
   4.0222320E-01   1.4417562E-02   3.9776542E+00   5.8889294E-01
   4.0423158E-01   1.5677787E-02   3.9416192E+00   6.1005753E-01
   4.0622848E-01   9.0914425E-03   3.9485629E+00   5.9404969E-01
   4.0821594E-01   1.9653326E-02   3.9386489E+00   5.8671182E-01
   4.0920705E-01   1.8725587E-02   3.9280639E+00   5.9119827E-01
   4.1120449E-01   1.1854107E-02   3.8248594E+00   5.8938414E-01
   4.1318408E-01   1.6353246E-02   3.8067243E+00   5.8707875E-01
   4.1416702E-01   1.3945057E-02   3.8018236E+00   5.8678097E-01
   4.1612819E-01   1.2304758E-02   3.7979233E+00   5.7654005E-01
   4.1808620E-01   1.5615974E-02   3.7589402E+00   5.8516318E-01
   4.2005363E-01   1.5758928E-02   3.7277517E+00   5.8261573E-01
   4.2102963E-01   1.3995339E-02   3.7097573E+00   5.8070272E-01
   4.2297155E-01   1.2436398E-02   3.6403484E+00   5.7361990E-01
   4.2491180E-01   1.8391646E-02   3.6247470E+00   5.7737726E-01
   4.2684698E-01  -3.2093108E-03   3.5825582E+00   5.6801438E-01
   4.2876840E-01   3.3712508E-03   3.5351205E+00   5.7843620E-01
   4.2972493E-01   1.7082650E-02   3.5042529E+00   5.8059800E-01
   4.3163928E-01   2.3549888E-02   3.4780879E+00   5.7535791E-01
   4.3355995E-01   1.4643013E-02   3.4584494E+00   5.7129347E-01
   4.3548843E-01   8.2280515E-03   3.4240246E+00   5.8031422E-01
   4.3645635E-01   1.3620660E-02   3.4097955E+00   5.6541598E-01
   4.3840265E-01   1.6302966E-02   3.3427136E+00   5.5702132E-01
   4.4028714E-01   1.2426995E-02   3.2941487E+00   5.6902206E-01
   4.4217828E-01   3.3084512E-02   3.2283423E+00   5.5123842E-01
   4.4417813E-01   2.7877964E-02   3.1662610E+00   5.5877513E-01
   4.4520158E-01  -1.0102335E-02   3.1470451E+00   5.7288349E-01
   4.4717118E-01   4.3761879E-03   3.1179001E+00   5.5018389E-01
   4.4914162E-01   1.2993393E-02   3.0850737E+00   5.5592084E-01
   4.5013022E-01   2.2312371E-02   3.0657065E+00   5.5426729E-01
   4.5216668E-01   4.6958419E-04   2.9964626E+00   5.5245674E-01
   4.5429257E-01   5.3836275E-03   2.9165280E+00   5.5540383E-01
   4.5537025E-01   5.8250520E-03   2.8917153E+00   5.5400592E-01
   4.5756054E-01   3.1179730E-02   2.8166022E+00   5.4479706E-01
   4.5867342E-01   1.1794558E-02   2.7573535E+00   5.4597050E-01
   4.6093729E-01   4.6208687E-03   2.7079413E+00   5.4275560E-01
   4.6263507E-01   1.1871233E-02   2.6075792E+00   5.4148757E-01
   4.6417591E-01   1.7033121E-02   2.6085334E+00   5.3699267E-01
   4.6587470E-01   1.2123629E-02   2.5865071E+00   5.3780276E-01
   4.6774757E-01  -3.2460928E-02   2.4820726E+00   5.2416438E-01
   4.6981245E-01   4.8751081E-03   2.4733415E+00   5.3610384E-01
   4.7092295E-01   8.4005827E-03   2.4517269E+00   5.3688377E-01
   4.7323459E-01   2.2474444E-02   2.3182218E+00   5.4093480E-01
   4.7443748E-01   3.0827856E-02   2.2869587E+00   5.3072053E-01
   4.7657505E-01  -9.3482733E-03   2.1975982E+00   5.2721322E-01
   4.7765878E-01  -5.0591561E-03   2.1433363E+00   5.3485632E-01
   4.7986302E-01   2.8523901E-03   2.1031897E+00   5.1444042E-01
   4.8099148E-01   1.9032300E-02   2.0757656E+00   5.1007259E-01
   4.8330399E-01  -4.4493359E-03   1.9762813E+00   5.0759017E-01
   4.8452643E-01  -2.3167040E-03   1.9359370E+00   5.0764513E-01
   4.8710594E-01   3.0313176E-03   1.8505174E+00   5.1661521E-01
   4.8840070E-01   2.0299981E-04   1.8290211E+00   5.1592523E-01
   4.8969352E-01   6.3744717E-04   1.7742927E+00   5.1004636E-01
   4.9196413E-01  -7.8264745E-03   1.6896168E+00   5.1425922E-01
   4.9299526E-01  -3.5309212E-03   1.6635858E+00   5.0890368E-01
   4.9521482E-01  -1.3381895E-03   1.5550059E+00   5.0515151E-01
   4.9640849E-01  -1.7353112E-03   1.4895701E+00   5.0599587E-01
   4.9891904E-01   5.2120229E-03   1.4410201E+00   5.0435072E-01
   5.0017118E-01   2.1763998E-03   1.3842916E+00   5.0432402E-01
   5.0141746E-01   9.7871176E-04   1.3742573E+00   5.0398189E-01
   5.0388873E-01  -6.4363992E-03   1.2641807E+00   5.0382739E-01
   5.0511694E-01   2.3688925E-03   1.2288548E+00   5.0213629E-01
   5.0760168E-01   6.6754885E-04   1.1312802E+00   4.9997512E-01
   5.0884330E-01  -1.7957340E-04   1.0590190E+00   5.0073183E-01
   5.1007837E-01   7.9712505E-04   1.0269685E+00   5.0048333E-01
   5.1253438E-01  -9.5459083E-03   9.6350175E-01   5.0035268E-01
   5.1375622E-01  -8.8588183E-04   9.4639289E-01   4.9990398E-01
   5.1618576E-01   1.0497856E-03   8.7775344E-01   4.9891397E-01
   5.1739430E-01  -5.9470618E-03   7.9681695E-01   4.9856421E-01
   5.1860249E-01  -6.7297658E-03   7.5121504E-01   4.9870899E-01
   5.2102661E-01  -4.8050536E-03   6.4883667E-01   4.9795327E-01
   5.2224058E-01   1.9624659E-03   5.6792378E-01   5.0101191E-01
   5.2469337E-01  -8.2853390E-03   4.7536534E-01   4.9778274E-01
   5.2590537E-01  -6.4437720E-03   4.4034541E-01   4.9969342E-01
   5.2828777E-01   1.3484043E-02   4.0117335E-01   5.0111622E-01
   5.2943337E-01   2.0818133E-02   3.8452744E-01   5.0010437E-01
   5.3063625E-01  -1.1118555E-02   3.2667378E-01   5.0214285E-01
   5.3304541E-01  -3.4711205E-03   2.3120470E-01   5.0074553E-01
   5.3425276E-01  -2.1926516E-03   1.2574703E-01   5.0293064E-01
   5.3646684E-01   1.2928560E-02   2.4920458E-02   4.9908790E-01
   5.3755915E-01   5.0686221E-03   3.3985119E-02   5.0260824E-01
   5.3980619E-01  -7.9737818E-03  -5.6153294E-02   5.0017989E-01
   5.4101467E-01   6.8220432E-04  -9.4209023E-02   5.0138944E-01
   5.4359221E-01   1.9390523E-03  -1.4993551E-01   5.0522292E-01
   5.4488629E-01   5.9880014E-03  -1.7132765E-01   5.0608236E-01
   5.4616922E-01   7.9096565E-03  -2.4912925E-01   5.0596058E-01
   5.4870319E-01   7.8646187E-03  -4.0149677E-01   4.9796039E-01
   5.4997027E-01   8.2514687E-03  -4.1614696E-01   5.0068188E-01
   5.5122674E-01  -5.4375590E-03  -4.4098133E-01   5.0541717E-01
   5.5370730E-01  -8.4745921E-03  -5.0218827E-01   5.1204205E-01
   5.5479074E-01   9.3424404E-03  -5.6917602E-01   5.0581652E-01
   5.5712283E-01   1.5138129E-02  -6.5306967E-01   5.1113206E-01
   5.5834895E-01  -1.8472882E-04  -6.8106544E-01   5.1440209E-01
   5.6072354E-01   7.4453857E-03  -7.4553144E-01   5.1551050E-01
   5.6169158E-01   8.2842568E-03  -7.8185290E-01   5.1384306E-01
   5.6396848E-01   6.2397555E-03  -9.1297251E-01   5.1667583E-01
   5.6530547E-01  -3.6296912E-02  -1.0028864E+00   5.1152033E-01
   5.6716460E-01  -1.2347021E-02  -9.9826908E-01   5.1174778E-01
   5.6899512E-01   7.4047809E-03  -1.0402162E+00   5.1268238E-01
   5.7025754E-01  -1.7523364E-03  -1.0588650E+00   5.1327801E-01
   5.7214433E-01  -8.0682402E-03  -1.1373730E+00   5.1894355E-01
   5.7420969E-01  -4.9756058E-03  -1.2183263E+00   5.1722592E-01
   5.7576448E-01   5.0125341E-03  -1.2580185E+00   5.1696789E-01
   5.7742983E-01   6.3395491E-03  -1.3068978E+00   5.1760823E-01
   5.7908928E-01   9.4318800E-03  -1.3712265E+00   5.1748252E-01
   5.8079791E-01  -3.6034056E-03  -1.4149650E+00   5.1809108E-01
   5.8258945E-01  -1.0095269E-02  -1.4509236E+00   5.1655942E-01
   5.8456463E-01   5.4914586E-04  -1.5713991E+00   5.1747870E-01
   5.8562690E-01   9.4256671E-03  -1.5796691E+00   5.1725096E-01
   5.8790582E-01  -7.2725415E-03  -1.6619712E+00   5.1642501E-01
   5.8905834E-01  -2.8037313E-02  -1.6428194E+00   5.1821643E-01
   5.9115958E-01   7.2256741E-03  -1.6850019E+00   5.1838529E-01
   5.9309578E-01  -8.2578147E-03  -1.7436482E+00   5.2113944E-01
   5.9494215E-01  -2.2312112E-02  -1.8115486E+00   5.2053052E-01
   5.9584558E-01  -1.1161435E-02  -1.8392451E+00   5.2038294E-01
   5.9763074E-01   8.6503802E-03  -1.9151558E+00   5.1924044E-01
   5.9938663E-01   2.2742575E-02  -2.1342909E+00   5.1465464E-01
   6.0123563E-01   1.3436566E-02  -2.1129694E+00   5.1128703E-01
   6.0289520E-01   2.5249144E-02  -2.0255806E+00   5.1829135E-01
   6.0481638E-01   3.6062643E-02  -2.1172233E+00   5.2158064E-01
   6.0626262E-01  -9.0876996E-04  -2.1245360E+00   5.2506143E-01
   6.0785705E-01  -5.3299502E-02  -2.1510115E+00   5.2506095E-01
   6.0956997E-01   5.5847494E-03  -2.2254145E+00   5.2629912E-01
   6.1128753E-01   7.4078895E-02  -2.3096209E+00   5.2964801E-01
   6.1301279E-01   1.2112917E-02  -2.3899691E+00   5.2523923E-01
   6.1550212E-01  -2.0428780E-02  -2.3321414E+00   5.3272313E-01
   6.1637807E-01  -6.4846966E-03  -2.3763850E+00   5.2878606E-01
   6.1825037E-01   7.8481540E-02  -2.5470605E+00   5.2981615E-01
   6.2019950E-01  -2.1688605E-02  -2.4941602E+00   5.3432220E-01
   6.2219399E-01  -3.1564336E-02  -2.5677621E+00   5.3348851E-01
   6.2319571E-01   4.7878977E-02  -2.6360316E+00   5.3682172E-01
   6.2519187E-01   2.4160659E-02  -2.6370480E+00   5.3344423E-01
   6.2721974E-01   5.5515133E-03  -2.6638911E+00   5.4033023E-01
   6.2926018E-01   6.0005346E-03  -2.7325430E+00   5.4416418E-01
   6.3025957E-01  -2.1892935E-02  -2.7727506E+00   5.4790568E-01
   6.3216132E-01   3.6411579E-03  -2.7938218E+00   5.4862767E-01
   6.3407910E-01   1.2644530E-02  -2.8589809E+00   5.4961258E-01
   6.3589919E-01   1.3143998E-02  -2.9052763E+00   5.4947937E-01
   6.3756996E-01   2.0375382E-02  -2.9493017E+00   5.5244619E-01
   6.3911724E-01  -5.1644584E-03  -3.0062816E+00   5.5407828E-01
   6.4062309E-01   5.4673227E-03  -3.0278163E+00   5.5568665E-01
   6.4280498E-01  -1.0600884E-02  -3.0166285E+00   5.5833083E-01
   6.4432389E-01   2.6140602E-02  -3.1176100E+00   5.5396163E-01
   6.4599842E-01  -2.0123801E-04  -3.1170886E+00   5.5771816E-01
   6.4784467E-01   1.1366781E-02  -3.1662319E+00   5.6283844E-01
   6.4986521E-01   1.7485758E-02  -3.2095518E+00   5.6109798E-01
   6.5094423E-01   1.0094958E-02  -3.2371616E+00   5.6225199E-01
   6.5312296E-01  -6.3575292E-03  -3.2802300E+00   5.6862652E-01
   6.5425676E-01  -4.8557534E-03  -3.3053701E+00   5.6603652E-01
   6.5664643E-01  -1.5586261E-03  -3.3467689E+00   5.6726336E-01
   6.5784067E-01  -1.0090722E-02  -3.3743339E+00   5.6845164E-01
   6.6021448E-01   9.3078380E-03  -3.4434927E+00   5.7122517E-01
   6.6139424E-01   2.1852272E-02  -3.4400835E+00   5.7073683E-01
   6.6250765E-01   1.2496894E-02  -3.4830341E+00   5.7150555E-01
   6.6477400E-01   2.3378966E-02  -3.5276084E+00   5.6879956E-01
   6.6704059E-01   1.4827504E-05  -3.5537040E+00   5.7508087E-01
   6.6819537E-01  -5.5062183E-04  -3.5702255E+00   5.7439411E-01
   6.6934633E-01   2.5061522E-02  -3.6103330E+00   5.7620335E-01
   6.7162818E-01  -1.0531788E-02  -3.6303790E+00   5.7738876E-01
   6.7388731E-01   2.6573801E-02  -3.6906829E+00   5.7724708E-01
   6.7481792E-01   1.2138176E-02  -3.6889036E+00   5.8128089E-01
   6.7682099E-01   3.5357732E-02  -3.6465020E+00   5.8129466E-01
   6.7897588E-01   4.6731876E-03  -3.7389841E+00   5.8298397E-01
   6.7998183E-01  -5.0688055E-03  -3.7638996E+00   5.8602726E-01
   6.8191946E-01   1.2267650E-02  -3.8061202E+00   5.8344352E-01
   6.8376470E-01   2.4807343E-02  -3.7985191E+00   5.8703160E-01
   6.8556213E-01   3.5968307E-02  -3.8196304E+00   5.8507204E-01
   6.8715972E-01   2.7551243E-02  -3.8574519E+00   5.8558190E-01
   6.8868703E-01   1.3894721E-02  -3.9022391E+00   5.8751571E-01
   6.9017822E-01  -1.1296483E-03  -3.9196510E+00   5.9049827E-01
   6.9250655E-01   1.9351745E-02  -3.9214847E+00   5.9232414E-01
   6.9425929E-01  -1.3140431E-03  -3.9413555E+00   5.9073895E-01
   6.9520187E-01   2.2868967E-02  -3.9480095E+00   5.9232605E-01
   6.9723088E-01   2.5016850E-02  -3.9811969E+00   5.9369475E-01
   6.9924521E-01   2.5891364E-02  -4.0009294E+00   5.9525573E-01
   7.0128071E-01   1.2005745E-02  -4.0193748E+00   5.9558845E-01
   7.0222974E-01   2.3309987E-02  -4.0693717E+00   5.9920293E-01
   7.0414555E-01   1.6175795E-02  -4.0484595E+00   5.9827894E-01
   7.0602989E-01   5.9271581E-04  -4.0888472E+00   5.9687209E-01
   7.0791328E-01   1.0578754E-02  -4.0983953E+00   5.9921360E-01
   7.0885712E-01   2.0603150E-02  -4.1113515E+00   5.9919739E-01
   7.1074164E-01   7.2843046E-03  -4.1152821E+00   6.0070848E-01
   7.1262711E-01   1.7034845E-02  -4.1293488E+00   6.0066694E-01
   7.1453387E-01   1.6185308E-02  -4.1502938E+00   6.0356909E-01
   7.1645927E-01   2.6622647E-02  -4.2011561E+00   6.0611719E-01
   7.1742672E-01   1.3922087E-02  -4.1886611E+00   6.0555464E-01
   7.1937215E-01   3.2917380E-02  -4.1791310E+00   6.0428357E-01
   7.2117352E-01  -2.4252888E-02  -4.1910195E+00   6.0580593E-01
   7.2278905E-01   1.9235287E-02  -4.2167811E+00   6.0568720E-01
   7.2439551E-01   1.2279635E-02  -4.2134981E+00   6.0465270E-01
   7.2686237E-01   1.1399754E-02  -4.2307434E+00   6.0847759E-01
   7.2850996E-01  -1.0521956E-02  -4.2275882E+00   6.0862881E-01
   7.3005897E-01   3.7264768E-02  -4.2130752E+00   6.1166364E-01
   7.3152840E-01   2.4146106E-02  -4.2632461E+00   6.1742449E-01
   7.3363847E-01  -2.4892958E-03  -4.2337184E+00   6.1044270E-01
   7.3502636E-01   1.7807009E-02  -4.2311964E+00   6.1424094E-01
   7.3640281E-01   7.7193384E-03  -4.2558308E+00   6.1506456E-01
   7.3848814E-01   8.1758876E-04  -4.2264528E+00   6.1508495E-01
   7.3993707E-01  -4.7398903E-03  -4.2478466E+00   6.1668921E-01
   7.4228013E-01   1.4474084E-02  -4.2159390E+00   6.1660093E-01
   7.4393517E-01   3.7606671E-02  -4.2270756E+00   6.2074864E-01
   7.4559915E-01   6.6988855E-03  -4.2545109E+00   6.1776137E-01
   7.4727798E-01   2.0591056E-02  -4.2460613E+00   6.1804086E-01
   7.4897206E-01   1.7877230E-02  -4.2178526E+00   6.2320966E-01
   7.5068229E-01  -3.4833390E-03  -4.2078438E+00   6.2126535E-01
   7.5240582E-01   8.2188044E-03  -4.1765018E+00   6.2306297E-01
   7.5414068E-01   2.5026007E-02  -4.1879883E+00   6.2198013E-01
   7.5588894E-01   1.7549938E-02  -4.1161575E+00   6.2594342E-01
   7.5765020E-01   8.2380855E-03  -4.2028856E+00   6.2669498E-01
   7.5942355E-01   9.0470416E-03  -4.1949658E+00   6.2590957E-01
   7.6031768E-01   9.9968584E-03  -4.1974049E+00   6.2664968E-01
   7.6213968E-01   7.6228050E-03  -4.1802349E+00   6.2687975E-01
   7.6406765E-01   1.9110633E-02  -4.1547961E+00   6.2673020E-01
   7.6598078E-01   7.8488933E-03  -4.1598525E+00   6.2987983E-01
   7.6783895E-01   2.2018120E-02  -4.1354599E+00   6.3282520E-01
   7.6970690E-01   7.8563187E-03  -4.1234651E+00   6.3053215E-01
   7.7061808E-01   4.0448150E-03  -4.0884099E+00   6.3396668E-01
   7.7245301E-01  -1.2230837E-02  -4.0803747E+00   6.3002723E-01
   7.7419698E-01  -1.1593573E-02  -4.0954738E+00   6.2815243E-01
   7.7597255E-01  -8.7085860E-03  -4.0519824E+00   6.3070387E-01
   7.7774531E-01   6.2226569E-03  -4.0637698E+00   6.3156587E-01
   7.7956164E-01   2.6403621E-02  -4.0071907E+00   6.3182205E-01
   7.8149486E-01   6.2172115E-03  -4.0160241E+00   6.3315749E-01
   7.8331447E-01   2.2063749E-02  -3.9959056E+00   6.2993491E-01
   7.8510517E-01   1.1401673E-02  -3.9825358E+00   6.2877285E-01
   7.8598851E-01   2.5020740E-03  -3.9657805E+00   6.2905329E-01
   7.8772783E-01   8.2843509E-03  -3.9517305E+00   6.2842381E-01
   7.8959072E-01   6.9180261E-03  -3.9112229E+00   6.2858027E-01
   7.9149270E-01   4.0064484E-02  -3.8520834E+00   6.3610202E-01
   7.9334879E-01   8.2274331E-03  -3.8731284E+00   6.3004023E-01
   7.9512852E-01   1.6848788E-02  -3.8733163E+00   6.2770742E-01
   7.9679722E-01   9.3236454E-03  -3.7628651E+00   6.3009781E-01
   7.9840952E-01  -4.7118077E-03  -3.8027503E+00   6.2885267E-01
   8.0016118E-01  -3.6171186E-03  -3.7162807E+00   6.3006592E-01
   8.0209249E-01   1.0810538E-02  -3.7491295E+00   6.3373929E-01
   8.0310017E-01   4.5637929E-04  -3.7273853E+00   6.3125986E-01
   8.0555546E-01   3.6475221E-03  -3.6959994E+00   6.3038087E-01
   8.0715597E-01  -1.1355769E-03  -3.6529608E+00   6.3474566E-01
   8.0892050E-01  -7.0973313E-03  -3.6432419E+00   6.3506162E-01
   8.1079590E-01   2.6685810E-03  -3.6194100E+00   6.3628262E-01
   8.1174338E-01  -7.3798527E-03  -3.6078191E+00   6.3534307E-01
   8.1362754E-01  -2.7470046E-03  -3.5726969E+00   6.3672096E-01
   8.1561309E-01  -8.0033520E-04  -3.5129192E+00   6.3868332E-01
   8.1775802E-01   1.2237393E-02  -3.4664328E+00   6.3999259E-01
   8.1882519E-01   2.5735743E-02  -3.4506855E+00   6.3869762E-01
   8.2088107E-01  -1.8305287E-03  -3.4232171E+00   6.3804960E-01
   8.2280946E-01   6.1249118E-03  -3.3977299E+00   6.4117634E-01
   8.2372981E-01   2.1103774E-03  -3.3868160E+00   6.4129424E-01
   8.2550186E-01  -8.1523275E-03  -3.3397636E+00   6.4305711E-01
   8.2723200E-01  -9.4438950E-03  -3.2914460E+00   6.4413440E-01
   8.2893431E-01   4.3945848E-03  -3.2503593E+00   6.4500356E-01
   8.3061910E-01   3.8575665E-03  -3.2352877E+00   6.4488554E-01
   8.3230120E-01  -2.3511415E-03  -3.1731005E+00   6.4633435E-01
   8.3480281E-01   8.9862192E-04  -3.1405740E+00   6.5152401E-01
   8.3658755E-01  -1.3520783E-02  -3.1078691E+00   6.4887637E-01
   8.3754742E-01   7.0241053E-04  -3.0628135E+00   6.5045649E-01
   8.3956087E-01   7.2084032E-03  -3.0041940E+00   6.5127087E-01
   8.4149909E-01  -4.5860796E-03  -2.9749010E+00   6.5331286E-01
   8.4331656E-01  -1.5504791E-02  -2.9619582E+00   6.4908493E-01
   8.4504884E-01   7.1141627E-03  -2.9069595E+00   6.6307986E-01
   8.4681118E-01  -8.3061005E-04  -2.8893814E+00   6.6411430E-01
   8.4771419E-01   6.7530023E-03  -2.8342552E+00   6.6413957E-01
   8.4947807E-01   1.0881886E-03  -2.7949934E+00   6.5998149E-01
   8.5113949E-01  -2.4348106E-04  -2.6983087E+00   6.6399664E-01
   8.5349727E-01  -1.2042170E-02  -2.7065725E+00   6.6537029E-01
   8.5503680E-01   1.2206750E-03  -2.6745417E+00   6.6645950E-01
   8.5669702E-01  -2.7254468E-03  -2.6317251E+00   6.7056412E-01
   8.5852742E-01  -5.9341411E-03  -2.5907519E+00   6.7031294E-01
   8.6052036E-01   5.2259741E-03  -2.5478830E+00   6.7341536E-01
   8.6151475E-01  -3.4479299E-03  -2.5115867E+00   6.7404807E-01
   8.6347032E-01  -1.0035065E-03  -2.4607301E+00   6.7335159E-01
   8.6555624E-01  -1.7369913E-02  -2.4090850E+00   6.7455506E-01
   8.6661798E-01  -3.6590151E-03  -2.3925281E+00   6.7654437E-01
   8.6877644E-01  -4.5315069E-03  -2.3391654E+00   6.7517453E-01
   8.6992222E-01  -2.3211890E-03  -2.3433015E+00   6.7483240E-01
   8.7224615E-01  -9.8307412E-03  -2.2616746E+00   6.7678207E-01
   8.7334079E-01   4.9050823E-03  -2.2334862E+00   6.7661738E-01
   8.7569708E-01  -1.9582801E-03  -2.1519866E+00   6.7701173E-01
   8.7696427E-01  -2.1410840E-02  -2.1135507E+00   6.7739236E-01
   8.7949950E-01  -5.4641049E-03  -2.0683882E+00   6.7916715E-01
   8.8071793E-01  -1.8543221E-02  -2.0533316E+00   6.7933083E-01
   8.8189256E-01  -5.7700695E-03  -1.9843193E+00   6.8165040E-01
   8.8435441E-01  -4.0799747E-03  -1.9363040E+00   6.8172264E-01
   8.8557434E-01   1.0234497E-02  -1.9285510E+00   6.7922121E-01
   8.8787746E-01   1.2363653E-02  -1.8055488E+00   6.8469387E-01
   8.8891888E-01  -1.5346543E-02  -1.7865106E+00   6.8381339E-01
   8.9088917E-01   2.4271742E-03  -1.7503825E+00   6.8349439E-01
   8.9284229E-01  -1.8590529E-02  -1.7199744E+00   6.8385434E-01
   8.9477825E-01   1.7140048E-03  -1.6670603E+00   6.8570822E-01
   8.9573950E-01  -1.0539040E-02  -1.6235220E+00   6.8593854E-01
   8.9764345E-01  -4.7333250E-03  -1.6022127E+00   6.8716323E-01
   8.9955342E-01  -3.9226073E-03  -1.5234162E+00   6.8647265E-01
   9.0150517E-01   2.4842059E-02  -1.5343356E+00   6.8408221E-01
   9.0249711E-01  -3.7485904E-03  -1.5003978E+00   6.8687880E-01
   9.0450895E-01   1.7546272E-03  -1.4380361E+00   6.8829793E-01
   9.0655768E-01  -3.1746019E-02  -1.3814980E+00   6.8879288E-01
   9.0759701E-01  -3.3918500E-02  -1.3756047E+00   6.8939626E-01
   9.0970218E-01  -4.3759188E-03  -1.1832516E+00   6.9135123E-01
   9.1185230E-01   2.5338068E-04  -1.1727132E+00   6.9025320E-01
   9.1298759E-01  -2.9041002E-02  -1.1728607E+00   6.9015592E-01
   9.1526514E-01  -2.4631297E-02  -1.1569721E+00   6.9088197E-01
   9.1631782E-01  -2.3432676E-02  -1.1432847E+00   6.9141173E-01
   9.1839784E-01  -4.2067211E-02  -1.0834640E+00   6.9224715E-01
   9.2044473E-01  -1.8421264E-02  -9.4696903E-01   6.9220459E-01
   9.2144501E-01  -1.6060837E-02  -9.5073420E-01   6.9181377E-01
   9.2346752E-01  -2.8148709E-02  -9.0128547E-01   6.9252467E-01
   9.2569739E-01  -3.7095917E-03  -8.7353200E-01   6.9334507E-01
   9.2689657E-01  -7.1190102E-03  -8.4209836E-01   6.9361955E-01
   9.2809790E-01  -1.5657667E-02  -7.9880309E-01   6.9392377E-01
   9.3048245E-01  -4.6854732E-03  -7.3259842E-01   6.9401145E-01
   9.3166757E-01  -1.9718522E-02  -7.0058352E-01   6.9443148E-01
   9.3385375E-01  -2.2279732E-03  -6.2647414E-01   6.9514710E-01
   9.3600631E-01  -2.1792368E-03  -5.5500180E-01   6.9493580E-01
   9.3716401E-01   7.8132590E-03  -5.3865993E-01   6.9479162E-01
   9.3833083E-01  -1.0060236E-02  -4.7189546E-01   6.9464070E-01
   9.4065821E-01  -3.0075466E-02  -4.1414654E-01   6.9484758E-01
   9.4181895E-01  -2.6970485E-02  -4.0770900E-01   6.9556820E-01
   9.4413525E-01   1.3892977E-02  -3.5471219E-01   6.9648302E-01
   9.4529086E-01  -1.6850881E-02  -2.8588802E-01   6.9692546E-01
   9.4748110E-01  -1.6881200E-02  -2.1320148E-01   6.9754934E-01
   9.4972372E-01  -5.1221397E-02  -1.9498868E-01   6.9781375E-01
   9.5084012E-01  -2.2593003E-03  -5.5023443E-02   6.9921309E-01
   9.5273286E-01  -1.4513990E-02  -5.4364935E-02   6.9816691E-01
   9.5415771E-01  -5.0113210E-03  -4.1722648E-02   6.9938296E-01
   9.5572859E-01   2.5902484E-03  -1.0949926E-02   6.9817036E-01
   9.5746046E-01  -1.6684962E-02   2.9191654E-02   7.0023471E-01
   9.5936984E-01  -2.1073036E-02   4.5613967E-02   7.0232642E-01
   9.6113187E-01   3.0859944E-03   1.8669617E-01   7.0190424E-01
   9.6281356E-01  -5.6185215E-03   2.1243207E-01   7.0319474E-01
   9.6459335E-01  -7.4496125E-03   2.4824579E-01   7.0276803E-01
   9.6655554E-01  -2.1149121E-02   3.2139054E-01   7.0240563E-01
   9.6761084E-01   7.1275528E-03   3.5059449E-01   7.0164007E-01
   9.6988231E-01  -7.3127616E-03   3.6699742E-01   7.0688063E-01
   9.7103190E-01  -1.4061605E-02   3.6700138E-01   7.0799482E-01
   9.7350651E-01   2.5448276E-04   5.3396189E-01   7.0658571E-01
   9.7477287E-01  -1.1867063E-02   5.9696954E-01   7.0818090E-01
   9.7603226E-01   4.5156083E-03   6.1354941E-01   7.0743722E-01
   9.7817206E-01   2.3812247E-02   6.2408966E-01   7.0796251E-01
   9.8033035E-01  -1.7995030E-02   7.0256221E-01   7.0773774E-01
   9.8195511E-01  -1.0446123E-02   7.4821222E-01   7.1098578E-01
   9.8366725E-01  -4.4520693E-03   8.4733605E-01   7.1825355E-01
   9.8512453E-01   2.0012653E-02   8.4497309E-01   7.0775789E-01
   9.8673123E-01   5.6706173E-03   8.6996466E-01   7.1667504E-01
   9.8850256E-01  -1.7884254E-02   9.1838741E-01   7.2093499E-01
   9.9045336E-01   1.1136420E-03   1.0002210E+00   7.2182697E-01
   9.9230987E-01   2.9060617E-02   1.0577416E+00   7.0456988E-01
   9.9330592E-01   9.1141900E-03   1.0392765E+00   7.2883987E-01
   9.9544984E-01   1.9506892E-03   1.0887617E+00   7.2888708E-01
   9.9660289E-01  -3.6583203E-03   1.1516951E+00   7.2517216E-01
   9.9908483E-01  -1.1516025E-03   1.2225554E+00   7.2400475E-01
   1.0004047E+00  -8.5883066E-03   1.2488536E+00   7.3185986E-01
   1.0017241E+00   1.7261507E-02   1.2788944E+00   7.2599840E-01
   1.0043129E+00   1.9280576E-03   1.3682891E+00   7.2690600E-01
   1.0055910E+00   8.3484314E-03   1.3881131E+00   7.2743165E-01
   1.0068555E+00  -3.5603545E-03   1.4358900E+00   7.2951859E-01
   1.0093372E+00   5.3638574E-03   1.4813359E+00   7.2751755E-01
   1.0105441E+00   3.9415672E-02   1.5358521E+00   7.2772700E-01
   1.0129405E+00  -9.9939974E-03   1.6142251E+00   7.2994250E-01
   1.0141209E+00   1.9018313E-02   1.6155087E+00   7.3009861E-01
   1.0163991E+00   7.4838279E-03   1.6792549E+00   7.4097967E-01
   1.0175571E+00   1.1650754E-02   1.7230021E+00   7.3560971E-01
   1.0198656E+00  -7.6087302E-04   1.7622762E+00   7.3282897E-01
   1.0210187E+00  -6.0086944E-03   1.7865959E+00   7.2723567E-01
   1.0233259E+00   2.0835195E-02   1.8665891E+00   7.3912352E-01
   1.0244806E+00   1.8592795E-02   1.8874236E+00   7.3036385E-01
   1.0267900E+00  -1.3421400E-02   1.9618464E+00   7.3948509E-01
   1.0279447E+00   1.3064756E-02   1.9747002E+00   7.3930472E-01
   1.0303118E+00   3.7260313E-02   2.0500834E+00   7.4003613E-01
   1.0315849E+00   5.7791541E-03   2.0681741E+00   7.4054009E-01
   1.0328128E+00   3.2916991E-03   2.0881112E+00   7.3559660E-01
   1.0350670E+00   1.0746390E-02   2.1612949E+00   7.4322981E-01
   1.0366845E+00   2.0148259E-02   2.1896460E+00   7.3575670E-01
   1.0381330E+00   2.1891702E-02   2.2766335E+00   7.3334700E-01
   1.0402216E+00   2.5944075E-02   2.3819509E+00   7.3061514E-01
   1.0416719E+00   1.0860748E-02   2.2931616E+00   7.4468535E-01
   1.0432597E+00   4.7095727E-02   2.3150342E+00   7.7308428E-01
   1.0450104E+00   2.1500876E-03   2.3838992E+00   7.5144500E-01
   1.0469404E+00   2.4377219E-02   2.4137747E+00   7.3973727E-01
   1.0490685E+00   9.0789357E-03   2.5371275E+00   7.3559266E-01
   1.0502129E+00   7.7929879E-03   2.5261600E+00   7.5465381E-01
   1.0514145E+00   1.0515888E-02   2.5829227E+00   7.6886457E-01
   1.0539389E+00   2.0195466E-02   2.6065552E+00   7.5164545E-01
   1.0551884E+00   6.8442537E-03   2.6402178E+00   7.4953020E-01
   1.0577505E+00   2.1053383E-02   2.6845584E+00   7.5143826E-01
   1.0591283E+00   1.4660550E-02   2.7383428E+00   7.5525999E-01
   1.0604335E+00   1.0911955E-02   2.7674241E+00   7.5164205E-01
   1.0618039E+00   2.1280451E-02   2.7852557E+00   7.5904822E-01
   1.0646013E+00  -1.2150131E-03   2.8586719E+00   7.6677525E-01
   1.0661057E+00   3.0952763E-02   2.8721774E+00   7.5663596E-01
   1.0676663E+00   2.2153882E-02   2.9138794E+00   7.6404917E-01
   1.0688323E+00  -1.6502121E-02   2.9676385E+00   7.6460183E-01
   1.0712986E+00   1.3545195E-02   3.0174868E+00   7.6471579E-01
   1.0724434E+00   2.3506671E-02   3.0525022E+00   7.6227450E-01
   1.0749075E+00   1.6154416E-02   3.0690942E+00   7.6392096E-01
   1.0758686E+00   1.4102403E-03   3.1169729E+00   7.6230675E-01
   1.0779372E+00   1.1995240E-02   3.1588194E+00   7.6344216E-01
   1.0789739E+00   3.1009352E-02   3.1817036E+00   7.7553183E-01
   1.0812054E+00   1.7602772E-02   3.2137868E+00   7.5743032E-01
   1.0824054E+00   2.1245543E-02   3.2429800E+00   7.6093209E-01
   1.0848793E+00   8.2796849E-03   3.2781827E+00   7.6882684E-01
   1.0861816E+00   1.6808096E-02   3.3176401E+00   7.6461238E-01
   1.0874677E+00   8.5457396E-03   3.3388243E+00   7.6551044E-01
   1.0900400E+00   1.8567599E-02   3.4084742E+00   7.6897389E-01
   1.0913262E+00  -1.2876717E-02   3.4339526E+00   7.8182513E-01
   1.0926125E+00  -3.0293049E-02   3.4532728E+00   7.6455075E-01
   1.0953516E+00  -1.7373851E-02   3.4976406E+00   7.7605569E-01
   1.0967352E+00   5.3090304E-02   3.5352535E+00   7.7255106E-01
   1.0981143E+00   2.6169106E-02   3.5520830E+00   7.7018136E-01
   1.0994890E+00   1.7481469E-02   3.5738850E+00   7.6932061E-01
   1.1017388E+00   1.2460195E-02   3.6269939E+00   7.6812541E-01
   1.1029488E+00   2.0479722E-02   3.6382139E+00   7.6926672E-01
   1.1055022E+00   5.7791919E-03   3.6824019E+00   7.6919961E-01
   1.1066930E+00  -3.3615076E-03   3.7207267E+00   7.7025098E-01
   1.1089814E+00   8.1514427E-03   3.7549250E+00   7.6902598E-01
   1.1101277E+00   3.2680010E-04   3.7552156E+00   7.6958781E-01
   1.1125133E+00   2.0160330E-02   3.8216107E+00   7.6987755E-01
   1.1137259E+00   3.5503794E-02   3.8308146E+00   7.6933092E-01
   1.1149991E+00   1.1817187E-02   3.8425729E+00   7.7498895E-01
   1.1176689E+00  -2.4170551E-02   3.9138744E+00   7.6513940E-01
   1.1190007E+00  -2.7971530E-02   3.9238729E+00   7.6839823E-01
   1.1203305E+00  -1.3527616E-02   3.9340868E+00   7.7220839E-01
   1.1216503E+00   1.5084026E-02   3.9651272E+00   7.7148890E-01
   1.1238886E+00  -2.4805358E-03   3.9936180E+00   7.6062518E-01
   1.1250924E+00   1.3104190E-04   4.0081153E+00   7.6187342E-01
   1.1276767E+00  -6.9662421E-03   4.0323229E+00   7.5666273E-01
   1.1288753E+00   4.7161686E-03   4.0824428E+00   7.6559371E-01
   1.1314241E+00   2.3671149E-03   4.0942440E+00   7.5522178E-01
   1.1327394E+00  -7.9555735E-03   4.1350775E+00   7.5642622E-01
   1.1340536E+00   8.5643511E-03   4.1456161E+00   7.5430590E-01
   1.1353668E+00   1.5059296E-02   4.1640677E+00   7.5406194E-01
   1.1379906E+00   5.5180723E-03   4.1950722E+00   7.5263363E-01
   1.1392816E+00   3.1137527E-03   4.2356052E+00   7.5376248E-01
   1.1405920E+00  -3.3161826E-02   4.2691269E+00   7.4857306E-01
   1.1431547E+00  -1.5880635E-02   4.2755570E+00   7.4701768E-01
   1.1444643E+00   2.0458233E-02   4.2655573E+00   7.4377906E-01
   1.1457738E+00  -9.7892638E-03   4.3405290E+00   7.4297762E-01
   1.1482527E+00   8.1080180E-03   4.3399539E+00   7.3722172E-01
   1.1494886E+00   1.1392102E-02   4.3463006E+00   7.3710942E-01
   1.1507863E+00  -2.4998751E-02   4.3527675E+00   7.3590904E-01
   1.1533194E+00   1.4966233E-02   4.4347181E+00   7.3224735E-01
   1.1548593E+00   2.8802797E-03   4.4367065E+00   7.2967541E-01
   1.1565571E+00  -1.4453541E-02   4.4567175E+00   7.2800386E-01
   1.1584288E+00  -9.7829876E-03   4.4682741E+00   7.2584343E-01
   1.1594355E+00  -4.0666480E-03   4.4352608E+00   7.2467375E-01
   1.1616024E+00   3.1961505E-03   4.4670157E+00   7.2163367E-01
   1.1639912E+00  -1.1410151E-02   4.4992757E+00   7.1891612E-01
   1.1652761E+00  -2.9591123E-02   4.4882307E+00   7.1751177E-01
   1.1665031E+00  -9.1273030E-03   4.5170088E+00   7.1599615E-01
   1.1691279E+00   4.7594346E-03   4.5526342E+00   7.1358883E-01
   1.1704402E+00  -3.5621794E-03   4.5346408E+00   7.0942450E-01
   1.1718183E+00  -2.1249268E-02   4.5433278E+00   7.1110386E-01
   1.1732075E+00  -1.2794600E-02   4.5551553E+00   7.1180928E-01
   1.1759651E+00   1.1376450E-03   4.5667663E+00   6.9092065E-01
   1.1768792E+00  -9.2295073E-03   4.5947161E+00   6.9052458E-01
   1.1788468E+00   4.0973732E-03   4.6181870E+00   7.0603704E-01
   1.1808375E+00  -1.0808099E-02   4.6301155E+00   7.0233047E-01
   1.1824577E+00   6.3886738E-04   4.6212316E+00   6.9800383E-01
   1.1841630E+00   2.3328958E-02   4.6165972E+00   6.9340187E-01
   1.1860429E+00  -6.6269082E-03   4.6774330E+00   6.9653773E-01
   1.1870540E+00  -4.0428173E-03   4.6629143E+00   6.9056904E-01
   1.1892303E+00   4.8499014E-03   4.6369205E+00   6.8633449E-01
   1.1904008E+00  -1.3993385E-02   4.6271424E+00   6.8551219E-01
   1.1929202E+00   1.1069138E-02   4.6507068E+00   6.8142599E-01
   1.1938668E+00   1.2379304E-02   4.6623068E+00   6.7902297E-01
   1.1959046E+00   1.2977135E-02   4.6451473E+00   6.7922378E-01
   1.1980307E+00  -9.4523169E-03   4.6647010E+00   6.7267185E-01
   1.1991125E+00   2.3286140E-03   4.6665401E+00   6.7273945E-01
   1.2014410E+00  -3.8580145E-03   4.6648173E+00   6.7085719E-01
   1.2026364E+00   3.2734424E-02   4.6853924E+00   6.6802400E-01
   1.2050089E+00  -1.1070241E-03   4.6439905E+00   6.6436386E-01
   1.2061701E+00   1.0380099E-02   4.6253142E+00   6.6056651E-01
   1.2073286E+00  -1.2699055E-02   4.6015015E+00   6.6178662E-01
   1.2096417E+00   1.5893843E-02   4.6503372E+00   6.5725279E-01
   1.2108004E+00  -1.9604363E-03   4.6338425E+00   6.5364057E-01
   1.2131364E+00   7.1662623E-03   4.6452255E+00   6.5281653E-01
   1.2143084E+00   5.7926150E-03   4.6198483E+00   6.4929044E-01
   1.2166367E+00  -1.7128931E-02   4.5628228E+00   6.4684558E-01
   1.2177930E+00  -3.6805915E-03   4.5873370E+00   6.4489794E-01
   1.2200457E+00   1.1114326E-02   4.5893617E+00   6.4088184E-01
   1.2211850E+00   5.5523189E-03   4.5369325E+00   6.4353681E-01
   1.2234511E+00  -1.6902279E-02   4.5866413E+00   6.3848126E-01
   1.2245780E+00  -1.3199572E-02   4.5542870E+00   6.3297874E-01
   1.2268169E+00  -9.7141033E-03   4.5146737E+00   6.3517267E-01
   1.2285086E+00   2.1103073E-02   4.5322881E+00   6.3576818E-01
   1.2303157E+00   1.5426492E-02   4.4758859E+00   6.2975341E-01
   1.2323080E+00   1.4061441E-03   4.4502320E+00   6.2592137E-01
   1.2333795E+00   8.8488981E-03   4.4440937E+00   6.2672418E-01
   1.2355479E+00   1.7096958E-03   4.4103527E+00   6.2695026E-01
   1.2366260E+00   4.3779192E-03   4.4017763E+00   6.2523395E-01
   1.2386690E+00   1.1919974E-02   4.3648453E+00   6.3458806E-01
   1.2404733E+00  -4.7587967E-03   4.3430877E+00   6.2445021E-01
   1.2424625E+00   1.4505907E-02   4.3192306E+00   6.2880379E-01
   1.2435111E+00   1.6649507E-02   4.3150563E+00   6.2090957E-01
   1.2455968E+00  -1.4607612E-02   4.2821259E+00   6.2101877E-01
   1.2476661E+00   8.9468816E-03   4.2205329E+00   6.1535454E-01
   1.2486954E+00  -1.1219146E-02   4.1835523E+00   6.1371034E-01
   1.2507433E+00   5.2293744E-03   4.1451674E+00   6.0789692E-01
   1.2527782E+00   2.1087700E-03   4.1371970E+00   6.0833257E-01
   1.2542702E+00   1.3804663E-03   4.0995202E+00   6.1022228E-01
   1.2559150E+00   5.2672131E-03   4.0776877E+00   6.0205686E-01
   1.2577286E+00  -4.0891650E-03   4.0641246E+00   6.0117698E-01
   1.2597008E+00  -6.2983032E-05   3.9978678E+00   6.0398489E-01
   1.2606957E+00   2.4792203E-03   3.9511125E+00   5.9805375E-01
   1.2626790E+00   7.9381578E-03   3.9293520E+00   5.9334904E-01
   1.2646545E+00  -8.3600394E-03   3.8977385E+00   5.9090650E-01
   1.2666227E+00   4.0336750E-03   3.8419645E+00   5.8815765E-01
   1.2676042E+00   1.0379365E-03   3.8426595E+00   5.7835668E-01
   1.2695659E+00  -8.7861530E-03   3.7905917E+00   5.8037418E-01
   1.2715193E+00   1.4639269E-02   3.7310214E+00   5.8639705E-01
   1.2734680E+00   5.0978288E-03   3.7140019E+00   5.7863212E-01
   1.2744416E+00   4.3053231E-03   3.6612897E+00   5.7697642E-01
   1.2763860E+00   1.0919238E-02   3.6332703E+00   5.6837904E-01
   1.2783505E+00   1.0855073E-02   3.5973327E+00   5.7050335E-01
   1.2803159E+00   8.5054906E-03   3.5378869E+00   5.7681561E-01
   1.2813001E+00   3.0551518E-03   3.5167539E+00   5.7128578E-01
   1.2832491E+00   2.0493051E-02   3.4624448E+00   5.7195222E-01
   1.2851881E+00   4.5504933E-03   3.4104314E+00   5.6140685E-01
   1.2871345E+00   1.3315318E-02   3.3642895E+00   5.6679243E-01
   1.2880887E+00   1.2829967E-02   3.3450749E+00   5.6342000E-01
   1.2899922E+00   7.8484425E-03   3.2716227E+00   5.7295930E-01
   1.2918910E+00   6.5030572E-03   3.2358754E+00   5.5020911E-01
   1.2937849E+00   2.6168508E-02   3.1937122E+00   5.5741489E-01
   1.2956798E+00   1.6118487E-02   3.1227467E+00   5.5255836E-01
   1.2966288E+00   2.2080960E-02   3.1228650E+00   5.4720592E-01
   1.2985328E+00  -1.0467496E-02   3.0453892E+00   5.6222576E-01
   1.3004462E+00   1.8557925E-02   2.9828784E+00   5.3367120E-01
   1.3023723E+00   1.3671115E-02   2.9404564E+00   5.4981107E-01
   1.3042991E+00   7.9088667E-03   2.8689821E+00   5.3363746E-01
   1.3052772E+00   9.1023399E-03   2.8574820E+00   5.3500319E-01
   1.3072428E+00   2.0818906E-02   2.8139746E+00   5.4267013E-01
   1.3092256E+00   1.5116872E-02   2.7121367E+00   5.4267031E-01
   1.3102249E+00   1.9779440E-02   2.6904783E+00   5.4940963E-01
   1.3121901E+00   1.1364181E-02   2.6110854E+00   5.3226119E-01
   1.3142226E+00   1.0681452E-02   2.5320103E+00   5.3492677E-01
   1.3163044E+00   2.2527231E-02   2.5126638E+00   5.3217381E-01
   1.3173625E+00   1.7205829E-02   2.4746189E+00   5.3193843E-01
   1.3193808E+00   9.1102766E-03   2.4492290E+00   5.3100091E-01
   1.3204528E+00   1.1884707E-02   2.3710537E+00   5.3030616E-01
   1.3225062E+00   3.3789083E-02   2.3000944E+00   5.2702242E-01
   1.3244714E+00   2.6374983E-02   2.2117009E+00   5.2633846E-01
   1.3266379E+00  -5.2966364E-03   2.0930262E+00   5.2568215E-01
   1.3277051E+00   1.2622016E-02   2.0614140E+00   5.2333516E-01
   1.3297899E+00   1.6304692E-02   2.0354078E+00   5.2310199E-01
   1.3308021E+00  -1.9764025E-02   2.0196865E+00   5.1100761E-01
   1.3329809E+00  -8.6527904E-03   1.9520110E+00   5.1797819E-01
   1.3341526E+00   3.0473931E-02   1.8837905E+00   5.2918822E-01
   1.3365161E+00   2.2938406E-02   1.7973351E+00   5.1454812E-01
   1.3377873E+00  -2.8682060E-03   1.7576343E+00   5.1869696E-01
   1.3404721E+00   1.3615784E-02   1.6967587E+00   5.1439089E-01
   1.3418245E+00   1.7640136E-02   1.6350417E+00   5.1391608E-01
   1.3431793E+00   1.0079768E-02   1.6200582E+00   5.1409054E-01
   1.3445358E+00   5.8647902E-03   1.5354639E+00   5.0933784E-01
   1.3472404E+00   5.9596142E-03   1.4251062E+00   5.1176083E-01
   1.3482083E+00   1.4672591E-02   1.3976617E+00   5.1078665E-01
   1.3502916E+00   1.4901766E-02   1.2682507E+00   5.0657767E-01
   1.3514121E+00   1.2694831E-02   1.2592295E+00   5.0653785E-01
   1.3537728E+00   1.2285979E-02   1.2171550E+00   5.0826216E-01
   1.3550161E+00   1.1150094E-02   1.1722835E+00   5.0732911E-01
   1.3563217E+00   9.9999076E-03   1.1220098E+00   5.0708020E-01
   1.3589238E+00   1.2212466E-03   1.0150424E+00   5.1062757E-01
   1.3602190E+00   1.6528779E-03   9.6249580E-01   5.0678164E-01
   1.3615103E+00   1.8765986E-03   9.3464839E-01   5.0549871E-01
   1.3640873E+00   9.3544051E-03   8.1305099E-01   5.0558829E-01
   1.3653754E+00  -1.6695565E-03   7.9405564E-01   5.0498497E-01
   1.3666592E+00  -2.0022164E-03   7.0889348E-01   5.0343156E-01
   1.3689944E+00   2.1671674E-03   6.0612869E-01   5.0590461E-01
   1.3701137E+00  -7.3241413E-04   5.8113545E-01   5.0636458E-01
   1.3725232E+00  -3.6141584E-03   4.9360451E-01   5.0390095E-01
   1.3737804E+00  -8.5737333E-03   4.6400151E-01   5.0571865E-01
   1.3762857E+00   2.8870439E-03   3.7126327E-01   5.0710309E-01
   1.3775345E+00  -2.2157868E-03   3.4690920E-01   5.0699103E-01
   1.3787811E+00   4.6765343E-03   2.6365781E-01   5.0501913E-01
   1.3812126E+00  -4.9496638E-03   1.9440643E-01   5.0717634E-01
   1.3824519E+00   2.7984870E-04   1.3597751E-01   5.0841212E-01
   1.3849283E+00   2.6202479E-03   4.8417244E-02   5.0643158E-01
   1.3861647E+00   1.2065615E-02  -9.5101800E-03   5.0905472E-01
   1.3873999E+00   7.7532940E-03  -3.4024015E-02   5.0751513E-01
   1.3898665E+00  -1.0680866E-02  -1.4286797E-01   5.0687855E-01
   1.3910928E+00   2.1916324E-02  -1.7466879E-01   5.0475258E-01
   1.3935581E+00  -5.5874710E-04  -2.9036433E-01   5.1133978E-01
   1.3947914E+00   3.1308075E-03  -2.9674867E-01   5.0972229E-01
   1.3959843E+00   1.0774161E-03  -3.7141865E-01   5.0893134E-01
   1.3983102E+00   5.4846974E-03  -4.6557844E-01   5.0920451E-01
   1.3995545E+00   6.6363565E-03  -4.8234695E-01   5.0811183E-01
   1.4019440E+00   1.4446434E-02  -5.8207428E-01   5.1108050E-01
   1.4032129E+00   5.4976316E-03  -6.1629802E-01   5.1060456E-01
   1.4044732E+00   1.4641839E-03  -6.6349280E-01   5.0773752E-01
   1.4069798E+00   1.7461397E-02  -7.4061102E-01   5.1072413E-01
   1.4082351E+00   5.6173792E-03  -7.6646471E-01   5.1251101E-01
   1.4094874E+00   1.4858386E-02  -8.3818394E-01   5.0813365E-01
   1.4120485E+00   6.4558918E-03  -9.0316093E-01   5.0668448E-01
   1.4133450E+00   3.6962479E-03  -9.5162505E-01   5.0782531E-01
   1.4145950E+00  -7.1803690E-03  -9.7560871E-01   5.1806629E-01
   1.4169647E+00   3.0038822E-02  -1.0647962E+00   5.0852615E-01
   1.4181435E+00   2.0379489E-02  -1.1225488E+00   5.0794899E-01
   1.4204675E+00  -2.0912977E-02  -1.2044936E+00   5.1520395E-01
   1.4225849E+00   1.2356414E-02  -1.2807618E+00   5.0778919E-01
   1.4236336E+00  -2.2513263E-03  -1.3077606E+00   5.1138681E-01
   1.4255761E+00   5.5877026E-03  -1.3544271E+00   5.1459634E-01
   1.4273902E+00   1.0800022E-02  -1.4256266E+00   5.1236302E-01
   1.4293693E+00   9.8198175E-04  -1.4918686E+00   5.1679915E-01
   1.4304336E+00   1.1677333E-02  -1.5224497E+00   5.1916873E-01
   1.4326489E+00   1.4496926E-02  -1.5565571E+00   5.1375234E-01
   1.4336778E+00   2.9539704E-02  -1.6189561E+00   5.1635003E-01
   1.4356041E+00  -6.4743143E-03  -1.6782894E+00   5.1439101E-01
   1.4376493E+00   3.5069015E-02  -1.7666602E+00   5.1250404E-01
   1.4387491E+00   1.4453813E-02  -1.7402067E+00   5.1572019E-01
   1.4411165E+00  -4.7422770E-02  -1.8058212E+00   5.1363462E-01
   1.4431281E+00  -3.0829806E-02  -1.8549802E+00   5.1607448E-01
   1.4442099E+00   1.0299026E-02  -1.9186546E+00   5.1475841E-01
   1.4460055E+00   6.0622759E-02  -2.0064948E+00   5.1634437E-01
   1.4479851E+00   1.9817600E-02  -2.0356352E+00   5.1226532E-01
   1.4490496E+00  -2.0083880E-02  -2.0742984E+00   5.1366782E-01
   1.4512967E+00   4.7294814E-03  -2.1028619E+00   5.1682442E-01
   1.4524343E+00   5.3427992E-03  -2.1244998E+00   5.1701862E-01
   1.4546953E+00  -1.0920498E-02  -2.2078037E+00   5.1791042E-01
   1.4558448E+00  -1.3503404E-03  -2.2513447E+00   5.1824063E-01
   1.4584821E+00  -1.3205703E-02  -2.3585861E+00   5.1993096E-01
   1.4595186E+00  -1.3280188E-02  -2.3484426E+00   5.2281064E-01
   1.4612758E+00   1.7825922E-02  -2.5155194E+00   5.1869923E-01
   1.4633100E+00  -1.1090064E-02  -2.4376788E+00   5.2182996E-01
   1.4648414E+00   1.5482187E-02  -2.4838455E+00   5.2136201E-01
   1.4665296E+00  -1.1386249E-03  -2.5197747E+00   5.2397281E-01
   1.4681576E+00  -4.8470579E-02  -2.5675502E+00   5.2926236E-01
   1.4703491E+00   1.0418344E-01  -2.7755444E+00   5.2614450E-01
   1.4719752E+00   6.2651839E-03  -2.6901362E+00   5.2919805E-01
   1.4737680E+00  -1.3701538E-02  -2.7247374E+00   5.2865291E-01
   1.4747322E+00  -1.1751265E-02  -2.7442107E+00   5.3058857E-01
   1.4766387E+00   1.4665623E-02  -2.7810225E+00   5.3204334E-01
   1.4784343E+00  -9.7672164E-04  -2.8483846E+00   5.3287876E-01
   1.4801797E+00   5.0737644E-03  -2.9331937E+00   5.3477794E-01
   1.4819242E+00  -1.0703473E-02  -2.9596491E+00   5.3683037E-01
   1.4838474E+00   1.5864432E-02  -3.0002520E+00   5.3861690E-01
   1.4859555E+00   2.9074044E-03  -3.0205855E+00   5.4004061E-01
   1.4870828E+00  -1.3411740E-03  -3.0589027E+00   5.4103947E-01
   1.4893620E+00  -1.5538915E-02  -3.1276484E+00   5.4660863E-01
   1.4904809E+00  -4.8781228E-03  -3.1593242E+00   5.4694104E-01
   1.4926811E+00   9.0731872E-04  -3.1704414E+00   5.4735345E-01
   1.4937629E+00  -2.1892441E-02  -3.2128768E+00   5.4479265E-01
   1.4958802E+00   4.9583632E-03  -3.2325931E+00   5.5377561E-01
   1.4978522E+00  -1.7246550E-03  -3.2876813E+00   5.5260307E-01
   1.4988190E+00  -5.8403250E-04  -3.3312836E+00   5.5351573E-01
   1.5006250E+00  -2.2151545E-02  -3.3630960E+00   5.5884022E-01
   1.5022734E+00  -1.3731620E-02  -3.4022713E+00   5.5619103E-01
   1.5044726E+00  -4.4757151E-03  -3.4468434E+00   5.6139749E-01
   1.5060304E+00  -9.8110465E-03  -3.4807985E+00   5.6111997E-01
   1.5076377E+00   9.7595528E-03  -3.4893956E+00   5.6320530E-01
   1.5092041E+00   1.1708603E-02  -3.5367510E+00   5.6492776E-01
   1.5109313E+00   7.8891041E-03  -3.5762949E+00   5.6566024E-01
   1.5127699E+00   3.7225927E-03  -3.5914142E+00   5.6437409E-01
   1.5145352E+00   8.0461474E-03  -3.6366537E+00   5.6443381E-01
   1.5162709E+00   2.0396376E-03  -3.6859665E+00   5.6758183E-01
   1.5178784E+00  -6.1249446E-02  -3.7265575E+00   5.6930006E-01
   1.5194300E+00   1.8116940E-02  -3.7511837E+00   5.6673306E-01
   1.5218527E+00  -1.8108734E-03  -3.7788501E+00   5.6863195E-01
   1.5227423E+00  -6.6353055E-03  -3.7759578E+00   5.6930792E-01
   1.5246572E+00   1.3240523E-03  -3.8125374E+00   5.7041985E-01
   1.5267395E+00  -1.3017706E-02  -3.8286641E+00   5.7302886E-01
   1.5278132E+00  -2.4880636E-02  -3.8651893E+00   5.7289886E-01
   1.5300244E+00  -6.2848581E-03  -3.8904233E+00   5.7181245E-01
   1.5322161E+00   8.5386913E-03  -3.9181130E+00   5.7655686E-01
   1.5333047E+00   5.6887362E-03  -3.9388158E+00   5.7527721E-01
   1.5354561E+00   5.7628413E-04  -3.9727592E+00   5.7348084E-01
   1.5365191E+00  -4.3027312E-03  -3.9775789E+00   5.7415819E-01
   1.5386264E+00   1.7407205E-02  -4.0225849E+00   5.8273727E-01
   1.5407102E+00  -1.4511168E-02  -4.0151072E+00   5.8025110E-01
   1.5417433E+00  -4.8129954E-03  -4.0266399E+00   5.7870781E-01
   1.5437478E+00  -5.9389607E-05  -4.0845652E+00   5.8026814E-01
   1.5455607E+00   2.1866048E-02  -4.0932097E+00   5.7711893E-01
   1.5471109E+00   2.0703731E-02  -4.1178770E+00   5.8086735E-01
   1.5486937E+00   1.2723424E-02  -4.0981593E+00   5.8300066E-01
   1.5504243E+00  -2.4641654E-04  -4.1340175E+00   5.8388418E-01
   1.5522738E+00   3.4737960E-03  -4.1737847E+00   5.8693701E-01
   1.5541232E+00   2.1561417E-03  -4.1676559E+00   5.8596802E-01
   1.5559658E+00  -1.1551297E-02  -4.1994171E+00   5.8377814E-01
   1.5577792E+00  -8.5175326E-03  -4.2220020E+00   5.8803993E-01
   1.5596226E+00  -6.9171018E-03  -4.2463241E+00   5.8772677E-01
   1.5605744E+00  -4.0900218E-03  -4.2266655E+00   5.8837569E-01
   1.5625095E+00  -2.1034122E-02  -4.2571907E+00   5.8883840E-01
   1.5644443E+00   6.7528198E-04  -4.2728176E+00   5.8919543E-01
   1.5662794E+00   6.8163183E-03  -4.2567110E+00   5.9151673E-01
   1.5680361E+00  -3.6905203E-02  -4.2872782E+00   5.8915281E-01
   1.5697722E+00  -3.0045582E-02  -4.3000913E+00   5.8861268E-01
   1.5714955E+00  -7.1971938E-03  -4.2732015E+00   5.9033173E-01
   1.5731924E+00  -1.1919894E-02  -4.3377309E+00   5.9003985E-01
   1.5748837E+00  -9.2115728E-03  -4.3577194E+00   5.9079570E-01
   1.5766072E+00   3.5235267E-03  -4.2493868E+00   5.9281760E-01
   1.5783640E+00   3.1383686E-02  -4.3231206E+00   5.9795219E-01
   1.5800905E+00   1.4306612E-02  -4.3524613E+00   5.9721601E-01
   1.5818022E+00  -2.9276072E-03  -4.3309064E+00   5.9604514E-01
   1.5834867E+00  -3.6081810E-02  -4.3128457E+00   5.9776628E-01
   1.5852592E+00  -1.1101922E-02  -4.3317204E+00   5.9852183E-01
   1.5861698E+00  -1.5461763E-02  -4.3437085E+00   5.9866816E-01
   1.5879692E+00   1.1273528E-02  -4.3897305E+00   6.0292810E-01
   1.5898385E+00  -7.5417310E-03  -4.3623509E+00   5.9981447E-01
   1.5915117E+00   4.7752834E-03  -4.3426666E+00   6.0226876E-01
   1.5931965E+00   1.5605268E-02  -4.3749542E+00   6.0511565E-01
   1.5948730E+00  -2.3898287E-02  -4.3274541E+00   6.0450870E-01
   1.5965509E+00   3.1208550E-03  -4.3476849E+00   6.0705096E-01
   1.5982188E+00   5.9278714E-03  -4.3420429E+00   6.1008412E-01
   1.5998887E+00  -5.9009581E-03  -4.3384171E+00   6.1233962E-01
   1.6015599E+00  -2.2601974E-03  -4.3139606E+00   6.1334103E-01
   1.6041057E+00   5.1259540E-04  -4.2944541E+00   6.1627215E-01
   1.6049907E+00  -5.7665696E-03  -4.2588096E+00   6.1640692E-01
   1.6067350E+00  -1.5851469E-03  -4.2939115E+00   6.1544889E-01
   1.6084886E+00   3.4694446E-03  -4.3129387E+00   6.1876303E-01
   1.6102600E+00  -3.0977947E-03  -4.3190246E+00   6.1568928E-01
   1.6120523E+00   4.5479769E-03  -4.2754536E+00   6.1466163E-01
   1.6138667E+00   1.3783034E-02  -4.2544332E+00   6.1528337E-01
   1.6156957E+00   2.7055258E-02  -4.2684846E+00   6.1941248E-01
   1.6175454E+00  -3.9957329E-03  -4.2292757E+00   6.2099797E-01
   1.6193888E+00  -3.1828382E-03  -4.2437849E+00   6.2198466E-01
   1.6211637E+00  -1.5579182E-02  -4.2268662E+00   6.2628227E-01
   1.6229200E+00   2.6831396E-03  -4.2119322E+00   6.2117690E-01
   1.6246514E+00   9.6555408E-03  -4.1867886E+00   6.2103504E-01
   1.6255583E+00  -5.7472894E-03  -4.1744838E+00   6.1652303E-01
   1.6274244E+00   8.7096600E-04  -4.1750665E+00   6.1835432E-01
   1.6292853E+00   9.9534700E-03  -4.1552825E+00   6.1934507E-01
   1.6311526E+00   4.0454655E-03  -4.1135674E+00   6.2639773E-01
   1.6330191E+00  -7.1803352E-04  -4.0870447E+00   6.2017053E-01
   1.6348635E+00   8.0882739E-03  -4.0733852E+00   6.2069017E-01
   1.6357814E+00   5.2880151E-03  -4.0417304E+00   6.2299198E-01
   1.6376048E+00  -1.1452793E-02  -4.0303726E+00   6.2571537E-01
   1.6394047E+00   3.4052443E-02  -3.9504523E+00   6.2217468E-01
   1.6411915E+00  -2.9890763E-03  -3.9809339E+00   6.2116802E-01
   1.6430424E+00   1.5026424E-02  -3.9764457E+00   6.2006330E-01
   1.6450832E+00   1.1606933E-02  -3.9488842E+00   6.2253046E-01
   1.6461724E+00   1.2318603E-02  -3.9276428E+00   6.2270790E-01
   1.6483265E+00   2.4646543E-02  -3.8488646E+00   6.2205917E-01
   1.6504133E+00  -5.6834589E-03  -3.7804949E+00   6.2189227E-01
   1.6514176E+00   5.1174141E-03  -3.8067033E+00   6.2103891E-01
   1.6534015E+00  -5.0437958E-03  -3.8112438E+00   6.2890583E-01
   1.6553304E+00   4.4129420E-02  -3.8097248E+00   6.2736362E-01
   1.6563414E+00   2.0015821E-02  -3.7778721E+00   6.2580270E-01
   1.6584980E+00  -5.7546110E-03  -3.7344286E+00   6.2606400E-01
   1.6606125E+00   1.9256633E-02  -3.7030990E+00   6.2952590E-01
   1.6616071E+00   2.8369159E-03  -3.6676812E+00   6.2813526E-01
   1.6635166E+00  -6.6772238E-03  -3.6362786E+00   6.2753952E-01
   1.6653640E+00   6.1777052E-03  -3.5848312E+00   6.3071924E-01
   1.6671759E+00  -7.5827502E-03  -3.5779569E+00   6.3511318E-01
   1.6688997E+00   3.3479193E-04  -3.5512574E+00   6.3294220E-01
   1.6707072E+00  -2.1775765E-03  -3.5155032E+00   6.3628352E-01
   1.6726809E+00   3.3369656E-03  -3.4523740E+00   6.3530421E-01
   1.6736839E+00   1.2564067E-03  -3.4326484E+00   6.3632220E-01
   1.6757755E+00   1.1787283E-02  -3.3715725E+00   6.3791645E-01
   1.6778507E+00   1.3022718E-02  -3.2956231E+00   6.4050418E-01
   1.6788851E+00   1.5803697E-03  -3.3053110E+00   6.4058942E-01
   1.6809629E+00  -2.3845064E-03  -3.2836657E+00   6.4058024E-01
   1.6820074E+00  -1.4993603E-03  -3.2708337E+00   6.4075488E-01
   1.6841053E+00   6.3282326E-03  -3.1139066E+00   6.4586306E-01
   1.6861001E+00  -5.0115716E-03  -3.0848618E+00   6.4228481E-01
   1.6871375E+00  -1.9738482E-02  -3.0795488E+00   6.4550221E-01
   1.6893531E+00  -8.6020138E-03  -3.0572901E+00   6.5018725E-01
   1.6915389E+00  -9.4733927E-03  -3.0374401E+00   6.5053582E-01
   1.6925793E+00  -1.2498839E-02  -3.0263605E+00   6.5191114E-01
   1.6945659E+00   1.4859512E-02  -2.9896042E+00   6.5569210E-01
   1.6964436E+00  -6.0021379E-03  -2.8909750E+00   6.6177738E-01
   1.6982268E+00  -8.6842396E-04  -2.8497438E+00   6.6027457E-01
   1.6999222E+00  -1.3336262E-03  -2.7891057E+00   6.6178226E-01
   1.7015562E+00   1.4874542E-03  -2.7612729E+00   6.6439116E-01
   1.7031505E+00   3.6440135E-03  -2.7374723E+00   6.6736758E-01
   1.7048104E+00  -2.6271020E-03  -2.7165146E+00   6.6679436E-01
   1.7065904E+00  -6.7893518E-03  -2.6662354E+00   6.6859001E-01
   1.7083665E+00  -2.1903943E-02  -2.6097758E+00   6.6890407E-01
   1.7100762E+00  -2.3436528E-02  -2.5609863E+00   6.6954386E-01
   1.7117407E+00   1.0064133E-02  -2.4748130E+00   6.6925752E-01
   1.7133740E+00   1.0980547E-03  -2.4830868E+00   6.6895914E-01
