  flscon:  version 23.2.0.01  win64 2022 
 FLOW-3D   15:52:28  02/16/2024 tcgi     
   hydr3d   version  23.2.0.20 win64     12/04/2023 HYDRO    
 Simulation Template: Free Surface - TruVOF (Default)                            

Mesh Block   1
 Block 1: printing hyel         i=31   j=403  k=3 
       1      101      0.000E+00      1.713E+00       31       31      403      403        3        3
   time              hyel_-1
   0.0000000E+00   4.1136774E-01
   1.6301498E-02   4.1171959E-01
   3.4846209E-02   4.1238016E-01
   5.1281910E-02   4.1316801E-01
   6.8046160E-02   4.1419190E-01
   8.5114516E-02   4.1558513E-01
   1.0253674E-01   4.1753894E-01
   1.2039354E-01   4.2030731E-01
   1.3658087E-01   4.2334342E-01
   1.5389161E-01   4.2700148E-01
   1.7126943E-01   4.3099871E-01
   1.8774293E-01   4.3494475E-01
   2.0560737E-01   4.3926233E-01
   2.2324984E-01   4.4365224E-01
   2.3971181E-01   4.4768602E-01
   2.5724193E-01   4.5186329E-01
   2.7386013E-01   4.5576406E-01
   2.9193187E-01   4.5970538E-01
   3.0832198E-01   4.6305194E-01
   3.2529747E-01   4.6613064E-01
   3.4222922E-01   4.6861547E-01
   3.6017036E-01   4.7059125E-01
   3.7647352E-01   4.7187608E-01
   3.9428255E-01   4.7262335E-01
   4.1120449E-01   4.7267902E-01
   4.2876840E-01   4.7209296E-01
   4.4520158E-01   4.7090557E-01
   4.6263507E-01   4.6895969E-01
   4.7986302E-01   4.6660307E-01
   4.9640849E-01   4.6385640E-01
   5.1375622E-01   4.6062198E-01
   5.3063625E-01   4.5732161E-01
   5.4870319E-01   4.5355994E-01
   5.6530547E-01   4.4992045E-01
   5.8258945E-01   4.4582674E-01
   5.9938663E-01   4.4165039E-01
   6.1637807E-01   4.3728623E-01
   6.3407910E-01   4.3261275E-01
   6.5094423E-01   4.2820311E-01
   6.6819537E-01   4.2391756E-01
   6.8556213E-01   4.2003825E-01
   7.0222974E-01   4.1701406E-01
   7.1937215E-01   4.1464111E-01
   7.3640281E-01   4.1302678E-01
   7.5414068E-01   4.1202089E-01
   7.7061808E-01   4.1102666E-01
   7.8772783E-01   4.0974662E-01
   8.0555546E-01   4.0915963E-01
   8.2280946E-01   4.0890640E-01
   8.3956087E-01   4.0876371E-01
   8.5669702E-01   4.0952411E-01
   8.7334079E-01   4.1106942E-01
   8.9088917E-01   4.1267374E-01
   9.0759701E-01   4.1381648E-01
   9.2569739E-01   4.1482046E-01
   9.4181895E-01   4.1590169E-01
   9.5936984E-01   4.1781271E-01
   9.7603226E-01   4.2095748E-01
   9.9330592E-01   4.2525265E-01
   1.0105441E+00   4.2994940E-01
   1.0279447E+00   4.3452427E-01
   1.0450104E+00   4.3845665E-01
   1.0618039E+00   4.4203588E-01
   1.0789739E+00   4.4581157E-01
   1.0967352E+00   4.4970641E-01
   1.1137259E+00   4.5343503E-01
   1.1314241E+00   4.5720121E-01
   1.1482527E+00   4.6031782E-01
   1.1652761E+00   4.6385780E-01
   1.1824577E+00   4.6673438E-01
   1.1991125E+00   4.6882853E-01
   1.2166367E+00   4.7020426E-01
   1.2333795E+00   4.7140384E-01
   1.2507433E+00   4.7214767E-01
   1.2676042E+00   4.7211817E-01
   1.2851881E+00   4.7132462E-01
   1.3023723E+00   4.6991640E-01
   1.3193808E+00   4.6789980E-01
   1.3365161E+00   4.6512559E-01
   1.3537728E+00   4.6203777E-01
   1.3701137E+00   4.5865205E-01
   1.3873999E+00   4.5510694E-01
   1.4044732E+00   4.5147508E-01
   1.4225849E+00   4.4743583E-01
   1.4387491E+00   4.4391465E-01
   1.4558448E+00   4.4021493E-01
   1.4737680E+00   4.3611917E-01
   1.4904809E+00   4.3211484E-01
   1.5076377E+00   4.2792153E-01
   1.5246572E+00   4.2372465E-01
   1.5417433E+00   4.1972074E-01
   1.5596226E+00   4.1610751E-01
   1.5766072E+00   4.1343006E-01
   1.5931965E+00   4.1164279E-01
   1.6102600E+00   4.1047281E-01
   1.6274244E+00   4.0942648E-01
   1.6450832E+00   4.0864256E-01
   1.6616071E+00   4.0838417E-01
   1.6788851E+00   4.0859768E-01
   1.6964436E+00   4.0941402E-01
   1.7133740E+00   4.1068542E-01
