  flscon:  version 23.2.0.01  win64 2022 
 FLOW-3D   18:20:22  02/26/2024 iqiq     
   hydr3d   version  23.2.0.20 win64     12/04/2023 HYDRO    
 Simulation Template: Free Surface - TruVOF (Default)                            

Mesh Block   1
 printing pfxob, pfyob, pfzob       
       1     1002      0.000E+00      4.931E+00
   time              pfxob_1         pfyob_1         pfzob_1
   0.0000000E+00   7.3476497E-04  -2.4658613E+00   1.1973181E+00
   1.6217560E-03  -1.2720721E-02   2.2265373E+02   1.1424527E+00
   4.6260590E-03  -1.6582578E-03  -2.2133365E+00   1.1845150E+00
   1.0619085E-02  -1.2091302E-03  -2.0570207E+00   1.1869848E+00
   1.4083799E-02  -6.2863634E-04  -2.0789144E+00   1.1893063E+00
   1.9957978E-02  -9.7658951E-04  -2.1018505E+00   1.1937068E+00
   2.4379930E-02  -7.3557906E-04  -2.1103497E+00   1.1926584E+00
   2.9232815E-02  -9.1533875E-05  -2.1193702E+00   1.1906654E+00
   3.4344435E-02  -2.4169624E-04  -2.1282814E+00   1.1896456E+00
   3.9686538E-02  -1.7366803E-04  -2.1346619E+00   1.1908563E+00
   4.5269102E-02  -3.3374163E-04  -2.1427648E+00   1.1920208E+00
   5.0201956E-02   2.1806071E-04  -2.1456506E+00   1.1928759E+00
   5.4348689E-02   1.0596759E-03  -2.1476305E+00   1.1935234E+00
   5.9549030E-02   5.6689116E-04  -2.1557231E+00   1.1936457E+00
   6.3920863E-02   4.2668896E-04  -2.1633196E+00   1.1934859E+00
   6.8882033E-02   1.5895345E-03  -2.1703432E+00   1.1907996E+00
   7.3703587E-02  -1.1839427E-03  -2.1834383E+00   1.1932083E+00
   7.9028226E-02  -6.9470680E-04  -2.1944959E+00   1.1938729E+00
   8.3570547E-02   2.3807930E-03  -2.2041690E+00   1.1941340E+00
   8.8420130E-02  -3.1426980E-04  -2.2179561E+00   1.1967525E+00
   9.4314829E-02   8.1470622E-05  -2.2340908E+00   1.1981384E+00
   9.9555463E-02  -7.7174610E-04  -2.2467222E+00   1.1996151E+00
   1.0347834E-01  -1.3446163E-04  -2.2569940E+00   1.1998937E+00
   1.0871352E-01   1.1999220E-04  -2.2691603E+00   1.2019707E+00
   1.1312142E-01  -7.2615122E-04  -2.2818186E+00   1.2024437E+00
   1.1839242E-01   6.8493364E-03  -2.2994399E+00   1.2027984E+00
   1.2273387E-01  -1.1057506E-04  -2.3157415E+00   1.2050527E+00
   1.2841097E-01   1.6968990E-04  -2.3290880E+00   1.2068369E+00
   1.3253829E-01  -4.2766973E-04  -2.3411851E+00   1.2081296E+00
   1.3856955E-01   6.6196575E-05  -2.3587549E+00   1.2094213E+00
   1.4365686E-01  -7.1053684E-04  -2.3744712E+00   1.2113396E+00
   1.4802551E-01  -1.4645797E-03  -2.3813419E+00   1.2120892E+00
   1.5343869E-01  -3.2947282E-04  -2.4015577E+00   1.2143164E+00
   1.5744916E-01   2.4877218E-04  -2.4060979E+00   1.2153809E+00
   1.6209179E-01   1.9594689E-03  -2.4175179E+00   1.2171445E+00
   1.6746621E-01   2.6814498E-03  -2.4271653E+00   1.2190350E+00
   1.7368776E-01  -1.5329849E-03  -2.4435682E+00   1.2206624E+00
   1.7837121E-01  -2.3604594E-03  -2.4483309E+00   1.2218887E+00
   1.8295507E-01  -8.1337907E-04  -2.4593387E+00   1.2229841E+00
   1.8781163E-01   1.4498782E-04  -2.4687729E+00   1.2247618E+00
   1.9257461E-01   6.6335582E-05  -2.4709308E+00   1.2257726E+00
   1.9687125E-01   1.2991549E-03  -2.4804871E+00   1.2269298E+00
   2.0317964E-01  -1.4324884E-03  -2.4899738E+00   1.2285211E+00
   2.0727576E-01  -1.1191805E-03  -2.4956534E+00   1.2294614E+00
   2.1132296E-01   3.0342494E-03  -2.4959083E+00   1.2301971E+00
   2.1818471E-01  -1.9378925E-03  -2.4987922E+00   1.2314728E+00
   2.2070441E-01  -1.9390689E-03  -2.4979491E+00   1.2318953E+00
   2.2587492E-01  -1.9718979E-03  -2.5036652E+00   1.2331513E+00
   2.3069216E-01  -1.2555803E-03  -2.5067692E+00   1.2339095E+00
   2.3722219E-01   4.7441446E-03  -2.5100608E+00   1.2351747E+00
   2.4172296E-01  -3.1303854E-03  -2.4996107E+00   1.2356554E+00
   2.4661027E-01  -1.5718646E-03  -2.5047536E+00   1.2362592E+00
   2.5129163E-01  -9.8042644E-04  -2.5072217E+00   1.2368237E+00
   2.5556466E-01  -1.7556055E-03  -2.5111487E+00   1.2374047E+00
   2.6134565E-01  -2.2195901E-04  -2.5115881E+00   1.2382649E+00
   2.6705652E-01  -1.3690237E-03  -2.5017819E+00   1.2383739E+00
   2.7087909E-01  -2.0101056E-03  -2.5045145E+00   1.2388629E+00
   2.7612224E-01  -1.4540659E-03  -2.5038617E+00   1.2382191E+00
   2.8160638E-01   9.1093971E-04  -2.4897070E+00   1.2391310E+00
   2.8659192E-01   4.4175732E-04  -2.4849427E+00   1.2405456E+00
   2.9130140E-01   3.5274628E-04  -2.4769013E+00   1.2408676E+00
   2.9675323E-01   4.9389317E-04  -2.4798033E+00   1.2412820E+00
   3.0058482E-01   1.0145317E-03  -2.4741645E+00   1.2417718E+00
   3.0607402E-01  -4.1570471E-04  -2.4727223E+00   1.2420611E+00
   3.1087804E-01   3.9136694E-03  -2.4396515E+00   1.2413139E+00
   3.1560117E-01   5.0000782E-04  -2.4496038E+00   1.2410467E+00
   3.2007971E-01   3.2020223E-03  -2.4435246E+00   1.2415329E+00
   3.2560012E-01   7.6419963E-03  -2.4281292E+00   1.2414424E+00
   3.3059707E-01  -2.7767434E-03  -2.4289553E+00   1.2426093E+00
   3.3557045E-01  -2.9293788E-04  -2.4125180E+00   1.2427458E+00
   3.4024206E-01   2.6103263E-04  -2.3964763E+00   1.2433646E+00
   3.4548932E-01   3.3488187E-03  -2.3685079E+00   1.2453638E+00
   3.4981009E-01   3.9538979E-03  -2.3800583E+00   1.2458202E+00
   3.5473675E-01  -1.1814260E-03  -2.3692327E+00   1.2464223E+00
   3.5989130E-01  -1.3614174E-02  -2.3620338E+00   1.2468448E+00
   3.6477423E-01   3.2534390E-03  -2.3474324E+00   1.2472558E+00
   3.6963412E-01   1.0194243E-02  -2.3409178E+00   1.2471392E+00
   3.7454388E-01  -1.9221925E-04  -2.3111506E+00   1.2470452E+00
   3.7937561E-01  -3.1728733E-02  -2.2865560E+00   1.2469425E+00
   3.8432011E-01   8.9735776E-04  -2.3035393E+00   1.2467644E+00
   3.8970146E-01   9.7961907E-05  -2.2930775E+00   1.2466180E+00
   3.9413175E-01  -1.8616991E-02  -2.2623363E+00   1.2461625E+00
   3.9983854E-01  -1.2185355E-02  -2.2609730E+00   1.2454571E+00
   4.0399623E-01   4.2471680E-04  -2.2543087E+00   1.2453452E+00
   4.0904993E-01  -3.3190749E-03  -2.2463100E+00   1.2452143E+00
   4.1404834E-01   1.1886376E-02  -2.2177427E+00   1.2452629E+00
   4.1919464E-01  -2.0562233E-03  -2.2127550E+00   1.2447948E+00
   4.2352355E-01   2.1160084E-03  -2.1989121E+00   1.2444612E+00
   4.2966115E-01  -5.2377293E-03  -2.1678922E+00   1.2439435E+00
   4.3407327E-01   1.1466919E-02  -2.2042747E+00   1.2435050E+00
   4.3882760E-01   6.5340875E-03  -2.1606634E+00   1.2433803E+00
   4.4346756E-01   1.1254610E-02  -2.1861420E+00   1.2424132E+00
   4.4812286E-01   3.7788900E-03  -2.1455839E+00   1.2419100E+00
   4.5297137E-01  -3.3676361E-03  -2.1358256E+00   1.2413607E+00
   4.5937875E-01   3.7157370E-04  -2.1534133E+00   1.2409556E+00
   4.6288055E-01   4.3557142E-03  -2.1432111E+00   1.2407415E+00
   4.6864185E-01   5.3609298E-03  -2.1056004E+00   1.2402931E+00
   4.7273910E-01   3.3535277E-03  -2.1253450E+00   1.2397277E+00
   4.7876883E-01  -3.5165976E-05  -2.0863519E+00   1.2393034E+00
   4.8322654E-01   5.1874141E-03  -2.1057823E+00   1.2389292E+00
   4.8760426E-01   5.7610101E-03  -2.0936570E+00   1.2386425E+00
   4.9398744E-01   4.0240320E-03  -2.0728867E+00   1.2382263E+00
   4.9793133E-01   4.2358781E-03  -2.0574427E+00   1.2377294E+00
   5.0340521E-01   4.0003313E-03  -2.0500886E+00   1.2370775E+00
   5.0850558E-01   3.2184341E-03  -2.0394332E+00   1.2363310E+00
   5.1328611E-01   2.6789368E-03  -2.0372601E+00   1.2357811E+00
   5.1783758E-01   3.9203763E-03  -2.0038941E+00   1.2352885E+00
   5.2201104E-01   6.5637147E-03  -2.0085778E+00   1.2346436E+00
   5.2788198E-01   5.1610009E-03  -2.0011036E+00   1.2339163E+00
   5.3278416E-01   3.1313687E-03  -1.9716648E+00   1.2335062E+00
   5.3824395E-01   2.7424651E-03  -1.9651756E+00   1.2329109E+00
   5.4164886E-01   4.7046025E-03  -1.9182498E+00   1.2325323E+00
   5.4787868E-01   5.2954052E-03  -1.9313134E+00   1.2317173E+00
   5.5215532E-01   3.9020714E-03  -1.9145341E+00   1.2312154E+00
   5.5745745E-01   3.1913230E-03  -1.8926380E+00   1.2307997E+00
   5.6264895E-01   3.4844580E-03  -1.8733702E+00   1.2304690E+00
   5.6719309E-01   3.5912008E-03  -1.8523585E+00   1.2301058E+00
   5.7245344E-01   3.1271386E-03  -1.8377415E+00   1.2296861E+00
   5.7641339E-01   3.3463403E-03  -1.8263354E+00   1.2293752E+00
   5.8077919E-01   3.2434850E-03  -1.8124601E+00   1.2290062E+00
   5.8559245E-01   3.1582350E-03  -1.7841461E+00   1.2285855E+00
   5.9089911E-01   3.3263287E-03  -1.7667770E+00   1.2281487E+00
   5.9674972E-01   3.3182942E-03  -1.7469358E+00   1.2277427E+00
   6.0281861E-01   3.1662195E-03  -1.7209363E+00   1.2272980E+00
   6.0586089E-01   2.5900127E-03  -1.6687542E+00   1.2266099E+00
   6.1196423E-01   2.3558601E-03  -1.6692197E+00   1.2261840E+00
   6.1502475E-01   2.1677488E-03  -1.6700526E+00   1.2261556E+00
   6.2116462E-01   2.5042130E-03  -1.6664183E+00   1.2262294E+00
   6.2731379E-01   2.5893913E-03  -1.5948927E+00   1.2264366E+00
   6.3040823E-01   2.3797981E-03  -1.5925533E+00   1.2262709E+00
   6.3661760E-01   8.1834965E-04  -1.5816993E+00   1.2261597E+00
   6.3973314E-01   1.5328862E-03  -1.5688236E+00   1.2262039E+00
   6.4598864E-01   2.4020532E-03  -1.4953768E+00   1.2261257E+00
   6.5227872E-01   1.3954344E-03  -1.4982164E+00   1.2259763E+00
   6.5543634E-01   1.8586926E-03  -1.4951321E+00   1.2259935E+00
   6.6178066E-01   2.6479859E-03  -1.4502614E+00   1.2259357E+00
   6.6496766E-01   2.1661615E-03  -1.4062743E+00   1.2254453E+00
   6.7132056E-01   2.0048588E-03  -1.4057699E+00   1.2256656E+00
   6.7448711E-01   2.3846922E-03  -1.3965614E+00   1.2258868E+00
   6.8080258E-01   2.7190424E-03  -1.3361363E+00   1.2262849E+00
   6.8395203E-01   1.7795111E-03  -1.3331829E+00   1.2262199E+00
   6.9023615E-01   1.6113240E-03  -1.3054740E+00   1.2263930E+00
   6.9612962E-01   9.9090859E-04  -1.2550997E+00   1.2266772E+00
   6.9888389E-01   1.1413767E-03  -1.2634083E+00   1.2267251E+00
   7.0410806E-01   1.2181951E-03  -1.2256624E+00   1.2267721E+00
   7.0902723E-01   8.6361181E-04  -1.2128055E+00   1.2268198E+00
   7.1424741E-01   7.7910721E-04  -1.1715184E+00   1.2271105E+00
   7.2000259E-01   9.7758905E-04  -1.1598803E+00   1.2270492E+00
   7.2620147E-01   6.4670626E-04  -1.1484783E+00   1.2269479E+00
   7.2930378E-01  -7.7988621E-04  -1.0910417E+00   1.2269436E+00
   7.3414248E-01   9.7099371E-04  -1.0993651E+00   1.2268437E+00
   7.3931283E-01   9.5695141E-04  -1.0879136E+00   1.2270081E+00
   7.4457806E-01   8.6076028E-04  -1.0578022E+00   1.2272813E+00
   7.5038296E-01   8.2445395E-04  -9.9122202E-01   1.2275040E+00
   7.5347996E-01   6.3279067E-04  -9.9876601E-01   1.2274095E+00
   7.5951481E-01   3.9882908E-04  -1.0062569E+00   1.2273263E+00
   7.6504630E-01   1.1055529E-03  -9.6638149E-01   1.2273883E+00
   7.7002943E-01   6.4874272E-04  -9.4594270E-01   1.2273235E+00
   7.7378064E-01  -1.3599974E-03  -8.4837103E-01   1.2280731E+00
   7.8014052E-01  -1.1619630E-03  -8.8219076E-01   1.2276858E+00
   7.8472042E-01   5.4163771E-04  -8.7928104E-01   1.2276189E+00
   7.8920144E-01   7.1723317E-04  -8.0727547E-01   1.2276946E+00
   7.9371136E-01   1.0856440E-03  -8.0454671E-01   1.2276057E+00
   7.9868358E-01   1.1549297E-03  -8.0964923E-01   1.2275357E+00
   8.0308288E-01   1.6767791E-04  -7.9255110E-01   1.2275592E+00
   8.0793315E-01   6.8837107E-04  -7.4525613E-01   1.2277441E+00
   8.1328058E-01   2.9388806E-04  -6.5580666E-01   1.2281742E+00
   8.1890440E-01   5.0399114E-05  -6.7526698E-01   1.2280201E+00
   8.2432657E-01   4.8273680E-04  -6.9176775E-01   1.2278697E+00
   8.2959670E-01  -6.1872212E-04  -6.1957788E-01   1.2281097E+00
   8.3210385E-01  -1.9169481E-04  -6.1634624E-01   1.2281065E+00
   8.3913696E-01   1.0149029E-04  -6.0716653E-01   1.2279890E+00
   8.4371471E-01   1.6513704E-04  -4.9706283E-01   1.2283801E+00
   8.4812677E-01  -4.8359248E-04  -5.1704043E-01   1.2282455E+00
   8.5362291E-01   1.8924533E-03  -5.3548765E-01   1.2280046E+00
   8.5776031E-01  -2.4577165E-03  -5.0957608E-01   1.2280958E+00
   8.6232179E-01  -1.0411098E-03  -3.8060141E-01   1.2287004E+00
   8.6717880E-01  -2.1992264E-04  -4.2835790E-01   1.2282118E+00
   8.7202966E-01  -3.8128379E-03  -4.2282411E-01   1.2281258E+00
   8.7687951E-01   2.2486635E-03  -3.7892601E-01   1.2282548E+00
   8.8163710E-01  -1.6239462E-03  -2.7903056E-01   1.2286235E+00
   8.8818026E-01   3.5908434E-04  -3.1024680E-01   1.2285103E+00
   8.9274734E-01   7.9271611E-04  -3.0846661E-01   1.2284336E+00
   8.9725548E-01  -7.2649587E-03  -2.8022459E-01   1.2284517E+00
   9.0206349E-01   5.8472622E-04  -1.3881977E-01   1.2289988E+00
   9.0696836E-01  -5.7927081E-03  -1.6526696E-01   1.2288779E+00
   9.1189271E-01  -1.7426343E-03  -1.8493517E-01   1.2287259E+00
   9.1683918E-01  -1.8217446E-03  -1.6251120E-01   1.2287513E+00
   9.2181039E-01  -2.5737658E-03  -2.8829601E-02   1.2293738E+00
   9.2638314E-01  -3.3223378E-03  -4.5542452E-02   1.2293627E+00
   9.3255919E-01  -2.1727763E-03  -6.2831834E-02   1.2292943E+00
   9.3638015E-01  -3.2245757E-03  -3.9948802E-02   1.2293831E+00
   9.4182485E-01  -2.8370700E-03   4.8220124E-02   1.2299970E+00
   9.4714320E-01  -1.5357934E-03   8.8446021E-02   1.2303140E+00
   9.5106810E-01  -5.3677135E-03   1.0660955E-01   1.2304748E+00
   9.5772243E-01  -4.4060787E-03   1.4014792E-01   1.2306920E+00
   9.6273166E-01  -4.5677437E-03   1.7728281E-01   1.2308999E+00
   9.6531051E-01  -4.2790058E-03   1.9914567E-01   1.2310407E+00
   9.7027355E-01  -4.2989152E-03   2.3770362E-01   1.2313321E+00
   9.7508168E-01  -3.8708895E-03   2.6939958E-01   1.2316616E+00
   9.8239267E-01  -4.8286230E-03   3.0960912E-01   1.2321837E+00
   9.8496425E-01  -4.3533128E-03   3.2778624E-01   1.2323819E+00
   9.9027681E-01  -4.3326295E-03   3.9112028E-01   1.2331606E+00
   9.9597567E-01  -3.0863094E-03   3.9605415E-01   1.2334002E+00
   1.0019437E+00  -4.3588025E-03   4.6248740E-01   1.2339665E+00
   1.0051534E+00  -4.8039928E-03   4.6976709E-01   1.2341863E+00
   1.0119619E+00  -4.7012232E-03   5.2276933E-01   1.2348466E+00
   1.0151066E+00  -4.9889227E-03   5.3787583E-01   1.2350817E+00
   1.0218756E+00  -4.6039228E-03   5.6681579E-01   1.2355767E+00
   1.0253829E+00  -5.4038400E-03   6.1018115E-01   1.2361217E+00
   1.0289099E+00  -5.0591389E-03   6.3002455E-01   1.2364433E+00
   1.0360262E+00  -5.3737788E-03   6.9445741E-01   1.2371150E+00
   1.0396174E+00  -5.0541870E-03   7.0211565E-01   1.2374257E+00
   1.0468702E+00  -5.3373086E-03   7.5449175E-01   1.2383569E+00
   1.0505338E+00  -4.6518766E-03   7.6243442E-01   1.2385900E+00
   1.0542235E+00  -5.4643168E-03   7.7166420E-01   1.2387869E+00
   1.0594045E+00  -6.1432556E-03   8.4362686E-01   1.2395875E+00
   1.0651164E+00  -4.7692242E-03   8.5571635E-01   1.2401986E+00
   1.0700678E+00  -6.5767490E-03   8.7340212E-01   1.2405765E+00
   1.0751598E+00  -5.6782323E-03   9.4378859E-01   1.2412829E+00
   1.0803125E+00  -6.2081506E-03   9.5216852E-01   1.2417059E+00
   1.0849333E+00  -5.8426308E-03   9.6246016E-01   1.2419217E+00
   1.0894234E+00  -5.5667190E-03   1.0026037E+00   1.2423811E+00
   1.0943738E+00  -6.6883708E-03   1.0865822E+00   1.2434566E+00
   1.0998693E+00  -4.7768774E-03   1.0272173E+00   1.2435833E+00
   1.1046803E+00  -7.2740484E-03   1.0828273E+00   1.2439244E+00
   1.1089574E+00  -5.7949265E-03   1.1440213E+00   1.2448715E+00
   1.1139088E+00  -7.2759748E-03   1.1703694E+00   1.2453358E+00
   1.1196407E+00  -6.3197189E-03   1.1829783E+00   1.2456273E+00
   1.1239555E+00  -6.3747014E-03   1.1962444E+00   1.2458392E+00
   1.1287125E+00  -7.3358575E-03   1.2254536E+00   1.2462335E+00
   1.1339571E+00  -6.0861874E-03   1.3177358E+00   1.2475842E+00
   1.1397394E+00  -7.5382791E-03   1.3096272E+00   1.2479750E+00
   1.1428491E+00  -5.7152193E-03   1.2996897E+00   1.2480017E+00
   1.1489120E+00  -7.4777524E-03   1.3006537E+00   1.2482265E+00
   1.1549338E+00  -8.0192899E-03   1.4182122E+00   1.2498196E+00
   1.1581724E+00  -7.7998647E-03   1.4202935E+00   1.2502648E+00
   1.1651434E+00  -5.7851076E-03   1.4110780E+00   1.2506746E+00
   1.1688925E+00  -7.2463574E-03   1.4164963E+00   1.2508518E+00
   1.1729630E+00  -9.4378144E-03   1.4449900E+00   1.2515963E+00
   1.1787970E+00  -5.5396846E-03   1.5348763E+00   1.2534797E+00
   1.1829630E+00  -7.8233825E-03   1.5390378E+00   1.2538246E+00
   1.1883484E+00  -8.6875437E-03   1.5331707E+00   1.2538855E+00
   1.1931362E+00  -7.3201894E-03   1.5719535E+00   1.2541962E+00
   1.1986787E+00  -6.4491332E-03   1.7162066E+00   1.2560897E+00
   1.2028509E+00  -6.1452943E-03   1.6473887E+00   1.2559252E+00
   1.2074509E+00  -6.2260921E-03   1.6280253E+00   1.2559752E+00
   1.2125223E+00  -7.1046199E-03   1.6469741E+00   1.2562326E+00
   1.2181135E+00  -7.6825880E-03   1.8003560E+00   1.2586008E+00
   1.2242779E+00  -4.1249851E-03   1.7294363E+00   1.2590889E+00
   1.2275931E+00  -5.4745506E-03   1.7395285E+00   1.2595021E+00
   1.2310741E+00  -8.1960950E-03   1.8156767E+00   1.2600505E+00
   1.2385669E+00  -5.4904651E-03   1.8368452E+00   1.2610706E+00
   1.2417470E+00  -4.7824699E-03   1.8461514E+00   1.2614475E+00
   1.2479047E+00  -4.0107439E-03   1.9266649E+00   1.2635361E+00
   1.2520250E+00  -3.9002940E-03   1.9112946E+00   1.2654166E+00
   1.2567470E+00  -4.1655856E-03   1.9373361E+00   1.2655858E+00
   1.2624866E+00   1.1533884E-03   2.1153729E+00   1.2664590E+00
   1.2675893E+00  -1.1119855E-02   2.0032449E+00   1.2655376E+00
   1.2714306E+00   2.6857096E-03   2.0083108E+00   1.2652764E+00
   1.2779431E+00  -2.7862308E-03   2.0841303E+00   1.2669885E+00
   1.2828457E+00   1.6073615E-04   2.1443257E+00   1.2710884E+00
   1.2882507E+00  -1.5405925E-03   2.1395717E+00   1.2711145E+00
   1.2911576E+00  -1.2454846E-02   2.1888282E+00   1.2709837E+00
   1.2959155E+00  -7.2773886E-03   2.2015285E+00   1.2717334E+00
   1.3023881E+00   2.4014306E-03   2.2252653E+00   1.2722758E+00
   1.3072605E+00  -6.2097702E-03   2.2761629E+00   1.2728308E+00
   1.3126324E+00  -5.2722115E-03   2.3590672E+00   1.2744788E+00
   1.3155214E+00  -4.0646829E-03   2.3519773E+00   1.2747071E+00
   1.3214352E+00  -3.7294012E-03   2.3491418E+00   1.2750577E+00
   1.3269987E+00  -4.7718994E-03   2.3718514E+00   1.2754941E+00
   1.3299907E+00  -5.8252071E-03   2.4648545E+00   1.2782440E+00
   1.3364247E+00  -4.6460489E-03   2.4700773E+00   1.2791921E+00
   1.3421478E+00  -5.6131822E-03   2.4817958E+00   1.2796109E+00
   1.3452257E+00  -6.4104153E-03   2.4978597E+00   1.2798766E+00
   1.3503951E+00  -7.0780031E-03   2.6188316E+00   1.2817533E+00
   1.3560942E+00  -6.0712821E-03   2.6096928E+00   1.2821453E+00
   1.3622174E+00  -8.7566031E-03   2.6040623E+00   1.2819512E+00
   1.3652499E+00  -7.7512935E-03   2.6152461E+00   1.2818575E+00
   1.3712442E+00  -8.5360380E-03   2.6880221E+00   1.2830192E+00
   1.3742090E+00  -7.2650802E-03   2.6966560E+00   1.2835000E+00
   1.3800759E+00  -6.5752338E-03   2.7263324E+00   1.2841004E+00
   1.3858671E+00  -5.6756800E-03   2.7967763E+00   1.2865012E+00
   1.3908162E+00  -5.5862162E-03   2.8009548E+00   1.2864363E+00
   1.3962727E+00  -6.1015002E-03   2.8167207E+00   1.2861093E+00
   1.3990935E+00  -7.8765918E-03   2.8703322E+00   1.2867252E+00
   1.4047025E+00  -5.2699065E-03   2.8860343E+00   1.2871509E+00
   1.4102694E+00  -5.0063166E-03   2.9056811E+00   1.2868500E+00
   1.4157740E+00  -6.0166349E-03   3.0005596E+00   1.2879374E+00
   1.4212166E+00  -4.5236498E-03   3.0033183E+00   1.2877046E+00
   1.4239159E+00  -4.1459179E-03   3.0038912E+00   1.2878766E+00
   1.4288315E+00  -4.2939116E-03   3.0046718E+00   1.2869643E+00
   1.4341258E+00  -5.6757918E-03   3.0328124E+00   1.2869738E+00
   1.4393920E+00  -4.9085915E-03   3.1141167E+00   1.2890630E+00
   1.4442216E+00  -4.2219269E-03   3.1033177E+00   1.2886965E+00
   1.4489850E+00  -3.6235829E-03   3.1109846E+00   1.2877901E+00
   1.4541197E+00  -4.1652587E-03   3.1493044E+00   1.2869596E+00
   1.4592396E+00  -2.4527474E-03   3.2366621E+00   1.2869084E+00
   1.4643278E+00  -3.1314788E-03   3.1827042E+00   1.2852515E+00
   1.4696493E+00  -2.8379522E-03   3.2588136E+00   1.2858897E+00
   1.4736553E+00  -2.2097225E-03   3.2855110E+00   1.2858768E+00
   1.4780719E+00  -1.4287676E-03   3.3004377E+00   1.2855792E+00
   1.4829412E+00  -1.5024783E-03   3.3145328E+00   1.2849836E+00
   1.4879143E+00  -1.2241615E-03   3.3371592E+00   1.2844733E+00
   1.4945265E+00  -6.3059392E-04   3.3744590E+00   1.2837943E+00
   1.4994180E+00  -2.5880107E-04   3.4060838E+00   1.2839701E+00
   1.5043325E+00   6.1437306E-05   3.4221432E+00   1.2834591E+00
   1.5092320E+00  -9.5385686E-04   3.4801118E+00   1.2846184E+00
   1.5141248E+00   1.1947512E-03   3.4830775E+00   1.2848396E+00
   1.5178133E+00   2.1697618E-03   3.4806299E+00   1.2843647E+00
   1.5237989E+00   1.3943370E-03   3.5058174E+00   1.2827269E+00
   1.5277562E+00   3.8335155E-04   3.5381603E+00   1.2822592E+00
   1.5335804E+00   2.1265838E-03   3.5742891E+00   1.2816206E+00
   1.5389915E+00   3.1260119E-03   3.6094053E+00   1.2804695E+00
   1.5428293E+00   2.3520889E-03   3.6235397E+00   1.2802749E+00
   1.5486171E+00   2.6346073E-03   3.6464338E+00   1.2794533E+00
   1.5524589E+00   2.8268856E-03   3.6861272E+00   1.2815084E+00
   1.5583341E+00   4.2388234E-03   3.6956005E+00   1.2803791E+00
   1.5626874E+00   3.5391117E-03   3.7065938E+00   1.2789512E+00
   1.5671408E+00   3.6049937E-03   3.7228415E+00   1.2776350E+00
   1.5733452E+00   5.5084066E-03   3.7952724E+00   1.2779446E+00
   1.5773709E+00   5.9871497E-03   3.7843897E+00   1.2770560E+00
   1.5834633E+00   5.3337556E-03   3.7909055E+00   1.2755083E+00
   1.5876848E+00   4.4014035E-03   3.8449802E+00   1.2756411E+00
   1.5920795E+00   7.2606835E-03   3.8525302E+00   1.2757189E+00
   1.5966676E+00   7.2941463E-03   3.8677466E+00   1.2741721E+00
   1.6013460E+00   6.9658291E-03   3.8865685E+00   1.2728559E+00
   1.6083180E+00   7.0312419E-03   3.9244242E+00   1.2715887E+00
   1.6129386E+00   1.0085051E-02   3.9410424E+00   1.2714801E+00
   1.6173329E+00   6.8369452E-03   3.9626441E+00   1.2706620E+00
   1.6213880E+00   8.4825726E-03   3.9835448E+00   1.2701564E+00
   1.6270648E+00   8.6688539E-03   4.0071950E+00   1.2732904E+00
   1.6311522E+00   8.7135052E-03   4.0159860E+00   1.2723821E+00
   1.6377374E+00   8.7243700E-03   4.0318251E+00   1.2696481E+00
   1.6420825E+00   6.1939862E-03   4.0506940E+00   1.2663589E+00
   1.6465677E+00   9.3996106E-03   4.0718617E+00   1.2642478E+00
   1.6510408E+00   1.0404726E-02   4.0836859E+00   1.2618488E+00
   1.6571394E+00   1.3940626E-02   4.1023288E+00   1.2609949E+00
   1.6626040E+00   8.3792657E-03   4.1233025E+00   1.2585227E+00
   1.6664524E+00   9.7569674E-03   4.1282496E+00   1.2580329E+00
   1.6706846E+00   1.0955068E-02   4.1361055E+00   1.2583797E+00
   1.6759654E+00   1.1716792E-02   4.1494641E+00   1.2597054E+00
   1.6812426E+00   1.1900530E-02   4.1707277E+00   1.2598394E+00
   1.6873513E+00   1.0810960E-02   4.1767683E+00   1.2592525E+00
   1.6916064E+00   1.1413039E-02   4.1832271E+00   1.2584718E+00
   1.6957152E+00   1.1692054E-02   4.1869330E+00   1.2577766E+00
   1.7017428E+00   1.2134605E-02   4.1930594E+00   1.2561612E+00
   1.7056285E+00   1.2946513E-02   4.1995416E+00   1.2551123E+00
   1.7114518E+00   1.1647657E-02   4.2129726E+00   1.2529515E+00
   1.7153370E+00   1.2844033E-02   4.2103806E+00   1.2512059E+00
   1.7209144E+00   1.3451049E-02   4.2154412E+00   1.2493129E+00
   1.7261593E+00   1.6142441E-02   4.2194777E+00   1.2471478E+00
   1.7312258E+00   1.5463267E-02   4.2190504E+00   1.2470347E+00
   1.7361226E+00   1.2134630E-02   4.1716304E+00   1.2488831E+00
   1.7411062E+00   1.6611684E-02   4.2075186E+00   1.2409759E+00
   1.7459031E+00   1.4461989E-02   4.2390976E+00   1.2503737E+00
   1.7506858E+00   1.1347329E-02   4.2329564E+00   1.2451689E+00
   1.7553315E+00   1.8950149E-02   4.2038741E+00   1.2435056E+00
   1.7599784E+00   1.7537266E-02   4.1972623E+00   1.2449162E+00
   1.7645721E+00   1.5058716E-02   4.1989908E+00   1.2433301E+00
   1.7706568E+00   1.7089399E-02   4.1996727E+00   1.2435617E+00
   1.7751372E+00   1.6557690E-02   4.1730762E+00   1.2434744E+00
   1.7795643E+00   1.7515339E-02   4.1693382E+00   1.2434020E+00
   1.7854164E+00   1.7519381E-02   4.1380730E+00   1.2476985E+00
   1.7897673E+00   1.8726017E-02   4.1761894E+00   1.2470871E+00
   1.7940983E+00   1.7595237E-02   4.1791511E+00   1.2462156E+00
   1.7998400E+00   1.8410243E-02   4.1339016E+00   1.2436587E+00
   1.8041123E+00   1.8289218E-02   4.1141176E+00   1.2423787E+00
   1.8097603E+00   2.1661736E-02   4.1075740E+00   1.2412211E+00
   1.8139648E+00   1.6794404E-02   4.0965552E+00   1.2404381E+00
   1.8195338E+00   1.9006448E-02   4.0646305E+00   1.2406056E+00
   1.8236843E+00   2.0870749E-02   4.1285019E+00   1.2460519E+00
   1.8291925E+00   1.3191708E-02   3.9199395E+00   1.2439590E+00
   1.8346875E+00   1.1321115E-02   3.8776450E+00   1.2409832E+00
   1.8387891E+00   2.6862416E-02   4.0756707E+00   1.2403659E+00
   1.8442371E+00   1.2277466E-02   3.9728308E+00   1.2407115E+00
   1.8483173E+00   1.6077749E-02   3.9094968E+00   1.2428392E+00
   1.8537346E+00   1.4656981E-02   3.9805515E+00   1.2428391E+00
   1.8591696E+00   2.0492414E-02   3.9086347E+00   1.2420492E+00
   1.8632841E+00   1.7177638E-02   3.8411975E+00   1.2413598E+00
   1.8687747E+00   9.2924004E-03   3.8177638E+00   1.2411803E+00
   1.8731016E+00   1.6840765E-02   3.8102386E+00   1.2408036E+00
   1.8789536E+00   1.6034782E-02   3.7829230E+00   1.2405628E+00
   1.8834167E+00   1.5807558E-02   3.7414377E+00   1.2407448E+00
   1.8880115E+00   1.7906053E-02   3.7054579E+00   1.2414507E+00
   1.8927475E+00   1.5139851E-02   3.6322718E+00   1.2430807E+00
   1.8975710E+00   1.5991382E-02   3.6378198E+00   1.2432513E+00
   1.9025571E+00   1.6115407E-02   3.6523826E+00   1.2428643E+00
   1.9076145E+00   1.4488982E-02   3.6297090E+00   1.2419199E+00
   1.9126947E+00   1.4390886E-02   3.5370178E+00   1.2408017E+00
   1.9178015E+00   1.5231345E-02   3.4729640E+00   1.2401597E+00
   1.9229419E+00   1.6070768E-02   3.4514549E+00   1.2400436E+00
   1.9281160E+00   1.1018014E-02   3.4364023E+00   1.2391573E+00
   1.9332597E+00   1.4578016E-02   3.3959529E+00   1.2392578E+00
   1.9381045E+00   1.4432755E-02   3.3188753E+00   1.2396139E+00
   1.9432249E+00   1.2251400E-02   3.2608001E+00   1.2402812E+00
   1.9483248E+00   1.2047232E-02   3.2439826E+00   1.2393115E+00
   1.9517820E+00   1.1736382E-02   3.2097371E+00   1.2417426E+00
   1.9570404E+00   1.0383108E-02   3.1559196E+00   1.2399799E+00
   1.9623597E+00   1.0773096E-02   3.1028261E+00   1.2398740E+00
   1.9677494E+00   9.5193693E-03   3.0562949E+00   1.2388450E+00
   1.9713843E+00   9.7135007E-03   3.0230708E+00   1.2381904E+00
   1.9768875E+00   8.5745417E-03   2.9610307E+00   1.2370206E+00
   1.9822965E+00   8.4055653E-03   2.8795276E+00   1.2354403E+00
   1.9875735E+00   7.6069343E-03   2.8591137E+00   1.2345607E+00
   1.9927695E+00   6.4636734E-03   2.8172853E+00   1.2334957E+00
   1.9962084E+00   5.1959869E-03   2.7764230E+00   1.2330216E+00
   2.0013344E+00   4.3507423E-03   2.7146161E+00   1.2321711E+00
   2.0064132E+00   3.9441842E-03   2.4551795E+00   1.2317564E+00
   2.0114326E+00   1.3810456E-03   2.7483692E+00   1.2327054E+00
   2.0163901E+00   2.6849513E-03   2.2988603E+00   1.2299460E+00
   2.0212927E+00   1.0851296E-03   2.4024465E+00   1.2280860E+00
   2.0261459E+00  -4.4396968E-04   2.3749008E+00   1.2275668E+00
   2.0309544E+00  -1.2164788E-03   2.4521825E+00   1.2268100E+00
   2.0357237E+00  -3.2584774E-03   2.3632152E+00   1.2259042E+00
   2.0420353E+00  -3.3213601E-03   1.9997177E+00   1.2250776E+00
   2.0467520E+00  -3.4200174E-03   2.3621972E+00   1.2247542E+00
   2.0514660E+00  -5.2084341E-03   2.1995869E+00   1.2216156E+00
   2.0561879E+00  -6.3882531E-03   2.1031995E+00   1.2223208E+00
   2.0609200E+00  -6.0967933E-03   1.9999154E+00   1.2211968E+00
   2.0656545E+00  -7.3607755E-03   1.9580299E+00   1.2197573E+00
   2.0703866E+00  -7.6625501E-03   1.9097661E+00   1.2185824E+00
   2.0751166E+00  -8.1413193E-03   1.8528929E+00   1.2178725E+00
   2.0814221E+00  -7.6925550E-03   1.7666084E+00   1.2167612E+00
   2.0861549E+00  -8.3711268E-03   1.7113783E+00   1.2156974E+00
   2.0908992E+00  -9.0315137E-03   1.6568584E+00   1.2147661E+00
   2.0956602E+00  -8.4858593E-03   1.5975937E+00   1.2138693E+00
   2.1004462E+00  -9.7170742E-03   1.5302900E+00   1.2129421E+00
   2.1052818E+00  -9.9252360E-03   1.4688740E+00   1.2119039E+00
   2.1102092E+00  -1.0467829E-02   1.4055195E+00   1.2107298E+00
   2.1153109E+00  -1.1715265E-02   1.3662959E+00   1.2097391E+00
   2.1207573E+00  -1.3405284E-02   1.3030609E+00   1.2087659E+00
   2.1244581E+00  -1.1651477E-02   1.2564759E+00   1.2079349E+00
   2.1300216E+00  -1.1868801E-02   1.1766324E+00   1.2065488E+00
   2.1355984E+00  -1.3115143E-02   1.1034082E+00   1.2051921E+00
   2.1393192E+00  -1.2644820E-02   1.0465341E+00   1.2041638E+00
   2.1449063E+00  -1.4118122E-02   9.9398625E-01   1.2028782E+00
   2.1504970E+00  -1.3940854E-02   9.3079489E-01   1.2016675E+00
   2.1542273E+00  -1.4053282E-02   8.8512015E-01   1.2007903E+00
   2.1598301E+00  -1.5321282E-02   8.0506563E-01   1.1994729E+00
   2.1654463E+00  -1.5065732E-02   7.3654985E-01   1.1981087E+00
   2.1692004E+00  -1.6094854E-02   6.9163609E-01   1.1972847E+00
   2.1748507E+00  -1.6198309E-02   6.3384545E-01   1.1960872E+00
   2.1786327E+00  -1.6129652E-02   5.8389628E-01   1.1953322E+00
   2.1843333E+00  -1.6550545E-02   4.9636495E-01   1.1937364E+00
   2.1900735E+00  -1.7213264E-02   4.2801788E-01   1.1921394E+00
   2.1939270E+00  -1.6639287E-02   3.9040592E-01   1.1911906E+00
   2.1997385E+00  -1.7692471E-02   3.2615030E-01   1.1897185E+00
   2.2036245E+00  -1.7625540E-02   2.8128737E-01   1.1887330E+00
   2.2094750E+00  -1.8286098E-02   2.0535509E-01   1.1872978E+00
   2.2133927E+00  -2.0068297E-02   1.4502540E-01   1.1862519E+00
   2.2192996E+00  -2.0131655E-02   9.3892336E-02   1.1847999E+00
   2.2232616E+00  -2.0246305E-02   5.3228941E-02   1.1839869E+00
   2.2292445E+00  -1.9710280E-02  -1.6896339E-02   1.1826559E+00
   2.2332335E+00  -1.9869525E-02  -6.7183927E-02   1.1819456E+00
   2.2391808E+00  -2.0546300E-02  -1.3302813E-01   1.1806092E+00
   2.2431228E+00  -1.9980490E-02  -1.7124787E-01   1.1796204E+00
   2.2490032E+00  -2.0339716E-02  -2.3959431E-01   1.1781771E+00
   2.2529020E+00  -2.0610154E-02  -2.8263709E-01   1.1771504E+00
   2.2587199E+00  -2.2081064E-02  -3.5546079E-01   1.1759534E+00
   2.2625797E+00  -2.2403199E-02  -3.9070499E-01   1.1756276E+00
   2.2683427E+00  -2.1870105E-02  -4.5322743E-01   1.1745460E+00
   2.2721684E+00  -2.2267075E-02  -4.9014074E-01   1.1734862E+00
   2.2778852E+00  -2.3246745E-02  -5.4251969E-01   1.1739402E+00
   2.2835774E+00  -2.4740305E-02  -6.2134796E-01   1.1735228E+00
   2.2873604E+00  -2.5171991E-02  -6.5284032E-01   1.1728139E+00
   2.2930179E+00  -2.3775510E-02  -7.0785463E-01   1.1715516E+00
   2.2967796E+00  -2.5460050E-02  -7.2944623E-01   1.1716808E+00
   2.3024082E+00  -2.4584860E-02  -7.8312105E-01   1.1723739E+00
   2.3080237E+00  -2.4803372E-02  -8.4800494E-01   1.1729383E+00
   2.3117609E+00  -2.9923650E-02  -8.8067448E-01   1.1733457E+00
   2.3173573E+00  -2.6033327E-02  -9.3377918E-01   1.1752204E+00
   2.3229442E+00  -2.3423443E-02  -9.7657275E-01   1.1772947E+00
   2.3266647E+00  -2.6445303E-02  -9.9989080E-01   1.1779416E+00
   2.3322418E+00  -2.5003027E-02  -1.0536577E+00   1.1791450E+00
   2.3377893E+00  -2.6183968E-02  -1.0883640E+00   1.1799028E+00
   2.3425949E+00  -2.4825539E-02  -1.1182269E+00   1.1804768E+00
   2.3466544E+00  -2.5511492E-02  -1.1448663E+00   1.1819177E+00
   2.3515377E+00  -2.3251455E-02  -1.1947085E+00   1.1841378E+00
   2.3568671E+00  -2.6385644E-02  -1.2591460E+00   1.1853026E+00
   2.3614459E+00  -2.3492435E-02  -1.2648466E+00   1.1864784E+00
   2.3661849E+00  -1.9826861E-02  -1.3085328E+00   1.1891246E+00
   2.3720410E+00  -2.5215678E-02  -1.3473177E+00   1.1902524E+00
   2.3761237E+00  -2.5251271E-02  -1.3828801E+00   1.1926594E+00
   2.3818576E+00  -2.7048362E-02  -1.4277086E+00   1.1934907E+00
   2.3861585E+00  -2.4808070E-02  -1.4566667E+00   1.1949028E+00
   2.3908510E+00  -1.9887088E-02  -1.4585626E+00   1.1964945E+00
   2.3958118E+00  -2.1807030E-02  -1.4947152E+00   1.1978238E+00
   2.4018505E+00  -2.5369192E-02  -1.5477605E+00   1.2010710E+00
   2.4062476E+00  -2.2997694E-02  -1.5666988E+00   1.2027979E+00
   2.4113379E+00  -2.2524567E-02  -1.5919044E+00   1.2044593E+00
   2.4162059E+00  -2.1359108E-02  -1.6201724E+00   1.2057903E+00
   2.4204950E+00  -2.2659138E-02  -1.6494026E+00   1.2069647E+00
   2.4253030E+00  -2.2913152E-02  -1.6752979E+00   1.2095045E+00
   2.4308686E+00  -2.3433341E-02  -1.7061867E+00   1.2112180E+00
   2.4348967E+00  -2.8610304E-02  -1.7167135E+00   1.2138896E+00
   2.4410110E+00  -2.3912992E-02  -1.7363760E+00   1.2150755E+00
   2.4451482E+00  -2.6511032E-02  -1.7705966E+00   1.2167667E+00
   2.4514246E+00  -2.2514610E-02  -1.8090876E+00   1.2181468E+00
   2.4553077E+00  -2.5165986E-02  -1.8223995E+00   1.2193861E+00
   2.4610589E+00  -2.8717130E-02  -1.8485624E+00   1.2205555E+00
   2.4647756E+00  -2.0483108E-02  -1.8577578E+00   1.2217128E+00
   2.4700811E+00  -1.9937435E-02  -1.8764167E+00   1.2231249E+00
   2.4757323E+00  -1.9042820E-02  -1.9156466E+00   1.2251689E+00
   2.4793196E+00  -1.9327519E-02  -1.9329112E+00   1.2254589E+00
   2.4843209E+00  -2.3800181E-02  -1.9414337E+00   1.2254598E+00
   2.4894404E+00  -2.2051735E-02  -1.9659132E+00   1.2273619E+00
   2.4943249E+00  -2.1105327E-02  -1.9738226E+00   1.2288287E+00
   2.5004661E+00  -1.9282009E-02  -1.9897896E+00   1.2305357E+00
   2.5045700E+00  -1.9068273E-02  -2.0080674E+00   1.2305759E+00
   2.5092659E+00  -2.4043471E-02  -2.0496979E+00   1.2308922E+00
   2.5142710E+00  -8.4225805E-03  -2.0357974E+00   1.2311080E+00
   2.5196908E+00  -1.0852776E-03  -2.0460835E+00   1.2315166E+00
   2.5250483E+00  -3.1552333E-02  -2.0803440E+00   1.2323020E+00
   2.5289495E+00  -1.1790856E-02  -2.0878646E+00   1.2316946E+00
   2.5350134E+00   5.9955646E-03  -2.1163127E+00   1.2320433E+00
   2.5393395E+00  -3.6052484E-02  -2.1056988E+00   1.2325673E+00
   2.5443954E+00  -1.9605726E-02  -2.1205466E+00   1.2331572E+00
   2.5489464E+00  -2.8748201E-02  -2.1304851E+00   1.2336851E+00
   2.5537498E+00   9.7823581E-03  -2.1334434E+00   1.2339836E+00
   2.5588706E+00  -1.0604138E-02  -2.1601965E+00   1.2333653E+00
   2.5640616E+00  -1.5612209E-02  -2.1641283E+00   1.2332413E+00
   2.5689988E+00   1.3344444E-02  -2.1546803E+00   1.2334507E+00
   2.5736094E+00  -2.3701122E-02  -2.1346633E+00   1.2337993E+00
   2.5786762E+00  -3.3968303E-02  -2.1013949E+00   1.2328031E+00
   2.5835056E+00  -2.2936188E-02  -2.1996098E+00   1.2322453E+00
   2.5886407E+00   3.8521201E-03  -2.1803670E+00   1.2311276E+00
   2.5935197E+00  -3.3748834E-03  -2.2099485E+00   1.2295969E+00
   2.5986757E+00  -3.2081534E-04  -2.1746125E+00   1.2275306E+00
   2.6035514E+00   3.3166239E-03  -2.1662574E+00   1.2265573E+00
   2.6080821E+00  -1.7885895E-02  -2.2016959E+00   1.2257544E+00
   2.6129034E+00  -5.8418531E-03  -2.1704085E+00   1.2251065E+00
   2.6180744E+00  -6.1783753E-03  -2.1748002E+00   1.2241007E+00
   2.6228137E+00  -2.7167592E-02  -2.1833868E+00   1.2229322E+00
   2.6278186E+00   4.7513666E-03  -2.1688118E+00   1.2219548E+00
   2.6333375E+00  -1.6323108E-02  -2.1819427E+00   1.2208568E+00
   2.6382682E+00   1.2208342E-02  -2.1981404E+00   1.2196584E+00
   2.6424830E+00  -2.8121322E-02  -2.1587405E+00   1.2179793E+00
   2.6479573E+00  -1.5854120E-02  -2.1659677E+00   1.2153592E+00
   2.6524508E+00  -6.1397990E-03  -2.1604438E+00   1.2145309E+00
   2.6570354E+00  -5.5175857E-03  -2.1505954E+00   1.2138621E+00
   2.6627934E+00  -5.8405078E-03  -2.1508298E+00   1.2126096E+00
   2.6673932E+00  -9.1789626E-03  -2.1390133E+00   1.2110474E+00
   2.6719451E+00  -6.7337048E-03  -2.1440394E+00   1.2096616E+00
   2.6775939E+00  -8.5584419E-03  -2.1363590E+00   1.2086995E+00
   2.6820824E+00  -6.6461219E-03  -2.1290619E+00   1.2081374E+00
   2.6876585E+00  -7.0404657E-03  -2.1280563E+00   1.2068905E+00
   2.6921005E+00  -5.0028924E-05  -2.1088228E+00   1.2056756E+00
   2.6965714E+00   2.8559519E-03  -2.1132829E+00   1.2046826E+00
   2.7021413E+00  -1.6085322E-03  -2.1039598E+00   1.2032833E+00
   2.7065616E+00  -4.2698975E-03  -2.0935936E+00   1.2021383E+00
   2.7118282E+00  -6.2779118E-03  -2.0725498E+00   1.2003264E+00
   2.7164516E+00  -4.9675643E-03  -2.1042099E+00   1.1994441E+00
   2.7220716E+00  -3.7009132E-03  -2.0865424E+00   1.1988872E+00
   2.7266586E+00  -8.6632576E-03  -2.0694284E+00   1.1985829E+00
   2.7312026E+00  -4.8456732E-03  -2.0582557E+00   1.1973705E+00
   2.7369525E+00  -4.1779531E-03  -2.0471117E+00   1.1953360E+00
   2.7410390E+00  -4.6313936E-03  -2.0337512E+00   1.1944977E+00
   2.7456527E+00  -5.1295306E-03  -2.0695412E+00   1.1941098E+00
   2.7507994E+00  -8.0999061E-03  -2.0259409E+00   1.1936765E+00
   2.7557166E+00  -2.4335098E-03  -2.0212638E+00   1.1935450E+00
   2.7603927E+00  -1.9368754E-03  -1.9982243E+00   1.1909209E+00
   2.7657104E+00  -4.0973234E-03  -2.0166726E+00   1.1891873E+00
   2.7711999E+00  -4.1703396E-03  -2.0024335E+00   1.1895366E+00
   2.7752419E+00  -2.1237703E-03  -1.9952546E+00   1.1884294E+00
   2.7811103E+00  -1.8077831E-03  -1.9640193E+00   1.1874981E+00
   2.7865500E+00  -3.8592003E-03  -1.9719508E+00   1.1883909E+00
   2.7903450E+00  -5.4211444E-03  -1.9594115E+00   1.1847378E+00
   2.7965553E+00   2.3866226E-03  -1.9474891E+00   1.1880469E+00
   2.8002815E+00  -2.6307337E-03  -1.9371868E+00   1.1850423E+00
   2.8055742E+00  -3.6863454E-03  -1.9344527E+00   1.1843376E+00
   2.8109350E+00  -3.1121625E-03  -1.9157732E+00   1.1837097E+00
   2.8148670E+00  -2.5756503E-03  -1.9153886E+00   1.1832225E+00
   2.8204751E+00  -2.6273124E-03  -1.8979763E+00   1.1828489E+00
   2.8257575E+00  -3.1541737E-03  -1.8910604E+00   1.1824970E+00
   2.8310475E+00  -2.6379160E-03  -1.8821329E+00   1.1822449E+00
   2.8349664E+00  -2.2345067E-03  -1.8603694E+00   1.1817269E+00
   2.8408952E+00  -3.4791445E-03  -1.8589824E+00   1.1814576E+00
   2.8446193E+00  -3.3534986E-03  -1.8486127E+00   1.1836816E+00
   2.8498139E+00  -6.7271232E-03  -1.8269902E+00   1.1830897E+00
   2.8550024E+00   6.0350850E-04  -1.8327121E+00   1.1833457E+00
   2.8602421E+00   6.2978640E-03  -1.8191063E+00   1.1835903E+00
   2.8653078E+00  -3.4047358E-03  -1.7981750E+00   1.1846811E+00
   2.8702524E+00  -2.2573748E-03  -1.7872252E+00   1.1853269E+00
   2.8754783E+00  -3.7641549E-03  -1.7839046E+00   1.1863856E+00
   2.8792982E+00  -1.9089422E-03  -1.7697191E+00   1.1873719E+00
   2.8849552E+00   9.4233900E-03  -1.7543805E+00   1.1879976E+00
   2.8886802E+00   2.9388434E-04  -1.7336371E+00   1.1891218E+00
   2.8939669E+00  -2.2893250E-03  -1.7254215E+00   1.1895927E+00
   2.8986671E+00   5.8989138E-03  -1.7191142E+00   1.1907370E+00
   2.9034917E+00  -7.5153606E-03  -1.7007672E+00   1.1911898E+00
   2.9096677E+00  -1.8085963E-03  -1.6780741E+00   1.1910024E+00
   2.9140160E+00  -1.1585461E-03  -1.6681994E+00   1.1915883E+00
   2.9193528E+00  -8.8892388E-04  -1.6646175E+00   1.1918888E+00
   2.9233508E+00   1.0980937E-04  -1.6463360E+00   1.1922743E+00
   2.9287832E+00  -6.7432853E-04  -1.6301954E+00   1.1931480E+00
   2.9341269E+00  -1.6031787E-03  -1.6170013E+00   1.1937140E+00
   2.9382071E+00   1.0490471E-03  -1.5999991E+00   1.1952041E+00
   2.9435825E+00  -1.7918058E-03  -1.5783198E+00   1.1959804E+00
   2.9483132E+00  -4.5850677E-03  -1.5710397E+00   1.1966536E+00
   2.9534271E+00  -2.1599315E-03  -1.5521725E+00   1.1978911E+00
   2.9579732E+00  -9.2374504E-04  -1.5454154E+00   1.1985378E+00
   2.9627595E+00  -4.8187235E-03  -1.5279989E+00   1.1991557E+00
   2.9686799E+00   1.5424988E-03  -1.5072590E+00   1.1997294E+00
   2.9736626E+00   2.7498142E-03  -1.4858286E+00   1.1998628E+00
   2.9777999E+00   2.7539025E-03  -1.4428220E+00   1.1993090E+00
   2.9836171E+00   1.1121819E-03  -1.4678087E+00   1.1994383E+00
   2.9874234E+00   7.7863032E-04  -1.4814621E+00   1.2006975E+00
   2.9932051E+00   3.2907135E-03  -1.4334016E+00   1.2030993E+00
   2.9985032E+00   2.4848948E-03  -1.4055461E+00   1.2031660E+00
   3.0032136E+00   9.1117632E-04  -1.3568937E+00   1.2034348E+00
   3.0067596E+00   1.2291385E-03  -1.4495552E+00   1.2057568E+00
   3.0126994E+00   2.7270110E-03  -1.3779373E+00   1.2042371E+00
   3.0183275E+00   4.1468949E-03  -1.3695740E+00   1.2055135E+00
   3.0218956E+00   8.7808399E-04  -1.3427831E+00   1.2059125E+00
   3.0279450E+00   4.9915072E-03  -1.3154280E+00   1.2064774E+00
   3.0323663E+00   1.8331400E-03  -1.3052440E+00   1.2064177E+00
   3.0366778E+00   2.5950302E-03  -1.2950610E+00   1.2068578E+00
   3.0432274E+00   2.7980874E-03  -1.2739611E+00   1.2074511E+00
   3.0474787E+00   2.3462351E-03  -1.2610446E+00   1.2076685E+00
   3.0516028E+00   2.2350333E-03  -1.2440207E+00   1.2078087E+00
   3.0575728E+00   1.7897055E-03  -1.2173017E+00   1.2079523E+00
   3.0614314E+00   2.0706363E-03  -1.2064114E+00   1.2080708E+00
   3.0670736E+00  -3.5503088E-03  -1.1938890E+00   1.2084652E+00
   3.0725732E+00   2.9317925E-03  -1.1681856E+00   1.2089206E+00
   3.0761743E+00   1.0338281E-03  -1.1614231E+00   1.2092454E+00
   3.0814950E+00   1.1140318E-03  -1.1421324E+00   1.2097517E+00
   3.0867336E+00   3.8740356E-04  -1.1218752E+00   1.2105330E+00
   3.0919044E+00  -1.6838359E-04  -1.1008623E+00   1.2111464E+00
   3.0969038E+00   6.5460372E-05  -1.0838186E+00   1.2117389E+00
   3.1015089E+00  -7.3258462E-04  -1.0727257E+00   1.2121795E+00
   3.1065011E+00  -4.4360099E-04  -1.0524993E+00   1.2126237E+00
   3.1114855E+00  -9.3761599E-04  -1.0403366E+00   1.2131226E+00
   3.1162567E+00  -2.6498032E-03  -1.0170506E+00   1.2133585E+00
   3.1207290E+00  -8.4374403E-04  -9.9369770E-01   1.2134196E+00
   3.1256173E+00  -1.8665094E-03  -9.9302673E-01   1.2138065E+00
   3.1303132E+00  -1.4572204E-03  -9.6262062E-01   1.2140278E+00
   3.1362143E+00  -6.4195334E-03  -9.4914687E-01   1.2143599E+00
   3.1411498E+00  -1.8022885E-03  -9.2501622E-01   1.2145977E+00
   3.1460741E+00  -2.6793231E-03  -9.0822995E-01   1.2149433E+00
   3.1503503E+00  -1.2683826E-04  -8.9442003E-01   1.2149972E+00
   3.1550996E+00  -3.7422120E-03  -8.7679106E-01   1.2158858E+00
   3.1598859E+00  -3.3240921E-03  -8.6024112E-01   1.2159508E+00
   3.1661298E+00  -3.5626139E-03  -8.2659942E-01   1.2167364E+00
   3.1704345E+00  -3.4655482E-03  -8.1050920E-01   1.2170489E+00
   3.1755745E+00  -3.2561568E-03  -7.9586095E-01   1.2174953E+00
   3.1798708E+00   1.6301654E-03  -7.7692306E-01   1.2178367E+00
   3.1850314E+00  -1.6130371E-03  -7.3403537E-01   1.2178493E+00
   3.1902671E+00  -3.6419360E-03  -7.2802031E-01   1.2182517E+00
   3.1948586E+00  -5.1539754E-03  -7.2264791E-01   1.2186561E+00
   3.1997266E+00  -3.9936956E-03  -6.8766588E-01   1.2190315E+00
   3.2048571E+00  -5.0790459E-03  -6.6364932E-01   1.2193592E+00
   3.2095375E+00  -7.7762944E-03  -6.4188612E-01   1.2197877E+00
   3.2151747E+00  -2.4625761E-03  -6.3396823E-01   1.2204896E+00
   3.2198544E+00  -3.5856820E-03  -5.9943533E-01   1.2203608E+00
   3.2249908E+00  -3.2891573E-03  -5.8652413E-01   1.2204014E+00
   3.2297933E+00  -3.4982821E-03  -5.6848824E-01   1.2206119E+00
   3.2345772E+00  -5.2767959E-03  -5.3582931E-01   1.2205116E+00
   3.2391117E+00  -2.6083996E-03  -5.3084469E-01   1.2206787E+00
   3.2445440E+00  -3.6992077E-03  -5.0467408E-01   1.2211329E+00
   3.2492523E+00  -4.1077975E-03  -4.7879764E-01   1.2213435E+00
   3.2546442E+00  -1.4419436E-03  -4.6806136E-01   1.2215915E+00
   3.2589581E+00  -2.5700012E-03  -4.5465845E-01   1.2217422E+00
   3.2645123E+00  -1.7800687E-03  -4.1751409E-01   1.2217709E+00
   3.2685444E+00  -4.8698331E-04  -4.0030944E-01   1.2217989E+00
   3.2739372E+00  -6.5305689E-04  -3.7803492E-01   1.2216127E+00
   3.2783787E+00  -3.3875045E-04  -3.7268698E-01   1.2216339E+00
   3.2840436E+00   4.2080256E-04  -3.4292263E-01   1.2217637E+00
   3.2889352E+00   5.9725955E-04  -3.0962002E-01   1.2218274E+00
   3.2939610E+00  -2.1167963E-03  -2.8882152E-01   1.2218306E+00
   3.2983086E+00   1.4076736E-03  -2.8442553E-01   1.2218689E+00
   3.3035932E+00   1.5935284E-03  -2.6807570E-01   1.2220656E+00
   3.3082914E+00   2.0929251E-03  -2.3708156E-01   1.2221597E+00
   3.3133657E+00   1.4807507E-03  -2.0308350E-01   1.2222081E+00
   3.3184311E+00   2.4894327E-03  -1.8661654E-01   1.2221518E+00
   3.3234885E+00   2.4051373E-03  -1.7201200E-01   1.2220881E+00
   3.3285391E+00   5.4661809E-03  -1.5135640E-01   1.2217655E+00
   3.3335834E+00   3.6432915E-03  -1.2072910E-01   1.2218608E+00
   3.3386223E+00   2.2748099E-03  -8.7684982E-02   1.2218223E+00
   3.3436563E+00   2.1018418E-03  -6.6610567E-02   1.2218602E+00
   3.3486857E+00   2.0901822E-03  -5.2505407E-02   1.2217119E+00
   3.3520367E+00   1.8110309E-03  -4.2364266E-02   1.2216043E+00
   3.3570600E+00   1.6524765E-03  -1.0513823E-02   1.2215881E+00
   3.3620799E+00   1.4395844E-03   1.4952051E-02   1.2215494E+00
   3.3670967E+00   1.9860850E-03   3.0841375E-02   1.2214398E+00
   3.3721108E+00  -5.7828664E-03   5.3067174E-02   1.2212317E+00
   3.3768620E+00   6.5261605E-03   8.6718947E-02   1.2212235E+00
   3.3818581E+00  -4.6873861E-03   1.0680390E-01   1.2210571E+00
   3.3867345E+00   9.8441204E-04   1.2962145E-01   1.2208953E+00
   3.3917394E+00   1.1483915E-03   1.4927195E-01   1.2207366E+00
   3.3967426E+00   4.7578587E-04   1.7334741E-01   1.2205179E+00
   3.4017437E+00   1.8108917E-04   2.0533320E-01   1.2203928E+00
   3.4067433E+00  -4.4105700E-04   2.2551927E-01   1.2202475E+00
   3.4117410E+00  -8.3684060E-04   2.4282700E-01   1.2199792E+00
   3.4167373E+00  -2.2835026E-03   2.7367026E-01   1.2198271E+00
   3.4217322E+00  -1.0007665E-03   2.9508895E-01   1.2196575E+00
   3.4267254E+00  -1.0015994E-03   3.1867975E-01   1.2194388E+00
   3.4317174E+00  -1.1623943E-03   3.3749616E-01   1.2192632E+00
   3.4367080E+00  -1.5357448E-03   3.7481648E-01   1.2193054E+00
   3.4416971E+00  -1.7241946E-03   3.9066413E-01   1.2191209E+00
   3.4466851E+00  -1.7557271E-03   4.0509740E-01   1.2189071E+00
   3.4516275E+00  -2.1723607E-03   4.3513387E-01   1.2187792E+00
   3.4563780E+00  -2.0135206E-03   4.5814803E-01   1.2185352E+00
   3.4608960E+00  -1.6791746E-03   4.8327750E-01   1.2182702E+00
   3.4665890E+00  -1.7325387E-03   5.1657569E-01   1.2182676E+00
   3.4706380E+00  -1.7351969E-03   5.4661602E-01   1.2179942E+00
   3.4766021E+00  -2.1886965E-03   5.4958910E-01   1.2175545E+00
   3.4819043E+00  -2.2313551E-03   5.7782751E-01   1.2173780E+00
   3.4852250E+00  -1.1791608E-03   6.3528502E-01   1.2171866E+00
   3.4908550E+00  -1.6629149E-03   6.3553613E-01   1.2168938E+00
   3.4950933E+00  -1.6089467E-03   6.5185702E-01   1.2166535E+00
   3.4997659E+00  -1.3860808E-03   6.7706215E-01   1.2163620E+00
   3.5049174E+00  -1.0692300E-03   6.9695270E-01   1.2160317E+00
   3.5105970E+00  -7.1478210E-04   7.2849780E-01   1.2157037E+00
   3.5168033E+00   2.0676648E-04   7.6491874E-01   1.2153748E+00
   3.5214622E+00  -3.9520458E-04   7.9352218E-01   1.2151254E+00
   3.5265987E+00   2.4189935E-03   8.1680948E-01   1.2147987E+00
   3.5291893E+00  -2.3859416E-03   8.3303791E-01   1.2146800E+00
   3.5360284E+00  -1.3800609E-03   8.7153369E-01   1.2139759E+00
   3.5403924E+00   1.3056091E-03   9.0167338E-01   1.2140108E+00
   3.5448244E+00   7.9503504E-04   9.1669989E-01   1.2136155E+00
   3.5491018E+00   1.3311972E-03   9.3262988E-01   1.2130964E+00
   3.5552862E+00   1.6080348E-03   9.6933699E-01   1.2124360E+00
   3.5592837E+00   1.6452832E-03   9.9693203E-01   1.2120254E+00
   3.5651290E+00   1.5920249E-03   1.0319651E+00   1.2114078E+00
   3.5689418E+00   1.7546392E-03   1.0518826E+00   1.2110147E+00
   3.5745568E+00   3.1937056E-03   1.0760107E+00   1.2104839E+00
   3.5800676E+00   1.8584304E-03   1.1078346E+00   1.2098080E+00
   3.5847044E+00   1.7000299E-03   1.1482753E+00   1.2096919E+00
   3.5894849E+00   1.4277655E-03   1.1639092E+00   1.2091950E+00
   3.5947731E+00   1.5079274E-03   1.1949618E+00   1.2090498E+00
   3.6000292E+00   2.0488116E-03   1.2825438E+00   1.2107416E+00
   3.6035082E+00   1.9359100E-03   1.1913221E+00   1.2096537E+00
   3.6086943E+00  -3.6567824E-03   1.2783939E+00   1.2087069E+00
   3.6138468E+00   1.7799678E-03   1.3275476E+00   1.2079015E+00
   3.6188905E+00   3.6457290E-03   1.3431783E+00   1.2070692E+00
   3.6239898E+00  -3.6930889E-03   1.3481975E+00   1.2061907E+00
   3.6288347E+00  -1.1626043E-03   1.3792458E+00   1.2056645E+00
   3.6332474E+00   7.4269371E-03   1.4221088E+00   1.2053474E+00
   3.6382303E+00  -1.7198685E-04   1.5564904E+00   1.2089896E+00
   3.6432629E+00   9.3995180E-04   1.4825987E+00   1.2078797E+00
   3.6482832E+00  -1.6636998E-04   1.4487450E+00   1.2066101E+00
   3.6541433E+00   2.2591236E-04   1.5787237E+00   1.2057528E+00
   3.6585653E+00   1.4300587E-03   1.5857100E+00   1.2052172E+00
   3.6634226E+00  -3.7828428E-04   1.5936222E+00   1.2047104E+00
   3.6689048E+00  -3.3089826E-03   1.6185617E+00   1.2040379E+00
   3.6730316E+00   3.3435214E-03   1.6536459E+00   1.2043972E+00
   3.6773221E+00   7.6282053E-04   1.6842117E+00   1.2042475E+00
   3.6834579E+00  -1.2976512E-04   1.7149382E+00   1.2044746E+00
   3.6874194E+00   3.2343162E-04   1.7319221E+00   1.2045687E+00
   3.6935625E+00   2.8664342E-03   1.7798634E+00   1.2048509E+00
   3.6977243E+00  -1.1222061E-03   1.7965775E+00   1.2045642E+00
   3.7037678E+00  -1.4467409E-03   1.8399575E+00   1.2043762E+00
   3.7077713E+00  -2.2742872E-03   1.8637525E+00   1.2040459E+00
   3.7136772E+00  -3.4642888E-03   1.8893498E+00   1.2042586E+00
   3.7174518E+00  -3.8274287E-03   1.9337962E+00   1.2041904E+00
   3.7227657E+00  -5.3108502E-03   1.9610716E+00   1.2044073E+00
   3.7275252E+00  -4.9552307E-03   1.9875309E+00   1.2042066E+00
   3.7330348E+00  -9.9486171E-04   2.0104609E+00   1.2058648E+00
   3.7375524E+00  -5.1707751E-04   2.0980089E+00   1.1990181E+00
   3.7425630E+00  -4.7673211E-03   2.0754313E+00   1.2122570E+00
   3.7468886E+00  -4.9660569E-03   2.0956166E+00   1.2051475E+00
   3.7526853E+00  -5.0703771E-03   2.1403818E+00   1.2051891E+00
   3.7576077E+00  -1.1933587E-02   2.1787899E+00   1.2065084E+00
   3.7619839E+00  -6.0655610E-03   2.2011147E+00   1.2064596E+00
   3.7670500E+00  -5.9853243E-03   2.2235973E+00   1.2067422E+00
   3.7720094E+00  -8.5491398E-03   2.2743392E+00   1.2071368E+00
   3.7768764E+00  -3.2508397E-03   2.3206944E+00   1.2078567E+00
   3.7814558E+00  -9.8659592E-03   2.3207834E+00   1.2047912E+00
   3.7867270E+00  -6.7953854E-03   2.3502524E+00   1.2053934E+00
   3.7914135E+00  -5.9875310E-03   2.3768559E+00   1.2100705E+00
   3.7968385E+00  -1.1448041E-02   2.4125605E+00   1.2110313E+00
   3.8009226E+00  -1.0834014E-02   2.4472122E+00   1.2079170E+00
   3.8054252E+00  -7.0901737E-03   2.5134070E+00   1.2224998E+00
   3.8110578E+00  -9.2299953E-03   2.5076351E+00   1.2142159E+00
   3.8170519E+00   3.3482914E-03   2.5264537E+00   1.2134641E+00
   3.8209984E+00  -1.2405875E-02   2.6268957E+00   1.2155993E+00
   3.8253281E+00  -7.4319076E-03   2.6147790E+00   1.2157193E+00
   3.8315074E+00  -9.0495879E-03   2.6162567E+00   1.2145625E+00
   3.8369234E+00  -7.3355385E-03   2.6587019E+00   1.2181751E+00
   3.8407302E+00  -9.6654408E-03   2.7900772E+00   1.2203641E+00
   3.8463352E+00  -4.9515967E-03   2.7382960E+00   1.2210616E+00
   3.8500111E+00  -7.4356617E-03   2.7197070E+00   1.2206806E+00
   3.8554463E+00  -8.5294917E-03   2.7783062E+00   1.2209653E+00
   3.8607988E+00  -1.1999263E-02   2.8477004E+00   1.2226121E+00
   3.8660047E+00  -4.8441389E-03   2.8752115E+00   1.2232143E+00
   3.8709643E+00  -6.2637683E-03   2.8955979E+00   1.2240108E+00
   3.8758571E+00  -4.8784777E-03   2.9152775E+00   1.2244248E+00
   3.8806646E+00  -2.2325786E-02   2.9770808E+00   1.2262664E+00
   3.8853910E+00   1.3960932E-02   3.0182240E+00   1.2279220E+00
   3.8900638E+00  -7.4499957E-03   3.0258644E+00   1.2291690E+00
   3.8946869E+00  -6.5704011E-03   3.0492170E+00   1.2299088E+00
   3.9006288E+00  -5.7947971E-03   3.1114833E+00   1.2337965E+00
   3.9050407E+00  -5.3540547E-03   3.1007628E+00   1.2334986E+00
   3.9096558E+00  -6.3776239E-03   3.1147821E+00   1.2331423E+00
   3.9156919E+00   8.4594532E-04   3.2001560E+00   1.2325284E+00
   3.9203355E+00  -3.5074027E-03   3.2311375E+00   1.2327856E+00
   3.9249082E+00  -6.2521044E-03   3.2494256E+00   1.2333884E+00
   3.9294109E+00  -1.7450334E-04   3.2766063E+00   1.2342054E+00
   3.9351366E+00  -8.3707990E-03   3.2960119E+00   1.2356086E+00
   3.9394946E+00  -8.8374140E-03   3.3493896E+00   1.2377381E+00
   3.9451199E+00  -7.5446763E-03   3.3792965E+00   1.2396743E+00
   3.9492292E+00  -5.9667556E-03   3.4022071E+00   1.2414998E+00
   3.9547691E+00  -4.6040397E-03   3.4318593E+00   1.2423040E+00
   3.9588864E+00  -7.5505394E-03   3.4668467E+00   1.2441490E+00
   3.9642761E+00  -9.6683968E-03   3.4916255E+00   1.2454591E+00
   3.9695542E+00   1.4294513E-03   3.5367367E+00   1.2459726E+00
   3.9734533E+00   2.7186791E-03   3.5583913E+00   1.2463846E+00
   3.9785867E+00  -9.6096918E-03   3.5787826E+00   1.2459871E+00
   3.9835331E+00  -1.5716227E-02   3.6046085E+00   1.2468075E+00
   3.9888055E+00  -6.6219396E-03   3.6471539E+00   1.2470459E+00
   3.9941621E+00  -8.6635882E-03   3.6842036E+00   1.2491751E+00
   3.9987509E+00  -1.3261119E-02   3.6893795E+00   1.2514703E+00
   4.0042753E+00  -1.1611363E-02   3.7077885E+00   1.2519814E+00
   4.0082846E+00  -1.3379770E-02   3.7310424E+00   1.2531220E+00
   4.0139666E+00  -2.4572838E-02   3.7953813E+00   1.2629939E+00
   4.0186353E+00  -1.1228159E-02   3.7912068E+00   1.2633591E+00
   4.0232148E+00   1.4437166E-02   3.8141241E+00   1.2610643E+00
   4.0282626E+00  -2.0268090E-02   3.8170652E+00   1.2592822E+00
   4.0339694E+00  -1.0388616E-02   3.8451796E+00   1.2518439E+00
   4.0379734E+00  -1.4393973E-02   3.8570862E+00   1.2528712E+00
   4.0430298E+00  -9.9689327E-03   3.9057555E+00   1.2564206E+00
   4.0481181E+00  -1.2335087E-02   3.9187944E+00   1.2832496E+00
   4.0530071E+00  -1.5526928E-02   3.9245749E+00   1.2702895E+00
   4.0586367E+00  -1.1523218E-02   3.9554896E+00   1.2624186E+00
   4.0625176E+00  -1.6064808E-02   3.9572549E+00   1.2595289E+00
   4.0682273E+00  -1.2541438E-02   3.9704010E+00   1.2591490E+00
   4.0720673E+00  -1.3427454E-02   3.9835410E+00   1.2617648E+00
   4.0777993E+00  -7.2585410E-03   4.0108633E+00   1.2866534E+00
   4.0834050E+00  -1.3055593E-02   4.0213199E+00   1.2786150E+00
   4.0871353E+00  -1.3796475E-02   4.0300140E+00   1.2753247E+00
   4.0919323E+00  -8.7664500E-03   4.0372157E+00   1.2721556E+00
   4.0973091E+00  -1.2099184E-02   4.0054889E+00   1.2520057E+00
   4.1028938E+00  -1.1082795E-02   4.0695090E+00   1.2574043E+00
   4.1066012E+00   7.9706084E-04   4.0797586E+00   1.2983085E+00
   4.1121469E+00  -1.1056580E-02   4.0552320E+00   1.2919430E+00
   4.1176643E+00  -2.4988675E-03   4.0733738E+00   1.2505394E+00
   4.1212368E+00  -1.4380059E-02   4.0667653E+00   1.2848326E+00
   4.1267142E+00  -1.4027384E-02   4.0993543E+00   1.2845268E+00
   4.1313086E+00  -1.0699850E-02   4.1047292E+00   1.2828683E+00
   4.1365795E+00  -1.4349304E-02   4.0835896E+00   1.2807518E+00
   4.1420021E+00  -1.0955249E-02   4.0481625E+00   1.2727515E+00
   4.1459503E+00  -1.1937408E-02   4.0733776E+00   1.2710673E+00
   4.1521993E+00  -1.4165649E-02   4.0712757E+00   1.2715698E+00
   4.1557488E+00  -1.6256930E-02   4.0671425E+00   1.2742573E+00
   4.1610065E+00  -1.5018273E-02   4.0408616E+00   1.2990391E+00
   4.1660180E+00  -1.5009153E-02   4.0911107E+00   1.2947204E+00
   4.1708007E+00  -1.4942268E-02   4.0226803E+00   1.2342186E+00
   4.1760669E+00  -1.1679215E-02   4.0712309E+00   1.2805536E+00
   4.1813259E+00  -1.5191107E-02   4.0350032E+00   1.2834865E+00
   4.1865697E+00  -1.9950856E-02   4.0065293E+00   1.2845249E+00
   4.1918006E+00  -8.0365287E-03   4.0191655E+00   1.2870418E+00
   4.1952815E+00  -1.5893752E-02   4.0133719E+00   1.2878420E+00
   4.2004948E+00  -1.3784998E-02   4.0031381E+00   1.2872987E+00
   4.2056994E+00  -1.4235369E-02   3.9926071E+00   1.2873770E+00
   4.2108984E+00  -8.9817671E-03   3.9104624E+00   1.2847588E+00
   4.2160935E+00  -1.1635785E-02   3.9599910E+00   1.2835593E+00
   4.2212868E+00  -1.3496916E-02   3.9662948E+00   1.2833148E+00
   4.2247376E+00  -1.3267914E-02   3.8883989E+00   1.2822490E+00
   4.2297983E+00  -1.1379019E-02   3.8455141E+00   1.2807124E+00
   4.2347269E+00  -1.1010273E-02   3.8430061E+00   1.2797796E+00
   4.2396135E+00  -1.0696697E-02   3.8449271E+00   1.2796811E+00
   4.2444720E+00  -1.2957742E-02   3.8255663E+00   1.2790341E+00
   4.2508802E+00  -1.1470678E-02   3.7502208E+00   1.2795277E+00
   4.2556272E+00  -1.1584532E-02   3.7396181E+00   1.2793834E+00
   4.2603159E+00  -7.4252407E-03   3.7296109E+00   1.2785455E+00
   4.2649746E+00  -1.1372521E-02   3.6941099E+00   1.2771176E+00
   4.2695560E+00  -9.6487310E-03   3.6604719E+00   1.2762170E+00
   4.2745886E+00  -1.0740717E-02   3.6291094E+00   1.2741570E+00
   4.2795229E+00  -1.0831523E-02   3.6121788E+00   1.2727864E+00
   4.2849998E+00  -8.8540865E-03   3.5937560E+00   1.2703700E+00
   4.2889719E+00  -9.5273312E-03   3.5125885E+00   1.2685326E+00
   4.2942262E+00  -1.2351679E-02   3.4899287E+00   1.2675418E+00
   4.2996502E+00  -1.5319095E-02   3.4581022E+00   1.2661353E+00
   4.3043027E+00  -1.4799556E-02   3.4240570E+00   1.2645943E+00
   4.3093376E+00  -1.5031391E-02   3.3823090E+00   1.2635384E+00
   4.3143430E+00  -1.5822563E-02   3.3499529E+00   1.2620296E+00
   4.3193145E+00  -1.4598513E-02   3.3112605E+00   1.2599701E+00
   4.3242517E+00  -1.6355295E-02   3.2808564E+00   1.2579283E+00
   4.3291264E+00  -1.6908797E-02   3.2461109E+00   1.2552656E+00
   4.3339357E+00  -1.7848607E-02   3.2054589E+00   1.2543002E+00
   4.3387160E+00  -1.9398428E-02   3.1574633E+00   1.2522556E+00
   4.3434987E+00  -1.6821930E-02   3.1118562E+00   1.2499604E+00
   4.3482018E+00  -2.0672821E-02   3.0712330E+00   1.2478679E+00
   4.3544788E+00  -2.4397856E-02   3.0086343E+00   1.2451974E+00
   4.3592348E+00  -2.2922559E-02   2.9532928E+00   1.2434385E+00
   4.3640089E+00  -2.4539169E-02   2.9142447E+00   1.2415441E+00
   4.3687887E+00  -2.7530173E-02   2.8651373E+00   1.2401148E+00
   4.3735628E+00  -2.7823647E-02   2.8402882E+00   1.2385905E+00
   4.3783255E+00  -2.9717594E-02   2.7822740E+00   1.2372470E+00
   4.3830752E+00  -2.8822547E-02   2.7272820E+00   1.2362386E+00
   4.3878107E+00  -2.5908975E-02   2.6849031E+00   1.2352784E+00
   4.3925319E+00  -3.3438180E-02   2.6227832E+00   1.2336447E+00
   4.3988032E+00  -3.1974316E-02   2.5571952E+00   1.2308284E+00
   4.4034915E+00  -3.4008462E-02   2.5057902E+00   1.2295393E+00
   4.4081721E+00  -3.7133414E-02   2.4712884E+00   1.2286680E+00
   4.4128404E+00  -3.7496399E-02   2.4163229E+00   1.2270519E+00
   4.4174972E+00  -3.9836943E-02   2.3221414E+00   1.2257757E+00
   4.4221401E+00  -3.8934596E-02   2.2786486E+00   1.2244524E+00
   4.4283085E+00  -4.0245708E-02   2.2324276E+00   1.2223567E+00
   4.4329205E+00  -4.0506821E-02   2.1885767E+00   1.2222070E+00
   4.4375219E+00  -4.4510629E-02   2.1082089E+00   1.2202452E+00
   4.4421148E+00  -3.3682592E-02   2.0294912E+00   1.2187968E+00
   4.4467015E+00  -4.5401782E-02   1.9921761E+00   1.2182509E+00
   4.4528108E+00  -4.7900934E-02   1.9330167E+00   1.2165246E+00
   4.4573913E+00  -4.5203321E-02   1.8637983E+00   1.2156447E+00
   4.4619408E+00  -4.3304462E-02   1.8002641E+00   1.2148325E+00
   4.4665203E+00  -4.8724599E-02   1.7342000E+00   1.2137696E+00
   4.4726462E+00  -4.6596315E-02   1.6582055E+00   1.2124817E+00
   4.4772563E+00  -4.7102731E-02   1.6139438E+00   1.2117283E+00
   4.4818807E+00  -5.1848080E-02   1.5205348E+00   1.2099929E+00
   4.4864612E+00  -4.7910310E-02   1.4758947E+00   1.2096332E+00
   4.4923759E+00  -4.5303527E-02   1.3993231E+00   1.2079835E+00
   4.4966712E+00  -5.1883306E-02   1.3518207E+00   1.2078302E+00
   4.5022111E+00  -5.0912216E-02   1.2865123E+00   1.2071522E+00
   4.5062289E+00  -5.0817635E-02   1.2185161E+00   1.2060180E+00
   4.5114269E+00  -4.4535473E-02   1.1210166E+00   1.2055366E+00
   4.5164804E+00  -4.8956085E-02   1.0574253E+00   1.2047800E+00
   4.5215297E+00  -4.9159437E-02   1.0165681E+00   1.2046195E+00
   4.5258632E+00  -5.2898157E-02   9.3549669E-01   1.2037647E+00
   4.5306473E+00  -4.8979148E-02   8.5054672E-01   1.2033730E+00
   4.5354505E+00  -5.4767832E-02   8.0976754E-01   1.2028972E+00
   4.5418806E+00  -4.9287256E-02   7.4865764E-01   1.2019588E+00
   4.5467229E+00  -5.3810101E-02   5.6864524E-01   1.2006160E+00
   4.5515814E+00  -5.4401197E-02   6.3865972E-01   1.2007773E+00
   4.5564561E+00  -5.0298434E-02   6.0054892E-01   1.2003417E+00
   4.5612497E+00  -5.3047493E-02   4.4337943E-01   1.1996305E+00
   4.5661354E+00  -5.1035948E-02   3.2971758E-01   1.1987556E+00
   4.5710630E+00  -5.3388979E-02   3.0347887E-01   1.1986858E+00
   4.5760112E+00  -5.2509572E-02   2.6252881E-01   1.1989322E+00
   4.5809803E+00  -5.3047128E-02   1.9492812E-01   1.1979173E+00
   4.5859747E+00  -5.2704372E-02   5.5591181E-02   1.1979370E+00
   4.5909648E+00  -5.2912667E-02   2.7016733E-02   1.1970731E+00
   4.5960093E+00  -5.2321497E-02  -8.5946731E-03   1.1977671E+00
   4.6010804E+00  -4.7814466E-02  -9.5491484E-02   1.1964396E+00
   4.6044755E+00  -5.3626109E-02  -3.2664597E-01   1.1954776E+00
   4.6095963E+00  -5.3222492E-02  -1.8640694E-01   1.1958884E+00
   4.6145954E+00  -5.1221367E-02  -1.7957936E-01   1.1964380E+00
   4.6199946E+00  -5.1294383E-02  -5.9922910E-01   1.1965067E+00
   4.6249132E+00  -5.6508482E-02  -9.7217254E-02   1.2003518E+00
   4.6292219E+00  -5.1570132E-02  -6.1171103E-01   1.1973574E+00
   4.6342096E+00  -5.3843185E-02  -5.4248840E-01   1.1974894E+00
   4.6395111E+00  -5.2997138E-02  -6.2725472E-01   1.1973877E+00
   4.6448412E+00  -5.3184550E-02  -7.1151370E-01   1.1978184E+00
   4.6502008E+00  -5.3084854E-02  -7.9187304E-01   1.1982675E+00
   4.6537914E+00  -5.4059569E-02  -8.2860333E-01   1.1983553E+00
   4.6592040E+00  -5.4877423E-02  -8.9505392E-01   1.1987768E+00
   4.6646471E+00  -5.3299438E-02  -9.4886583E-01   1.1986362E+00
   4.6701231E+00  -5.3159192E-02  -1.0098386E+00   1.1993507E+00
   4.6737924E+00  -5.4332022E-02  -1.0595428E+00   1.1997769E+00
   4.6793246E+00  -5.5501070E-02  -1.1458198E+00   1.1998529E+00
   4.6848650E+00  -5.1133584E-02  -1.2045207E+00   1.2002956E+00
   4.6885586E+00  -6.1095644E-02  -1.2384304E+00   1.2004831E+00
   4.6940989E+00  -5.6088276E-02  -1.2993400E+00   1.2009937E+00
   4.6996417E+00  -5.3114034E-02  -1.3665560E+00   1.2015254E+00
   4.7033386E+00  -5.7956863E-02  -1.3988361E+00   1.2019631E+00
   4.7088890E+00  -5.7286222E-02  -1.4665302E+00   1.2025987E+00
   4.7144461E+00  -5.2021254E-02  -1.5568233E+00   1.2030861E+00
   4.7181563E+00  -5.7034731E-02  -1.5844083E+00   1.2037388E+00
   4.7237310E+00  -4.9126841E-02  -1.6258267E+00   1.2044077E+00
   4.7293196E+00  -5.8269255E-02  -1.6788795E+00   1.2053623E+00
   4.7330542E+00  -6.4685613E-02  -1.7203674E+00   1.2057537E+00
   4.7386699E+00  -5.9865315E-02  -1.7874948E+00   1.2063875E+00
   4.7439775E+00  -6.7697607E-02  -1.8311152E+00   1.2072091E+00
   4.7475538E+00  -5.4491632E-02  -1.8675760E+00   1.2075028E+00
   4.7530270E+00  -6.3716352E-02  -1.9221779E+00   1.2083501E+00
   4.7586365E+00  -6.2705047E-02  -1.9703208E+00   1.2094811E+00
   4.7624488E+00  -6.6741787E-02  -2.0022376E+00   1.2098894E+00
   4.7681913E+00  -6.0137779E-02  -2.0568650E+00   1.2101235E+00
   4.7720366E+00  -5.9295397E-02  -2.1203775E+00   1.2094886E+00
   4.7778330E+00  -6.3157454E-02  -2.1235087E+00   1.2107813E+00
   4.7817178E+00  -6.3701570E-02  -2.1355522E+00   1.2120932E+00
   4.7875814E+00  -6.1848309E-02  -2.1835208E+00   1.2140872E+00
   4.7934957E+00  -6.5962419E-02  -2.2606993E+00   1.2157744E+00
   4.7974696E+00  -5.3485576E-02  -2.3669417E+00   1.2159848E+00
   4.8014708E+00  -6.0876254E-02  -2.3450193E+00   1.2170634E+00
   4.8075299E+00  -5.6805950E-02  -2.3187366E+00   1.2191062E+00
   4.8116140E+00  -5.7820626E-02  -2.3403039E+00   1.2202778E+00
   4.8178186E+00  -6.2266815E-02  -2.4649873E+00   1.2183380E+00
   4.8218904E+00  -5.5345364E-02  -2.3768685E+00   1.2199659E+00
   4.8276715E+00  -6.3637577E-02  -2.4527607E+00   1.2209518E+00
   4.8313284E+00  -5.6703702E-02  -2.5235279E+00   1.2220802E+00
   4.8364968E+00  -5.8676470E-02  -2.6097002E+00   1.2236626E+00
   4.8412924E+00  -6.0181607E-02  -2.5562911E+00   1.2245868E+00
   4.8462057E+00  -5.1560465E-02  -2.6219573E+00   1.2262087E+00
   4.8523850E+00  -5.1356830E-02  -2.6545918E+00   1.2265087E+00
   4.8569655E+00  -5.0025061E-02  -2.6759605E+00   1.2280682E+00
   4.8621950E+00  -5.6155503E-02  -2.7082989E+00   1.2290695E+00
   4.8665290E+00  -5.2089959E-02  -2.7504852E+00   1.2294693E+00
   4.8713250E+00  -5.1428530E-02  -2.7773237E+00   1.2299685E+00
   4.8768773E+00  -4.6731520E-02  -2.8076141E+00   1.2310487E+00
   4.8808732E+00  -4.6495240E-02  -2.8182387E+00   1.2319090E+00
   4.8862948E+00  -4.1360553E-02  -2.8193538E+00   1.2328092E+00
   4.8915939E+00  -4.9262084E-02  -2.8649240E+00   1.2324535E+00
   4.8967547E+00  -4.5975581E-02  -2.8846524E+00   1.2322599E+00
   4.9004207E+00  -4.4856206E-02  -2.9164140E+00   1.2326521E+00
   4.9058580E+00  -4.7516812E-02  -2.9332705E+00   1.2334040E+00
   4.9113708E+00  -4.3977689E-02  -2.9477735E+00   1.2341658E+00
   4.9161606E+00  -4.9606800E-02  -2.9398911E+00   1.2339309E+00
   4.9204383E+00  -3.0484961E-02  -2.9767897E+00   1.2341175E+00
   4.9251738E+00  -6.0633220E-02  -3.0182717E+00   1.2343897E+00
   4.9308019E+00  -2.4468295E-02  -3.0277171E+00   1.2355583E+00
