  flscon:  version 23.2.0.01  win64 2022 
 FLOW-3D   20:05:49  02/16/2024 liqi     
   hydr3d   version  23.2.0.20 win64     12/04/2023 HYDRO    
 Simulation Template: Free Surface - TruVOF (Default)                            

Mesh Block   1
 Block 1: printing hyel         i=31   j=403  k=3 
       1      101      0.000E+00      3.341E+00       31       31      403      403        3        3
   time              hyel_-1
   0.0000000E+00   4.2349869E-01
   3.4145791E-02   4.2863706E-01
   6.7157552E-02   4.3418971E-01
   9.9445924E-02   4.4019774E-01
   1.3343862E-01   4.4727927E-01
   1.6714767E-01   4.5485240E-01
   2.0027456E-01   4.6263975E-01
   2.3440550E-01   4.7079206E-01
   2.6675129E-01   4.7837332E-01
   3.0056638E-01   4.8572966E-01
   3.3443975E-01   4.9220079E-01
   3.6749277E-01   4.9740127E-01
   4.0076035E-01   5.0119323E-01
   4.3378091E-01   5.0329602E-01
   4.6764338E-01   5.0360090E-01
   5.0060302E-01   5.0239372E-01
   5.3467423E-01   4.9858159E-01
   5.6789589E-01   4.9384323E-01
   6.0095179E-01   4.8756188E-01
   6.3447803E-01   4.8011631E-01
   6.6853392E-01   4.7169024E-01
   7.0121706E-01   4.6286419E-01
   7.3524088E-01   4.5326003E-01
   7.6831961E-01   4.4384810E-01
   8.0208313E-01   4.3464750E-01
   8.3494091E-01   4.2668897E-01
   8.6864418E-01   4.2010677E-01
   9.0179282E-01   4.1485775E-01
   9.3583369E-01   4.0949681E-01
   9.6859300E-01   4.0473321E-01
   1.0018294E+00   4.0154764E-01
   1.0351746E+00   4.0001035E-01
   1.0687435E+00   3.9822397E-01
   1.1020060E+00   3.9603817E-01
   1.1360395E+00   3.9528614E-01
   1.1696800E+00   3.9469448E-01
   1.2028726E+00   3.9343023E-01
   1.2363384E+00   3.9286086E-01
   1.2693615E+00   3.9328393E-01
   1.3030423E+00   3.9412934E-01
   1.3359848E+00   3.9514995E-01
   1.3698422E+00   3.9684194E-01
   1.4028686E+00   3.9934975E-01
   1.4364949E+00   4.0224037E-01
   1.4700366E+00   4.0504381E-01
   1.5034682E+00   4.0772298E-01
   1.5368041E+00   4.1079327E-01
   1.5703689E+00   4.1440961E-01
   1.6034575E+00   4.1821581E-01
   1.6369638E+00   4.2201665E-01
   1.6707048E+00   4.2583513E-01
   1.7041615E+00   4.3000001E-01
   1.7371780E+00   4.3505237E-01
   1.7707175E+00   4.4189242E-01
   1.8035629E+00   4.4913939E-01
   1.8376820E+00   4.5669717E-01
   1.8709064E+00   4.6447286E-01
   1.9037012E+00   4.7222081E-01
   1.9371718E+00   4.7969279E-01
   1.9710274E+00   4.8611826E-01
   2.0040579E+00   4.9107361E-01
   2.0378692E+00   4.9466893E-01
   2.0713112E+00   4.9619845E-01
   2.1043513E+00   4.9575543E-01
   2.1380761E+00   4.9329704E-01
   2.1712968E+00   4.8921549E-01
   2.2046814E+00   4.8353687E-01
   2.2378874E+00   4.7643498E-01
   2.2718441E+00   4.6804738E-01
   2.3050323E+00   4.5916569E-01
   2.3384664E+00   4.4983873E-01
   2.3716371E+00   4.4023335E-01
   2.4055331E+00   4.3010709E-01
   2.4386387E+00   4.2022544E-01
   2.4717922E+00   4.1073221E-01
   2.5055721E+00   4.0189207E-01
   2.5391715E+00   3.9415717E-01
   2.5722258E+00   3.8764745E-01
   2.6053820E+00   3.8214779E-01
   2.6391628E+00   3.7718713E-01
   2.6725376E+00   3.7279388E-01
   2.7056563E+00   3.6886707E-01
   2.7396104E+00   3.6544144E-01
   2.7731972E+00   3.6307740E-01
   2.8063486E+00   3.6180913E-01
   2.8392808E+00   3.6116612E-01
   2.8732023E+00   3.6096352E-01
   2.9064441E+00   3.6150914E-01
   2.9397416E+00   3.6158365E-01
   2.9735606E+00   3.5939971E-01
   3.0067186E+00   3.5799596E-01
   3.0398889E+00   3.5872674E-01
   3.0733075E+00   3.6000001E-01
   3.1071255E+00   3.6173630E-01
   3.1403465E+00   3.6434439E-01
   3.1732817E+00   3.6744720E-01
   3.2067912E+00   3.7052864E-01
   3.2402997E+00   3.7424088E-01
   3.2734752E+00   3.7911767E-01
   3.3071725E+00   3.8466549E-01
   3.3407974E+00   3.9005035E-01
