  flscon:  version 23.2.0.01  win64 2022 
 FLOW-3D   17:15:17  02/16/2024 iqiq     
   hydr3d   version  23.2.0.20 win64     12/04/2023 HYDRO    
 Simulation Template: Free Surface - TruVOF (Default)                            

Mesh Block   1
 printing pfxob, pfyob, pfzob       
       1      994      0.000E+00      1.714E+00
   time              pfxob_1         pfyob_1         pfzob_1
   0.0000000E+00  -2.3368022E-03  -8.5816658E-01  -3.9882612E-01
   1.7133401E-03  -1.0080156E-02  -1.6372197E+02  -1.5028154E+00
   3.3410131E-03  -1.9817229E-03  -1.6402808E+00  -3.9774010E-01
   4.8873024E-03  -2.2067432E-03  -1.3439953E+00  -4.0533090E-01
   6.5109064E-03   2.5388304E-04  -1.4046931E+00  -3.9926922E-01
   8.2156900E-03  -1.1421229E-03  -1.4599779E+00  -3.9911944E-01
   1.0005713E-02  -2.3155657E-03  -1.4509995E+00  -3.9703363E-01
   1.1885238E-02  -2.3973966E-03  -1.4098607E+00  -3.9505231E-01
   1.3858738E-02  -2.3317798E-03  -1.3582718E+00  -3.9236963E-01
   1.5930913E-02  -2.0086109E-03  -1.3077282E+00  -3.8986775E-01
   1.8106699E-02  -1.3392642E-03  -1.2599117E+00  -3.8799229E-01
   2.0391272E-02  -1.3247767E-03  -1.2138371E+00  -3.8602930E-01
   2.2605900E-02  -8.3145645E-04  -1.1688566E+00  -3.8329062E-01
   2.4793336E-02  -4.9931870E-04  -1.0899111E+00  -3.8130194E-01
   2.6953684E-02  -1.8034820E-04  -1.0555099E+00  -3.8033241E-01
   2.9050337E-02  -3.7308680E-04  -1.0293789E+00  -3.7934092E-01
   3.1185986E-02  -1.6310855E-04  -1.0018079E+00  -3.7796453E-01
   3.3256147E-02  -1.9835723E-04  -9.7015005E-01  -3.7693751E-01
   3.5283990E-02  -6.3174480E-04  -8.2502604E-01  -3.7403682E-01
   3.7244290E-02  -1.8112584E-04  -8.3147120E-01  -3.7355450E-01
   3.9156880E-02   2.7479435E-04  -8.6330861E-01  -3.7316212E-01
   4.1027930E-02   8.8428991E-05  -8.7599528E-01  -3.7245646E-01
   4.2860057E-02  -9.5137307E-07  -8.6049360E-01  -3.7144074E-01
   4.4659931E-02   3.4467585E-04  -8.1029123E-01  -3.7027356E-01
   4.6429977E-02  -4.2098638E-04  -5.8202535E-01  -3.6732629E-01
   4.8172306E-02  -1.2196533E-05  -5.8692181E-01  -3.6676604E-01
   4.9887456E-02   1.2428487E-03  -6.3355148E-01  -3.6623353E-01
   5.1605072E-02   7.6407875E-04  -6.6371596E-01  -3.6614588E-01
   5.3290077E-02   3.4881971E-04  -6.7085379E-01  -3.6566481E-01
   5.4952819E-02   2.1061537E-04  -6.3656586E-01  -3.6535820E-01
   5.6587402E-02   8.3367375E-04  -6.1232197E-01  -3.6494070E-01
   5.8199409E-02   1.1517484E-03  -5.0627583E-01  -3.6402404E-01
   5.9789710E-02   8.1025576E-04  -4.2371744E-01  -3.6315143E-01
   6.1414655E-02   8.7832561E-04  -3.7654492E-01  -3.6279973E-01
   6.3040249E-02   8.0448180E-04  -3.5511130E-01  -3.6254784E-01
   6.4620323E-02   1.1703171E-03  -3.4536287E-01  -3.6261171E-01
   6.6161297E-02   3.1283856E-04  -3.3917624E-01  -3.6217478E-01
   6.9245972E-02   1.8223906E-03  -2.9902115E-01  -3.6096981E-01
   7.0904925E-02   1.5310011E-03  -2.5672695E-01  -3.6078906E-01
   7.2646827E-02   1.3150000E-03  -2.1696566E-01  -3.6053532E-01
   7.4475817E-02   1.1857089E-03  -1.8297337E-01  -3.6040595E-01
   7.6396264E-02   9.3371398E-04  -1.5992033E-01  -3.6025488E-01
   7.8412734E-02   1.1901049E-03  -1.1758469E-01  -3.6014435E-01
   8.0427073E-02   6.5016182E-04  -8.8694058E-02  -3.5972044E-01
   8.2406774E-02   9.6410344E-04  -3.2208525E-02  -3.5958064E-01
   8.4351711E-02   1.5641274E-03  -1.4633120E-03  -3.5950091E-01
   8.6326033E-02   1.4589656E-03   5.1416058E-02  -3.5972932E-01
   8.8211544E-02   1.5612993E-03   7.9660885E-02  -3.5956761E-01
   9.0115912E-02   1.1950529E-03   1.2654117E-01  -3.5955384E-01
   9.2014685E-02   1.6470100E-03   1.6832647E-01  -3.5954562E-01
   9.3936414E-02   1.6189355E-03   2.0034312E-01  -3.5942212E-01
   9.5873147E-02   1.7077873E-03   2.3043458E-01  -3.5930613E-01
   9.7813636E-02   1.7232157E-03   2.5680849E-01  -3.5911742E-01
   9.9763125E-02   1.7887246E-03   2.8246024E-01  -3.5908374E-01
   1.0172622E-01   1.7887128E-03   3.3817625E-01  -3.5961315E-01
   1.0367218E-01   1.2209942E-03   3.9156133E-01  -3.6016503E-01
   1.0571542E-01   1.3080772E-03   4.1824687E-01  -3.5970175E-01
   1.0729042E-01   3.0680997E-03   4.6930495E-01  -3.5928756E-01
   1.0894416E-01   2.2633383E-03   4.9447638E-01  -3.6034715E-01
   1.1068060E-01   1.4675483E-03   5.1764625E-01  -3.5971981E-01
   1.1250384E-01   2.1890849E-03   5.5039883E-01  -3.5855255E-01
   1.1433224E-01   2.4003945E-03   5.7937360E-01  -3.5968003E-01
   1.1610349E-01   2.3273644E-03   6.1217964E-01  -3.6001948E-01
   1.1781586E-01   2.2127836E-03   6.4862931E-01  -3.6047035E-01
   1.1946577E-01   2.6961346E-03   6.8989080E-01  -3.6021543E-01
   1.2119818E-01   2.5183510E-03   7.1782672E-01  -3.5980737E-01
   1.2301721E-01   2.7687645E-03   7.5400513E-01  -3.6022010E-01
   1.2492718E-01   2.2852719E-03   7.9187679E-01  -3.5938412E-01
   1.2693265E-01   2.8052884E-03   8.4337038E-01  -3.6007729E-01
   1.2881054E-01   2.7718393E-03   8.7915373E-01  -3.5897547E-01
   1.3030320E-01   2.5765107E-03   9.1243774E-01  -3.5974130E-01
   1.3187051E-01   4.0077041E-03   9.2655760E-01  -3.5676098E-01
   1.3351618E-01   1.6279350E-03   9.5354456E-01  -3.5733929E-01
   1.3500544E-01   2.5882917E-03   9.8080474E-01  -3.5887843E-01
   1.3720626E-01   3.4261632E-03   1.0300163E+00  -3.5032964E-01
   1.3836360E-01   1.6501781E-03   1.0608240E+00  -3.5145000E-01
   1.4085478E-01  -6.7904440E-04   1.1013364E+00  -3.5264888E-01
   1.4219455E-01   1.2221896E-03   1.1209694E+00  -3.5012111E-01
   1.4360130E-01   2.5307003E-03   1.1426613E+00  -3.4898165E-01
   1.4507841E-01   1.5800881E-03   1.1692832E+00  -3.5072261E-01
   1.4662935E-01   3.3567019E-03   1.1985894E+00  -3.4975272E-01
   1.4825785E-01   1.7068951E-03   1.2260523E+00  -3.4852675E-01
   1.4996777E-01   1.2401264E-03   1.2559747E+00  -3.4473822E-01
   1.5176319E-01   1.1094003E-03   1.2824920E+00  -3.4704405E-01
   1.5364838E-01   1.1201827E-03   1.3074564E+00  -3.4729806E-01
   1.5556028E-01   2.0362998E-03   1.3378510E+00  -3.4618467E-01
   1.5747666E-01   2.6776288E-03   1.3735945E+00  -3.4552369E-01
   1.5948887E-01   5.5050291E-04   1.4098766E+00  -3.4528267E-01
   1.6115730E-01   3.1040548E-03   1.4768357E+00  -3.4533775E-01
   1.6272597E-01   3.6639841E-03   1.5040838E+00  -3.4606880E-01
   1.6437308E-01   2.4021997E-03   1.5175396E+00  -3.4348801E-01
   1.6610254E-01   3.5627002E-03   1.5328773E+00  -3.4218881E-01
   1.6786081E-01   3.4982429E-03   1.5556356E+00  -3.3890846E-01
   1.6916935E-01   1.7802259E-03   1.6557993E+00  -3.3594644E-01
   1.7198600E-01   6.7786905E-03   1.6360302E+00  -3.3830655E-01
   1.7350081E-01   2.5276116E-03   1.6314462E+00  -3.3588278E-01
   1.7509134E-01   2.6517734E-03   1.6396060E+00  -3.3814111E-01
   1.7676142E-01   1.9756209E-03   1.6712890E+00  -3.4168103E-01
   1.7848088E-01   4.7914195E-03   1.7190126E+00  -3.3691308E-01
   1.8028632E-01   2.0839942E-03   1.7476228E+00  -3.2536322E-01
   1.8212278E-01   2.7272573E-03   1.7975557E+00  -3.2695943E-01
   1.8397422E-01   3.4143871E-03   1.8192676E+00  -3.3158290E-01
   1.8583213E-01   2.2189210E-03   1.8547026E+00  -3.2917085E-01
   1.8767500E-01   2.1217917E-03   1.8699847E+00  -3.2750225E-01
   1.8950553E-01   2.6014009E-03   1.8873479E+00  -3.2808185E-01
   1.9112214E-01   3.7280850E-03   1.9291102E+00  -3.2808888E-01
   1.9403078E-01  -3.9130187E-04   1.9865032E+00  -3.2669589E-01
   1.9559506E-01   2.1347778E-03   2.0062962E+00  -3.2764384E-01
   1.9723754E-01   1.1559284E-03   2.0167418E+00  -3.2542023E-01
   1.9896215E-01   1.7028266E-03   2.0276105E+00  -3.2637602E-01
   2.0031513E-01   1.8134344E-03   2.1111937E+00  -3.2890800E-01
   2.0180680E-01   5.7428931E-03   2.1292286E+00  -3.3004490E-01
   2.0433579E-01   2.5286833E-03   2.1211665E+00  -3.1637830E-01
   2.0526446E-01   2.6777342E-03   2.1197901E+00  -3.2167235E-01
   2.0726344E-01   1.5503037E-03   2.1172726E+00  -3.2996994E-01
   2.0946729E-01   1.0566368E-03   2.1702957E+00  -3.2871622E-01
   2.1063568E-01   2.9328396E-03   2.2046244E+00  -3.2091567E-01
   2.1186247E-01   3.7267257E-03   2.2314909E+00  -3.2390049E-01
   2.1450315E-01   4.6303887E-03   2.2739241E+00  -3.1885812E-01
   2.1592332E-01   6.4621312E-03   2.2805791E+00  -3.2212853E-01
   2.1719471E-01   5.2778786E-03   2.3011193E+00  -3.1870919E-01
   2.1993136E-01   4.9331100E-03   2.3250554E+00  -3.2370925E-01
   2.2140315E-01   3.7172253E-03   2.3425117E+00  -3.2233304E-01
   2.2294852E-01   4.1592168E-03   2.3616493E+00  -3.2481474E-01
   2.2450624E-01   5.7105036E-03   2.3938694E+00  -3.2447985E-01
   2.2613953E-01   5.3080320E-03   2.4088776E+00  -3.2374185E-01
   2.2785448E-01   4.0365243E-03   2.4307928E+00  -3.2084623E-01
   2.2952478E-01   4.3854974E-03   2.4471445E+00  -3.2397890E-01
   2.3116983E-01   6.7651193E-03   2.4655473E+00  -3.2278946E-01
   2.3289716E-01   1.1358076E-03   2.4839549E+00  -3.2255590E-01
   2.3444018E-01   2.8874076E-03   2.4973648E+00  -3.2498029E-01
   2.3604912E-01   3.0926110E-03   2.5214236E+00  -3.2567239E-01
   2.3758514E-01  -1.1688992E-03   2.5371521E+00  -3.2783756E-01
   2.3919795E-01   1.4630589E-03   2.5575688E+00  -3.2692578E-01
   2.4085486E-01   2.5396161E-03   2.5723627E+00  -3.2619712E-01
   2.4251178E-01   2.2994825E-03   2.5966136E+00  -3.2944998E-01
   2.4577266E-01  -7.4377999E-04   2.6175504E+00  -3.2961357E-01
   2.4713773E-01  -1.5779308E-03   2.6380310E+00  -3.3457720E-01
   2.4819908E-01  -2.0976935E-03   2.6542351E+00  -3.3731309E-01
   2.5048366E-01   8.1046373E-03   2.6787386E+00  -3.3266523E-01
   2.5171229E-01   2.6619686E-03   2.6858625E+00  -3.4085324E-01
   2.5300241E-01   3.9138841E-03   2.6940408E+00  -3.4090087E-01
   2.5567022E-01  -2.3204426E-03   2.7122355E+00  -3.4241515E-01
   2.5693613E-01  -4.6994272E-03   2.7277019E+00  -3.4580252E-01
   2.5826538E-01   1.6163954E-03   2.7397239E+00  -3.4754655E-01
   2.6109686E-01  -7.6590374E-04   2.7622459E+00  -3.5157576E-01
   2.6253548E-01  -1.2966015E-03   2.7776823E+00  -3.5276631E-01
   2.6404399E-01  -2.5309292E-03   2.7893121E+00  -3.5537246E-01
   2.6562795E-01   2.9259487E-03   2.7918177E+00  -3.5597998E-01
   2.6729110E-01   1.4991031E-03   2.8070617E+00  -3.5944995E-01
   2.6898882E-01   2.3754898E-03   2.8193505E+00  -3.6616984E-01
   2.7019915E-01  -2.7534540E-04   2.8330536E+00  -3.6787024E-01
   2.7244020E-01  -9.3044108E-04   2.8482912E+00  -3.7244821E-01
   2.7364030E-01   1.5199250E-03   2.8559878E+00  -3.7267542E-01
   2.7622354E-01  -1.1467905E-03   2.8684938E+00  -3.7617546E-01
   2.7761281E-01   1.2029527E-03   2.8768578E+00  -3.7907451E-01
   2.7907154E-01   4.3568294E-03   2.8879201E+00  -3.8038835E-01
   2.8060323E-01   9.5116044E-04   2.8941591E+00  -3.8278523E-01
   2.8221148E-01   3.1650898E-03   2.9024227E+00  -3.8359043E-01
   2.8375962E-01   2.1386824E-03   2.9139402E+00  -3.8870215E-01
   2.8617916E-01  -1.8829477E-03   2.9401290E+00  -3.9076170E-01
   2.8779268E-01  -3.0764237E-03   2.9496391E+00  -3.9142764E-01
   2.8962946E-01   4.0784180E-03   2.9542637E+00  -3.9755821E-01
   2.9116166E-01   6.3807575E-04   2.9584570E+00  -3.9946610E-01
   2.9293540E-01   5.4914865E-04   2.9630651E+00  -4.0414101E-01
   2.9498872E-01  -5.9362082E-04   2.9870036E+00  -4.0839499E-01
   2.9653439E-01   5.5971406E-03   2.9906271E+00  -4.1019067E-01
   2.9823852E-01   2.0348292E-03   2.9911191E+00  -4.1406792E-01
   3.0010426E-01   2.5295169E-04   2.9972348E+00  -4.1752458E-01
   3.0110100E-01   3.2833279E-03   3.0014741E+00  -4.1983312E-01
   3.0314597E-01   1.2552388E-03   3.0059514E+00  -4.2334962E-01
   3.0533975E-01  -2.8864413E-03   3.0149951E+00  -4.2685360E-01
   3.0651960E-01   1.3483617E-03   3.0092406E+00  -4.2815816E-01
   3.0905917E-01   2.8946262E-03   3.0218084E+00  -4.3456888E-01
   3.1042498E-01   1.2868881E-03   3.0301147E+00  -4.3508062E-01
   3.1153139E-01   3.0775522E-03   3.0372531E+00  -4.3948123E-01
   3.1355971E-01  -6.6514220E-04   3.0412400E+00  -4.3467161E-01
   3.1533104E-01  -5.2832435E-03   3.0457406E+00  -4.3296170E-01
   3.1709668E-01   3.7399807E-03   3.0383098E+00  -4.4739902E-01
   3.1904328E-01  -6.3519052E-04   3.0476787E+00  -4.3335286E-01
   3.2009017E-01  -2.1605736E-03   3.0482078E+00  -4.3562424E-01
   3.2219836E-01   9.2080736E-04   3.0579939E+00  -4.4373780E-01
   3.2333213E-01  -7.3774677E-04   3.0560899E+00  -4.4893423E-01
   3.2577261E-01   1.9711661E-03   3.0551929E+00  -4.5492235E-01
   3.2708511E-01   3.5775764E-04   3.0575588E+00  -4.5674029E-01
   3.2898656E-01   2.1260520E-03   3.0695713E+00  -4.5817724E-01
   3.3107719E-01   6.0271070E-04   3.0584447E+00  -4.6493816E-01
   3.3220154E-01   2.3970956E-03   3.0649259E+00  -4.6770030E-01
   3.3462170E-01  -2.1454105E-03   3.0615349E+00  -4.6978378E-01
   3.3592325E-01  -6.1144808E-04   3.0559735E+00  -4.7242671E-01
   3.3757344E-01   7.1230286E-05   3.0543253E+00  -4.7678924E-01
   3.3898583E-01   3.9581200E-03   3.0557542E+00  -4.6289623E-01
   3.4099483E-01  -5.4967031E-04   3.0264695E+00  -4.7859597E-01
   3.4270084E-01   6.4897194E-04   3.0421314E+00  -4.7775459E-01
   3.4421751E-01   9.2464546E-04   3.0581810E+00  -4.7042370E-01
   3.4597328E-01  -7.4692036E-04   3.0568900E+00  -4.8035106E-01
   3.4775123E-01   2.5136094E-03   3.0119770E+00  -4.8690459E-01
   3.4933192E-01   5.3760028E-03   3.0056477E+00  -4.9062547E-01
   3.5116172E-01   2.9814902E-03   3.0127354E+00  -4.9371612E-01
   3.5327998E-01  -9.6522272E-03   3.0176723E+00  -4.9697840E-01
   3.5487455E-01  -6.6499721E-05   3.0308831E+00  -4.9948797E-01
   3.5663259E-01  -2.5326256E-03   3.0099869E+00  -5.0342882E-01
   3.5857078E-01  -9.1110538E-05   2.9908149E+00  -5.0669807E-01
   3.5961318E-01  -1.7202245E-03   2.9655387E+00  -5.0913787E-01
   3.6185691E-01   8.4161788E-04   2.9642327E+00  -5.1522344E-01
   3.6306357E-01  -1.0816860E-04   2.9629776E+00  -5.1782960E-01
   3.6433059E-01   5.5958430E-04   2.9456775E+00  -5.1747286E-01
   3.6672565E-01   2.0429122E-03   2.9348357E+00  -5.2452695E-01
   3.6838761E-01   3.9659813E-03   2.9437878E+00  -5.4139125E-01
   3.7005544E-01   1.7022552E-04   2.9086716E+00  -5.3142041E-01
   3.7171799E-01  -8.9031365E-04   2.9014199E+00  -5.3843349E-01
   3.7337840E-01   5.5150795E-03   2.8707566E+00  -5.2472222E-01
   3.7503669E-01  -9.1288080E-03   2.8713608E+00  -5.7637709E-01
   3.7669328E-01   2.5595862E-03   2.8647556E+00  -5.4182148E-01
   3.7828577E-01   3.0341207E-03   2.8492618E+00  -5.6179255E-01
   3.8076416E-01   9.8266425E-03   2.8328702E+00  -5.5996346E-01
   3.8241458E-01   3.0997924E-03   2.7927821E+00  -5.5609190E-01
   3.8406387E-01   2.4437213E-03   2.7656753E+00  -5.6509626E-01
   3.8570559E-01  -5.0894353E-03   2.7471323E+00  -5.7250750E-01
   3.8713878E-01   2.7406026E-04   2.7597830E+00  -5.5986851E-01
   3.8910845E-01   6.1676023E-03   2.7883670E+00  -5.7037866E-01
   3.9081952E-01  -4.8140693E-03   2.7115145E+00  -5.8338058E-01
   3.9234075E-01   4.7491823E-04   2.7217796E+00  -5.5864251E-01
   3.9410174E-01   1.5764063E-03   2.6926241E+00  -5.7024026E-01
   3.9614028E-01   1.6991501E-03   2.6581688E+00  -5.8141255E-01
   3.9767489E-01   1.6959464E-02   2.6614985E+00  -5.7833004E-01
   3.9924136E-01  -9.8565510E-03   2.6294494E+00  -5.7473844E-01
   4.0091100E-01  -6.3829906E-03   2.5980909E+00  -5.8682394E-01
   4.0275177E-01   2.1603922E-03   2.5874660E+00  -5.9462440E-01
   4.0476659E-01  -1.7611691E-03   2.5629377E+00  -5.9529930E-01
   4.0582830E-01  -4.5393743E-03   2.5532260E+00  -5.9558380E-01
   4.0805292E-01  -1.0764069E-03   2.5284576E+00  -5.9925348E-01
   4.0918893E-01  -3.1944434E-03   2.5252507E+00  -6.0236353E-01
   4.1120002E-01   2.5939262E-03   2.4756088E+00  -5.9549755E-01
   4.1262609E-01  -4.6626194E-03   2.3968112E+00  -6.1026448E-01
   4.1491187E-01   1.1785585E-02   2.3893352E+00  -6.2340087E-01
   4.1663253E-01  -4.9246284E-03   2.4176679E+00  -5.9953094E-01
   4.1852957E-01  -4.3504790E-04   2.4267554E+00  -6.0921383E-01
   4.1954982E-01   5.2589318E-03   2.4240603E+00  -6.3274068E-01
   4.2152351E-01   3.2728247E-03   2.3492148E+00  -6.2359232E-01
   4.2350200E-01  -3.7143836E-03   2.2686057E+00  -6.2526494E-01
   4.2452103E-01  -9.9653809E-04   2.2530329E+00  -6.3271338E-01
   4.2655620E-01   3.3089370E-03   2.2321625E+00  -6.3699228E-01
   4.2860320E-01   5.6746490E-03   2.2237346E+00  -6.4612609E-01
   4.2963061E-01  -9.6643725E-03   2.2026956E+00  -6.4413726E-01
   4.3182731E-01   9.3006116E-04   2.1832852E+00  -6.4783913E-01
   4.3400115E-01  -5.2057267E-03   2.1424325E+00  -6.5167058E-01
   4.3506390E-01  -5.1248807E-04   2.1227641E+00  -6.6438258E-01
   4.3716595E-01  -4.0454161E-03   2.0954382E+00  -6.5703171E-01
   4.3821126E-01  -5.7728109E-03   2.0540357E+00  -6.5978855E-01
   4.4029823E-01  -1.6990282E-03   2.0136440E+00  -6.7076170E-01
   4.4238675E-01  -3.1874829E-03   1.9996476E+00  -6.6982466E-01
   4.4348386E-01  -1.7153743E-03   1.9810572E+00  -6.7245966E-01
   4.4567958E-01   3.3152308E-03   1.9460986E+00  -6.8246424E-01
   4.4686040E-01  -3.1663645E-03   1.9146736E+00  -6.8581033E-01
   4.4934574E-01   4.9594085E-04   1.8660805E+00  -6.8617713E-01
   4.5052829E-01  -1.1026729E-03   1.8321812E+00  -6.8745530E-01
   4.5176494E-01  -2.2776978E-02   1.8198056E+00  -6.8823344E-01
   4.5422915E-01  -1.6009603E-02   1.7517487E+00  -6.9290423E-01
   4.5545819E-01  -8.3407257E-03   1.7456235E+00  -6.9125658E-01
   4.5791367E-01   8.8319862E-03   1.6799835E+00  -7.1042353E-01
   4.5914140E-01  -9.5418794E-03   1.6682575E+00  -6.9906777E-01
   4.6036977E-01  -2.0724257E-02   1.6422800E+00  -6.9290674E-01
   4.6283111E-01   7.4697169E-03   1.6019351E+00  -7.3344046E-01
   4.6406507E-01  -3.5819081E-03   1.5744956E+00  -7.2201002E-01
   4.6649951E-01  -5.7728169E-03   1.5168173E+00  -7.1634734E-01
   4.6756598E-01  -3.2004770E-02   1.4813440E+00  -7.2255808E-01
   4.6986157E-01   1.0908441E-02   1.4208472E+00  -7.1788561E-01
   4.7095758E-01   3.3464022E-03   1.3964295E+00  -7.2117162E-01
   4.7331184E-01   1.0929995E-03   1.3355629E+00  -7.5072050E-01
   4.7457549E-01   5.0565731E-03   1.3179768E+00  -7.3830414E-01
   4.7657695E-01  -6.4069312E-03   1.2831749E+00  -7.4267423E-01
   4.7765332E-01   2.2349423E-03   1.2719152E+00  -7.6279837E-01
   4.7985938E-01   3.1620103E-03   1.2054007E+00  -7.4977660E-01
   4.8128456E-01  -2.4121753E-03   1.1661315E+00  -7.5898516E-01
   4.8285580E-01   1.0182915E-03   1.1260930E+00  -7.5582039E-01
   4.8497346E-01   1.0916514E-03   1.0505340E+00  -7.6189846E-01
   4.8685616E-01   2.1941682E-02   1.0209677E+00  -7.6215565E-01
   4.8824838E-01  -1.7068993E-02   9.5138448E-01  -7.7289790E-01
   4.8975700E-01   4.7180429E-03   9.7021383E-01  -7.7120274E-01
   4.9139264E-01  -9.1794617E-03   9.4650888E-01  -7.7143770E-01
   4.9334294E-01  -5.7182975E-02   8.3881593E-01  -7.7720767E-01
   4.9515814E-01   4.7456913E-02   7.1460491E-01  -7.7994627E-01
   4.9652460E-01   3.8417567E-02   7.4810016E-01  -7.7240598E-01
   4.9884132E-01   5.7155611E-03   7.2822124E-01  -7.7883804E-01
   5.0058526E-01   2.5084831E-03   7.1635973E-01  -7.7982277E-01
   5.0250798E-01  -9.7394455E-03   6.5893513E-01  -7.8607070E-01
   5.0354207E-01  -5.5277380E-03   6.4625001E-01  -7.8631860E-01
   5.0576782E-01   1.6564556E-03   5.5107415E-01  -7.8607947E-01
   5.0696492E-01  -8.0043910E-04   5.2964669E-01  -7.8708929E-01
   5.0953156E-01   3.4015633E-03   4.5954141E-01  -7.9653329E-01
   5.1086581E-01   4.9367105E-03   4.3137264E-01  -7.9321784E-01
   5.1223320E-01   3.8349258E-03   4.0548414E-01  -7.9564232E-01
   5.1363921E-01   2.8107623E-03   3.8350284E-01  -7.9901785E-01
   5.1630348E-01   6.7011830E-03   3.3929089E-01  -8.0071223E-01
   5.1773632E-01   1.0203136E-03   2.9152018E-01  -8.0196804E-01
   5.1914537E-01  -3.7131188E-04   2.4966674E-01  -8.0312979E-01
   5.2060521E-01   1.7142285E-03   2.0977648E-01  -8.0438060E-01
   5.2207440E-01   4.1919784E-03   1.6899623E-01  -8.0530864E-01
   5.2354944E-01   2.4491618E-03   1.3376446E-01  -8.0344677E-01
   5.2624881E-01   7.2827367E-03   5.9341654E-02  -8.0767900E-01
   5.2748334E-01  -3.4102667E-04   3.7680414E-02  -8.0918610E-01
   5.2973616E-01   4.2548636E-03  -4.4815492E-02  -8.1429446E-01
   5.3088397E-01   1.3631251E-02  -7.2232388E-02  -8.0499327E-01
   5.3335464E-01   6.5563284E-03  -1.0839653E-01  -8.1275624E-01
   5.3468335E-01   3.8533260E-03  -1.2322878E-01  -8.1622094E-01
   5.3607851E-01   5.0402660E-04  -1.4568086E-01  -8.1646657E-01
   5.3754348E-01  -4.1179892E-04  -1.7401727E-01  -8.1511885E-01
   5.4014045E-01   3.4653321E-03  -2.5692281E-01  -8.1462193E-01
   5.4136729E-01   9.7474307E-03  -3.0119586E-01  -8.1727850E-01
   5.4265553E-01   1.3549063E-02  -3.3552429E-01  -8.1199998E-01
   5.4500091E-01  -3.5526366E-03  -3.6637449E-01  -8.0999446E-01
   5.4679471E-01   1.3704542E-03  -4.0885612E-01  -8.0164301E-01
   5.4846972E-01   1.0094653E-02  -4.6060890E-01  -8.0886722E-01
   5.4995239E-01   1.1083730E-02  -5.1465559E-01  -8.0944544E-01
   5.5196297E-01  -1.8381819E-03  -5.8388209E-01  -8.0733305E-01
   5.5323046E-01  -1.4989409E-02  -6.5143484E-01  -8.1132281E-01
   5.5497652E-01   2.0134221E-03  -6.4777583E-01  -8.0314797E-01
   5.5687350E-01   5.9754672E-03  -6.5994942E-01  -8.0492973E-01
   5.5830157E-01   6.3373679E-03  -6.7959827E-01  -8.0334467E-01
   5.5987597E-01   2.1753555E-04  -7.1988946E-01  -8.0383343E-01
   5.6160635E-01  -3.9855265E-03  -7.3866361E-01  -8.0161846E-01
   5.6350839E-01  -4.2397715E-03  -7.7531564E-01  -7.9886109E-01
   5.6510490E-01   5.6900713E-03  -8.2607913E-01  -8.0031198E-01
   5.6744063E-01  -7.4000395E-04  -9.4186598E-01  -8.0157262E-01
   5.6908417E-01   1.3841550E-02  -9.7891641E-01  -7.9795760E-01
   5.7067716E-01   4.2361976E-04  -9.9772787E-01  -7.9790992E-01
   5.7229769E-01   3.7907793E-03  -1.0291986E+00  -8.0214751E-01
   5.7406420E-01   3.1014474E-02  -1.0839791E+00  -7.9557019E-01
   5.7578272E-01   9.5656039E-03  -1.0840907E+00  -7.9708719E-01
   5.7744193E-01  -5.7244422E-03  -1.0597380E+00  -7.9995221E-01
   5.7900029E-01  -8.8082179E-03  -1.1613535E+00  -7.9619765E-01
   5.8057410E-01   5.3325752E-03  -1.1788974E+00  -7.9688203E-01
   5.8220685E-01   1.2998752E-02  -1.2121079E+00  -7.9496419E-01
   5.8453202E-01   1.4464010E-02  -1.2730427E+00  -7.9428434E-01
   5.8604252E-01   6.2593725E-03  -1.3361164E+00  -7.9285735E-01
   5.8754963E-01   1.9438281E-04  -1.4175047E+00  -7.9293942E-01
   5.8917147E-01   1.8481109E-03  -1.4209976E+00  -7.9101598E-01
   5.9095955E-01   2.7077554E-03  -1.4313537E+00  -7.8912497E-01
   5.9293091E-01   8.6594969E-03  -1.4066432E+00  -7.8778708E-01
   5.9501797E-01   1.9901613E-02  -1.4313447E+00  -7.8519112E-01
   5.9604317E-01   6.6375351E-03  -1.4590746E+00  -7.8665698E-01
   5.9799242E-01   1.1673874E-02  -1.5252758E+00  -7.8693807E-01
   5.9979659E-01  -6.1048595E-03  -1.6804299E+00  -7.8661346E-01
   6.0148305E-01  -2.5117937E-03  -1.6907694E+00  -7.8284693E-01
   6.0328215E-01   8.1456136E-03  -1.6974964E+00  -7.8416687E-01
   6.0507733E-01   2.0696178E-02  -1.6718057E+00  -7.8888226E-01
   6.0685861E-01   1.5366286E-02  -1.6575935E+00  -7.8147423E-01
   6.0781658E-01   2.0567002E-02  -1.6740938E+00  -7.8092891E-01
   6.1012274E-01   1.2990692E-02  -1.8585373E+00  -7.7200860E-01
   6.1161321E-01  -3.1899193E-03  -1.8727103E+00  -7.7587360E-01
   6.1317492E-01  -2.1615026E-03  -1.8533075E+00  -7.7359301E-01
   6.1486369E-01   3.7166555E-03  -1.8316066E+00  -7.6907283E-01
   6.1672556E-01   6.8976181E-03  -1.8347503E+00  -7.6828730E-01
   6.1877829E-01   7.6742740E-03  -1.9172263E+00  -7.6297659E-01
   6.1988223E-01   9.7310822E-03  -1.9323665E+00  -7.6263535E-01
   6.2225848E-01   8.8435914E-03  -2.0156472E+00  -7.5776434E-01
   6.2350017E-01   2.1569410E-02  -2.0209157E+00  -7.5503939E-01
   6.2597030E-01   2.7460969E-04  -2.0530701E+00  -7.5017715E-01
   6.2723279E-01  -1.1238287E-03  -2.0508618E+00  -7.4830502E-01
   6.2845975E-01   1.2736302E-02  -2.0727611E+00  -7.4478245E-01
   6.3024294E-01   8.0843382E-03  -2.0968456E+00  -7.3493302E-01
   6.3188213E-01  -8.2129277E-03  -2.1551137E+00  -7.4917221E-01
   6.3356560E-01   4.0297559E-03  -2.1932237E+00  -7.4791676E-01
   6.3596892E-01   2.5764110E-02  -2.1857047E+00  -7.1957213E-01
   6.3746452E-01  -1.3990251E-02  -2.2050602E+00  -7.2415054E-01
   6.3890278E-01  -9.7660383E-04  -2.2183688E+00  -7.2004491E-01
   6.4043999E-01   6.2629264E-03  -2.2435846E+00  -7.1228743E-01
   6.4213479E-01   1.1266040E-04  -2.2807505E+00  -7.1386987E-01
   6.4400327E-01  -7.2550932E-03  -2.3241904E+00  -7.1028113E-01
   6.4606333E-01   1.6412865E-02  -2.3481660E+00  -7.1161902E-01
   6.4715666E-01   3.4667879E-02  -2.3626008E+00  -6.9858205E-01
   6.4929193E-01  -1.7537945E-05  -2.3707583E+00  -6.9629872E-01
   6.5129077E-01   2.2525594E-02  -2.4149187E+00  -6.9189000E-01
   6.5321404E-01   8.3705001E-03  -2.4279530E+00  -6.8609941E-01
   6.5423465E-01   1.7174140E-02  -2.4417467E+00  -6.8984413E-01
   6.5611082E-01   1.4286491E-02  -2.4577680E+00  -6.8399894E-01
   6.5781826E-01   4.6771229E-03  -2.4730060E+00  -6.7801064E-01
   6.5970075E-01  -4.2422090E-02  -2.5131488E+00  -6.7422748E-01
   6.6169214E-01   2.4177562E-03  -2.5321279E+00  -6.6842651E-01
   6.6274887E-01   1.8813662E-03  -2.5359089E+00  -6.6827774E-01
   6.6499650E-01   3.2117404E-02  -2.5604129E+00  -6.6992593E-01
   6.6608673E-01   1.6482495E-02  -2.5711589E+00  -6.6532040E-01
   6.6822505E-01  -1.2820197E-02  -2.5992453E+00  -6.5718222E-01
   6.7028689E-01  -3.1924475E-02  -2.6317244E+00  -6.5751469E-01
   6.7129540E-01   4.0806681E-03  -2.6260850E+00  -6.5626502E-01
   6.7326331E-01   2.1317849E-02  -2.6373973E+00  -6.4884162E-01
   6.7493570E-01   6.3246600E-03  -2.6513696E+00  -6.4272183E-01
   6.7663878E-01  -2.5940469E-02  -2.6852002E+00  -6.4563268E-01
   6.7848104E-01   1.6099416E-02  -2.6899862E+00  -6.3683885E-01
   6.8031567E-01   1.2147970E-02  -2.7038703E+00  -6.3640058E-01
   6.8211484E-01  -9.1153476E-03  -2.6885653E+00  -6.3265097E-01
   6.8389547E-01  -1.1592992E-03  -2.7181611E+00  -6.2932599E-01
   6.8566197E-01  -1.5883537E-03  -2.7385228E+00  -6.2667120E-01
   6.8740779E-01  -3.1209425E-03  -2.7281137E+00  -6.2737125E-01
   6.8918920E-01  -6.0817408E-03  -2.7405245E+00  -6.2465394E-01
   6.9010186E-01  -3.7514984E-03  -2.7461202E+00  -6.2053436E-01
   6.9191545E-01   1.5397975E-02  -2.7754850E+00  -6.1799860E-01
   6.9374514E-01  -1.8352887E-02  -2.7975888E+00  -6.1839777E-01
   6.9557190E-01   4.2299107E-03  -2.7943666E+00  -6.1610818E-01
   6.9739699E-01   2.4693848E-03  -2.8095243E+00  -6.1342347E-01
   6.9919693E-01  -4.4670510E-03  -2.8169250E+00  -6.0736692E-01
   7.0100904E-01   3.9494568E-03  -2.8262873E+00  -6.0983241E-01
   7.0280856E-01   3.8614675E-02  -2.8027368E+00  -5.9971106E-01
   7.0458931E-01  -1.9241028E-03  -2.8449924E+00  -5.9872705E-01
   7.0552331E-01  -3.0252356E-02  -2.8706551E+00  -5.9712702E-01
   7.0750397E-01  -1.4244601E-02  -2.8553205E+00  -5.9659743E-01
   7.0948732E-01   4.1772155E-03  -2.8563488E+00  -5.9183967E-01
   7.1143544E-01  -1.4955929E-03  -2.8434930E+00  -5.8942312E-01
   7.1239710E-01  -1.4672944E-03  -2.8403642E+00  -5.9315193E-01
   7.1439511E-01   1.5551236E-03  -2.8676207E+00  -5.8969742E-01
   7.1644557E-01  -2.0152191E-03  -2.8962779E+00  -5.8697307E-01
   7.1752530E-01  -7.0982846E-04  -2.8813505E+00  -5.8208668E-01
   7.1981603E-01   5.8089281E-03  -2.8799098E+00  -5.7859772E-01
   7.2097927E-01  -1.5258749E-02  -2.8704250E+00  -5.7819909E-01
   7.2329068E-01  -9.5268479E-03  -2.8747113E+00  -5.7452148E-01
   7.2440410E-01  -5.5084098E-03  -2.8841002E+00  -5.6769872E-01
   7.2656685E-01   2.0812666E-02  -2.8711710E+00  -5.7310319E-01
   7.2766858E-01  -2.4828936E-03  -2.8631697E+00  -5.7218224E-01
   7.2989547E-01  -1.7398041E-02  -2.8734546E+00  -5.6634682E-01
   7.3208320E-01  -1.2749489E-03  -2.8765435E+00  -5.6517029E-01
   7.3316324E-01  -1.0368117E-03  -2.8748674E+00  -5.6661350E-01
   7.3529726E-01   1.2428061E-02  -2.8638220E+00  -5.5894762E-01
   7.3635185E-01   6.8022301E-03  -2.8542087E+00  -5.5925471E-01
   7.3843765E-01  -9.0146959E-03  -2.8788192E+00  -5.5494350E-01
   7.4049407E-01  -2.7676677E-02  -2.8497853E+00  -5.5026448E-01
   7.4151188E-01  -1.0820607E-03  -2.8500500E+00  -5.4768741E-01
   7.4352765E-01   1.3871402E-02  -2.8397267E+00  -5.5188066E-01
   7.4551839E-01   1.3332258E-02  -2.8597052E+00  -5.4392564E-01
   7.4748546E-01  -6.8962476E-03  -2.8443000E+00  -5.4302180E-01
   7.4851513E-01   2.5712771E-03  -2.8375599E+00  -5.4050297E-01
   7.5069463E-01   2.7023509E-04  -2.8255620E+00  -5.3998774E-01
   7.5181210E-01  -7.8050857E-03  -2.8272831E+00  -5.3647089E-01
   7.5410354E-01  -1.9622566E-02  -2.8014588E+00  -5.2918744E-01
   7.5524533E-01  -2.5831165E-03  -2.7854226E+00  -5.3211385E-01
   7.5752592E-01  -1.0083472E-02  -2.7969213E+00  -5.3131294E-01
   7.5866550E-01  -2.8337571E-03  -2.7660725E+00  -5.3071076E-01
   7.6093459E-01  -7.7740662E-04  -2.7737381E+00  -5.2751631E-01
   7.6204216E-01  -5.1542968E-03  -2.7607999E+00  -5.2664775E-01
   7.6421839E-01  -1.6610766E-02  -2.7587097E+00  -5.1956254E-01
   7.6535487E-01  -1.3164071E-02  -2.7251933E+00  -5.2395511E-01
   7.6759005E-01   3.1773895E-03  -2.7406306E+00  -5.2479345E-01
   7.6977271E-01  -7.9937326E-03  -2.7063713E+00  -5.2952600E-01
   7.7086943E-01  -8.7294623E-04  -2.7008102E+00  -5.2543187E-01
   7.7305007E-01  -1.5303409E-02  -2.6786802E+00  -5.1215464E-01
   7.7414024E-01  -1.8488968E-02  -2.6728609E+00  -5.0332022E-01
   7.7632076E-01  -8.4755979E-03  -2.6512294E+00  -5.0608253E-01
   7.7741098E-01  -8.1241466E-03  -2.6409411E+00  -5.0695384E-01
   7.7955943E-01  -1.9254386E-02  -2.6180062E+00  -5.0401992E-01
   7.8162640E-01  -1.5422737E-03  -2.6248844E+00  -5.0716048E-01
   7.8265131E-01  -1.2760410E-02  -2.5915458E+00  -5.0497413E-01
   7.8465092E-01  -1.5273450E-03  -2.5649834E+00  -5.0226510E-01
   7.8644168E-01  -5.5560665E-03  -2.5526750E+00  -4.9167547E-01
   7.8841603E-01   6.1111641E-03  -2.5655940E+00  -4.9815902E-01
   7.8943920E-01  -7.0527277E-04  -2.5385854E+00  -4.9545807E-01
   7.9194081E-01  -6.0589593E-03  -2.5118065E+00  -4.9959248E-01
   7.9359543E-01  -1.0115251E-02  -2.4725842E+00  -4.8896199E-01
   7.9525715E-01   1.7362088E-02  -2.4902904E+00  -4.8714361E-01
   7.9691333E-01   2.0352523E-03  -2.4594483E+00  -4.8895773E-01
   7.9873931E-01  -9.6567618E-03  -2.4304762E+00  -4.8990786E-01
   7.9972130E-01  -4.5281090E-03  -2.4324598E+00  -4.8983130E-01
   8.0175251E-01  -5.6714209E-04  -2.4121885E+00  -4.8721337E-01
   8.0373019E-01  -7.7895271E-03  -2.3961697E+00  -4.8196220E-01
   8.0551791E-01  -7.2856932E-03  -2.3725955E+00  -4.7973216E-01
   8.0731595E-01  -2.0642076E-02  -2.3225667E+00  -4.7745496E-01
   8.0828297E-01   6.5259956E-04  -2.3178308E+00  -4.7717774E-01
   8.1036443E-01   7.5272482E-04  -2.2554557E+00  -4.7519371E-01
   8.1257200E-01  -1.3632693E-02  -2.2955778E+00  -4.7649959E-01
   8.1365776E-01  -1.8471768E-02  -2.2698953E+00  -4.7397247E-01
   8.1565893E-01   2.6421962E-04  -2.2343431E+00  -4.7191280E-01
   8.1720275E-01   4.8916135E-03  -2.1987042E+00  -4.6688390E-01
   8.1890488E-01   2.2158970E-03  -2.1303957E+00  -4.6782085E-01
   8.2076979E-01  -1.8221164E-03  -2.1764615E+00  -4.7058219E-01
   8.2254517E-01   1.6100161E-02  -2.1041505E+00  -4.6836385E-01
   8.2418185E-01  -5.7232729E-04  -2.1212230E+00  -4.6753457E-01
   8.2575989E-01   1.5667521E-03  -2.0735326E+00  -4.6639341E-01
   8.2735795E-01   2.2522043E-04  -2.0533135E+00  -4.6025535E-01
   8.2894856E-01   7.3588626E-03  -1.9979718E+00  -4.6183723E-01
   8.3141679E-01  -4.5968080E-03  -2.0015395E+00  -4.5875305E-01
   8.3227897E-01  -1.7255709E-04  -2.0000279E+00  -4.5701417E-01
   8.3477193E-01  -1.7074170E-02  -1.9541309E+00  -4.5237017E-01
   8.3637059E-01  -1.1878802E-02  -1.9516704E+00  -4.5192850E-01
   8.3792853E-01   4.7084806E-03  -1.9221416E+00  -4.4838339E-01
   8.3945197E-01  -1.3141312E-02  -1.8880745E+00  -4.4945461E-01
   8.4141767E-01  -1.0199438E-02  -1.8691713E+00  -4.4313708E-01
   8.4322232E-01   3.8274322E-03  -1.8073090E+00  -4.3861181E-01
   8.4490430E-01   3.7966704E-03  -1.7346588E+00  -4.3973058E-01
   8.4652287E-01   1.5972286E-02  -1.7503316E+00  -4.3725029E-01
   8.4829593E-01  -1.8130595E-04  -1.7662311E+00  -4.3504432E-01
   8.4962100E-01   4.1491860E-03  -1.7762822E+00  -4.3293411E-01
   8.5162026E-01   2.2199089E-03  -1.7329309E+00  -4.2941713E-01
   8.5293597E-01   9.3642296E-04  -1.7052716E+00  -4.3202311E-01
   8.5482931E-01   3.7314217E-03  -1.6413057E+00  -4.2441908E-01
   8.5658878E-01  -2.3547530E-03  -1.5743036E+00  -4.2255440E-01
   8.5827345E-01  -3.6381979E-03  -1.5749373E+00  -4.1955489E-01
   8.5991699E-01   1.9668790E-02  -1.5600375E+00  -4.1666570E-01
   8.6154324E-01   6.9144061E-03  -1.5584329E+00  -4.1758016E-01
   8.6371553E-01   1.3514106E-02  -1.5301784E+00  -4.1455212E-01
   8.6536688E-01  -1.4288935E-02  -1.4893438E+00  -4.1239008E-01
   8.6702371E-01  -1.9873425E-03  -1.4444243E+00  -4.1196969E-01
   8.6868376E-01   2.3948990E-03  -1.3777279E+00  -4.0847382E-01
   8.7035984E-01   2.7231905E-03  -1.3519374E+00  -4.0558851E-01
   8.7205517E-01   1.8195642E-02  -1.3314347E+00  -4.0673113E-01
   8.7377983E-01   3.6459928E-03  -1.3137829E+00  -4.0389171E-01
   8.7554199E-01  -9.6779868E-06  -1.3106821E+00  -4.0183887E-01
   8.7734979E-01   7.4908352E-03  -1.2373177E+00  -4.0166706E-01
   8.7921298E-01   1.7344886E-02  -1.2040744E+00  -4.0162292E-01
   8.8048774E-01  -3.8303607E-03  -1.1926091E+00  -3.9619753E-01
   8.8241446E-01   7.4471673E-03  -1.1603260E+00  -3.9572361E-01
   8.8435113E-01  -1.8169826E-02  -1.1582741E+00  -3.9452910E-01
   8.8566107E-01  -2.6727822E-03  -1.1066742E+00  -3.9306235E-01
   8.8765371E-01   1.5790471E-03  -1.0935584E+00  -3.8975707E-01
   8.8899893E-01  -3.6259105E-03  -9.7719651E-01  -3.9098734E-01
   8.9103979E-01   1.1812585E-02  -9.5661414E-01  -3.8967752E-01
   8.9241719E-01   7.6678051E-03  -9.7982621E-01  -3.8833839E-01
   8.9452749E-01   8.8225743E-03  -9.9198335E-01  -3.8553563E-01
   8.9596736E-01   8.4822038E-03  -9.5758039E-01  -3.8000888E-01
   8.9752394E-01  -3.7884645E-03  -8.4383327E-01  -3.8199601E-01
   8.9924002E-01   4.8088683E-03  -8.2152033E-01  -3.8329393E-01
   9.0113205E-01   4.0451935E-03  -7.9256517E-01  -3.8031775E-01
   9.0321803E-01  -6.0976502E-03  -7.7411479E-01  -3.7931105E-01
   9.0433985E-01  -3.2857070E-03  -7.7743077E-01  -3.7915722E-01
   9.0653867E-01   1.4412056E-02  -7.4487144E-01  -3.8025939E-01
   9.0772122E-01  -4.6538650E-03  -6.9945657E-01  -3.7905231E-01
   9.0985143E-01   2.0923588E-02  -6.4033043E-01  -3.7454805E-01
   9.1179502E-01  -9.5193982E-03  -5.8271581E-01  -3.7620139E-01
   9.1282535E-01  -1.7596243E-03  -5.5815476E-01  -3.7739909E-01
   9.1504312E-01   3.8583281E-03  -5.3278983E-01  -3.7779596E-01
   9.1700190E-01  -4.2666614E-04  -5.1555234E-01  -3.7447315E-01
   9.1805536E-01   1.9665584E-02  -5.3344917E-01  -3.7309262E-01
   9.2032290E-01  -9.6965292E-03  -4.3862185E-01  -3.7106097E-01
   9.2146796E-01  -4.7694640E-03  -3.7760270E-01  -3.6894754E-01
   9.2367131E-01  -9.9352491E-04  -3.3568650E-01  -3.6878389E-01
   9.2480934E-01   2.0648306E-02  -3.3181179E-01  -3.6848763E-01
   9.2668515E-01   2.6130800E-03  -3.2946461E-01  -3.6227012E-01
   9.2893916E-01   1.5659340E-02  -3.4286854E-01  -3.6019570E-01
   9.3063593E-01   5.5680973E-03  -2.4604395E-01  -3.6467475E-01
   9.3250662E-01   5.1683849E-03  -1.4450598E-01  -3.6926368E-01
   9.3344253E-01   1.3018489E-03  -1.7588113E-01  -3.6762917E-01
   9.3528420E-01   1.8308852E-02  -1.4203462E-01  -3.6926281E-01
   9.3709040E-01   1.2857207E-02  -1.8280417E-01  -3.6353886E-01
   9.3870884E-01   4.6407958E-03  -8.8919528E-02  -3.5564089E-01
   9.4102669E-01   8.2151024E-03  -6.4723015E-02  -3.5638532E-01
   9.4266552E-01   6.9771502E-03  -7.1885968E-03  -3.5628143E-01
   9.4437784E-01   4.3591303E-03   5.6334171E-02  -3.5922417E-01
   9.4611818E-01   2.5013431E-03   7.6647252E-02  -3.6361811E-01
   9.4782591E-01   4.3039639E-03   9.7369865E-02  -3.6549506E-01
   9.4949251E-01  -1.6133565E-02   2.0249718E-01  -3.6319584E-01
   9.5074713E-01  -3.9182417E-03   1.6190463E-01  -3.5573786E-01
   9.5287424E-01   1.9442242E-02   2.1916647E-01  -3.5856560E-01
   9.5447546E-01  -1.0204437E-02   1.5251559E-01  -3.5525510E-01
   9.5614070E-01   8.1824306E-03   2.0199385E-01  -3.5527626E-01
   9.5781898E-01   1.6115146E-02   2.6240587E-01  -3.5470635E-01
   9.5950621E-01   1.4567408E-02   3.1292841E-01  -3.5650602E-01
   9.6120489E-01   5.3627458E-03   3.6937520E-01  -3.5346028E-01
   9.6304363E-01  -5.7616323E-04   3.7944466E-01  -3.5442197E-01
   9.6507084E-01   2.1503589E-03   4.3894565E-01  -3.5445124E-01
   9.6616113E-01   6.3399021E-03   4.5545775E-01  -3.5751694E-01
   9.6836424E-01   3.2919834E-04   4.9262407E-01  -3.5456824E-01
   9.6945035E-01  -9.7395228E-03   5.1926863E-01  -3.5325670E-01
   9.7159034E-01   2.6927362E-03   5.5811220E-01  -3.5382631E-01
   9.7369093E-01   2.5724852E-02   5.7074714E-01  -3.5068896E-01
   9.7472662E-01   1.7575737E-02   5.8019441E-01  -3.4426457E-01
   9.7661579E-01   2.7699161E-02   6.4232987E-01  -3.4913430E-01
   9.7869861E-01  -7.7898558E-03   6.7171210E-01  -3.5016513E-01
   9.7981876E-01  -9.4317542E-03   7.1386224E-01  -3.4408695E-01
   9.8222989E-01  -3.4779608E-03   7.9000419E-01  -3.4268492E-01
   9.8352659E-01   7.6803574E-03   7.9055768E-01  -3.5577720E-01
   9.8471892E-01   6.4819008E-03   7.9264349E-01  -3.4441414E-01
   9.8649585E-01   2.3510206E-02   8.7399006E-01  -3.4286964E-01
   9.8891038E-01   4.8228931E-03   8.6766219E-01  -3.5509890E-01
   9.9066699E-01   3.6695153E-03   9.2249072E-01  -3.3475623E-01
   9.9161172E-01  -1.2068009E-02   9.5649695E-01  -3.3562282E-01
   9.9364519E-01   8.2849963E-03   9.8577678E-01  -3.3571392E-01
   9.9588716E-01  -3.6432440E-03   1.0042894E+00  -3.4227613E-01
   9.9709284E-01   4.0118885E-03   1.0177557E+00  -3.1908169E-01
   9.9835885E-01  -6.5726251E-04   1.0567992E+00  -3.2418036E-01
   1.0010840E+00   3.0318855E-03   1.1051117E+00  -3.3946165E-01
   1.0025330E+00  -3.4784847E-03   1.1304184E+00  -3.3105037E-01
   1.0039819E+00  -9.4112335E-04   1.1477567E+00  -3.3862025E-01
   1.0053538E+00   2.6329341E-03   1.2028499E+00  -3.3744341E-01
   1.0080286E+00  -1.4417266E-03   1.2473501E+00  -3.3067736E-01
   1.0094186E+00  -1.9416378E-03   1.2577868E+00  -3.3503371E-01
   1.0108671E+00   3.9559565E-03   1.2701762E+00  -3.3696961E-01
   1.0123155E+00   1.5176791E-03   1.3018053E+00  -3.3708242E-01
   1.0137638E+00  -2.4007142E-03   1.3403534E+00  -3.3355132E-01
   1.0166520E+00  -3.6812057E-03   1.4138378E+00  -3.3460429E-01
   1.0180836E+00   6.4660213E-03   1.4331973E+00  -3.3382934E-01
   1.0194582E+00  -4.9793976E-03   1.4383160E+00  -3.3294132E-01
   1.0208731E+00   3.9027561E-03   1.4645408E+00  -3.3027732E-01
   1.0222796E+00  -3.3310892E-03   1.4806914E+00  -3.3674309E-01
   1.0250365E+00  -3.0997649E-03   1.5739301E+00  -3.3714470E-01
   1.0264182E+00  -3.8848529E-03   1.5684487E+00  -3.2733008E-01
   1.0277919E+00  -5.8563477E-03   1.5757813E+00  -3.4182692E-01
   1.0291574E+00   3.5725029E-03   1.6114519E+00  -3.3423191E-01
   1.0318643E+00   2.4559109E-03   1.6588238E+00  -3.2329661E-01
   1.0332060E+00  -6.4781802E-03   1.6470522E+00  -3.2529345E-01
   1.0345405E+00  -3.0415363E-03   1.7144758E+00  -3.3596018E-01
   1.0371898E+00   6.1104763E-03   1.7621412E+00  -3.3415267E-01
   1.0385052E+00   1.0725556E-02   1.7689198E+00  -3.2789505E-01
   1.0398149E+00   2.3202959E-03   1.7926434E+00  -3.5111830E-01
   1.0411133E+00  -2.8253591E-03   1.8194813E+00  -3.3465609E-01
   1.0436281E+00  -7.3029082E-03   1.8459696E+00  -3.1698111E-01
   1.0449191E+00   8.0745481E-03   1.8726156E+00  -3.2704842E-01
   1.0473210E+00  -8.1937443E-03   1.8985591E+00  -3.1407130E-01
   1.0484912E+00  -4.0453398E-03   1.9065957E+00  -3.2667616E-01
   1.0497199E+00  -6.6908367E-04   1.9554675E+00  -3.1685206E-01
   1.0522711E+00   3.3343208E-04   1.9812062E+00  -3.2395819E-01
   1.0535439E+00   4.8895865E-03   1.9711562E+00  -3.2684112E-01
   1.0548151E+00  -6.9862967E-03   2.0094607E+00  -3.2522866E-01
   1.0573540E+00  -1.4792292E-03   2.0450759E+00  -3.2492965E-01
   1.0586219E+00  -5.4118270E-03   2.0604990E+00  -3.1633055E-01
   1.0611557E+00  -1.2223269E-02   2.1184580E+00  -3.2461444E-01
   1.0624218E+00  -5.4554362E-03   2.1354198E+00  -3.2207945E-01
   1.0636874E+00   6.2893857E-03   2.1545005E+00  -3.1651643E-01
   1.0662180E+00  -2.8313647E-03   2.1894877E+00  -3.2197836E-01
   1.0674829E+00  -8.4720894E-05   2.2120800E+00  -3.2282063E-01
   1.0687478E+00   1.0912313E-02   2.2080333E+00  -3.2382971E-01
   1.0712324E+00  -5.9290156E-03   2.2558019E+00  -3.1267351E-01
   1.0724708E+00  -7.5274170E-03   2.2558401E+00  -3.1152961E-01
   1.0737004E+00   2.4915235E-03   2.2572787E+00  -3.2028994E-01
   1.0761112E+00  -1.1736573E-02   2.3390844E+00  -3.2030103E-01
   1.0772998E+00   8.3767273E-04   2.3314338E+00  -3.2042781E-01
   1.0796523E+00   4.5482535E-03   2.3878489E+00  -3.2087710E-01
   1.0808125E+00   3.3160560E-03   2.3910434E+00  -3.1404245E-01
   1.0830979E+00  -9.8973801E-03   2.3945308E+00  -3.2090425E-01
   1.0842249E+00   7.2268385E-04   2.4065883E+00  -3.2459518E-01
   1.0865167E+00   1.1057599E-02   2.4440811E+00  -3.2389307E-01
   1.0877492E+00   5.3789788E-03   2.4664593E+00  -3.2235846E-01
   1.0890434E+00  -7.3113083E-03   2.4712093E+00  -3.1898925E-01
   1.0913184E+00   1.5491448E-02   2.5648327E+00  -3.2742572E-01
   1.0933665E+00  -1.2568816E-02   2.5323019E+00  -3.2014394E-01
   1.0945506E+00  -4.3466580E-04   2.5364578E+00  -3.2865092E-01
   1.0965580E+00   1.2843360E-02   2.5410845E+00  -3.1099194E-01
   1.0980692E+00   1.2639995E-02   2.5926132E+00  -3.2390609E-01
   1.0997353E+00   2.0578548E-03   2.6149135E+00  -3.1784505E-01
   1.1013836E+00   1.4322203E-02   2.6321111E+00  -3.1956089E-01
   1.1034555E+00   3.6471277E-03   2.6383610E+00  -3.2128704E-01
   1.1049328E+00   6.0443330E-04   2.6481829E+00  -3.3154452E-01
   1.1065613E+00  -1.1940702E-02   2.6452813E+00  -3.3035362E-01
   1.1083568E+00  -1.8361790E-02   2.6898577E+00  -3.3675206E-01
   1.1103363E+00   1.9284919E-02   2.7047367E+00  -3.3017024E-01
   1.1120521E+00   1.1568079E-02   2.7256935E+00  -3.3548060E-01
   1.1137500E+00  -2.3503568E-02   2.7217262E+00  -3.3452100E-01
   1.1154863E+00   2.5482662E-02   2.7411909E+00  -3.4498486E-01
   1.1170533E+00  -4.7466945E-04   2.7684476E+00  -3.4480456E-01
   1.1187520E+00  -6.3120038E-03   2.7553844E+00  -3.4820089E-01
   1.1206249E+00   1.4226529E-02   2.7892153E+00  -3.3749816E-01
   1.1226897E+00  -1.8929964E-02   2.8058281E+00  -3.5760224E-01
   1.1238003E+00  -4.0719709E-03   2.8255234E+00  -3.4731996E-01
   1.1261907E+00   1.1424731E-02   2.8254550E+00  -3.5552016E-01
   1.1274761E+00  -1.1108534E-02   2.8310826E+00  -3.5175255E-01
   1.1288259E+00  -3.4674607E-02   2.8389626E+00  -3.5694313E-01
   1.1302433E+00  -2.1664638E-02   2.8336556E+00  -3.5728058E-01
   1.1328813E+00   3.6134616E-02   2.8705873E+00  -3.7322342E-01
   1.1342282E+00  -4.0480709E-03   2.8810635E+00  -3.7214118E-01
   1.1356425E+00  -2.4880156E-02   2.8945074E+00  -3.6771628E-01
   1.1377240E+00   8.7887533E-03   2.9138122E+00  -3.6986595E-01
   1.1394660E+00  -6.7095184E-03   2.9030795E+00  -3.7722778E-01
   1.1413865E+00   3.2341485E-03   2.9324484E+00  -3.7829679E-01
   1.1431644E+00   1.4343409E-02   2.9206817E+00  -3.8008589E-01
   1.1449065E+00   3.8692481E-03   2.9434896E+00  -3.8567922E-01
   1.1458435E+00  -3.5573516E-02   2.9467471E+00  -3.8274390E-01
   1.1478602E+00   8.9948773E-03   2.9484212E+00  -3.9149314E-01
   1.1500837E+00   3.1850520E-03   2.9493294E+00  -3.9189214E-01
   1.1511723E+00  -4.8257173E-03   2.9524205E+00  -3.9334485E-01
   1.1532936E+00  -1.8039871E-02   2.9847796E+00  -3.9761415E-01
   1.1551847E+00  -1.4041501E-02   3.0078087E+00  -4.0396056E-01
   1.1562018E+00   7.9546607E-04   2.9835641E+00  -4.0417054E-01
   1.1583912E+00   1.8440301E-02   3.0031047E+00  -4.0608370E-01
   1.1595482E+00  -5.8480222E-03   2.9932451E+00  -4.1010898E-01
   1.1613076E+00  -5.1976833E-03   3.0302927E+00  -4.1322455E-01
   1.1631562E+00   1.3581042E-02   3.0412741E+00  -4.2096332E-01
   1.1651348E+00  -1.7175838E-02   3.0237768E+00  -4.1806006E-01
   1.1671196E+00  -9.4851740E-03   3.0409961E+00  -4.2836824E-01
   1.1686138E+00  -9.3276268E-03   3.0379317E+00  -4.3078724E-01
   1.1702610E+00   8.5665416E-03   3.0404010E+00  -4.2826208E-01
   1.1720674E+00  -1.3957848E-02   3.0485387E+00  -4.3187255E-01
   1.1740485E+00  -4.4424203E-03   3.0372989E+00  -4.2925432E-01
   1.1751140E+00  -7.5374730E-03   3.0549674E+00  -4.3505216E-01
   1.1772866E+00  -4.8095104E-03   3.0349872E+00  -4.4469190E-01
   1.1783578E+00  -1.9611927E-02   3.0517831E+00  -4.5009443E-01
   1.1804705E+00   6.3679363E-03   3.0382190E+00  -4.4873872E-01
   1.1825407E+00  -8.1917671E-03   3.0628531E+00  -4.5064628E-01
   1.1835600E+00  -1.7284201E-02   3.0696499E+00  -4.2286077E-01
   1.1855692E+00   6.0535669E-03   3.0721898E+00  -4.5564997E-01
   1.1875299E+00  -1.2958414E-02   3.0409420E+00  -4.6138287E-01
   1.1894448E+00   7.8495201E-03   3.0673227E+00  -4.6217817E-01
   1.1903877E+00  -8.3255265E-03   3.0752838E+00  -4.5925325E-01
   1.1922476E+00  -1.1978488E-02   3.0607715E+00  -4.5885217E-01
   1.1940558E+00  -3.1908464E-03   3.0431612E+00  -4.6610692E-01
   1.1960864E+00  -1.4917202E-02   3.0851047E+00  -4.6725890E-01
   1.1977450E+00  -1.4338056E-03   3.0091755E+00  -4.6308532E-01
   1.1991535E+00   6.6694873E-03   3.0589073E+00  -4.6681735E-01
   1.2008655E+00  -1.3902913E-02   3.0598073E+00  -4.6707281E-01
   1.2029464E+00  -1.8996295E-02   3.0349317E+00  -4.7492597E-01
   1.2047964E+00  -7.0430660E-03   3.0327816E+00  -4.8175171E-01
   1.2061892E+00   1.0510654E-02   3.0168946E+00  -4.7231331E-01
   1.2077246E+00   1.1476202E-02   3.0087299E+00  -4.8434633E-01
   1.2093735E+00  -1.1668203E-02   3.0196302E+00  -4.8993781E-01
   1.2110108E+00  -3.1303933E-03   3.0109301E+00  -4.9648458E-01
   1.2134417E+00  -1.0266121E-02   3.0018663E+00  -4.9712527E-01
   1.2150512E+00  -1.1925871E-02   2.9964151E+00  -5.0307667E-01
   1.2166520E+00  -5.6788563E-03   2.9742274E+00  -5.0585520E-01
   1.2182450E+00  -3.1875060E-03   2.9624214E+00  -5.0492507E-01
   1.2198308E+00   3.7099025E-03   2.9410908E+00  -5.1570827E-01
   1.2214102E+00  -3.2228236E-03   2.9109156E+00  -5.0877577E-01
   1.2229841E+00  -7.6479185E-03   2.8874655E+00  -5.2374125E-01
   1.2253363E+00  -4.7557908E-03   2.8957348E+00  -5.2525055E-01
   1.2268997E+00  -7.8353267E-03   2.9183803E+00  -5.3204244E-01
   1.2284600E+00  -3.2234816E-03   2.8979414E+00  -5.3822273E-01
   1.2300175E+00  -2.5435805E-03   2.8781941E+00  -5.4334015E-01
   1.2315730E+00  -3.6946828E-03   2.8455131E+00  -5.4555130E-01
   1.2339026E+00  -5.2986601E-03   2.8151197E+00  -5.4575711E-01
   1.2354536E+00  -6.8826857E-03   2.7886438E+00  -5.5335611E-01
   1.2370045E+00  -8.7849507E-03   2.7888930E+00  -5.5493075E-01
   1.2388003E+00  -4.5132446E-03   2.7894182E+00  -5.5254942E-01
   1.2401521E+00  -7.4630245E-03   2.7836499E+00  -5.6171948E-01
   1.2424183E+00  -2.7751544E-04   2.7609384E+00  -5.5544245E-01
   1.2439709E+00  -3.6397441E-03   2.7274675E+00  -5.7186997E-01
   1.2455248E+00  -8.7191137E-03   2.7114387E+00  -5.6269145E-01
   1.2470807E+00  -6.6324607E-03   2.7039692E+00  -5.5721623E-01
   1.2486389E+00   3.1630897E-03   2.6643686E+00  -5.6198841E-01
   1.2509515E+00  -1.0513318E-02   2.6376235E+00  -5.6967735E-01
   1.2525086E+00  -1.8290980E-02   2.6359003E+00  -5.7564819E-01
   1.2540828E+00  -9.2795212E-03   2.6131630E+00  -5.8031434E-01
   1.2556378E+00  -5.3977617E-03   2.5889733E+00  -5.8718348E-01
   1.2572368E+00  -6.7986934E-03   2.5685523E+00  -5.8731419E-01
   1.2589217E+00  -6.3036256E-03   2.5466890E+00  -5.9060359E-01
   1.2607524E+00  -3.6668272E-03   2.5191021E+00  -5.7406265E-01
   1.2627085E+00  -1.1264401E-02   2.4529672E+00  -5.9334064E-01
   1.2646301E+00  -4.7708489E-03   2.4506195E+00  -5.9450239E-01
   1.2665018E+00  -2.5338721E-03   2.4383106E+00  -5.9106684E-01
   1.2675084E+00  -1.0735550E-02   2.4351430E+00  -5.9524971E-01
   1.2696750E+00  -1.0891224E-02   2.4046144E+00  -6.0819757E-01
   1.2708403E+00  -1.1079862E-02   2.3968387E+00  -6.0463804E-01
   1.2732655E+00  -6.8609375E-03   2.3495708E+00  -6.2709033E-01
   1.2744763E+00  -8.9896815E-03   2.3142018E+00  -6.2105596E-01
   1.2765920E+00  -1.7851269E-02   2.2767386E+00  -6.3388163E-01
   1.2785225E+00  -1.1786715E-03   2.2246680E+00  -6.3534677E-01
   1.2795607E+00  -4.0631350E-03   2.2275367E+00  -6.3711059E-01
   1.2817744E+00  -1.4589352E-02   2.1976473E+00  -6.3965267E-01
   1.2833863E+00  -8.4380265E-03   2.1504176E+00  -6.4235854E-01
   1.2852523E+00  -7.2618644E-03   2.1333468E+00  -6.6792673E-01
   1.2866571E+00  -4.7767614E-03   2.1475000E+00  -6.4455456E-01
   1.2882057E+00  -1.0704562E-02   2.1167877E+00  -6.5363568E-01
   1.2899132E+00   1.8485168E-03   2.0535014E+00  -6.6301131E-01
   1.2917800E+00  -1.2826715E-02   2.0205379E+00  -6.6402429E-01
   1.2936735E+00  -8.8218627E-03   1.9692643E+00  -6.6208982E-01
   1.2955178E+00  -1.1730153E-03   1.9497559E+00  -6.6671026E-01
   1.2965097E+00  -1.1431015E-02   1.9430025E+00  -6.7547226E-01
   1.2985629E+00  -1.9153220E-03   1.9059836E+00  -6.7929971E-01
   1.3005214E+00  -6.3780891E-03   1.8711331E+00  -6.8670255E-01
   1.3024504E+00   6.2019425E-03   1.8293980E+00  -6.8579292E-01
   1.3034878E+00  -7.3721781E-03   1.8203465E+00  -6.8581402E-01
   1.3056854E+00  -5.5669639E-03   1.7682053E+00  -6.9466311E-01
   1.3068151E+00   1.2680943E-03   1.7563418E+00  -6.9768548E-01
   1.3091500E+00  -3.1431403E-02   1.6857501E+00  -7.0851058E-01
   1.3103787E+00  -8.1544220E-03   1.6701242E+00  -7.0756125E-01
   1.3129119E+00   5.8795866E-03   1.6072779E+00  -7.1416783E-01
   1.3142006E+00  -3.9840671E-03   1.5904028E+00  -7.1092194E-01
   1.3154887E+00   1.0773536E-02   1.5730320E+00  -7.1130347E-01
   1.3178513E+00   3.4420245E-06   1.4746934E+00  -7.2432500E-01
   1.3189709E+00   1.3158667E-03   1.4632663E+00  -7.2328597E-01
   1.3213806E+00  -4.9124626E-03   1.4244279E+00  -7.2716856E-01
   1.3226742E+00  -4.2163120E-03   1.4238608E+00  -7.3138809E-01
   1.3239703E+00  -2.4576995E-03   1.3816695E+00  -7.2598994E-01
   1.3262182E+00  -2.5770022E-03   1.3054562E+00  -7.4231625E-01
   1.3273896E+00  -1.2262548E-02   1.2910284E+00  -7.4948329E-01
   1.3299040E+00  -6.9412624E-04   1.2481078E+00  -7.4029517E-01
   1.3312742E+00   1.0847551E-02   1.1842374E+00  -7.4980688E-01
   1.3327848E+00   1.9253302E-02   1.1516922E+00  -7.5957739E-01
   1.3344502E+00  -4.2359619E-03   1.1126819E+00  -7.6281071E-01
   1.3361615E+00  -2.0582285E-03   1.1003586E+00  -7.5683093E-01
   1.3379167E+00   2.8211595E-03   1.0700284E+00  -7.6185602E-01
   1.3402500E+00   2.4891477E-03   9.6068889E-01  -7.5325346E-01
   1.3417448E+00   7.9449425E-03   8.8007814E-01  -7.8564632E-01
   1.3432894E+00  -3.7930429E-02   9.2139757E-01  -7.7105832E-01
   1.3450775E+00  -3.5795006E-03   8.3571744E-01  -7.7510315E-01
   1.3464236E+00   6.7219377E-02   7.6293600E-01  -7.6897669E-01
   1.3487058E+00  -3.9626164E-03   7.7711606E-01  -7.7302372E-01
   1.3504238E+00   1.2153400E-02   7.3044783E-01  -7.8286129E-01
   1.3523178E+00  -1.0917063E-03   7.0526516E-01  -7.7948666E-01
   1.3533365E+00  -2.6551606E-03   6.9570136E-01  -7.8072828E-01
   1.3555291E+00   1.4033793E-03   6.2858450E-01  -7.8608811E-01
   1.3567083E+00  -4.5735892E-04   5.7783705E-01  -7.8510040E-01
   1.3591726E+00  -4.7784946E-05   4.9233595E-01  -7.9046386E-01
   1.3604525E+00  -2.5163847E-04   4.5504385E-01  -7.8904790E-01
   1.3617498E+00  -5.6229322E-04   4.3802267E-01  -7.9207426E-01
   1.3643478E+00   3.5995920E-03   4.0150225E-01  -7.9505813E-01
   1.3656360E+00   3.6542751E-03   3.7724331E-01  -7.9583973E-01
   1.3669204E+00  -3.2278898E-04   3.5256168E-01  -7.9715270E-01
   1.3694834E+00   7.3602289E-04   2.7135122E-01  -8.0075610E-01
   1.3707122E+00   6.3674035E-03   2.3096925E-01  -8.0248839E-01
   1.3719696E+00   2.2699668E-03   1.6760667E-01  -8.0538064E-01
   1.3745739E+00  -1.4328964E-03   1.1478125E-01  -8.0568886E-01
   1.3759128E+00   4.6204226E-03   9.5249899E-02  -8.0474377E-01
   1.3771759E+00   1.3166329E-02   7.7890649E-02  -8.0673289E-01
   1.3797542E+00  -4.1474733E-03  -7.2774710E-03  -8.0769336E-01
   1.3811108E+00   3.3083564E-04  -2.9737240E-02  -8.0940795E-01
   1.3824722E+00   1.6777242E-03  -4.1874859E-02  -8.1085426E-01
   1.3838421E+00   2.6092238E-03  -7.6515220E-02  -8.1100285E-01
   1.3866035E+00   7.0883143E-05  -1.4195116E-01  -8.1174141E-01
   1.3878782E+00   2.3338344E-04  -1.8853682E-01  -8.1411052E-01
   1.3890673E+00   1.9723373E-03  -2.0496315E-01  -8.1427795E-01
   1.3913459E+00   3.5231675E-03  -3.1615600E-01  -8.1714678E-01
   1.3925712E+00  -3.7102876E-03  -3.2813114E-01  -8.1441236E-01
   1.3952088E+00  -2.6470081E-05  -3.7779230E-01  -8.1818753E-01
   1.3966273E+00   2.0064518E-03  -3.9429528E-01  -8.2079202E-01
   1.3981168E+00   2.9263594E-03  -4.2846140E-01  -8.2149094E-01
   1.3995956E+00   5.2584843E-03  -4.5772779E-01  -8.1353503E-01
   1.4010532E+00  -2.0078751E-03  -5.0009358E-01  -8.1099093E-01
   1.4035405E+00   5.9764665E-05  -5.7294571E-01  -8.0903614E-01
   1.4052258E+00  -1.3481537E-02  -6.3223749E-01  -8.0986661E-01
   1.4066883E+00   1.8948069E-03  -7.0369583E-01  -8.1283844E-01
   1.4086473E+00   3.2477488E-03  -7.2848123E-01  -8.1251204E-01
   1.4099351E+00   5.9876539E-04  -7.2289848E-01  -8.0869275E-01
   1.4117550E+00  -5.7540382E-03  -7.6349121E-01  -8.1083357E-01
   1.4134336E+00   8.2512833E-03  -8.1393147E-01  -8.0474722E-01
   1.4152123E+00   1.0400921E-03  -8.5949463E-01  -8.0945438E-01
   1.4172628E+00  -6.0962150E-03  -1.0167408E+00  -7.9972148E-01
   1.4188064E+00  -1.7316696E-03  -8.9580071E-01  -8.1589490E-01
   1.4205083E+00   1.2011856E-03  -9.7091848E-01  -8.1268519E-01
   1.4223845E+00  -9.9583333E-03  -1.0238695E+00  -8.1019443E-01
   1.4233310E+00  -2.7921230E-03  -1.0197991E+00  -8.0819315E-01
   1.4257928E+00  -1.2046437E-02  -1.0494484E+00  -8.0108446E-01
   1.4274660E+00  -6.0768090E-03  -1.0956357E+00  -8.0528188E-01
   1.4293107E+00   9.8865237E-03  -1.1986966E+00  -8.0679089E-01
   1.4303027E+00   2.7794480E-02  -1.2728770E+00  -8.0602115E-01
   1.4323268E+00   4.2045577E-03  -1.2693743E+00  -8.0240756E-01
   1.4341235E+00  -6.6914558E-03  -1.2817082E+00  -8.0745417E-01
   1.4357824E+00   2.0198098E-03  -1.2947384E+00  -7.9981244E-01
   1.4373095E+00  -1.8041143E-03  -1.3150951E+00  -8.0150622E-01
   1.4394629E+00   9.9434052E-03  -1.4053481E+00  -7.9950702E-01
   1.4408234E+00  -8.3229120E-04  -1.4802995E+00  -8.0092460E-01
   1.4429536E+00  -1.5538755E-02  -1.4463427E+00  -7.9567766E-01
   1.4444258E+00   4.9761315E-03  -1.5246065E+00  -7.9594702E-01
   1.4458668E+00  -9.6315900E-03  -1.5312544E+00  -7.9836756E-01
   1.4481184E+00  -6.5244073E-03  -1.5475452E+00  -7.9820877E-01
   1.4497805E+00  -1.3480412E-03  -1.5795324E+00  -7.9991525E-01
   1.4516127E+00   3.1314942E-03  -1.6177330E+00  -7.9932964E-01
   1.4525745E+00  -1.2989099E-03  -1.6414332E+00  -7.9407424E-01
   1.4543890E+00   4.1976869E-03  -1.7142053E+00  -7.9145795E-01
   1.4561052E+00   2.5671795E-03  -1.7478200E+00  -7.9035497E-01
   1.4577874E+00  -2.7303346E-03  -1.7851298E+00  -7.8856373E-01
   1.4595343E+00  -4.0834406E-03  -1.7959962E+00  -7.8927779E-01
   1.4614568E+00  -5.2341283E-03  -1.8205092E+00  -7.8885657E-01
   1.4635017E+00   4.1482374E-03  -1.8435763E+00  -7.8490126E-01
   1.4645633E+00   6.6257180E-03  -1.8975970E+00  -7.9035866E-01
   1.4667240E+00   3.7680441E-03  -1.9313853E+00  -7.7895868E-01
   1.4687432E+00  -1.5903392E-04  -1.9725730E+00  -7.7959073E-01
   1.4696497E+00  -7.0236288E-03  -1.9835528E+00  -7.7308863E-01
   1.4717919E+00  -1.5208931E-02  -2.0214636E+00  -7.7130246E-01
   1.4733361E+00   9.5984377E-03  -2.0358744E+00  -7.6879168E-01
   1.4750112E+00   1.9744040E-02  -2.0762196E+00  -7.6989466E-01
   1.4768580E+00  -1.2397298E-04  -2.0955913E+00  -7.6034296E-01
   1.4788942E+00   3.4305768E-03  -2.1331706E+00  -7.5451452E-01
   1.4799483E+00   3.6532257E-03  -2.1330595E+00  -7.5447267E-01
   1.4820389E+00   2.5997302E-03  -2.1696129E+00  -7.4945796E-01
   1.4839851E+00  -1.3663184E-03  -2.1848054E+00  -7.4270570E-01
   1.4857869E+00   2.7912278E-02  -2.2376208E+00  -7.4212080E-01
   1.4874690E+00  -2.0365717E-03  -2.2897172E+00  -7.4244356E-01
   1.4891788E+00   1.5380427E-03  -2.3070073E+00  -7.3641407E-01
   1.4908717E+00  -9.6258191E-05  -2.3014224E+00  -7.2659630E-01
   1.4925132E+00  -3.4881509E-03  -2.3249910E+00  -7.2434795E-01
   1.4940242E+00   1.4218074E-02  -2.3543794E+00  -7.2135705E-01
   1.4956028E+00  -3.5526359E-03  -2.3822827E+00  -7.1687466E-01
   1.4971848E+00   3.4057447E-03  -2.4002678E+00  -7.1308666E-01
   1.4995700E+00   1.1164224E-02  -2.4463501E+00  -7.0654553E-01
   1.5013152E+00   5.3678639E-03  -2.4516778E+00  -7.0871085E-01
   1.5022502E+00  -1.5192657E-02  -2.4455545E+00  -7.0012552E-01
   1.5041630E+00  -1.9167027E-02  -2.4877608E+00  -6.9405955E-01
   1.5062282E+00  -1.2757899E-03  -2.5023239E+00  -6.9062799E-01
   1.5079931E+00  -7.3481991E-04  -2.5598187E+00  -6.8577105E-01
   1.5095813E+00  -1.6397977E-02  -2.5879464E+00  -6.9209307E-01
   1.5111634E+00   1.2272456E-02  -2.5991836E+00  -6.8759400E-01
   1.5128411E+00  -2.5668794E-03  -2.5881176E+00  -6.8150795E-01
   1.5146909E+00  -8.0448557E-03  -2.5956626E+00  -6.7509943E-01
   1.5167303E+00   1.0651816E-02  -2.6089618E+00  -6.6947603E-01
   1.5178216E+00   4.9781008E-03  -2.6360409E+00  -6.6739029E-01
   1.5198722E+00   1.2680917E-03  -2.6723094E+00  -6.6406506E-01
   1.5217878E+00   1.6051054E-02  -2.7248173E+00  -6.6907007E-01
   1.5227917E+00  -1.9098882E-03  -2.6961789E+00  -6.5604836E-01
   1.5249529E+00  -1.0744192E-02  -2.7033305E+00  -6.5497923E-01
   1.5260787E+00   1.1212721E-02  -2.6950562E+00  -6.5440720E-01
   1.5283585E+00  -2.5804590E-03  -2.7302911E+00  -6.4550316E-01
   1.5294832E+00  -9.7254170E-03  -2.7230017E+00  -6.4195180E-01
   1.5316926E+00  -2.3487033E-03  -2.7724912E+00  -6.4533168E-01
   1.5338186E+00   2.8321783E-03  -2.7834818E+00  -6.3460064E-01
   1.5348991E+00  -5.4249414E-03  -2.7777569E+00  -6.3609821E-01
   1.5369697E+00  -6.2549710E-03  -2.7710187E+00  -6.3210660E-01
   1.5390245E+00  -1.9409558E-03  -2.8455572E+00  -6.2979925E-01
   1.5400372E+00  -1.6894527E-02  -2.8095005E+00  -6.2614959E-01
   1.5421015E+00   1.7940946E-02  -2.8258145E+00  -6.2177253E-01
   1.5441357E+00  -3.2259854E-03  -2.8496566E+00  -6.2147129E-01
   1.5451424E+00   8.7730242E-03  -2.8476052E+00  -6.2209260E-01
   1.5471125E+00   2.1130633E-02  -2.8485229E+00  -6.1675715E-01
   1.5490181E+00   2.5673201E-03  -2.8487630E+00  -6.1823094E-01
   1.5509468E+00  -4.8709689E-03  -2.8787394E+00  -6.1434025E-01
   1.5519015E+00  -1.9808270E-03  -2.9162853E+00  -6.0852265E-01
   1.5537919E+00  -7.6706018E-03  -2.9239097E+00  -6.0907000E-01
   1.5556643E+00  -2.7100057E-03  -2.8753240E+00  -6.1102849E-01
   1.5575039E+00   1.0384377E-02  -2.8989997E+00  -6.0372418E-01
   1.5592897E+00  -1.7040389E-02  -2.9122488E+00  -6.0447770E-01
   1.5610859E+00   2.5479572E-02  -2.9318483E+00  -5.9665596E-01
   1.5629107E+00   5.3801347E-04  -2.9077497E+00  -5.9919918E-01
   1.5638248E+00  -2.4683764E-02  -2.9534287E+00  -5.9614366E-01
   1.5656679E+00  -1.5164772E-02  -2.9069958E+00  -5.9336495E-01
   1.5675541E+00  -1.0535758E-02  -2.9004774E+00  -5.9106284E-01
   1.5694791E+00   3.0288588E-02  -2.9394333E+00  -5.8544099E-01
   1.5713822E+00   1.5492712E-02  -2.9182103E+00  -5.8446497E-01
   1.5732453E+00   1.2130578E-02  -2.9306211E+00  -5.8185577E-01
   1.5741572E+00   7.2616357E-03  -2.9252717E+00  -5.8739525E-01
   1.5759559E+00  -3.0169416E-02  -2.9400978E+00  -5.7560462E-01
   1.5777620E+00   1.4655647E-03  -2.9386268E+00  -5.7802469E-01
   1.5796243E+00   1.1744478E-02  -2.9312351E+00  -5.7474381E-01
   1.5815663E+00   1.6664119E-03  -2.9192448E+00  -5.7371181E-01
   1.5836455E+00   5.6319893E-03  -2.9068780E+00  -5.6959319E-01
   1.5846816E+00   2.5409781E-03  -2.9123318E+00  -5.6835562E-01
   1.5867338E+00  -1.7883468E-02  -2.9249778E+00  -5.6527781E-01
   1.5887604E+00  -1.1069330E-02  -2.8945684E+00  -5.6101042E-01
   1.5897639E+00   1.9719677E-02  -2.8923352E+00  -5.6365240E-01
   1.5917536E+00   1.2276187E-02  -2.8982046E+00  -5.5819720E-01
   1.5937219E+00  -4.7790096E-03  -2.8911765E+00  -5.6172419E-01
   1.5946982E+00   2.0059662E-02  -2.9005291E+00  -5.6386662E-01
   1.5966364E+00   8.3818974E-04  -2.8824351E+00  -5.5273640E-01
   1.5985564E+00  -3.4361356E-04  -2.8696337E+00  -5.5113518E-01
   1.6004597E+00  -1.1727376E-02  -2.8535383E+00  -5.4857874E-01
   1.6023474E+00  -6.8266792E-03  -2.8542194E+00  -5.4314142E-01
   1.6032857E+00  -3.4968029E-03  -2.8686531E+00  -5.4793620E-01
   1.6051521E+00   1.6563452E-03  -2.8374665E+00  -5.4212970E-01
   1.6070056E+00   8.1108753E-03  -2.8522570E+00  -5.3473234E-01
   1.6088469E+00  -1.4909586E-02  -2.8414342E+00  -5.2396500E-01
   1.6106770E+00  -3.2608903E-03  -2.7998948E+00  -5.3593081E-01
   1.6124965E+00  -4.3507805E-03  -2.8098569E+00  -5.3273749E-01
   1.6143061E+00   1.0670655E-02  -2.7875767E+00  -5.2720827E-01
   1.6161063E+00   2.3653978E-03  -2.7629080E+00  -5.1987600E-01
   1.6170031E+00   8.2815699E-05  -2.7693901E+00  -5.2078748E-01
   1.6187903E+00  -8.9003267E-03  -2.7631552E+00  -5.1343995E-01
   1.6205692E+00  -2.3179660E-03  -2.7469447E+00  -5.0863564E-01
   1.6223407E+00  -1.1094091E-02  -2.7499063E+00  -5.0450981E-01
   1.6241047E+00  -8.9362785E-03  -2.7233353E+00  -5.0925046E-01
   1.6258619E+00   6.2835729E-03  -2.7144871E+00  -5.0934821E-01
   1.6276125E+00   1.7855847E-02  -2.7161086E+00  -5.1293617E-01
   1.6293421E+00  -1.0223289E-02  -2.6992950E+00  -5.1392877E-01
   1.6310805E+00   3.7215988E-03  -2.6294355E+00  -5.0421929E-01
   1.6328131E+00   4.4885762E-02  -2.6327188E+00  -4.9281499E-01
   1.6343538E+00   9.8982453E-03  -2.6292202E+00  -5.0423646E-01
   1.6360431E+00   1.0108297E-02  -2.6351388E+00  -4.9389464E-01
   1.6377604E+00   6.4500431E-03  -2.6166377E+00  -4.9613556E-01
   1.6394728E+00  -4.8293462E-03  -2.6018891E+00  -4.9277905E-01
   1.6411803E+00  -1.0928674E-02  -2.5855660E+00  -4.9434286E-01
   1.6428833E+00   6.5005231E-03  -2.5423439E+00  -4.9211246E-01
   1.6445689E+00  -1.4708654E-02  -2.5267045E+00  -4.8972222E-01
   1.6462640E+00  -6.4959247E-03  -2.5272968E+00  -4.8497111E-01
   1.6479549E+00  -5.8528855E-03  -2.4906316E+00  -4.8283288E-01
   1.6496199E+00  -8.7659461E-03  -2.4937868E+00  -4.8129922E-01
   1.6519710E+00  -1.0976266E-02  -2.4363720E+00  -4.7281489E-01
   1.6534648E+00   9.3688499E-03  -2.3994448E+00  -4.7522289E-01
   1.6549798E+00   9.2849387E-03  -2.3827119E+00  -4.7425953E-01
   1.6565280E+00   5.5190902E-03  -2.3639059E+00  -4.7145978E-01
   1.6587381E+00  -3.6015837E-03  -2.3822980E+00  -4.6983901E-01
   1.6603502E+00  -1.1086201E-02  -2.3959372E+00  -4.6657416E-01
   1.6619946E+00  -8.0945315E-03  -2.3629379E+00  -4.6882868E-01
   1.6636540E+00   1.6040668E-02  -2.2763271E+00  -4.6402898E-01
   1.6653532E+00   3.5665642E-02  -2.2271991E+00  -4.6285608E-01
   1.6670711E+00   3.6207906E-03  -2.2176454E+00  -4.6521509E-01
   1.6686136E+00  -1.0349479E-02  -2.2124124E+00  -4.6398196E-01
   1.6701697E+00  -7.7581345E-03  -2.2087190E+00  -4.6226332E-01
   1.6724331E+00  -1.1836004E-02  -2.1942322E+00  -4.5804745E-01
   1.6738104E+00  -4.2506536E-03  -2.1771588E+00  -4.5494148E-01
   1.6757743E+00   1.9961703E-03  -2.1253963E+00  -4.5473236E-01
   1.6776675E+00  -2.0607762E-02  -2.0729544E+00  -4.4752249E-01
   1.6789037E+00   6.8578701E-03  -2.0195084E+00  -4.5124409E-01
   1.6807290E+00  -1.2094098E-02  -2.0351887E+00  -4.4847357E-01
   1.6825205E+00   2.2065638E-02  -2.0870507E+00  -4.4916838E-01
   1.6842711E+00  -3.0810637E-03  -2.0136967E+00  -4.4221339E-01
   1.6859895E+00  -1.5849908E-03  -1.9904598E+00  -4.3946368E-01
   1.6876980E+00   9.5650498E-03  -1.9605615E+00  -4.3198782E-01
   1.6894131E+00  -4.0393472E-03  -1.9121010E+00  -4.3257263E-01
   1.6911473E+00  -1.6144028E-02  -1.8763146E+00  -4.2670330E-01
   1.6929287E+00  -1.9178312E-02  -1.8412212E+00  -4.2251483E-01
   1.6947188E+00   5.7890350E-03  -1.8572540E+00  -4.2147419E-01
   1.6965027E+00  -1.1307278E-03  -1.8120573E+00  -4.2081496E-01
   1.6977344E+00  -5.6162858E-03  -1.8061506E+00  -4.1861743E-01
   1.6995975E+00   9.0791332E-03  -1.7550846E+00  -4.1546255E-01
   1.7014484E+00  -1.1753521E-03  -1.6989344E+00  -4.1045353E-01
   1.7033314E+00   1.9164366E-03  -1.6830189E+00  -4.1097081E-01
   1.7046126E+00   9.3719736E-03  -1.6553842E+00  -4.0929204E-01
   1.7065825E+00   1.0349406E-03  -1.6519871E+00  -4.0512303E-01
   1.7079257E+00  -4.4617471E-03  -1.6202779E+00  -4.0340918E-01
   1.7100601E+00  -1.2631358E-04  -1.5908852E+00  -4.0101108E-01
   1.7115896E+00   1.6940497E-03  -1.5572449E+00  -3.9873332E-01
   1.7139220E+00  -1.1493472E-02  -1.5379751E+00  -3.9842126E-01
