  flscon:  version 23.2.0.01  win64 2022 
 FLOW-3D   11:31:13  02/26/2024 iqbp     
   hydr3d   version  23.2.0.20 win64     12/04/2023 HYDRO    
 Simulation Template: Free Surface - TruVOF (Default)                            

Mesh Block   1
 Block 1: printing hyel         i=31   j=403  k=3 
       1      101      0.000E+00      3.341E+00       31       31      403      403        3        3
   time              hyel_-1
   0.0000000E+00   4.2349869E-01
   3.4479294E-02   4.2860058E-01
   6.7461163E-02   4.3407753E-01
   1.0100494E-01   4.4030407E-01
   1.3276097E-01   4.4698986E-01
   1.6612956E-01   4.5462015E-01
   2.0152920E-01   4.6329427E-01
   2.3410636E-01   4.7147688E-01
   2.6649559E-01   4.7984171E-01
   3.0030280E-01   4.8778012E-01
   3.3481559E-01   4.9485847E-01
   3.6689734E-01   5.0033045E-01
   4.0187931E-01   5.0450176E-01
   4.3400940E-01   5.0636446E-01
   4.6753258E-01   5.0648636E-01
   5.0097239E-01   5.0463647E-01
   5.3370672E-01   5.0131977E-01
   5.6764227E-01   4.9546099E-01
   6.0181707E-01   4.8834252E-01
   6.3368714E-01   4.8064148E-01
   6.6773325E-01   4.7142416E-01
   7.0266920E-01   4.6140358E-01
   7.3415726E-01   4.5211202E-01
   7.6735693E-01   4.4245008E-01
   8.0155057E-01   4.3304360E-01
   8.3474886E-01   4.2499286E-01
   8.6813086E-01   4.2001095E-01
   9.0123999E-01   4.1372746E-01
   9.3449199E-01   4.0692794E-01
   9.6852714E-01   4.0076271E-01
   1.0021824E+00   3.9968571E-01
   1.0358272E+00   4.0235984E-01
   1.0697076E+00   4.0167448E-01
   1.1020021E+00   3.9862642E-01
   1.1361593E+00   3.9601144E-01
   1.1699390E+00   3.9652210E-01
   1.2029244E+00   3.9588755E-01
   1.2358999E+00   3.9482161E-01
   1.2689004E+00   3.9457405E-01
   1.3030622E+00   3.9502147E-01
   1.3359582E+00   3.9613914E-01
   1.3698716E+00   3.9793992E-01
   1.4033386E+00   4.0012163E-01
   1.4363419E+00   4.0286791E-01
   1.4697301E+00   4.0613484E-01
   1.5026979E+00   4.0944988E-01
   1.5360867E+00   4.1252789E-01
   1.5707819E+00   4.1566694E-01
   1.6035866E+00   4.1888371E-01
   1.6364371E+00   4.2258477E-01
   1.6705536E+00   4.2668498E-01
   1.7042611E+00   4.3107983E-01
   1.7374501E+00   4.3659887E-01
   1.7701485E+00   4.4340721E-01
   1.8040059E+00   4.5085177E-01
   1.8379267E+00   4.5876685E-01
   1.8703768E+00   4.6676466E-01
   1.9047025E+00   4.7578558E-01
   1.9370792E+00   4.8362157E-01
   1.9704816E+00   4.9001303E-01
   2.0035715E+00   4.9499646E-01
   2.0383325E+00   4.9843436E-01
   2.0708451E+00   4.9997339E-01
   2.1037452E+00   4.9951658E-01
   2.1372528E+00   4.9668854E-01
   2.1712475E+00   4.9252981E-01
   2.2051923E+00   4.8705846E-01
   2.2388427E+00   4.7997212E-01
   2.2706385E+00   4.7240621E-01
   2.3042192E+00   4.6349621E-01
   2.3377361E+00   4.5416191E-01
   2.3728497E+00   4.4393930E-01
   2.4055552E+00   4.3406025E-01
   2.4387774E+00   4.2389694E-01
   2.4718478E+00   4.1413423E-01
   2.5065265E+00   4.0486202E-01
   2.5391581E+00   3.9746863E-01
   2.5721838E+00   3.9111212E-01
   2.6061177E+00   3.8503897E-01
   2.6393275E+00   3.8005093E-01
   2.6722612E+00   3.7646425E-01
   2.7056851E+00   3.7391454E-01
   2.7398942E+00   3.7140429E-01
   2.7729661E+00   3.6877656E-01
   2.8067191E+00   3.6683309E-01
   2.8393345E+00   3.6702123E-01
   2.8733156E+00   3.6824045E-01
   2.9073031E+00   3.6892688E-01
   2.9396362E+00   3.7002838E-01
   2.9732382E+00   3.6514315E-01
   3.0071843E+00   3.6361524E-01
   3.0391676E+00   3.6408326E-01
   3.0731542E+00   3.6593845E-01
   3.1070216E+00   3.6796996E-01
   3.1408925E+00   3.7081736E-01
   3.1727099E+00   3.7471184E-01
   3.2064455E+00   3.7881818E-01
   3.2399271E+00   3.8243881E-01
   3.2739408E+00   3.8694155E-01
   3.3065903E+00   3.9202923E-01
   3.3414762E+00   3.9743388E-01
