  flscon:  version 23.2.0.01  win64 2022 
 FLOW-3D   12:10:22  02/16/2024 bnvl     
   hydr3d   version  23.2.0.20 win64     12/04/2023 HYDRO    
 Simulation Template: Free Surface - TruVOF (Default)                            

Mesh Block   1
 Block 1: printing hyel         i=19   j=403  k=3 
       1      101      0.000E+00      4.931E+00       19       19      403      403        3        3
   time              hyel_-1
   0.0000000E+00   4.4461960E-01
   4.9768042E-02   4.4126713E-01
   9.8498859E-02   4.3809462E-01
   1.4765178E-01   4.3504643E-01
   1.9778177E-01   4.3212178E-01
   2.4690531E-01   4.2943951E-01
   2.9769018E-01   4.2686191E-01
   3.4568885E-01   4.2463955E-01
   3.9342174E-01   4.2275488E-01
   4.4303662E-01   4.2115358E-01
   4.9425203E-01   4.1977805E-01
   5.4170817E-01   4.1861510E-01
   5.9087712E-01   4.1768482E-01
   6.4130551E-01   4.1720569E-01
   6.9069457E-01   4.1676265E-01
   7.3964220E-01   4.1645506E-01
   7.8861415E-01   4.1636750E-01
   8.3921874E-01   4.1633967E-01
   8.8779646E-01   4.1666296E-01
   9.3707228E-01   4.1720685E-01
   9.8572391E-01   4.1786364E-01
   1.0362469E+00   4.1884765E-01
   1.0847788E+00   4.2006218E-01
   1.1332849E+00   4.2145783E-01
   1.1833405E+00   4.2303655E-01
   1.2325083E+00   4.2483315E-01
   1.2823206E+00   4.2705247E-01
   1.3307049E+00   4.2932823E-01
   1.3793716E+00   4.3178180E-01
   1.4304026E+00   4.3462896E-01
   1.4776354E+00   4.3749645E-01
   1.5299805E+00   4.4104889E-01
   1.5773159E+00   4.4425538E-01
   1.6255819E+00   4.4745675E-01
   1.6751437E+00   4.5078185E-01
   1.7252014E+00   4.5403752E-01
   1.7756174E+00   4.5704466E-01
   1.8241578E+00   4.5948851E-01
   1.8732095E+00   4.6145949E-01
   1.9230300E+00   4.6284127E-01
   1.9721644E+00   4.6342668E-01
   2.0217791E+00   4.6315148E-01
   2.0708718E+00   4.6204796E-01
   2.1200168E+00   4.6012318E-01
   2.1697619E+00   4.5747560E-01
   2.2188637E+00   4.5422080E-01
   2.2682219E+00   4.5047310E-01
   2.3170290E+00   4.4643921E-01
   2.3670073E+00   4.4206047E-01
   2.4155726E+00   4.3771306E-01
   2.4651620E+00   4.3327197E-01
   2.5143006E+00   4.2898196E-01
   2.5635183E+00   4.2483410E-01
   2.6131575E+00   4.2086634E-01
   2.6623816E+00   4.1720569E-01
   2.7111347E+00   4.1386843E-01
   2.7607179E+00   4.1075623E-01
   2.8100863E+00   4.0796986E-01
   2.8602448E+00   4.0548870E-01
   2.9093685E+00   4.0345314E-01
   2.9591403E+00   4.0168414E-01
   3.0081782E+00   4.0016618E-01
   3.0576177E+00   3.9891115E-01
   3.1060607E+00   3.9805582E-01
   3.1551487E+00   3.9746940E-01
   3.2053890E+00   3.9704925E-01
   3.2542334E+00   3.9697102E-01
   3.3030262E+00   3.9727062E-01
   3.3529053E+00   3.9772481E-01
   3.4016027E+00   3.9849135E-01
   3.4511695E+00   3.9988852E-01
   3.5018425E+00   4.0127531E-01
   3.5500827E+00   4.0206051E-01
   3.5999179E+00   4.0329468E-01
   3.6491489E+00   4.0586829E-01
   3.6976173E+00   4.0829608E-01
   3.7478535E+00   4.0998644E-01
   3.7963374E+00   4.1174299E-01
   3.8462415E+00   4.1450384E-01
   3.8948166E+00   4.1730565E-01
   3.9440835E+00   4.2006657E-01
   3.9932189E+00   4.2321464E-01
   4.0432882E+00   4.2665431E-01
   4.0927939E+00   4.3030459E-01
   4.1416960E+00   4.3365416E-01
   4.1915841E+00   4.3682149E-01
   4.2409167E+00   4.3978673E-01
   4.2900176E+00   4.4240680E-01
   4.3381677E+00   4.4453812E-01
   4.3881502E+00   4.4619900E-01
   4.4377060E+00   4.4733176E-01
   4.4859514E+00   4.4780946E-01
   4.5354810E+00   4.4762611E-01
   4.5852575E+00   4.4688466E-01
   4.6346259E+00   4.4560021E-01
   4.6831646E+00   4.4388500E-01
   4.7336898E+00   4.4173884E-01
   4.7827148E+00   4.3942556E-01
   4.8314071E+00   4.3679437E-01
   4.8811197E+00   4.3395191E-01
   4.9309144E+00   4.3106878E-01
