  flscon:  version 23.2.0.01  win64 2022 
 FLOW-3D   16:01:45  02/27/2024 juri     
   hydr3d   version  23.2.0.20 win64     12/04/2023 HYDRO    
 Simulation Template: Free Surface - TruVOF (Default)                            

Mesh Block   1
 Block 1: printing hyel         i=31   j=398  k=3 
       1      101      0.000E+00      1.713E+00       31       31      398      398        3        3
   time              hyel_-1
   0.0000000E+00   4.1325033E-01
   1.6783185E-02   4.1444552E-01
   3.4755178E-02   4.1604084E-01
   5.1183488E-02   4.1777682E-01
   6.8448901E-02   4.1993454E-01
   8.5977159E-02   4.2239675E-01
   1.0295470E-01   4.2501724E-01
   1.2016118E-01   4.2787904E-01
   1.3765909E-01   4.3107167E-01
   1.5402861E-01   4.3426058E-01
   1.7159985E-01   4.3784827E-01
   1.8854818E-01   4.4151750E-01
   2.0589191E-01   4.4552720E-01
   2.2223313E-01   4.4933939E-01
   2.4039060E-01   4.5350793E-01
   2.5671339E-01   4.5710158E-01
   2.7398285E-01   4.6059671E-01
   2.9096714E-01   4.6374226E-01
   3.0795267E-01   4.6634015E-01
   3.2532576E-01   4.6840340E-01
   3.4266245E-01   4.6980858E-01
   3.6003694E-01   4.7032821E-01
   3.7692124E-01   4.7015524E-01
   3.9406615E-01   4.7000206E-01
   4.1129836E-01   4.6897167E-01
   4.2798334E-01   4.6716931E-01
   4.4558901E-01   4.6481058E-01
   4.6225357E-01   4.6251139E-01
   4.7952452E-01   4.5938069E-01
   4.9722543E-01   4.5617628E-01
   5.1354671E-01   4.5304829E-01
   5.3079504E-01   4.4955051E-01
   5.4774088E-01   4.4598588E-01
   5.6527323E-01   4.4220573E-01
   5.8234972E-01   4.4000003E-01
   5.9950006E-01   4.3478942E-01
   6.1677223E-01   4.3108091E-01
   6.3419169E-01   4.2741290E-01
   6.5110159E-01   4.2397556E-01
   6.6834486E-01   4.2061010E-01
   6.8510824E-01   4.1749477E-01
   7.0212173E-01   4.1457105E-01
   7.1965408E-01   4.1186523E-01
   7.3666924E-01   4.0961653E-01
   7.5416499E-01   4.0788060E-01
   7.7059484E-01   4.0682977E-01
   7.8847468E-01   4.0640670E-01
   8.0547076E-01   4.0671438E-01
   8.2211715E-01   4.0766761E-01
   8.3951557E-01   4.0931633E-01
   8.5674512E-01   4.1138861E-01
   8.7409991E-01   4.1361922E-01
   8.9129245E-01   4.1587779E-01
   9.0783399E-01   4.1817310E-01
   9.2527109E-01   4.2081496E-01
   9.4211644E-01   4.2353383E-01
   9.5957589E-01   4.2654315E-01
   9.7690248E-01   4.2972875E-01
   9.9359614E-01   4.3308634E-01
   1.0102675E+00   4.3654171E-01
   1.0278736E+00   4.4026747E-01
   1.0456434E+00   4.4422588E-01
   1.0621252E+00   4.4799915E-01
   1.0793345E+00   4.5219246E-01
   1.0959498E+00   4.5627594E-01
   1.1137744E+00   4.6041179E-01
   1.1308589E+00   4.6395251E-01
   1.1479663E+00   4.6676847E-01
   1.1653475E+00   4.6905851E-01
   1.1822355E+00   4.7077763E-01
   1.1994709E+00   4.7182378E-01
   1.2165064E+00   4.7207266E-01
   1.2336087E+00   4.7161046E-01
   1.2506367E+00   4.7047579E-01
   1.2676560E+00   4.6879938E-01
   1.2848607E+00   4.6653000E-01
   1.3020911E+00   4.6374416E-01
   1.3193957E+00   4.6054482E-01
   1.3367670E+00   4.5702231E-01
   1.3533365E+00   4.5351088E-01
   1.3702875E+00   4.4976413E-01
   1.3879582E+00   4.4585037E-01
   1.4048038E+00   4.4216388E-01
   1.4217355E+00   4.3848225E-01
   1.4397044E+00   4.3471897E-01
   1.4565698E+00   4.3136138E-01
   1.4730941E+00   4.2823631E-01
   1.4908009E+00   4.2513826E-01
   1.5079080E+00   4.2236340E-01
   1.5247159E+00   4.2000327E-01
   1.5417985E+00   4.1733357E-01
   1.5589536E+00   4.1502813E-01
   1.5763469E+00   4.1283485E-01
   1.5935370E+00   4.1085544E-01
   1.6103040E+00   4.0918574E-01
   1.6280708E+00   4.0793356E-01
   1.6447128E+00   4.0730575E-01
   1.6623657E+00   4.0727803E-01
   1.6793971E+00   4.0789157E-01
   1.6964831E+00   4.0911207E-01
   1.7133907E+00   4.1089085E-01
