  flscon:  version 23.2.0.01  win64 2022 
 FLOW-3D   19:11:55  02/15/2024 xsog     
   hydr3d   version  23.2.0.20 win64     12/04/2023 HYDRO    
 Simulation Template: Free Surface - TruVOF (Default)                            

Mesh Block   1
 printing pfxob, pfyob, pfzob       
       1      991      0.000E+00      4.931E+00
   time              pfxob_1         pfyob_1         pfzob_1
   0.0000000E+00   4.3079830E-04  -3.0748899E+00   1.9046376E+00
   4.9306001E-03  -2.1441036E-03   8.8953934E+01   2.4802725E+00
   8.9862896E-03  -9.6941916E-03  -2.9860003E+00   1.9534862E+00
   1.3872533E-02  -3.0559083E-03  -2.9123774E+00   1.8996981E+00
   1.8746560E-02   6.4841388E-03  -2.8778687E+00   1.8859566E+00
   2.3857730E-02   4.0987179E-02  -2.8191543E+00   1.9106688E+00
   2.8956119E-02  -2.1374956E-02  -2.7621949E+00   1.9118444E+00
   3.4302901E-02  -3.0605632E-03  -2.7405398E+00   1.9214655E+00
   3.9909821E-02  -1.3313651E-03  -2.7199695E+00   1.9067541E+00
   4.5502726E-02   6.5240852E-04  -2.6922553E+00   1.9050065E+00
   4.8346817E-02   1.4677944E-03  -2.6783834E+00   1.9039601E+00
   5.3287242E-02   4.0738162E-04  -2.6595418E+00   1.9028715E+00
   5.8384731E-02  -5.9718037E-05  -2.6425147E+00   1.9021993E+00
   6.4004712E-02   1.8521681E-04  -2.6265290E+00   1.9024963E+00
   6.9592156E-02  -8.9654204E-05  -2.6220417E+00   1.9023749E+00
   7.4838549E-02  -4.9056456E-04  -2.6175737E+00   1.9020373E+00
   7.8862585E-02   2.7059773E-03  -2.6288450E+00   1.9025873E+00
   8.3077788E-02   4.8454216E-04  -2.6136403E+00   1.9026523E+00
   8.8921241E-02  -1.3646459E-04  -2.6242809E+00   1.9018497E+00
   9.3099385E-02  -8.8937744E-04  -2.6273091E+00   1.9011419E+00
   9.7705796E-02  -7.4087456E-04  -2.6441591E+00   1.9004536E+00
   1.0426476E-01  -2.0919810E-03  -2.6472526E+00   1.8991148E+00
   1.0828038E-01   8.0176262E-04  -2.6602261E+00   1.8972853E+00
   1.1444940E-01  -9.2981587E-04  -2.6804719E+00   1.8961806E+00
   1.1909331E-01  -1.1919315E-03  -2.7001700E+00   1.8958880E+00
   1.2421321E-01  -6.3276058E-04  -2.7242782E+00   1.8956209E+00
   1.2696671E-01  -4.7229588E-04  -2.7347527E+00   1.8953713E+00
   1.3210589E-01  -2.3646632E-03  -2.7391405E+00   1.8918754E+00
   1.3862072E-01  -1.2982136E-03  -2.7999377E+00   1.8930370E+00
   1.4266454E-01   1.2298945E-03  -2.8362360E+00   1.8935559E+00
   1.4712285E-01   6.0187327E-04  -2.8296731E+00   1.8934277E+00
   1.5325363E-01   7.1732531E-05  -2.8597848E+00   1.8920676E+00
   1.5709910E-01  -8.7356707E-04  -2.8701112E+00   1.8914585E+00
   1.6227935E-01  -1.0127274E-03  -2.9173923E+00   1.8910999E+00
   1.6708559E-01  -5.1958614E-04  -2.9423101E+00   1.8910047E+00
   1.7284156E-01  -9.5779647E-04  -2.9755285E+00   1.8908643E+00
   1.7715721E-01  -1.9514152E-04  -2.9956326E+00   1.8906720E+00
   1.8194237E-01  -4.4680879E-04  -3.0171864E+00   1.8900993E+00
   1.8723580E-01  -6.4142357E-04  -3.0571790E+00   1.8891225E+00
   1.9272025E-01   1.6217360E-04  -3.0760107E+00   1.8885471E+00
   1.9724907E-01  -2.8092670E-04  -3.0856140E+00   1.8877439E+00
   2.0174378E-01  -8.7584463E-05  -3.1039581E+00   1.8857069E+00
   2.0737328E-01   5.1090596E-05  -3.1107767E+00   1.8844663E+00
   2.1190864E-01   3.4086371E-04  -3.1332810E+00   1.8840321E+00
   2.1689521E-01   3.3511824E-05  -3.1727431E+00   1.8827882E+00
   2.2136664E-01  -7.1916956E-04  -3.1586354E+00   1.8818071E+00
   2.2609060E-01  -9.7297641E-05  -3.1854048E+00   1.8813238E+00
   2.3228583E-01  -4.8143702E-04  -3.1795626E+00   1.8804029E+00
   2.3727353E-01  -5.9796660E-04  -3.2072151E+00   1.8798468E+00
   2.4113090E-01  -1.3927352E-03  -3.1759882E+00   1.8794575E+00
   2.4716082E-01  -6.6253112E-04  -3.2078924E+00   1.8792214E+00
   2.5118139E-01  -9.8566012E-04  -3.1550028E+00   1.8793126E+00
   2.5717282E-01  -9.2262472E-04  -3.2117393E+00   1.8790402E+00
   2.6135394E-01  -8.6111139E-04  -3.1662104E+00   1.8788656E+00
   2.6606944E-01  -8.3146518E-04  -3.1611083E+00   1.8784685E+00
   2.7140710E-01  -1.5032789E-03  -3.1578159E+00   1.8779404E+00
   2.7687162E-01  -1.7578648E-03  -3.1282167E+00   1.8776008E+00
   2.8053829E-01  -1.3698889E-03  -3.1121545E+00   1.8772515E+00
   2.8581700E-01  -8.9033326E-04  -3.0981450E+00   1.8762121E+00
   2.9041734E-01  -1.8684390E-03  -3.0540538E+00   1.8758022E+00
   2.9519948E-01  -1.0689637E-03  -3.0547214E+00   1.8754971E+00
   3.0147213E-01  -1.2023990E-03  -2.9962463E+00   1.8746643E+00
   3.0485147E-01  -1.0260132E-03  -2.9979355E+00   1.8744297E+00
   3.1007621E-01  -1.3520269E-03  -2.9638045E+00   1.8738174E+00
   3.1531212E-01  -9.4517198E-04  -2.9045696E+00   1.8724452E+00
   3.2050982E-01  -6.6123629E-04  -2.8765309E+00   1.8721539E+00
   3.2566157E-01  -4.2121363E-04  -2.8440216E+00   1.8722317E+00
   3.3076647E-01  -1.3550190E-04  -2.8113616E+00   1.8721771E+00
   3.3582512E-01  -1.9447045E-05  -2.7719617E+00   1.8716414E+00
   3.4070027E-01  -5.7391147E-04  -2.7083650E+00   1.8709394E+00
   3.4551361E-01  -5.6813547E-04  -2.6789873E+00   1.8702612E+00
   3.5012874E-01  -4.7985243E-04  -2.6325080E+00   1.8698570E+00
   3.5482955E-01  -2.9067093E-04  -2.6067431E+00   1.8697199E+00
   3.5968551E-01  -2.2045342E-04  -2.5763748E+00   1.8697523E+00
   3.6437175E-01   1.8825973E-04  -2.5315604E+00   1.8696018E+00
   3.6917767E-01   1.1879378E-04  -2.5052776E+00   1.8690339E+00
   3.7532368E-01   6.2660227E-04  -2.4459550E+00   1.8680346E+00
   3.7998527E-01   2.8761756E-04  -2.4313300E+00   1.8675333E+00
   3.8456300E-01   5.7480484E-04  -2.3946831E+00   1.8669209E+00
   3.8914430E-01   3.1453915E-04  -2.3533957E+00   1.8662142E+00
   3.9379677E-01   8.2091807E-04  -2.3258865E+00   1.8655044E+00
   3.9993900E-01   6.7596673E-04  -2.2842448E+00   1.8649839E+00
   4.0494809E-01   7.1140280E-04  -2.2697055E+00   1.8646051E+00
   4.0982729E-01   9.6162024E-04  -2.2428312E+00   1.8641189E+00
   4.1488218E-01   1.0603486E-03  -2.2135503E+00   1.8632964E+00
   4.1977277E-01   9.8458398E-04  -2.1904695E+00   1.8627555E+00
   4.2469844E-01   1.0153045E-03  -2.1510346E+00   1.8623672E+00
   4.2962384E-01   1.2102337E-03  -2.1445653E+00   1.8621209E+00
   4.3316275E-01   7.4859877E-04  -2.1181717E+00   1.8619971E+00
   4.3841720E-01   1.5309120E-03  -2.1350782E+00   1.8617665E+00
   4.4350654E-01   9.4586430E-04  -2.1067824E+00   1.8615905E+00
   4.4837961E-01   7.1803777E-04  -2.0527747E+00   1.8607273E+00
   4.5303968E-01  -6.2352797E-04  -2.0909014E+00   1.8622069E+00
   4.5899808E-01   1.5735055E-03  -2.1189640E+00   1.8630496E+00
   4.6332151E-01   1.7169882E-03  -2.0812955E+00   1.8623635E+00
   4.6893910E-01  -1.0587492E-03  -2.2266161E+00   1.8634158E+00
   4.7314095E-01   2.7407873E-03  -1.8568835E+00   1.8578449E+00
   4.7792059E-01   5.8188443E-03  -2.0898347E+00   1.8616892E+00
   4.8345363E-01  -2.3022178E-03  -2.0413957E+00   1.8601943E+00
   4.8727983E-01  -2.7277328E-03  -2.0297978E+00   1.8593779E+00
   4.9270400E-01   1.2806583E-03  -2.0177143E+00   1.8587313E+00
   4.9779013E-01   9.0168719E-04  -2.0262041E+00   1.8589678E+00
   5.0294495E-01  -2.8015935E-04  -2.0341985E+00   1.8593806E+00
   5.0874227E-01   4.9706368E-04  -2.0139809E+00   1.8593097E+00
   5.1263988E-01   1.1310674E-03  -2.0142288E+00   1.8590961E+00
   5.1847452E-01  -5.2313437E-04  -1.9836876E+00   1.8577803E+00
   5.2235878E-01  -6.3851656E-04  -2.0102046E+00   1.8584049E+00
   5.2817893E-01   1.5616557E-04  -2.0340910E+00   1.8590556E+00
   5.3205556E-01   4.0275545E-04  -2.0318127E+00   1.8591524E+00
   5.3786612E-01   3.5452502E-04  -1.9629916E+00   1.8569988E+00
   5.4173720E-01  -9.2632812E-04  -1.9984396E+00   1.8567529E+00
   5.4754007E-01  -4.9225474E-04  -2.0205832E+00   1.8567421E+00
   5.5140638E-01   4.0007624E-04  -1.9841169E+00   1.8565844E+00
   5.5720276E-01  -4.9559062E-04  -1.9283185E+00   1.8551487E+00
   5.6299555E-01  -3.6058907E-04  -1.9736469E+00   1.8554270E+00
   5.6685555E-01  -1.5270851E-05  -1.9735739E+00   1.8556991E+00
   5.7264298E-01  -2.6032462E-04  -1.9140512E+00   1.8556081E+00
   5.7649976E-01  -4.0365281E-04  -1.8272003E+00   1.8545096E+00
   5.8228368E-01   4.2854352E-03  -1.8236691E+00   1.8558582E+00
   5.8613867E-01  -5.3696992E-04  -1.8345195E+00   1.8551856E+00
   5.9191918E-01  -2.8399380E-03  -1.8599471E+00   1.8548142E+00
   5.9577233E-01   7.8327151E-04  -1.8403056E+00   1.8547478E+00
   6.0155201E-01  -1.6588327E-03  -1.7106314E+00   1.8535103E+00
   6.0733175E-01   1.4940919E-03  -1.8375626E+00   1.8535520E+00
   6.1118490E-01  -1.3093142E-03  -1.6618686E+00   1.8538339E+00
   6.1696458E-01   5.2935502E-05  -1.6955631E+00   1.8531584E+00
   6.2081772E-01   4.4650160E-04  -1.6972593E+00   1.8531340E+00
   6.2659740E-01  -2.1748962E-03  -1.6460037E+00   1.8535528E+00
   6.3045055E-01  -2.8628149E-04  -1.5282044E+00   1.8541270E+00
   6.3652408E-01  -8.8463252E-04  -1.5781406E+00   1.8540063E+00
   6.4107376E-01  -9.0269628E-04  -1.5658231E+00   1.8541733E+00
   6.4606637E-01  -5.4123043E-04  -1.5041759E+00   1.8544141E+00
   6.5126330E-01  -7.1344065E-04  -1.4351157E+00   1.8540915E+00
   6.5575767E-01  -9.6780964E-04  -1.3950341E+00   1.8537407E+00
   6.6152614E-01  -1.1862741E-03  -1.3557190E+00   1.8534870E+00
   6.6521698E-01  -9.1217976E-04  -1.3250922E+00   1.8534163E+00
   6.7137605E-01  -5.5121409E-04  -1.2702836E+00   1.8533814E+00
   6.7601246E-01  -4.0123655E-04  -1.2307316E+00   1.8533734E+00
   6.8112409E-01  -6.2419631E-04  -1.1754293E+00   1.8533561E+00
   6.8675971E-01  -5.4852938E-04  -1.1231190E+00   1.8533174E+00
   6.8979055E-01  -5.5742741E-04  -1.1043786E+00   1.8533040E+00
   6.9631445E-01  -4.2334266E-04  -1.0416800E+00   1.8532709E+00
   6.9964910E-01  -4.7292578E-04  -1.0116221E+00   1.8532722E+00
   7.0629656E-01  -5.5505062E-04  -9.5695883E-01   1.8533146E+00
   7.0961154E-01  -1.3640535E-03  -8.8619703E-01   1.8534238E+00
   7.1665156E-01   1.9871364E-03  -8.7916243E-01   1.8532834E+00
   7.2020084E-01   3.4822522E-05  -8.7009346E-01   1.8532809E+00
   7.2374040E-01  -1.3276192E-04  -7.9962635E-01   1.8532310E+00
   7.2950643E-01  -5.6466321E-04  -7.8570104E-01   1.8530349E+00
   7.3526800E-01   5.4503107E-05  -7.3036373E-01   1.8526571E+00
   7.3836660E-01   2.9031833E-05  -7.1107250E-01   1.8526028E+00
   7.4503636E-01  -2.5859731E-04  -6.2362713E-01   1.8523653E+00
   7.4851483E-01   3.5779070E-04  -6.1879259E-01   1.8522968E+00
   7.5544864E-01   1.7547174E-05  -6.0630983E-01   1.8521639E+00
   7.5864589E-01  -2.7426917E-04  -5.4491276E-01   1.8521600E+00
   7.6544529E-01   1.6184718E-05  -5.3351653E-01   1.8521173E+00
   7.6888078E-01  -8.3184081E-05  -5.2639633E-01   1.8520790E+00
   7.7573222E-01  -2.3857370E-05  -4.6502513E-01   1.8521066E+00
   7.7914864E-01   2.2194228E-05  -4.6464470E-01   1.8521053E+00
   7.8255904E-01  -2.4529730E-04  -4.5942628E-01   1.8521287E+00
   7.8936273E-01  -1.0420682E-03  -3.5956362E-01   1.8526496E+00
   7.9275650E-01  -4.8248164E-04  -3.6842284E-01   1.8526481E+00
   7.9952866E-01  -4.4018542E-04  -3.8973105E-01   1.8525518E+00
   8.0290741E-01  -6.4585666E-04  -3.9044693E-01   1.8525717E+00
   8.0965102E-01  -7.5867638E-04  -3.3521688E-01   1.8529240E+00
   8.1301630E-01  -7.1810436E-04  -3.4194407E-01   1.8529477E+00
   8.1973451E-01  -8.1172027E-04  -3.1301919E-01   1.8533766E+00
   8.2308781E-01  -1.0728353E-03  -3.1606063E-01   1.8533983E+00
   8.2978356E-01  -1.2947115E-03  -2.8800526E-01   1.8535979E+00
   8.3312631E-01  -8.6523662E-04  -2.9200539E-01   1.8535994E+00
   8.3980227E-01  -1.4190216E-03  -2.5063926E-01   1.8539395E+00
   8.4313577E-01  -1.3938020E-03  -2.6187178E-01   1.8539519E+00
   8.4646642E-01  -1.2059252E-03  -2.6703244E-01   1.8539823E+00
   8.5311991E-01  -1.5971723E-03  -1.8130141E-01   1.8544843E+00
   8.5644311E-01  -1.6363466E-03  -1.9408815E-01   1.8544754E+00
   8.6308330E-01  -1.7203516E-03  -2.2871535E-01   1.8543751E+00
   8.6640048E-01  -1.7640144E-03  -2.3504832E-01   1.8543885E+00
   8.7302989E-01  -1.9586680E-03  -1.7385510E-01   1.8548244E+00
   8.7634254E-01  -2.0553954E-03  -1.8346730E-01   1.8547614E+00
   8.8296431E-01  -2.2189941E-03  -1.3000861E-01   1.8546143E+00
   8.8627380E-01  -2.4291372E-03  -1.3831753E-01   1.8546141E+00
   8.9289081E-01  -2.5000987E-03  -1.4339748E-01   1.8546326E+00
   8.9619863E-01  -3.0793676E-03  -7.2458722E-02   1.8550071E+00
   9.0281385E-01  -2.4771963E-03  -8.7034523E-02   1.8549076E+00
   9.0612161E-01  -2.5944351E-03  -8.7477580E-02   1.8547670E+00
   9.1273832E-01  -3.0001826E-03  -3.8128506E-02   1.8545997E+00
   9.1604769E-01  -3.3111540E-03  -7.8852316E-03   1.8549355E+00
   9.2266929E-01  -3.2409616E-03  -7.6107268E-04   1.8548645E+00
   9.2597991E-01  -3.6400610E-03   5.7600476E-02   1.8549584E+00
   9.3259925E-01  -3.5337482E-03   6.2106293E-02   1.8550406E+00
   9.3590832E-01  -3.6573713E-03   1.1192562E-01   1.8554131E+00
   9.4252664E-01  -3.7555906E-03   1.2612683E-01   1.8554281E+00
   9.4583642E-01  -3.8868501E-03   1.4300476E-01   1.8554392E+00
   9.5245969E-01  -4.0343427E-03   2.2763032E-01   1.8558691E+00
   9.5577437E-01  -4.1395673E-03   2.3390505E-01   1.8558874E+00
   9.6241426E-01  -4.3469993E-03   3.1268328E-01   1.8564841E+00
   9.6573907E-01  -3.9965073E-03   3.2181492E-01   1.8565025E+00
   9.7239810E-01  -3.7675174E-03   3.5918555E-01   1.8564688E+00
   9.7573262E-01  -3.9327163E-03   4.4663036E-01   1.8568497E+00
   9.8241371E-01  -4.0111542E-03   4.7066003E-01   1.8569616E+00
   9.8576134E-01  -3.9168359E-03   4.8893738E-01   1.8570459E+00
   9.9247265E-01  -3.9679362E-03   5.7424867E-01   1.8578629E+00
   9.9583709E-01  -3.7018298E-03   5.9391612E-01   1.8578246E+00
   1.0025851E+00  -3.8816710E-03   6.7172730E-01   1.8580132E+00
   1.0049307E+00  -4.5715757E-03   7.0918006E-01   1.8588381E+00
   1.0117215E+00  -3.6819053E-03   7.6909643E-01   1.8588129E+00
   1.0164927E+00  -3.3710180E-03   8.2347840E-01   1.8589263E+00
   1.0217532E+00  -3.8099666E-03   8.8681179E-01   1.8591096E+00
   1.0260705E+00  -4.2299149E-03   9.3943459E-01   1.8594838E+00
   1.0306308E+00  -3.7870423E-03   1.0011050E+00   1.8599075E+00
   1.0356586E+00  -3.3191305E-03   1.0565565E+00   1.8601720E+00
   1.0412018E+00  -3.9437963E-03   1.1070409E+00   1.8603498E+00
   1.0441830E+00  -3.1372325E-03   1.1339271E+00   1.8604439E+00
   1.0505999E+00  -3.4347130E-03   1.2609795E+00   1.8611846E+00
   1.0540509E+00  -3.1440158E-03   1.2698854E+00   1.8611658E+00
   1.0611024E+00  -3.5266345E-03   1.2871286E+00   1.8609296E+00
   1.0646483E+00  -3.3366592E-03   1.3047324E+00   1.8608800E+00
   1.0682089E+00  -4.0718415E-03   1.3860705E+00   1.8613195E+00
   1.0753763E+00  -3.3172548E-03   1.4241053E+00   1.8613843E+00
   1.0789841E+00  -3.1272185E-03   1.4487588E+00   1.8614160E+00
   1.0862509E+00  -3.0186537E-03   1.5492793E+00   1.8620554E+00
   1.0899104E+00  -2.9837962E-03   1.5591302E+00   1.8619776E+00
   1.0935876E+00  -3.0713365E-03   1.5831245E+00   1.8618926E+00
   1.1009966E+00  -2.6670122E-03   1.6719375E+00   1.8626057E+00
   1.1047293E+00  -2.9252474E-03   1.6793764E+00   1.8626144E+00
   1.1084820E+00  -2.9947928E-03   1.7018783E+00   1.8627075E+00
   1.1160505E+00  -2.9898267E-03   1.7394859E+00   1.8630769E+00
   1.1198680E+00  -3.1824971E-03   1.7872006E+00   1.8635190E+00
   1.1237087E+00  -3.2656668E-03   1.7976205E+00   1.8636473E+00
   1.1275734E+00  -3.4720562E-03   1.8261214E+00   1.8641005E+00
   1.1353757E+00  -3.5986402E-03   1.8393552E+00   1.8642526E+00
   1.1393142E+00  -3.8326294E-03   1.9009635E+00   1.8650731E+00
   1.1432774E+00  -3.6153814E-03   1.8975229E+00   1.8651410E+00
   1.1495160E+00  -3.7851851E-03   1.9015568E+00   1.8655182E+00
   1.1542121E+00  -3.2124994E-03   1.9376419E+00   1.8660312E+00
   1.1593491E+00  -3.2186655E-03   1.9667562E+00   1.8663691E+00
   1.1650126E+00  -3.3770660E-03   1.9827497E+00   1.8666745E+00
   1.1680584E+00  -3.8997715E-03   2.0307617E+00   1.8675606E+00
   1.1746145E+00  -3.1533975E-03   2.0137918E+00   1.8676564E+00
   1.1781405E+00  -2.9942347E-03   2.0046356E+00   1.8675727E+00
   1.1818427E+00  -3.4589774E-03   2.0200005E+00   1.8680006E+00
   1.1898118E+00  -3.2155986E-03   2.0627265E+00   1.8689992E+00
   1.1940975E+00  -3.0677288E-03   2.0506649E+00   1.8690703E+00
   1.1985048E+00  -3.0879555E-03   2.0591476E+00   1.8696440E+00
   1.2029573E+00  -3.1230915E-03   2.0513313E+00   1.8697160E+00
   1.2074573E+00  -3.6020414E-03   2.0819137E+00   1.8704697E+00
   1.2120078E+00  -3.2122263E-03   2.0713058E+00   1.8705515E+00
   1.2166114E+00  -3.1863772E-03   2.0929534E+00   1.8711778E+00
   1.2212713E+00  -2.9327392E-03   2.0830922E+00   1.8712331E+00
   1.2259903E+00  -3.3930959E-03   2.1103504E+00   1.8718140E+00
   1.2307711E+00  -3.3683428E-03   2.1018507E+00   1.8718762E+00
   1.2356155E+00  -3.5291610E-03   2.1293364E+00   1.8724275E+00
   1.2405260E+00  -3.4149201E-03   2.1358442E+00   1.8726833E+00
   1.2455043E+00  -3.6842250E-03   2.1420698E+00   1.8728107E+00
   1.2533923E+00  -4.2524883E-03   2.1811175E+00   1.8736799E+00
   1.2570020E+00  -3.8725042E-03   2.1806271E+00   1.8737887E+00
   1.2607921E+00  -3.3757098E-03   2.1823156E+00   1.8737949E+00
   1.2689503E+00  -3.2827491E-03   2.2228050E+00   1.8745366E+00
   1.2733378E+00  -3.2268560E-03   2.2226233E+00   1.8745307E+00
   1.2779448E+00  -3.5896478E-03   2.2614419E+00   1.8751558E+00
   1.2827821E+00  -2.9954978E-03   2.2802284E+00   1.8756508E+00
   1.2878612E+00  -3.0530083E-03   2.2977440E+00   1.8759654E+00
   1.2931943E+00  -3.1152144E-03   2.3235707E+00   1.8763720E+00
   1.2987940E+00  -3.1092197E-03   2.3527677E+00   1.8768628E+00
   1.3046737E+00  -3.1443534E-03   2.3863957E+00   1.8773960E+00
   1.3107831E+00  -3.2825400E-03   2.4235129E+00   1.8779535E+00
   1.3170292E+00  -2.9639928E-03   2.4708004E+00   1.8787241E+00
   1.3232276E+00  -3.5390744E-03   2.5053563E+00   1.8791131E+00
   1.3295164E+00  -3.5174862E-03   2.5537350E+00   1.8797014E+00
   1.3357340E+00  -3.2595829E-03   2.6104739E+00   1.8806546E+00
   1.3418454E+00  -3.7231059E-03   2.6489425E+00   1.8810941E+00
   1.3482622E+00  -3.4874964E-03   2.7000554E+00   1.8817153E+00
   1.3548565E+00  -2.7980823E-03   2.7595851E+00   1.8827152E+00
   1.3614360E+00  -3.4212584E-03   2.8081269E+00   1.8834202E+00
   1.3677742E+00  -3.1478056E-03   2.8634582E+00   1.8841758E+00
   1.3740638E+00  -3.1959831E-03   2.9200482E+00   1.8849490E+00
   1.3787750E+00  -3.6948891E-03   2.9669647E+00   1.8855424E+00
   1.3837217E+00  -3.1731792E-03   3.0147853E+00   1.8861639E+00
   1.3889157E+00  -2.7715128E-03   3.0580733E+00   1.8866946E+00
   1.3943695E+00  -2.5950556E-03   3.1015720E+00   1.8871726E+00
   1.4000958E+00  -2.0826878E-03   3.1460211E+00   1.8876463E+00
   1.4061085E+00  -2.1432736E-03   3.1968889E+00   1.8882718E+00
   1.4124219E+00  -2.6102101E-03   3.2351480E+00   1.8885868E+00
   1.4189302E+00  -1.7894153E-03   3.2893987E+00   1.8892775E+00
   1.4254162E+00  -1.9606154E-03   3.3269503E+00   1.8897245E+00
   1.4318910E+00  -1.4392736E-03   3.3802879E+00   1.8905410E+00
   1.4383588E+00  -1.3771785E-03   3.4190876E+00   1.8911127E+00
   1.4448221E+00  -1.6050348E-03   3.4539976E+00   1.8916216E+00
   1.4512746E+00  -8.1414101E-04   3.4944329E+00   1.8924729E+00
   1.4580498E+00  -1.1541065E-03   3.5236406E+00   1.8929844E+00
   1.4646528E+00  -6.8013195E-04   3.5651851E+00   1.8940023E+00
   1.4709257E+00  -9.8315231E-04   3.5882652E+00   1.8944623E+00
   1.4775122E+00  -2.9715616E-04   3.6219823E+00   1.8953711E+00
   1.4838859E+00  -5.8951275E-04   3.6415467E+00   1.8959759E+00
   1.4904560E+00  -3.8190896E-04   3.6638615E+00   1.8967242E+00
   1.4954759E+00  -3.0867598E-04   3.6838815E+00   1.8975955E+00
   1.4994048E+00  -1.1432958E-04   3.6984537E+00   1.8982378E+00
   1.5031043E+00   3.2424403E-05   3.7000279E+00   1.8982779E+00
   1.5068913E+00  -4.8243260E-04   3.7262282E+00   1.8992853E+00
   1.5150427E+00   1.7506409E-04   3.7406812E+00   1.9002485E+00
   1.5194265E+00   5.3272373E-04   3.7464027E+00   1.9007828E+00
   1.5240295E+00   9.3513675E-04   3.7514968E+00   1.9012072E+00
   1.5288627E+00   6.8843906E-04   3.7604985E+00   1.9017258E+00
   1.5339375E+00   1.2279126E-03   3.7667720E+00   1.9023439E+00
   1.5392661E+00   1.2097629E-03   3.7715449E+00   1.9030253E+00
   1.5448611E+00   1.8278080E-03   3.7750547E+00   1.9037278E+00
   1.5500261E+00   1.9197875E-03   3.7766287E+00   1.9044676E+00
   1.5554492E+00   2.0596073E-03   3.7796359E+00   1.9051230E+00
   1.5609164E+00   2.2614272E-03   3.7802961E+00   1.9057548E+00
   1.5662714E+00   2.5800632E-03   3.7809970E+00   1.9063728E+00
   1.5715216E+00   2.9618866E-03   3.7822995E+00   1.9069611E+00
   1.5766739E+00   3.4047188E-03   3.7867725E+00   1.9076209E+00
   1.5816846E+00   2.9620777E-03   3.7854760E+00   1.9079202E+00
   1.5865635E+00   3.3033327E-03   3.7886693E+00   1.9083841E+00
   1.5914514E+00   3.6252989E-03   3.7927866E+00   1.9089111E+00
   1.5962688E+00   3.8600015E-03   3.7961600E+00   1.9094290E+00
   1.6010132E+00   4.1919439E-03   3.8006260E+00   1.9099110E+00
   1.6056883E+00   4.4572670E-03   3.8052282E+00   1.9103750E+00
   1.6102978E+00   4.2366427E-03   3.8104241E+00   1.9108421E+00
   1.6193321E+00   4.5409324E-03   3.8181157E+00   1.9113473E+00
   1.6237626E+00   4.1290126E-03   3.8349228E+00   1.9126180E+00
   1.6281389E+00   4.8652738E-03   3.8358383E+00   1.9127012E+00
   1.6324630E+00   4.5801122E-03   3.8483894E+00   1.9133974E+00
   1.6367372E+00   5.1415940E-03   3.8541651E+00   1.9138473E+00
   1.6409634E+00   5.0881854E-03   3.8625641E+00   1.9141905E+00
   1.6451439E+00   5.3178803E-03   3.8684623E+00   1.9142078E+00
   1.6533738E+00   6.0845162E-03   3.8897150E+00   1.9152735E+00
   1.6574266E+00   5.8311154E-03   3.9022501E+00   1.9161978E+00
   1.6614398E+00   6.2939315E-03   3.9118171E+00   1.9166223E+00
   1.6654149E+00   6.0320343E-03   3.9214008E+00   1.9166065E+00
   1.6732455E+00   6.2616845E-03   3.9450231E+00   1.9177920E+00
   1.6771140E+00   6.2785484E-03   3.9554996E+00   1.9178199E+00
   1.6809491E+00   5.8499025E-03   3.9673839E+00   1.9186311E+00
   1.6847519E+00   6.6786138E-03   3.9769964E+00   1.9191722E+00
   1.6922646E+00   6.2700436E-03   3.9983792E+00   1.9198602E+00
   1.6959763E+00   6.3948212E-03   4.0101185E+00   1.9198928E+00
   1.6996592E+00   5.6103864E-03   4.0166745E+00   1.9207776E+00
   1.7069424E+00   7.0830155E-03   4.0414729E+00   1.9209623E+00
   1.7105441E+00   7.3163151E-03   4.0413580E+00   1.9223176E+00
   1.7141201E+00   8.1933141E-03   4.0526085E+00   1.9223961E+00
   1.7211939E+00   7.9833297E-03   4.0734067E+00   1.9230554E+00
   1.7246838E+00   8.1714671E-03   4.0851994E+00   1.9231412E+00
   1.7315655E+00   7.9008872E-03   4.0894814E+00   1.9245377E+00
   1.7349590E+00   8.3348770E-03   4.0999613E+00   1.9245926E+00
   1.7416952E+00   9.1313981E-03   4.1256156E+00   1.9245209E+00
   1.7450266E+00   9.3358913E-03   4.1103587E+00   1.9256159E+00
   1.7516140E+00   9.3428940E-03   4.1281662E+00   1.9256563E+00
   1.7548702E+00   9.2635481E-03   4.1355524E+00   1.9256235E+00
   1.7613082E+00   8.5175689E-03   4.1017890E+00   1.9272412E+00
   1.7644902E+00   9.7397882E-03   4.1101952E+00   1.9272317E+00
   1.7707764E+00   1.1183068E-02   4.1299129E+00   1.9268435E+00
   1.7738819E+00   1.1256000E-02   4.1372094E+00   1.9266309E+00
   1.7800211E+00   9.9330638E-03   4.0739064E+00   1.9281775E+00
   1.7860689E+00   1.1316266E-02   4.0936623E+00   1.9280158E+00
   1.7890601E+00   1.1466593E-02   4.0982399E+00   1.9278926E+00
   1.7949795E+00   1.1091708E-02   4.0974655E+00   1.9278213E+00
   1.8008187E+00   1.1158367E-02   4.0275779E+00   1.9294622E+00
   1.8037095E+00   1.1827520E-02   4.0323453E+00   1.9293880E+00
   1.8094358E+00   1.1977790E-02   4.0347142E+00   1.9291307E+00
   1.8150915E+00   1.1593211E-02   4.0209112E+00   1.9291165E+00
   1.8206795E+00   1.1315163E-02   3.8583741E+00   1.9321114E+00
   1.8234495E+00   1.2661848E-02   3.8756342E+00   1.9318668E+00
   1.8289427E+00   1.2551125E-02   3.9907172E+00   1.9292021E+00
   1.8343759E+00   9.5367189E-03   3.7903888E+00   1.9322840E+00
   1.8397521E+00   1.2625199E-02   3.8090827E+00   1.9318612E+00
   1.8450739E+00   1.2631604E-02   3.8131201E+00   1.9315152E+00
   1.8477151E+00   1.2158941E-02   3.8016727E+00   1.9314649E+00
   1.8529596E+00   1.1170566E-02   3.6328478E+00   1.9329406E+00
   1.8581556E+00   1.2616377E-02   3.6431708E+00   1.9328285E+00
   1.8633051E+00   1.2508693E-02   3.6538465E+00   1.9324583E+00
   1.8684099E+00   1.1690163E-02   3.6129506E+00   1.9324590E+00
   1.8734717E+00   1.1683072E-02   3.3942382E+00   1.9343814E+00
   1.8784928E+00   1.3302354E-02   3.5372589E+00   1.9331994E+00
   1.8834746E+00   8.9975828E-03   3.3505151E+00   1.9341110E+00
   1.8884187E+00   1.2942553E-02   3.3482101E+00   1.9343864E+00
   1.8933268E+00   1.3469757E-02   3.3334823E+00   1.9343301E+00
   1.8982002E+00   1.2333767E-02   3.2930660E+00   1.9342978E+00
   1.9030403E+00   1.0466737E-02   3.0999858E+00   1.9349639E+00
   1.9078485E+00   1.4107447E-02   3.1261528E+00   1.9349895E+00
   1.9126259E+00   1.3882269E-02   3.1270876E+00   1.9347221E+00
   1.9173737E+00   1.1968412E-02   3.0883832E+00   1.9344990E+00
   1.9220928E+00   1.1033952E-02   2.9473648E+00   1.9347842E+00
   1.9267843E+00   1.2411135E-02   2.8723018E+00   1.9351211E+00
   1.9337717E+00   1.3727102E-02   2.7101591E+00   1.9355360E+00
   1.9383982E+00   1.2100638E-02   2.8429184E+00   1.9341071E+00
   1.9429998E+00   1.4032667E-02   2.6708629E+00   1.9349782E+00
   1.9475775E+00   1.2751834E-02   2.6593094E+00   1.9348729E+00
   1.9521317E+00   1.2266608E-02   2.6328015E+00   1.9348283E+00
   1.9566635E+00   1.2740900E-02   2.4456694E+00   1.9350661E+00
   1.9634205E+00   1.2552862E-02   2.4478204E+00   1.9351305E+00
   1.9678993E+00   1.2288796E-02   2.4392986E+00   1.9351199E+00
   1.9723579E+00   1.1915555E-02   2.3783817E+00   1.9351246E+00
   1.9767963E+00   1.1735831E-02   2.2858627E+00   1.9351814E+00
   1.9812155E+00   1.1709867E-02   2.2208726E+00   1.9351563E+00
   1.9878105E+00   1.1378846E-02   2.1744676E+00   1.9350047E+00
   1.9921862E+00   1.1126981E-02   2.1249104E+00   1.9347811E+00
   1.9965464E+00   1.1004439E-02   2.0710845E+00   1.9346060E+00
   2.0008924E+00   1.0872043E-02   2.0094514E+00   1.9344686E+00
   2.0073867E+00   1.0605032E-02   1.9553475E+00   1.9343853E+00
   2.0117009E+00   1.0384348E-02   1.8966413E+00   1.9342633E+00
   2.0160036E+00   1.0373948E-02   1.8563327E+00   1.9341680E+00
   2.0224385E+00   1.0103023E-02   1.7731103E+00   1.9339559E+00
   2.0267162E+00   1.0035366E-02   1.7371290E+00   1.9338491E+00
   2.0309851E+00   1.0035813E-02   1.6961182E+00   1.9337728E+00
   2.0373728E+00   9.7928122E-03   1.6374140E+00   1.9337085E+00
   2.0416214E+00   1.0214160E-02   1.5716734E+00   1.9336082E+00
   2.0458632E+00   9.6193654E-03   1.5235293E+00   1.9335182E+00
   2.0500984E+00   9.5826685E-03   1.4981196E+00   1.9335036E+00
   2.0564399E+00   9.6548013E-03   1.4536303E+00   1.9334201E+00
   2.0606613E+00   9.2316503E-03   1.4081827E+00   1.9332796E+00
   2.0648782E+00   9.4099967E-03   1.3526949E+00   1.9330877E+00
   2.0711958E+00   9.2695476E-03   1.2558787E+00   1.9326562E+00
   2.0754035E+00   9.4148051E-03   1.2349873E+00   1.9325275E+00
   2.0817091E+00   8.7633515E-03   1.1981796E+00   1.9323599E+00
   2.0859101E+00   8.8137938E-03   1.1271918E+00   1.9319218E+00
   2.0901086E+00   8.7236585E-03   1.0698566E+00   1.9314570E+00
   2.0964031E+00   8.3163902E-03   1.0334578E+00   1.9311986E+00
   2.1005976E+00   8.3012301E-03   9.9733835E-01   1.9309914E+00
   2.1047909E+00   7.9746153E-03   9.2168123E-01   1.9303372E+00
   2.1110787E+00   7.3009464E-03   8.5849500E-01   1.9297992E+00
   2.1152701E+00   7.3385942E-03   8.1905830E-01   1.9294776E+00
   2.1194611E+00   7.0488635E-03   7.6790428E-01   1.9291031E+00
   2.1257486E+00   6.8853470E-03   6.8120784E-01   1.9283270E+00
   2.1299415E+00   7.1718427E-03   6.4062917E-01   1.9280854E+00
   2.1341360E+00   6.4934464E-03   5.8628148E-01   1.9277403E+00
   2.1404319E+00   6.3994806E-03   4.8337698E-01   1.9270436E+00
   2.1446331E+00   5.7907645E-03   4.4737452E-01   1.9267615E+00
   2.1488376E+00   5.8543216E-03   3.9935964E-01   1.9265343E+00
   2.1551514E+00   5.9219059E-03   3.1093726E-01   1.9260195E+00
   2.1593661E+00   5.5986629E-03   2.4472532E-01   1.9255517E+00
   2.1635854E+00   4.4504520E-03   1.6130498E-01   1.9248520E+00
   2.1699240E+00  -1.3858266E-04   1.0038526E-01   1.9245429E+00
   2.1741567E+00   2.7466922E-03   5.1073510E-02   1.9243659E+00
   2.1783960E+00   4.0981183E-03  -1.2396806E-02   1.9239767E+00
   2.1847701E+00   3.3482001E-03  -1.2837869E-01   1.9230814E+00
   2.1890295E+00   6.3776053E-03  -1.9443208E-01   1.9225782E+00
   2.1932983E+00  -2.4399192E-04  -2.7294782E-01   1.9219761E+00
   2.1997180E+00   3.4170141E-03  -3.6773500E-01   1.9212184E+00
   2.2040083E+00   2.9838411E-03  -4.1265774E-01   1.9209008E+00
   2.2083082E+00   1.4351526E-03  -4.7204307E-01   1.9205964E+00
   2.2147763E+00   1.2087089E-03  -5.8915412E-01   1.9198180E+00
   2.2190323E+00   1.7809129E-03  -6.5935886E-01   1.9191686E+00
   2.2233484E+00   3.6944996E-04  -7.1119529E-01   1.9188272E+00
   2.2276988E+00  -2.0009952E-04  -7.6940250E-01   1.9184724E+00
   2.2342477E+00  -5.1315734E-04  -8.6165428E-01   1.9178443E+00
   2.2386303E+00  -3.5395788E-04  -9.5982713E-01   1.9169844E+00
   2.2430274E+00   2.1822554E-04  -1.0090550E+00   1.9165008E+00
   2.2474403E+00  -7.8860816E-04  -1.0936201E+00   1.9157361E+00
   2.2540894E+00  -1.5268731E-03  -1.1545275E+00   1.9154832E+00
   2.2585430E+00  -1.1990628E-03  -1.2094629E+00   1.9152164E+00
   2.2630129E+00  -1.7291229E-03  -1.2750869E+00   1.9146674E+00
   2.2674999E+00  -6.5848450E-05  -1.5166525E+00   1.9109378E+00
   2.2720056E+00  -4.4082305E-03  -1.5010828E+00   1.9108573E+00
   2.2788022E+00  -4.5975246E-03  -1.4332733E+00   1.9131603E+00
   2.2833583E+00  -2.7676213E-03  -1.4852581E+00   1.9132811E+00
   2.2879372E+00  -9.5150614E-04  -1.8240578E+00   1.9072566E+00
   2.2925396E+00  -7.7624945E-03  -1.7533675E+00   1.9082015E+00
   2.2971640E+00  -5.7220985E-03  -1.6846243E+00   1.9096125E+00
   2.3018103E+00  -3.4251250E-03  -1.7178500E+00   1.9099057E+00
   2.3064797E+00  -4.1460325E-03  -2.0007031E+00   1.9048392E+00
   2.3135331E+00  -6.8491972E-03  -1.9370748E+00   1.9063073E+00
   2.3182683E+00  -6.0736816E-03  -1.9154963E+00   1.9071440E+00
   2.3230319E+00  -5.8454690E-03  -1.9854429E+00   1.9064510E+00
   2.3278248E+00  -6.9636106E-03  -2.2276564E+00   1.9010534E+00
   2.3326461E+00  -1.1416969E-02  -2.0514197E+00   1.9054604E+00
   2.3374963E+00  -7.8231571E-03  -2.0803835E+00   1.9048706E+00
   2.3423789E+00  -6.3124299E-03  -2.2291024E+00   1.9028016E+00
   2.3472979E+00  -6.5559652E-03  -2.2950633E+00   1.9012614E+00
   2.3521903E+00  -1.2271641E-02  -2.3225987E+00   1.9001883E+00
   2.3570318E+00  -9.3076779E-03  -2.3319819E+00   1.8995911E+00
   2.3620615E+00  -8.2277255E-03  -2.3491666E+00   1.8990775E+00
   2.3671286E+00  -7.7221347E-03  -2.4398260E+00   1.8956996E+00
   2.3718293E+00  -9.3016820E-03  -2.4191649E+00   1.8959955E+00
   2.3762269E+00  -9.3172519E-03  -2.4068327E+00   1.8975928E+00
   2.3807166E+00  -8.2565509E-03  -2.4251618E+00   1.8977596E+00
   2.3855023E+00  -7.9616113E-03  -2.4921386E+00   1.8967561E+00
   2.3919559E+00  -9.0982541E-03  -2.5559955E+00   1.8924879E+00
   2.3957047E+00  -8.5397353E-03  -2.4779279E+00   1.8949676E+00
   2.4018157E+00  -8.1283115E-03  -2.4940310E+00   1.8954748E+00
   2.4052989E+00  -5.2555809E-03  -2.6794672E+00   1.8889346E+00
   2.4110365E+00  -1.0511138E-02  -2.6107588E+00   1.8909031E+00
   2.4162471E+00  -9.4764289E-03  -2.5201962E+00   1.8928887E+00
   2.4214978E+00  -6.7656767E-03  -2.5381672E+00   1.8929572E+00
   2.4258380E+00  -6.9333003E-03  -2.5724261E+00   1.8902816E+00
   2.4303324E+00  -8.7997643E-03  -2.6582816E+00   1.8873115E+00
   2.4351265E+00  -1.0761322E-02  -2.6601343E+00   1.8864521E+00
   2.4399037E+00  -9.6755689E-03  -2.6437330E+00   1.8863728E+00
   2.4459906E+00  -7.0729787E-03  -2.6121984E+00   1.8862896E+00
   2.4505992E+00  -9.5281200E-03  -2.6309757E+00   1.8852174E+00
   2.4554038E+00  -9.5557561E-03  -2.6796818E+00   1.8830539E+00
   2.4606092E+00  -1.0283334E-02  -2.6988788E+00   1.8820139E+00
   2.4658794E+00  -8.0905259E-03  -2.7026706E+00   1.8820343E+00
   2.4709551E+00  -7.8239692E-03  -2.6648047E+00   1.8820001E+00
   2.4753478E+00  -6.9826981E-03  -2.6853871E+00   1.8808526E+00
   2.4806516E+00  -8.0568967E-03  -2.6850677E+00   1.8796154E+00
   2.4844625E+00  -9.3195206E-03  -2.7240083E+00   1.8780606E+00
   2.4905405E+00  -8.4262649E-03  -2.7227716E+00   1.8776242E+00
   2.4953089E+00  -7.9304520E-03  -2.7346385E+00   1.8776778E+00
   2.4999769E+00  -7.7851140E-03  -2.7205179E+00   1.8770027E+00
   2.5046284E+00  -8.1917392E-03  -2.7361600E+00   1.8759929E+00
   2.5093999E+00  -9.2720566E-03  -2.7536328E+00   1.8749331E+00
   2.5149865E+00  -7.7867010E-03  -2.7492397E+00   1.8736054E+00
   2.5193269E+00  -7.9817232E-03  -2.7672150E+00   1.8728439E+00
   2.5241349E+00  -9.0989759E-03  -2.7764816E+00   1.8723844E+00
   2.5289938E+00  -7.8301514E-03  -2.7743957E+00   1.8716357E+00
   2.5339358E+00  -8.5812500E-03  -2.7800045E+00   1.8708751E+00
   2.5388536E+00  -7.8917556E-03  -2.7999294E+00   1.8700986E+00
   2.5436792E+00  -7.1859616E-03  -2.7954891E+00   1.8691573E+00
   2.5487247E+00  -8.8821528E-03  -2.8213856E+00   1.8684251E+00
   2.5539138E+00  -7.7698627E-03  -2.8395274E+00   1.8675052E+00
   2.5588539E+00  -6.5047573E-03  -2.8248422E+00   1.8665944E+00
   2.5636132E+00  -7.3840772E-03  -2.8336039E+00   1.8660997E+00
   2.5683103E+00  -5.1893219E-03  -2.8439007E+00   1.8658593E+00
   2.5731814E+00  -6.7866100E-03  -2.8657722E+00   1.8656052E+00
   2.5793183E+00  -5.9074280E-03  -2.8606431E+00   1.8645964E+00
   2.5833223E+00  -7.1526128E-03  -2.8886683E+00   1.8634933E+00
   2.5886340E+00  -7.5201434E-03  -2.9132695E+00   1.8622714E+00
   2.5937088E+00  -6.7239134E-03  -2.8920312E+00   1.8616782E+00
   2.5986559E+00  -6.0010930E-03  -2.8987417E+00   1.8613182E+00
   2.6036253E+00  -5.8194217E-03  -2.9124327E+00   1.8607967E+00
   2.6089017E+00  -6.5139094E-03  -2.9312384E+00   1.8601494E+00
   2.6131036E+00  -6.5643582E-03  -2.9224570E+00   1.8595001E+00
   2.6186998E+00  -5.8441227E-03  -2.9384263E+00   1.8578779E+00
   2.6229203E+00  -7.4306885E-03  -2.9184573E+00   1.8560963E+00
   2.6273973E+00  -6.2530334E-03  -2.9564524E+00   1.8561310E+00
   2.6334486E+00  -4.8422231E-03  -2.9213657E+00   1.8563883E+00
   2.6382315E+00  -6.6917036E-03  -2.9271269E+00   1.8560508E+00
   2.6428330E+00  -4.2878054E-03  -2.9124959E+00   1.8550798E+00
   2.6472723E+00  -5.7238396E-03  -2.9043870E+00   1.8531318E+00
   2.6519287E+00  -5.5769999E-03  -2.9349952E+00   1.8514156E+00
   2.6580880E+00  -6.7052911E-03  -2.8956866E+00   1.8514774E+00
   2.6624951E+00  -5.2538118E-03  -2.8661816E+00   1.8521020E+00
   2.6670604E+00  -4.5222915E-03  -2.8845365E+00   1.8518249E+00
   2.6730299E+00  -5.9484825E-03  -2.8389606E+00   1.8497671E+00
   2.6774087E+00  -7.1295570E-03  -2.8467915E+00   1.8482045E+00
   2.6817484E+00  -6.4277472E-03  -2.8266556E+00   1.8482655E+00
   2.6873617E+00  -5.2928282E-03  -2.8143349E+00   1.8487570E+00
   2.6915228E+00  -5.0037545E-03  -2.7969277E+00   1.8487453E+00
   2.6970727E+00  -5.0084293E-03  -2.7690814E+00   1.8479367E+00
   2.7017846E+00  -4.9224487E-03  -2.7124083E+00   1.8453670E+00
   2.7064233E+00  -4.9601691E-03  -2.7231598E+00   1.8447819E+00
   2.7111044E+00  -5.8401651E-03  -2.7065825E+00   1.8449109E+00
   2.7171781E+00  -4.5905933E-03  -2.6958749E+00   1.8450216E+00
   2.7217851E+00  -5.0654244E-03  -2.6535282E+00   1.8447154E+00
   2.7259934E+00  -5.2301749E-03  -2.6037030E+00   1.8423033E+00
   2.7313247E+00  -6.0270643E-03  -2.5946181E+00   1.8417860E+00
   2.7363391E+00  -3.1071932E-03  -2.5850992E+00   1.8420916E+00
   2.7415686E+00  -4.0607201E-03  -2.5431905E+00   1.8422571E+00
   2.7461085E+00  -3.9880229E-03  -2.5210536E+00   1.8420264E+00
   2.7510009E+00  -4.3309550E-03  -2.4547551E+00   1.8408523E+00
   2.7556167E+00  -3.9928230E-03  -2.4427929E+00   1.8391255E+00
   2.7607403E+00  -5.2125216E-03  -2.3877523E+00   1.8386106E+00
   2.7654142E+00  -4.2560897E-03  -2.3986335E+00   1.8384893E+00
   2.7701986E+00  -3.4983933E-03  -2.3595583E+00   1.8385127E+00
   2.7751868E+00  -2.6702599E-03  -2.3198032E+00   1.8383582E+00
   2.7804797E+00  -2.7112621E-03  -2.2870772E+00   1.8379315E+00
   2.7858608E+00  -2.9424957E-03  -2.2341599E+00   1.8367981E+00
   2.7910604E+00  -3.0372750E-03  -2.2113645E+00   1.8359637E+00
   2.7961631E+00  -2.7306736E-03  -2.1818635E+00   1.8353676E+00
   2.8011544E+00  -2.0636721E-03  -2.1606553E+00   1.8349438E+00
   2.8060970E+00  -1.7862699E-03  -2.1273098E+00   1.8345407E+00
   2.8110123E+00  -1.6174504E-03  -2.0908420E+00   1.8336838E+00
   2.8158691E+00  -1.2417332E-03  -2.0642905E+00   1.8330846E+00
   2.8203630E+00  -9.9036796E-04  -2.0475161E+00   1.8327657E+00
   2.8258271E+00  -8.7265205E-04  -2.0307217E+00   1.8323798E+00
   2.8298151E+00  -2.4808606E-04  -1.9893724E+00   1.8314850E+00
   2.8349485E+00  -6.8313611E-04  -1.9785507E+00   1.8305714E+00
   2.8393173E+00  -6.9096271E-04  -1.9687108E+00   1.8305563E+00
   2.8443749E+00   3.4043455E-04  -1.9492202E+00   1.8305010E+00
   2.8492196E+00   9.5360243E-04  -1.9101106E+00   1.8301562E+00
   2.8542850E+00   5.5308366E-04  -1.9106870E+00   1.8296982E+00
   2.8595293E+00   5.3862156E-04  -1.8603678E+00   1.8285499E+00
   2.8649116E+00   5.4799544E-04  -1.8704109E+00   1.8283296E+00
   2.8701074E+00   9.8033051E-04  -1.8529903E+00   1.8283298E+00
   2.8752928E+00   1.5085050E-03  -1.8340341E+00   1.8282194E+00
   2.8787124E+00   1.5715134E-03  -1.8148214E+00   1.8279225E+00
   2.8837430E+00   1.5286198E-03  -1.8110213E+00   1.8273600E+00
   2.8889027E+00   1.0886596E-03  -1.7751046E+00   1.8265220E+00
   2.8937857E+00   1.1225528E-03  -1.7896645E+00   1.8262701E+00
   2.8986120E+00   1.4117989E-03  -1.7673303E+00   1.8261607E+00
   2.9046886E+00   1.5561890E-03  -1.7413230E+00   1.8257539E+00
   2.9096889E+00   2.9909071E-03  -1.7450682E+00   1.8253689E+00
   2.9132102E+00   2.3780111E-03  -1.7416915E+00   1.8250216E+00
   2.9183395E+00   2.9277888E-03  -1.7371876E+00   1.8245744E+00
   2.9233716E+00   2.0772994E-03  -1.7309752E+00   1.8239354E+00
   2.9283483E+00   4.3196194E-03  -1.6951345E+00   1.8236457E+00
   2.9333673E+00   2.7799262E-03  -1.7327749E+00   1.8235936E+00
   2.9383383E+00   3.6081667E-03  -1.6810428E+00   1.8234334E+00
   2.9433968E+00   2.8957445E-03  -1.7131065E+00   1.8230884E+00
   2.9480748E+00   3.2815796E-03  -1.6724451E+00   1.8226725E+00
   2.9538598E+00   2.7626641E-03  -1.6975770E+00   1.8221709E+00
   2.9578514E+00   3.3395165E-03  -1.6634007E+00   1.8217146E+00
   2.9631317E+00   2.8533493E-03  -1.6687435E+00   1.8214799E+00
   2.9675486E+00   3.2095788E-03  -1.6513906E+00   1.8214494E+00
   2.9732630E+00   3.2168329E-03  -1.6658443E+00   1.8213476E+00
   2.9779396E+00   3.1595649E-03  -1.6411494E+00   1.8211110E+00
   2.9825449E+00   3.3782481E-03  -1.6144814E+00   1.8206633E+00
   2.9884503E+00   2.8589468E-03  -1.5787085E+00   1.8193733E+00
   2.9926693E+00   2.9794404E-03  -1.5850954E+00   1.8190970E+00
   2.9981432E+00   3.4302506E-03  -1.5815034E+00   1.8192854E+00
   3.0033484E+00   3.5854678E-03  -1.5752515E+00   1.8194987E+00
   3.0071309E+00   3.4894901E-03  -1.5498091E+00   1.8192372E+00
   3.0120256E+00   2.8313952E-03  -1.4883069E+00   1.8176738E+00
   3.0174100E+00   2.9711251E-03  -1.4922918E+00   1.8176993E+00
   3.0229502E+00   2.9492122E-03  -1.4979059E+00   1.8180441E+00
   3.0269074E+00   3.6751989E-03  -1.4774303E+00   1.8182495E+00
   3.0325439E+00   3.3679651E-03  -1.4392747E+00   1.8180100E+00
   3.0378740E+00   3.1779832E-03  -1.3972658E+00   1.8170272E+00
   3.0419874E+00   2.5901506E-03  -1.3635817E+00   1.8168020E+00
   3.0478473E+00   2.9284917E-03  -1.3516676E+00   1.8168077E+00
   3.0523582E+00   3.0724714E-03  -1.3391469E+00   1.8169430E+00
   3.0568688E+00   3.3089872E-03  -1.3156763E+00   1.8170621E+00
   3.0613797E+00   3.4205341E-03  -1.2778519E+00   1.8170154E+00
   3.0675178E+00   3.0569348E-03  -1.2143830E+00   1.8165064E+00
   3.0718634E+00   2.7486775E-03  -1.1953735E+00   1.8160868E+00
   3.0761075E+00   2.6143801E-03  -1.1669850E+00   1.8158202E+00
   3.0814300E+00   3.0570484E-03  -1.1600478E+00   1.8158077E+00
   3.0866768E+00   3.1251097E-03  -1.1177143E+00   1.8159338E+00
   3.0911078E+00   3.7748497E-03  -1.0768592E+00   1.8159149E+00
   3.0958731E+00   3.7834428E-03  -1.0477206E+00   1.8157448E+00
   3.1015375E+00   3.7563618E-03  -1.0000377E+00   1.8153490E+00
   3.1067340E+00   4.0185973E-03  -9.4659477E-01   1.8150744E+00
   3.1119375E+00   3.9746366E-03  -9.2676079E-01   1.8149706E+00
   3.1165638E+00   4.1104932E-03  -8.9889961E-01   1.8149775E+00
   3.1215973E+00   4.7736475E-03  -8.5326624E-01   1.8149797E+00
   3.1251538E+00   4.9932613E-03  -8.0272549E-01   1.8149147E+00
   3.1303561E+00   5.2345074E-03  -7.9410374E-01   1.8147351E+00
   3.1359837E+00   4.7358368E-03  -7.6083440E-01   1.8146194E+00
   3.1401916E+00   4.9791615E-03  -7.4624789E-01   1.8145310E+00
   3.1464374E+00   5.0903773E-03  -6.9040185E-01   1.8143185E+00
   3.1503873E+00   5.3664125E-03  -6.6177207E-01   1.8141701E+00
   3.1562700E+00   5.2693547E-03  -6.1938512E-01   1.8140117E+00
   3.1599545E+00   5.4662754E-03  -6.0767114E-01   1.8139211E+00
   3.1653857E+00   5.3531080E-03  -5.7257086E-01   1.8138137E+00
   3.1704674E+00   5.4427115E-03  -5.3888392E-01   1.8136021E+00
   3.1753695E+00   5.5129966E-03  -5.1612270E-01   1.8134892E+00
   3.1800897E+00   5.3642909E-03  -4.9558949E-01   1.8133558E+00
   3.1847386E+00   5.4368479E-03  -4.7204849E-01   1.8132863E+00
   3.1893537E+00   5.3461683E-03  -4.4406927E-01   1.8132402E+00
   3.1955028E+00   5.4826289E-03  -4.1898686E-01   1.8132083E+00
   3.2001195E+00   5.3148675E-03  -4.0476990E-01   1.8132067E+00
   3.2049146E+00   5.4171248E-03  -3.8085726E-01   1.8132312E+00
   3.2099729E+00   5.4499614E-03  -3.5820869E-01   1.8132544E+00
   3.2154269E+00   5.4175388E-03  -3.3513528E-01   1.8132896E+00
   3.2192590E+00   5.4762224E-03  -3.2984388E-01   1.8133074E+00
   3.2253530E+00   5.4860325E-03  -3.0763596E-01   1.8133531E+00
   3.2293510E+00   5.5218781E-03  -2.9556692E-01   1.8133796E+00
   3.2352481E+00   5.4195989E-03  -2.7205113E-01   1.8134040E+00
   3.2389240E+00   5.3527742E-03  -2.6128158E-01   1.8134104E+00
   3.2442901E+00   5.1853945E-03  -2.4265456E-01   1.8134136E+00
   3.2492180E+00   5.2880212E-03  -2.4467926E-01   1.8134295E+00
   3.2542446E+00   4.9162130E-03  -2.2270833E-01   1.8134400E+00
   3.2590258E+00   5.0263065E-03  -2.2496903E-01   1.8134706E+00
   3.2638595E+00   4.6731140E-03  -1.8598589E-01   1.8135092E+00
   3.2686577E+00   4.7501558E-03  -2.1409130E-01   1.8135209E+00
   3.2736928E+00   4.8006279E-03  -1.8560384E-01   1.8135406E+00
   3.2785199E+00   4.2768703E-03  -1.9282874E-01   1.8136127E+00
   3.2841077E+00   4.5003477E-03  -1.5192956E-01   1.8137355E+00
   3.2880630E+00   4.5032273E-03  -1.4542188E-01   1.8137876E+00
   3.2937734E+00   4.1623409E-03  -1.3750482E-01   1.8138331E+00
   3.2987952E+00   3.9034341E-03  -1.3568811E-01   1.8139074E+00
   3.3041725E+00   3.9173756E-03  -1.2187017E-01   1.8140302E+00
   3.3075950E+00   3.6827996E-03  -1.1051674E-01   1.8141023E+00
   3.3133771E+00   3.4607302E-03  -9.5565826E-02   1.8141428E+00
   3.3175819E+00   3.4618925E-03  -9.2491619E-02   1.8141519E+00
   3.3222179E+00   3.4214666E-03  -7.2421268E-02   1.8141838E+00
   3.3273289E+00   3.3628738E-03  -5.9481412E-02   1.8142507E+00
   3.3329639E+00   3.1901370E-03  -3.5167366E-02   1.8143215E+00
   3.3391764E+00   3.0531562E-03  -1.8408906E-02   1.8143694E+00
   3.3425176E+00   2.7204084E-03   2.3760986E-02   1.8144863E+00
   3.3497095E+00   2.8181539E-03   1.7990142E-02   1.8144290E+00
   3.3535774E+00   2.6799622E-03   1.8869139E-02   1.8143837E+00
   3.3576384E+00   2.5749323E-03   2.7518872E-02   1.8143977E+00
   3.3616977E+00   2.2569385E-03   1.0425568E-01   1.8148589E+00
   3.3659601E+00   2.4210201E-03   1.0434920E-01   1.8148615E+00
   3.3704355E+00   2.4911757E-03   1.0614917E-01   1.8148298E+00
   3.3751347E+00   2.4183730E-03   1.1480585E-01   1.8148283E+00
   3.3800688E+00   2.1363511E-03   1.7390104E-01   1.8153111E+00
   3.3852496E+00   2.3134756E-03   1.8322036E-01   1.8153428E+00
   3.3906214E+00   2.3308035E-03   2.2548312E-01   1.8155975E+00
   3.3960054E+00   2.2037337E-03   2.5288770E-01   1.8157924E+00
   3.4014039E+00   2.1375909E-03   2.8643927E-01   1.8160027E+00
   3.4068205E+00   2.1766867E-03   3.2234988E-01   1.8162167E+00
   3.4122598E+00   2.1307962E-03   3.6004543E-01   1.8164276E+00
   3.4177272E+00   2.1511971E-03   3.9822677E-01   1.8166291E+00
   3.4232285E+00   2.2998154E-03   4.3664411E-01   1.8168336E+00
   3.4287691E+00   2.2851529E-03   4.7832301E-01   1.8170534E+00
   3.4326386E+00   9.9609548E-04   5.2421832E-01   1.8174856E+00
   3.4359627E+00   1.7076260E-03   5.4859978E-01   1.8174784E+00
   3.4415987E+00   2.5130438E-03   5.8878940E-01   1.8176247E+00
   3.4464970E+00   2.7072020E-03   6.8245530E-01   1.8184141E+00
   3.4521675E+00   2.7914953E-03   6.5902030E-01   1.8180037E+00
   3.4564362E+00   2.4939335E-03   6.7840785E-01   1.8179684E+00
   3.4611423E+00   1.4652283E-03   8.3594239E-01   1.8191737E+00
   3.4663310E+00   3.2833463E-03   8.2223654E-01   1.8190982E+00
   3.4720514E+00   2.9672452E-03   8.1228256E-01   1.8188149E+00
   3.4751277E+00   2.8442936E-03   8.1798542E-01   1.8187894E+00
   3.4817498E+00   1.4023968E-03   9.5141941E-01   1.8198104E+00
   3.4853110E+00   2.5776823E-03   9.5991671E-01   1.8199173E+00
   3.4890506E+00   3.1160382E-03   9.6656346E-01   1.8198646E+00
   3.4970996E+00   3.1544750E-03   9.9301571E-01   1.8198168E+00
   3.5014286E+00   2.4630884E-03   1.0781590E+00   1.8207045E+00
   3.5059738E+00   3.0158740E-03   1.0871274E+00   1.8207310E+00
   3.5107465E+00   3.2619562E-03   1.0999141E+00   1.8206961E+00
   3.5157576E+00   3.2162874E-03   1.1542712E+00   1.8211299E+00
   3.5210195E+00   3.2295852E-03   1.1808839E+00   1.8213782E+00
   3.5265443E+00   3.0045568E-03   1.2128545E+00   1.8215860E+00
   3.5323453E+00   3.1291011E-03   1.2472464E+00   1.8218772E+00
   3.5384364E+00   3.0023705E-03   1.2809137E+00   1.8222063E+00
   3.5446036E+00   3.1248860E-03   1.3167195E+00   1.8225851E+00
   3.5504017E+00   2.3655784E-03   1.3661394E+00   1.8231916E+00
   3.5558901E+00   2.8827328E-03   1.4211034E+00   1.8236452E+00
   3.5600216E+00   3.2903019E-03   1.4094933E+00   1.8237386E+00
   3.5655930E+00   3.3710334E-03   1.4357165E+00   1.8240141E+00
   3.5705462E+00   3.3996417E-03   1.4885511E+00   1.8247060E+00
   3.5753312E+00   3.3301201E-03   1.5021553E+00   1.8249682E+00
   3.5789335E+00   3.2339985E-03   1.5127205E+00   1.8251067E+00
   3.5850406E+00   3.2112247E-03   1.5365286E+00   1.8255594E+00
   3.5896378E+00   3.1566804E-03   1.5498593E+00   1.8257560E+00
   3.5947063E+00   3.1586960E-03   1.5829437E+00   1.8262893E+00
   3.6002944E+00   3.0850952E-03   1.6006963E+00   1.8266675E+00
   3.6032996E+00   3.1534578E-03   1.6118945E+00   1.8268988E+00
   3.6097684E+00   2.9216914E-03   1.6329666E+00   1.8273480E+00
   3.6132474E+00   2.9621772E-03   1.6438487E+00   1.8275703E+00
   3.6207359E+00   2.9845955E-03   1.6963329E+00   1.8287907E+00
   3.6247633E+00   3.0229371E-03   1.6872891E+00   1.8286320E+00
   3.6289921E+00   2.9084440E-03   1.6835349E+00   1.8285215E+00
   3.6348009E+00   1.5865932E-03   1.7852691E+00   1.8301116E+00
   3.6379249E+00   2.3231320E-03   1.7746220E+00   1.8301311E+00
   3.6436753E+00   2.6500034E-03   1.7568359E+00   1.8299427E+00
   3.6477747E+00   2.2916615E-03   1.7613575E+00   1.8299974E+00
   3.6547248E+00   2.0095753E-03   1.8318017E+00   1.8311681E+00
   3.6572769E+00   2.0239984E-03   1.8387884E+00   1.8313330E+00
   3.6627705E+00   2.1174762E-03   1.8553587E+00   1.8316565E+00
   3.6688271E+00   1.6778708E-03   1.8746728E+00   1.8319272E+00
   3.6720843E+00   1.3931593E-03   1.9506022E+00   1.8334515E+00
   3.6790957E+00   1.8127370E-03   1.9297856E+00   1.8330343E+00
   3.6828663E+00   1.7374024E-03   1.9261322E+00   1.8327779E+00
   3.6868255E+00   7.4408366E-04   1.9535123E+00   1.8327150E+00
   3.6909828E+00   1.0411852E-03   1.9936341E+00   1.8337655E+00
   3.6984050E+00   8.6643384E-04   2.0521662E+00   1.8348489E+00
   3.7016988E+00   1.1930785E-03   2.0541534E+00   1.8349221E+00
   3.7075479E+00   6.5370527E-04   2.0785942E+00   1.8349675E+00
   3.7126939E+00   7.9483469E-04   2.1461542E+00   1.8363565E+00
   3.7183673E+00   8.8525587E-04   2.1452870E+00   1.8361902E+00
   3.7236392E+00   5.3231994E-04   2.1723764E+00   1.8362862E+00
   3.7273550E+00  -2.4539648E-04   2.2134280E+00   1.8369907E+00
   3.7314515E+00  -6.2118350E-05   2.2624230E+00   1.8379101E+00
   3.7383969E+00   3.0232515E-04   2.3383625E+00   1.8397187E+00
   3.7436252E+00   5.9679121E-04   2.3285401E+00   1.8389405E+00
   3.7464371E+00   2.2133687E-04   2.3307672E+00   1.8387043E+00
   3.7524893E+00  -9.0456975E-04   2.3707626E+00   1.8386954E+00
   3.7557445E+00  -1.1434470E-03   2.4004772E+00   1.8391058E+00
   3.7627509E+00  -3.4210121E-04   2.5212448E+00   1.8420466E+00
   3.7665191E+00  -8.5871092E-05   2.5143354E+00   1.8416376E+00
   3.7713649E+00  -6.7711028E-04   2.5237846E+00   1.8410031E+00
   3.7762375E+00  -1.7927894E-03   2.5690475E+00   1.8413947E+00
   3.7816091E+00  -1.0204836E-03   2.6793070E+00   1.8440411E+00
   3.7875316E+00  -8.7068311E-04   2.6732922E+00   1.8434465E+00
   3.7907166E+00  -1.2236021E-03   2.6838462E+00   1.8433343E+00
   3.7975726E+00  -2.4273475E-03   2.8023887E+00   1.8453212E+00
   3.8012598E+00  -1.7033054E-03   2.8091266E+00   1.8453763E+00
   3.8051312E+00  -1.4868191E-03   2.8210785E+00   1.8453345E+00
   3.8116894E+00  -1.2408439E-03   2.8788385E+00   1.8460332E+00
   3.8170559E+00  -2.2284349E-03   2.9276767E+00   1.8464727E+00
   3.8199420E+00  -3.0008983E-03   3.0074344E+00   1.8484428E+00
   3.8261545E+00  -1.8494651E-03   3.0078588E+00   1.8480643E+00
   3.8294954E+00  -2.0443555E-03   3.0138183E+00   1.8478692E+00
   3.8366871E+00  -3.4263120E-03   3.0906668E+00   1.8490199E+00
   3.8405547E+00  -2.7825448E-03   3.1023972E+00   1.8491631E+00
   3.8446159E+00  -2.2711793E-03   3.1389518E+00   1.8499786E+00
   3.8488801E+00  -2.1086906E-03   3.1526828E+00   1.8499955E+00
   3.8580585E+00  -2.7294061E-03   3.2142153E+00   1.8508909E+00
   3.8629947E+00  -2.4985988E-03   3.2611277E+00   1.8521521E+00
   3.8668616E+00  -2.3396052E-03   3.2746377E+00   1.8521700E+00
   3.8698735E+00  -2.5571282E-03   3.3257542E+00   1.8528457E+00
   3.8744640E+00  -2.2367719E-03   3.3393455E+00   1.8530228E+00
   3.8795249E+00  -3.9074486E-03   3.3874836E+00   1.8547276E+00
   3.8851047E+00  -2.9945080E-03   3.3894548E+00   1.8546410E+00
   3.8909810E+00  -3.3422951E-03   3.4046907E+00   1.8543677E+00
   3.8954194E+00  -2.9927860E-03   3.4295392E+00   1.8548682E+00
   3.9003129E+00  -3.3863662E-03   3.5006466E+00   1.8583256E+00
   3.9057081E+00  -2.9827422E-03   3.4741669E+00   1.8571637E+00
   3.9086094E+00  -3.8641845E-03   3.4670660E+00   1.8565925E+00
   3.9161971E+00  -5.3838850E-03   3.5556839E+00   1.8593128E+00
   3.9189832E+00  -4.6933861E-03   3.5467808E+00   1.8593184E+00
   3.9249806E+00  -3.8108572E-03   3.5278375E+00   1.8591158E+00
   3.9282060E+00  -4.7508981E-03   3.5263331E+00   1.8590839E+00
   3.9351487E+00  -6.4419899E-03   3.5880418E+00   1.8618808E+00
   3.9388824E+00  -5.0875554E-03   3.5818553E+00   1.8618735E+00
   3.9440956E+00  -3.0706790E-03   3.5835226E+00   1.8615415E+00
   3.9493167E+00  -4.7196141E-03   3.5865338E+00   1.8617765E+00
   3.9550731E+00  -6.6085211E-03   3.6337292E+00   1.8653362E+00
   3.9581687E+00  -5.5003641E-03   3.6231964E+00   1.8651695E+00
   3.9648325E+00  -5.3616036E-03   3.6016326E+00   1.8642633E+00
   3.9684162E+00  -6.0992120E-03   3.5974569E+00   1.8641020E+00
   3.9761300E+00  -7.0238519E-03   3.6158898E+00   1.8654037E+00
   3.9802787E+00  -6.5226140E-03   3.6331489E+00   1.8670079E+00
   3.9845977E+00  -6.5275426E-03   3.6312752E+00   1.8670455E+00
   3.9903426E+00  -5.4198168E-03   3.6559176E+00   1.8680874E+00
   3.9934323E+00  -6.3223969E-03   3.6454542E+00   1.8680766E+00
   4.0000825E+00  -8.4635196E-03   3.6533132E+00   1.8698001E+00
   4.0036592E+00  -7.7395872E-03   3.6490095E+00   1.8698261E+00
   4.0074143E+00  -7.5367363E-03   3.6465433E+00   1.8697256E+00
   4.0152411E+00  -7.8612193E-03   3.6527975E+00   1.8704182E+00
   4.0190811E+00  -8.6321309E-03   3.6691539E+00   1.8716196E+00
   4.0228748E+00  -7.9749916E-03   3.6680031E+00   1.8716882E+00
   4.0290613E+00  -7.8639071E-03   3.6911814E+00   1.8735201E+00
   4.0323887E+00  -7.7326004E-03   3.6840162E+00   1.8735259E+00
   4.0394850E+00  -9.9382587E-03   3.6802025E+00   1.8737248E+00
   4.0430498E+00  -9.5497873E-03   3.6853337E+00   1.8738222E+00
   4.0465775E+00  -9.7629810E-03   3.6994338E+00   1.8750771E+00
   4.0535240E+00  -9.8458733E-03   3.7068245E+00   1.8752069E+00
   4.0569439E+00  -1.0526888E-02   3.7154620E+00   1.8766915E+00
   4.0636792E+00  -9.8506687E-03   3.7247901E+00   1.8767308E+00
   4.0669951E+00  -1.0088192E-02   3.7311978E+00   1.8767723E+00
   4.0733223E+00  -1.0955968E-02   3.7461591E+00   1.8800404E+00
   4.0765190E+00  -1.0129707E-02   3.7469254E+00   1.8799298E+00
   4.0828695E+00  -9.8833255E-03   3.7594013E+00   1.8792493E+00
   4.0860009E+00  -1.0443891E-02   3.7681270E+00   1.8790005E+00
   4.0921783E+00  -1.1527225E-02   3.7783115E+00   1.8798472E+00
   4.0982480E+00  -1.0846039E-02   3.7936952E+00   1.8808500E+00
   4.1012435E+00  -1.1362709E-02   3.7940874E+00   1.8839475E+00
   4.1071601E+00  -1.0490229E-02   3.8102822E+00   1.8832082E+00
   4.1129808E+00  -1.0465099E-02   3.8278277E+00   1.8825258E+00
   4.1158571E+00  -1.1890187E-02   3.8366656E+00   1.8823754E+00
   4.1215425E+00  -1.3416283E-02   3.8103507E+00   1.8860669E+00
   4.1271315E+00  -1.0424456E-02   3.8439705E+00   1.8856345E+00
   4.1325860E+00  -9.6821804E-03   3.8712401E+00   1.8851354E+00
   4.1380281E+00  -1.2119090E-02   3.8870280E+00   1.8851603E+00
   4.1407208E+00  -1.2656250E-02   3.8824749E+00   1.8858405E+00
   4.1460524E+00  -1.1452642E-02   3.8457494E+00   1.8895895E+00
   4.1513143E+00  -1.0662133E-02   3.8822041E+00   1.8883277E+00
   4.1565099E+00  -1.2435983E-02   3.9074600E+00   1.8874143E+00
   4.1616406E+00  -1.3807573E-02   3.9037492E+00   1.8875728E+00
   4.1667109E+00  -1.2688967E-02   3.8411937E+00   1.8911929E+00
   4.1717224E+00  -1.0870497E-02   3.9101222E+00   1.8897887E+00
   4.1766772E+00  -1.7835675E-02   3.8669262E+00   1.8903136E+00
   4.1815777E+00  -1.4130764E-02   3.8729186E+00   1.8908135E+00
   4.1864257E+00  -1.1180359E-02   3.8769865E+00   1.8916216E+00
   4.1912236E+00  -1.5052452E-02   3.8187838E+00   1.8945802E+00
   4.1959734E+00  -1.0729055E-02   3.8735447E+00   1.8917049E+00
   4.2006764E+00  -1.5545122E-02   3.8610270E+00   1.8921778E+00
   4.2053351E+00  -1.7494272E-02   3.7778139E+00   1.8949201E+00
   4.2099509E+00  -1.2231153E-02   3.8144934E+00   1.8941821E+00
   4.2145252E+00  -1.2921476E-02   3.8258741E+00   1.8938503E+00
   4.2213120E+00  -1.7044794E-02   3.7721705E+00   1.8946837E+00
   4.2257886E+00  -1.5032134E-02   3.6365583E+00   1.8989671E+00
   4.2302289E+00  -1.4542987E-02   3.8088238E+00   1.8941268E+00
   4.2346339E+00  -1.9827349E-02   3.5978253E+00   1.8981689E+00
   4.2411785E+00  -1.5125407E-02   3.6793008E+00   1.8970892E+00
   4.2455010E+00  -1.6728969E-02   3.6818531E+00   1.8968736E+00
   4.2496738E+00  -1.8368920E-02   3.6467676E+00   1.8970702E+00
   4.2560554E+00  -1.7130274E-02   3.3972704E+00   1.9018506E+00
   4.2600012E+00  -1.5269843E-02   3.6794045E+00   1.8972504E+00
   4.2659969E+00  -1.8450992E-02   3.3841712E+00   1.9005353E+00
   4.2700415E+00  -1.6971478E-02   3.4515820E+00   1.9000176E+00
   4.2756133E+00  -1.6974075E-02   3.4819531E+00   1.8997612E+00
   4.2794499E+00  -1.9170169E-02   3.4182580E+00   1.8998398E+00
   4.2852278E+00  -1.8546935E-02   3.1888208E+00   1.9032195E+00
   4.2891417E+00  -1.8138364E-02   3.2836020E+00   1.9017645E+00
   4.2951159E+00  -1.9996107E-02   3.2860954E+00   1.9009535E+00
   4.2990851E+00  -2.1039516E-02   3.1982434E+00   1.9011874E+00
   4.3049970E+00  -2.0257736E-02   3.0888488E+00   1.9026712E+00
   4.3089118E+00  -1.9991647E-02   3.0553041E+00   1.9032490E+00
   4.3146210E+00  -2.0493452E-02   3.0115860E+00   1.9037027E+00
   4.3184566E+00  -2.0949978E-02   2.9733994E+00   1.9038624E+00
   4.3242207E+00  -2.1727432E-02   2.8823845E+00   1.9043689E+00
   4.3299441E+00  -2.1386998E-02   2.8258820E+00   1.9044791E+00
   4.3337383E+00  -2.2722473E-02   2.7781317E+00   1.9045627E+00
   4.3393984E+00  -2.3648117E-02   2.7024453E+00   1.9049222E+00
   4.3431520E+00  -2.4604781E-02   2.5664899E+00   1.9061414E+00
   4.3487535E+00  -2.2576494E-02   2.6225955E+00   1.9054899E+00
   4.3543220E+00  -2.4130763E-02   2.5990989E+00   1.9049642E+00
   4.3580170E+00  -2.5517890E-02   2.3099906E+00   1.9062121E+00
   4.3635345E+00  -2.3599522E-02   2.4036245E+00   1.9061097E+00
   4.3690238E+00  -2.5554229E-02   2.4154124E+00   1.9058919E+00
   4.3726678E+00  -2.6444066E-02   2.3810472E+00   1.9058708E+00
   4.3781133E+00  -2.5324961E-02   2.1648767E+00   1.9072168E+00
   4.3835340E+00  -2.9353732E-02   1.9831916E+00   1.9070997E+00
   4.3889303E+00  -2.6736747E-02   2.0798328E+00   1.9071889E+00
   4.3925171E+00  -2.7432013E-02   2.0989721E+00   1.9071752E+00
   4.3978806E+00  -2.9032690E-02   2.0512125E+00   1.9071540E+00
   4.4032249E+00  -2.9253053E-02   1.8770350E+00   1.9075210E+00
   4.4085512E+00  -2.9312503E-02   1.8168406E+00   1.9080486E+00
   4.4120932E+00  -2.9242117E-02   1.8198346E+00   1.9076991E+00
   4.4173923E+00  -3.1897303E-02   1.7505682E+00   1.9075079E+00
   4.4226766E+00  -2.8462848E-02   1.5939264E+00   1.9079678E+00
   4.4279470E+00  -2.9743938E-02   1.6529500E+00   1.9080842E+00
   4.4332037E+00  -3.2050189E-02   1.5645354E+00   1.9082034E+00
   4.4367013E+00  -3.1990394E-02   1.5064491E+00   1.9083288E+00
   4.4419374E+00  -3.2310933E-02   1.4019073E+00   1.9084940E+00
   4.4471622E+00  -3.2321751E-02   1.3268862E+00   1.9085850E+00
   4.4523759E+00  -3.3113647E-02   1.2875056E+00   1.9086010E+00
   4.4575801E+00  -3.3417426E-02   1.2554691E+00   1.9086328E+00
   4.4627738E+00  -3.3548456E-02   1.1629889E+00   1.9086928E+00
   4.4679589E+00  -3.3847984E-02   1.0834427E+00   1.9087776E+00
   4.4714108E+00  -3.4291513E-02   1.0647745E+00   1.9087691E+00
   4.4765816E+00  -3.4421805E-02   1.0146613E+00   1.9086808E+00
   4.4817443E+00  -3.4693841E-02   9.5942479E-01   1.9086310E+00
   4.4868994E+00  -3.6227323E-02   8.6651599E-01   1.9085619E+00
   4.4920473E+00  -3.4500495E-02   7.6474231E-01   1.9085079E+00
   4.4971886E+00  -3.5406146E-02   7.1183485E-01   1.9084507E+00
   4.5023241E+00  -3.6293015E-02   6.8466073E-01   1.9083413E+00
   4.5057440E+00  -3.6567435E-02   6.6537005E-01   1.9083086E+00
   4.5113668E+00  -3.5310995E-02   6.5107483E-01   1.9084704E+00
   4.5164781E+00  -3.5945151E-02   4.4286755E-01   1.9081163E+00
   4.5210223E+00  -3.9880279E-02   3.7312114E-01   1.9076766E+00
   4.5260997E+00  -3.9669279E-02   3.7580538E-01   1.9075043E+00
   4.5312109E+00  -3.6511138E-02   3.2303178E-01   1.9074538E+00
   4.5363197E+00  -3.7200473E-02   4.7827560E-02   1.9070159E+00
   4.5414276E+00  -3.7702054E-02   1.7271389E-01   1.9071864E+00
   4.5465345E+00  -3.8169041E-02   1.3202141E-01   1.9070534E+00
   4.5516410E+00  -3.8707815E-02   2.1260187E-02   1.9067018E+00
   4.5550451E+00  -3.9245404E-02  -5.8584310E-02   1.9064730E+00
   4.5601525E+00  -3.9602086E-02  -1.1633220E-01   1.9064085E+00
   4.5652614E+00  -4.0245213E-02  -1.8317667E-01   1.9062248E+00
   4.5703721E+00  -3.9984040E-02  -2.4242868E-01   1.9060628E+00
   4.5754857E+00  -3.9819330E-02  -3.2999882E-01   1.9057885E+00
   4.5806026E+00  -3.9489135E-02  -4.1763264E-01   1.9054199E+00
   4.5857244E+00  -3.5285220E-02  -5.1924318E-01   1.9050028E+00
   4.5908527E+00  -3.9617512E-02  -5.7905155E-01   1.9048299E+00
   4.5959873E+00  -3.9285552E-02  -6.5703189E-01   1.9045829E+00
   4.5994148E+00  -4.3513317E-02  -7.0471776E-01   1.9043878E+00
   4.6045632E+00  -4.2270206E-02  -7.9938906E-01   1.9040307E+00
   4.6097207E+00  -4.2223681E-02  -9.0614748E-01   1.9035245E+00
   4.6148891E+00  -4.0886275E-02  -9.6989280E-01   1.9034019E+00
   4.6200681E+00  -4.4357285E-02  -1.0482810E+00   1.9031591E+00
   4.6252594E+00  -4.1600268E-02  -1.1300449E+00   1.9028460E+00
   4.6304641E+00  -4.3260463E-02  -1.2375152E+00   1.9023757E+00
   4.6339412E+00  -4.3630004E-02  -1.3009522E+00   1.9021182E+00
   4.6391687E+00  -4.1381568E-02  -1.3813424E+00   1.9018022E+00
   4.6444106E+00  -4.1508667E-02  -1.4660038E+00   1.9015019E+00
   4.6496682E+00  -4.2393778E-02  -1.5532436E+00   1.9011335E+00
   4.6549420E+00  -4.3784488E-02  -1.6270968E+00   1.9008532E+00
   4.6602330E+00  -4.3734156E-02  -1.7360077E+00   1.9002666E+00
   4.6637692E+00  -4.2850401E-02  -1.7800345E+00   1.9000394E+00
   4.6690888E+00  -4.4679713E-02  -1.8872111E+00   1.8993778E+00
   4.6744275E+00  -4.2472597E-02  -1.9656416E+00   1.8989255E+00
   4.6797853E+00  -4.7759973E-02  -2.0337706E+00   1.8986907E+00
   4.6833687E+00  -4.4896495E-02  -2.0959115E+00   1.8982984E+00
   4.6887603E+00  -4.9469829E-02  -2.1799791E+00   1.8979105E+00
   4.6941743E+00  -4.1223664E-02  -2.2721841E+00   1.8971407E+00
   4.6996117E+00  -4.4245202E-02  -2.3577857E+00   1.8964844E+00
   4.7032509E+00  -5.8801968E-02  -2.4041736E+00   1.8962990E+00
   4.7085967E+00  -3.6322292E-02  -2.4538503E+00   1.8960913E+00
   4.7144442E+00  -3.7092280E-02  -2.5603945E+00   1.8951079E+00
   4.7178245E+00  -4.6945184E-02  -2.6269491E+00   1.8946774E+00
   4.7238441E+00   1.5254343E-03  -2.6203942E+00   1.8941727E+00
   4.7278285E+00  -7.3600970E-02  -2.7252254E+00   1.8936440E+00
   4.7334747E+00  -1.2417101E-01  -2.8267117E+00   1.8930000E+00
   4.7385592E+00   2.2296255E-02  -2.8676388E+00   1.8926880E+00
   4.7430797E+00  -1.0141890E-01  -2.9145200E+00   1.8923995E+00
   4.7481503E+00  -2.7494321E-02  -2.9496272E+00   1.8917924E+00
   4.7536569E+00  -6.0533743E-02  -3.0505345E+00   1.8907701E+00
   4.7585664E+00  -4.2988814E-02  -3.0527985E+00   1.8893667E+00
   4.7636337E+00  -2.9034596E-02  -3.0892422E+00   1.8909336E+00
   4.7674422E+00  -4.7433686E-02  -3.1077130E+00   1.8905022E+00
   4.7728100E+00  -2.2330113E-02  -3.1750572E+00   1.8891773E+00
   4.7776427E+00  -6.6591613E-02  -3.2186899E+00   1.8881702E+00
   4.7832370E+00  -4.2961776E-02  -3.2876616E+00   1.8878285E+00
   4.7872305E+00  -5.9959289E-02  -3.2780561E+00   1.8877653E+00
   4.7932668E+00  -2.6273767E-02  -3.3054848E+00   1.8874743E+00
   4.7983127E+00  -6.4515233E-02  -3.3456037E+00   1.8864197E+00
   4.8021111E+00  -2.8168423E-02  -3.3985481E+00   1.8857989E+00
   4.8082857E+00  -5.6655660E-02  -3.4563084E+00   1.8836855E+00
   4.8123193E+00  -3.5361540E-02  -3.3987315E+00   1.8848987E+00
   4.8164821E+00  -5.4350413E-02  -3.4042795E+00   1.8858386E+00
   4.8216238E+00  -1.7553620E-02  -3.4233081E+00   1.8849782E+00
   4.8271713E+00  -3.7644733E-02  -3.4819813E+00   1.8830729E+00
   4.8322711E+00  -4.3213032E-02  -3.5245216E+00   1.8822509E+00
   4.8368053E+00  -5.8117446E-02  -3.5737898E+00   1.8818461E+00
   4.8420539E+00  -4.1787274E-02  -3.5393002E+00   1.8814301E+00
   4.8460050E+00  -5.6015417E-02  -3.5565090E+00   1.8811274E+00
   4.8519702E+00  -4.6794504E-02  -3.5730562E+00   1.8803486E+00
   4.8563805E+00  -4.7669284E-02  -3.6072664E+00   1.8797858E+00
   4.8621702E+00  -3.8767792E-02  -3.5981896E+00   1.8792633E+00
   4.8665290E+00  -4.1564740E-02  -3.6331484E+00   1.8782289E+00
   4.8712192E+00  -3.7609234E-02  -3.6377692E+00   1.8776815E+00
   4.8757992E+00  -4.4800736E-02  -3.6319413E+00   1.8774656E+00
   4.8815742E+00  -3.9791666E-02  -3.6236475E+00   1.8767205E+00
   4.8866110E+00  -4.6130694E-02  -3.6458962E+00   1.8757498E+00
   4.8910789E+00  -4.0275965E-02  -3.6568873E+00   1.8751291E+00
   4.8955379E+00  -2.9685123E-02  -3.6795635E+00   1.8745183E+00
   4.9006653E+00  -4.3722257E-02  -3.6935992E+00   1.8740923E+00
   4.9055119E+00  -3.5136372E-02  -3.6772010E+00   1.8739057E+00
   4.9103065E+00  -3.3396814E-02  -3.6869721E+00   1.8732406E+00
   4.9161859E+00  -3.6645398E-02  -3.6964793E+00   1.8722823E+00
   4.9202304E+00  -3.5032447E-02  -3.7043753E+00   1.8715914E+00
   4.9261870E+00  -3.4183793E-02  -3.7208884E+00   1.8709970E+00
   4.9314399E+00  -3.4143019E-02  -3.7327447E+00   1.8707500E+00
