  flscon:  version 23.2.0.01  win64 2022 
 FLOW-3D   13:53:52  02/26/2024 jupc     
   hydr3d   version  23.2.0.20 win64     12/04/2023 HYDRO    
 Simulation Template: Free Surface - TruVOF (Default)                            

Mesh Block   1
 printing pfxob, pfyob, pfzob       
       1     1000      0.000E+00      3.341E+00
   time              pfxob_1         pfyob_1         pfzob_1
   0.0000000E+00  -4.1165095E-04   5.3061719E+00   1.7926096E+00
   2.6860072E-03   1.8206261E-02  -2.5106102E+02   1.0692596E-02
   7.2857058E-03  -7.7208965E-03   5.2886248E+00   1.8741467E+00
   1.0418228E-02  -3.0040783E-03   5.2633147E+00   1.8302832E+00
   1.3542918E-02   1.9100351E-04   5.2416139E+00   1.8184320E+00
   1.6987890E-02   2.5636640E-03   5.3456807E+00   1.7690327E+00
   2.0256620E-02   1.6237921E-03   5.2625771E+00   1.8119825E+00
   2.3357935E-02   3.6891337E-04   5.2589388E+00   1.8175133E+00
   2.6777133E-02   2.3606149E-04   5.2740083E+00   1.8214390E+00
   3.0546799E-02  -1.4336820E-03   5.2904325E+00   1.8230546E+00
   3.2574143E-02  -1.1490789E-04   5.2965770E+00   1.8231350E+00
   3.6938004E-02   1.9133461E-03   5.3314738E+00   1.8217558E+00
   3.9284911E-02   2.4849768E-03   5.3268328E+00   1.8207822E+00
   4.4336621E-02   3.6797664E-04   5.3658810E+00   1.8197248E+00
   4.7053460E-02   1.8749908E-03   5.4105477E+00   1.8201824E+00
   4.9906138E-02   8.4572018E-04   5.4274011E+00   1.8202498E+00
   5.2901447E-02   2.8901448E-04   5.4702258E+00   1.8215485E+00
   5.6046527E-02   1.1536918E-03   5.5094638E+00   1.8225716E+00
   5.9348855E-02   5.1171432E-04   5.5496311E+00   1.8238367E+00
   6.2816307E-02   9.4729703E-04   5.5963702E+00   1.8253497E+00
   6.6457123E-02   5.1885168E-04   5.6447220E+00   1.8270344E+00
   7.0279986E-02   3.8439361E-04   5.7153378E+00   1.8290114E+00
   7.3680706E-02   4.4588163E-04   5.7707930E+00   1.8304144E+00
   7.7251457E-02   1.4849518E-03   5.8347325E+00   1.8317633E+00
   8.1000753E-02   1.0110748E-03   5.9051561E+00   1.8329499E+00
   8.4510982E-02   2.2207307E-04   5.9853115E+00   1.8341488E+00
   8.8196725E-02  -8.5163716E-04   6.0668249E+00   1.8351799E+00
   9.1828585E-02   3.4679295E-05   6.1627278E+00   1.8364788E+00
   9.5364496E-02   6.4192654E-04   6.2492290E+00   1.8371905E+00
   9.9005863E-02  -3.9712748E-05   6.3316107E+00   1.8385711E+00
   1.0219811E-01   7.8534550E-04   6.4168000E+00   1.8395857E+00
   1.0545164E-01   6.4911394E-05   6.5077858E+00   1.8414781E+00
   1.0879450E-01  -6.9039734E-04   6.5756054E+00   1.8424172E+00
   1.1491904E-01  -1.6348327E-04   6.7471042E+00   1.8454149E+00
   1.1794513E-01  -8.6182856E-04   6.8210917E+00   1.8467348E+00
   1.2090375E-01  -1.7729242E-03   6.9076228E+00   1.8481332E+00
   1.2390973E-01  -1.0564991E-03   7.0048780E+00   1.8493699E+00
   1.2703286E-01  -3.9362122E-04   7.0813279E+00   1.8506442E+00
   1.3006617E-01  -1.9619304E-03   7.1768489E+00   1.8519102E+00
   1.3298438E-01   7.5394590E-04   7.2911148E+00   1.8532188E+00
   1.3604851E-01  -1.0807154E-03   7.3710766E+00   1.8545671E+00
   1.3917337E-01  -1.4024489E-03   7.4668446E+00   1.8558681E+00
   1.4491834E-01   3.6192639E-04   7.6488442E+00   1.8585992E+00
   1.4773476E-01   9.1263471E-04   7.7167649E+00   1.8587190E+00
   1.5028517E-01  -2.1024286E-03   7.8463445E+00   1.8612064E+00
   1.5296309E-01  -2.4664202E-03   7.8974705E+00   1.8614199E+00
   1.5577491E-01   1.9466985E-03   7.9898658E+00   1.8629663E+00
   1.6118215E-01   1.1977027E-04   8.1406260E+00   1.8645295E+00
   1.6407090E-01  -5.4217799E-04   8.2364693E+00   1.8650701E+00
   1.6710408E-01   5.6712364E-04   8.3261299E+00   1.8657759E+00
   1.7028892E-01   7.8737573E-04   8.4206905E+00   1.8664483E+00
   1.7257829E-01  -1.4034313E-03   8.5195312E+00   1.8674991E+00
   1.7750613E-01  -1.4518239E-03   8.6613607E+00   1.8690356E+00
   1.7968804E-01   2.8959973E-04   8.7067261E+00   1.8691698E+00
   1.8438455E-01  -6.7865249E-04   8.8323212E+00   1.8706219E+00
   1.8691038E-01  -7.2073354E-04   8.9163799E+00   1.8716692E+00
   1.8956248E-01  -3.2421114E-04   8.9618750E+00   1.8717719E+00
   1.9527113E-01  -4.5856691E-04   9.1056108E+00   1.8739637E+00
   1.9816852E-01  -1.4329195E-03   9.1760082E+00   1.8743951E+00
   2.0113295E-01  -7.7419984E-04   9.2566023E+00   1.8749837E+00
   2.0424563E-01  -1.0951967E-03   9.3434000E+00   1.8756683E+00
   2.0751393E-01  -1.0541804E-03   9.4047184E+00   1.8762461E+00
   2.1084452E-01   7.6781456E-05   9.4746037E+00   1.8767819E+00
   2.1401945E-01   9.9381909E-04   9.5510244E+00   1.8774191E+00
   2.1735315E-01   5.0761487E-04   9.6026106E+00   1.8779150E+00
   2.2041400E-01  -8.8865621E-05   9.6655607E+00   1.8784878E+00
   2.2362369E-01   3.7006715E-03   9.7167187E+00   1.8790104E+00
   2.2673029E-01   1.0589190E-03   9.7697601E+00   1.8796208E+00
   2.2976728E-01   1.7268733E-03   9.8199978E+00   1.8803366E+00
   2.3485412E-01   1.0819423E-03   9.9016724E+00   1.8816655E+00
   2.3740661E-01  -3.1987473E-04   9.9345121E+00   1.8821445E+00
   2.4008675E-01   1.6998770E-03   9.9628792E+00   1.8826917E+00
   2.4290088E-01   1.3160085E-03   9.9869032E+00   1.8834171E+00
   2.4825871E-01  -9.3841139E-04   1.0031036E+01   1.8850415E+00
   2.5111797E-01   1.2139303E-03   1.0046179E+01   1.8858211E+00
   2.5399959E-01   4.2737806E-03   1.0066657E+01   1.8866004E+00
   2.5665569E-01   3.4859072E-04   1.0088146E+01   1.8874780E+00
   2.6170444E-01   1.7941671E-03   1.0114763E+01   1.8890001E+00
   2.6429528E-01   3.1941368E-03   1.0135238E+01   1.8890438E+00
   2.6701570E-01   1.8937370E-03   1.0134677E+01   1.8903350E+00
   2.6987210E-01   1.6047118E-03   1.0125503E+01   1.8912055E+00
   2.7274880E-01   2.0120514E-03   1.0134018E+01   1.8917968E+00
   2.7830780E-01   2.5622929E-03   1.0138157E+01   1.8934274E+00
   2.8104451E-01   1.5323198E-03   1.0136182E+01   1.8935238E+00
   2.8364220E-01   3.4753833E-04   1.0115953E+01   1.8951980E+00
   2.8625843E-01   6.3397721E-03   1.0100985E+01   1.8962271E+00
   2.9123369E-01   1.7384066E-03   1.0086543E+01   1.8969299E+00
   2.9366678E-01   1.7505979E-05   1.0050550E+01   1.8982950E+00
   2.9615250E-01   3.8347670E-03   1.0018738E+01   1.8993157E+00
   3.0099246E-01   5.0659622E-03   9.9665985E+00   1.9006891E+00
   3.0337471E-01   3.0825248E-03   9.9278374E+00   1.9014097E+00
   3.0800802E-01   1.2321887E-03   9.8565197E+00   1.9027101E+00
   3.1029981E-01   3.1262445E-03   9.8328590E+00   1.9028529E+00
   3.1471702E-01   5.1186937E-03   9.7121458E+00   1.9046416E+00
   3.1687149E-01   4.8145191E-03   9.7015486E+00   1.9047867E+00
   3.2025877E-01  -1.7282659E-03   9.6759901E+00   1.9050373E+00
   3.2455006E-01   5.1264414E-03   9.5647163E+00   1.9059123E+00
   3.2778049E-01   1.3429236E-03   9.2627745E+00   1.9097797E+00
   3.3134201E-01   6.9403863E-03   9.4578342E+00   1.9071851E+00
   3.3325741E-01   9.6554561E-03   9.4497404E+00   1.9071716E+00
   3.3720693E-01  -9.5916726E-03   9.1920910E+00   1.9088241E+00
   3.4105569E-01   3.8285346E-03   9.1640100E+00   1.9088525E+00
   3.4478706E-01   6.4698509E-03   8.9718285E+00   1.9114275E+00
   3.4660351E-01   9.4419112E-03   8.9644318E+00   1.9114256E+00
   3.5020372E-01  -5.0164973E-03   8.9008141E+00   1.9107270E+00
   3.5372061E-01  -1.2109276E-04   8.8815384E+00   1.9099095E+00
   3.5715738E-01   2.3148661E-03   8.7253752E+00   1.9101610E+00
   3.6064318E-01   2.8531926E-03   8.5141354E+00   1.9122185E+00
   3.6397249E-01   5.8773127E-03   8.4329453E+00   1.9123969E+00
   3.6782661E-01   4.9976688E-03   8.3411427E+00   1.9119989E+00
   3.7072793E-01   7.2796806E-03   8.3148260E+00   1.9119083E+00
   3.7384021E-01   3.7660594E-03   8.2246113E+00   1.9120497E+00
   3.7690473E-01   4.0018442E-03   8.0795908E+00   1.9124305E+00
   3.8137397E-01   7.4295145E-03   7.8940496E+00   1.9127938E+00
   3.8425502E-01   4.4506965E-03   7.7964168E+00   1.9129332E+00
   3.8707575E-01   5.2756588E-03   7.7191453E+00   1.9129760E+00
   3.9123639E-01   5.1598968E-03   7.5798459E+00   1.9127080E+00
   3.9396542E-01   5.7505402E-03   7.4978418E+00   1.9124103E+00
   3.9811867E-01   7.3132287E-03   7.3503947E+00   1.9118700E+00
   4.0084070E-01   5.6550009E-03   7.2553344E+00   1.9115559E+00
   4.0479636E-01   4.5056026E-03   7.1375995E+00   1.9112942E+00
   4.0736231E-01   6.1741187E-03   7.0597816E+00   1.9112564E+00
   4.1111144E-01   5.1923874E-03   6.8566747E+00   1.9115696E+00
   4.1478014E-01   5.0098100E-03   6.7403574E+00   1.9119360E+00
   4.1719395E-01   4.6274615E-03   6.6600366E+00   1.9120610E+00
   4.2078364E-01   4.2949808E-03   6.5524845E+00   1.9124391E+00
   4.2432797E-01   4.8394427E-03   6.4049091E+00   1.9129646E+00
   4.2782834E-01   2.9823275E-03   6.2498469E+00   1.9134461E+00
   4.3130136E-01   1.2664957E-03   6.1311679E+00   1.9138637E+00
   4.3476304E-01   1.7076168E-03   5.9677501E+00   1.9144249E+00
   4.3708274E-01   4.1869185E-03   5.8766651E+00   1.9146907E+00
   4.4044587E-01   3.9838725E-03   5.7785668E+00   1.9149504E+00
   4.4479260E-01   1.8133697E-03   5.5999260E+00   1.9151417E+00
   4.4798613E-01   2.0535537E-03   5.4726930E+00   1.9152310E+00
   4.5112556E-01   8.6132507E-04   5.3586473E+00   1.9152170E+00
   4.5421830E-01   4.0175389E-03   5.2740631E+00   1.9151274E+00
   4.5726866E-01   3.3668424E-03   5.0866642E+00   1.9150151E+00
   4.6127510E-01   3.0415512E-03   4.9200964E+00   1.9150167E+00
   4.6423632E-01   2.4012388E-03   4.8403201E+00   1.9151025E+00
   4.6812907E-01   2.3078013E-03   4.6882896E+00   1.9152768E+00
   4.7100967E-01   4.2414838E-03   4.5754023E+00   1.9154115E+00
   4.7480243E-01  -1.3111343E-03   4.3686085E+00   1.9158322E+00
   4.7761318E-01  -2.4236513E-03   4.2301011E+00   1.9162793E+00
   4.8131782E-01   3.7786115E-03   4.1400356E+00   1.9167988E+00
   4.8406512E-01  -7.7306754E-03   4.0670948E+00   1.9170598E+00
   4.8768896E-01  -1.1797363E-03   3.9192514E+00   1.9172255E+00
   4.9127105E-01  -9.5274439E-04   3.7266500E+00   1.9174409E+00
   4.9481517E-01  -1.9226985E-03   3.4938209E+00   1.9176337E+00
   4.9745122E-01  -3.7837785E-03   3.4549603E+00   1.9176775E+00
   5.0094074E-01  -7.3464094E-03   3.3797979E+00   1.9177470E+00
   5.0440758E-01  -2.1306269E-03   3.2545519E+00   1.9173959E+00
   5.0786239E-01  -5.7446854E-03   3.0689759E+00   1.9167632E+00
   5.1131982E-01  -5.1067499E-03   2.9210336E+00   1.9162891E+00
   5.1481408E-01  -5.6844549E-03   2.7697027E+00   1.9157350E+00
   5.1754248E-01  -1.1536770E-02   2.6491332E+00   1.9151932E+00
   5.2122927E-01  -3.1205700E-03   2.4235272E+00   1.9142983E+00
   5.2436000E-01  -8.2547301E-03   2.4124370E+00   1.9140331E+00
   5.2803379E-01  -7.0588202E-03   2.3370376E+00   1.9134856E+00
   5.3085303E-01  -6.0437289E-03   2.1772816E+00   1.9131037E+00
   5.3459918E-01  -1.0900935E-02   1.8841097E+00   1.9124851E+00
   5.3827035E-01  -9.8265968E-03   1.7747101E+00   1.9126283E+00
   5.4098994E-01  -5.2829990E-03   1.6601151E+00   1.9129059E+00
   5.4462141E-01  -1.1431264E-02   1.5379004E+00   1.9126954E+00
   5.4828203E-01  -1.1057255E-02   1.3223476E+00   1.9119678E+00
   5.5109799E-01  -1.1109211E-02   1.2087591E+00   1.9111747E+00
   5.5489582E-01  -1.2694551E-02   1.0527246E+00   1.9101583E+00
   5.5756587E-01  -1.5855204E-02   9.7170156E-01   1.9098206E+00
   5.6133759E-01  -1.2120625E-02   7.1993369E-01   1.9088162E+00
   5.6420070E-01  -1.0797150E-02   5.6231719E-01   1.9077359E+00
   5.6795084E-01  -2.0276720E-02   3.8929427E-01   1.9068720E+00
   5.7165372E-01  -6.6697639E-03   2.1481262E-01   1.9057046E+00
   5.7440424E-01  -2.7212590E-02   1.2104667E-01   1.9051621E+00
   5.7807231E-01  -1.2469493E-02  -9.7312696E-02   1.9041128E+00
   5.8092201E-01  -2.3067091E-02  -2.3691635E-01   1.9031942E+00
   5.8456081E-01  -1.1148528E-02  -3.7127811E-01   1.9027910E+00
   5.8802927E-01  -1.9735118E-02  -5.2317667E-01   1.9023521E+00
   5.9084713E-01  -2.3867188E-02  -6.9884366E-01   1.9017547E+00
   5.9457433E-01  -5.2743182E-02  -9.5428210E-01   1.9003010E+00
   5.9828359E-01   3.9064251E-02  -1.0015000E+00   1.9008430E+00
   6.0129464E-01  -9.8596171E-02  -1.3068470E+00   1.9010338E+00
   6.0435361E-01  -2.2328202E-02  -1.3282628E+00   1.9006884E+00
   6.0849255E-01  -2.5397738E-02  -1.6195105E+00   1.8998638E+00
   6.1160582E-01  -3.3234503E-02  -1.8444530E+00   1.8984196E+00
   6.1472976E-01  -3.1518511E-02  -1.9264922E+00   1.8981810E+00
   6.1787128E-01   7.9219984E-03  -1.9949586E+00   1.8979684E+00
   6.2102032E-01   4.0010503E-03  -2.1327968E+00   1.8975443E+00
   6.2517136E-01  -6.4005047E-02  -2.4458048E+00   1.8953393E+00
   6.2821358E-01   3.9635054E-04  -2.6542666E+00   1.8946859E+00
   6.3129997E-01  -6.6715270E-02  -2.8227675E+00   1.8945144E+00
   6.3454103E-01  -1.1700628E-02  -2.9422126E+00   1.8940821E+00
   6.3806671E-01  -1.3091171E-03  -3.0590403E+00   1.8934735E+00
   6.4149743E-01  -1.8603742E-02  -3.3849385E+00   1.8931623E+00
   6.4520264E-01  -2.4881372E-02  -3.4843488E+00   1.8932452E+00
   6.4816195E-01  -2.9202407E-02  -3.6614790E+00   1.8931376E+00
   6.5110159E-01  -3.0128198E-02  -3.8926458E+00   1.8924907E+00
   6.5444291E-01  -4.4130214E-02  -4.0430951E+00   1.8923153E+00
   6.5834242E-01   1.3092696E-02  -4.1085253E+00   1.8921722E+00
   6.6106242E-01  -1.1303888E-01  -4.2940345E+00   1.8916368E+00
   6.6510612E-01   3.7076727E-02  -4.5352015E+00   1.8905061E+00
   6.6812342E-01  -7.1687281E-02  -4.7305069E+00   1.8888086E+00
   6.7140764E-01  -4.3216251E-02  -4.9171896E+00   1.8874369E+00
   6.7432737E-01  -2.0065615E-02  -5.0602717E+00   1.8869402E+00
   6.7851013E-01  -6.5887654E-03  -5.2424865E+00   1.8856282E+00
   6.8176514E-01   4.2286068E-03  -5.3846612E+00   1.8842940E+00
   6.8471032E-01  -4.8271518E-02  -5.5150657E+00   1.8826053E+00
   6.8829483E-01  -2.0012200E-02  -5.8310575E+00   1.8821957E+00
   6.9177568E-01  -3.6108833E-02  -5.8339763E+00   1.8822571E+00
   6.9456691E-01  -6.5377004E-02  -6.0058584E+00   1.8809729E+00
   6.9866359E-01  -3.7923588E-03  -6.2602673E+00   1.8794799E+00
   7.0151985E-01  -6.4624310E-02  -6.3331470E+00   1.8790982E+00
   7.0515138E-01  -8.6345285E-02  -6.4115200E+00   1.8784763E+00
   7.0808649E-01   2.5322512E-01  -6.7605076E+00   1.8771967E+00
   7.1109527E-01  -2.0784355E-04  -6.8628726E+00   1.8760431E+00
   7.1501148E-01  -7.4623980E-02  -6.9646297E+00   1.8755472E+00
   7.1798003E-01  -1.0965689E-02  -7.1467867E+00   1.8744544E+00
   7.2132564E-01   8.2794137E-02  -7.2649240E+00   1.8719419E+00
   7.2473919E-01   2.1572965E-04  -7.4634156E+00   1.8698249E+00
   7.2850680E-01  -3.8394369E-02  -7.5232816E+00   1.8685523E+00
   7.3123044E-01  -3.1682935E-02  -7.7068133E+00   1.8676565E+00
   7.3491275E-01  -5.0742123E-02  -7.7366662E+00   1.8663858E+00
   7.3855072E-01  -6.1964780E-02  -7.9765244E+00   1.8641881E+00
   7.4122530E-01  -3.1792074E-02  -8.0446634E+00   1.8631644E+00
   7.4498689E-01  -6.7763671E-02  -8.1979685E+00   1.8609593E+00
   7.4836123E-01  -2.3178117E-02  -8.2744169E+00   1.8604214E+00
   7.5174546E-01  -5.8734473E-02  -8.3992310E+00   1.8595099E+00
   7.5512725E-01  -4.2403203E-02  -8.5466080E+00   1.8578913E+00
   7.5843090E-01  -6.1346877E-02  -8.6448259E+00   1.8567747E+00
   7.6178235E-01  -4.6426193E-03  -8.7591686E+00   1.8555514E+00
   7.6509744E-01   2.3934869E-02  -8.8094149E+00   1.8549128E+00
   7.6845223E-01  -2.0608831E-02  -8.9605579E+00   1.8541237E+00
   7.7166098E-01   4.5765813E-02  -8.9831457E+00   1.8514959E+00
   7.7500576E-01  -2.1327874E-02  -9.1850386E+00   1.8505825E+00
   7.7825171E-01  -2.1466056E-02  -9.2291794E+00   1.8499724E+00
   7.8150386E-01  -4.3060645E-03  -9.3082485E+00   1.8483832E+00
   7.8482598E-01  -2.1304077E-02  -9.4150696E+00   1.8461456E+00
   7.8853911E-01  -2.9508589E-02  -9.4544458E+00   1.8449961E+00
   7.9180092E-01  -5.3509348E-03  -9.5474501E+00   1.8447796E+00
   7.9496181E-01  -8.3405726E-02  -9.5706167E+00   1.8437387E+00
   7.9820293E-01  -1.8773617E-02  -9.6305170E+00   1.8424988E+00
   8.0143160E-01  -3.1380266E-02  -9.6898317E+00   1.8419864E+00
   8.0532724E-01  -1.5220859E-02  -9.8064270E+00   1.8405386E+00
   8.0855137E-01   4.1797768E-02  -9.8461418E+00   1.8395255E+00
   8.1168205E-01  -5.3720761E-02  -9.8579941E+00   1.8382736E+00
   8.1481093E-01  -9.6666999E-03  -9.9097528E+00   1.8371714E+00
   8.1878322E-01  -4.2924914E-03  -9.9523497E+00   1.8364702E+00
   8.2179177E-01   1.3646198E-03  -9.8570652E+00   1.8356433E+00
   8.2491755E-01  -7.1649998E-03  -9.9627371E+00   1.8344140E+00
   8.2881963E-01  -3.7666954E-02  -1.0086318E+01   1.8323224E+00
   8.3177722E-01  -1.1073141E-02  -9.8895998E+00   1.8318305E+00
   8.3486658E-01  -1.0569233E-02  -9.9919538E+00   1.8315345E+00
   8.3873022E-01   1.6905395E-02  -1.0070491E+01   1.8297952E+00
   8.4166300E-01  -3.5461457E-03  -9.9890099E+00   1.8288778E+00
   8.4552538E-01  -1.3130690E-02  -1.0032997E+01   1.8279897E+00
   8.4861773E-01  -2.7311796E-02  -1.0081571E+01   1.8268473E+00
   8.5162169E-01  -1.9327408E-02  -1.0104891E+01   1.8259381E+00
   8.5541356E-01  -2.2150243E-02  -9.9783993E+00   1.8248203E+00
   8.5852367E-01  -1.1096138E-02  -1.0055379E+01   1.8229389E+00
   8.6156940E-01  -1.9871380E-02  -1.0064251E+01   1.8210560E+00
   8.6526436E-01  -1.1762533E-02  -9.9206095E+00   1.8197213E+00
   8.6832094E-01  -1.3169011E-02  -9.9259529E+00   1.8190238E+00
   8.7212646E-01  -3.6455352E-02  -9.9486103E+00   1.8174083E+00
   8.7504584E-01   2.8688069E-03  -9.8902531E+00   1.8159460E+00
   8.7871057E-01  -8.3760796E-03  -9.7675734E+00   1.8151412E+00
   8.8176328E-01  -1.2322522E-02  -9.8546238E+00   1.8141757E+00
   8.8559002E-01  -2.1551406E-02  -9.8897705E+00   1.8125020E+00
   8.8855475E-01  -2.0513769E-02  -9.7665968E+00   1.8111372E+00
   8.9232153E-01  -6.4214148E-02  -9.6813440E+00   1.8096060E+00
   8.9547420E-01   1.7755494E-02  -9.7467899E+00   1.8089023E+00
   8.9863801E-01   4.9624540E-02  -9.7209682E+00   1.8068475E+00
   9.0168220E-01  -1.5207306E-02  -9.6404104E+00   1.8058101E+00
   9.0541792E-01  -1.7067876E-02  -9.5813513E+00   1.8051853E+00
   9.0842938E-01  -3.5260431E-02  -9.5788631E+00   1.8041029E+00
   9.1165322E-01   1.0706184E-02  -9.4787951E+00   1.8026069E+00
   9.1567260E-01   8.5653411E-03  -9.4513426E+00   1.7990329E+00
   9.1871774E-01  -3.0691460E-02  -9.4297867E+00   1.7982296E+00
   9.2175955E-01   3.3203486E-02  -9.3378496E+00   1.7980914E+00
   9.2557722E-01   1.6303221E-03  -9.2722464E+00   1.7958933E+00
   9.2870307E-01  -1.5734790E-02  -9.2577744E+00   1.7950308E+00
   9.3192679E-01  -4.5645498E-02  -9.2205839E+00   1.7932419E+00
   9.3510085E-01   9.4069667E-02  -9.1481647E+00   1.7913655E+00
   9.3890119E-01  -1.3003153E-02  -9.0614967E+00   1.7908812E+00
   9.4194692E-01  -3.5978234E-03  -9.0592937E+00   1.7905571E+00
   9.4501537E-01  -3.1476540E-03  -8.9501343E+00   1.7889748E+00
   9.4885057E-01   1.6466876E-03  -8.8999825E+00   1.7879792E+00
   9.5205027E-01  -4.4759945E-03  -8.8844967E+00   1.7876652E+00
   9.5527798E-01  -9.7416792E-05  -8.8891163E+00   1.7871180E+00
   9.5842564E-01  -1.4348039E-03  -8.7476492E+00   1.7857745E+00
   9.6223992E-01   5.7279044E-03  -8.6698179E+00   1.7842427E+00
   9.6532494E-01  -1.4802449E-03  -8.6653080E+00   1.7835902E+00
   9.6841925E-01   8.9876037E-03  -8.5658789E+00   1.7832013E+00
   9.7211307E-01  -6.6963648E-03  -8.5053415E+00   1.7825551E+00
   9.7516608E-01   2.0937772E-02  -8.4415007E+00   1.7815896E+00
   9.7902274E-01   1.8028133E-02  -8.4042940E+00   1.7805512E+00
   9.8215860E-01   3.1394977E-03  -8.3417339E+00   1.7799270E+00
   9.8532534E-01   1.1553078E-04  -8.2186632E+00   1.7783935E+00
   9.8859322E-01   3.9685718E-03  -8.2032251E+00   1.7777845E+00
   9.9185342E-01   7.5806798E-03  -8.1639767E+00   1.7779204E+00
   9.9559474E-01   4.9161248E-02  -8.0771351E+00   1.7772815E+00
   9.9858296E-01   7.9887342E-03  -7.9816003E+00   1.7760050E+00
   1.0023789E+00   7.2577056E-03  -7.9496593E+00   1.7756456E+00
   1.0054457E+00   2.6746299E-03  -7.8996048E+00   1.7755493E+00
   1.0086205E+00   1.3794517E-02  -7.8248520E+00   1.7753167E+00
   1.0118035E+00   1.6638551E-02  -7.7600994E+00   1.7746458E+00
   1.0157579E+00   4.5845974E-03  -7.6825137E+00   1.7729669E+00
   1.0187349E+00   4.5886445E-03  -7.6449733E+00   1.7727627E+00
   1.0225155E+00   1.3800998E-02  -7.6158266E+00   1.7726939E+00
   1.0255738E+00   2.6142720E-02  -7.5213156E+00   1.7719859E+00
   1.0286323E+00   2.1335378E-02  -7.4617963E+00   1.7706844E+00
   1.0325627E+00   3.8657747E-03  -7.4126368E+00   1.7692106E+00
   1.0355923E+00   3.5786055E-02  -7.3850250E+00   1.7684200E+00
   1.0392735E+00   2.0264002E-02  -7.2679815E+00   1.7677722E+00
   1.0422742E+00   2.1108640E-02  -7.1757436E+00   1.7671497E+00
   1.0453830E+00   1.3983623E-02  -7.1621146E+00   1.7662926E+00
   1.0485709E+00   1.3311556E-02  -7.1140981E+00   1.7656227E+00
   1.0525178E+00   9.8326206E-03  -7.1010790E+00   1.7648909E+00
   1.0555719E+00   8.2029082E-02  -6.9726257E+00   1.7640188E+00
   1.0587512E+00   2.3576457E-02  -6.9148350E+00   1.7633090E+00
   1.0619591E+00   1.3414865E-02  -6.8710313E+00   1.7630210E+00
   1.0658594E+00   1.7522044E-02  -6.8633800E+00   1.7626383E+00
   1.0689195E+00   1.8934859E-02  -6.7707877E+00   1.7620280E+00
   1.0721843E+00   2.5850266E-02  -6.6536641E+00   1.7610537E+00
   1.0755104E+00   2.2181990E-02  -6.6611300E+00   1.7601590E+00
   1.0788093E+00   2.0034632E-02  -6.5976019E+00   1.7596498E+00
   1.0821213E+00   2.0382447E-02  -6.5876312E+00   1.7592816E+00
   1.0853940E+00   1.8624315E-02  -6.5089898E+00   1.7587036E+00
   1.0886656E+00   2.2941025E-02  -6.4540200E+00   1.7578826E+00
   1.0927571E+00   2.4313033E-02  -6.3664422E+00   1.7562755E+00
   1.0960650E+00   2.4309745E-02  -6.3024192E+00   1.7552822E+00
   1.0993674E+00   2.1457529E-02  -6.2610245E+00   1.7546710E+00
   1.1026058E+00   3.7118301E-02  -6.2014880E+00   1.7540119E+00
   1.1058062E+00   2.1122923E-02  -6.1321712E+00   1.7532008E+00
   1.1089839E+00   2.6054189E-02  -6.0707335E+00   1.7524273E+00
   1.1121495E+00   2.5032390E-02  -6.0242591E+00   1.7519233E+00
   1.1160845E+00   5.2259546E-02  -5.9583769E+00   1.7516164E+00
   1.1192087E+00   2.2341942E-02  -5.8568602E+00   1.7513834E+00
   1.1223167E+00   1.9112501E-02  -5.7926211E+00   1.7510638E+00
   1.1254256E+00   2.5882514E-02  -5.7485824E+00   1.7506822E+00
   1.1292855E+00   2.6196789E-02  -5.6629267E+00   1.7504869E+00
   1.1323487E+00   2.7562546E-02  -5.6127911E+00   1.7505971E+00
   1.1361687E+00   2.4064653E-02  -5.5139637E+00   1.7507327E+00
   1.1392211E+00   2.7590342E-02  -5.4458938E+00   1.7506707E+00
   1.1422585E+00   2.8613295E-02  -5.3750844E+00   1.7505009E+00
   1.1460155E+00   2.8242948E-02  -5.3233738E+00   1.7502565E+00
   1.1490259E+00   2.8880099E-02  -5.2097812E+00   1.7499568E+00
   1.1528029E+00   2.9725194E-02  -5.1474380E+00   1.7495339E+00
   1.1558167E+00   3.5944477E-02  -5.0813594E+00   1.7492183E+00
   1.1588374E+00   3.2780312E-02  -4.9892855E+00   1.7488923E+00
   1.1626388E+00   2.9664120E-02  -4.9036279E+00   1.7485324E+00
   1.1656867E+00   3.0285273E-02  -4.8445225E+00   1.7483833E+00
   1.1694677E+00   2.3043383E-02  -4.7629061E+00   1.7483404E+00
   1.1725276E+00   2.8676994E-02  -4.6883926E+00   1.7483633E+00
   1.1755854E+00   2.1948323E-02  -4.5971446E+00   1.7483492E+00
   1.1794227E+00   1.8388925E-02  -4.4895434E+00   1.7483130E+00
   1.1825117E+00   3.2609534E-02  -4.4265437E+00   1.7485210E+00
   1.1856078E+00   2.7018599E-02  -4.3609171E+00   1.7488805E+00
   1.1894845E+00   1.8545456E-02  -4.2789593E+00   1.7493372E+00
   1.1925797E+00   1.9240024E-02  -4.1944075E+00   1.7493889E+00
   1.1956470E+00   2.0679343E-02  -4.1522779E+00   1.7492145E+00
   1.1994925E+00   2.2956936E-02  -4.0009460E+00   1.7489524E+00
   1.2025825E+00   2.4084803E-02  -3.9273369E+00   1.7487503E+00
   1.2056811E+00   1.9606857E-02  -3.8381867E+00   1.7484316E+00
   1.2095718E+00   2.4906911E-02  -3.7635868E+00   1.7480063E+00
   1.2127064E+00   2.0939447E-02  -3.6665511E+00   1.7476875E+00
   1.2158681E+00   2.1865755E-02  -3.6255488E+00   1.7474544E+00
   1.2190670E+00   2.3438798E-02  -3.5118434E+00   1.7472476E+00
   1.2223146E+00   2.5305485E-02  -3.4116075E+00   1.7469260E+00
   1.2263494E+00   2.4509579E-02  -3.3127553E+00   1.7467039E+00
   1.2295349E+00   2.6092205E-02  -3.2694979E+00   1.7466913E+00
   1.2328808E+00   2.3029694E-02  -3.1823049E+00   1.7469072E+00
   1.2361997E+00   2.0997895E-02  -3.0888329E+00   1.7470127E+00
   1.2395838E+00   2.1818109E-02  -3.0113857E+00   1.7470168E+00
   1.2429572E+00   2.3388296E-02  -2.9596567E+00   1.7470543E+00
   1.2463025E+00   2.3687148E-02  -2.8786047E+00   1.7471642E+00
   1.2494694E+00   2.5289193E-02  -2.7310908E+00   1.7472874E+00
   1.2526704E+00   2.1431675E-02  -2.6809902E+00   1.7471349E+00
   1.2559768E+00   2.2006540E-02  -2.6106927E+00   1.7469293E+00
   1.2593359E+00   2.1865271E-02  -2.5455863E+00   1.7468531E+00
   1.2627664E+00   2.2363175E-02  -2.4375801E+00   1.7467113E+00
   1.2662759E+00   2.1402355E-02  -2.3879015E+00   1.7463586E+00
   1.2698117E+00   2.1057853E-02  -2.2639267E+00   1.7455000E+00
   1.2724752E+00   2.9218484E-02  -2.2305746E+00   1.7453512E+00
   1.2760508E+00   2.2441331E-02  -2.1937275E+00   1.7451534E+00
   1.2794107E+00   2.5088228E-02  -2.0750301E+00   1.7448995E+00
   1.2829434E+00   2.1497114E-02  -1.9759300E+00   1.7447852E+00
   1.2865206E+00   2.3606967E-02  -1.9550496E+00   1.7446928E+00
   1.2891757E+00   2.3676191E-02  -1.8647398E+00   1.7448671E+00
   1.2927094E+00   2.1316137E-02  -1.8530291E+00   1.7452278E+00
   1.2960809E+00   2.6849138E-02  -1.7281628E+00   1.7457798E+00
   1.2995625E+00   2.7540317E-02  -1.6422449E+00   1.7462659E+00
   1.3031090E+00   2.5617635E-02  -1.6118181E+00   1.7465614E+00
   1.3065619E+00   2.2842828E-02  -1.5487115E+00   1.7468451E+00
   1.3091036E+00   2.0196181E-02  -1.4981433E+00   1.7471515E+00
   1.3126616E+00   2.0688560E-02  -1.3595690E+00   1.7475834E+00
   1.3162380E+00   1.5481084E-02  -1.3623002E+00   1.7477181E+00
   1.3197726E+00   1.7574739E-02  -1.3026102E+00   1.7478676E+00
   1.3232839E+00   1.7926222E-02  -1.1957859E+00   1.7482476E+00
   1.3259126E+00   1.8266231E-02  -1.1344433E+00   1.7484304E+00
   1.3294168E+00   1.7175024E-02  -1.1113768E+00   1.7484733E+00
   1.3329284E+00   1.4421604E-02  -1.0341840E+00   1.7487911E+00
   1.3364497E+00   1.5407181E-02  -9.3906504E-01   1.7493594E+00
   1.3399844E+00   1.6138125E-02  -9.1826767E-01   1.7495574E+00
   1.3425543E+00   1.7310370E-02  -8.9234960E-01   1.7497441E+00
   1.3460045E+00   1.4063446E-02  -8.0482560E-01   1.7503008E+00
   1.3494321E+00   1.2619739E-02  -6.5853965E-01   1.7512624E+00
   1.3529609E+00   1.3786189E-02  -6.3991737E-01   1.7518524E+00
   1.3566558E+00   1.2676563E-02  -6.4118493E-01   1.7522469E+00
   1.3594661E+00   1.4478391E-02  -5.9260732E-01   1.7528092E+00
   1.3632241E+00   1.5954293E-02  -5.1588190E-01   1.7535249E+00
   1.3660380E+00   1.8607156E-02  -4.3149361E-01   1.7541116E+00
   1.3697941E+00   2.3102395E-02  -3.7184113E-01   1.7545063E+00
   1.3725989E+00   1.7899761E-02  -3.4421372E-01   1.7547739E+00
   1.3763242E+00   2.4009226E-02  -2.7833942E-01   1.7550786E+00
   1.3799858E+00   2.1012995E-02  -1.9034770E-01   1.7552984E+00
   1.3828158E+00   2.8076531E-02  -1.5013184E-01   1.7554339E+00
   1.3866332E+00   2.1310054E-02  -7.5039178E-02   1.7556238E+00
   1.3894484E+00   2.1702623E-02  -4.5495983E-02   1.7559155E+00
   1.3930178E+00   2.1510350E-02   1.0163158E-01   1.7564937E+00
   1.3959213E+00   1.8760556E-02   1.9220519E-01   1.7569793E+00
   1.3998890E+00   1.8293798E-02   2.1234454E-01   1.7570856E+00
   1.4033799E+00   2.0852828E-02   2.0882872E-01   1.7569865E+00
   1.4065187E+00   2.6119960E-02   2.9967892E-01   1.7574316E+00
   1.4098556E+00   1.7982220E-02   3.7732542E-01   1.7580446E+00
   1.4134282E+00   2.3418741E-02   5.1585644E-01   1.7586645E+00
   1.4164680E+00   1.5530205E-02   5.8111781E-01   1.7590671E+00
   1.4195298E+00   1.2442893E-02   5.9855729E-01   1.7594001E+00
   1.4225904E+00   1.4508246E-02   6.3012743E-01   1.7600377E+00
   1.4264486E+00   2.0824004E-02   6.9850343E-01   1.7603948E+00
   1.4293902E+00   9.3128337E-03   8.0282599E-01   1.7608647E+00
   1.4332517E+00   1.2175104E-02   8.7834466E-01   1.7610893E+00
   1.4362555E+00   1.3095711E-02   9.5695955E-01   1.7611314E+00
   1.4393957E+00   1.6231002E-02   1.0211840E+00   1.7614079E+00
   1.4426112E+00   1.4275908E-02   1.1185309E+00   1.7618876E+00
   1.4467795E+00   1.3481213E-02   1.1804003E+00   1.7623005E+00
   1.4496741E+00   1.4786245E-02   1.2592274E+00   1.7624588E+00
   1.4528611E+00   7.6217121E-03   1.3750422E+00   1.7625785E+00
   1.4561431E+00   1.0744495E-02   1.4169264E+00   1.7626814E+00
   1.4594328E+00   4.2145606E-03   1.5210510E+00   1.7632802E+00
   1.4627420E+00   1.6247153E-02   1.6234457E+00   1.7639880E+00
   1.4660733E+00   2.1937346E-02   1.7231741E+00   1.7647362E+00
   1.4694275E+00   1.1589456E-02   1.8091946E+00   1.7654362E+00
   1.4728066E+00   7.8740632E-03   1.8725963E+00   1.7660656E+00
   1.4762106E+00   6.2188096E-03   1.9960486E+00   1.7668066E+00
   1.4796387E+00   8.3782636E-03   2.0753515E+00   1.7676929E+00
   1.4830916E+00   1.2088283E-02   2.2319064E+00   1.7688506E+00
   1.4865957E+00   8.5843243E-03   2.3167241E+00   1.7696414E+00
   1.4901046E+00   1.3329188E-02   2.3733513E+00   1.7701601E+00
   1.4936138E+00  -1.8528346E-02   2.4627476E+00   1.7708553E+00
   1.4971272E+00   3.2316417E-02   2.6183839E+00   1.7716861E+00
   1.4993942E+00   4.7871019E-03   2.6895058E+00   1.7726982E+00
   1.5036854E+00   1.0568750E-02   2.8472309E+00   1.7736140E+00
   1.5065713E+00   5.8803135E-03   2.8234885E+00   1.7743398E+00
   1.5100791E+00   1.9842517E-02   3.0770917E+00   1.7749695E+00
   1.5131978E+00   2.2292759E-03   3.1668506E+00   1.7754831E+00
   1.5164280E+00   1.0397483E-02   3.2379916E+00   1.7765568E+00
   1.5203544E+00   2.3025861E-03   3.3827360E+00   1.7773961E+00
   1.5237954E+00   3.7576016E-03   3.4763973E+00   1.7781951E+00
   1.5261616E+00  -1.9845287E-03   3.5416875E+00   1.7787522E+00
   1.5296772E+00   1.2745077E-02   3.6388144E+00   1.7798079E+00
   1.5329229E+00  -4.3483325E-03   3.8140583E+00   1.7809089E+00
   1.5363916E+00   3.7971810E-03   3.8880045E+00   1.7815255E+00
   1.5398322E+00   1.0247118E-02   4.0056686E+00   1.7822452E+00
   1.5432889E+00  -2.3541565E-03   4.0946627E+00   1.7828958E+00
   1.5469282E+00   1.1685450E-03   4.3032603E+00   1.7842760E+00
   1.5506138E+00  -1.2211070E-03   4.3801565E+00   1.7851487E+00
   1.5530638E+00  -9.5875049E-03   4.4205265E+00   1.7855117E+00
   1.5571430E+00   1.1379927E-02   4.6144404E+00   1.7865520E+00
   1.5606668E+00   7.2442582E-03   4.7749786E+00   1.7876699E+00
   1.5632987E+00  -9.7993878E-04   4.8308759E+00   1.7880311E+00
   1.5673640E+00  -1.5581360E-02   4.9512281E+00   1.7885489E+00
   1.5701516E+00   6.2472858E-03   5.0431199E+00   1.7894847E+00
   1.5728905E+00   1.8103762E-02   5.1066160E+00   1.7899113E+00
   1.5768719E+00   4.6619377E-03   5.2806492E+00   1.7925819E+00
   1.5801712E+00   1.0180420E-02   5.3203640E+00   1.7906877E+00
   1.5839162E+00  -9.2214094E-03   5.4456034E+00   1.7904503E+00
   1.5864100E+00  -2.5990817E-03   5.5498004E+00   1.7921402E+00
   1.5899436E+00  -9.0012560E-03   5.7612567E+00   1.7942243E+00
   1.5935826E+00  -8.6950762E-03   5.8252115E+00   1.7951686E+00
   1.5971762E+00  -4.4682594E-03   5.9312859E+00   1.7955773E+00
   1.6007298E+00  -2.0543983E-02   6.0238438E+00   1.7962904E+00
   1.6030809E+00  -1.1980583E-02   6.1389518E+00   1.7968334E+00
   1.6065842E+00  -9.7029004E-03   6.2781510E+00   1.7978718E+00
   1.6100643E+00  -5.9908065E-03   6.3626351E+00   1.7984935E+00
   1.6135309E+00   4.0298156E-03   6.4323769E+00   1.7989700E+00
   1.6169909E+00  -9.6290829E-03   6.5515046E+00   1.7996559E+00
   1.6204515E+00  -1.2465738E-02   6.6686854E+00   1.8002177E+00
   1.6239249E+00  -1.3510533E-02   6.7688737E+00   1.8010434E+00
   1.6274047E+00  -8.0352537E-03   6.8918362E+00   1.8019199E+00
   1.6297269E+00  -4.7850292E-03   6.9461322E+00   1.8024416E+00
   1.6332146E+00  -4.2326334E-03   7.0020370E+00   1.8026894E+00
   1.6365105E+00  -3.5026204E-04   7.1119537E+00   1.8035351E+00
   1.6397173E+00   1.7218210E-03   7.1903329E+00   1.8046926E+00
   1.6430769E+00  -1.7105130E-02   7.3158617E+00   1.8060915E+00
   1.6467507E+00  -4.5122942E-03   7.3992724E+00   1.8065679E+00
   1.6508296E+00  -4.1003195E-03   7.4881759E+00   1.8077101E+00
   1.6535585E+00   2.5842211E-03   7.5620360E+00   1.8086438E+00
   1.6575816E+00   7.3446608E-03   7.6665392E+00   1.8100607E+00
   1.6602004E+00  -6.1919061E-03   7.7283316E+00   1.8109257E+00
   1.6640509E+00   1.8972256E-03   7.8087854E+00   1.8119996E+00
   1.6674337E+00   1.7672642E-04   7.8887935E+00   1.8130898E+00
   1.6707972E+00   9.4599687E-03   7.9562211E+00   1.8141415E+00
   1.6733292E+00  -2.0701587E-02   8.0143576E+00   1.8148193E+00
   1.6774321E+00   1.4992107E-02   8.1134968E+00   1.8163897E+00
   1.6802907E+00  -1.1363734E-02   8.1520481E+00   1.8168039E+00
   1.6832175E+00   8.0152545E-03   8.2108288E+00   1.8175337E+00
   1.6870303E+00  -6.0152304E-03   8.2555180E+00   1.8189293E+00
   1.6904590E+00   2.4457477E-02   8.4161272E+00   1.8216875E+00
   1.6932161E+00   2.0025978E-03   8.4328594E+00   1.8221481E+00
   1.6974891E+00  -8.7779332E-03   8.4709911E+00   1.8217282E+00
   1.6998172E+00   2.5846237E-02   8.4621458E+00   1.8222773E+00
   1.7037098E+00   3.5461863E-03   8.6125317E+00   1.8242874E+00
   1.7066213E+00  -3.7172982E-03   8.6016197E+00   1.8251822E+00
   1.7098311E+00  -8.3373126E-04   8.6548128E+00   1.8259001E+00
   1.7144161E+00   5.8940751E-03   8.7381592E+00   1.8277227E+00
   1.7173564E+00   1.0130537E-03   8.8218021E+00   1.8286630E+00
   1.7199488E+00  -5.8604288E-03   8.8625031E+00   1.8295798E+00
   1.7236860E+00  -4.2844489E-03   8.8428669E+00   1.8306180E+00
   1.7264067E+00  -5.5790846E-03   8.9140453E+00   1.8310019E+00
   1.7306926E+00  -1.7863426E-03   8.9418068E+00   1.8319077E+00
   1.7334504E+00  -1.0075175E-02   9.0357218E+00   1.8329974E+00
   1.7363863E+00  -1.6597254E-03   9.0674868E+00   1.8340271E+00
   1.7409875E+00  -2.4505842E-02   9.0971918E+00   1.8353956E+00
   1.7432863E+00   2.5133780E-04   9.1179657E+00   1.8355938E+00
   1.7476381E+00  -1.1699259E-03   9.2348671E+00   1.8376168E+00
   1.7501539E+00   3.0254290E-04   9.2240038E+00   1.8383971E+00
   1.7544194E+00   3.2383935E-03   9.2612886E+00   1.8382596E+00
   1.7569641E+00  -1.6787760E-02   9.2355623E+00   1.8383498E+00
   1.7609081E+00  -3.0961765E-03   9.3152580E+00   1.8395932E+00
   1.7638350E+00  -1.1449347E-02   9.3822155E+00   1.8408839E+00
   1.7667416E+00  -1.7758287E-03   9.4274073E+00   1.8421886E+00
   1.7699462E+00   1.6056917E-03   9.4869938E+00   1.8427227E+00
   1.7739751E+00  -6.2397104E-03   9.5014963E+00   1.8434962E+00
   1.7778459E+00   2.3693549E-03   9.5483742E+00   1.8444021E+00
   1.7805935E+00   7.4929860E-04   9.5726843E+00   1.8449775E+00
   1.7836229E+00   2.2588589E-03   9.6069155E+00   1.8453760E+00
   1.7867851E+00  -1.0560493E-02   9.6091194E+00   1.8456780E+00
   1.7910118E+00   4.6182349E-03   9.7057848E+00   1.8475990E+00
   1.7938182E+00  -5.3738854E-03   9.7404222E+00   1.8482008E+00
   1.7970235E+00  -1.0562039E-02   9.8062639E+00   1.8489497E+00
   1.8002762E+00   9.2658866E-03   9.7930965E+00   1.8494623E+00
   1.8037953E+00   6.7162653E-03   9.8615656E+00   1.8498124E+00
   1.8078692E+00  -1.2275232E-03   9.9090481E+00   1.8511839E+00
   1.8109360E+00  -5.1806490E-03   9.9604664E+00   1.8519309E+00
   1.8136394E+00   8.1744511E-03   9.9465780E+00   1.8523350E+00
   1.8175933E+00  -3.3090056E-03   1.0037550E+01   1.8536121E+00
   1.8205699E+00  -2.1254478E-03   1.0056222E+01   1.8541955E+00
   1.8235359E+00   2.7867904E-04   1.0111919E+01   1.8547566E+00
   1.8275796E+00   2.9936801E-03   1.0152608E+01   1.8560381E+00
   1.8302946E+00  -4.6400217E-04   1.0188741E+01   1.8567480E+00
   1.8332829E+00  -4.1659437E-03   1.0235859E+01   1.8573440E+00
   1.8365774E+00  -2.6496768E-04   1.0266057E+01   1.8580425E+00
   1.8398986E+00  -2.9815985E-03   1.0312221E+01   1.8595020E+00
   1.8432479E+00  -3.6017091E-03   1.0365091E+01   1.8608009E+00
   1.8466065E+00   5.3022534E-04   1.0395889E+01   1.8616574E+00
   1.8499982E+00  -4.4129626E-03   1.0430136E+01   1.8622984E+00
   1.8545706E+00  -7.4039102E-03   1.0513959E+01   1.8636284E+00
   1.8573505E+00  -4.0887748E-03   1.0526038E+01   1.8649549E+00
   1.8601831E+00  -8.1570307E-04   1.0568645E+01   1.8655345E+00
   1.8633062E+00  -3.3906098E-03   1.0613232E+01   1.8660380E+00
   1.8667493E+00  -1.3049052E-03   1.0642784E+01   1.8666210E+00
   1.8702239E+00   3.1417966E-04   1.0666639E+01   1.8680110E+00
   1.8737167E+00  -3.1989296E-03   1.0746638E+01   1.8715616E+00
   1.8773788E+00  -4.7071528E-04   1.0757170E+01   1.8709198E+00
   1.8806936E+00  -4.5633974E-04   1.0814135E+01   1.8697194E+00
   1.8841231E+00  -1.7018820E-03   1.0844200E+01   1.8697478E+00
   1.8879162E+00   1.2648923E-03   1.0897779E+01   1.8718387E+00
   1.8905665E+00   3.6324412E-04   1.0956688E+01   1.8729012E+00
   1.8941302E+00  -5.4339995E-04   1.0948543E+01   1.8747777E+00
   1.8971331E+00  -8.1325631E-04   1.1010163E+01   1.8754349E+00
   1.9006093E+00  -1.9407321E-03   1.1005589E+01   1.8752865E+00
   1.9046333E+00  -2.3876152E-03   1.1047292E+01   1.8751676E+00
   1.9076625E+00  -9.4736554E-04   1.1076465E+01   1.8758755E+00
   1.9110022E+00  -8.2402094E-04   1.1083991E+01   1.8771348E+00
   1.9146286E+00  -1.2391122E-03   1.1107390E+01   1.8777686E+00
   1.9180292E+00   4.0759399E-04   1.1143993E+01   1.8784852E+00
   1.9217438E+00  -2.4585277E-04   1.1165448E+01   1.8791040E+00
   1.9236308E+00  -3.9222822E-04   1.1177389E+01   1.8793737E+00
   1.9272894E+00   1.2470668E-03   1.1189933E+01   1.8802662E+00
   1.9308606E+00   2.9678829E-03   1.1222408E+01   1.8809246E+00
   1.9344456E+00   4.6932134E-03   1.1225206E+01   1.8816650E+00
   1.9379565E+00   2.5471402E-03   1.1226169E+01   1.8821576E+00
   1.9413960E+00   4.0124855E-03   1.1237617E+01   1.8825264E+00
   1.9447602E+00   3.8494684E-03   1.1259124E+01   1.8829068E+00
   1.9480798E+00   3.8176286E-03   1.1263161E+01   1.8832083E+00
   1.9513987E+00   3.7043979E-03   1.1259968E+01   1.8837374E+00
   1.9546643E+00   6.3987686E-03   1.1265780E+01   1.8842099E+00
   1.9578793E+00   4.4854209E-03   1.1230574E+01   1.8845060E+00
   1.9610244E+00   5.0033880E-03   1.1251040E+01   1.8846533E+00
   1.9640914E+00   5.0053829E-03   1.1237442E+01   1.8847425E+00
   1.9670757E+00   3.7610990E-03   1.1236238E+01   1.8849752E+00
   1.9714254E+00   5.4514394E-03   1.1207484E+01   1.8855306E+00
   1.9742607E+00   5.0874366E-03   1.1176528E+01   1.8859774E+00
   1.9770494E+00   7.9871938E-03   1.1146203E+01   1.8863238E+00
   1.9811968E+00   8.6026955E-03   1.1125471E+01   1.8867654E+00
   1.9839395E+00   8.1524616E-03   1.1086159E+01   1.8869523E+00
   1.9879069E+00   7.6421103E-03   1.1064417E+01   1.8872017E+00
   1.9904654E+00   8.8629806E-03   1.1036268E+01   1.8874769E+00
   1.9941939E+00   1.0118742E-02   1.0956365E+01   1.8884006E+00
   1.9978151E+00   9.9898176E-03   1.0896167E+01   1.8890308E+00
   2.0013576E+00   1.0938899E-02   1.0850711E+01   1.8892574E+00
   2.0048404E+00   1.1057020E-02   1.0830585E+01   1.8894539E+00
   2.0071354E+00   1.1126765E-02   1.0776094E+01   1.8897406E+00
   2.0105460E+00   1.2604320E-02   1.0702028E+01   1.8903601E+00
   2.0138736E+00   1.3973317E-02   1.0632007E+01   1.8909863E+00
   2.0181534E+00   1.3748892E-02   1.0555418E+01   1.8915132E+00
   2.0212822E+00   1.4671925E-02   1.0469065E+01   1.8917283E+00
   2.0243332E+00   1.6383685E-02   1.0424741E+01   1.8917974E+00
   2.0273361E+00   1.7002342E-02   1.0335773E+01   1.8921230E+00
   2.0312808E+00   1.6773077E-02   1.0270378E+01   1.8924831E+00
   2.0341992E+00   1.9533962E-02   1.0182603E+01   1.8927820E+00
   2.0380445E+00   1.6739234E-02   1.0066230E+01   1.8931968E+00
   2.0409133E+00   1.5946465E-02   9.9729538E+00   1.8934729E+00
   2.0447273E+00   1.7299369E-02   9.8587265E+00   1.8936980E+00
   2.0475721E+00   1.5544736E-02   9.7663393E+00   1.8938694E+00
   2.0513361E+00   1.7003872E-02   9.6580954E+00   1.8941216E+00
   2.0541360E+00   1.7036621E-02   9.6360378E+00   1.8942133E+00
   2.0578372E+00   1.7018927E-02   9.4637308E+00   1.8944521E+00
   2.0614924E+00   1.3077496E-02   9.3217764E+00   1.8946279E+00
   2.0642047E+00   1.6092852E-02   9.2621241E+00   1.8946387E+00
   2.0677917E+00   1.4349963E-02   9.1082458E+00   1.8946099E+00
   2.0713537E+00   1.4936438E-02   8.9971657E+00   1.8946893E+00
   2.0748901E+00   1.4062241E-02   8.8856001E+00   1.8947016E+00
   2.0775244E+00   1.2925922E-02   8.8204975E+00   1.8946848E+00
   2.0810111E+00   1.4600229E-02   8.6327143E+00   1.8946717E+00
   2.0844676E+00   1.3281432E-02   8.5149984E+00   1.8946563E+00
   2.0878925E+00   1.3122263E-02   8.3865976E+00   1.8945535E+00
   2.0912848E+00   1.0399703E-02   8.2774229E+00   1.8944250E+00
   2.0946438E+00   9.7139645E-03   8.1185198E+00   1.8943077E+00
   2.0979700E+00   9.5607946E-03   7.9929571E+00   1.8942105E+00
   2.1012647E+00   8.2223853E-03   7.8912954E+00   1.8941165E+00
   2.1045310E+00   7.5071095E-03   7.7375259E+00   1.8940009E+00
   2.1077740E+00   4.2531197E-03   7.5640726E+00   1.8937649E+00
   2.1109972E+00   6.1975461E-03   7.4075279E+00   1.8934717E+00
   2.1142108E+00   4.4422722E-03   7.2906399E+00   1.8932148E+00
   2.1182282E+00   4.2745392E-03   7.1506948E+00   1.8928425E+00
   2.1214552E+00   4.5498949E-03   7.0207062E+00   1.8925364E+00
   2.1246853E+00   9.8674314E-04   6.8038931E+00   1.8921281E+00
   2.1278851E+00   5.3716609E-03   6.7084541E+00   1.8917779E+00
   2.1314337E+00   6.2457416E-03   6.6698556E+00   1.8921130E+00
   2.1344945E+00   1.4728903E-03   6.3249211E+00   1.8911103E+00
   2.1382921E+00  -1.1487745E-03   6.2414598E+00   1.8905214E+00
   2.1416221E+00  -7.4220556E-03   6.0715642E+00   1.8898212E+00
   2.1450226E+00  -7.0293103E-03   5.9063349E+00   1.8893917E+00
   2.1483958E+00  -1.2550958E-03   5.7851377E+00   1.8892653E+00
   2.1517265E+00  -1.8486201E-03   5.6437635E+00   1.8891389E+00
   2.1550281E+00  -1.5559135E-03   5.4610839E+00   1.8887068E+00
   2.1583242E+00  -4.8975837E-03   5.3455753E+00   1.8883240E+00
   2.1616144E+00  -1.6385167E-03   5.1670027E+00   1.8876697E+00
   2.1648734E+00  -3.7070459E-03   4.9908814E+00   1.8867669E+00
   2.1680999E+00  -1.3511649E-02   4.8663449E+00   1.8862684E+00
   2.1713171E+00  -1.1640149E-02   4.7360907E+00   1.8859801E+00
   2.1746790E+00  -1.0684662E-02   4.5708780E+00   1.8854475E+00
   2.1780403E+00  -3.9359098E-03   4.4277344E+00   1.8851861E+00
   2.1812801E+00  -1.6566996E-02   4.2253766E+00   1.8847979E+00
   2.1845953E+00   6.9272812E-03   4.0893979E+00   1.8841047E+00
   2.1878881E+00  -2.5953904E-02   3.9570127E+00   1.8837572E+00
   2.1911409E+00  -1.4987555E-02   3.8039651E+00   1.8833309E+00
   2.1943934E+00  -8.8453840E-04   3.6993837E+00   1.8832110E+00
   2.1977425E+00  -2.2304187E-02   3.4767401E+00   1.8829689E+00
   2.2018030E+00   6.2579330E-04   3.3206170E+00   1.8821532E+00
   2.2049575E+00  -4.0928726E-04   3.1639297E+00   1.8816065E+00
   2.2081697E+00  -2.3674063E-02   3.0499706E+00   1.8809751E+00
   2.2113597E+00  -1.1701941E-02   2.9791939E+00   1.8807145E+00
   2.2145689E+00  -2.8446376E-02   2.7645438E+00   1.8801540E+00
   2.2185538E+00  -2.1817945E-02   2.4671192E+00   1.8784088E+00
   2.2217720E+00  -7.8501459E-03   2.4820585E+00   1.8781393E+00
   2.2248456E+00   2.6147081E-02   2.3927357E+00   1.8780388E+00
   2.2280354E+00  -3.4767289E-02   2.1652091E+00   1.8774191E+00
   2.2312596E+00  -4.2163741E-02   2.0879712E+00   1.8768630E+00
   2.2345202E+00   1.4392500E-02   1.7866118E+00   1.8751771E+00
   2.2385542E+00  -4.4401947E-02   1.6816649E+00   1.8745605E+00
   2.2417996E+00  -3.3925455E-02   1.8409464E+00   1.8745297E+00
   2.2451150E+00   1.0903664E-02   1.4037888E+00   1.8739332E+00
   2.2483790E+00  -2.2676235E-02   1.3548805E+00   1.8726678E+00
   2.2515535E+00  -4.4225797E-02   9.9741793E-01   1.8717158E+00
   2.2547421E+00  -2.8783715E-04   1.0337156E+00   1.8709030E+00
   2.2579267E+00  -6.7398816E-02   9.6713328E-01   1.8704875E+00
   2.2619529E+00  -5.7168994E-02   8.2141328E-01   1.8696113E+00
   2.2651575E+00  -4.4067822E-02   5.4250193E-01   1.8679929E+00
   2.2682028E+00  -4.5563955E-02   4.9060950E-01   1.8667725E+00
   2.2713919E+00  -1.6580425E-02   3.3233920E-01   1.8663818E+00
   2.2746458E+00  -5.4372486E-02   3.8821444E-01   1.8653147E+00
   2.2786081E+00  -7.5035542E-03   1.2884851E-01   1.8637496E+00
   2.2817879E+00  -6.6780471E-03  -7.2665349E-02   1.8632514E+00
   2.2849619E+00  -6.3655399E-02  -1.7126989E-01   1.8625242E+00
   2.2881198E+00  -1.9309424E-02  -2.5769654E-01   1.8610687E+00
   2.2914522E+00  -5.7615116E-02  -4.8341227E-01   1.8593376E+00
   2.2948475E+00  -4.2806022E-02  -6.3909006E-01   1.8582802E+00
   2.2981825E+00  -2.7062437E-02  -6.2327254E-01   1.8581086E+00
   2.3016517E+00  -4.7192771E-02  -9.3610013E-01   1.8564019E+00
   2.3053029E+00  -4.0858023E-02  -1.0085748E+00   1.8551013E+00
   2.3080359E+00   9.0890050E-02  -8.7145942E-01   1.8540294E+00
   2.3116107E+00  -1.7601958E-02  -1.2114903E+00   1.8524946E+00
   2.3152599E+00  -2.9723316E-01  -1.8065994E+00   1.8513662E+00
   2.3180096E+00  -1.2282299E-01  -1.5348114E+00   1.8510275E+00
   2.3218606E+00  -1.3751079E-01  -1.4353342E+00   1.8498809E+00
   2.3247249E+00   1.9863039E-02  -1.8780125E+00   1.8472717E+00
   2.3282716E+00  -8.5986391E-02  -1.8615955E+00   1.8466072E+00
   2.3316531E+00  -2.1024309E-03  -1.9353944E+00   1.8454721E+00
   2.3347251E+00  -8.7013230E-02  -2.1902804E+00   1.8445466E+00
   2.3381095E+00  -5.6184810E-02  -2.3279779E+00   1.8432126E+00
   2.3419902E+00  -5.5139035E-02  -2.5360596E+00   1.8405709E+00
   2.3454351E+00  -3.7631474E-02  -2.6127110E+00   1.8399422E+00
   2.3488648E+00  -2.8090963E-02  -2.7076924E+00   1.8395556E+00
   2.3517001E+00  -2.7615365E-02  -2.7795610E+00   1.8387643E+00
   2.3554714E+00   4.3481165E-03  -2.8754058E+00   1.8360621E+00
   2.3587937E+00   1.1800393E-02  -3.0012722E+00   1.8346776E+00
   2.3614802E+00   3.2558396E-02  -3.0414987E+00   1.8341284E+00
   2.3647456E+00  -3.5771048E-01  -3.6657743E+00   1.8337630E+00
   2.3684244E+00   5.7385221E-02  -3.2464871E+00   1.8320405E+00
   2.3722374E+00  -1.2876450E-01  -3.6493483E+00   1.8308095E+00
   2.3749602E+00  -7.4365303E-02  -3.7301223E+00   1.8299595E+00
   2.3786082E+00  -1.6749427E-01  -3.5984929E+00   1.8278117E+00
   2.3821549E+00   1.3908908E-01  -4.2327042E+00   1.8257494E+00
   2.3848736E+00  -1.3438885E-01  -4.0974841E+00   1.8252233E+00
   2.3884177E+00  -5.0416302E-02  -4.1587491E+00   1.8249286E+00
   2.3919561E+00  -2.6662635E-02  -4.2108355E+00   1.8227788E+00
   2.3954465E+00   5.2409366E-02  -4.2903752E+00   1.8206909E+00
   2.3989100E+00  -6.6422090E-02  -4.5800018E+00   1.8201354E+00
   2.4020042E+00  -2.7372056E-01  -4.5828743E+00   1.8179429E+00
   2.4051831E+00  -7.2908536E-02  -4.6211443E+00   1.8175818E+00
   2.4085603E+00  -1.3463104E-01  -4.8012948E+00   1.8172762E+00
   2.4118841E+00   1.1360440E-01  -5.1753993E+00   1.8142445E+00
   2.4152410E+00   4.2168461E-02  -5.1311755E+00   1.8127216E+00
   2.4184916E+00  -3.6868528E-02  -5.1185431E+00   1.8118685E+00
   2.4218178E+00  -3.3643775E-02  -5.2581034E+00   1.8098449E+00
   2.4250820E+00  -1.5592104E-01  -5.1828089E+00   1.8097438E+00
   2.4283905E+00  -1.7603150E-01  -5.3667374E+00   1.8087480E+00
   2.4316857E+00   3.3778418E-02  -5.5475011E+00   1.8053293E+00
   2.4349523E+00  -6.1113346E-02  -5.8177276E+00   1.8032717E+00
   2.4382665E+00  -1.6510531E-01  -5.8377309E+00   1.8027264E+00
   2.4423659E+00  -5.2611399E-02  -5.7624116E+00   1.8021051E+00
   2.4456692E+00   3.2934103E-02  -6.0004535E+00   1.7990429E+00
   2.4488721E+00  -4.3189347E-02  -6.0776486E+00   1.7971747E+00
   2.4521337E+00  -9.3235470E-02  -5.9949522E+00   1.7971635E+00
   2.4553919E+00  -6.7848772E-02  -6.1288996E+00   1.7955432E+00
   2.4585614E+00  -4.5760877E-02  -6.1734819E+00   1.7940917E+00
   2.4617965E+00  -7.9968326E-02  -6.2849407E+00   1.7922677E+00
   2.4657111E+00  -9.7195596E-02  -6.3159280E+00   1.7898322E+00
   2.4689035E+00  -8.3037890E-02  -6.4273906E+00   1.7886441E+00
   2.4721119E+00  -7.2607011E-02  -6.5023026E+00   1.7878590E+00
   2.4751787E+00  -5.1941216E-02  -6.5186343E+00   1.7858677E+00
   2.4791100E+00  -8.6470515E-02  -6.6006007E+00   1.7845805E+00
   2.4822311E+00  -4.7193620E-02  -6.6973057E+00   1.7821684E+00
   2.4852591E+00  -8.8844612E-02  -6.6634464E+00   1.7806978E+00
   2.4890811E+00  -1.5511346E-02  -6.7591200E+00   1.7798871E+00
   2.4920959E+00  -8.1019022E-02  -6.8509011E+00   1.7775630E+00
   2.4957910E+00  -5.3592831E-02  -6.7697177E+00   1.7754700E+00
   2.4988093E+00  -1.0058683E-01  -6.8952332E+00   1.7744420E+00
   2.5018239E+00  -8.8836588E-02  -6.9565072E+00   1.7734512E+00
   2.5054920E+00  -4.7379568E-02  -6.8089862E+00   1.7714112E+00
   2.5085366E+00  -4.2269289E-02  -6.9340954E+00   1.7690792E+00
   2.5123270E+00  -6.1714124E-02  -7.0225406E+00   1.7683660E+00
   2.5152755E+00  -4.4503223E-02  -6.9571810E+00   1.7682055E+00
   2.5191650E+00  -3.4594733E-02  -7.0303454E+00   1.7657280E+00
   2.5222631E+00  -4.9774576E-02  -7.1186838E+00   1.7640312E+00
   2.5252736E+00  -2.2113459E-02  -6.9444361E+00   1.7610078E+00
   2.5291433E+00  -6.3614078E-02  -7.0269775E+00   1.7601963E+00
   2.5322850E+00  -2.1409402E-02  -7.0933595E+00   1.7607044E+00
   2.5353434E+00  -4.9217772E-02  -7.0146561E+00   1.7593718E+00
   2.5391767E+00  -1.9061394E-02  -6.9571357E+00   1.7575887E+00
   2.5423210E+00  -9.0700276E-02  -7.0619664E+00   1.7547002E+00
   2.5454481E+00  -7.1861953E-02  -6.9612007E+00   1.7542245E+00
   2.5491581E+00  -7.6701812E-02  -6.8595324E+00   1.7538337E+00
   2.5522726E+00  -7.0085101E-02  -7.0224442E+00   1.7520683E+00
   2.5553765E+00  -5.0122634E-02  -6.9091816E+00   1.7509527E+00
   2.5590556E+00   8.3202049E-02  -6.9640489E+00   1.7485785E+00
   2.5619671E+00  -9.3282044E-02  -6.9334383E+00   1.7470949E+00
   2.5657775E+00  -1.1499839E-01  -6.9106812E+00   1.7464699E+00
   2.5687912E+00   5.0468601E-02  -6.8526855E+00   1.7459254E+00
   2.5723579E+00  -1.7869614E-02  -6.9107051E+00   1.7430769E+00
   2.5759640E+00  -3.5262469E-02  -6.7106872E+00   1.7416342E+00
   2.5789571E+00  -1.0000149E-02  -6.7734027E+00   1.7413220E+00
   2.5825946E+00  -1.7967045E-02  -6.7745090E+00   1.7403107E+00
   2.5853848E+00  -3.5288282E-02  -6.6137185E+00   1.7375736E+00
   2.5889089E+00  -1.4857086E-02  -6.5614600E+00   1.7358291E+00
   2.5924904E+00  -9.3357012E-02  -6.6047602E+00   1.7361127E+00
   2.5953586E+00  -4.4954419E-02  -6.5366030E+00   1.7361522E+00
   2.5988383E+00  -1.6245261E-02  -6.4351311E+00   1.7342811E+00
   2.6023033E+00  -5.1033810E-02  -6.3659019E+00   1.7319071E+00
   2.6058514E+00  -3.7001885E-02  -6.3397698E+00   1.7300411E+00
   2.6087053E+00  -4.4610243E-02  -6.3166542E+00   1.7292991E+00
   2.6122241E+00  -3.9715357E-02  -6.2999387E+00   1.7281504E+00
   2.6156950E+00  -4.4871345E-02  -6.2375765E+00   1.7268208E+00
   2.6191931E+00  -3.7126061E-02  -6.1329322E+00   1.7252933E+00
   2.6220453E+00  -2.3683295E-02  -6.1211934E+00   1.7241646E+00
   2.6256325E+00  -5.9343629E-02  -6.1597033E+00   1.7228732E+00
   2.6291549E+00  -6.7101861E-03  -5.9849987E+00   1.7210931E+00
   2.6326506E+00  -1.6245879E-02  -5.9169550E+00   1.7197677E+00
   2.6354756E+00  -3.4309506E-02  -5.8762898E+00   1.7191124E+00
   2.6390958E+00  -2.5421312E-02  -5.8139744E+00   1.7187177E+00
   2.6426990E+00  -3.9980073E-02  -5.7177043E+00   1.7167116E+00
   2.6455455E+00  -2.9394837E-02  -5.6519465E+00   1.7148932E+00
   2.6490915E+00  -3.7592448E-02  -5.6107368E+00   1.7137766E+00
   2.6526847E+00  -3.5711534E-02  -5.4923744E+00   1.7131200E+00
   2.6555717E+00  -2.8138934E-02  -5.3868642E+00   1.7124399E+00
   2.6593285E+00  -3.5608739E-02  -5.3923302E+00   1.7111646E+00
   2.6623373E+00  -4.1455336E-02  -5.3404856E+00   1.7099891E+00
   2.6659586E+00  -3.5734728E-02  -5.1906514E+00   1.7076961E+00
   2.6688650E+00  -4.7990892E-02  -5.1377578E+00   1.7071785E+00
   2.6725349E+00  -2.3139674E-02  -5.1151519E+00   1.7067815E+00
   2.6754661E+00  -3.4781184E-02  -5.0218654E+00   1.7061530E+00
   2.6791914E+00  -1.7735386E-02  -4.9380836E+00   1.7032267E+00
   2.6821835E+00  -3.4991570E-02  -4.9533453E+00   1.7020057E+00
   2.6858580E+00  -2.4946749E-02  -4.9057117E+00   1.7015233E+00
   2.6893885E+00  -2.9547282E-02  -4.7898469E+00   1.7009100E+00
   2.6922109E+00  -3.3082865E-02  -4.7237735E+00   1.6998508E+00
   2.6957674E+00  -2.6375568E-02  -4.6123853E+00   1.6981558E+00
   2.6993349E+00  -3.5556205E-02  -4.5924215E+00   1.6973470E+00
   2.7028892E+00  -3.5990447E-02  -4.5462627E+00   1.6971146E+00
   2.7057142E+00  -2.3456277E-02  -4.4440322E+00   1.6965200E+00
   2.7092988E+00  -2.0440163E-02  -4.3736873E+00   1.6951338E+00
   2.7129283E+00  -2.4920939E-02  -4.3322334E+00   1.6941350E+00
   2.7158298E+00  -2.2800822E-02  -4.3081241E+00   1.6934930E+00
   2.7193773E+00  -1.9303491E-02  -4.1900606E+00   1.6925355E+00
   2.7228444E+00  -2.2247527E-02  -4.1438136E+00   1.6920246E+00
   2.7256284E+00  -2.3672180E-02  -4.0981269E+00   1.6916384E+00
   2.7291305E+00  -2.2271913E-02  -4.0584373E+00   1.6910307E+00
   2.7326448E+00  -1.8235415E-02  -3.9806030E+00   1.6901546E+00
   2.7361603E+00  -1.3515519E-02  -3.8965418E+00   1.6889917E+00
   2.7389750E+00  -2.3078686E-02  -3.8066013E+00   1.6879734E+00
   2.7424915E+00  -1.2473175E-02  -3.7669542E+00   1.6874076E+00
   2.7460027E+00  -2.3569476E-02  -3.7276001E+00   1.6872387E+00
   2.7495224E+00  -1.3195670E-02  -3.6596911E+00   1.6865840E+00
   2.7523475E+00  -1.3504906E-02  -3.5741365E+00   1.6857458E+00
   2.7558906E+00  -1.3891943E-02  -3.4903312E+00   1.6844732E+00
   2.7594481E+00  -1.1941568E-02  -3.4250009E+00   1.6837893E+00
   2.7623305E+00  -1.2302536E-02  -3.3988221E+00   1.6836263E+00
   2.7659435E+00  -9.7817788E-03  -3.3430166E+00   1.6830916E+00
   2.7694814E+00  -1.3537273E-02  -3.3171678E+00   1.6823083E+00
   2.7729969E+00  -5.8733453E-03  -3.1946397E+00   1.6814786E+00
   2.7758150E+00  -5.8852704E-03  -3.1533127E+00   1.6808780E+00
   2.7793500E+00  -4.3845880E-03  -3.1226423E+00   1.6803831E+00
   2.7829003E+00  -4.4236807E-03  -3.0372105E+00   1.6798490E+00
   2.7857590E+00  -6.5493360E-03  -3.0125198E+00   1.6793517E+00
   2.7894285E+00  -5.4676798E-03  -2.9962614E+00   1.6786174E+00
   2.7924073E+00  -3.0695323E-03  -2.9004972E+00   1.6776737E+00
   2.7961938E+00   2.7123623E-04  -2.8463321E+00   1.6772985E+00
   2.7993267E+00   1.2663877E-02  -2.8048186E+00   1.6769145E+00
   2.8024962E+00   7.2933813E-03  -2.7214420E+00   1.6754904E+00
   2.8065066E+00  -5.4310472E-03  -2.7161593E+00   1.6752030E+00
   2.8096647E+00   1.9173499E-03  -2.6905413E+00   1.6752561E+00
   2.8127925E+00   3.7089151E-03  -2.6472352E+00   1.6747483E+00
   2.8161519E+00   4.0110638E-03  -2.4880247E+00   1.6732192E+00
   2.8195376E+00   2.8793104E-03  -2.4637048E+00   1.6724316E+00
   2.8229210E+00   1.3171904E-03  -2.4779248E+00   1.6723391E+00
   2.8263266E+00   2.3038245E-03  -2.4343843E+00   1.6723577E+00
   2.8297739E+00   3.7519978E-03  -2.3359156E+00   1.6717509E+00
   2.8331928E+00   5.4000393E-03  -2.2713308E+00   1.6708701E+00
   2.8363907E+00   5.7519418E-03  -2.2513301E+00   1.6702100E+00
   2.8397934E+00   5.8681360E-03  -2.1618414E+00   1.6698078E+00
   2.8431318E+00   8.2826624E-03  -2.1203403E+00   1.6695132E+00
   2.8465111E+00   9.1098258E-03  -2.0657084E+00   1.6691145E+00
   2.8498862E+00   8.2102260E-03  -2.0096402E+00   1.6686711E+00
   2.8524776E+00   8.4904302E-03  -1.9897339E+00   1.6682667E+00
   2.8559573E+00   9.1155469E-03  -1.9385241E+00   1.6677582E+00
   2.8594398E+00   9.5880413E-03  -1.8820884E+00   1.6673450E+00
   2.8629091E+00   9.7919013E-03  -1.8271661E+00   1.6670575E+00
   2.8663723E+00   1.1764947E-02  -1.7576624E+00   1.6667683E+00
   2.8698618E+00   1.2435177E-02  -1.6988292E+00   1.6663942E+00
   2.8732784E+00   1.3322784E-02  -1.6392287E+00   1.6659089E+00
   2.8766303E+00   1.5255215E-02  -1.5978824E+00   1.6655872E+00
   2.8799491E+00   1.4695741E-02  -1.5494593E+00   1.6655345E+00
   2.8832879E+00   1.4814840E-02  -1.4900439E+00   1.6655567E+00
   2.8858864E+00   1.4784897E-02  -1.4563650E+00   1.6655314E+00
   2.8892760E+00   1.5856735E-02  -1.4049960E+00   1.6653926E+00
   2.8926485E+00   1.2879522E-02  -1.3199114E+00   1.6652007E+00
   2.8960350E+00   1.2933610E-02  -1.2950411E+00   1.6650591E+00
   2.8993876E+00   1.7144211E-02  -1.2422198E+00   1.6649256E+00
   2.9027183E+00   1.6666433E-02  -1.1226306E+00   1.6648476E+00
   2.9061220E+00   1.3328156E-02  -1.1122129E+00   1.6648296E+00
   2.9095244E+00   2.0053055E-02  -1.0691422E+00   1.6648443E+00
   2.9128709E+00   2.3057625E-02  -9.8918861E-01   1.6646954E+00
   2.9161663E+00   2.3276845E-02  -9.2442989E-01   1.6644412E+00
   2.9194529E+00   2.1647383E-02  -8.6988360E-01   1.6642361E+00
   2.9227240E+00   1.6168157E-02  -7.9728055E-01   1.6641743E+00
   2.9260681E+00   1.8900771E-02  -7.7079433E-01   1.6641403E+00
   2.9294136E+00   2.0943863E-02  -6.7807752E-01   1.6639514E+00
   2.9327452E+00   2.2824362E-02  -6.3215446E-01   1.6637390E+00
   2.9360592E+00   2.8243400E-02  -6.0189724E-01   1.6637849E+00
   2.9393744E+00   2.9243328E-02  -5.5884600E-01   1.6638694E+00
   2.9426799E+00   2.5701186E-02  -4.4091788E-01   1.6638761E+00
   2.9468040E+00   2.5001744E-02  -3.8295618E-01   1.6637909E+00
   2.9501004E+00   2.4832645E-02  -3.7273180E-01   1.6638007E+00
   2.9534035E+00   2.5308184E-02  -2.9320067E-01   1.6638980E+00
   2.9566970E+00   2.0837354E-02  -2.3475431E-01   1.6639318E+00
   2.9599559E+00   2.5393294E-02  -9.8003455E-02   1.6640114E+00
   2.9632149E+00   2.6041817E-02  -9.0348803E-02   1.6638991E+00
   2.9664776E+00   2.6146706E-02  -4.1796997E-02   1.6637892E+00
   2.9697404E+00   2.7606983E-02  -2.4834519E-02   1.6639038E+00
   2.9730043E+00   2.6916418E-02   6.2629513E-02   1.6639135E+00
   2.9762673E+00   2.4985010E-02   1.6713117E-01   1.6637006E+00
   2.9795315E+00   2.3805771E-02   1.9687560E-01   1.6634912E+00
   2.9827878E+00   2.4075774E-02   2.2603576E-01   1.6634430E+00
   2.9868598E+00   2.4781214E-02   3.0838567E-01   1.6635717E+00
   2.9901350E+00   2.2980722E-02   3.5386667E-01   1.6635375E+00
   2.9934084E+00   2.1822499E-02   4.1169128E-01   1.6634620E+00
   2.9966655E+00   2.2713434E-02   5.1057816E-01   1.6634796E+00
   2.9999087E+00   2.1888040E-02   5.3089553E-01   1.6635813E+00
   3.0031631E+00   2.2538140E-02   5.5998945E-01   1.6636704E+00
   3.0064232E+00   2.1612769E-02   5.9884959E-01   1.6638297E+00
   3.0096819E+00   2.2036362E-02   6.7398810E-01   1.6640276E+00
   3.0129395E+00   2.3559134E-02   7.2467059E-01   1.6640985E+00
   3.0161970E+00   2.0506795E-02   7.6966226E-01   1.6642003E+00
   3.0202694E+00   1.9177390E-02   8.1665123E-01   1.6643816E+00
   3.0235286E+00   2.1425655E-02   8.5792381E-01   1.6645391E+00
   3.0267889E+00   1.3143077E-02   9.2537785E-01   1.6647092E+00
   3.0300505E+00   1.4903407E-02   9.8810756E-01   1.6648901E+00
   3.0333147E+00   1.2991860E-02   1.0299435E+00   1.6649364E+00
   3.0365813E+00   1.4178753E-02   1.0539885E+00   1.6649814E+00
   3.0398481E+00   9.6211908E-03   1.1108328E+00   1.6652168E+00
   3.0431197E+00   1.2578490E-02   1.1583627E+00   1.6654021E+00
   3.0464072E+00   1.1661613E-02   1.1905944E+00   1.6655135E+00
   3.0496712E+00   1.1267662E-02   1.2426103E+00   1.6658388E+00
   3.0529566E+00   7.4952426E-03   1.3045262E+00   1.6663394E+00
   3.0562456E+00   1.0244792E-02   1.3230112E+00   1.6667646E+00
   3.0602548E+00   8.4187426E-03   1.4072747E+00   1.6674980E+00
   3.0633883E+00   5.9861476E-03   1.3991947E+00   1.6678251E+00
   3.0665262E+00   1.2776644E-02   1.5272439E+00   1.6682678E+00
   3.0697622E+00   1.0182790E-02   1.5132154E+00   1.6687962E+00
   3.0730562E+00   9.3640434E-03   1.6210725E+00   1.6692263E+00
   3.0763371E+00   9.8508922E-03   1.6108601E+00   1.6697171E+00
   3.0804157E+00   9.5932409E-03   1.6785579E+00   1.6702166E+00
   3.0836957E+00   9.2703961E-03   1.7274630E+00   1.6705122E+00
   3.0869224E+00   7.1774167E-03   1.7438289E+00   1.6707225E+00
   3.0900962E+00   5.6357807E-03   1.8126593E+00   1.6710008E+00
   3.0934319E+00   9.8815523E-03   1.8634703E+00   1.6714127E+00
   3.0967836E+00   7.6007610E-03   1.9096153E+00   1.6717716E+00
   3.1001234E+00   9.7138081E-03   1.9416174E+00   1.6721283E+00
   3.1034529E+00   5.2608619E-03   1.9876012E+00   1.6724974E+00
   3.1066360E+00   6.9074347E-03   2.0398076E+00   1.6731247E+00
   3.1098366E+00   8.2448283E-03   2.1234362E+00   1.6737698E+00
   3.1134832E+00   3.1412125E-03   2.1364236E+00   1.6744053E+00
   3.1164861E+00   4.1570654E-03   2.1770077E+00   1.6748625E+00
   3.1197572E+00   1.0840014E-02   2.2150500E+00   1.6753385E+00
   3.1236641E+00   8.9286659E-03   2.3225632E+00   1.6764964E+00
   3.1270614E+00   7.7321148E-03   2.3438373E+00   1.6768965E+00
   3.1304765E+00   6.8051443E-03   2.3713763E+00   1.6772218E+00
   3.1338511E+00  -7.8664711E-03   2.4477448E+00   1.6778415E+00
   3.1372287E+00   5.4388652E-03   2.4878881E+00   1.6785895E+00
   3.1404798E+00   9.7760209E-04   2.5863793E+00   1.6792760E+00
   3.1437120E+00   6.0602794E-03   2.6187649E+00   1.6798811E+00
   3.1469965E+00   3.8362897E-03   2.6712408E+00   1.6800590E+00
   3.1504436E+00   8.0950633E-03   2.7166870E+00   1.6802077E+00
   3.1538877E+00   2.1722957E-03   2.7839961E+00   1.6809759E+00
   3.1564562E+00   5.8957073E-03   2.8072102E+00   1.6813304E+00
   3.1598511E+00   1.2953798E-03   2.8848164E+00   1.6819637E+00
   3.1632779E+00   5.2919001E-03   2.8633435E+00   1.6827887E+00
   3.1671808E+00  -1.6296060E-03   3.0855310E+00   1.6834480E+00
   3.1705446E+00   4.4513823E-04   3.1112108E+00   1.6838452E+00
   3.1739805E+00   4.6332101E-03   3.1345103E+00   1.6847012E+00
   3.1765409E+00  -8.8601578E-03   3.2333288E+00   1.6853617E+00
   3.1799812E+00  -7.8847129E-03   3.3269904E+00   1.6866560E+00
   3.1834285E+00  -4.1427780E-03   3.3308187E+00   1.6870948E+00
   3.1867266E+00  -9.7511243E-03   3.3922281E+00   1.6873791E+00
   3.1900420E+00   8.4879670E-05   3.4929481E+00   1.6881011E+00
   3.1934559E+00  -3.0416442E-04   3.5914223E+00   1.6892024E+00
   3.1968517E+00  -2.9352001E-05   3.6295400E+00   1.6897036E+00
   3.2002120E+00  -3.7660717E-03   3.7116618E+00   1.6902157E+00
   3.2035503E+00  -3.2385315E-03   3.7597253E+00   1.6913953E+00
   3.2068143E+00  -3.7644086E-03   3.8417056E+00   1.6917881E+00
   3.2101457E+00  -6.1604274E-03   3.9650216E+00   1.6921498E+00
   3.2136698E+00  -9.0549216E-03   4.0288377E+00   1.6933677E+00
   3.2170668E+00  -4.5379405E-03   4.1001601E+00   1.6944861E+00
   3.2206268E+00  -1.0855327E-02   4.1607461E+00   1.6951381E+00
   3.2232952E+00  -1.0122252E-02   4.2281795E+00   1.6955872E+00
   3.2266917E+00  -1.2150656E-02   4.3104196E+00   1.6961632E+00
   3.2301066E+00  -1.5443131E-02   4.4407883E+00   1.6974458E+00
   3.2336683E+00  -1.6264252E-02   4.5491252E+00   1.6985162E+00
   3.2372077E+00  -9.1140382E-03   4.5857124E+00   1.6993058E+00
   3.2407427E+00  -8.4908996E-03   4.7464314E+00   1.7012178E+00
   3.2441325E+00  -5.9255385E-03   4.7859097E+00   1.7019857E+00
   3.2466958E+00  -1.8325502E-02   4.9087672E+00   1.7027178E+00
   3.2501793E+00  -1.6653242E-02   4.9652739E+00   1.7037914E+00
   3.2536378E+00  -1.8561456E-02   5.0686088E+00   1.7048746E+00
   3.2572057E+00  -1.8790662E-02   5.1397471E+00   1.7057430E+00
   3.2606125E+00  -2.3344979E-02   5.2742667E+00   1.7067420E+00
   3.2641499E+00  -2.0658541E-02   5.3367562E+00   1.7074566E+00
   3.2669408E+00  -2.4426179E-02   5.4738851E+00   1.7083493E+00
   3.2706244E+00  -2.2188542E-02   5.5520177E+00   1.7096109E+00
   3.2733464E+00  -2.4207305E-02   5.5863771E+00   1.7105149E+00
   3.2774796E+00  -2.4141526E-02   5.7802329E+00   1.7110672E+00
   3.2801824E+00  -2.5346266E-02   5.7765493E+00   1.7114364E+00
   3.2837646E+00  -3.0062361E-02   5.9450345E+00   1.7134645E+00
   3.2872994E+00  -4.4113584E-02   6.0299077E+00   1.7145478E+00
   3.2908340E+00  -1.8238464E-02   6.1290450E+00   1.7156447E+00
   3.2934854E+00  -2.6199332E-02   6.1691108E+00   1.7163604E+00
   3.2968237E+00  -3.0326823E-02   6.3189263E+00   1.7175725E+00
   3.3003671E+00  -3.4522213E-02   6.4417133E+00   1.7189710E+00
   3.3039041E+00  -3.0166965E-02   6.5200953E+00   1.7202634E+00
   3.3074274E+00  -2.9040059E-02   6.5942855E+00   1.7209740E+00
   3.3108325E+00  -4.3900803E-02   6.7079101E+00   1.7219378E+00
   3.3143425E+00  -1.8354032E-02   6.8254895E+00   1.7233899E+00
   3.3171561E+00  -3.7579417E-02   6.8917480E+00   1.7240003E+00
   3.3209069E+00  -3.0830340E-02   7.0149193E+00   1.7251315E+00
   3.3237629E+00  -2.5415435E-02   7.0682116E+00   1.7256939E+00
   3.3276575E+00  -3.1883374E-02   7.2053676E+00   1.7271706E+00
   3.3303304E+00  -3.5186142E-02   7.3199635E+00   1.7282305E+00
   3.3343234E+00  -3.7680216E-02   7.4087276E+00   1.7290517E+00
   3.3373592E+00  -4.0754117E-02   7.4804282E+00   1.7298340E+00
   3.3413990E+00  -5.0770193E-02   7.5931549E+00   1.7315997E+00
