  flscon:  version 23.2.0.01  win64 2022 
 FLOW-3D   10:29:12  02/26/2024 qiqb     
   hydr3d   version  23.2.0.20 win64     12/04/2023 HYDRO    
 Simulation Template: Free Surface - TruVOF (Default)                            

Mesh Block   1
 printing pfxob, pfyob, pfzob       
       1      337      0.000E+00      2.367E+00
   time              pfxob_1         pfyob_1         pfzob_1
   0.0000000E+00   6.1796093E-04  -3.0339637E+00   3.9777803E+00
   4.9306001E-03  -1.0469718E-02   8.9931267E+01   5.1956882E+00
   9.6146697E-03   8.3234264E-03  -2.6650677E+00   4.0803251E+00
   1.4064536E-02  -1.1613622E-02  -3.0570905E+00   4.0020642E+00
   1.8291909E-02  -2.3680390E-03  -2.8509655E+00   3.9883242E+00
   2.2730652E-02  -1.8343320E-03  -2.8046126E+00   3.9775391E+00
   2.7391331E-02  -1.4049327E-03  -2.7785163E+00   3.9741266E+00
   3.2285042E-02  -4.2767840E-04  -2.7491333E+00   3.9736109E+00
   3.7423443E-02   3.3295224E-04  -2.7251420E+00   3.9738288E+00
   4.2818759E-02  -5.9755379E-04  -2.6997049E+00   3.9767487E+00
   4.8483845E-02  -4.2437150E-05  -2.6753623E+00   3.9809282E+00
   5.4432184E-02  -7.2318641E-04  -2.6484313E+00   3.9840863E+00
   6.0677938E-02  -1.3602372E-03  -2.6218741E+00   3.9847474E+00
   6.7235984E-02   3.9128895E-04  -2.6082299E+00   3.9819679E+00
   7.4121930E-02   7.8858447E-04  -2.6020305E+00   3.9805574E+00
   8.1352167E-02  -1.9178123E-04  -2.6037624E+00   3.9750514E+00
   8.8943928E-02   1.4447917E-04  -2.6113632E+00   3.9710758E+00
   9.6915267E-02   1.2480814E-04  -2.6284180E+00   3.9677815E+00
   1.0528518E-01   6.8872701E-05  -2.6468754E+00   3.9648519E+00
   1.1407358E-01   6.5916555E-04  -2.6740651E+00   3.9630270E+00
   1.2326232E-01   5.9571874E-04  -2.7057295E+00   3.9619176E+00
   1.3249227E-01   1.0310335E-03  -2.7497184E+00   3.9607351E+00
   1.4165902E-01   4.4954169E-04  -2.7979124E+00   3.9592938E+00
   1.5080766E-01  -5.7187353E-05  -2.8428385E+00   3.9574838E+00
   1.5997586E-01  -8.0371537E-04  -2.8931944E+00   3.9552851E+00
   1.6914116E-01  -6.5443030E-04  -2.9454975E+00   3.9527624E+00
   1.7835450E-01  -3.1705174E-04  -2.9944730E+00   3.9500470E+00
   1.8754630E-01  -2.1687360E-04  -3.0385008E+00   3.9471681E+00
   1.9668166E-01  -1.1279900E-04  -3.0768917E+00   3.9442725E+00
   2.0582168E-01  -1.6787629E-04  -3.1090386E+00   3.9414752E+00
   2.1497157E-01   8.3829371E-05  -3.1370530E+00   3.9388118E+00
   2.2413234E-01  -3.3609942E-04  -3.1671598E+00   3.9362619E+00
   2.3333010E-01   4.2890752E-04  -3.1863070E+00   3.9337773E+00
   2.4259841E-01   1.4477771E-03  -3.1998234E+00   3.9313529E+00
   2.5187963E-01   1.5519129E-03  -3.2041867E+00   3.9289548E+00
   2.6104534E-01   1.3225955E-04  -3.1990449E+00   3.9266803E+00
   2.7018505E-01  -7.4421684E-04  -3.1845505E+00   3.9246564E+00
   2.7932817E-01  -1.3523307E-03  -3.1611922E+00   3.9229128E+00
   2.8847730E-01  -7.0790353E-04  -3.1274278E+00   3.9214208E+00
   2.9764220E-01   5.5340130E-04  -3.0903358E+00   3.9200206E+00
   3.0684102E-01   1.6086568E-03  -3.0475116E+00   3.9185765E+00
   3.1610548E-01   1.8194895E-03  -2.9955909E+00   3.9170501E+00
   3.2526600E-01   3.1031675E-03  -2.9368474E+00   3.9153538E+00
   3.3453065E-01   1.1516778E-03  -2.8703678E+00   3.9135051E+00
   3.4377980E-01   2.8996845E-04  -2.8000987E+00   3.9115825E+00
   3.5303655E-01   1.4078553E-04  -2.7313852E+00   3.9095953E+00
   3.6236286E-01   1.2424783E-03  -2.6644502E+00   3.9075873E+00
   3.7170666E-01   1.0203545E-03  -2.5970078E+00   3.9055641E+00
   3.8107607E-01   4.4163596E-04  -2.5323992E+00   3.9035800E+00
   3.9022252E-01  -4.1986309E-04  -2.4706879E+00   3.9016142E+00
   3.9937827E-01  -1.7611890E-03  -2.4115059E+00   3.9000034E+00
   4.0853688E-01  -1.4352325E-03  -2.3497207E+00   3.8980844E+00
   4.1769651E-01  -1.1306204E-03  -2.2951796E+00   3.8960285E+00
   4.2687359E-01  -8.1270287E-04  -2.2511346E+00   3.8941839E+00
   4.3604475E-01  -9.4499032E-04  -2.2153835E+00   3.8925731E+00
   4.4523758E-01  -1.1550256E-03  -2.1868424E+00   3.8912313E+00
   4.5397735E-01  -1.5700327E-03  -2.1632626E+00   3.8901236E+00
   4.6242860E-01  -2.2795508E-03  -2.1504657E+00   3.8893661E+00
   4.7087291E-01  -1.5770716E-03  -2.1328051E+00   3.8888972E+00
   4.7887665E-01  -1.6758437E-03  -2.1192691E+00   3.8884385E+00
   4.8679388E-01  -1.4227048E-03  -2.1103148E+00   3.8879414E+00
   4.9489030E-01  -1.9323232E-03  -2.1053140E+00   3.8873367E+00
   5.0319868E-01  -3.3029639E-03  -2.1041396E+00   3.8865373E+00
   5.1134568E-01  -4.1653197E-03  -2.1014562E+00   3.8855762E+00
   5.1950151E-01  -4.7831568E-03  -2.0964122E+00   3.8845279E+00
   5.2806515E-01  -5.3440398E-03  -2.0877798E+00   3.8834677E+00
   5.3598797E-01  -5.2683130E-03  -2.0750134E+00   3.8823225E+00
   5.4430693E-01  -5.6204326E-03  -2.0631306E+00   3.8812993E+00
   5.5304188E-01  -5.6670788E-03  -2.0484161E+00   3.8802845E+00
   5.6124574E-01  -5.2736173E-03  -2.0339258E+00   3.8792341E+00
   5.6985980E-01  -6.2709204E-03  -2.0166833E+00   3.8782437E+00
   5.7842505E-01  -7.0498558E-03  -1.9942255E+00   3.8772206E+00
   5.8677095E-01  -6.7617917E-03  -1.9640392E+00   3.8761721E+00
   5.9528267E-01  -6.8225595E-03  -1.9279562E+00   3.8752615E+00
   6.0359508E-01  -5.9139836E-03  -1.8867879E+00   3.8745179E+00
   6.1172158E-01  -5.9364866E-03  -1.8394747E+00   3.8739910E+00
   6.1974496E-01  -5.8538616E-03  -1.7896808E+00   3.8737144E+00
   6.2757635E-01  -6.2819375E-03  -1.7657771E+00   3.8737319E+00
   6.3552529E-01  -7.0958687E-03  -1.6658657E+00   3.8733127E+00
   6.4340419E-01  -7.1042445E-03  -1.6411960E+00   3.8732772E+00
   6.5118450E-01  -6.9379676E-03  -1.5649818E+00   3.8732314E+00
   6.5890265E-01  -7.1930247E-03  -1.5109850E+00   3.8735397E+00
   6.6649777E-01  -7.9548489E-03  -1.4525052E+00   3.8736825E+00
   6.7401189E-01  -7.9636713E-03  -1.3886791E+00   3.8736012E+00
   6.8149996E-01  -7.3794881E-03  -1.3199948E+00   3.8733852E+00
   6.8902749E-01  -7.1584298E-03  -1.2507629E+00   3.8730958E+00
   6.9661653E-01  -7.8921374E-03  -1.1822546E+00   3.8727460E+00
   7.0427239E-01  -8.7336525E-03  -1.1170398E+00   3.8723774E+00
   7.1196610E-01  -9.2223175E-03  -1.0532196E+00   3.8720078E+00
   7.1949774E-01  -9.4988393E-03  -9.8936027E-01   3.8716335E+00
   7.2694468E-01  -9.8650288E-03  -9.2934138E-01   3.8712881E+00
   7.3446006E-01  -1.0088722E-02  -8.7243950E-01   3.8709774E+00
   7.4191087E-01  -1.0988513E-02  -8.1666714E-01   3.8706949E+00
   7.4936247E-01  -1.1120508E-02  -7.9187143E-01   3.8706219E+00
   7.5687248E-01  -1.1641518E-02  -6.8484330E-01   3.8704355E+00
   7.6440072E-01  -1.1918074E-02  -6.6429901E-01   3.8702686E+00
   7.7191776E-01  -1.2082071E-02  -5.9795916E-01   3.8698628E+00
   7.7948999E-01  -1.1632371E-02  -5.8582228E-01   3.8697727E+00
   7.8721273E-01  -1.2044732E-02  -5.0627083E-01   3.8697183E+00
   7.9514873E-01  -1.2567027E-02  -5.0682366E-01   3.8696432E+00
   8.0283594E-01  -1.3301057E-02  -4.4271168E-01   3.8699150E+00
   8.1040919E-01  -1.2790131E-02  -4.5336285E-01   3.8699915E+00
   8.1828600E-01  -1.3563699E-02  -3.9160687E-01   3.8710518E+00
   8.2605171E-01  -1.3353686E-02  -3.7847349E-01   3.8718381E+00
   8.3382028E-01  -1.3635097E-02  -3.8838744E-01   3.8719368E+00
   8.4160554E-01  -1.3740974E-02  -3.1387720E-01   3.8730981E+00
   8.4941494E-01  -1.4460552E-02  -3.1543627E-01   3.8736792E+00
   8.5696399E-01  -1.4480638E-02  -3.0521014E-01   3.8740962E+00
   8.6459184E-01  -1.4908536E-02  -2.9207343E-01   3.8743269E+00
   8.7217492E-01  -1.5499543E-02  -2.7624252E-01   3.8744030E+00
   8.7976819E-01  -1.5505203E-02  -2.8612980E-01   3.8743577E+00
   8.8747478E-01  -1.5837243E-02  -1.9731107E-01   3.8748920E+00
   8.9498961E-01  -1.5776031E-02  -2.1007510E-01   3.8747962E+00
   9.0240860E-01  -1.6552815E-02  -1.6145216E-01   3.8748970E+00
   9.0977180E-01  -1.6497085E-02  -1.6417822E-01   3.8748274E+00
   9.1703582E-01  -1.6920011E-02  -9.0610057E-02   3.8751702E+00
   9.2440706E-01  -1.6874194E-02  -9.3377225E-02   3.8750958E+00
   9.3169117E-01  -1.7456893E-02  -3.0051770E-02   3.8754759E+00
   9.3827862E-01  -1.7338213E-02  -8.7656168E-04   3.8754158E+00
   9.4519538E-01  -1.7507128E-02   1.1224298E-02   3.8753726E+00
   9.5178843E-01  -1.7694220E-02   1.0644668E-01   3.8761780E+00
   9.5871109E-01  -1.7637346E-02   1.2618689E-01   3.8761976E+00
   9.6586269E-01  -1.6995281E-02   2.0355137E-01   3.8771467E+00
   9.7301006E-01  -1.6652584E-02   2.3486024E-01   3.8772852E+00
   9.8018593E-01  -1.7107537E-02   3.4238562E-01   3.8788996E+00
   9.8692304E-01  -1.7291021E-02   3.8070005E-01   3.8790607E+00
   9.9399698E-01  -1.7237335E-02   4.7116220E-01   3.8807406E+00
   1.0011901E+00  -1.6980609E-02   5.3183597E-01   3.8818283E+00
   1.0083988E+00  -1.6101712E-02   6.0115385E-01   3.8825467E+00
   1.0156416E+00  -1.6371809E-02   6.7889053E-01   3.8832815E+00
   1.0229663E+00  -1.6443832E-02   7.6015455E-01   3.8839386E+00
   1.0303141E+00  -1.6715202E-02   8.4337103E-01   3.8845594E+00
   1.0375993E+00  -1.6657665E-02   9.2761368E-01   3.8851981E+00
   1.0448586E+00  -1.6648116E-02   1.0088784E+00   3.8858521E+00
   1.0521266E+00  -1.6535025E-02   1.0873035E+00   3.8865039E+00
   1.0594636E+00  -1.6188106E-02   1.1621335E+00   3.8871465E+00
   1.0668634E+00  -1.6082000E-02   1.2356930E+00   3.8877649E+00
   1.0742120E+00  -1.6027838E-02   1.3085138E+00   3.8883564E+00
   1.0817590E+00  -1.6554408E-02   1.3787050E+00   3.8889232E+00
   1.0893382E+00  -1.6541945E-02   1.4473110E+00   3.8894925E+00
   1.0970587E+00  -1.6659370E-02   1.5151081E+00   3.8900876E+00
   1.1048071E+00  -1.6563276E-02   1.5509418E+00   3.8901083E+00
   1.1125510E+00  -1.6803024E-02   1.6676060E+00   3.8919950E+00
   1.1203023E+00  -1.6237248E-02   1.6913974E+00   3.8920386E+00
   1.1281943E+00  -1.6492194E-02   1.7647958E+00   3.8932335E+00
   1.1362439E+00  -1.6080173E-02   1.8017458E+00   3.8938243E+00
   1.1443954E+00  -1.6050622E-02   1.8384531E+00   3.8946531E+00
   1.1526560E+00  -1.5624089E-02   1.8738062E+00   3.8959618E+00
   1.1610508E+00  -1.5327423E-02   1.9044557E+00   3.8975627E+00
   1.1696018E+00  -1.5063331E-02   1.9365032E+00   3.8992615E+00
   1.1781754E+00  -1.4384834E-02   1.9639815E+00   3.9009547E+00
   1.1871777E+00  -1.4113564E-02   1.9874426E+00   3.9025717E+00
   1.1963359E+00  -1.3356611E-02   2.0076873E+00   3.9041970E+00
   1.2056894E+00  -1.3082480E-02   2.0236712E+00   3.9058058E+00
   1.2148148E+00  -1.3045123E-02   2.0343475E+00   3.9073987E+00
   1.2241508E+00  -1.2886804E-02   2.0453150E+00   3.9088273E+00
   1.2334325E+00  -1.2329150E-02   2.0613434E+00   3.9101892E+00
   1.2426717E+00  -1.1483717E-02   2.0798872E+00   3.9114804E+00
   1.2518833E+00  -1.0915830E-02   2.1023259E+00   3.9127250E+00
   1.2610755E+00  -1.0396052E-02   2.1264644E+00   3.9139323E+00
   1.2702541E+00  -1.0118179E-02   2.1528370E+00   3.9151556E+00
   1.2794225E+00  -9.4384784E-03   2.1833887E+00   3.9164212E+00
   1.2885834E+00  -8.7812217E-03   2.2157311E+00   3.9177642E+00
   1.2977386E+00  -8.6664120E-03   2.2562881E+00   3.9191477E+00
   1.3068892E+00  -8.2395338E-03   2.3038220E+00   3.9206588E+00
   1.3160365E+00  -7.0094522E-03   2.3604586E+00   3.9223287E+00
   1.3251809E+00  -6.2875245E-03   2.4219625E+00   3.9242136E+00
   1.3343211E+00  -5.5840840E-03   2.4909930E+00   3.9262972E+00
   1.3434514E+00  -4.1595446E-03   2.5592198E+00   3.9285629E+00
   1.3525766E+00  -3.3806353E-03   2.6298306E+00   3.9308631E+00
   1.3619728E+00  -3.0549176E-03   2.7041886E+00   3.9331231E+00
   1.3713448E+00  -2.1664042E-03   2.7871001E+00   3.9354329E+00
   1.3806268E+00  -1.0771622E-03   2.8807065E+00   3.9381082E+00
   1.3898629E+00   3.1591891E-04   2.9591405E+00   3.9398754E+00
   1.3990862E+00   5.0582882E-04   3.0557950E+00   3.9419830E+00
   1.4083025E+00   1.2919973E-03   3.1295581E+00   3.9436183E+00
   1.4175252E+00   1.7369676E-03   3.2177207E+00   3.9454422E+00
   1.4267462E+00   2.4240490E-03   3.2833543E+00   3.9469612E+00
   1.4359719E+00   3.0609714E-03   3.3626556E+00   3.9487360E+00
   1.4452833E+00   3.6321513E-03   3.4231999E+00   3.9503050E+00
   1.4544435E+00   4.5101754E-03   3.4970465E+00   3.9522069E+00
   1.4639331E+00   4.6038469E-03   3.5485957E+00   3.9538429E+00
   1.4734387E+00   5.1473649E-03   3.6097362E+00   3.9558873E+00
   1.4827719E+00   5.7294033E-03   3.6509709E+00   3.9579613E+00
   1.4920287E+00   6.0051950E-03   3.6856728E+00   3.9600666E+00
   1.5012674E+00   6.9073122E-03   3.7170014E+00   3.9624941E+00
   1.5105022E+00   7.5230924E-03   3.7469771E+00   3.9650123E+00
   1.5197376E+00   8.2678720E-03   3.7708457E+00   3.9675314E+00
   1.5289701E+00   9.0831947E-03   3.7889771E+00   3.9700074E+00
   1.5381966E+00   9.2712641E-03   3.8026588E+00   3.9724600E+00
   1.5473268E+00   9.3511324E-03   3.8119552E+00   3.9748888E+00
   1.5565305E+00   9.8788114E-03   3.8164155E+00   3.9772410E+00
   1.5658827E+00   1.0470323E-02   3.8166213E+00   3.9795201E+00
   1.5750129E+00   1.1097608E-02   3.8185833E+00   3.9817324E+00
   1.5838882E+00   1.2270778E-02   3.8218431E+00   3.9837501E+00
   1.5923866E+00   1.3236544E-02   3.8271310E+00   3.9855747E+00
   1.6008372E+00   1.3803773E-02   3.8322666E+00   3.9872124E+00
   1.6093338E+00   1.4501017E-02   3.8357267E+00   3.9887061E+00
   1.6177540E+00   1.4738103E-02   3.8478589E+00   3.9905562E+00
   1.6260501E+00   1.5495304E-02   3.8525653E+00   3.9920642E+00
   1.6346203E+00   1.5740758E-02   3.8628519E+00   3.9937172E+00
   1.6431848E+00   1.5934356E-02   3.8727849E+00   3.9952524E+00
   1.6516680E+00   1.6523235E-02   3.8884335E+00   3.9970553E+00
   1.6594445E+00   1.6980672E-02   3.9064815E+00   3.9986510E+00
   1.6667039E+00   1.7318789E-02   3.9264193E+00   4.0002832E+00
   1.6737136E+00   1.7072199E-02   3.9474032E+00   4.0020480E+00
   1.6806177E+00   1.7525505E-02   3.9685385E+00   4.0037398E+00
   1.6874790E+00   1.7376080E-02   3.9958029E+00   4.0054302E+00
   1.6943098E+00   1.7821809E-02   4.0153351E+00   4.0072203E+00
   1.7010950E+00   1.7929094E-02   4.0358810E+00   4.0089664E+00
   1.7079501E+00   1.8087186E-02   4.0614147E+00   4.0091028E+00
   1.7149941E+00   1.8065516E-02   4.0783148E+00   4.0127707E+00
   1.7220998E+00   1.8443853E-02   4.1078258E+00   4.0130305E+00
   1.7293471E+00   1.8303566E-02   4.1268821E+00   4.0156183E+00
   1.7364945E+00   1.8353159E-02   4.1610579E+00   4.0157590E+00
   1.7431849E+00   1.7648837E-02   4.1725502E+00   4.0186410E+00
   1.7494785E+00   1.7399058E-02   4.2006717E+00   4.0188031E+00
   1.7555377E+00   1.7111313E-02   4.2040758E+00   4.0206904E+00
   1.7614853E+00   1.6811220E-02   4.2246432E+00   4.0207100E+00
   1.7673941E+00   1.5946481E-02   4.2198148E+00   4.0221257E+00
   1.7733012E+00   1.5360788E-02   4.2367992E+00   4.0221701E+00
   1.7792130E+00   1.5159078E-02   4.2241807E+00   4.0235486E+00
   1.7851111E+00   1.4553386E-02   4.2368011E+00   4.0235558E+00
   1.7910407E+00   1.4174618E-02   4.2444105E+00   4.0235600E+00
   1.7969345E+00   1.2719318E-02   4.1878633E+00   4.0266614E+00
   1.8028606E+00   1.2642528E-02   4.2005563E+00   4.0265760E+00
   1.8087643E+00   1.1760171E-02   4.2097020E+00   4.0262156E+00
   1.8145998E+00   1.0931146E-02   4.2083125E+00   4.0260701E+00
   1.8203527E+00   1.0422931E-02   4.1249485E+00   4.0289316E+00
   1.8260248E+00   1.1214664E-02   4.1251321E+00   4.0288539E+00
   1.8316251E+00   1.0755663E-02   4.1186752E+00   4.0285201E+00
   1.8371592E+00   1.0678905E-02   4.1029882E+00   4.0283756E+00
   1.8426383E+00   9.0528009E-03   4.0014372E+00   4.0311666E+00
   1.8480439E+00   8.7181926E-03   3.9906228E+00   4.0312638E+00
   1.8533601E+00   8.8251960E-03   3.9731565E+00   4.0311499E+00
   1.8586237E+00   7.1268021E-03   3.9492447E+00   4.0312343E+00
   1.8638532E+00   7.1065766E-03   3.9125049E+00   4.0317569E+00
   1.8690538E+00   6.9361925E-03   3.7565558E+00   4.0355220E+00
   1.8740228E+00   4.9122558E-03   3.7397337E+00   4.0359397E+00
   1.8791546E+00   5.8206576E-03   3.7314186E+00   4.0358162E+00
   1.8842407E+00   5.7137008E-03   3.7180440E+00   4.0354295E+00
   1.8892775E+00   5.1284768E-03   3.6883903E+00   4.0353622E+00
   1.8942713E+00   4.3509533E-03   3.6365650E+00   4.0357227E+00
   1.8992404E+00   3.7489992E-03   3.5652635E+00   4.0364523E+00
   1.9042095E+00   2.8676959E-03   3.4843512E+00   4.0373721E+00
   1.9091961E+00   2.3643877E-03   3.4039497E+00   4.0382595E+00
   1.9141474E+00   2.3424285E-03   3.3295071E+00   4.0389533E+00
   1.9190743E+00   1.8261586E-03   3.2633479E+00   4.0393744E+00
   1.9239856E+00   8.5755787E-04   3.2041733E+00   4.0395427E+00
   1.9288816E+00   1.9110837E-04   3.1502838E+00   4.0395293E+00
   1.9337360E+00  -5.0101458E-04   3.0978503E+00   4.0394216E+00
   1.9385498E+00  -1.4242464E-03   3.0440354E+00   4.0392904E+00
   1.9432849E+00  -1.7704567E-03   2.9883654E+00   4.0391822E+00
   1.9479400E+00  -2.3760824E-03   2.9293723E+00   4.0391045E+00
   1.9525577E+00  -2.7317151E-03   2.8878920E+00   4.0390663E+00
   1.9571059E+00  -3.6660403E-03   2.8173039E+00   4.0389924E+00
   1.9615896E+00  -4.1761948E-03   2.7711060E+00   4.0389495E+00
   1.9660808E+00  -4.8358790E-03   2.7200894E+00   4.0388832E+00
   1.9706056E+00  -5.5728564E-03   2.6382473E+00   4.0387001E+00
   1.9751509E+00  -6.1664139E-03   2.5674925E+00   4.0384588E+00
   1.9842938E+00  -7.7686850E-03   2.4529591E+00   4.0377617E+00
   1.9888314E+00  -8.5259499E-03   2.4088645E+00   4.0373664E+00
   1.9933400E+00  -9.1922283E-03   2.3643341E+00   4.0369911E+00
   1.9978424E+00  -9.6223401E-03   2.3188031E+00   4.0366640E+00
   2.0023491E+00  -1.0521384E-02   2.2720978E+00   4.0364070E+00
   2.0068707E+00  -1.1656303E-02   2.2227325E+00   4.0362225E+00
   2.0114095E+00  -1.1802337E-02   2.1708009E+00   4.0360970E+00
   2.0159655E+00  -1.2032867E-02   2.1190329E+00   4.0360126E+00
   2.0205369E+00  -1.2448048E-02   2.0667665E+00   4.0359521E+00
   2.0251243E+00  -1.3113672E-02   2.0141988E+00   4.0359020E+00
   2.0297155E+00  -1.3718314E-02   1.9630892E+00   4.0358539E+00
   2.0343132E+00  -1.4488178E-02   1.9136983E+00   4.0357985E+00
   2.0435359E+00  -1.5639886E-02   1.8197399E+00   4.0356412E+00
   2.0481691E+00  -1.6143145E-02   1.7942876E+00   4.0355740E+00
   2.0528202E+00  -1.6634999E-02   1.7355441E+00   4.0354404E+00
   2.0574911E+00  -1.7337300E-02   1.7058979E+00   4.0352907E+00
   2.0621712E+00  -1.8147547E-02   1.6395360E+00   4.0350013E+00
   2.0667813E+00  -1.8612901E-02   1.5795060E+00   4.0346446E+00
   2.0713677E+00  -1.9008990E-02   1.5266540E+00   4.0343108E+00
   2.0759494E+00  -1.9796606E-02   1.5040811E+00   4.0341372E+00
   2.0805480E+00  -2.0536738E-02   1.4565248E+00   4.0338478E+00
   2.0851810E+00  -2.0833191E-02   1.4347732E+00   4.0335870E+00
   2.0897722E+00  -2.1804474E-02   1.3813307E+00   4.0330663E+00
   2.0943766E+00  -2.2922767E-02   1.3327134E+00   4.0324059E+00
   2.0989974E+00  -2.4306962E-02   1.2860218E+00   4.0317111E+00
   2.1036100E+00  -2.5323134E-02   1.2421772E+00   4.0310230E+00
   2.1082175E+00  -2.6901938E-02   1.0632372E+00   4.0274186E+00
   2.1174111E+00  -2.7787739E-02   1.1009641E+00   4.0280647E+00
   2.1220012E+00  -2.8818952E-02   1.1068209E+00   4.0284081E+00
   2.1265900E+00  -2.9511750E-02   1.0909529E+00   4.0284133E+00
   2.1311824E+00  -3.0345088E-02   1.0405327E+00   4.0278711E+00
   2.1357830E+00  -3.0424304E-02   7.6912940E-01   4.0231261E+00
   2.1403956E+00  -3.0106980E-02   7.6919907E-01   4.0227399E+00
   2.1450117E+00  -3.1809043E-02   7.8295034E-01   4.0227938E+00
   2.1496346E+00  -3.2575160E-02   7.8896981E-01   4.0230618E+00
   2.1542723E+00  -3.4182381E-02   7.6669610E-01   4.0227966E+00
   2.1589363E+00  -3.2416694E-02   5.7376093E-01   4.0180888E+00
   2.1632395E+00  -3.4442157E-02   5.6917739E-01   4.0180936E+00
   2.1714940E+00  -3.5120070E-02   5.2801681E-01   4.0186691E+00
   2.1759331E+00  -3.5195291E-02   4.6055320E-01   4.0185232E+00
   2.1805944E+00  -3.7042771E-02   3.8516024E-01   4.0175762E+00
   2.1854887E+00  -3.7481152E-02   3.0114096E-01   4.0163045E+00
   2.1906276E+00  -3.8234960E-02   2.8584892E-02   4.0097294E+00
   2.1957524E+00  -3.9158422E-02   3.6117509E-02   4.0103292E+00
   2.2005990E+00  -3.9158251E-02   4.4592187E-02   4.0114479E+00
   2.2056427E+00  -3.9235510E-02   3.8118653E-02   4.0121117E+00
   2.2105489E+00  -3.8851235E-02   3.3515317E-03   4.0121474E+00
   2.2154045E+00  -3.9461840E-02  -6.8444528E-02   4.0113969E+00
   2.2203023E+00  -3.9502356E-02  -1.6664854E-01   4.0098948E+00
   2.2252831E+00  -3.9216388E-02  -5.1553762E-01   4.0014753E+00
   2.2302320E+00  -4.1000377E-02  -5.0370622E-01   4.0025930E+00
   2.2352676E+00  -4.1780796E-02  -4.8896497E-01   4.0043035E+00
   2.2400880E+00  -4.2941052E-02  -4.8991984E-01   4.0055709E+00
   2.2451491E+00  -4.3942090E-02  -5.2101493E-01   4.0058980E+00
   2.2503498E+00  -4.2718869E-02  -5.8725286E-01   4.0052524E+00
   2.2552862E+00  -4.2189468E-02  -8.8431042E-01   3.9970310E+00
   2.2601268E+00  -4.3885220E-02  -9.0354627E-01   3.9974611E+00
   2.2652094E+00  -4.5273185E-02  -9.2707181E-01   3.9982691E+00
   2.2704885E+00  -4.5397278E-02  -9.6431172E-01   3.9986076E+00
   2.2757053E+00  -4.4892605E-02  -1.0268278E+00   3.9982586E+00
   2.2809036E+00  -4.3501925E-02  -1.2414997E+00   3.9905415E+00
   2.2860739E+00  -4.7074515E-02  -1.2710332E+00   3.9905663E+00
   2.2912018E+00  -4.8420895E-02  -1.3094535E+00   3.9912157E+00
   2.2963541E+00  -4.6797648E-02  -1.3420284E+00   3.9913630E+00
   2.3016994E+00  -4.6065696E-02  -1.5140898E+00   3.9864194E+00
   2.3073120E+00  -4.6410661E-02  -1.5439035E+00   3.9860258E+00
   2.3132052E+00  -4.6807282E-02  -1.5885024E+00   3.9857218E+00
   2.3183997E+00  -4.7042936E-02  -1.7278031E+00   3.9798062E+00
   2.3238537E+00  -4.6795342E-02  -1.7509307E+00   3.9797206E+00
   2.3288929E+00  -4.7167860E-02  -1.7880974E+00   3.9798939E+00
   2.3341842E+00  -4.7002148E-02  -1.9011325E+00   3.9760122E+00
   2.3395643E+00  -4.7459908E-02  -1.9259150E+00   3.9758241E+00
   2.3448949E+00  -4.7992367E-02  -1.9643528E+00   3.9756451E+00
   2.3501916E+00  -4.4592869E-02  -2.0862901E+00   3.9695332E+00
   2.3555467E+00  -4.5785874E-02  -2.0953507E+00   3.9695058E+00
   2.3610842E+00  -4.6572994E-02  -2.1126511E+00   3.9697425E+00
   2.3668985E+00  -4.6744049E-02  -2.1889615E+00   3.9660242E+00
