  flscon:  version 23.2.0.01  win64 2022 
 FLOW-3D   20:05:49  02/16/2024 liqi     
   hydr3d   version  23.2.0.20 win64     12/04/2023 HYDRO    
 Simulation Template: Free Surface - TruVOF (Default)                            

Mesh Block   1
 printing pfxob, pfyob, pfzob       
       1     1002      0.000E+00      3.341E+00
   time              pfxob_1         pfyob_1         pfzob_1
   0.0000000E+00  -3.4780896E-04   4.3751960E+00   7.0546669E-01
   8.4541156E-04   2.0101285E-02  -5.7235248E+02   1.2745526E+00
   3.1363713E-03   4.3729017E-03   3.7070277E+00   9.0136433E-01
   6.4167059E-03   5.2125449E-03   3.7201686E+00   8.5273445E-01
   1.0403974E-02   8.4375488E-03   3.8305392E+00   8.2581991E-01
   1.3948823E-02   8.1691314E-03   3.9058783E+00   8.2640129E-01
   1.6617306E-02   8.7876013E-03   3.9493537E+00   8.2603985E-01
   1.9524442E-02   7.2954302E-03   3.9916050E+00   8.1534600E-01
   2.4115095E-02   7.5015491E-03   4.0597768E+00   8.0535704E-01
   2.7325099E-02   7.4371239E-03   4.1123176E+00   8.1456286E-01
   3.0663880E-02   6.7961272E-03   4.1423898E+00   7.9722637E-01
   3.4145791E-02   6.5979636E-03   4.1895628E+00   7.9295939E-01
   3.5946313E-02   5.8935354E-03   4.2128825E+00   7.9721290E-01
   3.9680216E-02   4.8982264E-03   4.2620854E+00   7.9097027E-01
   4.3659780E-02   8.6386558E-03   4.3521762E+00   7.8946781E-01
   4.6819530E-02   5.2500553E-03   4.3754611E+00   7.8701347E-01
   4.9965743E-02   6.2218308E-03   4.4257579E+00   7.8074855E-01
   5.3097896E-02   4.3506413E-03   4.4643993E+00   7.7956504E-01
   5.6905046E-02   8.2857059E-03   4.5110712E+00   7.7866364E-01
   6.0289763E-02   8.1142997E-03   4.5585284E+00   7.7341235E-01
   6.2837698E-02   8.0613373E-03   4.5923438E+00   7.7965301E-01
   6.7157552E-02   8.5787345E-03   4.6662245E+00   7.7361327E-01
   7.0227891E-02   1.2346867E-02   4.7230492E+00   7.7156955E-01
   7.3964648E-02   9.2918631E-03   4.8058047E+00   7.7517569E-01
   7.6777592E-02   7.1624173E-03   4.7989993E+00   7.7602750E-01
   7.9878867E-02   5.4383320E-03   4.8425765E+00   7.7273500E-01
   8.3298020E-02   6.2973029E-03   4.9142585E+00   7.6733601E-01
   8.6869270E-02   7.1076648E-03   4.9995685E+00   7.6368010E-01
   8.9989938E-02   1.3252514E-02   5.0980854E+00   7.5792372E-01
   9.2925891E-02   1.2078003E-02   5.0916934E+00   7.5788516E-01
   9.6162781E-02   1.0373414E-02   5.1194878E+00   7.5831163E-01
   9.9445924E-02   6.5707038E-03   5.2477818E+00   7.7040976E-01
   1.0409362E-01   9.2437398E-03   5.2695866E+00   7.6724809E-01
   1.0707227E-01   1.4870939E-03   5.3061900E+00   7.6331127E-01
   1.0997222E-01   7.6145418E-03   5.3828106E+00   7.5782025E-01
   1.1423057E-01   9.5020840E-03   5.4685001E+00   7.5157779E-01
   1.1694244E-01   6.8058386E-03   5.5178537E+00   7.4665630E-01
   1.1967683E-01   1.1874197E-02   5.5497622E+00   7.4636161E-01
   1.2367365E-01  -1.0157510E-03   5.6469541E+00   7.4769723E-01
   1.2631737E-01   5.4855430E-03   5.6707449E+00   7.4946433E-01
   1.3061498E-01   9.6701412E-03   5.7210178E+00   7.4980015E-01
   1.3343862E-01   9.8442575E-03   5.7821836E+00   7.4978375E-01
   1.3765433E-01   9.3403514E-03   5.8776445E+00   7.4820268E-01
   1.4044820E-01   4.4810106E-03   5.9184232E+00   7.4615484E-01
   1.4317484E-01   1.5415236E-02   5.9600410E+00   7.4386275E-01
   1.4668369E-01   1.2189931E-02   6.0289731E+00   7.4321043E-01
   1.5074563E-01   6.0664723E-03   6.0809236E+00   7.4023092E-01
   1.5334295E-01   4.7738054E-03   6.1501145E+00   7.3824948E-01
   1.5745495E-01   7.9450905E-03   6.2607770E+00   7.3741603E-01
   1.6068698E-01   1.4733266E-02   6.3054700E+00   7.3475426E-01
   1.6312000E-01   1.3138475E-02   6.3431888E+00   7.3347139E-01
   1.6714767E-01   1.0362020E-02   6.4212928E+00   7.3128468E-01
   1.7004335E-01   8.6074788E-03   6.4675841E+00   7.3003113E-01
   1.7323583E-01   1.4247897E-02   6.5259614E+00   7.2865784E-01
   1.7671828E-01   1.4128727E-02   6.5842047E+00   7.2750962E-01
   1.8023673E-01   8.0469176E-03   6.6574769E+00   7.2449380E-01
   1.8374152E-01   1.4005835E-02   6.7204375E+00   7.2362947E-01
   1.8723591E-01   1.0713889E-02   6.7804723E+00   7.2228670E-01
   1.9072184E-01   1.3311389E-02   6.8485842E+00   7.1983987E-01
   1.9364466E-01   1.7555663E-02   6.9201150E+00   7.1853256E-01
   1.9761343E-01   1.9310065E-02   6.9963675E+00   7.1996355E-01
   2.0027456E-01   1.4386532E-02   7.0334535E+00   7.1926850E-01
   2.0320843E-01   1.6964378E-02   7.0734124E+00   7.1561819E-01
   2.0644303E-01   1.7950082E-02   7.1240430E+00   7.1283019E-01
   2.1013393E-01   1.8122556E-02   7.2114172E+00   7.0891577E-01
   2.1423985E-01   1.8477432E-02   7.2660966E+00   7.0782471E-01
   2.1770391E-01   2.0109126E-02   7.3180194E+00   7.1082234E-01
   2.2001962E-01   1.0386011E-02   7.3609190E+00   7.1118712E-01
   2.2371291E-01   2.4669470E-02   7.4158106E+00   7.1038532E-01
   2.2743005E-01   1.7334163E-02   7.4599681E+00   7.0450532E-01
   2.3072088E-01   1.9287743E-02   7.5174136E+00   7.0168650E-01
   2.3440550E-01   1.8863946E-02   7.5696697E+00   7.0124578E-01
   2.3686801E-01   1.9063199E-02   7.6219506E+00   7.0075130E-01
   2.4052212E-01   1.8506518E-02   7.6652732E+00   6.9942522E-01
   2.4403580E-01   2.2315430E-02   7.7240696E+00   7.0084363E-01
   2.4753380E-01   1.9019894E-02   7.7410102E+00   7.0473021E-01
   2.5094885E-01   2.4406798E-02   7.7979550E+00   7.0218772E-01
   2.5427449E-01   2.3085348E-02   7.8196502E+00   6.9286734E-01
   2.5751230E-01   1.6796647E-02   7.8797550E+00   6.9869357E-01
   2.6066750E-01   2.5967613E-02   7.9072413E+00   7.0371807E-01
   2.6374555E-01   1.8607583E-02   7.9399762E+00   6.8954301E-01
   2.6675129E-01   2.8406020E-02   7.9727173E+00   6.7594570E-01
   2.7065775E-01   2.4828875E-02   7.9970126E+00   6.8994933E-01
   2.7352878E-01   2.0127496E-02   8.0208483E+00   6.8107343E-01
   2.7727315E-01   1.6676931E-02   8.0511065E+00   6.7400247E-01
   2.8092808E-01   2.6307810E-02   8.0781908E+00   6.7067069E-01
   2.8361443E-01   1.2794563E-02   8.0996666E+00   6.7519307E-01
   2.8713125E-01   2.0277813E-02   8.1157837E+00   6.6632926E-01
   2.9058361E-01   1.8929349E-02   8.1474218E+00   6.6469783E-01
   2.9397947E-01   2.4131093E-02   8.1638927E+00   6.6138530E-01
   2.9728368E-01   1.6399669E-02   8.1409988E+00   6.5108353E-01
   3.0056638E-01   3.2654386E-02   8.1422567E+00   6.5889454E-01
   3.0382463E-01   2.2352308E-02   8.1802197E+00   6.4347821E-01
   3.0703977E-01   2.5754435E-02   8.2018824E+00   6.4187551E-01
   3.1102750E-01   2.5237203E-02   8.1754484E+00   6.3042700E-01
   3.1419125E-01   1.3810322E-02   8.1936035E+00   6.3358331E-01
   3.1734180E-01   8.8726385E-03   8.2294827E+00   6.2941110E-01
   3.2046542E-01   2.7248750E-02   8.2057066E+00   6.2561488E-01
   3.2434589E-01   1.9963279E-02   8.2075853E+00   6.2225819E-01
   3.2748678E-01   2.4772618E-02   8.1973963E+00   6.1683869E-01
   3.3101451E-01   1.7711418E-02   8.1985111E+00   6.1461198E-01
   3.3443975E-01   6.4211614E-02   8.1630039E+00   6.0632217E-01
   3.3761400E-01   4.1551445E-02   8.1079702E+00   6.0534722E-01
   3.4080985E-01  -3.3065699E-02   8.0958920E+00   6.0703838E-01
   3.4403065E-01   3.8076952E-02   8.1220779E+00   6.0807264E-01
   3.4781763E-01   1.0887813E-02   8.1069613E+00   6.0478133E-01
   3.5077974E-01   2.3891879E-02   8.0965109E+00   6.0233229E-01
   3.5380352E-01   1.9127047E-02   7.9927258E+00   5.9459794E-01
   3.5786813E-01   3.0103546E-02   7.9472756E+00   5.9015960E-01
   3.6100987E-01   2.2141794E-02   7.9698324E+00   5.8902824E-01
   3.6422816E-01   2.4520680E-02   7.9749050E+00   5.8619082E-01
   3.6749277E-01   1.4845490E-02   7.8969746E+00   5.8520913E-01
   3.7093842E-01   4.5137755E-03   8.0628328E+00   6.0546577E-01
   3.7411124E-01   1.6043914E-02   7.8589492E+00   5.8084828E-01
   3.7745032E-01   2.1386104E-02   7.6244745E+00   5.7383275E-01
   3.8108540E-01   3.5477974E-02   7.6350546E+00   5.6465465E-01
   3.8438615E-01   2.6200313E-02   7.6875200E+00   5.5564785E-01
   3.8706413E-01   2.6783204E-02   7.6676664E+00   5.5419910E-01
   3.9116308E-01   2.2370365E-02   7.5127764E+00   5.5389333E-01
   3.9427614E-01   2.4585571E-02   7.4334297E+00   5.5550599E-01
   3.9737433E-01   2.4518657E-02   7.3042955E+00   5.5837965E-01
   4.0076035E-01   3.0666072E-02   7.3895555E+00   5.6031227E-01
   4.0407896E-01   4.1087773E-02   7.3119974E+00   5.6512141E-01
   4.0769178E-01   2.3933660E-02   7.1813235E+00   5.6503463E-01
   4.1128844E-01   2.2234403E-02   7.0573649E+00   5.4990804E-01
   4.1430742E-01   1.9863041E-02   6.9171305E+00   5.3722590E-01
   4.1799265E-01   3.9941173E-02   6.8966036E+00   5.3000849E-01
   4.2082810E-01   3.5769906E-02   6.8756428E+00   5.2701581E-01
   4.2382425E-01   1.1486699E-02   6.7984300E+00   5.2394950E-01
   4.2781213E-01   3.6545895E-02   6.6873569E+00   5.2443326E-01
   4.3079388E-01   3.0358592E-02   6.5553670E+00   5.2401191E-01
   4.3378091E-01   3.7384473E-02   6.4706492E+00   5.2652770E-01
   4.3775153E-01  -6.7727487E-05   6.3111048E+00   5.3139275E-01
   4.4101095E-01   8.3938032E-02   6.3406115E+00   5.5180550E-01
   4.4443396E-01  -4.8667394E-02   5.9945364E+00   5.0874203E-01
   4.4778919E-01   6.5452904E-02   6.0470572E+00   4.9597707E-01
   4.5099324E-01   2.6461003E-02   5.9622068E+00   4.9252254E-01
   4.5418298E-01   1.9935159E-02   5.7596831E+00   4.9214217E-01
   4.5782366E-01   3.6959596E-02   5.7013345E+00   5.0654894E-01
   4.6146625E-01   1.8553825E-02   5.5924168E+00   5.0272912E-01
   4.6462217E-01   2.3273164E-02   5.4800105E+00   5.0862628E-01
   4.6764338E-01   1.9925222E-02   5.3333735E+00   5.1063639E-01
   4.7090268E-01   2.6856549E-02   5.2516451E+00   5.1024282E-01
   4.7409269E-01   2.4041994E-02   5.1621404E+00   5.0509620E-01
   4.7802165E-01  -5.2071613E-04   5.0209379E+00   4.8801652E-01
   4.8135799E-01   2.5261290E-02   4.8855519E+00   4.8155180E-01
   4.8432416E-01   2.7236838E-03   4.7681837E+00   4.7875461E-01
   4.8770621E-01   2.5901802E-02   4.6748080E+00   4.7232008E-01
   4.9101338E-01   5.1728074E-02   4.5303102E+00   4.5983133E-01
   4.9430579E-01   3.2553308E-02   4.2934999E+00   4.5766652E-01
   4.9830773E-01   6.1455220E-03   4.1868620E+00   4.6337479E-01
   5.0060302E-01   3.5218965E-02   4.1611247E+00   4.6248689E-01
   5.0413436E-01   3.6279543E-04   4.0470953E+00   4.6010408E-01
   5.0768429E-01   3.4525871E-02   3.8914855E+00   4.5856798E-01
   5.1141161E-01   2.6659803E-03   3.7008791E+00   4.5919350E-01
   5.1391208E-01   1.0381384E-02   3.6390209E+00   4.5840511E-01
   5.1764518E-01   2.5722736E-03   3.4458370E+00   4.5363858E-01
   5.2136344E-01   4.2726905E-03   3.3157625E+00   4.4865003E-01
   5.2507311E-01   4.8150267E-03   3.1689987E+00   4.4166201E-01
   5.2754700E-01   7.3532742E-03   3.0886097E+00   4.3870735E-01
   5.3124672E-01   7.0344284E-03   2.8474097E+00   4.3174961E-01
   5.3467423E-01  -8.5912114E-03   2.7608585E+00   4.2758900E-01
   5.3778219E-01   4.1436227E-03   2.6825471E+00   4.2352089E-01
   5.4154134E-01  -5.0004129E-03   2.5268729E+00   4.2229795E-01
   5.4420006E-01  -4.2144428E-03   2.3583064E+00   4.2108864E-01
   5.4771602E-01  -2.7686732E-03   2.1502972E+00   4.2372116E-01
   5.5096239E-01  -5.9009595E-03   2.0422640E+00   4.2568770E-01
   5.5426443E-01  -1.1982242E-02   1.9587082E+00   4.2430079E-01
   5.5783540E-01  -9.0648960E-03   1.7445427E+00   4.2307791E-01
   5.6127083E-01  -3.9619203E-03   1.5198622E+00   4.2182395E-01
   5.6472665E-01  -2.0295270E-02   1.4117912E+00   4.1451806E-01
   5.6789589E-01  -1.2312669E-02   1.3105230E+00   4.0626684E-01
   5.7118285E-01  -3.0659547E-02   1.1495324E+00   4.0545690E-01
   5.7473457E-01  -9.3676606E-03   9.9422938E-01   4.0398550E-01
   5.7775396E-01  -1.6985724E-02   9.1634947E-01   4.0510273E-01
   5.8114088E-01  -2.1474848E-02   7.4749130E-01   4.0815324E-01
   5.8465916E-01  -2.7834594E-02   6.4761502E-01   4.1030425E-01
   5.8793437E-01  -2.3734815E-02   4.9594340E-01   4.1054595E-01
   5.9144545E-01  -2.8474541E-02   3.4778967E-01   4.0971774E-01
   5.9474939E-01  -9.1523118E-03   2.2540697E-01   4.0832150E-01
   5.9797007E-01  -2.7085149E-03   1.2609866E-01   4.0448657E-01
   6.0095179E-01  -3.1377472E-02  -7.4371085E-02   4.0127930E-01
   6.0442042E-01  -2.4498977E-02  -2.6807430E-01   3.9957720E-01
   6.0797048E-01  -4.3175872E-02  -2.7476871E-01   3.9708304E-01
   6.1139435E-01  -2.4256827E-02  -5.4711938E-01   3.9570892E-01
   6.1480284E-01  -2.6693262E-02  -6.5025085E-01   3.9932325E-01
   6.1765844E-01  -3.2301817E-02  -7.0519310E-01   4.0133110E-01
   6.2179291E-01  -3.6606811E-02  -9.0758163E-01   4.0264210E-01
   6.2410688E-01  -1.9030232E-02  -1.0667399E+00   4.0348768E-01
   6.2798488E-01  -1.3262283E-02  -1.1712025E+00   4.0339375E-01
   6.3189238E-01  -6.3519619E-02  -1.2613581E+00   4.0371138E-01
   6.3447803E-01  -5.5414061E-03  -1.4331983E+00   4.0217373E-01
   6.3825727E-01  -3.0527730E-02  -1.5396385E+00   4.0111297E-01
   6.4077002E-01  -3.6198761E-02  -1.6225849E+00   4.0161246E-01
   6.4443767E-01  -5.7159763E-02  -1.7980556E+00   4.0439472E-01
   6.4795560E-01  -3.7693068E-02  -1.9213456E+00   4.0306938E-01
   6.5160251E-01  -2.3443649E-02  -2.0679917E+00   4.0537277E-01
   6.5496224E-01  -3.0533865E-02  -2.2754614E+00   4.0769130E-01
   6.5794927E-01  -2.5105223E-02  -2.2848442E+00   4.1004243E-01
   6.6134340E-01  -4.5142192E-02  -2.3629410E+00   4.1218591E-01
   6.6435319E-01  -4.5202121E-02  -2.4560823E+00   4.1567740E-01
   6.6853392E-01  -3.4144368E-02  -2.7214851E+00   4.1647741E-01
   6.7169517E-01  -2.8451664E-02  -2.7551463E+00   4.1930029E-01
   6.7456895E-01  -3.7933276E-03  -2.8732059E+00   4.2133895E-01
   6.7768931E-01  -5.2011378E-02  -3.0110319E+00   4.2123446E-01
   6.8201143E-01  -3.9896306E-02  -3.0920284E+00   4.2473584E-01
   6.8516493E-01  -2.5940513E-02  -3.2379346E+00   4.2687014E-01
   6.8825549E-01  -2.5964584E-02  -3.3026166E+00   4.2937380E-01
   6.9129241E-01  -3.0800443E-02  -3.4619799E+00   4.3198445E-01
   6.9528550E-01  -2.9495556E-02  -3.5913491E+00   4.3478474E-01
   6.9826323E-01  -9.0650674E-03  -3.6700523E+00   4.3844488E-01
   7.0121706E-01  -1.7345624E-02  -3.7107205E+00   4.4198036E-01
   7.0513648E-01  -1.5429970E-02  -3.8359151E+00   4.4214556E-01
   7.0804715E-01  -1.5346086E-02  -3.8722951E+00   4.5116514E-01
   7.1190661E-01   1.7574758E-04  -4.1651545E+00   4.4895265E-01
   7.1481752E-01  -7.1503309E-04  -4.1552372E+00   4.5166332E-01
   7.1865833E-01  -8.4521417E-03  -4.2106385E+00   4.4700047E-01
   7.2165757E-01  -2.3083968E-02  -4.2931786E+00   4.4960731E-01
   7.2462046E-01  -1.8225146E-03  -4.3468838E+00   4.7525975E-01
   7.2853178E-01   1.6928181E-02  -4.5111542E+00   4.5250171E-01
   7.3144722E-01  -1.0941928E-02  -4.5662742E+00   4.5463076E-01
   7.3524088E-01  -3.2598176E-03  -4.6338005E+00   4.6119916E-01
   7.3802769E-01  -6.3890293E-03  -4.6856956E+00   4.6117499E-01
   7.4176896E-01  -9.6764266E-03  -4.7728786E+00   4.6344411E-01
   7.4453652E-01  -3.8614698E-02  -4.8668447E+00   4.6579084E-01
   7.4849963E-01   1.8622743E-02  -4.9881868E+00   4.7064477E-01
   7.5124836E-01   1.1065661E-02  -4.9826322E+00   4.6857792E-01
   7.5531286E-01  -3.7320122E-02  -5.1127687E+00   4.8472679E-01
   7.5827992E-01  -5.2495198E-03  -5.1572690E+00   4.8119989E-01
   7.6181358E-01  -4.7136308E-03  -5.2337508E+00   4.8901501E-01
   7.6481384E-01   3.4992674E-03  -5.3200326E+00   4.9128249E-01
   7.6831961E-01   7.1426230E-03  -5.3854690E+00   5.0476754E-01
   7.7154487E-01   3.7793140E-03  -5.4284372E+00   5.0579387E-01
   7.7491367E-01   2.2422429E-02  -5.4860778E+00   5.0641376E-01
   7.7865803E-01   1.3479318E-02  -5.5742364E+00   5.1341486E-01
   7.8139585E-01   1.9057062E-02  -5.6020327E+00   5.2068257E-01
   7.8498667E-01   7.5274240E-03  -5.7134767E+00   5.2890301E-01
   7.8858060E-01   1.7315419E-02  -5.7475948E+00   5.3260142E-01
   7.9197067E-01  -7.3906188E-03  -5.7886848E+00   5.3860080E-01
   7.9476321E-01   1.5328221E-02  -5.8231301E+00   5.4159546E-01
   7.9822397E-01  -8.1453361E-03  -5.8703580E+00   5.4505724E-01
   8.0208313E-01  -9.3435245E-03  -5.9490833E+00   5.5171013E-01
   8.0517024E-01   1.5110326E-02  -6.0046320E+00   5.5652285E-01
   8.0857050E-01  -1.3045484E-03  -6.0575728E+00   5.5527794E-01
   8.1199396E-01   4.5717629E-03  -6.1272264E+00   5.6213772E-01
   8.1473088E-01  -2.1800458E-02  -6.1257648E+00   5.7970983E-01
   8.1789923E-01  -6.9831721E-03  -6.1910191E+00   5.7203913E-01
   8.2226604E-01  -4.6449548E-04  -6.2379003E+00   5.7765222E-01
   8.2532877E-01   5.8448832E-02  -6.2965612E+00   5.8523959E-01
   8.2827353E-01   2.1140182E-02  -6.3643818E+00   5.8681184E-01
   8.3156753E-01   1.2730759E-02  -6.3860102E+00   5.9179431E-01
   8.3494091E-01   2.4592927E-02  -6.4453502E+00   5.9618443E-01
   8.3837289E-01   2.0689407E-02  -6.4863262E+00   6.0050178E-01
   8.4161335E-01   5.7589398E-03  -6.4866300E+00   6.0394484E-01
   8.4503585E-01   1.4442489E-03  -6.5997562E+00   6.0887730E-01
   8.4803098E-01   8.4940949E-03  -6.6022320E+00   6.0901433E-01
   8.5204470E-01  -1.0211468E-02  -6.6403408E+00   6.1385912E-01
   8.5500187E-01   1.6444869E-02  -6.6798701E+00   6.1719108E-01
   8.5814613E-01   4.1136213E-02  -6.7130432E+00   6.1844504E-01
   8.6230075E-01  -4.5102485E-03  -6.7744379E+00   6.2385166E-01
   8.6540484E-01   4.7941026E-03  -6.8023748E+00   6.2350470E-01
   8.6864418E-01   1.9703845E-02  -6.8338284E+00   6.2689131E-01
   8.7189436E-01   3.7559371E-03  -6.8444877E+00   6.2788075E-01
   8.7513882E-01   1.9453732E-02  -6.8711147E+00   6.3182205E-01
   8.7840444E-01   1.6932879E-02  -6.9350996E+00   6.3457316E-01
   8.8164675E-01  -2.0516103E-02  -6.9435649E+00   6.3314158E-01
   8.8491708E-01   2.5456307E-02  -6.9944892E+00   6.3507640E-01
   8.8900208E-01   3.4351639E-02  -7.0239034E+00   6.3398802E-01
   8.9213228E-01   8.7452605E-03  -7.0740528E+00   6.3546216E-01
   8.9530277E-01   2.1380887E-03  -7.0905271E+00   6.4111006E-01
   8.9857471E-01   9.4082467E-03  -7.0744953E+00   6.4240545E-01
   9.0179282E-01   2.3055844E-02  -7.1537118E+00   6.4428157E-01
   9.0499496E-01   3.6088983E-03  -7.1562214E+00   6.4308625E-01
   9.0826398E-01  -1.4100064E-03  -7.1440806E+00   6.4567620E-01
   9.1153592E-01   3.1995419E-02  -7.1642923E+00   6.4661998E-01
   9.1481584E-01   2.0677811E-03  -7.2034240E+00   6.5118265E-01
   9.1901094E-01   1.1792396E-02  -7.2056651E+00   6.4935648E-01
   9.2211992E-01  -8.7589892E-03  -7.2270441E+00   6.5064096E-01
   9.2535686E-01   8.7946386E-04  -7.2182779E+00   6.5246123E-01
   9.2855984E-01   4.3083811E-03  -7.2618160E+00   6.5885782E-01
   9.3171227E-01   7.7754874E-03  -7.2739124E+00   6.5905249E-01
   9.3583369E-01   1.1029855E-02  -7.2574806E+00   6.5587622E-01
   9.3909639E-01   1.4862195E-03  -7.2862067E+00   6.5657407E-01
   9.4180435E-01  -1.3322286E-02  -7.3158140E+00   6.6061068E-01
   9.4555902E-01   1.2306920E-02  -7.2734895E+00   6.5916407E-01
   9.4870800E-01   1.2593671E-02  -7.3079553E+00   6.5935463E-01
   9.5178980E-01   2.6927603E-02  -7.2963939E+00   6.5835190E-01
   9.5493448E-01  -4.1710548E-03  -7.2502570E+00   6.6328669E-01
   9.5919800E-01   1.8429631E-02  -7.2954807E+00   6.5840364E-01
   9.6231437E-01   1.0295482E-03  -7.2645655E+00   6.5738815E-01
   9.6546441E-01   2.2718174E-02  -7.2878594E+00   6.5816653E-01
   9.6859300E-01   2.0687850E-03  -7.2897754E+00   6.6702527E-01
   9.7169691E-01   1.6542380E-03  -7.2465539E+00   6.6044825E-01
   9.7535270E-01   1.9463034E-03  -7.1927199E+00   6.5777403E-01
   9.7883320E-01   1.2263598E-02  -7.2513580E+00   6.6631413E-01
   9.8229814E-01   7.3511382E-03  -7.2782059E+00   6.6778219E-01
   9.8513496E-01   1.3931193E-02  -7.2891526E+00   6.7026466E-01
   9.8872650E-01   6.2769763E-03  -7.2108216E+00   6.7437363E-01
   9.9250734E-01  -6.3804844E-03  -7.2001901E+00   6.7770118E-01
   9.9569738E-01   9.8767811E-03  -7.2099996E+00   6.7459816E-01
   9.9885076E-01   1.2187539E-02  -7.1911764E+00   6.7926961E-01
   1.0018294E+00   1.6207743E-02  -7.1730795E+00   6.8440998E-01
   1.0056636E+00   2.8430892E-02  -7.1306744E+00   6.8588662E-01
   1.0086244E+00   9.3363728E-03  -7.1468406E+00   6.8657273E-01
   1.0125531E+00   8.9729968E-03  -7.0884614E+00   6.9122607E-01
   1.0154736E+00   1.5173584E-02  -7.0836329E+00   6.9481635E-01
   1.0185168E+00   1.9977652E-02  -7.0718298E+00   6.9613886E-01
   1.0227202E+00   1.0413595E-02  -7.0103040E+00   6.9698501E-01
   1.0256909E+00   7.5638732E-03  -7.0159125E+00   6.9983047E-01
   1.0285569E+00   9.1013145E-03  -7.0039515E+00   7.0711821E-01
   1.0317880E+00  -3.2608416E-03  -6.9805155E+00   7.0547986E-01
   1.0351746E+00   2.3965321E-02  -6.9269710E+00   7.0614231E-01
   1.0391695E+00   7.2236066E-03  -6.9112811E+00   7.0433128E-01
   1.0420097E+00   1.0751143E-02  -6.8993931E+00   7.0650315E-01
   1.0452975E+00   1.6858431E-02  -6.8415833E+00   7.1275729E-01
   1.0487424E+00   1.1118550E-02  -6.8025970E+00   7.1524531E-01
   1.0519274E+00   1.5665749E-02  -6.7707281E+00   7.1486980E-01
   1.0560578E+00   1.2682688E-02  -6.7445412E+00   7.1590126E-01
   1.0595157E+00   2.8004711E-03  -6.7072363E+00   7.1785098E-01
   1.0618240E+00   8.1989979E-03  -6.6719456E+00   7.1906286E-01
   1.0652843E+00   8.4293038E-03  -6.6328306E+00   7.2052771E-01
   1.0687435E+00   9.5518194E-03  -6.6079640E+00   7.2053516E-01
   1.0720893E+00   1.4120972E-02  -6.5714264E+00   7.2105205E-01
   1.0754428E+00   8.1323320E-03  -6.5529909E+00   7.2061396E-01
   1.0788609E+00   8.5115479E-03  -6.4905181E+00   7.2330624E-01
   1.0823219E+00   1.7747903E-02  -6.4803610E+00   7.2299451E-01
   1.0857848E+00   1.7451024E-02  -6.4210057E+00   7.2334373E-01
   1.0891871E+00   1.2967425E-02  -6.4057922E+00   7.2439897E-01
   1.0925014E+00   6.5673697E-03  -6.3667078E+00   7.2476709E-01
   1.0957197E+00   1.4160757E-02  -6.3224750E+00   7.2484148E-01
   1.0988752E+00   2.0932779E-02  -6.2993355E+00   7.2648984E-01
   1.1020060E+00   2.4438217E-02  -6.2192636E+00   7.2691572E-01
   1.1061796E+00   2.2437600E-02  -6.1946645E+00   7.2677845E-01
   1.1093081E+00   1.8214660E-02  -6.1812916E+00   7.2731286E-01
   1.1124870E+00   3.4876171E-02  -6.1336985E+00   7.2812539E-01
   1.1158965E+00   2.8124500E-02  -6.0708985E+00   7.2713470E-01
   1.1195521E+00   1.3189261E-02  -6.0459523E+00   7.2916675E-01
   1.1220063E+00   1.4810367E-02  -6.0254021E+00   7.2903496E-01
   1.1254460E+00   5.9763243E-04  -5.9618278E+00   7.2870475E-01
   1.1286722E+00   1.2367362E-02  -5.9278927E+00   7.2805858E-01
   1.1325722E+00   6.8393825E-03  -5.8838377E+00   7.2826123E-01
   1.1360395E+00   1.1545384E-02  -5.8497300E+00   7.3078775E-01
   1.1386122E+00   1.2880489E-02  -5.8182392E+00   7.3004121E-01
   1.1424867E+00   3.6634668E-03  -5.7555304E+00   7.3141760E-01
   1.1462650E+00   3.3800411E-03  -5.5660558E+00   7.2992623E-01
   1.1487108E+00   8.1401132E-03  -5.6550465E+00   7.2984159E-01
   1.1523929E+00   1.4644720E-02  -5.6994400E+00   7.3095351E-01
   1.1559612E+00   1.7766690E-02  -5.5978756E+00   7.3173547E-01
   1.1594877E+00   1.8194331E-02  -5.5191307E+00   7.3354828E-01
   1.1629440E+00  -5.1719071E-03  -5.4522543E+00   7.3465055E-01
   1.1663347E+00   1.4496864E-02  -5.4326830E+00   7.3598558E-01
   1.1696800E+00   6.8149990E-03  -5.4066415E+00   7.3637938E-01
   1.1729695E+00   4.1445624E-03  -5.3270383E+00   7.3763353E-01
   1.1762233E+00   8.6507974E-03  -5.2740865E+00   7.3779744E-01
   1.1794406E+00   7.8082499E-03  -5.2227588E+00   7.3849702E-01
   1.1826513E+00   1.2026915E-02  -5.1742563E+00   7.3974782E-01
   1.1854764E+00   1.6254950E-02  -5.1976147E+00   7.4191040E-01
   1.1893237E+00   4.2914907E-03  -5.0770297E+00   7.4143881E-01
   1.1922948E+00   8.9965472E-03  -5.0602322E+00   7.4224293E-01
   1.1963855E+00   3.7502197E-03  -4.9971333E+00   7.4398607E-01
   1.1995904E+00   1.3611634E-02  -4.9561100E+00   7.4482596E-01
   1.2028726E+00   4.6805139E-03  -4.8889265E+00   7.4658328E-01
   1.2060782E+00   3.6572036E-03  -4.7741737E+00   7.4812877E-01
   1.2095118E+00   3.7763927E-03  -4.7423997E+00   7.4959743E-01
   1.2129397E+00   8.2703121E-03  -4.7295818E+00   7.5190586E-01
   1.2162508E+00   9.1398284E-03  -4.7223148E+00   7.5278085E-01
   1.2193104E+00  -9.0107126E-03  -4.6725698E+00   7.5145775E-01
   1.2230656E+00   2.9580391E-03  -4.5777187E+00   7.5095922E-01
   1.2262342E+00   2.9988836E-03  -4.4777417E+00   7.5319427E-01
   1.2292473E+00   9.7515080E-03  -4.4416399E+00   7.5546825E-01
   1.2323183E+00   6.7466241E-03  -4.3910146E+00   7.5568700E-01
   1.2363384E+00   4.7776662E-03  -4.3456321E+00   7.5516927E-01
   1.2393007E+00   6.6413004E-03  -4.2989893E+00   7.5607377E-01
   1.2422202E+00   7.6501113E-03  -4.2540712E+00   7.5684834E-01
   1.2460496E+00   5.1950789E-03  -4.1909051E+00   7.5790972E-01
   1.2498109E+00   5.8306335E-03  -4.0883942E+00   7.5907010E-01
   1.2525077E+00   1.4903897E-02  -4.0647178E+00   7.6305103E-01
   1.2561601E+00  -2.3822889E-03  -4.0263815E+00   7.5771797E-01
   1.2597543E+00   6.6529773E-03  -3.9102249E+00   7.6124704E-01
   1.2624134E+00   3.6680507E-03  -3.8708792E+00   7.6142162E-01
   1.2659128E+00   7.7255946E-03  -3.8368175E+00   7.6186019E-01
   1.2693615E+00  -2.7787562E-02  -3.7820356E+00   7.6534057E-01
   1.2727623E+00   3.4143284E-03  -3.7177093E+00   7.6119447E-01
   1.2761172E+00   5.8730356E-03  -3.6536698E+00   7.6220173E-01
   1.2794284E+00   6.9524324E-03  -3.6123152E+00   7.6277542E-01
   1.2826977E+00   7.0675281E-03  -3.5471888E+00   7.6368403E-01
   1.2859269E+00  -3.1655083E-05  -3.4487386E+00   7.6473141E-01
   1.2891179E+00   1.2055253E-02  -3.4177494E+00   7.6736367E-01
   1.2930551E+00   7.1711134E-04  -3.3737879E+00   7.6585346E-01
   1.2961653E+00   6.1278669E-03  -3.3353493E+00   7.6624751E-01
   1.2992419E+00   7.0317984E-03  -3.2400203E+00   7.6726294E-01
   1.3030423E+00   6.3360557E-03  -3.1347117E+00   7.6794863E-01
   1.3060477E+00   3.6885655E-03  -3.0959656E+00   7.6846862E-01
   1.3097627E+00   4.4388296E-03  -3.0655775E+00   7.6855916E-01
   1.3127025E+00   1.0994558E-02  -2.9840124E+00   7.6857859E-01
   1.3163388E+00   4.2643873E-03  -2.9048066E+00   7.6924109E-01
   1.3192180E+00   4.2380863E-03  -2.8449833E+00   7.6989770E-01
   1.3227813E+00   5.7222154E-03  -2.7993186E+00   7.7019393E-01
   1.3263063E+00   3.6445004E-03  -2.7263060E+00   7.7078795E-01
   1.3297945E+00   2.0252375E-03  -2.6335871E+00   7.7208865E-01
   1.3325595E+00   3.4480777E-03  -2.5928330E+00   7.7255106E-01
   1.3359848E+00  -2.3078760E-03  -2.5501444E+00   7.7334833E-01
   1.3393772E+00   8.2976054E-03  -2.4188545E+00   7.7440286E-01
   1.3427374E+00   8.1331367E-03  -2.3646538E+00   7.7479368E-01
   1.3460671E+00   6.2933615E-03  -2.3340809E+00   7.7508551E-01
   1.3493668E+00  -2.4267910E-03  -2.2810774E+00   7.7595174E-01
   1.3526378E+00  -6.4152898E-04  -2.2155273E+00   7.7613872E-01
   1.3565264E+00  -6.1523453E-03  -2.0996134E+00   7.7733070E-01
   1.3597373E+00   2.7948597E-03  -1.9452872E+00   7.7782404E-01
   1.3629223E+00   1.4513064E-03  -1.9383146E+00   7.7826399E-01
   1.3660823E+00   3.8966511E-03  -1.9675537E+00   7.7828145E-01
   1.3698422E+00   2.2714871E-03  -1.8806844E+00   7.7907968E-01
   1.3729495E+00   1.7590142E-03  -1.7213715E+00   7.8012556E-01
   1.3760340E+00   7.9130597E-04  -1.6443852E+00   7.8084838E-01
   1.3797064E+00   6.8533001E-03  -1.6231292E+00   7.8134501E-01
   1.3827430E+00  -2.4228012E-03  -1.6130186E+00   7.8103483E-01
   1.3863596E+00   4.2626564E-03  -1.4632910E+00   7.8177720E-01
   1.3899473E+00   2.5838355E-03  -1.3192917E+00   7.8234929E-01
   1.3929155E+00   1.7564574E-03  -1.3269262E+00   7.8214407E-01
   1.3964524E+00  -1.6475217E-03  -1.2832148E+00   7.8260720E-01
   1.3999629E+00   2.3589910E-03  -1.1437792E+00   7.8303075E-01
   1.4028686E+00   3.5293493E-03  -1.0474695E+00   7.8345257E-01
   1.4063326E+00   4.7340123E-03  -1.0243818E+00   7.8375524E-01
   1.4097723E+00   7.1504158E-03  -9.6860611E-01   7.8364342E-01
   1.4131885E+00   4.1073794E-04  -8.1354147E-01   7.8407764E-01
   1.4165817E+00   7.0085572E-03  -7.6817983E-01   7.8502882E-01
   1.4199528E+00  -1.6614678E-04  -6.8552995E-01   7.8465372E-01
   1.4233022E+00   6.8206345E-03  -6.2126964E-01   7.8511792E-01
   1.4266305E+00   1.4063525E-03  -4.9661744E-01   7.8579003E-01
   1.4299384E+00   5.4113264E-04  -4.2883581E-01   7.8632575E-01
   1.4332263E+00   7.6456824E-03  -3.8202971E-01   7.8585178E-01
   1.4364949E+00   3.6351805E-04  -2.9625478E-01   7.8640306E-01
   1.4397446E+00   2.0600972E-03  -1.9817941E-01   7.8706545E-01
   1.4429758E+00   9.4215898E-04  -1.3718827E-01   7.8713489E-01
   1.4467229E+00   4.8129209E-03  -6.1591011E-02   7.8721589E-01
   1.4499156E+00   3.2768121E-03   5.7734754E-02   7.8743082E-01
   1.4531734E+00   2.1148594E-03   1.2092812E-01   7.8918314E-01
   1.4565574E+00   5.1106443E-03   2.1114235E-01   7.8832656E-01
   1.4599262E+00  -5.1496131E-04   2.5208655E-01   7.8892487E-01
   1.4636028E+00   3.3254793E-03   3.5160187E-01   7.8889626E-01
   1.4663601E+00   2.1199724E-03   4.2685878E-01   7.8885710E-01
   1.4700366E+00   3.5557046E-04   5.3543270E-01   7.8958130E-01
   1.4727941E+00   5.2735972E-04   6.0860002E-01   7.9009217E-01
   1.4764706E+00   4.6777371E-03   6.8098390E-01   7.9015362E-01
   1.4801471E+00   2.5854500E-03   7.6518917E-01   7.9071897E-01
   1.4829044E+00   3.4682711E-03   8.4308046E-01   7.9105049E-01
   1.4865810E+00   5.5651759E-05   9.6371639E-01   7.9154873E-01
   1.4903841E+00   2.0571861E-03   1.0338497E+00   7.9203284E-01
   1.4935117E+00  -6.6106245E-03   1.1215854E+00   7.9242271E-01
   1.4969367E+00  -1.1852873E-04   1.2097358E+00   7.9241902E-01
   1.4995149E+00  -2.1066680E-03   1.2695572E+00   7.9259348E-01
   1.5034682E+00  -3.5592791E-04   1.3639303E+00   7.9234457E-01
   1.5060190E+00  -3.9481031E-04   1.4110694E+00   7.9238975E-01
   1.5097402E+00  -8.5772970E-04   1.5197147E+00   7.9239368E-01
   1.5133530E+00  -3.1336589E-04   1.6312897E+00   7.9304039E-01
   1.5162163E+00   1.4650982E-03   1.6750890E+00   7.9307342E-01
   1.5203960E+00  -3.0487524E-03   1.7848108E+00   7.9323483E-01
   1.5237433E+00  -5.6456123E-04   1.9067965E+00   7.9441720E-01
   1.5269226E+00  -1.5576696E-02   1.9809090E+00   7.9770488E-01
   1.5300273E+00   4.5230500E-03   2.0488138E+00   7.9300702E-01
   1.5336148E+00  -1.9362326E-03   2.1700897E+00   7.9546607E-01
   1.5368041E+00  -9.9013560E-03   2.2613442E+00   7.9618889E-01
   1.5404961E+00  -1.1638457E-02   2.3138688E+00   7.9578644E-01
   1.5432755E+00  -1.1785642E-02   2.3857586E+00   7.9524595E-01
   1.5461458E+00  -1.1152331E-02   2.4824157E+00   7.9507267E-01
   1.5504653E+00  -6.2146662E-03   2.5858512E+00   7.9504865E-01
   1.5533535E+00  -6.1122626E-03   2.6625402E+00   7.9543656E-01
   1.5562272E+00  -1.8894827E-02   2.7020695E+00   7.9548234E-01
   1.5605056E+00  -2.4370870E-03   2.8582244E+00   7.9635000E-01
   1.5633394E+00  -1.4962093E-02   2.8982787E+00   7.9570371E-01
   1.5661598E+00  -9.1024265E-03   2.9859591E+00   7.9600674E-01
   1.5703689E+00  -9.4348546E-03   3.1146877E+00   7.9617673E-01
   1.5731622E+00  -1.2113253E-02   3.1929679E+00   7.9644918E-01
   1.5773356E+00  -1.6450780E-02   3.3124104E+00   7.9650551E-01
   1.5801080E+00  -9.5927259E-03   3.3726139E+00   7.9644495E-01
   1.5828737E+00  -1.1718241E-02   3.4439175E+00   7.9614222E-01
   1.5870107E+00   4.2190850E-03   3.5655859E+00   7.9599833E-01
   1.5897621E+00  -1.5790563E-02   3.6407151E+00   7.9604280E-01
   1.5938804E+00  -1.5066666E-02   3.7314143E+00   7.9545075E-01
   1.5966209E+00  -1.4401234E-02   3.8226457E+00   7.9535878E-01
   1.6007252E+00  -8.7826168E-03   3.9175248E+00   7.9510421E-01
   1.6034575E+00  -8.9267492E-03   4.0138183E+00   7.9509223E-01
   1.6061871E+00  -7.9338988E-03   4.0587564E+00   7.9524696E-01
   1.6102772E+00  -9.5106978E-03   4.1837940E+00   7.9542887E-01
   1.6136992E+00  -1.6130770E-02   4.2273946E+00   7.9370397E-01
   1.6169590E+00  -2.1152301E-03   4.3520856E+00   7.9437333E-01
   1.6198571E+00  -1.2861612E-02   4.4500732E+00   7.9542106E-01
   1.6232120E+00  -1.5714450E-02   4.5374727E+00   7.9564238E-01
   1.6271924E+00  -5.4595014E-03   4.6409984E+00   7.9428303E-01
   1.6306312E+00  -3.5907167E-03   4.7292008E+00   7.9430193E-01
   1.6332198E+00  -5.9829503E-03   4.7604284E+00   7.9448718E-01
   1.6369638E+00   1.3291723E-03   4.8238368E+00   7.9353410E-01
   1.6402925E+00  -2.3515573E-02   5.0370455E+00   7.9427129E-01
   1.6441458E+00   4.2848466E-03   5.0835271E+00   7.9407924E-01
   1.6468619E+00  -7.5188507E-03   5.1124649E+00   7.9335016E-01
   1.6495780E+00  -5.2281823E-03   5.2236133E+00   7.9291433E-01
   1.6536522E+00  -5.8382316E-03   5.3303204E+00   7.9510176E-01
   1.6563684E+00  -5.3741350E-03   5.4033246E+00   7.9220319E-01
   1.6604428E+00  -5.4153386E-03   5.4829030E+00   7.9333866E-01
   1.6630603E+00   2.2144658E-03   5.5315976E+00   7.9374194E-01
   1.6671971E+00   3.2106433E-03   5.7055011E+00   7.9465348E-01
   1.6707048E+00  -1.4630945E-02   5.7640228E+00   7.9676694E-01
   1.6730913E+00   1.0253802E-02   5.8150091E+00   7.9381365E-01
   1.6775041E+00   2.2997500E-03   5.9068570E+00   7.9423141E-01
   1.6800553E+00  -6.3902570E-04   5.9959545E+00   7.9069304E-01
   1.6841317E+00   1.1476433E-03   6.1219044E+00   7.9618144E-01
   1.6868497E+00   8.8800481E-03   6.1419864E+00   7.9433948E-01
   1.6907226E+00  -2.8736338E-03   6.2253065E+00   7.9617232E-01
   1.6940508E+00   1.5731588E-02   6.4996262E+00   7.9983544E-01
   1.6976043E+00  -1.0786254E-02   6.4121246E+00   8.0180478E-01
   1.7001202E+00   5.1348861E-03   6.3974671E+00   8.0622047E-01
   1.7041615E+00   2.5288602E-03   6.5277934E+00   8.0239654E-01
   1.7067702E+00  -3.0975209E-03   6.7161269E+00   8.0148578E-01
   1.7101324E+00   2.0719273E-02   6.7685285E+00   8.0434674E-01
   1.7138904E+00  -7.0477487E-03   6.8343801E+00   8.0104542E-01
   1.7165964E+00   1.3814735E-03   6.8601165E+00   8.0673516E-01
   1.7204428E+00   2.7226834E-03   6.9767346E+00   8.0303353E-01
   1.7236754E+00   1.8363438E-03   7.2303820E+00   8.1721610E-01
   1.7270210E+00   8.1112987E-04   7.0919952E+00   8.1260026E-01
   1.7302226E+00   1.7638903E-02   7.1791711E+00   8.1280196E-01
   1.7337080E+00   4.3592295E-03   7.3777747E+00   7.9970348E-01
   1.7371780E+00   2.0050295E-03   7.4408426E+00   7.9890263E-01
   1.7402627E+00   4.5216694E-03   7.4642520E+00   8.0150765E-01
   1.7437638E+00   4.3313182E-03   7.4945912E+00   8.0177206E-01
   1.7469617E+00  -2.0475797E-03   7.6121221E+00   8.0115515E-01
   1.7499665E+00   1.5486908E-02   7.7445593E+00   8.0147302E-01
   1.7540984E+00   2.6611187E-03   7.8184404E+00   8.0809796E-01
   1.7570541E+00   2.0301014E-03   7.8577218E+00   8.1630468E-01
   1.7608789E+00   1.7720911E-03   8.0039558E+00   8.1545168E-01
   1.7636584E+00   1.7704153E-02   8.0565748E+00   8.1942242E-01
   1.7672497E+00   9.0274233E-03   8.1074944E+00   8.1958282E-01
   1.7707175E+00   1.0356406E-02   8.1823988E+00   8.1988204E-01
   1.7740692E+00   1.1301570E-02   8.3578310E+00   8.1923062E-01
   1.7772866E+00  -1.5954863E-03   8.4112072E+00   8.1512064E-01
   1.7803985E+00  -6.3564098E-03   8.4389648E+00   8.0872798E-01
   1.7841986E+00   8.9323232E-03   8.5249977E+00   7.9537320E-01
   1.7872055E+00  -1.1941530E-02   8.6230869E+00   8.0432296E-01
   1.7908840E+00   1.2003049E-02   8.7160854E+00   8.0508929E-01
   1.7937750E+00   2.1597769E-02   8.8035774E+00   8.0474353E-01
   1.7976756E+00   4.6904092E-03   8.8639231E+00   8.1041652E-01
   1.8004967E+00   8.4830150E-03   8.9137936E+00   8.1296438E-01
   1.8035629E+00  -5.8248774E-03   8.9980087E+00   8.0774486E-01
   1.8076520E+00  -3.2708044E-03   9.0992489E+00   8.0696684E-01
   1.8107113E+00   1.0780426E-02   9.1541395E+00   8.1468832E-01
   1.8136423E+00   1.8073311E-02   9.2029667E+00   8.0201107E-01
   1.8173125E+00  -2.2091817E-03   9.3217077E+00   8.0195951E-01
   1.8210343E+00  -8.1874467E-03   9.4026890E+00   7.9578763E-01
   1.8236163E+00   2.8589085E-02   9.4802608E+00   7.8552389E-01
   1.8271872E+00   2.7617602E-02   9.4899244E+00   7.9641426E-01
   1.8309640E+00  -6.8573013E-04   9.5958061E+00   7.9143476E-01
   1.8338608E+00   2.1569269E-02   9.6575537E+00   7.8851748E-01
   1.8376820E+00   2.8035363E-02   9.7317057E+00   7.9025906E-01
   1.8410847E+00   1.7021682E-02   9.8275175E+00   7.8873682E-01
   1.8440540E+00   2.2136435E-02   9.8583288E+00   7.9147232E-01
   1.8469753E+00   1.1752106E-02   9.9230719E+00   7.9367703E-01
   1.8506533E+00   1.3452664E-02   1.0007909E+01   7.8907210E-01
   1.8541750E+00   1.7710801E-02   1.0059063E+01   7.8670657E-01
   1.8577309E+00   6.0283099E-03   1.0145992E+01   7.8224188E-01
   1.8607008E+00   8.8685174E-03   1.0200044E+01   7.7851397E-01
   1.8636714E+00   4.8096427E-03   1.0275373E+01   7.8327733E-01
   1.8669591E+00   1.9046953E-02   1.0314075E+01   7.8536749E-01
   1.8709064E+00   1.4567338E-02   1.0389626E+01   7.7515799E-01
   1.8736986E+00   1.5177671E-02   1.0451508E+01   7.7263409E-01
   1.8769155E+00   1.5629513E-02   1.0491587E+01   7.7485466E-01
   1.8804553E+00   1.4118845E-02   1.0523582E+01   7.7333891E-01
   1.8841946E+00   1.5478885E-02   1.0603961E+01   7.6968241E-01
   1.8872832E+00   2.6531730E-02   1.0647542E+01   7.6967883E-01
   1.8903725E+00   1.6685924E-02   1.0682745E+01   7.6728582E-01
   1.8937417E+00   1.9527325E-02   1.0773109E+01   7.6109064E-01
   1.8975545E+00   5.7143187E-03   1.0787308E+01   7.5807828E-01
   1.9008422E+00   1.8277952E-02   1.0845410E+01   7.5800133E-01
   1.9037012E+00   3.1744018E-02   1.0872654E+01   7.5612938E-01
   1.9075624E+00   1.1295527E-02   1.0904747E+01   7.4868411E-01
   1.9105209E+00   3.1511649E-02   1.0965282E+01   7.4999386E-01
   1.9142406E+00   4.2777065E-02   1.0996867E+01   7.4396354E-01
   1.9179304E+00   2.5368709E-02   1.1059064E+01   7.4238843E-01
   1.9209332E+00   5.4167572E-02   1.1070499E+01   7.4822193E-01
   1.9238961E+00   5.1509582E-02   1.1092300E+01   7.3890424E-01
   1.9277184E+00   1.7393250E-02   1.1154866E+01   7.4093270E-01
   1.9307541E+00   1.9800797E-02   1.1171615E+01   7.3700410E-01
   1.9338752E+00   2.2263790E-02   1.1190634E+01   7.3235959E-01
   1.9371718E+00   5.5831410E-02   1.1154191E+01   7.2927815E-01
   1.9407488E+00   3.4818146E-02   1.1211728E+01   7.2629678E-01
   1.9444767E+00   4.5087058E-02   1.1238140E+01   7.2719735E-01
   1.9476912E+00   5.4627903E-02   1.1291776E+01   7.2860521E-01
   1.9507524E+00   9.0167299E-03   1.1299191E+01   7.2156847E-01
   1.9541433E+00   6.9522433E-02   1.1211231E+01   7.1337372E-01
   1.9576356E+00   1.8334804E-02   1.1241993E+01   7.2455817E-01
   1.9610450E+00   2.9054150E-02   1.1331196E+01   7.2034895E-01
   1.9644016E+00   4.8897892E-02   1.1330933E+01   7.1994042E-01
   1.9677280E+00  -4.0059783E-03   1.1277686E+01   7.1368837E-01
   1.9710274E+00   5.0486926E-02   1.1303905E+01   7.0790857E-01
   1.9743160E+00   3.4628369E-02   1.1297400E+01   7.0815551E-01
   1.9775631E+00   4.3432504E-02   1.1303577E+01   7.0588863E-01
   1.9807560E+00   2.5585381E-02   1.1276278E+01   7.0472908E-01
   1.9846643E+00   3.6046326E-02   1.1277162E+01   7.0583761E-01
   1.9877632E+00   3.9966390E-02   1.1284537E+01   7.0087421E-01
   1.9908625E+00   2.4863232E-02   1.1272573E+01   7.0573604E-01
   1.9944980E+00   5.3006150E-02   1.1240644E+01   6.9086802E-01
   1.9977417E+00   2.6762342E-02   1.1202735E+01   6.9306868E-01
   2.0008645E+00   5.3218320E-02   1.1255175E+01   6.9895232E-01
   2.0040579E+00   6.9419928E-02   1.1231977E+01   6.9197243E-01
   2.0080781E+00   2.5554532E-02   1.1162821E+01   6.8624538E-01
   2.0113511E+00   5.3381301E-02   1.1260172E+01   6.8706250E-01
   2.0146670E+00   4.3844882E-02   1.1197017E+01   6.8071395E-01
   2.0179970E+00   3.1063389E-02   1.1045351E+01   6.7399448E-01
   2.0213063E+00   5.3292770E-02   1.0986113E+01   6.6449791E-01
   2.0245950E+00   6.7712948E-02   1.1007838E+01   6.7051381E-01
   2.0278559E+00   1.5686780E-02   1.1010715E+01   6.7085916E-01
   2.0311937E+00   7.1837902E-02   1.0905731E+01   6.6410726E-01
   2.0345428E+00   3.6644924E-02   1.0881454E+01   6.6185069E-01
   2.0378692E+00   3.1740136E-02   1.0825882E+01   6.4409614E-01
   2.0414779E+00   7.5362332E-02   1.0727640E+01   6.7440861E-01
   2.0441968E+00   3.5657585E-02   1.0716546E+01   6.3751328E-01
   2.0478191E+00   3.9320510E-02   1.0683867E+01   6.3661301E-01
   2.0514212E+00   1.5007721E-02   1.0601942E+01   6.4508808E-01
   2.0541122E+00   2.8405303E-02   1.0549459E+01   6.3705504E-01
   2.0581205E+00   2.0530162E-02   1.0519780E+01   6.2866974E-01
   2.0608175E+00   1.1332167E-02   1.0400740E+01   6.3004184E-01
   2.0644071E+00   1.8603200E-02   1.0402002E+01   6.3602418E-01
   2.0677075E+00   3.9660581E-04   1.0197826E+01   6.2078673E-01
   2.0713112E+00   3.6351368E-04   1.0170027E+01   6.2253541E-01
   2.0742130E+00   7.6098004E-03   1.0077242E+01   6.1534303E-01
   2.0776823E+00   4.6659056E-02   9.9553900E+00   6.0132760E-01
   2.0811763E+00  -1.3834179E-02   9.7402878E+00   6.0254216E-01
   2.0841432E+00  -3.9454594E-02   9.7991905E+00   6.0463017E-01
   2.0876098E+00   6.5370807E-03   9.6971760E+00   5.9260935E-01
   2.0911279E+00  -2.3698162E-03   9.5834837E+00   5.8824998E-01
   2.0946546E+00   7.8519760E-04   9.5403423E+00   5.8138549E-01
   2.0981905E+00  -2.4674354E-02   9.4515648E+00   5.8467478E-01
   2.1008494E+00  -1.0889571E-02   9.3416882E+00   5.7924324E-01
   2.1043513E+00  -2.5456894E-02   9.1997690E+00   5.7527453E-01
   2.1081433E+00  -3.2281063E-02   8.9954777E+00   5.6526613E-01
   2.1113307E+00   1.1256085E-02   9.0009727E+00   5.7391804E-01
   2.1148007E+00  -1.9303827E-02   8.9679565E+00   5.7273114E-01
   2.1181326E+00  -1.1183696E-03   8.1525021E+00   5.4695523E-01
   2.1214917E+00  -2.3140252E-02   8.6652241E+00   5.4856437E-01
   2.1248341E+00   1.8578006E-02   8.5693922E+00   5.4623264E-01
   2.1281583E+00  -2.3625836E-02   8.4708500E+00   5.4331076E-01
   2.1314712E+00  -9.1716843E-03   8.2150230E+00   5.4340744E-01
   2.1347761E+00  -3.5701782E-02   8.1341333E+00   5.4397273E-01
   2.1380761E+00  -3.6226291E-02   8.0095224E+00   5.3789258E-01
   2.1413774E+00  -1.7874207E-02   7.9270883E+00   5.3495979E-01
   2.1446855E+00  -2.5665466E-02   7.7523909E+00   5.3146768E-01
   2.1480045E+00  -2.6025776E-02   7.6392002E+00   5.2524894E-01
   2.1513405E+00  -3.3060614E-02   7.4805994E+00   5.2253741E-01
   2.1547065E+00  -8.2370676E-03   7.3817921E+00   5.0979269E-01
   2.1581068E+00  -2.0516085E-02   7.2680650E+00   5.0193399E-01
   2.1615503E+00  -3.1646840E-02   7.0609808E+00   4.9779168E-01
   2.1650429E+00  -1.7526554E-02   6.8868084E+00   4.9269149E-01
   2.1677015E+00  -3.2824744E-02   6.7981639E+00   4.9142709E-01
   2.1712968E+00  -2.4871398E-02   6.6679921E+00   4.8934609E-01
   2.1749356E+00  -3.3991240E-02   6.5304370E+00   4.8396417E-01
   2.1777127E+00  -1.3406659E-02   6.4096956E+00   4.8222342E-01
   2.1816916E+00  -3.7095058E-03   6.2169771E+00   4.7992721E-01
   2.1847034E+00  -3.3893947E-02   6.1035414E+00   4.7816998E-01
   2.1877477E+00  -2.1575883E-02   5.8746581E+00   4.6834692E-01
   2.1917512E+00  -6.4626411E-02   5.7227907E+00   4.6589306E-01
   2.1947956E+00   3.8343039E-03   5.5554819E+00   4.5620987E-01
   2.1978824E+00  -3.6497205E-02   5.4655437E+00   4.5344236E-01
   2.2014480E+00  -4.6569984E-02   5.2170167E+00   4.4026259E-01
   2.2046814E+00  -2.1919003E-02   5.0410495E+00   4.4476035E-01
   2.2079005E+00  -3.8512670E-02   5.0156636E+00   4.4555709E-01
   2.2114494E+00   2.8741697E-02   4.8215070E+00   4.4419226E-01
   2.2145591E+00  -2.1759145E-02   4.5837049E+00   4.3306738E-01
   2.2183392E+00  -1.8191107E-02   4.4934568E+00   4.3523005E-01
   2.2215466E+00   1.2555046E-03   4.3889046E+00   4.3304288E-01
   2.2247734E+00  -1.7850915E-02   4.1453424E+00   4.2730331E-01
   2.2280195E+00  -4.0329162E-02   3.7278488E+00   4.1601562E-01
   2.2312870E+00  -1.8441901E-02   3.8518417E+00   4.1665155E-01
   2.2345757E+00  -1.8252030E-02   3.8459330E+00   4.1109696E-01
   2.2378874E+00  -2.2630429E-02   3.7553749E+00   4.0810606E-01
   2.2420413E+00   5.1134271E-03   3.2560117E+00   4.0572202E-01
   2.2452984E+00  -3.9650455E-02   3.1977127E+00   4.0408593E-01
   2.2486944E+00  -2.4726832E-02   3.0910511E+00   4.0404743E-01
   2.2518058E+00  -2.4409490E-02   2.9812264E+00   4.0840912E-01
   2.2545705E+00  -4.4014331E-02   2.8021457E+00   3.9714193E-01
   2.2582641E+00  -1.0439632E-02   2.5548105E+00   3.9459085E-01
   2.2619176E+00  -1.1945425E-02   2.5090067E+00   3.9226326E-01
   2.2646308E+00   5.4351320E-03   2.3743148E+00   3.8869965E-01
   2.2682374E+00  -7.2059613E-03   2.1019249E+00   3.8941070E-01
   2.2718441E+00  -3.4423124E-02   1.9512795E+00   3.8670397E-01
   2.2746265E+00  -1.0979639E-02   1.9239013E+00   3.8625824E-01
   2.2783837E+00  -1.4932651E-02   1.7324079E+00   3.8559160E-01
   2.2819960E+00  -8.0987982E-02   1.5213811E+00   3.7991044E-01
   2.2849255E+00  -3.4484293E-03   1.3507293E+00   3.8421413E-01
   2.2880301E+00  -7.0495224E-03   1.2928720E+00   3.8677213E-01
   2.2918370E+00  -1.7907135E-02   1.1810256E+00   3.8508704E-01
   2.2946079E+00   2.7361780E-04   9.3269813E-01   3.8748574E-01
   2.2983656E+00  -4.8342466E-02   9.2822474E-01   3.9394873E-01
   2.3017287E+00  -7.5387299E-02   2.5723088E+00   3.6147475E-01
   2.3050323E+00   7.6534331E-02   3.8087794E-01   3.8410380E-01
   2.3081486E+00  -4.3891175E-03   4.2880344E-01   4.0009120E-01
   2.3117185E+00  -3.1900939E-02   2.6007092E-01   4.0612212E-01
   2.3151274E+00  -3.2564249E-02   1.3217367E-01   4.0369436E-01
   2.3185210E+00  -3.5401653E-02  -2.0820083E-02   4.0794504E-01
   2.3215334E+00  -3.9129443E-02  -8.4937952E-02   4.0440997E-01
   2.3246591E+00  -1.9090263E-02  -1.9173093E-01   4.1593930E-01
   2.3286536E+00  -7.6409072E-02  -3.0517581E-01   4.0964159E-01
   2.3321075E+00  -3.6774699E-02  -4.2416918E-01   4.2883322E-01
   2.3347023E+00  -4.0060509E-02  -5.9622329E-01   4.2807794E-01
   2.3384664E+00  -3.2381430E-02  -7.5786698E-01   4.3824753E-01
   2.3417604E+00  -3.6191083E-02  -8.1142944E-01   4.3498868E-01
   2.3455622E+00  -4.3510154E-02  -8.7131262E-01   4.3913215E-01
   2.3483009E+00   1.2473134E-02  -9.6819061E-01   4.4713458E-01
   2.3520226E+00  -7.6610930E-03  -1.1236458E+00   4.5434293E-01
   2.3554332E+00  -9.6767932E-02  -1.2770501E+00   4.5824796E-01
   2.3581905E+00  -2.9307412E-02  -1.3696113E+00   4.6122715E-01
   2.3617389E+00  -2.0218316E-02  -1.4447008E+00   4.6537676E-01
   2.3648937E+00  -1.2588633E-02  -1.5428660E+00   4.6903807E-01
   2.3686755E+00  -4.3117952E-02  -1.6593245E+00   4.7238433E-01
   2.3716371E+00  -3.0824153E-02  -1.7149787E+00   4.7540328E-01
   2.3746779E+00  -4.0991794E-02  -1.8148479E+00   4.8144338E-01
   2.3788157E+00  -7.2278716E-02  -1.9373382E+00   4.8240408E-01
   2.3815055E+00  -1.4651010E-02  -1.9678398E+00   4.8619890E-01
   2.3849342E+00  -3.5724405E-02  -2.1189477E+00   4.9223599E-01
   2.3887591E+00  -6.2478546E-02  -2.3158145E+00   4.9814871E-01
   2.3916159E+00  -3.0304821E-02  -2.2849352E+00   4.9943367E-01
   2.3956451E+00  -3.9633069E-02  -2.3637965E+00   5.0486422E-01
   2.3986399E+00  -7.2559588E-02  -2.4390209E+00   5.0826627E-01
   2.4016175E+00  -7.9247229E-02  -2.4985178E+00   5.1279902E-01
   2.4055331E+00  -4.3233633E-02  -2.5632453E+00   5.1202011E-01
   2.4084666E+00  -4.3083359E-02  -2.6487803E+00   5.1428592E-01
   2.4123740E+00  -5.0080948E-02  -2.7295799E+00   5.2185458E-01
   2.4153159E+00  -2.4454303E-02  -2.8407853E+00   5.2367979E-01
   2.4182429E+00  -1.4865301E-02  -2.8361487E+00   5.2340418E-01
   2.4221554E+00  -3.8442917E-02  -2.9551747E+00   5.2824003E-01
   2.4250865E+00  -1.3654574E-02  -2.9600494E+00   5.2876407E-01
   2.4289916E+00   2.4632348E-02  -3.0595074E+00   5.2768618E-01
   2.4319110E+00   2.2831863E-02  -3.1675820E+00   5.3675789E-01
   2.4357574E+00  -2.4147736E-02  -3.1987660E+00   5.3392959E-01
   2.4386387E+00  -1.7701412E-02  -3.2268980E+00   5.4093814E-01
   2.4424500E+00  -2.2102632E-02  -3.2679162E+00   5.4120553E-01
   2.4453077E+00  -1.2489293E-02  -3.3467755E+00   5.3695261E-01
   2.4490986E+00  -3.5706628E-02  -3.4021068E+00   5.5295771E-01
   2.4519558E+00  -1.8504582E-02  -3.4357109E+00   5.5195314E-01
   2.4558237E+00  -6.2325921E-02  -3.5089288E+00   5.5667812E-01
   2.4587624E+00  -4.1404270E-02  -3.5393715E+00   5.6431478E-01
   2.4620721E+00   1.2534401E-04  -3.5694051E+00   5.7488090E-01
   2.4652047E+00  -8.2096450E-02  -3.6176114E+00   5.7643253E-01
   2.4687896E+00  -9.7570950E-03  -3.6297636E+00   5.7836187E-01
   2.4717922E+00   1.2618438E-02  -3.7087715E+00   5.9186405E-01
   2.4755106E+00  -3.2892045E-02  -3.7144058E+00   5.9879464E-01
   2.4783826E+00  -3.0966472E-02  -3.7902052E+00   6.0276282E-01
   2.4818001E+00  -2.7325485E-02  -3.7647471E+00   6.0818321E-01
   2.4851587E+00   2.3753246E-02  -3.8052778E+00   6.0679621E-01
   2.4887552E+00  -1.2403580E-03  -3.8912597E+00   6.1637825E-01
   2.4920609E+00  -3.6267687E-02  -3.8787625E+00   6.2723207E-01
   2.4954143E+00  -3.1797070E-02  -3.9140463E+00   6.3912529E-01
   2.4985950E+00   7.2438633E-03  -3.9237533E+00   6.4228493E-01
   2.5020237E+00  -1.0125197E-03  -3.9905417E+00   6.5043736E-01
   2.5055721E+00  -1.8761953E-02  -4.0056853E+00   6.5167302E-01
   2.5091207E+00  -3.9024394E-02  -4.0008798E+00   6.6091037E-01
   2.5117798E+00  -3.2889161E-02  -3.9900980E+00   6.6377974E-01
   2.5153110E+00  -3.8113344E-02  -4.0120869E+00   6.6732156E-01
   2.5188234E+00   6.1386363E-03  -4.0963240E+00   6.7291498E-01
   2.5223341E+00  -3.3882000E-02  -4.0710416E+00   6.7570382E-01
   2.5260007E+00  -1.7480724E-02  -4.1083655E+00   6.8184960E-01
   2.5290434E+00  -6.2647112E-02  -4.0876460E+00   6.8752033E-01
   2.5321212E+00  -3.0475223E-02  -4.1124096E+00   6.8985128E-01
   2.5358598E+00   1.5285726E-03  -4.1246424E+00   6.9306022E-01
   2.5391715E+00  -9.4068693E-03  -4.1740508E+00   6.9837731E-01
   2.5420973E+00  -1.5646465E-02  -4.1499724E+00   7.0384943E-01
   2.5451357E+00  -3.1299535E-02  -4.1393676E+00   7.0607567E-01
   2.5490966E+00  -3.6291223E-02  -4.1465364E+00   7.1184307E-01
   2.5525801E+00  -4.1656261E-03  -4.1473475E+00   7.1553266E-01
   2.5552096E+00  -2.6626725E-02  -4.1613998E+00   7.1885401E-01
   2.5591633E+00  -5.3213999E-02  -4.1651917E+00   7.2257733E-01
   2.5621002E+00  -3.3659246E-02  -4.2229180E+00   7.2531086E-01
   2.5653975E+00  -2.2245113E-02  -4.1924524E+00   7.2910035E-01
   2.5689795E+00  -4.6075802E-02  -4.1936812E+00   7.3233098E-01
   2.5722258E+00  -2.6053922E-02  -4.1366115E+00   7.3914832E-01
   2.5757594E+00  -7.0259185E-03  -4.2221804E+00   7.4003202E-01
   2.5789642E+00  -3.5006031E-02  -4.2033162E+00   7.4039030E-01
   2.5824780E+00  -2.2452261E-02  -4.1766114E+00   7.4241066E-01
   2.5852728E+00  -3.9071646E-02  -4.1730576E+00   7.4781972E-01
   2.5889568E+00  -2.8910516E-02  -4.1605401E+00   7.5018555E-01
   2.5925946E+00  -1.9774152E-02  -4.2072606E+00   7.4952364E-01
   2.5952942E+00  -3.8551323E-02  -4.1559052E+00   7.5319993E-01
   2.5992746E+00  -4.2913035E-02  -4.1591077E+00   7.5269133E-01
   2.6018949E+00  -2.7815074E-02  -4.1157618E+00   7.5145268E-01
   2.6053820E+00  -4.4634152E-02  -4.1566586E+00   7.4885750E-01
   2.6088312E+00  -2.0462237E-02  -4.1181307E+00   7.5848025E-01
   2.6122437E+00  -3.0409139E-02  -4.1020660E+00   7.5715423E-01
   2.6156211E+00  -1.7880596E-02  -4.1096578E+00   7.6517230E-01
   2.6189644E+00  -2.5711466E-02  -4.1203818E+00   7.6478249E-01
   2.6222754E+00  -2.8285991E-02  -4.0611415E+00   7.6503849E-01
   2.6255546E+00  -6.6604498E-03  -4.0616479E+00   7.6508182E-01
   2.6288033E+00  -7.6688952E-03  -4.0387030E+00   7.6925886E-01
   2.6320224E+00  -2.5210114E-02  -4.0773530E+00   7.6932079E-01
   2.6360064E+00  -3.6991231E-02  -4.0072479E+00   7.6908135E-01
   2.6391628E+00  -1.3522315E-02  -3.9759886E+00   7.6045305E-01
   2.6422927E+00  -1.7373271E-02  -3.9882956E+00   7.7503377E-01
   2.6453969E+00  -1.7838920E-02  -3.9745576E+00   7.6990807E-01
   2.6492422E+00  -3.3768468E-02  -3.9064736E+00   7.7558637E-01
   2.6522019E+00  -7.5950404E-03  -3.8980107E+00   7.7349144E-01
   2.6560020E+00  -1.5787462E-02  -3.8213313E+00   7.8315026E-01
   2.6593180E+00  -2.7365554E-02  -3.8616278E+00   7.8479600E-01
   2.6622922E+00   8.3085746E-03  -3.8208871E+00   7.8498751E-01
   2.6659799E+00  -2.8199768E-02  -3.7803955E+00   7.8351510E-01
   2.6689067E+00  -3.5465073E-02  -3.7054558E+00   7.8922141E-01
   2.6725376E+00  -2.3604874E-02  -3.7202203E+00   7.8750545E-01
   2.6761382E+00  -3.9375551E-02  -3.7230427E+00   7.8938770E-01
   2.6789975E+00  -1.2214481E-02  -3.6786146E+00   7.8915566E-01
   2.6821995E+00  -2.4094949E-02  -3.6201088E+00   7.8598201E-01
   2.6857233E+00  -9.4832564E-03  -3.6517868E+00   7.9573363E-01
   2.6892202E+00   1.1802019E-02  -3.6357005E+00   7.9691267E-01
   2.6926911E+00   1.9873716E-03  -3.5746064E+00   8.0025887E-01
   2.6961367E+00  -1.0454965E-02  -3.5339789E+00   7.9457504E-01
   2.6988757E+00  -4.6835090E-03  -3.5415556E+00   7.9694325E-01
   2.7022777E+00  -1.6543660E-02  -3.5122271E+00   7.9828560E-01
   2.7056563E+00  -3.6135255E-03  -3.4701684E+00   8.0825204E-01
   2.7090123E+00  -2.9591485E-03  -3.3905985E+00   8.0802959E-01
   2.7123461E+00  -1.9697088E-03  -3.3810737E+00   8.0974329E-01
   2.7156587E+00  -9.5609622E-03  -3.3726711E+00   8.1083959E-01
   2.7189500E+00   8.5186940E-03  -3.3438971E+00   8.1220436E-01
   2.7228732E+00  -7.1328576E-03  -3.2583141E+00   8.1802565E-01
   2.7256782E+00  -5.7559140E-02  -3.2306561E+00   8.2003897E-01
   2.7288673E+00  -2.7731149E-03  -3.2290168E+00   8.2082164E-01
   2.7327437E+00   8.9013418E-03  -3.1935575E+00   8.1968403E-01
   2.7361495E+00  -8.2786996E-03  -3.1547146E+00   8.2400471E-01
   2.7396104E+00   1.4974484E-02  -3.1009059E+00   8.2630432E-01
   2.7430480E+00   7.9517374E-03  -3.0359995E+00   8.2827812E-01
   2.7464898E+00   4.3988526E-03  -3.0127845E+00   8.2947266E-01
   2.7498505E+00  -1.1507263E-02  -2.9875245E+00   8.2999825E-01
   2.7529171E+00  -2.4821435E-04  -2.9308007E+00   8.3176476E-01
   2.7556205E+00  -1.4575017E-02  -2.8349736E+00   8.3053213E-01
   2.7589507E+00   2.2898326E-02  -2.8345294E+00   8.3055538E-01
   2.7628865E+00  -1.0048449E-02  -2.9135456E+00   8.3558559E-01
   2.7660785E+00   3.0646406E-03  -2.7363474E+00   8.4106100E-01
   2.7688811E+00   5.2689365E-03  -2.7113035E+00   8.4125996E-01
   2.7731972E+00   1.0220450E-02  -2.7182031E+00   8.4483528E-01
   2.7765017E+00   7.8477282E-03  -2.6679506E+00   8.4727889E-01
   2.7797561E+00  -1.0135234E-03  -2.6075246E+00   8.4670383E-01
   2.7829909E+00   5.4450347E-03  -2.5217423E+00   8.4801763E-01
   2.7862113E+00   1.4278872E-03  -2.5044808E+00   8.4787470E-01
   2.7892225E+00   1.4980263E-03  -2.4853086E+00   8.4901613E-01
   2.7927885E+00   9.9940058E-03  -2.4615982E+00   8.4940654E-01
   2.7960935E+00   1.2480801E-02  -2.3631895E+00   8.5072875E-01
   2.7993116E+00   1.1392367E-02  -2.3466215E+00   8.5203636E-01
   2.8030705E+00   2.7309689E-03  -2.3068075E+00   8.5461360E-01
   2.8063486E+00   7.9390028E-04  -2.2777712E+00   8.5643345E-01
   2.8096800E+00  -1.4015912E-03  -2.2384496E+00   8.5768574E-01
   2.8129423E+00   1.1993716E-03  -2.1718175E+00   8.5892093E-01
   2.8161397E+00   2.5189586E-03  -2.1569924E+00   8.6062753E-01
   2.8192723E+00  -4.6961317E-03  -2.0575280E+00   8.6221212E-01
   2.8223512E+00   1.1358521E-03  -2.0588777E+00   8.6224061E-01
   2.8263721E+00   3.4346858E-03  -2.0244319E+00   8.6533672E-01
   2.8293283E+00   2.5989218E-03  -1.9879007E+00   8.6582208E-01
   2.8331952E+00   6.8840920E-03  -1.9354004E+00   8.6815315E-01
   2.8362026E+00  -3.3258400E-03  -1.6970563E+00   8.6557281E-01
   2.8392808E+00   1.7103380E-02  -1.7909688E+00   8.6371779E-01
   2.8423281E+00   3.7767258E-03  -1.9153831E+00   8.6419356E-01
   2.8465407E+00   4.9237711E-03  -1.7776639E+00   8.6977392E-01
   2.8496144E+00  -1.3711392E-02  -1.6477764E+00   8.7261540E-01
   2.8526287E+00   1.2616418E-02  -1.6638199E+00   8.7322867E-01
   2.8564463E+00   8.4277038E-03  -1.6628231E+00   8.7499267E-01
   2.8594344E+00   1.7784448E-02  -1.5412834E+00   8.7692249E-01
   2.8624120E+00   8.2875341E-03  -1.5311967E+00   8.7309730E-01
   2.8663406E+00   7.6180552E-03  -1.5695434E+00   8.7514317E-01
   2.8692808E+00   3.5827211E-03  -1.4934607E+00   8.7475228E-01
   2.8732023E+00   1.4106637E-02  -1.3853801E+00   8.7434518E-01
   2.8761690E+00  -2.1823291E-03  -1.3560020E+00   8.7518358E-01
   2.8792067E+00   7.1454677E-03  -1.3470323E+00   8.7763828E-01
   2.8832569E+00   9.0518864E-03  -1.3028075E+00   8.7877935E-01
   2.8862936E+00   8.4575368E-03  -1.2363225E+00   8.8015330E-01
   2.8893406E+00   7.4308189E-03  -1.1930453E+00   8.8068914E-01
   2.8933566E+00   7.7365059E-03  -1.1313477E+00   8.8157398E-01
   2.8963540E+00  -8.1828563E-03  -1.1049505E+00   8.8214219E-01
   2.8993566E+00   1.3708233E-02  -1.0767288E+00   8.8440645E-01
   2.9033844E+00   1.8762730E-02  -1.0294982E+00   8.8333857E-01
   2.9064441E+00   1.6498299E-03  -9.7165555E-01   8.8361186E-01
   2.9094753E+00   4.8476402E-03  -9.4544733E-01   8.8448113E-01
   2.9134979E+00   7.2838162E-04  -8.7967306E-01   8.8454872E-01
   2.9164979E+00   1.9175555E-03  -8.3487421E-01   8.8454121E-01
   2.9194915E+00   4.3266653E-03  -8.0913568E-01   8.8529372E-01
   2.9235055E+00   3.4084539E-03  -7.6233387E-01   8.8590556E-01
   2.9265006E+00   8.8278076E-04  -7.2313321E-01   8.8670498E-01
   2.9296024E+00  -3.6510956E-03  -6.6799694E-01   8.8739514E-01
   2.9328582E+00  -6.0480228E-03  -5.8611810E-01   8.8833994E-01
   2.9365687E+00   1.8609298E-03  -5.6747752E-01   8.8802487E-01
   2.9397416E+00  -9.7888929E-04  -5.4406875E-01   8.9151371E-01
   2.9433110E+00  -1.1384017E-03  -4.9851289E-01   8.9070094E-01
   2.9464345E+00  -6.0891248E-03  -4.2536810E-01   8.9123613E-01
   2.9496167E+00  -2.5635274E-04  -3.8979828E-01   8.8871437E-01
   2.9527404E+00  -6.6638732E-04  -3.6049953E-01   8.9162809E-01
   2.9569304E+00  -8.2128402E-04  -2.8615469E-01   8.9149314E-01
   2.9601924E+00  -1.0369266E-03  -2.4715811E-01   8.9184040E-01
   2.9635131E+00  -5.1251438E-04  -2.2327723E-01   8.9215946E-01
   2.9668498E+00  -3.2772974E-03  -1.8577573E-01   8.9369416E-01
   2.9702137E+00  -2.9713083E-03  -9.4576046E-02   8.9446318E-01
   2.9735606E+00  -3.4293749E-03  -6.8464153E-02   8.9471751E-01
   2.9769096E+00  -2.4830294E-03  -3.7585344E-02   8.9564991E-01
   2.9802539E+00  -4.2175958E-03   1.3962155E-02   8.9665478E-01
   2.9836292E+00  -3.0807620E-03   4.7402129E-02   8.9756304E-01
   2.9870648E+00  -3.7745486E-03   1.0029734E-01   8.9834440E-01
   2.9893754E+00   2.8532248E-03   1.3659960E-01   8.9855754E-01
   2.9928553E+00  -4.4478858E-03   1.7452133E-01   8.9898360E-01
   2.9963517E+00  -6.8047554E-03   2.1981606E-01   8.9949608E-01
   2.9998536E+00  -8.1277769E-03   2.8107110E-01   9.0093046E-01
   3.0032918E+00  -2.9750431E-03   3.4422714E-01   9.0102875E-01
   3.0067186E+00  -9.2955977E-03   3.5858360E-01   9.0064716E-01
   3.0100737E+00  -5.6229895E-03   3.9918581E-01   9.0206224E-01
   3.0135055E+00  -4.7226329E-03   4.7908705E-01   9.0299571E-01
   3.0169652E+00  -6.5648612E-03   5.1800239E-01   9.0374827E-01
   3.0193272E+00   2.3623134E-03   5.3089958E-01   9.0427011E-01
   3.0236242E+00  -1.1139644E-03   5.9960175E-01   9.0444672E-01
   3.0262873E+00  -8.1449812E-03   6.2225991E-01   9.0517080E-01
   3.0305026E+00  -4.5676390E-03   6.8502659E-01   9.0650886E-01
   3.0328617E+00  -5.6131356E-03   7.2118092E-01   9.0680629E-01
   3.0363889E+00  -5.4027885E-03   7.6702386E-01   9.0751177E-01
   3.0398889E+00  -4.0917522E-03   8.0897963E-01   9.0788877E-01
   3.0433595E+00  -4.7855563E-03   8.6282665E-01   9.0840894E-01
   3.0467412E+00  -3.1245925E-04   9.0869600E-01   9.0902907E-01
   3.0500519E+00  -4.5536277E-03   9.6495175E-01   9.0896505E-01
   3.0532942E+00  -5.0340784E-03   1.0117561E+00   9.0904403E-01
   3.0564663E+00  -6.1462806E-03   1.0513090E+00   9.1010797E-01
   3.0595727E+00   2.3008953E-03   1.1045252E+00   9.1020530E-01
   3.0636189E+00  -1.1320762E-02   1.1471152E+00   9.1035312E-01
   3.0665867E+00  -3.8460520E-04   1.2115529E+00   9.1116649E-01
   3.0704608E+00  -3.2842106E-03   1.2592261E+00   9.1166294E-01
   3.0733075E+00  -5.9868190E-03   1.3030801E+00   9.1180414E-01
   3.0770297E+00  -4.5571355E-03   1.3598349E+00   9.1236359E-01
   3.0797694E+00  -6.7146951E-03   1.3994498E+00   9.1263878E-01
   3.0833571E+00  -1.3455966E-02   1.4287479E+00   9.1280931E-01
   3.0869865E+00   3.1885065E-03   1.5205936E+00   9.1334897E-01
   3.0897460E+00  -1.6890310E-02   1.5513847E+00   9.1295373E-01
   3.0933321E+00  -6.8633361E-03   1.6151948E+00   9.1547006E-01
   3.0966911E+00  -1.0210275E-02   1.6444024E+00   9.1344243E-01
   3.0996232E+00   1.9481842E-03   1.6630781E+00   9.1439658E-01
   3.1035140E+00  -1.8403761E-02   1.7685165E+00   9.1477865E-01
   3.1071255E+00  -2.6267815E-02   1.8350832E+00   9.1405797E-01
   3.1100698E+00   5.4502971E-03   1.8426646E+00   9.1480613E-01
   3.1132326E+00  -5.2014291E-03   1.8876865E+00   9.1417301E-01
   3.1168845E+00  -3.9083115E-03   1.9267795E+00   9.1583496E-01
   3.1199560E+00  -1.8333117E-02   2.0215383E+00   9.1479772E-01
   3.1235113E+00  -1.1522592E-02   2.0875859E+00   9.1576499E-01
   3.1272418E+00  -9.5764985E-03   2.1325419E+00   9.1571778E-01
   3.1296942E+00  -2.2400498E-02   2.1583743E+00   9.1581059E-01
   3.1333125E+00  -3.0045991E-03   2.2488272E+00   9.1659623E-01
   3.1368620E+00  -7.0904638E-04   2.2717302E+00   9.1701972E-01
   3.1403465E+00  -2.3936294E-02   2.3242540E+00   9.1645741E-01
   3.1437702E+00  -1.7911971E-02   2.3802826E+00   9.1672599E-01
   3.1471357E+00  -3.4085002E-02   2.4888346E+00   9.1739792E-01
   3.1504467E+00  -2.5679494E-04   2.5359542E+00   9.1740590E-01
   3.1537054E+00  -2.1960314E-02   2.5688009E+00   9.1771770E-01
   3.1569145E+00  -2.1897413E-02   2.6282570E+00   9.1770571E-01
   3.1600761E+00  -2.3279643E-02   2.6651897E+00   9.1774094E-01
   3.1632490E+00  -2.5152385E-02   2.7465684E+00   9.1776150E-01
   3.1666684E+00  -3.0396162E-02   2.8011708E+00   9.1757286E-01
   3.1704657E+00  -1.6449155E-02   2.8766203E+00   9.1843390E-01
   3.1732817E+00  -3.2259345E-02   2.9238753E+00   9.1823024E-01
   3.1769025E+00  -1.0890171E-02   3.0174880E+00   9.1879833E-01
   3.1799796E+00  -1.3533643E-02   3.0575674E+00   9.2003995E-01
   3.1836576E+00  -2.2839967E-02   3.0839815E+00   9.1829967E-01
   3.1864784E+00  -4.0276673E-02   3.1839545E+00   9.1855931E-01
   3.1901908E+00   1.3150878E-03   3.2919993E+00   9.1950393E-01
   3.1938505E+00  -2.3121515E-02   3.3330483E+00   9.1891724E-01
   3.1965618E+00  -1.2778980E-02   3.3800328E+00   9.1907930E-01
   3.2006621E+00  -2.1392633E-03   3.4883769E+00   9.1922623E-01
   3.2033057E+00  -1.4263853E-02   3.4973235E+00   9.1980165E-01
   3.2067912E+00  -2.8180160E-02   3.5976212E+00   9.1813105E-01
   3.2102332E+00  -3.1730972E-02   3.6875358E+00   9.1862351E-01
   3.2136340E+00  -1.0833155E-02   3.7526698E+00   9.1852432E-01
   3.2169950E+00  -9.4654392E-03   3.8016553E+00   9.1888243E-01
   3.2203176E+00  -1.0256917E-02   3.8607802E+00   9.1763109E-01
   3.2236035E+00  -2.1944042E-02   3.9462130E+00   9.1811699E-01
   3.2268538E+00  -2.3919962E-02   3.9910367E+00   9.1739249E-01
   3.2300699E+00  -1.2273033E-02   4.0748754E+00   9.1748309E-01
   3.2340436E+00  -2.2204787E-02   4.1737599E+00   9.1707599E-01
   3.2371869E+00  -2.0492857E-02   4.2486582E+00   9.1693366E-01
   3.2402997E+00  -1.4539179E-02   4.3139825E+00   9.1674727E-01
   3.2433827E+00  -5.2582142E-03   4.3547382E+00   9.1634387E-01
   3.2471962E+00  -1.5863618E-02   4.4611263E+00   9.1582465E-01
   3.2502160E+00  -9.8395832E-03   4.5439034E+00   9.1550636E-01
   3.2539532E+00  -2.5003305E-02   4.6159291E+00   9.1471565E-01
   3.2569141E+00   2.8255202E-03   4.6573606E+00   9.1475195E-01
   3.2605801E+00  -2.2150129E-02   4.7591305E+00   9.1354215E-01
   3.2634857E+00  -1.3414313E-02   4.8422999E+00   9.1355348E-01
   3.2670848E+00  -1.5329517E-02   4.9289584E+00   9.1324210E-01
   3.2706487E+00  -1.4204104E-02   4.9738264E+00   9.1274220E-01
   3.2734752E+00  -7.9079028E-03   5.0240774E+00   9.1299725E-01
   3.2769783E+00  -8.0898497E-03   5.1564283E+00   9.1195989E-01
   3.2804494E+00  -2.2495331E-02   5.2365217E+00   9.1152114E-01
   3.2838893E+00  -2.7511047E-02   5.2600732E+00   9.1129535E-01
   3.2872992E+00  -1.2160018E-02   5.3518686E+00   9.0996742E-01
   3.2906795E+00  -1.1206093E-02   5.4609723E+00   9.1054344E-01
   3.2940316E+00  -2.0118037E-02   5.5079670E+00   9.0932900E-01
   3.2973564E+00  -2.0686779E-02   5.6371884E+00   9.0901893E-01
   3.3006542E+00  -2.3671148E-02   5.7086477E+00   9.0792483E-01
   3.3039260E+00  -2.0088652E-02   5.7624822E+00   9.0733141E-01
   3.3071725E+00  -4.1695643E-02   5.8396006E+00   9.0828782E-01
   3.3103948E+00  -1.0713477E-02   5.9327021E+00   9.0754300E-01
   3.3135929E+00  -2.9594472E-02   5.9994297E+00   9.0782917E-01
   3.3174000E+00  -1.7181925E-02   6.0928187E+00   9.0736222E-01
   3.3205478E+00  -3.6544129E-02   6.1670108E+00   9.0875018E-01
   3.3236737E+00  -1.9926861E-02   6.2205834E+00   9.0385449E-01
   3.3273964E+00  -3.0028192E-02   6.3220587E+00   9.0595335E-01
   3.3304758E+00  -2.3370722E-02   6.4088221E+00   9.0174150E-01
   3.3341446E+00  -1.4250557E-02   6.4817052E+00   9.0235311E-01
   3.3371801E+00  -1.8094650E-02   6.5725102E+00   9.0869200E-01
   3.3407974E+00  -3.0066574E-02   6.6683426E+00   9.0748131E-01
