  flscon:  version 23.2.0.01  win64 2022 
 FLOW-3D   21:13:44  02/15/2024 jupc     
   hydr3d   version  23.2.0.20 win64     12/04/2023 HYDRO    
 Simulation Template: Free Surface - TruVOF (Default)                            

Mesh Block   1
 printing pfxob, pfyob, pfzob       
       1      924      0.000E+00      4.931E+00
   time              pfxob_1         pfyob_1         pfzob_1
   0.0000000E+00   6.2419823E-04  -2.4232128E+00   3.2010028E+00
   4.9306001E-03  -2.6167633E-02   7.0564461E+01   3.5647285E+00
   9.5041897E-03   1.1766785E-02  -1.7345515E+00   3.2365429E+00
   1.3849100E-02  -4.1293725E-03  -2.0435994E+00   3.2056990E+00
   1.8411256E-02   1.2725403E-03  -1.9730768E+00   3.1963401E+00
   2.3201520E-02   1.1991989E-03  -1.9887007E+00   3.1909885E+00
   2.8231297E-02   1.1846772E-03  -2.0111914E+00   3.1900196E+00
   3.3512563E-02   4.7012995E-04  -2.0287163E+00   3.1931567E+00
   3.9057892E-02   2.3910105E-04  -2.0536408E+00   3.1946392E+00
   4.4880487E-02  -6.7230983E-04  -2.0713346E+00   3.1961095E+00
   5.0994210E-02  -7.3556637E-04  -2.0850883E+00   3.1963184E+00
   5.7413623E-02  -8.9659484E-04  -2.1017716E+00   3.1937735E+00
   6.2422868E-02  -6.9401169E-04  -2.1191387E+00   3.1930985E+00
   7.0334844E-02  -1.5752988E-04  -2.1383379E+00   3.1888208E+00
   7.3654689E-02   4.7064575E-04  -2.1502309E+00   3.1880076E+00
   7.9465032E-02  -8.5423293E-04  -2.1711416E+00   3.1886215E+00
   8.4476359E-02  -2.6676556E-04  -2.1861668E+00   3.1881430E+00
   8.9142568E-02  -1.1862203E-03  -2.2005866E+00   3.1847925E+00
   9.4287053E-02  -6.1994104E-04  -2.2112801E+00   3.1864448E+00
   9.9958852E-02  -2.0183285E-03  -2.2266283E+00   3.1845610E+00
   1.0300918E-01  -1.5706845E-03  -2.2353299E+00   3.1854444E+00
   1.0957500E-01   7.8241911E-04  -2.2537735E+00   3.1858819E+00
   1.1310612E-01  -1.9414793E-03  -2.2659285E+00   3.1884348E+00
   1.1681381E-01  -3.1907700E-03  -2.2807841E+00   3.1896434E+00
   1.2479460E-01  -1.7220762E-03  -2.3030581E+00   3.1892085E+00
   1.2899318E-01  -1.6493315E-03  -2.3193915E+00   3.1897159E+00
   1.3266689E-01  -1.9723466E-03  -2.3311391E+00   3.1890945E+00
   1.3849974E-01  -1.2868297E-03  -2.3487544E+00   3.1855307E+00
   1.4320292E-01  -8.3759695E-04  -2.3647895E+00   3.1848445E+00
   1.4771843E-01   2.5308834E-04  -2.3809104E+00   3.1856089E+00
   1.5185750E-01  -2.1907953E-03  -2.3915274E+00   3.1869066E+00
   1.5887499E-01  -2.8190302E-04  -2.4063287E+00   3.1894953E+00
   1.6145188E-01   1.0462221E-05  -2.4095516E+00   3.1896479E+00
   1.6699862E-01   3.7214931E-04  -2.4283710E+00   3.1911354E+00
   1.7311391E-01  -2.8615101E-04  -2.4421110E+00   3.1929944E+00
   1.7640273E-01   5.5114015E-06  -2.4480243E+00   3.1936238E+00
   1.8348195E-01   3.4626221E-04  -2.4607232E+00   3.1939032E+00
   1.8728918E-01   2.1825197E-04  -2.4688797E+00   3.1943789E+00
   1.9128677E-01   8.0671412E-04  -2.4765110E+00   3.1945474E+00
   1.9548424E-01   2.3788330E-04  -2.4812388E+00   3.1941006E+00
   2.0451930E-01   1.4419074E-04  -2.4912786E+00   3.1928544E+00
   2.0937841E-01   4.5493707E-05  -2.4967139E+00   3.1926339E+00
   2.1448046E-01  -8.5325890E-05  -2.5054832E+00   3.1927199E+00
   2.1983761E-01  -1.2352102E-04  -2.5129011E+00   3.1930976E+00
   2.2513604E-01   4.3276747E-04  -2.4915440E+00   3.1868370E+00
   2.3022319E-01   9.6977729E-04  -2.5050149E+00   3.1884434E+00
   2.3521693E-01   3.7792805E-04  -2.5228009E+00   3.1910982E+00
   2.4024872E-01  -4.4609900E-04  -2.5339084E+00   3.1936736E+00
   2.4468450E-01  -2.0337647E-03  -2.5402882E+00   3.1962247E+00
   2.4934205E-01   2.1585329E-04  -2.5126181E+00   3.1971347E+00
   2.5423250E-01  -2.8375245E-04  -2.5194154E+00   3.1974144E+00
   2.5936747E-01  -1.5582545E-03  -2.5279992E+00   3.1979606E+00
   2.6475918E-01  -1.8157731E-03  -2.5369236E+00   3.1994863E+00
   2.7042049E-01  -1.5386784E-03  -2.5153260E+00   3.1943288E+00
   2.7636483E-01  -1.9422967E-03  -2.5220232E+00   3.1950860E+00
   2.8231660E-01  -1.9948562E-03  -2.5262482E+00   3.1955969E+00
   2.8834182E-01  -3.4515935E-03  -2.5038633E+00   3.1934087E+00
   2.9443297E-01  -2.0244110E-03  -2.5086968E+00   3.1939344E+00
   3.0046207E-01  -2.3844054E-03  -2.4989598E+00   3.1924300E+00
   3.0643189E-01  -2.6171680E-03  -2.5025032E+00   3.1930702E+00
   3.1219700E-01  -3.2085411E-03  -2.4807782E+00   3.1919324E+00
   3.1739801E-01  -2.2276370E-03  -2.4811215E+00   3.1919093E+00
   3.2218131E-01  -2.6491561E-03  -2.4809260E+00   3.1922441E+00
   3.2660583E-01  -5.4057268E-03  -2.4634311E+00   3.1925664E+00
   3.3120084E-01  -4.1546514E-03  -2.4102352E+00   3.1889410E+00
   3.3536011E-01   2.6936210E-03  -2.4100673E+00   3.1884258E+00
   3.4192389E-01   5.2455650E-04  -2.4263341E+00   3.1878374E+00
   3.4545392E-01  -8.0984447E-04  -2.4411020E+00   3.1888404E+00
   3.4916046E-01  -2.5453216E-03  -2.4409256E+00   3.1896467E+00
   3.5695860E-01  -2.2436762E-03  -2.4304569E+00   3.1888764E+00
   3.6069494E-01  -1.9323755E-03  -2.4163299E+00   3.1877687E+00
   3.6434758E-01  -1.8509987E-03  -2.4075921E+00   3.1870842E+00
   3.7149873E-01  -2.5583059E-03  -2.3895645E+00   3.1854286E+00
   3.7493226E-01  -2.8970144E-03  -2.3807921E+00   3.1848471E+00
   3.7822229E-01  -2.7079133E-03  -2.3700612E+00   3.1833160E+00
   3.8450116E-01  -1.4471030E-03  -2.3568623E+00   3.1812980E+00
   3.9036515E-01  -1.8156208E-03  -2.3485596E+00   3.1793413E+00
   3.9312401E-01  -1.7605424E-03  -2.3475914E+00   3.1786871E+00
   3.9845866E-01  -2.5717760E-03  -2.3136518E+00   3.1778405E+00
   4.0363950E-01  -1.1905303E-03  -2.3302665E+00   3.1765695E+00
   4.0849173E-01  -1.7456493E-03  -2.2948065E+00   3.1757429E+00
   4.1325673E-01  -3.7591206E-03  -2.2889678E+00   3.1747525E+00
   4.1807914E-01  -2.3112923E-03  -2.3321259E+00   3.1737337E+00
   4.2535031E-01  -7.4608889E-03  -2.2575612E+00   3.1726239E+00
   4.2802036E-01  -5.4723574E-03  -2.2904475E+00   3.1717808E+00
   4.3376759E-01  -1.8537361E-03  -2.2607400E+00   3.1701338E+00
   4.4010392E-01  -2.8351841E-03  -2.2316802E+00   3.1686788E+00
   4.4351164E-01  -2.5252984E-03  -2.2434554E+00   3.1679082E+00
   4.4708976E-01  -6.0450641E-04  -2.2456284E+00   3.1670380E+00
   4.5479161E-01  -8.3526882E-04  -2.2256546E+00   3.1648352E+00
   4.5893371E-01  -1.1335729E-03  -2.1986275E+00   3.1634347E+00
   4.6322322E-01  -7.0983008E-04  -2.1939175E+00   3.1620793E+00
   4.6746123E-01  -3.9920812E-03  -2.1823332E+00   3.1608293E+00
   4.7166523E-01  -2.7729834E-03  -2.1876802E+00   3.1596479E+00
   4.8002279E-01  -2.4651932E-03  -2.1756530E+00   3.1576500E+00
   4.8414662E-01  -3.2220895E-03  -2.1615388E+00   3.1567647E+00
   4.8820445E-01  -3.4133720E-03  -2.1549106E+00   3.1558576E+00
   4.9219552E-01  -3.0184546E-03  -2.1527703E+00   3.1549788E+00
   4.9614331E-01  -2.9360086E-03  -2.1394162E+00   3.1541934E+00
   5.0382787E-01  -3.4437431E-03  -2.1358967E+00   3.1527579E+00
   5.0756955E-01  -3.9952197E-03  -2.1267223E+00   3.1519785E+00
   5.1124525E-01  -2.9479044E-03  -2.1379385E+00   3.1512661E+00
   5.1841253E-01  -2.9262304E-03  -2.0866749E+00   3.1499722E+00
   5.2185374E-01  -4.1059954E-03  -2.0657647E+00   3.1491930E+00
   5.2848625E-01  -4.2864676E-03  -2.0563791E+00   3.1467361E+00
   5.3169847E-01   1.6084798E-03  -2.0442903E+00   3.1457529E+00
   5.3762281E-01  -4.9921782E-03  -2.0379303E+00   3.1445358E+00
   5.4282397E-01  -1.0419155E-02  -2.0121908E+00   3.1431589E+00
   5.4768062E-01  -2.1244651E-03  -1.9217497E+00   3.1366055E+00
   5.5229998E-01   3.4773117E-04  -1.9263326E+00   3.1358786E+00
   5.5672759E-01  -4.6935235E-03  -1.9905115E+00   3.1374764E+00
   5.6303984E-01   2.9285005E-03  -2.0019996E+00   3.1400528E+00
   5.6765592E-01  -4.7634477E-03  -1.9768869E+00   3.1413012E+00
   5.7274508E-01  -1.9592773E-02  -1.9034110E+00   3.1415474E+00
   5.7835597E-01  -3.0603684E-03  -1.8812217E+00   3.1404271E+00
   5.8137345E-01  -6.4376714E-03  -1.8865598E+00   3.1396985E+00
   5.8759952E-01  -7.1948059E-03  -1.9027860E+00   3.1379738E+00
   5.9050578E-01  -7.5515504E-03  -1.8923447E+00   3.1366005E+00
   5.9676147E-01   1.1711206E-03  -1.7599920E+00   3.1354651E+00
   6.0012585E-01  -3.9379848E-03  -1.7612846E+00   3.1339135E+00
   6.0736758E-01  -6.1797346E-03  -1.7930219E+00   3.1315486E+00
   6.1126226E-01  -8.5308272E-03  -1.8115585E+00   3.1307473E+00
   6.1535162E-01  -1.3079736E-02  -1.7946690E+00   3.1300457E+00
   6.2165803E-01  -7.2581121E-03  -1.6993353E+00   3.1282406E+00
   6.2638831E-01  -2.0019149E-03  -1.6224618E+00   3.1276500E+00
   6.3112575E-01  -6.5007466E-03  -1.6313453E+00   3.1271276E+00
   6.3578606E-01  -8.1271268E-03  -1.6202750E+00   3.1276972E+00
   6.4029431E-01  -8.4049028E-04  -1.5903605E+00   3.1293170E+00
   6.4635968E-01  -7.9276878E-03  -1.6146579E+00   3.1296918E+00
   6.5006155E-01  -8.5986257E-03  -1.5901407E+00   3.1303627E+00
   6.5520245E-01  -1.1260023E-02  -1.5579597E+00   3.1304584E+00
   6.5994996E-01  -9.5824087E-03  -1.5156360E+00   3.1305478E+00
   6.6582841E-01  -9.8746251E-03  -1.3614464E+00   3.1232991E+00
   6.6997576E-01  -7.4080979E-03  -1.4002502E+00   3.1272750E+00
   6.7614329E-01  -9.9471705E-03  -1.4595240E+00   3.1263616E+00
   6.7970890E-01  -1.0479193E-02  -1.3678144E+00   3.1291022E+00
   6.8575412E-01  -8.8619282E-03  -1.4643037E+00   3.1283450E+00
   6.9030482E-01  -1.2347838E-02  -1.2839248E+00   3.1238530E+00
   6.9532198E-01  -8.7708924E-03  -1.3647605E+00   3.1243141E+00
   7.0085335E-01  -1.0252701E-02  -1.3677548E+00   3.1251464E+00
   7.0382822E-01  -1.0136946E-02  -1.3518903E+00   3.1254485E+00
   7.1082789E-01  -7.9908650E-03  -1.2683966E+00   3.1265085E+00
   7.1609712E-01  -9.5000528E-03  -1.2378697E+00   3.1273744E+00
   7.1893096E-01  -9.0580415E-03  -1.2196873E+00   3.1276722E+00
   7.2503072E-01  -8.7282117E-03  -1.1949174E+00   3.1277525E+00
   7.2831124E-01  -9.0593146E-03  -1.1943901E+00   3.1276486E+00
   7.3537248E-01  -9.1412915E-03  -1.1835867E+00   3.1271970E+00
   7.3917007E-01  -9.2584994E-03  -1.1771481E+00   3.1270680E+00
   7.4315751E-01  -9.6961530E-03  -1.1483880E+00   3.1263678E+00
   7.5174052E-01  -8.5916584E-03  -1.0274763E+00   3.1221819E+00
   7.5635654E-01  -9.1538597E-03  -1.0531132E+00   3.1220717E+00
   7.6120329E-01  -9.0921707E-03  -1.0741429E+00   3.1225624E+00
   7.6629245E-01  -9.5632318E-03  -1.0763857E+00   3.1233282E+00
   7.7163601E-01  -9.5007103E-03  -1.0593235E+00   3.1242898E+00
   7.7724677E-01  -9.3855327E-03  -9.4555324E-01   3.1284060E+00
   7.8313804E-01  -9.5369676E-03  -9.4759762E-01   3.1282878E+00
   7.8932393E-01  -8.9959353E-03  -9.4358438E-01   3.1279540E+00
   7.9581904E-01  -8.9961868E-03  -8.8541430E-01   3.1256015E+00
   8.0263901E-01  -8.4386151E-03  -8.7682635E-01   3.1253903E+00
   8.0979991E-01  -9.0727527E-03  -8.1807894E-01   3.1247938E+00
   8.1731886E-01  -8.8653564E-03  -8.1363064E-01   3.1248186E+00
   8.2482320E-01  -9.5029576E-03  -7.4511671E-01   3.1256139E+00
   8.3231372E-01  -9.3576740E-03  -7.3611504E-01   3.1257174E+00
   8.3949399E-01  -9.1115171E-03  -6.7455178E-01   3.1269090E+00
   8.4672046E-01  -8.1722997E-03  -6.4040011E-01   3.1272788E+00
   8.5271204E-01  -8.2999161E-03  -5.9103334E-01   3.1274238E+00
   8.5795379E-01  -8.6378874E-03  -5.8461946E-01   3.1274762E+00
   8.6267614E-01  -8.1098070E-03  -5.4541236E-01   3.1280179E+00
   8.6702752E-01  -8.7118968E-03  -5.2503687E-01   3.1279871E+00
   8.7108874E-01  -9.0541448E-03  -4.9881607E-01   3.1279621E+00
   8.7850696E-01  -9.3557304E-03  -4.6896204E-01   3.1282091E+00
   8.8192779E-01  -9.0937112E-03  -4.4943193E-01   3.1284814E+00
   8.8831908E-01  -1.0249545E-02  -3.5831690E-01   3.1287942E+00
   8.9131719E-01  -1.0190576E-02  -3.4241402E-01   3.1289611E+00
   8.9697480E-01  -9.7123217E-03  -3.3929545E-01   3.1293569E+00
   9.0227181E-01  -1.0884773E-02  -2.8761774E-01   3.1293938E+00
   9.0749353E-01  -8.8699395E-03  -2.7750969E-01   3.1298060E+00
   9.1301286E-01  -1.1914116E-02  -2.1166985E-01   3.1299086E+00
   9.1820794E-01  -9.8519241E-03  -2.1845493E-01   3.1304009E+00
   9.2289418E-01  -7.9547148E-03  -2.1294193E-01   3.1309872E+00
   9.2750311E-01  -1.9839566E-02  -1.3427910E-01   3.1308310E+00
   9.3238449E-01  -8.7667797E-03  -1.1240347E-01   3.1313899E+00
   9.3776613E-01  -8.2651880E-03   1.1924403E-02   3.1313684E+00
   9.4066042E-01  -1.0600110E-02   9.5033906E-03   3.1319153E+00
   9.4661975E-01  -1.7417975E-02  -9.2344217E-02   3.1333723E+00
   9.5273674E-01  -6.8574413E-03   3.5554357E-02   3.1325958E+00
   9.5570141E-01  -9.1009280E-03   1.2753691E-01   3.1329117E+00
   9.6120352E-01  -1.1786234E-02   7.4661478E-02   3.1343498E+00
   9.6726960E-01  -1.1240614E-02   1.2636498E-01   3.1345000E+00
   9.7053200E-01  -1.0206466E-02   1.5722016E-01   3.1347971E+00
   9.7755426E-01  -9.3715191E-03   2.8808352E-01   3.1373529E+00
   9.8133087E-01  -1.0719589E-02   2.8229114E-01   3.1376488E+00
   9.8529631E-01  -1.4323440E-02   2.4587126E-01   3.1377885E+00
   9.8945999E-01  -1.3213209E-02   2.5734061E-01   3.1375990E+00
   9.9383187E-01  -1.1783240E-02   2.7927795E-01   3.1374846E+00
   1.0032424E+00  -9.3271676E-03   3.8976195E-01   3.1392820E+00
   1.0083034E+00  -1.0663892E-02   4.0608221E-01   3.1399209E+00
   1.0171061E+00  -1.2599334E-02   4.1445720E-01   3.1414261E+00
   1.0210974E+00  -9.8771378E-03   4.2918730E-01   3.1415820E+00
   1.0252883E+00  -1.1079414E-02   5.7070309E-01   3.1436431E+00
   1.0296888E+00  -1.0702801E-02   5.7679331E-01   3.1439381E+00
   1.0343093E+00  -9.8412866E-03   5.8166969E-01   3.1444662E+00
   1.0391608E+00  -9.7416453E-03   5.6711823E-01   3.1447783E+00
   1.0442549E+00  -1.0502180E-02   5.9541041E-01   3.1449635E+00
   1.0496037E+00  -1.0281711E-02   6.2598372E-01   3.1453595E+00
   1.0552199E+00  -1.0268066E-02   7.8742123E-01   3.1487193E+00
   1.0611171E+00  -7.8600543E-03   7.6544678E-01   3.1494498E+00
   1.0673089E+00  -9.5921084E-03   7.6116377E-01   3.1497326E+00
   1.0738103E+00  -1.2332989E-02   7.8119141E-01   3.1500750E+00
   1.0798078E+00  -9.4353650E-03   8.5261518E-01   3.1521254E+00
   1.0858858E+00  -9.4273183E-03   8.8194907E-01   3.1525824E+00
   1.0914787E+00  -8.8841794E-03   9.0006840E-01   3.1532409E+00
   1.0971705E+00  -8.6028064E-03   9.2225903E-01   3.1537428E+00
   1.1024455E+00  -8.9551127E-03   1.0386641E+00   3.1571684E+00
   1.1074306E+00  -9.1376966E-03   1.0404389E+00   3.1577094E+00
   1.1123599E+00  -8.5443268E-03   1.0434506E+00   3.1580009E+00
   1.1172988E+00  -8.3147557E-03   1.0500100E+00   3.1582413E+00
   1.1221517E+00  -8.1622358E-03   1.0608518E+00   3.1585848E+00
   1.1268216E+00  -8.6900601E-03   1.0777367E+00   3.1593106E+00
   1.1358012E+00  -8.2752388E-03   1.2781508E+00   3.1663787E+00
   1.1402351E+00  -8.3992798E-03   1.2840489E+00   3.1670620E+00
   1.1445858E+00  -7.1429559E-03   1.2611047E+00   3.1671398E+00
   1.1488005E+00  -7.0645600E-03   1.2436665E+00   3.1669114E+00
   1.1528925E+00  -7.0732152E-03   1.2312922E+00   3.1664560E+00
   1.1569132E+00  -6.6191182E-03   1.2340941E+00   3.1665027E+00
   1.1647621E+00  -6.8662502E-03   1.2926483E+00   3.1671422E+00
   1.1685250E+00  -7.0132054E-03   1.3429718E+00   3.1685631E+00
   1.1721770E+00  -6.7779981E-03   1.3778478E+00   3.1696877E+00
   1.1792608E+00  -5.9876237E-03   1.4528083E+00   3.1724956E+00
   1.1826874E+00  -5.6598326E-03   1.4706683E+00   3.1735153E+00
   1.1894459E+00  -8.1155254E-03   1.4743183E+00   3.1755130E+00
   1.1930529E+00  -5.5147768E-03   1.5054245E+00   3.1761501E+00
   1.1968403E+00  -5.0650858E-03   1.5201949E+00   3.1770198E+00
   1.2049927E+00  -4.3543237E-03   1.5555167E+00   3.1788454E+00
   1.2093771E+00  -4.6157711E-03   1.5860285E+00   3.1803010E+00
   1.2139807E+00  -4.8959204E-03   1.6143064E+00   3.1818857E+00
   1.2188145E+00  -5.1599024E-03   1.6460733E+00   3.1833277E+00
   1.2238899E+00  -4.3895287E-03   1.6787455E+00   3.1846230E+00
   1.2292192E+00  -6.3162940E-03   1.7719948E+00   3.1893780E+00
   1.2348149E+00  -4.2192107E-03   1.7751677E+00   3.1898980E+00
   1.2406904E+00  -3.7560146E-03   1.7767329E+00   3.1897984E+00
   1.2468597E+00  -3.6235410E-03   1.7866353E+00   3.1897118E+00
   1.2533374E+00  -4.1355882E-03   1.8392462E+00   3.1908667E+00
   1.2598805E+00  -3.9213998E-03   1.8872358E+00   3.1936491E+00
   1.2656059E+00  -3.9042579E-03   1.9095117E+00   3.1944838E+00
   1.2716177E+00  -4.1481373E-03   1.9808348E+00   3.1980600E+00
   1.2779299E+00  -3.8221863E-03   2.0027375E+00   3.1992357E+00
   1.2845578E+00  -3.1494200E-03   2.0537760E+00   3.2024143E+00
   1.2915171E+00  -4.1736481E-03   2.0842097E+00   3.2042224E+00
   1.2988243E+00  -4.5014452E-03   2.1319222E+00   3.2069483E+00
   1.3064970E+00  -4.5042792E-03   2.1754506E+00   3.2088423E+00
   1.3142313E+00  -3.9742840E-03   2.2237887E+00   3.2108779E+00
   1.3217685E+00  -3.2396002E-03   2.2735362E+00   3.2132754E+00
   1.3291268E+00  -4.0409649E-03   2.3228290E+00   3.2158844E+00
   1.3363223E+00  -3.7524770E-03   2.3712714E+00   3.2181993E+00
   1.3433689E+00  -3.4669556E-03   2.4172761E+00   3.2203126E+00
   1.3502786E+00  -3.2594018E-03   2.4609542E+00   3.2223854E+00
   1.3570675E+00  -3.0437463E-03   2.5043125E+00   3.2244961E+00
   1.3637499E+00  -2.6373407E-03   2.5465527E+00   3.2263842E+00
   1.3703362E+00  -2.3921891E-03   2.5837953E+00   3.2277312E+00
   1.3768345E+00  -2.1475379E-03   2.6313274E+00   3.2307451E+00
   1.3832506E+00  -1.4162344E-03   2.6639812E+00   3.2315443E+00
   1.3895903E+00  -1.3224412E-03   2.7087166E+00   3.2339356E+00
   1.3958575E+00  -1.1212765E-03   2.7280958E+00   3.2335370E+00
   1.4020562E+00  -6.0333736E-04   2.7913699E+00   3.2356713E+00
   1.4081900E+00  -6.3391926E-04   2.8086362E+00   3.2352684E+00
   1.4142617E+00   3.3463328E-04   2.8592618E+00   3.2377067E+00
   1.4202743E+00   4.1715128E-04   2.8769486E+00   3.2366228E+00
   1.4262302E+00  -3.3350190E-04   2.9290228E+00   3.2387338E+00
   1.4321324E+00  -2.6887003E-04   2.9463906E+00   3.2385831E+00
   1.4379833E+00   2.5438867E-03   2.9950206E+00   3.2407672E+00
   1.4437863E+00   1.2530261E-03   3.0095353E+00   3.2405915E+00
   1.4495434E+00   1.1201670E-03   3.0290666E+00   3.2401257E+00
   1.4552572E+00   1.9369451E-03   3.1009912E+00   3.2438228E+00
   1.4608796E+00   2.6560575E-03   3.1111321E+00   3.2436330E+00
   1.4664180E+00   3.8867050E-03   3.1297615E+00   3.2429445E+00
   1.4718804E+00   4.5480607E-03   3.1656561E+00   3.2439008E+00
   1.4772768E+00   4.5178249E-03   3.1823673E+00   3.2440779E+00
   1.4826112E+00   5.3927978E-03   3.2369070E+00   3.2473657E+00
   1.4878877E+00   5.5938344E-03   3.2496610E+00   3.2459331E+00
   1.4931109E+00   6.5745553E-03   3.2674394E+00   3.2443345E+00
   1.4982857E+00   6.7618866E-03   3.3166113E+00   3.2462683E+00
   1.5034163E+00   5.9944824E-03   3.3278408E+00   3.2454245E+00
   1.5085058E+00   6.1790338E-03   3.3467138E+00   3.2444899E+00
   1.5135555E+00   6.2634707E-03   3.3980229E+00   3.2476313E+00
   1.5185696E+00   6.4405226E-03   3.4085932E+00   3.2466390E+00
   1.5235497E+00   6.7461687E-03   3.4261703E+00   3.2457500E+00
   1.5284972E+00   6.6543985E-03   3.4455786E+00   3.2449267E+00
   1.5334146E+00   6.9977469E-03   3.4702697E+00   3.2447352E+00
   1.5383035E+00   7.7116033E-03   3.4982052E+00   3.2451334E+00
   1.5431646E+00   8.3465008E-03   3.5284841E+00   3.2462521E+00
   1.5479985E+00   7.9032090E-03   3.5582080E+00   3.2472198E+00
   1.5528057E+00   8.3555039E-03   3.5827551E+00   3.2480683E+00
   1.5575870E+00   7.8194700E-03   3.6385338E+00   3.2582512E+00
   1.5623461E+00   8.6132484E-03   3.6440794E+00   3.2574682E+00
   1.5670840E+00   9.8321335E-03   3.6487024E+00   3.2549582E+00
   1.5718030E+00   1.0060761E-02   3.6581590E+00   3.2524073E+00
   1.5765057E+00   1.0556338E-02   3.6706541E+00   3.2501512E+00
   1.5811951E+00   1.0534310E-02   3.6903112E+00   3.2463992E+00
   1.5858735E+00   1.1063672E-02   3.7059989E+00   3.2449110E+00
   1.5905433E+00   1.0001167E-02   3.7798059E+00   3.2482522E+00
   1.5951973E+00   1.0528409E-02   3.7894976E+00   3.2476671E+00
   1.6044729E+00   1.1417273E-02   3.8066740E+00   3.2458715E+00
   1.6091014E+00   1.1612541E-02   3.8203242E+00   3.2448583E+00
   1.6137294E+00   1.1411204E-02   3.8346000E+00   3.2440951E+00
   1.6183594E+00   1.0904971E-02   3.8562009E+00   3.2451890E+00
   1.6229950E+00   9.4369585E-03   3.9009740E+00   3.2644053E+00
   1.6276431E+00   9.5934216E-03   3.9080439E+00   3.2631900E+00
   1.6323056E+00   1.0229766E-02   3.9185910E+00   3.2599497E+00
   1.6369857E+00   1.0556084E-02   3.9298444E+00   3.2576087E+00
   1.6416870E+00   8.8943550E-03   3.9420912E+00   3.2545679E+00
   1.6464128E+00   1.0490891E-02   3.9581561E+00   3.2491744E+00
   1.6511657E+00   6.1191623E-03   3.9762566E+00   3.2397492E+00
   1.6559378E+00   8.7900963E-03   3.9861450E+00   3.2402408E+00
   1.6607282E+00   8.8499393E-03   3.9983437E+00   3.2416432E+00
   1.6655332E+00   9.4155166E-03   4.0129924E+00   3.2414069E+00
   1.6703521E+00   9.4495490E-03   4.0458989E+00   3.2556159E+00
   1.6749411E+00   8.7808548E-03   4.0534692E+00   3.2559962E+00
   1.6797595E+00   9.0597840E-03   4.0657797E+00   3.2555637E+00
   1.6846542E+00   9.0048891E-03   4.0757518E+00   3.2546165E+00
   1.6895778E+00   8.8589583E-03   4.0847883E+00   3.2536345E+00
   1.6945330E+00   7.3514269E-03   4.0926614E+00   3.2525177E+00
   1.6995217E+00   7.8205457E-03   4.0986385E+00   3.2522237E+00
   1.7045449E+00   9.4643850E-03   4.1058860E+00   3.2520759E+00
   1.7096033E+00   8.7754158E-03   4.1145706E+00   3.2519529E+00
   1.7146977E+00   9.5923692E-03   4.1206083E+00   3.2517738E+00
   1.7198291E+00   8.5205100E-03   4.1272612E+00   3.2520034E+00
   1.7245218E+00   1.1087879E-02   4.1324053E+00   3.2535565E+00
   1.7294492E+00   9.3628373E-03   4.1403913E+00   3.2542646E+00
   1.7341093E+00   1.0078069E-02   4.1418500E+00   3.2553713E+00
   1.7385900E+00   1.0431202E-02   4.1415577E+00   3.2570810E+00
   1.7470362E+00   9.2377728E-03   4.1399589E+00   3.2601571E+00
   1.7510474E+00   9.6643493E-03   4.1439190E+00   3.2606754E+00
   1.7549870E+00   9.6089430E-03   4.1465006E+00   3.2611437E+00
   1.7588422E+00   9.3962029E-03   4.1401019E+00   3.2619264E+00
   1.7662911E+00   9.6729901E-03   4.1389809E+00   3.2633376E+00
   1.7699654E+00   8.9085810E-03   4.1345506E+00   3.2626934E+00
   1.7736235E+00   8.8452920E-03   4.1286774E+00   3.2641661E+00
   1.7808828E+00   6.7964825E-03   4.1153398E+00   3.2648106E+00
   1.7844791E+00   7.5974441E-03   4.0928631E+00   3.2654302E+00
   1.7880507E+00   8.0646425E-03   4.0891571E+00   3.2663810E+00
   1.7951220E+00   7.5896974E-03   4.0828676E+00   3.2667828E+00
   1.7986206E+00   8.1018973E-03   4.0816984E+00   3.2668540E+00
   1.8055192E+00   7.3267664E-03   4.0719147E+00   3.2671158E+00
   1.8089237E+00   6.8684360E-03   4.0642567E+00   3.2674892E+00
   1.8156513E+00   5.7028024E-03   4.0298734E+00   3.2697656E+00
   1.8189785E+00   6.0383957E-03   4.0224080E+00   3.2705753E+00
   1.8255656E+00   4.8305728E-03   4.0038147E+00   3.2714813E+00
   1.8288323E+00   4.4580568E-03   3.9934340E+00   3.2718046E+00
   1.8353372E+00   4.0674484E-03   3.9603038E+00   3.2729952E+00
   1.8385805E+00   3.6288989E-03   3.9483492E+00   3.2736959E+00
   1.8450505E+00   2.5925832E-03   3.9312305E+00   3.2743835E+00
   1.8483180E+00   3.0677405E-03   3.9202788E+00   3.2744195E+00
   1.8548454E+00   1.7071440E-03   3.9008055E+00   3.2745023E+00
   1.8581160E+00   1.9649274E-03   3.8852656E+00   3.2745326E+00
   1.8646828E+00   1.0571610E-03   3.8351154E+00   3.2755659E+00
   1.8679801E+00   5.9944234E-04   3.8183272E+00   3.2759209E+00
   1.8746043E+00   3.4843979E-05   3.7895963E+00   3.2767906E+00
   1.8779745E+00  -9.4976847E-04   3.7614560E+00   3.2772458E+00
   1.8848809E+00  -9.6638280E-04   3.7292480E+00   3.2782559E+00
   1.8883765E+00  -1.2291655E-03   3.7128561E+00   3.2787013E+00
   1.8919038E+00   3.0159638E-03   3.6956229E+00   3.2789857E+00
   1.8990587E+00  -4.6362956E-03   3.6514060E+00   3.2798102E+00
   1.9026493E+00  -8.3464524E-03   3.6251569E+00   3.2803526E+00
   1.9099432E+00  -6.5099415E-03   3.5689886E+00   3.2813492E+00
   1.9136546E+00  -2.6560375E-03   3.5414975E+00   3.2817659E+00
   1.9174051E+00  -5.9479834E-03   3.5100455E+00   3.2822194E+00
   1.9211993E+00  -5.9733810E-03   3.4803255E+00   3.2826681E+00
   1.9288392E+00  -4.7239405E-03   3.4200320E+00   3.2837439E+00
   1.9328232E+00  -6.2132794E-03   3.3890710E+00   3.2844834E+00
   1.9369031E+00  -4.7800788E-03   3.3590717E+00   3.2839451E+00
   1.9410868E+00  -6.3647884E-03   3.3254700E+00   3.2847345E+00
   1.9489615E+00  -7.4945795E-03   3.2321088E+00   3.2857368E+00
   1.9529984E+00  -7.3579922E-03   3.1998158E+00   3.2860105E+00
   1.9570009E+00  -1.3926635E-02   3.1687860E+00   3.2867043E+00
   1.9609749E+00  -1.0527969E-02   3.1378782E+00   3.2868464E+00
   1.9686984E+00  -1.2133874E-02   3.0470943E+00   3.2870986E+00
   1.9725251E+00  -7.8044618E-03   2.9961929E+00   3.2873385E+00
   1.9763072E+00  -1.0270549E-02   2.9695709E+00   3.2874577E+00
   1.9837466E+00  -1.0509645E-02   2.9117768E+00   3.2873666E+00
   1.9874177E+00  -1.1228820E-02   2.8794172E+00   3.2871499E+00
   1.9910637E+00  -1.0489079E-02   2.8432367E+00   3.2868984E+00
   1.9983019E+00  -1.1997012E-02   2.7470648E+00   3.2864563E+00
   2.0019038E+00  -1.0149911E-02   2.7084062E+00   3.2863364E+00
   2.0054970E+00  -1.0508826E-02   2.6725934E+00   3.2862194E+00
   2.0126672E+00  -1.1524201E-02   2.5949659E+00   3.2856867E+00
   2.0162714E+00  -1.0820741E-02   2.5535452E+00   3.2854240E+00
   2.0199022E+00  -1.1511092E-02   2.5131791E+00   3.2851615E+00
   2.0272584E+00  -1.1311846E-02   2.4262660E+00   3.2846289E+00
   2.0309794E+00  -1.1577677E-02   2.3812163E+00   3.2843394E+00
   2.0347154E+00  -1.0978485E-02   2.3365378E+00   3.2839994E+00
   2.0422096E+00  -1.1464436E-02   2.2468553E+00   3.2832308E+00
   2.0459545E+00  -1.1894869E-02   2.2023721E+00   3.2828002E+00
   2.0497019E+00  -1.1849493E-02   2.1554697E+00   3.2823370E+00
   2.0572360E+00  -1.1937083E-02   2.0644937E+00   3.2812958E+00
   2.0610237E+00  -1.2407948E-02   2.0188966E+00   3.2806950E+00
   2.0648246E+00  -1.1746014E-02   1.9719485E+00   3.2800629E+00
   2.0724528E+00  -1.2493232E-02   1.8789508E+00   3.2786455E+00
   2.0762737E+00  -1.2683079E-02   1.8322775E+00   3.2778912E+00
   2.0800967E+00  -1.2716573E-02   1.7853740E+00   3.2770929E+00
   2.0839210E+00  -1.3222702E-02   1.7377367E+00   3.2762609E+00
   2.0915735E+00  -1.3127198E-02   1.6419911E+00   3.2745190E+00
   2.0954027E+00  -1.3619184E-02   1.5941391E+00   3.2736080E+00
   2.0992348E+00  -1.3466641E-02   1.5471395E+00   3.2726941E+00
   2.1068912E+00  -1.4257181E-02   1.4525155E+00   3.2708104E+00
   2.1107180E+00  -1.5172849E-02   1.4032955E+00   3.2698302E+00
   2.1145523E+00  -1.5125601E-02   1.3557570E+00   3.2688336E+00
   2.1183848E+00  -1.5380654E-02   1.3076191E+00   3.2678106E+00
   2.1260524E+00  -1.5420627E-02   1.1964632E+00   3.2652776E+00
   2.1298892E+00  -1.5299291E-02   1.1402718E+00   3.2639377E+00
   2.1337299E+00  -1.5019151E-02   1.1129636E+00   3.2630777E+00
   2.1414263E+00  -1.5507097E-02   1.0348357E+00   3.2612281E+00
   2.1452897E+00  -1.5992593E-02   9.7232157E-01   3.2599056E+00
   2.1491628E+00  -1.5744535E-02   9.3780857E-01   3.2589138E+00
   2.1530454E+00  -1.6410340E-02   8.6654168E-01   3.2573776E+00
   2.1608620E+00  -1.6025677E-02   7.5976527E-01   3.2547655E+00
   2.1648145E+00  -1.5784889E-02   7.2476584E-01   3.2536891E+00
   2.1688049E+00  -1.5826674E-02   6.5786535E-01   3.2520907E+00
   2.1728377E+00  -1.6159780E-02   6.2343866E-01   3.2510426E+00
   2.1810362E+00  -1.5969649E-02   5.2341598E-01   3.2481999E+00
   2.1852024E+00  -1.6453722E-02   4.5556766E-01   3.2463770E+00
   2.1894178E+00  -1.5993180E-02   4.2097366E-01   3.2451992E+00
   2.1936836E+00  -1.5676701E-02   2.0685387E-01   3.2384427E+00
   2.1980050E+00  -1.4756447E-02   1.9592299E-01   3.2369368E+00
   2.2023613E+00  -1.7176235E-02   2.1497694E-01   3.2360787E+00
   2.2067297E+00  -1.8169751E-02   2.2580825E-01   3.2364919E+00
   2.2155228E+00  -1.7928094E-02   1.8571711E-01   3.2365336E+00
   2.2199612E+00  -1.7283725E-02   1.1152602E-01   3.2359824E+00
   2.2244332E+00  -1.6168198E-02  -1.8598287E-01   3.2298243E+00
   2.2289360E+00  -1.6619056E-02  -1.9522490E-01   3.2280047E+00
   2.2333632E+00  -1.8619161E-02  -1.6302399E-01   3.2271795E+00
   2.2377255E+00  -1.9931218E-02  -1.5315427E-01   3.2268732E+00
   2.2420485E+00  -1.8758988E-02  -1.5846911E-01   3.2265306E+00
   2.2463725E+00  -1.8980829E-02  -1.8373357E-01   3.2258050E+00
   2.2551386E+00  -1.7505806E-02  -3.4054816E-01   3.2200167E+00
   2.2596083E+00  -1.8760214E-02  -6.3035637E-01   3.2064364E+00
   2.2641413E+00  -1.6997876E-02  -6.1754400E-01   3.2046642E+00
   2.2687411E+00  -1.8786386E-02  -5.7495028E-01   3.2055867E+00
   2.2734156E+00  -1.9037150E-02  -5.5031258E-01   3.2068400E+00
   2.2782097E+00  -1.8623453E-02  -5.5746990E-01   3.2075050E+00
   2.2832437E+00  -1.9118767E-02  -5.9566617E-01   3.2076173E+00
   2.2885003E+00  -1.7981676E-02  -8.1268603E-01   3.2045746E+00
   2.2938125E+00  -1.9316329E-02  -8.2721502E-01   3.2034183E+00
   2.2982531E+00  -1.9570138E-02  -8.4569615E-01   3.2025399E+00
   2.3029156E+00  -2.0163991E-02  -8.6956424E-01   3.2014656E+00
   2.3078113E+00  -1.7533636E-02  -9.8638284E-01   3.1911845E+00
   2.3129516E+00  -1.7376505E-02  -1.0012436E+00   3.1899879E+00
   2.3178084E+00  -2.6344974E-02  -1.0288360E+00   3.1889429E+00
   2.3216467E+00  -2.2698570E-02  -1.0621349E+00   3.1885402E+00
   2.3256142E+00  -2.3275411E-02  -1.1097271E+00   3.1873026E+00
   2.3339038E+00  -2.2600627E-02  -1.1881934E+00   3.1849089E+00
   2.3382280E+00  -1.9421553E-02  -1.3981037E+00   3.1750431E+00
   2.3426692E+00  -1.9446874E-02  -1.3957180E+00   3.1748300E+00
   2.3465726E+00  -2.0373136E-02  -1.3581762E+00   3.1765163E+00
   2.3506713E+00  -2.1505216E-02  -1.3539550E+00   3.1780798E+00
   2.3549747E+00  -2.1849588E-02  -1.3555855E+00   3.1805694E+00
   2.3630521E+00  -3.3156458E-02  -1.3828883E+00   3.1829824E+00
   2.3668876E+00  -2.1054484E-02  -1.4460082E+00   3.1836097E+00
   2.3708332E+00  -2.0393625E-02  -1.6715012E+00   3.1710289E+00
   2.3747418E+00  -1.5548512E-02  -1.6746517E+00   3.1709068E+00
   2.3824544E+00  -2.0544086E-02  -1.6226863E+00   3.1740317E+00
   2.3862658E+00  -2.2732375E-02  -1.6006210E+00   3.1771495E+00
   2.3900344E+00  -2.3908906E-02  -1.6066567E+00   3.1794896E+00
   2.3968914E+00  -1.7429991E-02  -1.6801299E+00   3.1796906E+00
   2.3998168E+00  -1.9243397E-02  -1.7406844E+00   3.1771693E+00
   2.4049802E+00  -3.3392299E-02  -1.8196008E+00   3.1733704E+00
   2.4115639E+00  -1.9286413E-02  -1.8592337E+00   3.1750982E+00
   2.4154849E+00  -1.2513380E-02  -1.8703851E+00   3.1754580E+00
   2.4213617E+00  -1.1873173E-02  -1.8974981E+00   3.1785653E+00
   2.4252796E+00  -1.7224738E-02  -1.9122872E+00   3.1787071E+00
   2.4314551E+00   3.7599481E-03  -1.9522812E+00   3.1785829E+00
   2.4359920E+00  -1.2433065E-01  -1.9914246E+00   3.1758881E+00
   2.4405549E+00  -1.3647698E-02  -2.0252969E+00   3.1764665E+00
   2.4451063E+00  -6.1966833E-02  -2.0615783E+00   3.1766591E+00
   2.4495955E+00  -6.9286614E-03  -2.0850067E+00   3.1776130E+00
   2.4562674E+00  -2.1276060E-02  -2.1230528E+00   3.1785538E+00
   2.4603322E+00  -1.6631102E-02  -2.1417556E+00   3.1798971E+00
   2.4659870E+00  -1.9686768E-02  -2.1685290E+00   3.1807368E+00
   2.4697137E+00  -2.0978771E-02  -2.1848652E+00   3.1801925E+00
   2.4753859E+00  -1.9408377E-02  -2.2265394E+00   3.1623733E+00
   2.4794893E+00  -1.5512105E-02  -2.2288914E+00   3.1682463E+00
   2.4855273E+00  -7.0061372E-03  -2.2619076E+00   3.1995893E+00
   2.4894781E+00  -1.3274349E-02  -2.2836678E+00   3.1982281E+00
   2.4951849E+00   7.9937140E-03  -2.2421999E+00   3.1796963E+00
   2.5006075E+00  -4.7420006E-02  -2.3090217E+00   3.1810775E+00
   2.5040843E+00  -1.1398428E-01  -2.3517568E+00   3.1839542E+00
   2.5098066E+00   1.5535048E-02  -2.4013965E+00   3.1879942E+00
   2.5141141E+00   3.2076758E-04  -2.4171286E+00   3.1896398E+00
   2.5187314E+00  -5.4574846E-03  -2.4304790E+00   3.1906364E+00
   2.5234029E+00  -2.0218020E-02  -2.4328785E+00   3.1920788E+00
   2.5304465E+00   1.9257533E-03  -2.4440432E+00   3.1936567E+00
   2.5350983E+00  -4.8421836E-03  -2.4544306E+00   3.1928368E+00
   2.5396528E+00  -1.0553934E-02  -2.4758363E+00   3.1927140E+00
   2.5440991E+00  -1.3140151E-02  -2.5627210E+00   3.1597247E+00
   2.5484273E+00  -1.4644605E-02  -2.5213120E+00   3.1680045E+00
   2.5546927E+00  -1.7052149E-02  -2.4697239E+00   3.2121665E+00
   2.5587139E+00  -1.6198488E-02  -2.5424762E+00   3.1765141E+00
   2.5644848E+00  -1.3052904E-02  -2.5419085E+00   3.1837916E+00
   2.5681634E+00  -2.6258724E-03  -2.5542598E+00   3.1861029E+00
   2.5734460E+00  -9.1244280E-03  -2.5970702E+00   3.1913321E+00
   2.5784674E+00  -9.9956822E-03  -2.6000984E+00   3.1917388E+00
   2.5832615E+00  -1.3246918E-02  -2.5898881E+00   3.1891963E+00
   2.5879629E+00  -2.9619567E-02  -2.6083052E+00   3.1883359E+00
   2.5932972E+00   1.2616413E-02  -2.5826313E+00   3.1843936E+00
   2.5994723E+00  -1.3992717E-02  -2.6068170E+00   3.1827300E+00
   2.6039951E+00  -1.2598661E-02  -2.6259463E+00   3.1800029E+00
   2.6084199E+00   1.2209041E-02  -2.6293468E+00   3.1779258E+00
   2.6128867E+00  -1.0296121E-02  -2.6339793E+00   3.1747518E+00
   2.6178112E+00  -1.5637750E-02  -2.6401618E+00   3.1725714E+00
   2.6232402E+00  -7.5900089E-03  -2.6477380E+00   3.1708810E+00
   2.6287239E+00  -1.2996187E-02  -2.6393142E+00   3.1698511E+00
   2.6341829E+00  -9.1820853E-03  -2.6335628E+00   3.1690257E+00
   2.6368663E+00  -5.4364088E-03  -2.6388981E+00   3.1684968E+00
   2.6420102E+00  -1.9635765E-02  -2.6285794E+00   3.1676559E+00
   2.6467597E+00  -4.9044192E-02  -2.6349416E+00   3.1674953E+00
   2.6517730E+00  -7.4262056E-03  -2.6430728E+00   3.1647539E+00
   2.6573002E+00   4.2968825E-03  -2.6414709E+00   3.1631706E+00
   2.6632712E+00  -1.9211886E-02  -2.6470187E+00   3.1606772E+00
   2.6684785E+00   4.3358963E-02  -2.6120746E+00   3.1562731E+00
   2.6734948E+00  -4.8025630E-02  -2.5999930E+00   3.1519754E+00
   2.6781096E+00   4.8896610E-03  -2.6123166E+00   3.1490874E+00
   2.6826892E+00  -3.2977234E-03  -2.6287055E+00   3.1462727E+00
   2.6870234E+00   8.6075310E-03  -2.6002767E+00   3.1442804E+00
   2.6911809E+00  -3.7492424E-02  -2.5319629E+00   3.1417825E+00
   2.6980085E+00  -1.5125543E-02  -2.5871017E+00   3.1377428E+00
   2.7031481E+00  -2.3367181E-02  -2.5868859E+00   3.1354702E+00
   2.7059124E+00  -1.1413107E-02  -2.5940783E+00   3.1335478E+00
   2.7118621E+00  -1.1447469E-03  -2.5814779E+00   3.1310356E+00
   2.7184217E+00  -2.7814742E-02  -2.5812614E+00   3.1289172E+00
   2.7216346E+00  -5.5405475E-02  -2.5806677E+00   3.1281970E+00
   2.7250078E+00   4.0017121E-02  -2.5093234E+00   3.1256104E+00
   2.7322690E+00   1.0688859E-04  -2.5231113E+00   3.1227033E+00
   2.7361741E+00  -3.1993072E-03  -2.5211635E+00   3.1210527E+00
   2.7399657E+00  -3.1152130E-03  -2.5035532E+00   3.1192467E+00
   2.7466707E+00  -8.4822142E-04  -2.4856539E+00   3.1161237E+00
   2.7525036E+00   3.7223757E-03  -2.4510460E+00   3.1126192E+00
   2.7552502E+00  -5.7623349E-03  -2.4511735E+00   3.1119123E+00
   2.7604756E+00   6.7079184E-03  -2.4442956E+00   3.1084614E+00
   2.7653835E+00  -1.7189464E-02  -2.4200940E+00   3.1056941E+00
   2.7701426E+00  -1.7212507E-03  -2.4140501E+00   3.1035092E+00
   2.7753894E+00   2.6411796E-03  -2.3560915E+00   3.0899103E+00
   2.7811742E+00   1.7005232E-03  -2.3806984E+00   3.0919020E+00
   2.7842853E+00  -8.1652710E-03  -2.3989611E+00   3.0954530E+00
   2.7909818E+00   2.9011788E-03  -2.3995111E+00   3.0972538E+00
   2.7945833E+00   4.3208245E-03  -2.3933635E+00   3.0985317E+00
   2.8023353E+00   3.5001116E-03  -2.2698712E+00   3.0990393E+00
   2.8065045E+00   7.5371084E-03  -2.2716448E+00   3.0979757E+00
   2.8108821E+00   2.1108093E-03  -2.3542233E+00   3.0924351E+00
   2.8154786E+00   1.4732695E-03  -2.3473735E+00   3.0917335E+00
   2.8198478E+00   9.6875839E-03  -2.2127082E+00   3.0852866E+00
   2.8244357E+00   4.7584008E-03  -2.2176328E+00   3.0835195E+00
   2.8292532E+00  -6.6800676E-03  -2.2918267E+00   3.0784791E+00
   2.8343112E+00  -1.6138207E-03  -2.2872994E+00   3.0783837E+00
   2.8396223E+00   2.2127382E-02  -2.1709054E+00   3.0808432E+00
   2.8451989E+00   1.7013218E-02  -2.1788058E+00   3.0793986E+00
   2.8510544E+00   4.5344355E-03  -2.1944513E+00   3.0758574E+00
   2.8572025E+00   7.4243937E-03  -2.1855381E+00   3.0755386E+00
   2.8634431E+00   1.4232573E-02  -2.1274118E+00   3.0733223E+00
   2.8695562E+00   1.2755757E-02  -2.1273215E+00   3.0722604E+00
   2.8756397E+00   8.8422196E-03  -2.1106985E+00   3.0682855E+00
   2.8816781E+00   1.1053914E-02  -2.1041799E+00   3.0675581E+00
   2.8876419E+00   1.3678862E-02  -2.0594640E+00   3.0648646E+00
   2.8935201E+00   1.3480757E-02  -2.0590086E+00   3.0642188E+00
   2.8993225E+00   1.2034444E-02  -2.0529356E+00   3.0637765E+00
   2.9050813E+00   1.2306553E-02  -1.9911578E+00   3.0596101E+00
   2.9109173E+00   1.2628092E-02  -1.9932973E+00   3.0586798E+00
   2.9168599E+00   1.3485536E-02  -1.9911059E+00   3.0582342E+00
   2.9228001E+00   1.3304156E-02  -1.9792008E+00   3.0578268E+00
   2.9290373E+00   1.2998273E-02  -1.9673976E+00   3.0569108E+00
   2.9354761E+00   1.2578672E-02  -1.8707434E+00   3.0503721E+00
   2.9418883E+00   1.1718313E-02  -1.8756491E+00   3.0488336E+00
   2.9482751E+00   1.1493916E-02  -1.8785551E+00   3.0483873E+00
   2.9546378E+00   1.1719868E-02  -1.8747581E+00   3.0482640E+00
   2.9609771E+00   1.1974468E-02  -1.8150513E+00   3.0456219E+00
   2.9672945E+00   1.2020036E-02  -1.8079376E+00   3.0446267E+00
   2.9735909E+00   1.1887113E-02  -1.7962320E+00   3.0440774E+00
   2.9798672E+00   1.1836399E-02  -1.7218678E+00   3.0409861E+00
   2.9861248E+00   1.0801041E-02  -1.7195125E+00   3.0401564E+00
   2.9923651E+00   1.0541574E-02  -1.7153977E+00   3.0399582E+00
   2.9985895E+00   9.9073015E-03  -1.7032082E+00   3.0398500E+00
   3.0047991E+00   1.0143576E-02  -1.6198516E+00   3.0366242E+00
   3.0109959E+00   1.0044352E-02  -1.6184980E+00   3.0361869E+00
   3.0171819E+00   1.0267921E-02  -1.6151917E+00   3.0355837E+00
   3.0233600E+00   9.1033075E-03  -1.6035324E+00   3.0353973E+00
   3.0295308E+00   9.1947494E-03  -1.5213037E+00   3.0321882E+00
   3.0356965E+00   8.4227743E-03  -1.5187104E+00   3.0312009E+00
   3.0418577E+00   8.0840513E-03  -1.5140520E+00   3.0310609E+00
   3.0480139E+00   8.2417559E-03  -1.5016502E+00   3.0311415E+00
   3.0541651E+00   8.4037017E-03  -1.4138509E+00   3.0295947E+00
   3.0603130E+00   8.0406126E-03  -1.4093585E+00   3.0291498E+00
   3.0664573E+00   7.7488502E-03  -1.4039510E+00   3.0289395E+00
   3.0725992E+00   7.6136556E-03  -1.3918643E+00   3.0287893E+00
   3.0787358E+00   8.0660721E-03  -1.3099213E+00   3.0264726E+00
   3.0848691E+00   8.2893940E-03  -1.3077477E+00   3.0261087E+00
   3.0909986E+00   8.3019976E-03  -1.3059142E+00   3.0261400E+00
   3.0970685E+00   8.2823830E-03  -1.2944108E+00   3.0263216E+00
   3.1031926E+00   9.0050930E-03  -1.1933712E+00   3.0249684E+00
   3.1093163E+00   9.7343242E-03  -1.1827722E+00   3.0245717E+00
   3.1154435E+00   9.6103474E-03  -1.1829646E+00   3.0244219E+00
   3.1215768E+00   1.0135605E-02  -1.1746429E+00   3.0244493E+00
   3.1277180E+00   1.0989989E-02  -1.0958817E+00   3.0228162E+00
   3.1338680E+00   1.1332497E-02  -1.0905346E+00   3.0226614E+00
   3.1399233E+00   1.1516884E-02  -1.0760282E+00   3.0228035E+00
   3.1460302E+00   1.1939780E-02  -1.0581459E+00   3.0231409E+00
   3.1522067E+00   1.2361859E-02  -9.7093910E-01   3.0226245E+00
   3.1583889E+00   1.2717806E-02  -9.7190368E-01   3.0224030E+00
   3.1645012E+00   1.3038527E-02  -9.6838123E-01   3.0221539E+00
   3.1705620E+00   1.3283555E-02  -9.5155436E-01   3.0221577E+00
   3.1767230E+00   1.3748623E-02  -8.6635441E-01   3.0209250E+00
   3.1829360E+00   1.3794126E-02  -8.6539936E-01   3.0209525E+00
   3.1891611E+00   1.3931451E-02  -8.6031067E-01   3.0212171E+00
   3.1953554E+00   1.4021205E-02  -8.4537488E-01   3.0216608E+00
   3.2014723E+00   1.3906973E-02  -7.4081504E-01   3.0218306E+00
   3.2076790E+00   1.3793503E-02  -7.3566025E-01   3.0216842E+00
   3.2139723E+00   1.3803262E-02  -7.3612684E-01   3.0215979E+00
   3.2202871E+00   1.4058127E-02  -7.3049724E-01   3.0216484E+00
   3.2265599E+00   1.3804001E-02  -6.5405709E-01   3.0208106E+00
   3.2327576E+00   1.3790377E-02  -6.4317882E-01   3.0209141E+00
   3.2390230E+00   1.3449389E-02  -6.2917864E-01   3.0212233E+00
   3.2454097E+00   1.3337918E-02  -5.6282783E-01   3.0223420E+00
   3.2517948E+00   1.3101436E-02  -5.6048691E-01   3.0223231E+00
   3.2580788E+00   1.2469427E-02  -5.5026847E-01   3.0222673E+00
   3.2642906E+00   1.1107501E-02  -4.7334427E-01   3.0214536E+00
   3.2700796E+00   1.2214241E-02  -4.6565905E-01   3.0215909E+00
   3.2761583E+00   1.1848740E-02  -4.5784259E-01   3.0218406E+00
   3.2825408E+00   1.1021540E-02  -4.4341207E-01   3.0222497E+00
   3.2888689E+00   1.0794944E-02  -3.3979052E-01   3.0234771E+00
   3.2951467E+00   8.7262494E-03  -3.3600602E-01   3.0232930E+00
   3.3014786E+00   8.2547441E-03  -3.2934839E-01   3.0229626E+00
   3.3078282E+00   8.0268094E-03  -3.2015115E-01   3.0227275E+00
   3.3142252E+00   7.9243267E-03  -2.4243446E-01   3.0223095E+00
   3.3206489E+00   7.7579827E-03  -2.3491290E-01   3.0223863E+00
   3.3270404E+00   7.4728015E-03  -2.1936010E-01   3.0225823E+00
   3.3334916E+00   6.5355524E-03  -1.4022687E-01   3.0244241E+00
   3.3400450E+00   5.8842674E-03  -1.3391058E-01   3.0242248E+00
   3.3466253E+00   5.3103417E-03  -1.2299243E-01   3.0239451E+00
   3.3531706E+00   5.3899037E-03  -4.6861362E-02   3.0234077E+00
   3.3597004E+00   5.0495923E-03  -3.6137644E-02   3.0234382E+00
   3.3662965E+00   4.9664089E-03  -2.0284379E-02   3.0235431E+00
   3.3729966E+00   4.4187214E-03   5.7599656E-02   3.0255933E+00
   3.3797386E+00   4.9245749E-03   6.5167628E-02   3.0253856E+00
   3.3864715E+00   5.0167828E-03   8.0070019E-02   3.0250337E+00
   3.3932188E+00   5.3091235E-03   1.6521141E-01   3.0248976E+00
   3.4000611E+00   5.1306081E-03   1.7460138E-01   3.0249176E+00
   3.4070334E+00   5.3617819E-03   1.8760899E-01   3.0249636E+00
   3.4140832E+00   5.2758129E-03   2.6732305E-01   3.0272648E+00
   3.4211686E+00   5.7807420E-03   2.7821371E-01   3.0270660E+00
   3.4283156E+00   6.2750299E-03   2.9684690E-01   3.0267017E+00
   3.4355946E+00   6.9781570E-03   3.9132777E-01   3.0270975E+00
   3.4430275E+00   7.0456271E-03   3.9864221E-01   3.0271511E+00
   3.4505603E+00   7.3936647E-03   4.1172442E-01   3.0271769E+00
   3.4581523E+00   7.0366431E-03   4.9729046E-01   3.0298784E+00
   3.4658282E+00   7.6932535E-03   5.1062304E-01   3.0298305E+00
   3.4736593E+00   8.4850313E-03   5.7056940E-01   3.0301950E+00
   3.4816618E+00   8.2975375E-03   5.8232623E-01   3.0301480E+00
   3.4897788E+00   7.7782581E-03   6.5695602E-01   3.0319214E+00
   3.4979959E+00   8.1657199E-03   6.7138320E-01   3.0320697E+00
   3.5063534E+00   8.7384991E-03   7.4823362E-01   3.0338025E+00
   3.5149200E+00   8.3184605E-03   7.7856278E-01   3.0349381E+00
   3.5235093E+00   8.2664676E-03   8.2252783E-01   3.0359519E+00
   3.5322480E+00   8.0698822E-03   8.7037224E-01   3.0371001E+00
   3.5410707E+00   7.9977950E-03   9.1950679E-01   3.0384245E+00
   3.5499821E+00   7.8458358E-03   9.7036469E-01   3.0398965E+00
   3.5585294E+00   7.6676463E-03   1.0170443E+00   3.0415952E+00
   3.5675042E+00   7.4412730E-03   1.0605429E+00   3.0432646E+00
   3.5753846E+00   7.1617546E-03   1.1175655E+00   3.0450096E+00
   3.5828261E+00   6.7112348E-03   1.1500465E+00   3.0453856E+00
   3.5906396E+00   6.3344445E-03   1.2301233E+00   3.0487056E+00
   3.5988438E+00   5.5993781E-03   1.2457116E+00   3.0484526E+00
   3.6074581E+00   5.2594361E-03   1.3093762E+00   3.0530529E+00
   3.6165032E+00   4.1861511E-03   1.3544179E+00   3.0550539E+00
   3.6257119E+00   3.8687214E-03   1.4064285E+00   3.0567791E+00
   3.6349185E+00   3.0063998E-03   1.4625194E+00   3.0587211E+00
   3.6441216E+00   2.3863823E-03   1.5179338E+00   3.0599046E+00
   3.6533222E+00   2.0373475E-03   1.5719267E+00   3.0641873E+00
   3.6625187E+00   1.3231960E-03   1.6276828E+00   3.0672045E+00
   3.6717107E+00   9.2760014E-04   1.6828839E+00   3.0687649E+00
   3.6806324E+00   6.0715445E-04   1.7379717E+00   3.0719650E+00
   3.6893089E+00   7.1838812E-04   1.7923857E+00   3.0743697E+00
   3.6977677E+00   5.7058560E-04   1.8454516E+00   3.0777025E+00
   3.7060320E+00  -2.5062594E-05   1.8953868E+00   3.0800323E+00
   3.7141218E+00   1.0454345E-05   1.9468411E+00   3.0826776E+00
   3.7220623E+00   2.3609355E-04   1.9974484E+00   3.0853579E+00
   3.7297766E+00   1.3467367E-04   2.0454454E+00   3.0880497E+00
   3.7372880E+00   3.3155436E-04   2.0920427E+00   3.0907550E+00
   3.7446165E+00   1.1229512E-03   2.1347272E+00   3.0934045E+00
   3.7517788E+00   1.1883603E-03   2.1764812E+00   3.0959694E+00
   3.7587895E+00   4.3065078E-04   2.2238784E+00   3.0985475E+00
   3.7656605E+00   4.0419886E-04   2.2684860E+00   3.1010463E+00
   3.7722609E+00   3.8622934E-04   2.3100078E+00   3.1035924E+00
   3.7785118E+00   6.8806543E-04   2.3521736E+00   3.1060715E+00
   3.7844152E+00   2.0579109E-03   2.3723116E+00   3.1069984E+00
   3.7901826E+00   2.3002366E-03   2.4444470E+00   3.1107974E+00
   3.7958066E+00   1.9626245E-03   2.4581995E+00   3.1120603E+00
   3.8012843E+00   6.0807299E-03   2.4813507E+00   3.1130254E+00
   3.8066230E+00  -3.9680602E-04   2.5510018E+00   3.1183903E+00
   3.8118331E+00   1.0431543E-03   2.5654306E+00   3.1196337E+00
   3.8168683E+00   7.6469150E-04   2.5863404E+00   3.1203735E+00
   3.8216925E+00   2.7482372E-03   2.6096365E+00   3.1212063E+00
   3.8262429E+00   2.3928441E-03   2.6958015E+00   3.1266735E+00
   3.8306823E+00   1.6361972E-03   2.7016094E+00   3.1284294E+00
   3.8350346E+00   4.1938345E-03   2.7023880E+00   3.1295850E+00
   3.8393137E+00   5.7724593E-03   2.7217903E+00   3.1299913E+00
   3.8477056E+00   2.8768240E-03   2.7680430E+00   3.1311817E+00
   3.8518202E+00   2.8602034E-03   2.8002918E+00   3.1330221E+00
   3.8558872E+00   2.6087537E-03   2.8389106E+00   3.1356468E+00
   3.8599129E+00   2.5378095E-03   2.8756716E+00   3.1384156E+00
   3.8639016E+00   2.5141712E-03   2.8926091E+00   3.1397808E+00
   3.8718035E+00   1.3561010E-02   2.9395862E+00   3.1432488E+00
   3.8757224E+00   6.9668773E-03   2.9702406E+00   3.1454451E+00
   3.8796184E+00  -1.9214990E-02   3.0031211E+00   3.1479349E+00
   3.8834848E+00   1.0174233E-03   3.0173061E+00   3.1502213E+00
   3.8913260E+00   6.3523388E-04   3.0526950E+00   3.1529908E+00
   3.8954201E+00   1.5522760E-03   3.0788276E+00   3.1542895E+00
   3.8996630E+00   8.3013962E-04   3.0955679E+00   3.1554127E+00
   3.9040382E+00  -4.5643473E-04   3.1282420E+00   3.1570253E+00
   3.9085522E+00  -1.0806851E-03   3.1482878E+00   3.1583300E+00
   3.9131036E+00  -1.6211944E-03   3.2440374E+00   3.1661780E+00
   3.9176054E+00  -3.3899189E-03   3.2530289E+00   3.1679976E+00
   3.9264755E+00  -1.6027386E-03   3.2548196E+00   3.1684403E+00
   3.9308522E+00  -2.6152499E-03   3.2653317E+00   3.1681333E+00
   3.9351952E+00  -7.8652548E-03   3.2884269E+00   3.1680462E+00
   3.9395080E+00  -3.5442756E-03   3.3116088E+00   3.1691504E+00
   3.9437928E+00   1.2018911E-03   3.4107533E+00   3.1785157E+00
   3.9480481E+00  -9.3235485E-03   3.4196203E+00   3.1803098E+00
   3.9522758E+00  -5.5135880E-03   3.4188492E+00   3.1814640E+00
   3.9606557E+00  -3.9191013E-03   3.4294052E+00   3.1814234E+00
   3.9648139E+00  -5.7248524E-03   3.4467216E+00   3.1817973E+00
   3.9689546E+00  -7.1985405E-03   3.4727964E+00   3.1830602E+00
   3.9730790E+00  -8.0791069E-03   3.4942272E+00   3.1845655E+00
   3.9771891E+00  -1.2769927E-02   3.6034572E+00   3.2005320E+00
   3.9853640E+00  -5.5243797E-03   3.5750649E+00   3.2014050E+00
   3.9894369E+00  -8.3301039E-03   3.5932577E+00   3.2000358E+00
   3.9935019E+00  -8.9791045E-03   3.6133568E+00   3.1985438E+00
   3.9975607E+00  -9.5621170E-03   3.6285944E+00   3.1987357E+00
   4.0056572E+00  -8.5213399E-03   3.6997676E+00   3.2004337E+00
   4.0096912E+00  -9.2038503E-03   3.7028821E+00   3.2016883E+00
   4.0137191E+00  -9.9734729E-03   3.7089889E+00   3.2026796E+00
   4.0177441E+00  -1.0466905E-02   3.7185929E+00   3.2038853E+00
   4.0217690E+00  -1.1119483E-02   3.7312949E+00   3.2056601E+00
   4.0298314E+00  -9.6952440E-03   3.7697148E+00   3.2125764E+00
   4.0338755E+00  -1.2098894E-02   3.8181953E+00   3.2344983E+00
   4.0379324E+00  -1.0358479E-02   3.8238873E+00   3.2350149E+00
   4.0420055E+00  -1.0610456E-02   3.8272481E+00   3.2322774E+00
   4.0460987E+00  -1.0401627E-02   3.8314910E+00   3.2301128E+00
   4.0543590E+00  -1.3269677E-02   3.8482523E+00   3.2262013E+00
   4.0585303E+00  -1.0939217E-02   3.8586638E+00   3.2239628E+00
   4.0627317E+00  -1.1734664E-02   3.8738627E+00   3.2217786E+00
   4.0669613E+00  -1.3891739E-02   3.8943775E+00   3.2202392E+00
   4.0712061E+00  -1.3681569E-02   3.9055290E+00   3.2215257E+00
   4.0797548E+00  -1.2008128E-02   3.9302108E+00   3.2278049E+00
   4.0840740E+00  -1.9723354E-02   3.9395764E+00   3.2399471E+00
   4.0884180E+00  -2.0566799E-02   3.9477789E+00   3.2405000E+00
   4.0927649E+00  -1.6411163E-02   3.9564743E+00   3.2405698E+00
   4.0971169E+00  -1.1832986E-02   3.9685886E+00   3.2398906E+00
   4.1014762E+00  -9.0437923E-03   3.9765944E+00   3.2390003E+00
   4.1058450E+00  -8.4927985E-03   3.9836459E+00   3.2384052E+00
   4.1102257E+00  -9.5281499E-03   3.9877474E+00   3.2373033E+00
   4.1190281E+00  -1.6612502E-02   3.9573414E+00   3.2467694E+00
   4.1234508E+00  -1.4881890E-02   3.9719322E+00   3.2468727E+00
   4.1278911E+00  -1.0848296E-02   3.9883919E+00   3.2451601E+00
   4.1323509E+00  -1.0781137E-02   4.0035758E+00   3.2440953E+00
   4.1368322E+00  -1.0801001E-02   4.0159435E+00   3.2420893E+00
   4.1413369E+00  -1.2850906E-02   4.0217695E+00   3.2405519E+00
   4.1458683E+00  -1.6756808E-02   3.9815574E+00   3.2480826E+00
   4.1504264E+00  -1.8856982E-02   3.9756522E+00   3.2493012E+00
   4.1550169E+00  -1.5650982E-02   3.9774888E+00   3.2514243E+00
   4.1596422E+00  -1.4323335E-02   3.9823327E+00   3.2507191E+00
   4.1643057E+00  -1.4748871E-02   3.9846463E+00   3.2491941E+00
   4.1690083E+00  -1.7133728E-02   3.9783366E+00   3.2483499E+00
   4.1785307E+00  -1.8847544E-02   3.9284458E+00   3.2538767E+00
   4.1833491E+00  -1.8365400E-02   3.9498165E+00   3.2517314E+00
   4.1881804E+00  -1.7030437E-02   3.9472017E+00   3.2489493E+00
   4.1929784E+00  -1.8066039E-02   3.9502769E+00   3.2467155E+00
   4.1977429E+00  -2.0857904E-02   3.9417336E+00   3.2446425E+00
   4.2024784E+00  -2.2445725E-02   3.9186251E+00   3.2444253E+00
   4.2071991E+00  -2.2358386E-02   3.8923316E+00   3.2450893E+00
   4.2119203E+00  -2.2397552E-02   3.8682771E+00   3.2454677E+00
   4.2166638E+00  -2.4104437E-02   3.8509066E+00   3.2457137E+00
   4.2216444E+00  -2.4446320E-02   3.8264554E+00   3.2457910E+00
   4.2266254E+00  -2.5051817E-02   3.8191476E+00   3.2457411E+00
   4.2315755E+00  -2.5648391E-02   3.8083353E+00   3.2456768E+00
   4.2364964E+00  -2.5899395E-02   3.8028028E+00   3.2442863E+00
   4.2413898E+00  -2.6300199E-02   3.6967056E+00   3.2529674E+00
   4.2462626E+00  -2.7526081E-02   3.6980615E+00   3.2513947E+00
   4.2511144E+00  -2.7438246E-02   3.7154558E+00   3.2493720E+00
   4.2559452E+00  -2.7699180E-02   3.7208989E+00   3.2467811E+00
   4.2607551E+00  -2.8592231E-02   3.7227836E+00   3.2425864E+00
   4.2655444E+00  -2.8179793E-02   3.7154782E+00   3.2396007E+00
   4.2703137E+00  -2.9973723E-02   3.5565014E+00   3.2344232E+00
   4.2750626E+00  -3.2218423E-02   3.5588381E+00   3.2329352E+00
   4.2797904E+00  -3.1093968E-02   3.5720747E+00   3.2322321E+00
   4.2844963E+00  -3.2258399E-02   3.5791986E+00   3.2315552E+00
   4.2891817E+00  -3.1885937E-02   3.5742278E+00   3.2305543E+00
   4.2938476E+00  -3.2934852E-02   3.5501180E+00   3.2307689E+00
   4.2984967E+00  -3.4807611E-02   3.3895156E+00   3.2445521E+00
   4.3029289E+00  -3.4779519E-02   3.4022644E+00   3.2440403E+00
   4.3074293E+00  -3.3946358E-02   3.4081905E+00   3.2418790E+00
   4.3120527E+00  -3.6497202E-02   3.4161444E+00   3.2372565E+00
   4.3212705E+00  -3.8545553E-02   3.3802249E+00   3.2304766E+00
   4.3258634E+00  -3.9480444E-02   3.1947112E+00   3.2220018E+00
   4.3304443E+00  -4.0622815E-02   3.1906421E+00   3.2213352E+00
   4.3350120E+00  -4.0624097E-02   3.2059116E+00   3.2217131E+00
   4.3395658E+00  -4.1163363E-02   3.2193387E+00   3.2214200E+00
   4.3441067E+00  -4.1448019E-02   3.2134893E+00   3.2216520E+00
   4.3486357E+00  -4.1387238E-02   3.1808608E+00   3.2226732E+00
   4.3531551E+00  -4.2291075E-02   3.1265774E+00   3.2247102E+00
   4.3576674E+00  -4.4759098E-02   3.0645080E+00   3.2265222E+00
   4.3621736E+00  -4.4353705E-02   3.0028427E+00   3.2283261E+00
   4.3666754E+00  -4.4510212E-02   2.9500501E+00   3.2294326E+00
   4.3756709E+00  -4.3197650E-02   2.8683910E+00   3.2284269E+00
   4.3801670E+00  -4.4811081E-02   2.8471706E+00   3.2270412E+00
   4.3846617E+00  -4.5159847E-02   2.8102052E+00   3.2253966E+00
   4.3891554E+00  -4.6464745E-02   2.7760003E+00   3.2226985E+00
   4.3929672E+00  -4.5377728E-02   2.7260134E+00   3.2209206E+00
   4.3969698E+00  -4.5889013E-02   2.7039053E+00   3.2201571E+00
   4.4010429E+00  -4.7349390E-02   2.6496623E+00   3.2182953E+00
   4.4094667E+00  -4.7014806E-02   2.5686445E+00   3.2164264E+00
   4.4138927E+00  -4.7661211E-02   2.5429094E+00   3.2157805E+00
   4.4182711E+00  -4.7995027E-02   2.4825463E+00   3.2164686E+00
   4.4226079E+00  -4.7649108E-02   2.4236012E+00   3.2149882E+00
   4.4269142E+00  -4.7228757E-02   2.3733563E+00   3.2152293E+00
   4.4311972E+00  -4.7189273E-02   2.3303988E+00   3.2157471E+00
   4.4354615E+00  -4.8500065E-02   2.2952521E+00   3.2159173E+00
   4.4432912E+00  -5.0308086E-02   2.2324562E+00   3.2157142E+00
   4.4470539E+00  -4.9397789E-02   2.1727986E+00   3.2160695E+00
   4.4510045E+00  -5.0434098E-02   2.1439033E+00   3.2159915E+00
   4.4594698E+00  -5.2043427E-02   2.0203035E+00   3.2148221E+00
   4.4637794E+00  -5.2071810E-02   1.9684802E+00   3.2156913E+00
   4.4680824E+00  -5.2418828E-02   1.9196929E+00   3.2152154E+00
   4.4723797E+00  -5.0174758E-02   1.8714918E+00   3.2146945E+00
   4.4766717E+00  -4.8494119E-02   1.8203233E+00   3.2119830E+00
   4.4809132E+00  -5.0554566E-02   1.7721601E+00   3.2129323E+00
   4.4851146E+00  -5.1040597E-02   1.7369010E+00   3.2123497E+00
   4.4934320E+00  -5.1371995E-02   1.6134984E+00   3.2111967E+00
   4.4975576E+00  -5.1196281E-02   1.5552799E+00   3.2108376E+00
   4.5016651E+00  -5.2753322E-02   1.5010316E+00   3.2105536E+00
   4.5057549E+00  -5.3020813E-02   1.4657574E+00   3.2103341E+00
   4.5098290E+00  -5.2429806E-02   1.4260757E+00   3.2099545E+00
   4.5179338E+00  -5.4607432E-02   1.3045385E+00   3.2092986E+00
   4.5219674E+00  -5.4591913E-02   1.2558935E+00   3.2095065E+00
   4.5259905E+00  -5.5209015E-02   1.2044531E+00   3.2087736E+00
   4.5300050E+00  -5.5778284E-02   1.1282521E+00   3.2088077E+00
   4.5380192E+00  -5.7277326E-02   1.0241843E+00   3.2082012E+00
   4.5420246E+00  -5.7127316E-02   9.8446423E-01   3.2078309E+00
   4.5460353E+00  -5.7196338E-02   9.4259834E-01   3.2073727E+00
   4.5500555E+00  -5.7696383E-02   8.9531940E-01   3.2067766E+00
   4.5540943E+00  -5.8125127E-02   8.1857181E-01   3.2059467E+00
   4.5622549E+00  -5.9586767E-02   7.1845055E-01   3.2048326E+00
   4.5664029E+00  -6.0514204E-02   6.6607916E-01   3.2043691E+00
   4.5706191E+00  -5.9739362E-02   5.8637196E-01   3.2036202E+00
   4.5748863E+00  -6.0590249E-02   5.3700793E-01   3.2031579E+00
   4.5791550E+00  -5.9987154E-02   4.8643488E-01   3.2026854E+00
   4.5834260E+00  -6.0730726E-02   4.3309885E-01   3.2022021E+00
   4.5919785E+00  -6.0098227E-02   3.0328241E-01   3.2010517E+00
   4.5962620E+00  -6.0281031E-02   2.5396228E-01   3.2006943E+00
   4.6005516E+00  -6.0384113E-02   1.7768301E-01   3.2002325E+00
   4.6048474E+00  -6.1362185E-02   1.2975800E-01   3.1998410E+00
   4.6091509E+00  -6.0300320E-02   6.1501537E-02   3.1992478E+00
   4.6134624E+00  -6.1166987E-02   5.1739829E-05   3.1985288E+00
   4.6221128E+00  -6.0845759E-02  -8.1552029E-02   3.1976619E+00
   4.6264520E+00  -6.1937317E-02  -1.2700306E-01   3.1972408E+00
   4.6308022E+00  -6.1096840E-02  -1.9469556E-01   3.1965127E+00
   4.6351628E+00  -6.1120238E-02  -2.7162328E-01   3.1954591E+00
   4.6395350E+00  -6.1572328E-02  -3.3994898E-01   3.1943436E+00
   4.6439195E+00  -6.0775779E-02  -3.9974490E-01   3.1933949E+00
   4.6483173E+00  -6.1550386E-02  -4.4637662E-01   3.1927888E+00
   4.6527290E+00  -6.2320460E-02  -4.9626619E-01   3.1922638E+00
   4.6615982E+00  -6.2455744E-02  -5.9294122E-01   3.1909704E+00
   4.6659646E+00  -6.3582912E-02  -6.4548832E-01   3.1899455E+00
   4.6704402E+00  -6.0192294E-02  -7.0371133E-01   3.1889205E+00
   4.6749344E+00  -5.9529770E-02  -7.5518388E-01   3.1880245E+00
   4.6794486E+00  -5.9461229E-02  -9.2868346E-01   3.1832507E+00
   4.6839843E+00  -5.8896534E-02  -9.0714210E-01   3.1831586E+00
   4.6885438E+00  -5.8663353E-02  -9.2057580E-01   3.1831701E+00
   4.6931272E+00  -5.8451466E-02  -9.4539839E-01   3.1841300E+00
   4.6977382E+00  -5.8854844E-02  -9.7157258E-01   3.1841021E+00
   4.7023773E+00  -5.7276357E-02  -1.0357292E+00   3.1845052E+00
   4.7070470E+00  -5.6134712E-02  -1.0775890E+00   3.1841364E+00
   4.7117505E+00  -5.5630583E-02  -1.3761271E+00   3.1803465E+00
   4.7164893E+00  -5.5128071E-02  -1.3849778E+00   3.1793494E+00
   4.7249193E+00  -5.9308570E-02  -1.2954646E+00   3.1797466E+00
   4.7291551E+00  -5.9661832E-02  -1.3000258E+00   3.1802669E+00
   4.7336025E+00  -5.8681015E-02  -1.3267919E+00   3.1805642E+00
   4.7382722E+00  -5.9595671E-02  -1.3896031E+00   3.1802812E+00
   4.7431755E+00  -5.9947181E-02  -1.6444051E+00   3.1717739E+00
   4.7480278E+00  -5.9281148E-02  -1.6576395E+00   3.1713078E+00
   4.7528152E+00  -5.8263242E-02  -1.6511890E+00   3.1731043E+00
   4.7575026E+00  -6.0017720E-02  -1.6442100E+00   3.1750112E+00
   4.7621555E+00  -5.9441656E-02  -1.6553816E+00   3.1742210E+00
   4.7667971E+00  -5.8156531E-02  -1.6931300E+00   3.1767662E+00
   4.7714572E+00  -5.6607760E-02  -1.8639990E+00   3.1736546E+00
   4.7762008E+00  -5.5603877E-02  -1.8792284E+00   3.1732297E+00
   4.7811818E+00  -5.6356259E-02  -1.8962779E+00   3.1733651E+00
   4.7862248E+00  -5.6579299E-02  -1.9086262E+00   3.1742620E+00
   4.7936621E+00  -5.5204090E-02  -1.9695394E+00   3.1753993E+00
   4.7966285E+00  -5.5559471E-02  -2.0223491E+00   3.1725016E+00
   4.8030138E+00  -5.4345042E-02  -2.0823834E+00   3.1718950E+00
   4.8064480E+00  -5.4581109E-02  -2.1289065E+00   3.1707356E+00
   4.8135996E+00  -5.5169675E-02  -2.1687524E+00   3.1714981E+00
   4.8173223E+00  -5.4579228E-02  -2.1928153E+00   3.1722016E+00
   4.8211098E+00  -5.2960400E-02  -2.2280486E+00   3.1726987E+00
   4.8285561E+00  -5.3508244E-02  -2.2884004E+00   3.1712461E+00
   4.8324480E+00  -5.2992105E-02  -2.3045239E+00   3.1733468E+00
   4.8365350E+00  -4.9677286E-02  -2.3437059E+00   3.1734817E+00
   4.8407230E+00  -5.1895656E-02  -2.3670607E+00   3.1748533E+00
   4.8466024E+00  -4.7940023E-02  -2.4144440E+00   3.1757238E+00
   4.8529491E+00  -4.6528112E-02  -2.4794593E+00   3.1741803E+00
   4.8562932E+00  -4.6493322E-02  -2.4918044E+00   3.1741793E+00
   4.8634915E+00  -4.6602655E-02  -2.5271697E+00   3.1753864E+00
   4.8673482E+00  -4.6669401E-02  -2.5434546E+00   3.1764686E+00
   4.8707724E+00  -4.6427425E-02  -2.5606663E+00   3.1775413E+00
   4.8763933E+00  -4.4560742E-02  -2.6000402E+00   3.1773205E+00
   4.8810339E+00  -3.9884623E-02  -2.6331353E+00   3.1772470E+00
   4.8853469E+00  -4.0410150E-02  -2.6561184E+00   3.1767266E+00
   4.8915081E+00  -4.2014845E-02  -2.6986461E+00   3.1783242E+00
   4.8961458E+00  -4.1930180E-02  -2.7344673E+00   3.1782644E+00
   4.9012594E+00  -4.3302145E-02  -2.7587414E+00   3.1788492E+00
   4.9068966E+00  -4.2595468E-02  -2.7831392E+00   3.1800647E+00
   4.9098682E+00  -4.2908162E-02  -2.7970586E+00   3.1811006E+00
   4.9158425E+00  -4.2992838E-02  -2.8223476E+00   3.1824882E+00
   4.9218287E+00  -4.2378973E-02  -2.8525870E+00   3.1829538E+00
   4.9248624E+00  -4.1688744E-02  -2.8662889E+00   3.1829526E+00
   4.9312358E+00  -4.1892871E-02  -2.8971694E+00   3.1833782E+00
