  flscon:  version 23.2.0.01  win64 2022 
 FLOW-3D   22:11:33  02/15/2024 tgtc     
   hydr3d   version  23.2.0.20 win64     12/04/2023 HYDRO    
 Simulation Template: Free Surface - TruVOF (Default)                            

Mesh Block   1
 printing pfxob, pfyob, pfzob       
       1     1002      0.000E+00      4.932E+00
   time              pfxob_1         pfyob_1         pfzob_1
   0.0000000E+00   2.4139471E-04  -2.2049325E+00   5.7992452E-01
   1.9400422E-03   1.0226088E-03   1.6707234E+02   3.5029390E-01
   5.2895723E-03  -8.2880637E-04  -2.0023706E+00   5.7337523E-01
   1.0176675E-02   1.6422077E-03  -1.9009727E+00   5.7580507E-01
   1.3855577E-02   9.8259433E-04  -1.9209087E+00   5.7811910E-01
   2.0092897E-02   8.7479653E-04  -1.9497355E+00   5.8261442E-01
   2.4788212E-02   1.1179887E-03  -1.9601673E+00   5.8322388E-01
   2.9964797E-02   1.7236313E-03  -1.9707998E+00   5.8331436E-01
   3.5629861E-02   1.3244079E-03  -1.9827768E+00   5.8366507E-01
   3.8591992E-02   1.4566809E-03  -1.9886397E+00   5.8407611E-01
   4.4541694E-02   1.1161411E-03  -1.9979720E+00   5.8534473E-01
   4.9968362E-02   2.0752174E-03  -2.0062704E+00   5.8691305E-01
   5.2886847E-02   1.3576575E-03  -2.0124805E+00   5.8775806E-01
   5.9168894E-02   1.2612423E-03  -2.0237606E+00   5.8949268E-01
   6.5330468E-02   9.2650077E-04  -2.0316863E+00   5.9113628E-01
   6.8449624E-02   7.8748097E-04  -2.0363140E+00   5.9182209E-01
   7.4527420E-02   6.2013255E-04  -2.0464313E+00   5.9349698E-01
   7.9919115E-02  -1.7672620E-04  -2.0586987E+00   5.9422982E-01
   8.2750931E-02   1.0639923E-03  -2.0640960E+00   5.9494936E-01
   8.8758513E-02   1.0554655E-03  -2.0724795E+00   5.9620303E-01
   9.4333023E-02   2.3227572E-03  -2.0854757E+00   5.9748787E-01
   1.0001899E-01   7.9919928E-04  -2.0927565E+00   5.9918851E-01
   1.0307693E-01   1.0010586E-03  -2.0924144E+00   6.0101628E-01
   1.0945947E-01  -5.4439699E-04  -2.1103323E+00   6.0142434E-01
   1.1235222E-01   2.9044258E-04  -2.1176600E+00   6.0212171E-01
   1.1782514E-01   1.2542473E-03  -2.1242604E+00   6.0389274E-01
   1.2379949E-01   2.0329342E-03  -2.1189690E+00   6.0685706E-01
   1.2910831E-01   2.3049486E-03  -2.1409729E+00   6.0704750E-01
   1.3180274E-01   1.5452690E-04  -2.1499450E+00   6.0757583E-01
   1.3760248E-01   3.0930512E-04  -2.1602750E+00   6.0928917E-01
   1.4399669E-01   7.0876291E-04  -2.1445043E+00   6.1245936E-01
   1.4716342E-01   2.4367946E-04  -2.1552961E+00   6.1262244E-01
   1.5293856E-01   2.4613302E-05  -2.1772430E+00   6.1382878E-01
   1.5812990E-01   1.7456788E-03  -2.1847801E+00   6.1579067E-01
   1.6274847E-01   8.5383699E-06  -2.1493399E+00   6.1858898E-01
   1.6697165E-01   3.8990553E-03  -2.1736839E+00   6.1792344E-01
   1.7380211E-01  -5.8574387E-04  -2.1977277E+00   6.1931968E-01
   1.7631030E-01  -1.4196169E-04  -2.2000391E+00   6.2008357E-01
   1.8170922E-01   1.9657172E-04  -2.1944916E+00   6.2198550E-01
   1.8766150E-01  -5.7468773E-04  -2.1658947E+00   6.2557191E-01
   1.9086267E-01  -1.5172139E-03  -2.1723366E+00   6.2569934E-01
   1.9773248E-01  -3.2463038E-04  -2.1926522E+00   6.2660372E-01
   2.0090692E-01   5.3276215E-04  -2.1984875E+00   6.2728751E-01
   2.0669283E-01   5.6856661E-04  -2.1948040E+00   6.2889290E-01
   2.1300682E-01   1.6227738E-03  -2.1649678E+00   6.3049704E-01
   2.1638715E-01   3.2559768E-04  -2.1752722E+00   6.3039982E-01
   2.2195935E-01  -6.9616223E-04  -2.1910362E+00   6.3175756E-01
   2.2773543E-01   2.5511702E-04  -2.1879232E+00   6.3400447E-01
   2.3084183E-01   2.3258326E-03  -2.1494048E+00   6.3597262E-01
   2.3724400E-01  -7.9735293E-04  -2.1597998E+00   6.3570243E-01
   2.4019428E-01  -1.3702095E-03  -2.1693361E+00   6.3618511E-01
   2.4561407E-01  -1.0615920E-03  -2.1769824E+00   6.3737279E-01
   2.5059044E-01   1.3843913E-03  -2.1508403E+00   6.4040416E-01
   2.5590226E-01  -6.7118858E-04  -2.1518891E+00   6.4041489E-01
   2.6175854E-01   1.1104131E-03  -2.1370904E+00   6.4321405E-01
   2.6490805E-01   5.4128416E-04  -2.1383724E+00   6.4363515E-01
   2.7150252E-01   2.5985177E-04  -2.1351545E+00   6.4538974E-01
   2.7473828E-01   4.4830947E-04  -2.1344926E+00   6.4604831E-01
   2.8109691E-01   1.4091871E-03  -2.1216786E+00   6.4807117E-01
   2.8699157E-01   1.0855383E-03  -2.1262701E+00   6.5005940E-01
   2.9206187E-01   1.4721713E-03  -2.1156046E+00   6.5192312E-01
   2.9478869E-01   1.6105556E-03  -2.0798514E+00   6.5316164E-01
   3.0040383E-01  -4.3758744E-04  -2.0941682E+00   6.5359968E-01
   3.0522045E-01  -3.3305091E-04  -2.1065238E+00   6.5494359E-01
   3.1030968E-01   1.0938190E-03  -2.1058609E+00   6.5710318E-01
   3.1592053E-01   1.5750254E-03  -2.0433166E+00   6.5962052E-01
   3.2184660E-01   2.9440928E-04  -2.0667655E+00   6.6013807E-01
   3.2480955E-01   6.3527713E-04  -2.0793812E+00   6.6082853E-01
   3.3074668E-01   1.8370558E-03  -2.0884626E+00   6.6229343E-01
   3.3669835E-01   1.5733538E-03  -2.0305805E+00   6.6490984E-01
   3.3968931E-01   1.1107065E-03  -2.0369570E+00   6.6516429E-01
   3.4569809E-01   5.4579723E-04  -2.0568824E+00   6.6646945E-01
   3.4872845E-01   1.2204949E-03  -2.0635011E+00   6.6723639E-01
   3.5483241E-01   2.7825481E-03  -2.0288455E+00   6.6963422E-01
   3.6100861E-01   1.8064860E-03  -2.0354104E+00   6.7015916E-01
   3.6414692E-01   1.2004075E-03  -2.0411119E+00   6.7044657E-01
   3.7050223E-01   2.2277858E-03  -2.0429447E+00   6.7177081E-01
   3.7371638E-01   2.0398088E-03  -2.0360670E+00   6.7244583E-01
   3.8019097E-01   3.0915868E-03  -1.9833914E+00   6.7458946E-01
   3.8349977E-01   2.6660641E-03  -1.9884875E+00   6.7444485E-01
   3.9027023E-01   1.2526107E-03  -2.0137982E+00   6.7469531E-01
   3.9517123E-01   1.8706890E-03  -2.0332563E+00   6.7536372E-01
   4.0057454E-01   4.2326758E-03  -1.9877774E+00   6.7717481E-01
   4.0348050E-01   3.5136587E-03  -1.9888557E+00   6.7729419E-01
   4.0973550E-01   1.1352904E-03  -1.9981699E+00   6.7733550E-01
   4.1309950E-01   1.2587986E-03  -2.0048637E+00   6.7794216E-01
   4.2002416E-01   2.1399786E-03  -1.9915782E+00   6.7936963E-01
   4.2300278E-01   2.0004690E-03  -1.9938916E+00   6.7944252E-01
   4.2942867E-01   3.0544861E-03  -1.9867228E+00   6.7932785E-01
   4.3339172E-01   2.6063884E-03  -1.9749712E+00   6.8038654E-01
   4.3776101E-01   2.1757653E-03  -1.9729714E+00   6.8109995E-01
   4.4257814E-01   2.6014887E-03  -1.9453436E+00   6.8289101E-01
   4.4788903E-01   1.8539658E-03  -1.9514792E+00   6.8215388E-01
   4.5349476E-01   1.6486222E-03  -1.9672785E+00   6.8160999E-01
   4.5889181E-01   2.5343171E-03  -1.9786538E+00   6.8203443E-01
   4.6410355E-01   4.2231749E-03  -1.9033872E+00   6.8367296E-01
   4.6932161E-01   1.7511924E-03  -1.9241718E+00   6.8300104E-01
   4.7212791E-01   1.5158759E-03  -1.9342389E+00   6.8294859E-01
   4.7816849E-01   1.8092013E-03  -1.9573057E+00   6.8331331E-01
   4.8428267E-01   4.3109735E-03  -1.9049720E+00   6.8500066E-01
   4.8719534E-01   4.0111644E-03  -1.9049598E+00   6.8465793E-01
   4.9296805E-01   1.7470736E-03  -1.9102794E+00   6.8386024E-01
   4.9913123E-01   2.4275549E-03  -1.9169724E+00   6.8426698E-01
   5.0230515E-01   2.6682927E-03  -1.9122113E+00   6.8452018E-01
   5.0849122E-01   2.8420230E-03  -1.8578389E+00   6.8456620E-01
   5.1149279E-01   1.4207473E-03  -1.8664033E+00   6.8404490E-01
   5.1731926E-01   1.9572563E-03  -1.8814856E+00   6.8381143E-01
   5.2291983E-01   2.9622533E-03  -1.8753086E+00   6.8418437E-01
   5.2831328E-01   2.8950495E-03  -1.8443282E+00   6.8422687E-01
   5.3352201E-01   2.3861129E-03  -1.8209066E+00   6.8424827E-01
   5.3857011E-01   2.8498485E-03  -1.8160344E+00   6.8403435E-01
   5.4245567E-01   3.2143642E-03  -1.8098950E+00   6.8371087E-01
   5.4665458E-01   2.6488663E-03  -1.8009233E+00   6.8388200E-01
   5.5126393E-01   2.7815986E-03  -1.7838607E+00   6.8391609E-01
   5.5813050E-01   2.9258060E-03  -1.7685351E+00   6.8357038E-01
   5.6266278E-01   3.3629911E-03  -1.7288157E+00   6.8303055E-01
   5.6713772E-01   2.6458646E-03  -1.7396754E+00   6.8233812E-01
   5.7155055E-01   2.9977045E-03  -1.7504286E+00   6.8226284E-01
   5.7592088E-01   3.3311788E-03  -1.7389678E+00   6.8247467E-01
   5.8242476E-01   3.2149812E-03  -1.6735959E+00   6.8302149E-01
   5.8654153E-01   2.9122592E-03  -1.6926022E+00   6.8307191E-01
   5.9081554E-01   3.4728607E-03  -1.6972713E+00   6.8323368E-01
   5.9689140E-01   2.9177279E-03  -1.6550356E+00   6.8382299E-01
   6.0094321E-01   2.3614087E-03  -1.6210159E+00   6.8268037E-01
   6.0693163E-01   2.2675651E-03  -1.6089861E+00   6.8300933E-01
   6.1097246E-01   2.0342222E-03  -1.6042374E+00   6.8338770E-01
   6.1690950E-01   1.9919407E-03  -1.5896389E+00   6.8321407E-01
   6.2078464E-01   2.0358802E-03  -1.5641671E+00   6.8338835E-01
   6.2608814E-01   2.4293582E-03  -1.5493846E+00   6.8346542E-01
   6.3114017E-01   2.0829160E-03  -1.5286976E+00   6.8364364E-01
   6.3615906E-01   2.3776852E-03  -1.5172772E+00   6.8385834E-01
   6.4139825E-01   2.3408150E-03  -1.4935640E+00   6.8438178E-01
   6.4672893E-01   2.4716575E-03  -1.4748691E+00   6.8454194E-01
   6.5019870E-01   2.5170967E-03  -1.4623641E+00   6.8446869E-01
   6.5533465E-01   2.7022855E-03  -1.4478076E+00   6.8458331E-01
   6.6032130E-01   2.4684959E-03  -1.4290844E+00   6.8490422E-01
   6.6506314E-01   2.3979917E-03  -1.4034837E+00   6.8542796E-01
   6.6989809E-01   2.4592187E-03  -1.3864666E+00   6.8590283E-01
   6.7494875E-01   2.1461518E-03  -1.3789554E+00   6.8601394E-01
   6.8116534E-01   1.9074160E-03  -1.3520035E+00   6.8620890E-01
   6.8457514E-01   1.7295089E-03  -1.3407900E+00   6.8900234E-01
   6.8961519E-01   2.6120208E-03  -1.3170736E+00   6.8677253E-01
   6.9585586E-01   3.2448508E-03  -1.2960653E+00   6.8673062E-01
   7.0053619E-01   2.8211824E-03  -1.2694002E+00   6.8709207E-01
   7.0534891E-01   2.3011717E-03  -1.2635782E+00   6.8733859E-01
   7.0980227E-01   2.5415069E-03  -1.2240950E+00   6.8756306E-01
   7.1495759E-01   2.5694282E-03  -1.2203176E+00   6.8792081E-01
   7.2003323E-01   2.6415647E-03  -1.1932912E+00   6.8800139E-01
   7.2505420E-01   2.4161784E-03  -1.1823902E+00   6.8792373E-01
   7.3028219E-01   2.2771461E-03  -1.1454163E+00   6.8817592E-01
   7.3421770E-01   2.1578586E-03  -1.1423372E+00   6.8819636E-01
   7.3905122E-01   2.3134898E-03  -1.1184083E+00   6.8788433E-01
   7.4382293E-01   2.4830818E-03  -1.1147140E+00   6.8758571E-01
   7.4906766E-01   2.5036540E-03  -1.0883032E+00   6.8776667E-01
   7.5400829E-01   2.6565890E-03  -1.0391270E+00   6.8797660E-01
   7.5951523E-01   1.8578070E-03  -1.0319396E+00   6.8828303E-01
   7.6441103E-01   1.7271895E-03  -1.0011082E+00   6.8836540E-01
   7.7007860E-01   2.0343089E-03  -1.0005087E+00   6.8796384E-01
   7.7416986E-01   2.0230941E-03  -9.7752935E-01   6.8788439E-01
   7.7993268E-01   2.4345273E-03  -9.3393302E-01   6.8749201E-01
   7.8397441E-01   1.9804325E-03  -9.3079364E-01   6.8759078E-01
   7.8832287E-01   2.0257200E-03  -9.4434291E-01   6.8770182E-01
   7.9306901E-01   1.6594805E-03  -9.0389735E-01   6.8784559E-01
   7.9970086E-01   2.1408882E-03  -8.5709417E-01   6.8777174E-01
   8.0453193E-01   1.5194691E-03  -8.2349455E-01   6.8795949E-01
   8.0923337E-01   1.7818779E-03  -8.2088166E-01   6.8804377E-01
   8.1434673E-01   1.4760921E-03  -7.9732370E-01   6.8808216E-01
   8.1935984E-01   1.5820378E-03  -7.6506883E-01   6.8806165E-01
   8.2468247E-01   1.6030674E-03  -7.0855403E-01   6.8798500E-01
   8.2718658E-01   1.2865299E-03  -7.1827787E-01   6.8782806E-01
   8.3215183E-01   1.1645764E-03  -7.3083568E-01   6.8769789E-01
   8.3899611E-01   1.2494351E-03  -6.9074035E-01   6.8731427E-01
   8.4281385E-01   1.0065653E-03  -5.9843272E-01   6.8806911E-01
   8.4871459E-01   1.1743024E-03  -6.3242561E-01   6.8724710E-01
   8.5270774E-01   2.9803853E-04  -6.3180679E-01   6.8839014E-01
   8.5758972E-01   4.9233815E-04  -6.0471505E-01   6.8809253E-01
   8.6306715E-01   2.7644198E-04  -5.1383525E-01   6.8814617E-01
   8.6764878E-01   4.7907126E-04  -4.9401712E-01   6.8821859E-01
   8.7266916E-01   6.6725991E-04  -4.8594901E-01   6.8826854E-01
   8.7800807E-01   4.9554446E-04  -4.6098468E-01   6.8836939E-01
   8.8289040E-01   7.1258453E-04  -4.2531052E-01   6.8788683E-01
   8.8744521E-01   1.0583150E-03  -4.0382490E-01   6.8827784E-01
   8.9249879E-01  -4.7549594E-04  -3.5808975E-01   6.8833071E-01
   8.9701581E-01  -3.4009921E-04  -3.3248693E-01   6.8823737E-01
   9.0250629E-01  -5.3293170E-05  -3.1981346E-01   6.8828678E-01
   9.0763962E-01  -2.6891981E-05  -2.7462640E-01   6.8804532E-01
   9.1240942E-01  -3.8215218E-04  -2.3898838E-01   6.8793255E-01
   9.1783035E-01  -3.6809122E-04  -2.2664559E-01   6.8823361E-01
   9.2259419E-01  -4.9140840E-04  -1.9928969E-01   6.8842971E-01
   9.2610997E-01  -2.8985302E-04  -1.7972998E-01   6.8844461E-01
   9.3138629E-01  -6.1338220E-04  -8.1166767E-02   6.8841588E-01
   9.3749428E-01  -2.1580767E-04  -1.1882956E-01   6.8901849E-01
   9.4209224E-01  -8.8364453E-05  -1.1843321E-01   6.8891567E-01
   9.4694972E-01  -1.3448248E-03  -1.0167090E-02   6.8871021E-01
   9.5149487E-01  -1.1588367E-04  -2.0972226E-02   6.8922943E-01
   9.5602483E-01  -1.0294004E-03  -1.5179090E-02   6.8891734E-01
   9.6040106E-01  -5.8302580E-04   5.2833301E-03   6.8938494E-01
   9.6673095E-01  -9.2934119E-04   8.0487378E-02   6.8979901E-01
   9.7222412E-01  -1.3088422E-03   1.0711981E-01   6.9059968E-01
   9.7625983E-01  -1.7513537E-03   1.3224648E-01   6.9091022E-01
   9.8031104E-01  -2.3304294E-03   1.4981741E-01   6.9098461E-01
   9.8695993E-01  -1.7922365E-03   1.9929655E-01   6.9117016E-01
   9.9196506E-01  -1.8393324E-03   2.3542583E-01   6.9154131E-01
   9.9465686E-01  -2.0512717E-03   2.8096583E-01   6.9160604E-01
   1.0004510E+00  -1.6790587E-03   2.8338560E-01   6.9177008E-01
   1.0068389E+00  -1.7291370E-03   2.9268798E-01   6.9188273E-01
   1.0102744E+00  -2.0930253E-03   3.4768757E-01   6.9219494E-01
   1.0173682E+00  -2.1890718E-03   3.6161834E-01   6.9280589E-01
   1.0205427E+00  -2.2377856E-03   3.7413216E-01   6.9289047E-01
   1.0273761E+00  -2.7288015E-03   4.9447626E-01   6.9339627E-01
   1.0309961E+00  -2.3684849E-03   4.9452466E-01   6.9369274E-01
   1.0346347E+00  -2.4520995E-03   4.8783818E-01   6.9385982E-01
   1.0419692E+00  -2.6465049E-03   4.9095738E-01   6.9413382E-01
   1.0456661E+00  -3.3030752E-03   5.4475737E-01   6.9430554E-01
   1.0493827E+00  -3.2480413E-03   5.5272883E-01   6.9465089E-01
   1.0568736E+00  -2.8701713E-03   5.8746564E-01   6.9487154E-01
   1.0606492E+00  -3.2360510E-03   6.8247926E-01   6.9480342E-01
   1.0644470E+00  -2.9106771E-03   6.8391448E-01   6.9504911E-01
   1.0682675E+00  -2.7737375E-03   6.7876285E-01   6.9528157E-01
   1.0758477E+00  -3.1678316E-03   6.8203712E-01   6.9546509E-01
   1.0789464E+00  -3.7976638E-03   6.9521010E-01   6.9555062E-01
   1.0856968E+00  -3.6896004E-03   7.8617853E-01   6.9587731E-01
   1.0907784E+00  -3.3456753E-03   8.1584054E-01   6.9632900E-01
   1.0935112E+00  -3.1155732E-03   8.2282966E-01   6.9647622E-01
   1.0993938E+00  -3.2108466E-03   8.3663768E-01   6.9660944E-01
   1.1058793E+00  -3.4835353E-03   8.6753887E-01   6.9660240E-01
   1.1093674E+00  -3.6211528E-03   8.9103413E-01   6.9666636E-01
   1.1130296E+00  -3.6750166E-03   9.7778487E-01   6.9683498E-01
   1.1209129E+00  -3.2501754E-03   9.6447670E-01   6.9709343E-01
   1.1251281E+00  -3.4281013E-03   9.5987225E-01   6.9703346E-01
   1.1293783E+00  -3.6092184E-03   9.6376085E-01   6.9696182E-01
   1.1336647E+00  -4.3193060E-03   1.0242908E+00   6.9683075E-01
   1.1379895E+00  -4.0786318E-03   1.0342153E+00   6.9725585E-01
   1.1423540E+00  -3.7704096E-03   1.0723746E+00   6.9754243E-01
   1.1467605E+00  -3.7886286E-03   1.0784446E+00   6.9771993E-01
   1.1556600E+00  -4.3294118E-03   1.1223577E+00   6.9789183E-01
   1.1600883E+00  -4.5334320E-03   1.1616044E+00   6.9802368E-01
   1.1644970E+00  -4.4997656E-03   1.1687253E+00   6.9822419E-01
   1.1688883E+00  -4.9387496E-03   1.2043055E+00   6.9811755E-01
   1.1732639E+00  -4.8078280E-03   1.2125510E+00   6.9840056E-01
   1.1776253E+00  -5.0953026E-03   1.2505959E+00   6.9849825E-01
   1.1819739E+00  -4.9640243E-03   1.2580274E+00   6.9872159E-01
   1.1863110E+00  -5.3464845E-03   1.2936499E+00   6.9863850E-01
   1.1949366E+00  -5.5036470E-03   1.3388397E+00   6.9893771E-01
   1.1991701E+00  -5.4186876E-03   1.3466448E+00   6.9917285E-01
   1.2033417E+00  -5.8493544E-03   1.3815998E+00   6.9912857E-01
   1.2066338E+00  -5.7136631E-03   1.3867179E+00   6.9942355E-01
   1.2137198E+00  -5.4510711E-03   1.4512144E+00   6.9941235E-01
   1.2175307E+00  -5.1768632E-03   1.4568276E+00   6.9972128E-01
   1.2214626E+00  -5.2831545E-03   1.4631839E+00   6.9987613E-01
   1.2291902E+00  -5.4935007E-03   1.5013226E+00   7.0001340E-01
   1.2329913E+00  -5.4595368E-03   1.5454358E+00   6.9995022E-01
   1.2367519E+00  -4.9702767E-03   1.5513258E+00   7.0023721E-01
   1.2441612E+00  -5.5350917E-03   1.6014225E+00   6.9974405E-01
   1.2478142E+00  -5.0723287E-03   1.6095456E+00   7.0005333E-01
   1.2514350E+00  -4.8259399E-03   1.6189181E+00   7.0017099E-01
   1.2585847E+00  -4.6997815E-03   1.6685033E+00   7.0016664E-01
   1.2621164E+00  -4.4802967E-03   1.6761664E+00   7.0026612E-01
   1.2656215E+00  -4.8291213E-03   1.7180296E+00   6.9991910E-01
   1.2725574E+00  -4.2175432E-03   1.7349795E+00   7.0015401E-01
   1.2759904E+00  -4.3809279E-03   1.7726777E+00   6.9982684E-01
   1.2827913E+00  -3.8002420E-03   1.7896568E+00   6.9990593E-01
   1.2861613E+00  -3.8856682E-03   1.8025005E+00   6.9972044E-01
   1.2928442E+00  -3.5862520E-03   1.8690562E+00   6.9949347E-01
   1.2961578E+00  -3.0150402E-03   1.8719109E+00   6.9950312E-01
   1.3027341E+00  -3.4588974E-03   1.9020932E+00   6.9861585E-01
   1.3059996E+00  -3.0018715E-03   1.9151139E+00   6.9899988E-01
   1.3124890E+00  -2.6452027E-03   1.9865382E+00   6.9861329E-01
   1.3157122E+00  -2.3280403E-03   1.9904147E+00   6.9867432E-01
   1.3221188E+00  -2.1825829E-03   1.9973500E+00   6.9824433E-01
   1.3253039E+00  -2.1918779E-03   2.0084071E+00   6.9794351E-01
   1.3316419E+00  -2.4703669E-03   2.1066544E+00   6.9745916E-01
   1.3347934E+00  -1.6926357E-03   2.1069157E+00   6.9777524E-01
   1.3411883E+00  -1.3465066E-03   2.0956714E+00   6.9746214E-01
   1.3464011E+00  -1.9614955E-03   2.1323862E+00   6.9732505E-01
   1.3503251E+00  -1.5331715E-03   2.1652825E+00   6.9725585E-01
   1.3569781E+00  -1.2530774E-03   2.2027287E+00   6.9678628E-01
   1.3619863E+00  -1.2269148E-03   2.2309055E+00   6.9644248E-01
   1.3646797E+00  -1.2816675E-03   2.2387626E+00   6.9635981E-01
   1.3704772E+00  -9.7488583E-04   2.2656901E+00   6.9605196E-01
   1.3765640E+00  -1.2339690E-03   2.3304954E+00   6.9573468E-01
   1.3812106E+00  -8.5046160E-04   2.3334038E+00   6.9590539E-01
   1.3853415E+00  -1.3816728E-03   2.3412411E+00   6.9662976E-01
   1.3901236E+00  -9.4781973E-04   2.3615284E+00   6.9606149E-01
   1.3956594E+00  -6.7054725E-04   2.3975286E+00   6.9495755E-01
   1.3998268E+00  -4.2903219E-05   2.4735193E+00   6.9330359E-01
   1.4044212E+00   2.8354456E-04   2.4381642E+00   6.9360334E-01
   1.4094867E+00   2.9334222E-04   2.4382486E+00   6.9349486E-01
   1.4150712E+00  -4.0668159E-04   2.4666314E+00   6.9280869E-01
   1.4209832E+00   7.7669456E-04   2.5610647E+00   6.9335765E-01
   1.4239323E+00   1.0133716E-03   2.5540113E+00   6.9338024E-01
   1.4298211E+00   8.5074716E-04   2.5522149E+00   6.9292039E-01
   1.4357017E+00   5.5478897E-04   2.5792480E+00   6.9174254E-01
   1.4386389E+00   4.4243853E-04   2.6625466E+00   6.9072068E-01
   1.4444970E+00   2.8673308E-03   2.6356349E+00   6.9088048E-01
   1.4503406E+00   3.7645779E-04   2.6939225E+00   6.8985891E-01
   1.4532571E+00   1.6094175E-03   2.7013786E+00   6.8978876E-01
   1.4590772E+00   2.3923966E-03   2.7221222E+00   6.8898404E-01
   1.4648776E+00   2.0530995E-03   2.7904789E+00   6.8715763E-01
   1.4706569E+00   3.4662837E-03   2.7995141E+00   6.8752009E-01
   1.4735384E+00   3.2495796E-03   2.8042345E+00   6.8722838E-01
   1.4792874E+00   3.0375766E-03   2.8236196E+00   6.8655378E-01
   1.4850203E+00   3.7578191E-04   2.9155922E+00   6.8456554E-01
   1.4878812E+00   2.9785170E-03   2.9217091E+00   6.8530476E-01
   1.4935920E+00   4.7768783E-03   2.9174514E+00   6.8534064E-01
   1.4992895E+00   3.4692024E-03   2.9326091E+00   6.8409556E-01
   1.5049764E+00   2.5358070E-03   2.9884086E+00   6.8264526E-01
   1.5078155E+00   4.0705176E-03   2.9991291E+00   6.8280429E-01
   1.5134808E+00   6.8942658E-03   3.0310285E+00   6.8188858E-01
   1.5176426E+00   3.8285486E-03   3.0691442E+00   6.7984909E-01
   1.5246986E+00   4.6085515E-03   3.1054378E+00   6.7920643E-01
   1.5272896E+00   5.8580134E-03   3.1179583E+00   6.7901105E-01
   1.5328028E+00   4.5335875E-03   3.1505172E+00   6.7803389E-01
   1.5377781E+00   5.3075263E-03   3.1846509E+00   6.7717701E-01
   1.5424904E+00   5.7270457E-03   3.2152245E+00   6.7605692E-01
   1.5473905E+00   6.3761654E-03   3.2385960E+00   6.7564565E-01
   1.5524833E+00   6.3936389E-03   3.2663965E+00   6.7487514E-01
   1.5579064E+00   6.7586810E-03   3.2958026E+00   6.7420733E-01
   1.5632855E+00   7.0073470E-03   3.3232338E+00   6.7311370E-01
   1.5686225E+00   7.9409042E-03   3.3580818E+00   6.7143959E-01
   1.5739210E+00   7.4632908E-03   3.3897607E+00   6.7028016E-01
   1.5765563E+00   8.0509670E-03   3.4007733E+00   6.7006791E-01
   1.5817995E+00   8.1039229E-03   3.4284828E+00   6.6882813E-01
   1.5870072E+00   8.8148993E-03   3.4548805E+00   6.6780007E-01
   1.5921198E+00   9.2090275E-03   3.5040052E+00   6.6569936E-01
   1.5972642E+00   1.0196283E-02   3.5154209E+00   6.6601944E-01
   1.6021789E+00   1.0404387E-02   3.5288363E+00   6.6550064E-01
   1.6071898E+00   9.7844964E-03   3.5495768E+00   6.6406834E-01
   1.6122457E+00   1.1359510E-02   3.5801985E+00   6.6207588E-01
   1.6179656E+00   1.3909096E-02   3.6292787E+00   6.5934181E-01
   1.6214963E+00   1.3235548E-02   3.6313052E+00   6.5969497E-01
   1.6274824E+00   1.1821018E-02   3.6487644E+00   6.5959299E-01
   1.6319885E+00   8.5990205E-03   3.6711426E+00   6.5806645E-01
   1.6368736E+00   1.2203172E-02   3.7096548E+00   6.5623307E-01
   1.6417782E+00   1.2805471E-02   3.7077737E+00   6.5660101E-01
   1.6466599E+00   1.0794273E-02   3.7467067E+00   6.5484965E-01
   1.6515176E+00   1.4153732E-02   3.7653811E+00   6.5299809E-01
   1.6563535E+00   1.3852593E-02   3.7817461E+00   6.5176511E-01
   1.6611676E+00   1.3097267E-02   3.7954476E+00   6.4989811E-01
   1.6659591E+00   1.3429714E-02   3.8129771E+00   6.4895445E-01
   1.6706969E+00   1.4040180E-02   3.8356607E+00   6.4803922E-01
   1.6753762E+00   1.4987051E-02   3.8540971E+00   6.4739698E-01
   1.6822945E+00   1.4541443E-02   3.8782439E+00   6.4576554E-01
   1.6866369E+00   1.7536517E-02   3.8873143E+00   6.4513731E-01
   1.6910504E+00   1.4272023E-02   3.8987544E+00   6.4415032E-01
   1.6955183E+00   1.4727949E-02   3.9097426E+00   6.4353955E-01
   1.7021481E+00   1.4955550E-02   3.9297750E+00   6.4217448E-01
   1.7065240E+00   1.5333882E-02   3.9424620E+00   6.4103800E-01
   1.7108678E+00   1.5036097E-02   3.9537880E+00   6.4004761E-01
   1.7151814E+00   1.7019691E-02   3.9620886E+00   6.3851655E-01
   1.7207055E+00   1.4522144E-02   3.9672344E+00   6.3655633E-01
   1.7254360E+00   1.4302576E-02   3.9779127E+00   6.3565397E-01
   1.7309121E+00   1.6211173E-02   3.9855573E+00   6.3482767E-01
   1.7349802E+00   1.5938964E-02   3.9922915E+00   6.3464874E-01
   1.7410145E+00   1.5094632E-02   4.0008211E+00   6.3277513E-01
   1.7451137E+00   1.6367458E-02   3.9519424E+00   6.2922281E-01
   1.7512321E+00   1.6101718E-02   4.0094833E+00   6.3224095E-01
   1.7551644E+00   1.5361328E-02   4.0285363E+00   6.3176215E-01
   1.7609032E+00   1.4522114E-02   3.9719126E+00   6.2426674E-01
   1.7646745E+00   1.7275684E-02   3.9917216E+00   6.2637311E-01
   1.7705065E+00   1.5748682E-02   4.0255780E+00   6.2650222E-01
   1.7745359E+00   1.6064977E-02   4.0351558E+00   6.2567699E-01
   1.7805454E+00   1.5438741E-02   4.0145216E+00   6.2318319E-01
   1.7845246E+00   1.7877469E-02   3.9884453E+00   6.2213159E-01
   1.7904568E+00   1.6925232E-02   3.9903145E+00   6.2170106E-01
   1.7943840E+00   1.5737344E-02   3.9995797E+00   6.2122941E-01
   1.8002236E+00   1.4686751E-02   4.0067749E+00   6.2058151E-01
   1.8040788E+00   1.4526284E-02   4.0033731E+00   6.1959392E-01
   1.8098136E+00   1.4230238E-02   3.9644816E+00   6.1742812E-01
   1.8136144E+00   1.5604103E-02   3.9569430E+00   6.1658740E-01
   1.8192842E+00   1.7261410E-02   3.9630418E+00   6.1658782E-01
   1.8249220E+00   1.3748559E-02   3.9606187E+00   6.1438102E-01
   1.8286643E+00   1.3936723E-02   3.9442816E+00   6.1305380E-01
   1.8342618E+00   1.5741477E-02   3.9262459E+00   6.1194384E-01
   1.8398467E+00   1.4369052E-02   3.8998029E+00   6.1031181E-01
   1.8435580E+00   1.4891718E-02   3.8933864E+00   6.0945874E-01
   1.8491049E+00   1.4844556E-02   3.8838720E+00   6.0828739E-01
   1.8546295E+00   1.4433076E-02   3.8724012E+00   6.0674542E-01
   1.8583014E+00   1.5210602E-02   3.8582866E+00   6.0645229E-01
   1.8637943E+00   1.4936015E-02   3.8280497E+00   6.0462373E-01
   1.8692712E+00   1.4914040E-02   3.7934833E+00   6.0332787E-01
   1.8729144E+00   1.4480075E-02   3.7843411E+00   6.0263449E-01
   1.8783671E+00   1.2545356E-02   3.7648480E+00   6.0214663E-01
   1.8838080E+00   1.4530601E-02   3.7456205E+00   6.0080004E-01
   1.8892401E+00   1.5305330E-02   3.7280049E+00   6.0029531E-01
   1.8928617E+00   1.5200788E-02   3.7026548E+00   5.9915960E-01
   1.8982913E+00   1.4253480E-02   3.6594522E+00   5.9738284E-01
   1.9035342E+00   2.1781897E-02   3.6387734E+00   5.9702718E-01
   1.9078190E+00   7.0277196E-03   3.6377809E+00   5.9587091E-01
   1.9133955E+00   1.1916120E-02   3.5763681E+00   5.9499371E-01
   1.9174560E+00   1.3919699E-02   3.5581164E+00   5.9506524E-01
   1.9221566E+00   1.3335402E-02   3.5395050E+00   5.9516722E-01
   1.9271562E+00   1.5599373E-02   3.4794416E+00   5.9196305E-01
   1.9331433E+00   1.4651475E-02   3.4402716E+00   5.9073758E-01
   1.9376259E+00   1.4236815E-02   3.4224863E+00   5.8888650E-01
   1.9431365E+00   1.5282290E-02   3.4025104E+00   5.8964127E-01
   1.9470669E+00   1.3272133E-02   3.3689532E+00   5.9083599E-01
   1.9521602E+00   1.4585487E-02   3.2855625E+00   5.8717775E-01
   1.9571173E+00   1.5217516E-02   3.2551110E+00   5.8693302E-01
   1.9619657E+00   1.4121330E-02   3.2442021E+00   5.8601820E-01
   1.9668347E+00   1.5373321E-02   3.2096434E+00   5.8513987E-01
   1.9717532E+00   1.1147486E-02   3.1453679E+00   5.8406150E-01
   1.9766406E+00   1.2465455E-02   3.1081843E+00   5.8252424E-01
   1.9820516E+00   2.0810664E-02   3.0393167E+00   5.7823873E-01
   1.9869294E+00   2.2419132E-02   3.0156684E+00   5.7966787E-01
   1.9925272E+00   6.8348083E-03   2.9727461E+00   5.7972765E-01
   1.9971564E+00   2.5381949E-02   2.9190445E+00   5.7888269E-01
   2.0016510E+00   1.2337883E-02   2.8764901E+00   5.7650846E-01
   2.0072720E+00   7.4586552E-03   2.7926390E+00   5.7559663E-01
   2.0112360E+00   3.6117930E-03   2.7813921E+00   5.7521635E-01
   2.0160425E+00   2.7320759E-02   2.7053297E+00   5.7474881E-01
   2.0211809E+00  -1.7750012E-02   2.7402625E+00   5.7465661E-01
   2.0262613E+00   4.3036535E-02   2.6143186E+00   5.7042259E-01
   2.0312192E+00   5.2598175E-03   2.5790794E+00   5.7187635E-01
   2.0360808E+00   1.3004357E-02   2.5435379E+00   5.7177204E-01
   2.0411248E+00   7.1001756E-03   2.5033543E+00   5.7031268E-01
   2.0462599E+00   1.1735202E-02   2.4298949E+00   5.6801313E-01
   2.0513144E+00   4.5895763E-03   2.3516288E+00   5.6681114E-01
   2.0559847E+00   1.0680059E-02   2.3331647E+00   5.6628841E-01
   2.0612185E+00   8.1169913E-03   2.2968206E+00   5.6575072E-01
   2.0659060E+00  -2.2269085E-03   2.1930921E+00   5.6489736E-01
   2.0710175E+00   3.4217834E-03   2.1531360E+00   5.6398600E-01
   2.0757627E+00   1.2109347E-04   2.1168578E+00   5.6389380E-01
   2.0803549E+00   5.7344427E-03   2.0881884E+00   5.6345505E-01
   2.0856788E+00   1.9565807E-03   1.9724362E+00   5.6227201E-01
   2.0903084E+00   6.2944018E-03   1.9052368E+00   5.6155199E-01
   2.0958145E+00  -1.1331516E-02   1.9189538E+00   5.6059867E-01
   2.1006141E+00   3.0483110E-03   1.8548660E+00   5.5997145E-01
   2.1055486E+00   1.0497186E-03   1.7604097E+00   5.5897349E-01
   2.1107080E+00   1.4337551E-02   1.6491301E+00   5.5824745E-01
   2.1155689E+00  -1.3370094E-02   1.6319536E+00   5.5737501E-01
   2.1201670E+00  -1.6088750E-03   1.6317623E+00   5.5686647E-01
   2.1253214E+00   1.3318998E-04   1.5669996E+00   5.5615664E-01
   2.1303303E+00   2.4570003E-03   1.5257623E+00   5.5592215E-01
   2.1352041E+00  -4.8513073E-03   1.3515868E+00   5.5634826E-01
   2.1399550E+00  -1.5521400E-03   1.2965068E+00   5.5516386E-01
   2.1446123E+00   1.1005250E-02   1.3328444E+00   5.5518275E-01
   2.1498337E+00  -1.9573211E-03   1.2862481E+00   5.5522341E-01
   2.1549726E+00   2.2842956E-03   1.1899136E+00   5.5314696E-01
   2.1594820E+00  -4.2465925E-03   1.1282593E+00   5.5017722E-01
   2.1646945E+00  -6.5822655E-04   1.0751117E+00   5.5363548E-01
   2.1698902E+00  -4.1017160E-03   9.8201752E-01   5.5457193E-01
   2.1748257E+00  -7.2881156E-03   9.2983383E-01   5.5389702E-01
   2.1795783E+00  -8.9079039E-03   9.0113652E-01   5.5442595E-01
   2.1838965E+00  -3.7540381E-03   8.8341331E-01   5.5406481E-01
   2.1888669E+00  -3.4991472E-03   7.9150087E-01   5.5302918E-01
   2.1944604E+00  -3.9139409E-03   7.0959651E-01   5.5393374E-01
   2.1993933E+00  -6.0619647E-03   6.8100137E-01   5.5386710E-01
   2.2040701E+00  -4.7097476E-03   5.9657335E-01   5.5337453E-01
   2.2091365E+00  -7.3815496E-03   5.5436909E-01   5.5398220E-01
   2.2136543E+00  -3.1274685E-03   5.1810914E-01   5.5362684E-01
   2.2188108E+00  -2.6710527E-02   3.9522675E-01   5.5323124E-01
   2.2235694E+00  -1.7022211E-03   3.8272032E-01   5.5362260E-01
   2.2291632E+00   6.4818067E-03   3.6638820E-01   5.5533296E-01
   2.2339134E+00   3.7392098E-03   3.0034971E-01   5.5506623E-01
   2.2381365E+00  -4.2948686E-03   2.2692072E-01   5.5514765E-01
   2.2426908E+00  -6.2702973E-03   1.6483542E-01   5.5586410E-01
   2.2478740E+00  -3.5606110E-03   1.2685740E-01   5.5589360E-01
   2.2533252E+00  -8.7364214E-03   8.6561657E-02   5.5633736E-01
   2.2588077E+00  -4.4721630E-03   1.5571981E-02   5.5694431E-01
   2.2624798E+00  -5.6777080E-03  -2.1131856E-02   5.5722797E-01
   2.2680137E+00  -1.0212352E-02  -9.2605628E-02   5.5773479E-01
   2.2733335E+00  -2.8383217E-03  -1.4349224E-01   5.5872083E-01
   2.2788146E+00  -4.6324031E-03  -1.9303225E-01   5.5945575E-01
   2.2836843E+00  -4.6921540E-03  -2.2915319E-01   5.5992335E-01
   2.2873499E+00  -2.5884630E-03  -2.6786557E-01   5.6079763E-01
   2.2930250E+00  -5.2616443E-03  -3.1087300E-01   5.6244385E-01
   2.2968261E+00  -3.9858851E-03  -3.6961046E-01   5.6402415E-01
   2.3025551E+00  -3.6469649E-03  -4.3559399E-01   5.6506830E-01
   2.3083165E+00  -6.2370333E-03  -4.8693508E-01   5.6644320E-01
   2.3121758E+00  -3.6317196E-03  -5.1060522E-01   5.6746536E-01
   2.3179922E+00  -4.2651757E-03  -5.5559522E-01   5.6866938E-01
   2.3218882E+00  -2.8630574E-03  -5.8040112E-01   5.6953943E-01
   2.3280470E+00  -4.7231009E-03  -6.4270586E-01   5.7161778E-01
   2.3326716E+00  -6.6641765E-03  -6.8432462E-01   5.7263839E-01
   2.3374314E+00  -1.7496457E-03  -7.1695131E-01   5.7426125E-01
   2.3416784E+00  -9.4574345E-03  -7.5857103E-01   5.7595867E-01
   2.3478260E+00  -3.4035440E-03  -8.1044674E-01   5.7752609E-01
   2.3521996E+00  -2.3309852E-03  -8.4604669E-01   5.7886893E-01
   2.3570211E+00  -3.8241001E-03  -8.7568772E-01   5.8042330E-01
   2.3622246E+00  -7.0501310E-03  -9.0874147E-01   5.8254671E-01
   2.3675780E+00  -2.4508270E-03  -9.4771099E-01   5.8434498E-01
   2.3725014E+00  -3.3247098E-03  -1.0300250E+00   5.8603567E-01
   2.3772638E+00  -6.3742483E-03  -1.0137572E+00   5.8692801E-01
   2.3823032E+00  -2.8398363E-03  -1.0228963E+00   5.8923805E-01
   2.3871021E+00  -2.2656927E-03  -1.0607191E+00   5.9201896E-01
   2.3919880E+00  -7.1771173E-03  -1.1680194E+00   5.9496713E-01
   2.3971682E+00  -5.2207038E-03  -1.1486019E+00   5.9643662E-01
   2.4023120E+00  -5.0248676E-03  -1.1495923E+00   5.9850836E-01
   2.4071441E+00  -4.0888321E-03  -1.2607530E+00   6.0130745E-01
   2.4116249E+00  -8.5083488E-03  -1.2573024E+00   6.0167664E-01
   2.4160197E+00  -9.0499716E-03  -1.2536848E+00   6.0288584E-01
   2.4202783E+00  -5.6708939E-03  -1.2594371E+00   6.0513121E-01
   2.4264369E+00  -3.8004320E-03  -1.3017677E+00   6.0908300E-01
   2.4304185E+00  -6.5273680E-03  -1.3571103E+00   6.1138105E-01
   2.4362404E+00  -8.2776695E-03  -1.3892674E+00   6.1384380E-01
   2.4400380E+00  -7.7937259E-03  -1.4015782E+00   6.1535281E-01
   2.4456303E+00  -7.2222119E-03  -1.4140667E+00   6.1812562E-01
   2.4511185E+00  -8.3761271E-03  -1.4321873E+00   6.2031519E-01
   2.4547284E+00  -8.2047237E-03  -1.4565076E+00   6.2159634E-01
   2.4600813E+00  -8.1757642E-03  -1.4875367E+00   6.2362748E-01
   2.4653707E+00  -6.6089579E-03  -1.5594994E+00   6.2500370E-01
   2.4706066E+00  -9.9751838E-03  -1.5102358E+00   6.2497199E-01
   2.4757972E+00  -7.1223686E-03  -1.5019290E+00   6.2808305E-01
   2.4792361E+00  -5.2483426E-03  -1.5461656E+00   6.3229132E-01
   2.4843659E+00  -9.1225123E-03  -1.6280415E+00   6.3933200E-01
   2.4894664E+00  -8.6616408E-03  -1.5719904E+00   6.3952202E-01
   2.4945414E+00  -4.0916936E-03  -1.5864861E+00   6.3623708E-01
   2.4995949E+00  -1.0115938E-02  -1.6042053E+00   6.3761234E-01
   2.5046299E+00  -9.0858340E-03  -1.6389611E+00   6.4101219E-01
   2.5096486E+00  -4.3297014E-03  -1.6059215E+00   6.4261651E-01
   2.5146534E+00  -3.3604468E-03  -1.6428322E+00   6.4635426E-01
   2.5196462E+00  -1.1508898E-02  -1.7408649E+00   6.5518469E-01
   2.5246286E+00  -8.2584964E-03  -1.6538949E+00   6.5429163E-01
   2.5296023E+00  -3.3957148E-03  -1.6426313E+00   6.5464419E-01
   2.5345678E+00  -1.6436614E-02  -1.7009606E+00   6.5397453E-01
   2.5395267E+00  -5.6955004E-03  -1.7348679E+00   6.5526587E-01
   2.5444798E+00  -5.8535142E-03  -1.7300453E+00   6.5544772E-01
   2.5494277E+00  -4.0104464E-03  -1.7172186E+00   6.5761721E-01
   2.5543711E+00  -4.1515455E-03  -1.7152848E+00   6.5921533E-01
   2.5593107E+00  -5.2977544E-03  -1.7274569E+00   6.6107845E-01
   2.5642469E+00  -9.5838541E-03  -1.7538149E+00   6.6529644E-01
   2.5691803E+00  -2.8179695E-03  -1.7683146E+00   6.6682869E-01
   2.5741110E+00  -4.5184474E-03  -1.7710245E+00   6.6893691E-01
   2.5790393E+00  -1.1198794E-02  -1.7699301E+00   6.7082977E-01
   2.5839658E+00  -5.0905962E-03  -1.7667099E+00   6.7177528E-01
   2.5888906E+00  -5.9181289E-03  -1.7719449E+00   6.7267984E-01
   2.5936852E+00  -5.3312271E-03  -1.7838060E+00   6.7156756E-01
   2.5984561E+00  -5.3763157E-03  -1.7924787E+00   6.7217213E-01
   2.6029584E+00  -2.3561488E-03  -1.7932483E+00   6.7195433E-01
   2.6078269E+00  -2.9631627E-03  -1.7990671E+00   6.7217445E-01
   2.6127274E+00  -3.4537916E-03  -1.7982205E+00   6.7315823E-01
   2.6174543E+00  -1.5907307E-03  -1.7960389E+00   6.7323613E-01
   2.6234686E+00  -4.0093795E-03  -1.8052605E+00   6.7441171E-01
   2.6276274E+00   1.7296310E-03  -1.8020931E+00   6.7530644E-01
   2.6329212E+00  -5.0462997E-03  -1.8117555E+00   6.7654169E-01
   2.6383591E+00  -5.6522144E-03  -1.8083447E+00   6.7785507E-01
   2.6422336E+00  -4.5366464E-03  -1.8060735E+00   6.7887509E-01
   2.6477528E+00  -1.3151350E-02  -1.7993250E+00   6.8122429E-01
   2.6529613E+00  -4.5298410E-04  -1.8183792E+00   6.8178999E-01
   2.6572552E+00  -5.7147043E-03  -1.8107370E+00   6.8220562E-01
   2.6628034E+00  -2.6574691E-03  -1.8121736E+00   6.8274361E-01
   2.6674182E+00  -9.2341788E-03  -1.8059479E+00   6.8427104E-01
   2.6721947E+00  -9.9168101E-05  -1.8072513E+00   6.8499601E-01
   2.6769021E+00   6.9840043E-03  -1.8085238E+00   6.8638408E-01
   2.6820803E+00  -2.1765437E-02  -1.7976308E+00   6.8788189E-01
   2.6875412E+00  -3.8987792E-03  -1.8090458E+00   6.9033003E-01
   2.6920469E+00  -6.7625167E-03  -1.7996817E+00   6.9013375E-01
   2.6966288E+00  -8.8154208E-03  -1.8023045E+00   6.9105589E-01
   2.7017076E+00   9.0149539E-03  -1.7977622E+00   6.9303733E-01
   2.7070572E+00  -2.8314157E-03  -1.7903352E+00   6.9354200E-01
   2.7117224E+00  -8.7149097E-03  -1.7979143E+00   6.9557017E-01
   2.7164800E+00  -3.7211803E-04  -1.7821085E+00   6.9634807E-01
   2.7212687E+00  -1.7641291E-03  -1.7910570E+00   6.9736916E-01
   2.7265294E+00   9.4694225E-03  -1.7890290E+00   6.9825786E-01
   2.7312725E+00   6.0008727E-03  -1.7801882E+00   6.9874209E-01
   2.7364795E+00  -2.6266202E-03  -1.7645464E+00   6.9931686E-01
   2.7416632E+00  -1.0817804E-03  -1.7775190E+00   7.0001107E-01
   2.7462354E+00  -4.5650164E-03  -1.7798487E+00   7.0120126E-01
   2.7511468E+00  -1.7766370E-03  -1.7606192E+00   7.0213580E-01
   2.7559106E+00  -2.5677318E-03  -1.7518218E+00   7.0491445E-01
   2.7618144E+00  -3.6766531E-03  -1.7522233E+00   7.0474398E-01
   2.7659307E+00  -4.0363101E-03  -1.7393749E+00   7.0531756E-01
   2.7713926E+00  -7.4202067E-04  -1.7557230E+00   7.0633554E-01
   2.7761669E+00  -4.2813970E-04  -1.7386324E+00   7.0807034E-01
   2.7810783E+00  -7.5279438E-04  -1.7371024E+00   7.0872939E-01
   2.7859898E+00  -3.4008089E-03  -1.7191635E+00   7.0987272E-01
   2.7909012E+00  -7.5612252E-04  -1.7240238E+00   7.1126753E-01
   2.7958124E+00  -1.0580481E-04  -1.7237546E+00   7.1173805E-01
   2.8007188E+00  -2.8236941E-04  -1.7179321E+00   7.1294612E-01
   2.8056302E+00   7.7442155E-04  -1.6720581E+00   7.1282494E-01
   2.8105414E+00  -6.5587890E-05  -1.6949408E+00   7.1223861E-01
   2.8154528E+00   2.5814199E-03  -1.7355136E+00   7.1372944E-01
   2.8203640E+00  -1.5423924E-03  -1.6523100E+00   7.1865392E-01
   2.8252754E+00   2.5785062E-03  -1.7320747E+00   7.1641582E-01
   2.8301866E+00  -5.0385897E-03  -1.6988032E+00   7.1763259E-01
   2.8350980E+00   7.4227327E-03  -1.6759666E+00   7.1788782E-01
   2.8400092E+00   2.8591782E-03  -1.6668528E+00   7.1867132E-01
   2.8449204E+00  -2.3972983E-03  -1.6475952E+00   7.2237480E-01
   2.8498318E+00   5.9724337E-04  -1.6664672E+00   7.2146368E-01
   2.8547430E+00   1.7544527E-03  -1.6679747E+00   7.2192764E-01
   2.8596542E+00  -9.9845136E-05  -1.6480680E+00   7.1944451E-01
   2.8645654E+00  -2.7144927E-04  -1.6585773E+00   7.2220510E-01
   2.8694766E+00   2.0420807E-03  -1.6427189E+00   7.2399527E-01
   2.8743875E+00   2.6176919E-03  -1.6137739E+00   7.2473735E-01
   2.8792987E+00   1.0145797E-03  -1.5629833E+00   7.2759831E-01
   2.8842099E+00  -2.3301157E-04  -1.5967550E+00   7.2745752E-01
   2.8891208E+00   2.2203724E-03  -1.6309360E+00   7.2746116E-01
   2.8940320E+00   3.8840421E-03  -1.6273158E+00   7.2761267E-01
   2.8989429E+00   2.0268909E-03  -1.4927019E+00   7.2674990E-01
   2.9038541E+00   1.6385400E-03  -1.5859108E+00   7.2510499E-01
   2.9087651E+00   3.0397659E-04  -1.5742149E+00   7.2972834E-01
   2.9136760E+00   4.4306475E-03  -1.5718769E+00   7.3049015E-01
   2.9185870E+00   5.8449451E-03  -1.5618511E+00   7.3186636E-01
   2.9234979E+00   1.1835994E-03  -1.4746044E+00   7.3230302E-01
   2.9284089E+00   7.0927725E-03  -1.4737960E+00   7.3168522E-01
   2.9333198E+00   2.4349042E-03  -1.5182962E+00   7.3121643E-01
   2.9382308E+00   2.8224078E-03  -1.5405955E+00   7.3185271E-01
   2.9431417E+00   3.9379997E-03  -1.5303249E+00   7.3348999E-01
   2.9480526E+00   4.0780241E-03  -1.4920778E+00   7.3477435E-01
   2.9529636E+00   9.4074645E-04  -1.5561439E+00   7.3549807E-01
   2.9578743E+00   1.1719780E-02  -1.3600554E+00   7.3342568E-01
   2.9627852E+00  -1.0327066E-03  -1.4695498E+00   7.3603266E-01
   2.9676960E+00   1.6703967E-03  -1.4981194E+00   7.3618531E-01
   2.9726069E+00   6.8074879E-03  -1.4778647E+00   7.3562497E-01
   2.9775176E+00   4.5618461E-03  -1.3324174E+00   7.3651338E-01
   2.9824286E+00   3.5712444E-03  -1.4472731E+00   7.3715425E-01
   2.9873393E+00   4.0837987E-03  -1.4424841E+00   7.3798710E-01
   2.9922500E+00   3.9493479E-03  -1.3725827E+00   7.3812515E-01
   2.9971607E+00   1.1896399E-02  -1.3706888E+00   7.3716336E-01
   3.0020714E+00   6.0823333E-04  -1.3797472E+00   7.3917592E-01
   3.0069823E+00   9.8857016E-04  -1.3790356E+00   7.3986703E-01
   3.0118606E+00   5.1824981E-03  -1.3617970E+00   7.4048799E-01
   3.0167713E+00   2.4885100E-03  -1.3482782E+00   7.4043667E-01
   3.0216820E+00   3.7478479E-03  -1.3250827E+00   7.4072355E-01
   3.0280259E+00   1.0262806E-02  -1.2978102E+00   7.4121493E-01
   3.0327272E+00   2.8272623E-03  -1.2962030E+00   7.4166703E-01
   3.0373306E+00   2.2613748E-03  -1.2937046E+00   7.4170017E-01
   3.0421641E+00   2.0100123E-03  -1.2860245E+00   7.4187928E-01
   3.0468578E+00   2.0639570E-03  -1.2620797E+00   7.4225909E-01
   3.0515049E+00   1.9064863E-03  -1.2489573E+00   7.4256206E-01
   3.0575640E+00   1.3049892E-03  -1.2447642E+00   7.4312818E-01
   3.0620553E+00   2.8410517E-03  -1.2317637E+00   7.4375623E-01
   3.0664816E+00   1.1618783E-03  -1.2206705E+00   7.4419594E-01
   3.0712159E+00   1.2452292E-03  -1.1917813E+00   7.4460441E-01
   3.0761263E+00   1.1450833E-03  -1.1852355E+00   7.4510169E-01
   3.0810368E+00   1.0318893E-03  -1.1674671E+00   7.4538231E-01
   3.0859473E+00   4.6191093E-05  -1.1538742E+00   7.4546796E-01
   3.0908577E+00   1.5719059E-03  -1.1352944E+00   7.4538130E-01
   3.0957682E+00   1.2689211E-03  -1.1325812E+00   7.4577516E-01
   3.1006787E+00  -1.5403947E-03  -1.1183032E+00   7.4620867E-01
   3.1055892E+00   7.5329392E-04  -1.0963963E+00   7.4596721E-01
   3.1104996E+00   5.7380227E-04  -1.0787288E+00   7.4642116E-01
   3.1154101E+00   6.4999005E-04  -1.0671355E+00   7.4670231E-01
   3.1203206E+00   8.8372128E-04  -1.0388379E+00   7.4700606E-01
   3.1252310E+00   5.9401884E-04  -1.0303953E+00   7.4723661E-01
   3.1301415E+00   8.2809565E-04  -1.0199379E+00   7.4766028E-01
   3.1350517E+00   1.0170366E-03  -1.0088450E+00   7.4792325E-01
   3.1415992E+00   1.3016277E-03  -9.8056144E-01   7.4861026E-01
   3.1465094E+00   1.4131144E-03  -9.5541668E-01   7.4905437E-01
   3.1514199E+00   2.0941929E-03  -9.3753362E-01   7.4935699E-01
   3.1563303E+00   1.5087044E-03  -9.2795241E-01   7.4958891E-01
   3.1612408E+00   1.8210899E-03  -9.1510665E-01   7.4977279E-01
   3.1661510E+00   2.2890628E-03  -9.0082049E-01   7.4992728E-01
   3.1710615E+00   2.8103918E-03  -8.7222594E-01   7.5021809E-01
   3.1759720E+00   2.7890196E-03  -8.5813040E-01   7.5040042E-01
   3.1808822E+00   2.8004339E-03  -8.3871198E-01   7.5063705E-01
   3.1857927E+00   2.5526581E-03  -8.2790732E-01   7.5083578E-01
   3.1907032E+00   2.9624074E-03  -8.0956054E-01   7.5113291E-01
   3.1956134E+00   3.0812866E-03  -7.9227090E-01   7.5136423E-01
   3.2005239E+00   3.8759210E-03  -7.6904589E-01   7.5168824E-01
   3.2054341E+00   4.1247117E-03  -7.5306302E-01   7.5184810E-01
   3.2103443E+00   4.0944526E-03  -7.3615015E-01   7.5205576E-01
   3.2152548E+00   4.3027331E-03  -7.2677624E-01   7.5218594E-01
   3.2201650E+00   4.7954144E-03  -7.1096665E-01   7.5226742E-01
   3.2250752E+00   4.9606822E-03  -6.8018425E-01   7.5248367E-01
   3.2299857E+00   5.0828834E-03  -6.5562689E-01   7.5248259E-01
   3.2348959E+00   5.1633455E-03  -6.4604408E-01   7.5248450E-01
   3.2398062E+00   5.9109344E-03  -6.3938707E-01   7.5254470E-01
   3.2447164E+00   5.0765038E-03  -6.1307532E-01   7.5251949E-01
   3.2496269E+00   5.2156751E-03  -5.8840364E-01   7.5256926E-01
   3.2545371E+00   5.2655442E-03  -5.6873512E-01   7.5261307E-01
   3.2594473E+00   4.8300414E-03  -5.4099935E-01   7.5265402E-01
   3.2643576E+00   5.7807551E-03  -5.4283804E-01   7.5292552E-01
   3.2692678E+00   5.0196983E-03  -5.1583552E-01   7.5283945E-01
   3.2741780E+00   4.6288725E-03  -4.9724039E-01   7.5290608E-01
   3.2790883E+00   4.7471691E-03  -4.7211298E-01   7.5301880E-01
   3.2839985E+00   4.5105400E-03  -4.5690259E-01   7.5303322E-01
   3.2889085E+00   4.2386795E-03  -4.3731767E-01   7.5301850E-01
   3.2938187E+00   4.0755472E-03  -4.2311513E-01   7.5304061E-01
   3.2987289E+00   3.8619628E-03  -3.9223099E-01   7.5296164E-01
   3.3036392E+00   3.5939545E-03  -3.6719230E-01   7.5294846E-01
   3.3085492E+00   3.3765058E-03  -3.5274386E-01   7.5286382E-01
   3.3134594E+00   3.2429998E-03  -3.3028024E-01   7.5282532E-01
   3.3183696E+00   3.0725992E-03  -3.1298164E-01   7.5278449E-01
   3.3232796E+00   2.8137015E-03  -2.8717288E-01   7.5276405E-01
   3.3281898E+00   2.9348589E-03  -2.6310438E-01   7.5277340E-01
   3.3330998E+00   2.4111494E-03  -2.3920986E-01   7.5280184E-01
   3.3380101E+00   1.6212852E-03  -2.1937037E-01   7.5277913E-01
   3.3429201E+00   1.6537791E-03  -1.9899163E-01   7.5276124E-01
   3.3478303E+00   1.8944647E-03  -1.7513679E-01   7.5278211E-01
   3.3527403E+00   1.8023918E-03  -1.5723477E-01   7.5269371E-01
   3.3576503E+00   1.1801904E-03  -1.2598397E-01   7.5262433E-01
   3.3625603E+00   1.8895696E-03  -1.0212760E-01   7.5253463E-01
   3.3674705E+00   1.6392753E-03  -8.8138692E-02   7.5241971E-01
   3.3718898E+00   1.6220094E-03  -6.7275673E-02   7.5227368E-01
   3.3782313E+00   1.5375745E-03  -3.9380990E-02   7.5217563E-01
   3.3831413E+00   1.2526760E-03  -8.2128579E-03   7.5210553E-01
   3.3880513E+00   1.8382515E-03   1.3898994E-02   7.5195819E-01
   3.3929613E+00   1.8696550E-03   3.6671553E-02   7.5178951E-01
   3.3978713E+00   1.4293448E-03   5.4909233E-02   7.5167406E-01
   3.4027812E+00   1.7859712E-03   8.1744477E-02   7.5156778E-01
   3.4076910E+00   1.8428758E-03   1.0562775E-01   7.5148779E-01
   3.4126010E+00   2.0682171E-03   1.2997392E-01   7.5133383E-01
   3.4175110E+00   2.1105921E-03   1.4781629E-01   7.5113332E-01
   3.4224210E+00   2.4454477E-03   1.7350155E-01   7.5089282E-01
   3.4273307E+00   2.4452321E-03   1.9455694E-01   7.5075024E-01
   3.4322407E+00   2.3003062E-03   2.6160491E-01   7.5036550E-01
   3.4371507E+00   2.5909187E-03   2.5946385E-01   7.5045365E-01
   3.4420605E+00   2.7797795E-03   2.5191703E-01   7.5002134E-01
   3.4469705E+00   2.3967929E-03   2.6577100E-01   7.4965596E-01
   3.4518802E+00   7.9286634E-04   3.2989225E-01   7.4944705E-01
   3.4567902E+00   3.3339376E-03   3.4952059E-01   7.4912781E-01
   3.4617000E+00   3.2048323E-03   3.7770420E-01   7.4882233E-01
   3.4666097E+00   3.7660582E-03   3.9219868E-01   7.4863321E-01
   3.4715197E+00   3.4865527E-03   4.0382844E-01   7.4826449E-01
   3.4764295E+00   3.7422339E-03   4.6774372E-01   7.4845600E-01
   3.4813392E+00   4.2328998E-03   4.4772136E-01   7.4825180E-01
   3.4862492E+00   3.6638358E-03   4.5209530E-01   7.4731392E-01
   3.4911590E+00   4.0759379E-03   4.9942258E-01   7.4684870E-01
   3.4960687E+00   4.4600521E-03   5.4582012E-01   7.4654287E-01
   3.5009785E+00   4.6050530E-03   5.6272095E-01   7.4609584E-01
   3.5058882E+00   4.4998382E-03   5.9802610E-01   7.4566656E-01
   3.5107980E+00   4.2506396E-03   6.2511474E-01   7.4570948E-01
   3.5157077E+00   4.1377465E-03   6.2891865E-01   7.4568754E-01
   3.5206175E+00   3.8372632E-03   6.4056128E-01   7.4507660E-01
   3.5255272E+00   3.1641894E-03   6.7781156E-01   7.4468154E-01
   3.5304370E+00   6.6900318E-03   7.1463305E-01   7.4431568E-01
   3.5353467E+00   5.2659316E-03   7.4281698E-01   7.4373955E-01
   3.5402565E+00  -1.7223454E-03   7.5958145E-01   7.4333531E-01
   3.5446656E+00   4.5667631E-03   7.7807999E-01   7.4296600E-01
   3.5493660E+00   3.4965661E-03   7.9243219E-01   7.4258101E-01
   3.5548077E+00   2.5534891E-03   8.4626979E-01   7.4249446E-01
   3.5589039E+00   2.5890318E-03   8.5937065E-01   7.4237633E-01
   3.5658488E+00   2.0968977E-03   8.7118846E-01   7.4183357E-01
   3.5710769E+00   2.0724696E-03   9.0164453E-01   7.4114519E-01
   3.5738883E+00   1.8742293E-03   9.2314404E-01   7.4101716E-01
   3.5799403E+00   1.6608024E-03   9.5518118E-01   7.4076402E-01
   3.5831285E+00   1.7069461E-03   9.7036678E-01   7.4044865E-01
   3.5895047E+00   1.2020493E-03   1.0003549E+00   7.3993772E-01
   3.5958807E+00   1.1908609E-03   1.0345402E+00   7.3945433E-01
   3.5990689E+00   1.3725266E-04   1.0922275E+00   7.3917127E-01
   3.6051855E+00   1.3227878E-03   1.0889298E+00   7.3932034E-01
   3.6079848E+00   1.1762164E-03   1.0857562E+00   7.3895329E-01
   3.6131575E+00  -1.6907589E-04   1.1001259E+00   7.3822367E-01
   3.6201973E+00   2.9579771E-04   1.1715629E+00   7.3771363E-01
   3.6249502E+00  -1.5318216E-03   1.1992869E+00   7.3750389E-01
   3.6285360E+00   4.2581591E-03   1.2183396E+00   7.3702139E-01
   3.6345298E+00   2.2797161E-03   1.2394251E+00   7.3656589E-01
   3.6390417E+00  -1.2165318E-02   1.2579085E+00   7.3614961E-01
   3.6440160E+00  -1.1963779E-03   1.2828175E+00   7.3598200E-01
   3.6495004E+00  -8.2922797E-04   1.3136455E+00   7.3557913E-01
   3.6524498E+00  -1.9650066E-03   1.3912102E+00   7.3524010E-01
   3.6586418E+00  -4.1018942E-04   1.3752137E+00   7.3579341E-01
   3.6643295E+00  -6.2947412E-04   1.3668871E+00   7.3499799E-01
   3.6670721E+00  -2.0861137E-03   1.3792708E+00   7.3460722E-01
   3.6729758E+00  -1.3472406E-03   1.4598501E+00   7.3430675E-01
   3.6793389E+00  -4.9305317E-04   1.4599662E+00   7.3385757E-01
   3.6824269E+00   1.0984233E-03   1.4949979E+00   7.3302305E-01
   3.6888032E+00  -2.4825160E-03   1.5102549E+00   7.3289716E-01
   3.6918440E+00  -1.7886008E-03   1.5298530E+00   7.3258638E-01
   3.6982203E+00  -4.4970969E-03   1.6294030E+00   7.3185784E-01
   3.7014081E+00  -3.7632354E-03   1.6303524E+00   7.3217505E-01
   3.7077844E+00  -1.6605945E-03   1.6170219E+00   7.3192471E-01
   3.7141607E+00  -2.7353016E-03   1.6337579E+00   7.3112339E-01
   3.7173486E+00  -4.7285696E-03   1.7196004E+00   7.3062652E-01
   3.7237248E+00  -2.8670179E-03   1.7253244E+00   7.3136795E-01
   3.7269130E+00  -3.8820107E-03   1.7229837E+00   7.3116386E-01
   3.7332890E+00  -2.7453916E-03   1.7933441E+00   7.2986221E-01
   3.7364771E+00  -4.4128527E-03   1.7970568E+00   7.3015243E-01
   3.7428534E+00  -4.2186650E-03   1.8124919E+00   7.2977573E-01
   3.7460413E+00  -4.3097958E-03   1.8679788E+00   7.2916120E-01
   3.7521088E+00  -4.0865820E-03   1.8753988E+00   7.2922945E-01
   3.7571981E+00  -4.0778522E-03   1.8969698E+00   7.2844952E-01
   3.7617931E+00  -5.1336340E-03   1.9719170E+00   7.2835225E-01
   3.7666583E+00  -6.0178023E-03   1.9622917E+00   7.2844827E-01
   3.7720222E+00  -5.1314770E-03   1.9661314E+00   7.2790110E-01
   3.7779360E+00  -5.3599835E-03   2.0643888E+00   7.2713023E-01
   3.7811165E+00  -4.4411961E-03   2.0635238E+00   7.2737437E-01
   3.7874925E+00  -4.8951684E-03   2.0654213E+00   7.2703016E-01
   3.7906806E+00  -5.0911307E-03   2.0724058E+00   7.2678453E-01
   3.7963612E+00  -4.4041355E-03   2.1394472E+00   7.2625059E-01
   3.8026042E+00  -3.5903447E-03   2.1516626E+00   7.2639221E-01
   3.8057923E+00  -3.6022759E-03   2.1666415E+00   7.2598952E-01
   3.8121684E+00  -4.2421971E-03   2.2390621E+00   7.2589624E-01
   3.8153565E+00  -4.1859257E-03   2.2393043E+00   7.2594535E-01
   3.8217325E+00  -4.4156713E-03   2.2517507E+00   7.2516817E-01
   3.8248050E+00  -5.8173737E-04   2.3145456E+00   7.2447735E-01
   3.8311810E+00   4.4081298E-05   2.3254070E+00   7.2492498E-01
   3.8370576E+00  -1.4326468E-03   2.3819768E+00   7.2413582E-01
   3.8397818E+00  -3.9790864E-03   2.3893063E+00   7.2470987E-01
   3.8448865E+00  -1.7226747E-03   2.4050746E+00   7.2375268E-01
   3.8518548E+00  -3.3878692E-04   2.4547217E+00   7.2273540E-01
   3.8562191E+00  -6.1936741E-04   2.4832268E+00   7.2348940E-01
   3.8603923E+00   1.2384166E-03   2.5086110E+00   7.2262812E-01
   3.8662868E+00  -2.5328540E-03   2.5415201E+00   7.2250706E-01
   3.8698103E+00   4.9512507E-03   2.5614972E+00   7.2248113E-01
   3.8746698E+00   3.9501785E-05   2.6400294E+00   7.2257483E-01
   3.8807476E+00  -3.0492081E-03   2.5716226E+00   7.2446507E-01
   3.8853617E+00   3.8537759E-04   2.6867900E+00   7.2175300E-01
   3.8899040E+00   2.8504406E-03   2.6958339E+00   7.2093582E-01
   3.8958428E+00   3.1390740E-03   2.6970618E+00   7.2054988E-01
   3.9008470E+00   1.2728358E-03   2.7110164E+00   7.1954811E-01
   3.9046142E+00  -1.2773103E-03   2.7461843E+00   7.2031981E-01
   3.9101357E+00   2.2759063E-03   2.8038504E+00   7.2031850E-01
   3.9139895E+00   2.9380813E-03   2.8146808E+00   7.2052574E-01
   3.9194489E+00   4.0086913E-03   2.8392820E+00   7.2039384E-01
   3.9251904E+00   1.2841723E-03   2.8686752E+00   7.2042102E-01
   3.9295125E+00   2.2586950E-03   2.8918264E+00   7.2048044E-01
   3.9342775E+00  -6.6296212E-05   2.9600310E+00   7.2229517E-01
   3.9395311E+00  -1.1364634E-03   2.9570086E+00   7.2111291E-01
   3.9440210E+00   2.4998474E-03   2.9443600E+00   7.2309679E-01
   3.9489710E+00  -8.7341032E-04   3.0537021E+00   7.1823907E-01
   3.9538474E+00   3.3120729E-03   3.0298128E+00   7.1890086E-01
   3.9588721E+00  -7.4866466E-04   3.0517190E+00   7.1912026E-01
   3.9640508E+00  -7.9733459E-04   3.0837479E+00   7.1919245E-01
   3.9685032E+00   3.1295859E-03   3.1302223E+00   7.1786559E-01
   3.9736018E+00   2.4890518E-03   3.1673265E+00   7.1918005E-01
   3.9795039E+00  -1.1468448E-04   3.1802897E+00   7.1916449E-01
   3.9838400E+00  -1.3562868E-03   3.2008939E+00   7.1680415E-01
   3.9891601E+00   3.0736451E-04   3.2403841E+00   7.2428316E-01
   3.9929969E+00   6.3925330E-04   3.2564061E+00   7.1866059E-01
   3.9983332E+00  -5.3262030E-04   3.2937171E+00   7.2307271E-01
   4.0037360E+00   1.1520088E-03   3.3154697E+00   7.1893656E-01
   4.0094161E+00   1.3629765E-03   3.3421369E+00   7.1648490E-01
   4.0131068E+00  -1.7545511E-03   3.3673568E+00   7.2308654E-01
   4.0185218E+00   8.0438796E-04   3.3950534E+00   7.1735924E-01
   4.0239849E+00   8.8289293E-04   3.4151909E+00   7.1621096E-01
   4.0276990E+00   8.7062264E-04   3.4328959E+00   7.1605802E-01
   4.0333700E+00   6.4529222E-04   3.4643078E+00   7.1430570E-01
   4.0390391E+00  -1.0529788E-03   3.4937832E+00   7.1410859E-01
   4.0430269E+00   3.3284823E-04   3.5074797E+00   7.1366596E-01
   4.0470891E+00   2.0884182E-03   3.5263996E+00   7.1285599E-01
   4.0532646E+00   2.5984790E-04   3.5530784E+00   7.1248865E-01
   4.0573525E+00  -1.0024344E-03   3.5735095E+00   7.1128666E-01
   4.0626831E+00   2.1266280E-04   3.6063952E+00   7.1081555E-01
   4.0682168E+00  -2.3169131E-03   3.6085415E+00   7.0971555E-01
   4.0736403E+00  -9.7223249E-04   3.6310487E+00   7.0859557E-01
   4.0773306E+00   1.5694298E-03   3.6726580E+00   7.0704275E-01
   4.0831709E+00  -4.2698879E-04   3.6599145E+00   7.0636731E-01
   4.0880013E+00  -3.1329056E-03   3.6762419E+00   7.0590246E-01
   4.0924897E+00  -2.0167141E-03   3.6999948E+00   7.0502549E-01
   4.0970416E+00  -1.0712472E-04   3.7111828E+00   7.0389587E-01
   4.1017170E+00  -2.9755076E-03   3.7242842E+00   7.0237935E-01
   4.1079125E+00  -5.1109665E-03   3.7418227E+00   6.9989669E-01
   4.1126328E+00  -4.6412926E-03   3.7401965E+00   7.0231426E-01
   4.1175318E+00  -3.0405596E-03   3.7531543E+00   7.0168209E-01
   4.1226010E+00  -3.6271208E-03   3.7724767E+00   7.0145440E-01
   4.1261225E+00  -3.5384495E-03   3.7778602E+00   7.0008844E-01
   4.1316876E+00  -3.8819397E-03   3.7446232E+00   7.0093650E-01
   4.1371450E+00  -9.8215556E-04   3.8166096E+00   7.0254689E-01
   4.1420360E+00  -1.3891401E-03   3.8271983E+00   7.0156497E-01
   4.1469159E+00  -4.1829543E-03   3.8274632E+00   7.0133179E-01
   4.1518459E+00   1.4135003E-03   3.7799346E+00   6.9668430E-01
   4.1568384E+00  -1.6212915E-03   3.7973905E+00   6.9444180E-01
   4.1619444E+00  -1.4903670E-03   3.8225205E+00   6.9375342E-01
   4.1669812E+00  -2.6963803E-03   3.8394780E+00   6.9357121E-01
   4.1721311E+00  -2.8587247E-03   3.8147101E+00   6.9255543E-01
   4.1758657E+00  -3.0699158E-03   3.8032625E+00   6.9321150E-01
   4.1814389E+00  -3.6625494E-03   3.8158455E+00   6.9259524E-01
   4.1869817E+00  -1.8207351E-03   3.8287027E+00   6.9187397E-01
   4.1906610E+00  -3.6503260E-03   3.8236465E+00   6.9068247E-01
   4.1961589E+00  -4.7684936E-03   3.8090348E+00   6.9032604E-01
   4.2016311E+00  -2.0809411E-03   3.8027508E+00   6.8862754E-01
   4.2052655E+00  -2.3955607E-03   3.8017178E+00   6.8755066E-01
   4.2106957E+00  -2.2190483E-03   3.7989323E+00   6.8543726E-01
   4.2161002E+00  -4.0332647E-03   3.7768803E+00   6.8358201E-01
   4.2214789E+00  -3.4540612E-03   3.7668965E+00   6.8238419E-01
   4.2250500E+00  -3.3637448E-03   3.7661109E+00   6.8132758E-01
   4.2303843E+00  -7.1604457E-03   3.7467916E+00   6.7945796E-01
   4.2356935E+00  -3.8557653E-03   3.7308238E+00   6.7842239E-01
   4.2409782E+00  -1.9669684E-03   3.7214525E+00   6.7703563E-01
   4.2444887E+00  -6.4965622E-03   3.7005544E+00   6.7672181E-01
   4.2497187E+00  -1.3793971E-03   3.6991291E+00   6.7601776E-01
   4.2549310E+00  -5.6689880E-03   3.6726797E+00   6.7448771E-01
   4.2600932E+00  -5.5524171E-03   3.6482847E+00   6.7346156E-01
   4.2652111E+00  -5.4105720E-03   3.6376150E+00   6.7227226E-01
   4.2703242E+00  -4.2719338E-03   3.6133447E+00   6.7046607E-01
   4.2754192E+00  -5.1335455E-03   3.5986297E+00   6.6891944E-01
   4.2804904E+00  -8.6194165E-03   3.5710986E+00   6.6650862E-01
   4.2838564E+00  -4.4323057E-03   3.5319681E+00   6.6542399E-01
   4.2888827E+00  -7.7821119E-03   3.5134704E+00   6.6421759E-01
   4.2938790E+00  -7.3805097E-03   3.5125432E+00   6.6265422E-01
   4.2988539E+00  -1.0123942E-02   3.4927161E+00   6.6135216E-01
   4.3038092E+00  -9.9273175E-03   3.4272053E+00   6.5934026E-01
   4.3087568E+00  -8.9302706E-03   3.3965101E+00   6.5853214E-01
   4.3136940E+00  -8.1985518E-03   3.3753545E+00   6.5751940E-01
   4.3186169E+00  -1.1124146E-02   3.3619261E+00   6.5638334E-01
   4.3235235E+00  -1.0227168E-02   3.3505464E+00   6.5519822E-01
   4.3284125E+00  -8.3275512E-03   3.2921896E+00   6.5357655E-01
   4.3332829E+00  -1.0427654E-02   3.2340274E+00   6.5179199E-01
   4.3381338E+00  -1.0517661E-02   3.2122190E+00   6.5033823E-01
   4.3445697E+00  -9.6153254E-03   3.1943343E+00   6.4818794E-01
   4.3493719E+00  -5.2229813E-03   3.1340053E+00   6.4739317E-01
   4.3541288E+00  -8.7821390E-03   3.0901742E+00   6.4551634E-01
   4.3588910E+00  -1.3537249E-02   3.0530589E+00   6.4423418E-01
   4.3636355E+00  -1.1059873E-02   3.0079398E+00   6.4266163E-01
   4.3683634E+00  -1.1120888E-02   2.9795790E+00   6.4149857E-01
   4.3730750E+00  -7.7694403E-03   2.9187679E+00   6.3972360E-01
   4.3777728E+00  -1.0957613E-02   2.8951442E+00   6.3928229E-01
   4.3840165E+00  -1.2741704E-02   2.8416212E+00   6.3781190E-01
   4.3886838E+00  -1.3284386E-02   2.7891409E+00   6.3656849E-01
   4.3933387E+00  -1.3860699E-02   2.7408402E+00   6.3554806E-01
   4.3979840E+00  -1.3988768E-02   2.7122824E+00   6.3455111E-01
   4.4026194E+00  -1.3814331E-02   2.6605227E+00   6.3327020E-01
   4.4072447E+00  -1.5342963E-02   2.5983860E+00   6.3166326E-01
   4.4133992E+00  -1.4839291E-02   2.5445335E+00   6.3010609E-01
   4.4180083E+00  -1.6335763E-02   2.5051880E+00   6.2889034E-01
   4.4226127E+00  -1.6950157E-02   2.4627533E+00   6.2750256E-01
   4.4272132E+00  -1.8496247E-02   2.4073932E+00   6.2612170E-01
   4.4322491E+00  -2.5254587E-02   2.3170502E+00   6.2427306E-01
   4.4382229E+00  -2.2957800E-02   2.2817936E+00   6.2402803E-01
   4.4428120E+00  -2.0525461E-02   2.2745612E+00   6.2339300E-01
   4.4474015E+00  -2.0343903E-02   2.2109494E+00   6.2162387E-01
   4.4519925E+00  -2.1155277E-02   2.1151154E+00   6.2002385E-01
   4.4565854E+00  -2.2455109E-02   2.0814445E+00   6.1904508E-01
   4.4627128E+00  -2.5806947E-02   2.0215521E+00   6.1775678E-01
   4.4673085E+00  -2.6059333E-02   1.9600368E+00   6.1639953E-01
   4.4719105E+00  -2.2829918E-02   1.8926059E+00   6.1519748E-01
   4.4765162E+00  -2.4419533E-02   1.8581352E+00   6.1431384E-01
   4.4826655E+00  -2.4712132E-02   1.8054532E+00   6.1317092E-01
   4.4872866E+00  -2.7192425E-02   1.7375085E+00   6.1213315E-01
   4.4919152E+00  -2.1006621E-02   1.6434677E+00   6.1091745E-01
   4.4965515E+00  -2.7526747E-02   1.6144186E+00   6.0956734E-01
   4.5011959E+00  -2.7007677E-02   1.5747573E+00   6.0870647E-01
   4.5058489E+00  -2.4916278E-02   1.5190032E+00   6.0749269E-01
   4.5120687E+00  -3.0444782E-02   1.4154053E+00   6.0620570E-01
   4.5167480E+00  -2.6960073E-02   1.3248636E+00   6.0514230E-01
   4.5214410E+00  -2.9208230E-02   1.2925531E+00   6.0434216E-01
   4.5261488E+00  -2.5966074E-02   1.2705923E+00   6.0361612E-01
   4.5308709E+00  -3.0338772E-02   1.2109511E+00   6.0271788E-01
   4.5356083E+00  -3.2490101E-02   1.1295090E+00   6.0166264E-01
   4.5403614E+00  -3.0775625E-02   1.0305510E+00   6.0114467E-01
   4.5467248E+00  -3.3242807E-02   9.5133156E-01   6.0004795E-01
   4.5515175E+00  -3.4574300E-02   9.2135847E-01   5.9953624E-01
   4.5563293E+00  -3.6053982E-02   8.8221890E-01   5.9907788E-01
   4.5611610E+00  -3.4093983E-02   7.8935140E-01   5.9828365E-01
   4.5660157E+00  -3.6264233E-02   7.1969378E-01   5.9792471E-01
   4.5708890E+00  -3.4894980E-02   6.3485545E-01   5.9727865E-01
   4.5757823E+00  -3.6658883E-02   5.8201736E-01   5.9675825E-01
   4.5804558E+00  -3.5484847E-02   5.3725243E-01   5.9639597E-01
   4.5853200E+00  -3.3358749E-02   4.7119728E-01   5.9397602E-01
   4.5901852E+00  -3.7648678E-02   3.4316626E-01   5.9609580E-01
   4.5950284E+00  -3.8008191E-02   3.4690377E-01   5.9681916E-01
   4.6009154E+00  -3.6724690E-02   2.4553148E-01   5.9583187E-01
   4.6059504E+00  -3.8110413E-02   1.8403824E-01   5.9527516E-01
   4.6093402E+00  -3.7129909E-02   1.3235131E-01   5.9483552E-01
   4.6144538E+00  -3.7765618E-02   4.9426336E-02   5.9438157E-01
   4.6196046E+00  -3.7042435E-02  -2.7954085E-03   5.9424138E-01
   4.6247940E+00  -3.7307933E-02  -4.0137533E-02   5.9438270E-01
   4.6300244E+00  -3.7332818E-02  -1.9232933E-01   5.9485310E-01
   4.6353002E+00  -3.6695138E-02  -1.7862289E-01   5.9471267E-01
   4.6388431E+00  -3.7923835E-02  -1.9887412E-01   5.9483355E-01
   4.6441970E+00  -3.8103037E-02  -2.6952329E-01   5.9524202E-01
   4.6496000E+00  -3.7535012E-02  -4.0102303E-01   5.9578598E-01
   4.6550550E+00  -3.8261618E-02  -4.3821949E-01   5.9600705E-01
   4.6587234E+00  -3.8073741E-02  -4.5676440E-01   5.9637266E-01
   4.6642718E+00  -3.6955789E-02  -5.0549418E-01   5.9693235E-01
   4.6698761E+00  -3.9169487E-02  -6.0148126E-01   5.9718543E-01
   4.6736445E+00  -3.6340687E-02  -6.5611869E-01   5.9714425E-01
   4.6793489E+00  -3.6592454E-02  -7.1207154E-01   5.9753859E-01
   4.6831875E+00  -3.6187138E-02  -7.4722242E-01   5.9782827E-01
   4.6889968E+00  -3.5285827E-02  -8.0465567E-01   5.9846729E-01
   4.6948509E+00  -3.5885967E-02  -8.7452799E-01   5.9913456E-01
   4.6987791E+00  -3.7083894E-02  -9.2126137E-01   5.9978020E-01
   4.7047129E+00  -3.6315903E-02  -9.8259711E-01   6.0053825E-01
   4.7086978E+00  -3.6383428E-02  -1.0256912E+00   6.0126543E-01
   4.7127070E+00  -3.5019066E-02  -1.0633076E+00   6.0181195E-01
   4.7187681E+00  -3.4187250E-02  -1.1251620E+00   6.0270351E-01
   4.7228432E+00  -3.4338895E-02  -1.1643641E+00   6.0341233E-01
   4.7290115E+00  -3.5433322E-02  -1.2259767E+00   6.0443193E-01
   4.7331619E+00  -3.6431376E-02  -1.2720813E+00   6.0514933E-01
   4.7373452E+00  -3.5716623E-02  -1.3060044E+00   6.0560739E-01
   4.7436848E+00  -3.2677304E-02  -1.3602918E+00   6.0676396E-01
   4.7479572E+00  -3.5653487E-02  -1.3993566E+00   6.0745347E-01
   4.7522688E+00  -3.6451414E-02  -1.4456385E+00   6.0829616E-01
   4.7588148E+00  -3.5411224E-02  -1.5107306E+00   6.0968375E-01
   4.7632213E+00  -3.5658885E-02  -1.5544273E+00   6.1027068E-01
   4.7676582E+00  -3.5563540E-02  -1.5798913E+00   6.1101276E-01
   4.7721272E+00  -3.3816386E-02  -1.6387959E+00   6.1239451E-01
   4.7788730E+00  -3.5441708E-02  -1.6619768E+00   6.1305791E-01
   4.7834249E+00  -3.6763337E-02  -1.6850125E+00   6.1441213E-01
   4.7880120E+00  -3.4303766E-02  -1.7172561E+00   6.1576366E-01
   4.7926354E+00  -3.4554236E-02  -1.7636355E+00   6.1722642E-01
   4.7972956E+00  -3.4632083E-02  -1.8196275E+00   6.1906832E-01
   4.8019948E+00  -3.5406701E-02  -1.8787410E+00   6.2046975E-01
   4.8067346E+00  -3.5189684E-02  -1.9001715E+00   6.2155908E-01
   4.8115158E+00  -3.3941749E-02  -1.9103985E+00   6.2260312E-01
   4.8163228E+00  -3.4478649E-02  -1.9302366E+00   6.2351197E-01
   4.8211322E+00  -3.4167409E-02  -1.9589503E+00   6.2453836E-01
   4.8259449E+00  -3.4358345E-02  -2.0005748E+00   6.2595141E-01
   4.8330631E+00  -3.5524033E-02  -2.0895326E+00   6.2697482E-01
   4.8376427E+00  -3.2927662E-02  -2.0306211E+00   6.2766254E-01
   4.8421955E+00  -3.3433534E-02  -2.0835476E+00   6.2976366E-01
   4.8468037E+00  -3.2745920E-02  -2.1949065E+00   6.3422638E-01
   4.8515229E+00  -3.5120148E-02  -2.1672249E+00   6.3518447E-01
   4.8563576E+00  -3.2193031E-02  -2.1544750E+00   6.3625354E-01
   4.8611984E+00  -3.2312781E-02  -2.2471585E+00   6.3673669E-01
   4.8660436E+00  -3.2754943E-02  -2.2427537E+00   6.3770425E-01
   4.8708920E+00  -3.1998448E-02  -2.1934421E+00   6.3879699E-01
   4.8757443E+00  -3.2825317E-02  -2.2975914E+00   6.4005518E-01
   4.8806009E+00  -3.4038711E-02  -2.2795677E+00   6.4273804E-01
   4.8854609E+00  -3.2678660E-02  -2.2829297E+00   6.4404494E-01
   4.8903241E+00  -3.1659309E-02  -2.3081393E+00   6.4639139E-01
   4.8951921E+00  -3.1388443E-02  -2.3872168E+00   6.4862347E-01
   4.9000659E+00  -3.1846680E-02  -2.3713176E+00   6.4936483E-01
   4.9049463E+00  -3.1452607E-02  -2.3632622E+00   6.5044391E-01
   4.9098372E+00  -2.9749874E-02  -2.3644974E+00   6.5199262E-01
   4.9147182E+00  -3.1222980E-02  -2.3838472E+00   6.5367585E-01
   4.9213996E+00  -3.2537077E-02  -2.4428444E+00   6.5445262E-01
   4.9255757E+00  -2.7300669E-02  -2.4254539E+00   6.5449870E-01
   4.9323163E+00  -2.9804058E-02  -2.4313908E+00   6.5712720E-01
