  flscon:  version 23.2.0.01  win64 2022 
 FLOW-3D   10:29:12  02/26/2024 qiqb     
   hydr3d   version  23.2.0.20 win64     12/04/2023 HYDRO    
 Simulation Template: Free Surface - TruVOF (Default)                            

Mesh Block   1
 printing pfyob       
       1      337      0.000E+00      2.367E+00
   time              pfyob_1
   0.0000000E+00  -3.0339637E+00
   4.9306001E-03   8.9931267E+01
   9.6146697E-03  -2.6650677E+00
   1.4064536E-02  -3.0570905E+00
   1.8291909E-02  -2.8509655E+00
   2.2730652E-02  -2.8046126E+00
   2.7391331E-02  -2.7785163E+00
   3.2285042E-02  -2.7491333E+00
   3.7423443E-02  -2.7251420E+00
   4.2818759E-02  -2.6997049E+00
   4.8483845E-02  -2.6753623E+00
   5.4432184E-02  -2.6484313E+00
   6.0677938E-02  -2.6218741E+00
   6.7235984E-02  -2.6082299E+00
   7.4121930E-02  -2.6020305E+00
   8.1352167E-02  -2.6037624E+00
   8.8943928E-02  -2.6113632E+00
   9.6915267E-02  -2.6284180E+00
   1.0528518E-01  -2.6468754E+00
   1.1407358E-01  -2.6740651E+00
   1.2326232E-01  -2.7057295E+00
   1.3249227E-01  -2.7497184E+00
   1.4165902E-01  -2.7979124E+00
   1.5080766E-01  -2.8428385E+00
   1.5997586E-01  -2.8931944E+00
   1.6914116E-01  -2.9454975E+00
   1.7835450E-01  -2.9944730E+00
   1.8754630E-01  -3.0385008E+00
   1.9668166E-01  -3.0768917E+00
   2.0582168E-01  -3.1090386E+00
   2.1497157E-01  -3.1370530E+00
   2.2413234E-01  -3.1671598E+00
   2.3333010E-01  -3.1863070E+00
   2.4259841E-01  -3.1998234E+00
   2.5187963E-01  -3.2041867E+00
   2.6104534E-01  -3.1990449E+00
   2.7018505E-01  -3.1845505E+00
   2.7932817E-01  -3.1611922E+00
   2.8847730E-01  -3.1274278E+00
   2.9764220E-01  -3.0903358E+00
   3.0684102E-01  -3.0475116E+00
   3.1610548E-01  -2.9955909E+00
   3.2526600E-01  -2.9368474E+00
   3.3453065E-01  -2.8703678E+00
   3.4377980E-01  -2.8000987E+00
   3.5303655E-01  -2.7313852E+00
   3.6236286E-01  -2.6644502E+00
   3.7170666E-01  -2.5970078E+00
   3.8107607E-01  -2.5323992E+00
   3.9022252E-01  -2.4706879E+00
   3.9937827E-01  -2.4115059E+00
   4.0853688E-01  -2.3497207E+00
   4.1769651E-01  -2.2951796E+00
   4.2687359E-01  -2.2511346E+00
   4.3604475E-01  -2.2153835E+00
   4.4523758E-01  -2.1868424E+00
   4.5397735E-01  -2.1632626E+00
   4.6242860E-01  -2.1504657E+00
   4.7087291E-01  -2.1328051E+00
   4.7887665E-01  -2.1192691E+00
   4.8679388E-01  -2.1103148E+00
   4.9489030E-01  -2.1053140E+00
   5.0319868E-01  -2.1041396E+00
   5.1134568E-01  -2.1014562E+00
   5.1950151E-01  -2.0964122E+00
   5.2806515E-01  -2.0877798E+00
   5.3598797E-01  -2.0750134E+00
   5.4430693E-01  -2.0631306E+00
   5.5304188E-01  -2.0484161E+00
   5.6124574E-01  -2.0339258E+00
   5.6985980E-01  -2.0166833E+00
   5.7842505E-01  -1.9942255E+00
   5.8677095E-01  -1.9640392E+00
   5.9528267E-01  -1.9279562E+00
   6.0359508E-01  -1.8867879E+00
   6.1172158E-01  -1.8394747E+00
   6.1974496E-01  -1.7896808E+00
   6.2757635E-01  -1.7657771E+00
   6.3552529E-01  -1.6658657E+00
   6.4340419E-01  -1.6411960E+00
   6.5118450E-01  -1.5649818E+00
   6.5890265E-01  -1.5109850E+00
   6.6649777E-01  -1.4525052E+00
   6.7401189E-01  -1.3886791E+00
   6.8149996E-01  -1.3199948E+00
   6.8902749E-01  -1.2507629E+00
   6.9661653E-01  -1.1822546E+00
   7.0427239E-01  -1.1170398E+00
   7.1196610E-01  -1.0532196E+00
   7.1949774E-01  -9.8936027E-01
   7.2694468E-01  -9.2934138E-01
   7.3446006E-01  -8.7243950E-01
   7.4191087E-01  -8.1666714E-01
   7.4936247E-01  -7.9187143E-01
   7.5687248E-01  -6.8484330E-01
   7.6440072E-01  -6.6429901E-01
   7.7191776E-01  -5.9795916E-01
   7.7948999E-01  -5.8582228E-01
   7.8721273E-01  -5.0627083E-01
   7.9514873E-01  -5.0682366E-01
   8.0283594E-01  -4.4271168E-01
   8.1040919E-01  -4.5336285E-01
   8.1828600E-01  -3.9160687E-01
   8.2605171E-01  -3.7847349E-01
   8.3382028E-01  -3.8838744E-01
   8.4160554E-01  -3.1387720E-01
   8.4941494E-01  -3.1543627E-01
   8.5696399E-01  -3.0521014E-01
   8.6459184E-01  -2.9207343E-01
   8.7217492E-01  -2.7624252E-01
   8.7976819E-01  -2.8612980E-01
   8.8747478E-01  -1.9731107E-01
   8.9498961E-01  -2.1007510E-01
   9.0240860E-01  -1.6145216E-01
   9.0977180E-01  -1.6417822E-01
   9.1703582E-01  -9.0610057E-02
   9.2440706E-01  -9.3377225E-02
   9.3169117E-01  -3.0051770E-02
   9.3827862E-01  -8.7656168E-04
   9.4519538E-01   1.1224298E-02
   9.5178843E-01   1.0644668E-01
   9.5871109E-01   1.2618689E-01
   9.6586269E-01   2.0355137E-01
   9.7301006E-01   2.3486024E-01
   9.8018593E-01   3.4238562E-01
   9.8692304E-01   3.8070005E-01
   9.9399698E-01   4.7116220E-01
   1.0011901E+00   5.3183597E-01
   1.0083988E+00   6.0115385E-01
   1.0156416E+00   6.7889053E-01
   1.0229663E+00   7.6015455E-01
   1.0303141E+00   8.4337103E-01
   1.0375993E+00   9.2761368E-01
   1.0448586E+00   1.0088784E+00
   1.0521266E+00   1.0873035E+00
   1.0594636E+00   1.1621335E+00
   1.0668634E+00   1.2356930E+00
   1.0742120E+00   1.3085138E+00
   1.0817590E+00   1.3787050E+00
   1.0893382E+00   1.4473110E+00
   1.0970587E+00   1.5151081E+00
   1.1048071E+00   1.5509418E+00
   1.1125510E+00   1.6676060E+00
   1.1203023E+00   1.6913974E+00
   1.1281943E+00   1.7647958E+00
   1.1362439E+00   1.8017458E+00
   1.1443954E+00   1.8384531E+00
   1.1526560E+00   1.8738062E+00
   1.1610508E+00   1.9044557E+00
   1.1696018E+00   1.9365032E+00
   1.1781754E+00   1.9639815E+00
   1.1871777E+00   1.9874426E+00
   1.1963359E+00   2.0076873E+00
   1.2056894E+00   2.0236712E+00
   1.2148148E+00   2.0343475E+00
   1.2241508E+00   2.0453150E+00
   1.2334325E+00   2.0613434E+00
   1.2426717E+00   2.0798872E+00
   1.2518833E+00   2.1023259E+00
   1.2610755E+00   2.1264644E+00
   1.2702541E+00   2.1528370E+00
   1.2794225E+00   2.1833887E+00
   1.2885834E+00   2.2157311E+00
   1.2977386E+00   2.2562881E+00
   1.3068892E+00   2.3038220E+00
   1.3160365E+00   2.3604586E+00
   1.3251809E+00   2.4219625E+00
   1.3343211E+00   2.4909930E+00
   1.3434514E+00   2.5592198E+00
   1.3525766E+00   2.6298306E+00
   1.3619728E+00   2.7041886E+00
   1.3713448E+00   2.7871001E+00
   1.3806268E+00   2.8807065E+00
   1.3898629E+00   2.9591405E+00
   1.3990862E+00   3.0557950E+00
   1.4083025E+00   3.1295581E+00
   1.4175252E+00   3.2177207E+00
   1.4267462E+00   3.2833543E+00
   1.4359719E+00   3.3626556E+00
   1.4452833E+00   3.4231999E+00
   1.4544435E+00   3.4970465E+00
   1.4639331E+00   3.5485957E+00
   1.4734387E+00   3.6097362E+00
   1.4827719E+00   3.6509709E+00
   1.4920287E+00   3.6856728E+00
   1.5012674E+00   3.7170014E+00
   1.5105022E+00   3.7469771E+00
   1.5197376E+00   3.7708457E+00
   1.5289701E+00   3.7889771E+00
   1.5381966E+00   3.8026588E+00
   1.5473268E+00   3.8119552E+00
   1.5565305E+00   3.8164155E+00
   1.5658827E+00   3.8166213E+00
   1.5750129E+00   3.8185833E+00
   1.5838882E+00   3.8218431E+00
   1.5923866E+00   3.8271310E+00
   1.6008372E+00   3.8322666E+00
   1.6093338E+00   3.8357267E+00
   1.6177540E+00   3.8478589E+00
   1.6260501E+00   3.8525653E+00
   1.6346203E+00   3.8628519E+00
   1.6431848E+00   3.8727849E+00
   1.6516680E+00   3.8884335E+00
   1.6594445E+00   3.9064815E+00
   1.6667039E+00   3.9264193E+00
   1.6737136E+00   3.9474032E+00
   1.6806177E+00   3.9685385E+00
   1.6874790E+00   3.9958029E+00
   1.6943098E+00   4.0153351E+00
   1.7010950E+00   4.0358810E+00
   1.7079501E+00   4.0614147E+00
   1.7149941E+00   4.0783148E+00
   1.7220998E+00   4.1078258E+00
   1.7293471E+00   4.1268821E+00
   1.7364945E+00   4.1610579E+00
   1.7431849E+00   4.1725502E+00
   1.7494785E+00   4.2006717E+00
   1.7555377E+00   4.2040758E+00
   1.7614853E+00   4.2246432E+00
   1.7673941E+00   4.2198148E+00
   1.7733012E+00   4.2367992E+00
   1.7792130E+00   4.2241807E+00
   1.7851111E+00   4.2368011E+00
   1.7910407E+00   4.2444105E+00
   1.7969345E+00   4.1878633E+00
   1.8028606E+00   4.2005563E+00
   1.8087643E+00   4.2097020E+00
   1.8145998E+00   4.2083125E+00
   1.8203527E+00   4.1249485E+00
   1.8260248E+00   4.1251321E+00
   1.8316251E+00   4.1186752E+00
   1.8371592E+00   4.1029882E+00
   1.8426383E+00   4.0014372E+00
   1.8480439E+00   3.9906228E+00
   1.8533601E+00   3.9731565E+00
   1.8586237E+00   3.9492447E+00
   1.8638532E+00   3.9125049E+00
   1.8690538E+00   3.7565558E+00
   1.8740228E+00   3.7397337E+00
   1.8791546E+00   3.7314186E+00
   1.8842407E+00   3.7180440E+00
   1.8892775E+00   3.6883903E+00
   1.8942713E+00   3.6365650E+00
   1.8992404E+00   3.5652635E+00
   1.9042095E+00   3.4843512E+00
   1.9091961E+00   3.4039497E+00
   1.9141474E+00   3.3295071E+00
   1.9190743E+00   3.2633479E+00
   1.9239856E+00   3.2041733E+00
   1.9288816E+00   3.1502838E+00
   1.9337360E+00   3.0978503E+00
   1.9385498E+00   3.0440354E+00
   1.9432849E+00   2.9883654E+00
   1.9479400E+00   2.9293723E+00
   1.9525577E+00   2.8878920E+00
   1.9571059E+00   2.8173039E+00
   1.9615896E+00   2.7711060E+00
   1.9660808E+00   2.7200894E+00
   1.9706056E+00   2.6382473E+00
   1.9751509E+00   2.5674925E+00
   1.9842938E+00   2.4529591E+00
   1.9888314E+00   2.4088645E+00
   1.9933400E+00   2.3643341E+00
   1.9978424E+00   2.3188031E+00
   2.0023491E+00   2.2720978E+00
   2.0068707E+00   2.2227325E+00
   2.0114095E+00   2.1708009E+00
   2.0159655E+00   2.1190329E+00
   2.0205369E+00   2.0667665E+00
   2.0251243E+00   2.0141988E+00
   2.0297155E+00   1.9630892E+00
   2.0343132E+00   1.9136983E+00
   2.0435359E+00   1.8197399E+00
   2.0481691E+00   1.7942876E+00
   2.0528202E+00   1.7355441E+00
   2.0574911E+00   1.7058979E+00
   2.0621712E+00   1.6395360E+00
   2.0667813E+00   1.5795060E+00
   2.0713677E+00   1.5266540E+00
   2.0759494E+00   1.5040811E+00
   2.0805480E+00   1.4565248E+00
   2.0851810E+00   1.4347732E+00
   2.0897722E+00   1.3813307E+00
   2.0943766E+00   1.3327134E+00
   2.0989974E+00   1.2860218E+00
   2.1036100E+00   1.2421772E+00
   2.1082175E+00   1.0632372E+00
   2.1174111E+00   1.1009641E+00
   2.1220012E+00   1.1068209E+00
   2.1265900E+00   1.0909529E+00
   2.1311824E+00   1.0405327E+00
   2.1357830E+00   7.6912940E-01
   2.1403956E+00   7.6919907E-01
   2.1450117E+00   7.8295034E-01
   2.1496346E+00   7.8896981E-01
   2.1542723E+00   7.6669610E-01
   2.1589363E+00   5.7376093E-01
   2.1632395E+00   5.6917739E-01
   2.1714940E+00   5.2801681E-01
   2.1759331E+00   4.6055320E-01
   2.1805944E+00   3.8516024E-01
   2.1854887E+00   3.0114096E-01
   2.1906276E+00   2.8584892E-02
   2.1957524E+00   3.6117509E-02
   2.2005990E+00   4.4592187E-02
   2.2056427E+00   3.8118653E-02
   2.2105489E+00   3.3515317E-03
   2.2154045E+00  -6.8444528E-02
   2.2203023E+00  -1.6664854E-01
   2.2252831E+00  -5.1553762E-01
   2.2302320E+00  -5.0370622E-01
   2.2352676E+00  -4.8896497E-01
   2.2400880E+00  -4.8991984E-01
   2.2451491E+00  -5.2101493E-01
   2.2503498E+00  -5.8725286E-01
   2.2552862E+00  -8.8431042E-01
   2.2601268E+00  -9.0354627E-01
   2.2652094E+00  -9.2707181E-01
   2.2704885E+00  -9.6431172E-01
   2.2757053E+00  -1.0268278E+00
   2.2809036E+00  -1.2414997E+00
   2.2860739E+00  -1.2710332E+00
   2.2912018E+00  -1.3094535E+00
   2.2963541E+00  -1.3420284E+00
   2.3016994E+00  -1.5140898E+00
   2.3073120E+00  -1.5439035E+00
   2.3132052E+00  -1.5885024E+00
   2.3183997E+00  -1.7278031E+00
   2.3238537E+00  -1.7509307E+00
   2.3288929E+00  -1.7880974E+00
   2.3341842E+00  -1.9011325E+00
   2.3395643E+00  -1.9259150E+00
   2.3448949E+00  -1.9643528E+00
   2.3501916E+00  -2.0862901E+00
   2.3555467E+00  -2.0953507E+00
   2.3610842E+00  -2.1126511E+00
   2.3668985E+00  -2.1889615E+00
