  flscon:  version 23.2.0.01  win64 2022 
 FLOW-3D   17:47:44  02/22/2024 jupc     
   hydr3d   version  23.2.0.20 win64     12/04/2023 HYDRO    
 Simulation Template: Free Surface - TruVOF (Default)                            

Mesh Block   1
 printing pfxob, pfyob, pfzob       
       1      909      0.000E+00      3.344E+00
   time              pfxob_1         pfyob_1         pfzob_1
   0.0000000E+00  -2.1987286E-04   5.2935319E+00   3.7555168E+00
   3.3406001E-03   2.2410499E-02  -1.9966428E+02   7.3329002E-01
   6.5141702E-03   3.2624645E-05   4.6098623E+00   3.6087203E+00
   9.5290616E-03   2.3012883E-03   5.6501212E+00   3.7704747E+00
   1.2393208E-02  -2.5779242E-03   5.1942272E+00   3.7991152E+00
   1.5400562E-02  -3.3936284E-03   5.1572137E+00   3.8167951E+00
   1.8558284E-02   1.9565348E-03   5.1698465E+00   3.8193071E+00
   2.1873893E-02   5.1301497E-04   5.1855898E+00   3.8158770E+00
   2.5355281E-02   8.0870400E-04   5.1624885E+00   3.8132646E+00
   2.9010739E-02  -2.6769433E-03   5.2426848E+00   3.7972238E+00
   3.2848969E-02  -1.4491401E-03   5.2537522E+00   3.7825823E+00
   3.6879111E-02  -9.1963215E-04   5.2607751E+00   3.7747242E+00
   4.1110761E-02  -9.0080124E-05   5.2803702E+00   3.7745483E+00
   4.5553993E-02   1.4892110E-04   5.3385725E+00   3.7824347E+00
   5.0219387E-02   2.4848041E-04   5.4061837E+00   3.7908862E+00
   5.5118050E-02  -4.9134428E-03   5.4515848E+00   3.7995329E+00
   6.0261648E-02  -7.0881617E-04   5.5179963E+00   3.8070259E+00
   6.5662421E-02   1.1519694E-03   5.5760522E+00   3.8122818E+00
   7.1333237E-02  -8.9675211E-04   5.6892581E+00   3.8155890E+00
   7.7287592E-02  -3.0664681E-04   5.8069935E+00   3.8169522E+00
   8.3539665E-02  -1.5540331E-03   5.9295969E+00   3.8184669E+00
   8.9887813E-02   1.0269576E-03   6.0597386E+00   3.8213773E+00
   9.6254818E-02  -6.8869098E-04   6.2198977E+00   3.8257761E+00
   1.0255224E-01  -3.4906823E-04   6.3683119E+00   3.8311462E+00
   1.0881129E-01   9.6293120E-04   6.5143852E+00   3.8369267E+00
   1.1455152E-01   7.8325812E-04   6.6761341E+00   3.8429551E+00
   1.2005223E-01  -3.5620315E-04   6.8383880E+00   3.8484819E+00
   1.2582797E-01   1.3548092E-03   6.9848452E+00   3.8531041E+00
   1.3170177E-01  -9.5240318E-04   7.1543293E+00   3.8577135E+00
   1.3758284E-01  -2.9390061E-05   7.3376694E+00   3.8624988E+00
   1.4263012E-01   4.1136175E-04   7.5277128E+00   3.8677461E+00
   1.4792976E-01   4.8209573E-03   7.6683130E+00   3.8715017E+00
   1.5277217E-01  -1.9228862E-03   7.8272882E+00   3.8757031E+00
   1.5777510E-01   1.5973555E-03   7.9815602E+00   3.8794856E+00
   1.6292185E-01   1.3054417E-03   8.1372318E+00   3.8828406E+00
   1.6763324E-01   1.2298556E-03   8.3027964E+00   3.8861697E+00
   1.7242628E-01   3.0667139E-03   8.4469166E+00   3.8887753E+00
   1.7745897E-01   1.5629450E-03   8.5949783E+00   3.8914487E+00
   1.8273564E-01   7.9554645E-04   8.7318068E+00   3.8940685E+00
   1.8802057E-01   1.9374901E-03   8.8811808E+00   3.8969879E+00
   1.9334812E-01   5.5978837E-04   9.0177479E+00   3.8997638E+00
   1.9894205E-01  -1.0862949E-03   9.1585064E+00   3.9024620E+00
   2.0451042E-01   3.8845688E-03   9.3079348E+00   3.9054713E+00
   2.1035720E-01  -4.0310617E-05   9.4422293E+00   3.9079580E+00
   2.1649633E-01   4.4242698E-03   9.5628881E+00   3.9101651E+00
   2.2215106E-01  -6.6497060E-04   9.6874418E+00   3.9121640E+00
   2.2796319E-01   4.0798486E-04   9.7947702E+00   3.9145031E+00
   2.3354681E-01   1.0062198E-03   9.8835745E+00   3.9166212E+00
   2.3892091E-01   1.1536221E-03   9.9621496E+00   3.9188824E+00
   2.4408263E-01  -2.3882722E-03   1.0034758E+01   3.9213176E+00
   2.4933821E-01  -3.2946625E-04   1.0090010E+01   3.9237289E+00
   2.5424692E-01   4.7024287E-04   1.0128123E+01   3.9267328E+00
   2.5908944E-01  -2.0581873E-03   1.0172036E+01   3.9297352E+00
   2.6417407E-01  -1.2943839E-03   1.0204412E+01   3.9326007E+00
   2.6927409E-01  -4.3506394E-03   1.0235425E+01   3.9355826E+00
   2.7414694E-01  -3.2524508E-03   1.0249480E+01   3.9387140E+00
   2.7909750E-01  -3.6380999E-03   1.0255615E+01   3.9416301E+00
   2.8429556E-01  -5.1208525E-03   1.0247556E+01   3.9443808E+00
   2.8954804E-01  -6.4672353E-03   1.0244102E+01   3.9473231E+00
   2.9441884E-01  -8.1165340E-03   1.0219943E+01   3.9505036E+00
   2.9911417E-01  -6.7518093E-03   1.0191873E+01   3.9535601E+00
   3.0362731E-01  -8.1742499E-03   1.0153264E+01   3.9564273E+00
   3.0813727E-01  -9.6365036E-03   1.0138101E+01   3.9566035E+00
   3.1269419E-01  -1.0190835E-02   1.0025363E+01   3.9621310E+00
   3.1703573E-01  -1.0650359E-02   9.9863596E+00   3.9625602E+00
   3.2120600E-01  -1.2513218E-02   9.8758631E+00   3.9669230E+00
   3.2524261E-01  -1.1664118E-02   9.8302965E+00   3.9672346E+00
   3.2919508E-01  -1.3741401E-02   9.7493515E+00   3.9696283E+00
   3.3303779E-01  -1.3869015E-02   9.6975555E+00   3.9711459E+00
   3.3687606E-01  -1.5887007E-02   9.6325846E+00   3.9715981E+00
   3.4065735E-01  -1.7184008E-02   9.4155731E+00   3.9772925E+00
   3.4435764E-01  -1.8165635E-02   9.3787956E+00   3.9771588E+00
   3.4798130E-01  -2.0037642E-02   9.3475885E+00   3.9763072E+00
   3.5147500E-01  -1.8504884E-02   9.2879133E+00   3.9758878E+00
   3.5486981E-01  -1.8288331E-02   9.2151375E+00   3.9763956E+00
   3.5819912E-01  -2.2104597E-02   8.9144230E+00   3.9808269E+00
   3.6145824E-01  -2.1287134E-02   8.8736534E+00   3.9811893E+00
   3.6469412E-01  -2.2530764E-02   8.8496466E+00   3.9804039E+00
   3.6785692E-01  -2.2666443E-02   8.8336859E+00   3.9790773E+00
   3.7095946E-01  -2.3197822E-02   8.7868824E+00   3.9785554E+00
   3.7401026E-01  -2.5623057E-02   8.6987801E+00   3.9790077E+00
   3.7701347E-01  -2.7384838E-02   8.3039455E+00   3.9828923E+00
   3.7997216E-01  -2.9719405E-02   8.2664156E+00   3.9829428E+00
   3.8284016E-01  -2.9574603E-02   8.2674026E+00   3.9814122E+00
   3.8840407E-01  -2.9092263E-02   8.2454920E+00   3.9793940E+00
   3.9113796E-01  -2.8494174E-02   8.2036438E+00   3.9790428E+00
   3.9383340E-01  -2.8537786E-02   8.0716963E+00   3.9796357E+00
   3.9652154E-01  -3.0502701E-02   7.9133940E+00   3.9807057E+00
   4.0185070E-01  -3.4206528E-02   7.6583762E+00   3.9814394E+00
   4.0448785E-01  -3.5139143E-02   7.5719752E+00   3.9814839E+00
   4.0709931E-01  -3.5407428E-02   7.4971304E+00   3.9814193E+00
   4.0968144E-01  -3.8034476E-02   7.3781490E+00   3.9812191E+00
   4.1472808E-01  -3.8089313E-02   7.2627883E+00   3.9811647E+00
   4.1717553E-01  -3.8232144E-02   7.1926837E+00   3.9810617E+00
   4.2193094E-01  -3.9841384E-02   7.0428195E+00   3.9811568E+00
   4.2426232E-01  -3.9296456E-02   6.9404135E+00   3.9813788E+00
   4.2657289E-01  -3.9629657E-02   6.7720613E+00   3.9819312E+00
   4.3114758E-01  -4.2262442E-02   6.6433024E+00   3.9825482E+00
   4.3341440E-01  -4.3798972E-02   6.5638642E+00   3.9828143E+00
   4.3790895E-01  -4.5733832E-02   6.4198656E+00   3.9834294E+00
   4.4013670E-01  -4.6046708E-02   6.3400431E+00   3.9838095E+00
   4.4456965E-01  -4.6430018E-02   6.1932554E+00   3.9844944E+00
   4.4676608E-01  -4.7436737E-02   6.0988183E+00   3.9848831E+00
   4.5111996E-01  -4.9107011E-02   5.9370747E+00   3.9853797E+00
   4.5327815E-01  -5.0178476E-02   5.8126893E+00   3.9857965E+00
   4.5756167E-01  -5.3646810E-02   5.6055026E+00   3.9866490E+00
   4.6180651E-01  -5.5583183E-02   5.4955640E+00   3.9871013E+00
   4.6391618E-01  -5.4939341E-02   5.3987627E+00   3.9873478E+00
   4.6812174E-01  -5.6812290E-02   5.2958689E+00   3.9876206E+00
   4.7021621E-01  -5.7150714E-02   5.1847348E+00   3.9878209E+00
   4.7438112E-01  -5.9009600E-02   5.0124617E+00   3.9881525E+00
   4.7850823E-01  -5.9336808E-02   4.8273969E+00   3.9884763E+00
   4.8055670E-01  -5.9932470E-02   4.7906785E+00   3.9885621E+00
   4.8462313E-01  -6.1709523E-02   4.6005406E+00   3.9889894E+00
   4.8865587E-01  -6.1744612E-02   4.4281039E+00   3.9894891E+00
   4.9065825E-01  -6.1513260E-02   4.3396173E+00   3.9897528E+00
   4.9464038E-01  -6.5240294E-02   4.1173739E+00   3.9904699E+00
   4.9859357E-01  -6.5496869E-02   3.9936278E+00   3.9910274E+00
   5.0056320E-01  -6.8262771E-02   3.9741895E+00   3.9911540E+00
   5.0448453E-01  -6.8025559E-02   3.8420129E+00   3.9915705E+00
   5.0838095E-01  -6.3789427E-02   3.6522534E+00   3.9914222E+00
   5.1031947E-01  -6.8118781E-02   3.6309776E+00   3.9913199E+00
   5.1417667E-01  -6.9979534E-02   3.4968638E+00   3.9908845E+00
   5.1800811E-01  -7.2237641E-02   3.2755630E+00   3.9902077E+00
   5.2181518E-01  -7.2256416E-02   2.9986374E+00   3.9884448E+00
   5.2371031E-01  -7.3527224E-02   2.9679585E+00   3.9881802E+00
   5.2748531E-01  -7.6542333E-02   2.8558722E+00   3.9873476E+00
   5.3123999E-01  -7.3806778E-02   2.7307346E+00   3.9866350E+00
   5.3498286E-01  -7.8221396E-02   2.6003373E+00   3.9856322E+00
   5.3871089E-01  -8.0415092E-02   2.3998687E+00   3.9839499E+00
   5.4056758E-01  -8.2787462E-02   2.3474870E+00   3.9834712E+00
   5.4427516E-01  -8.5255265E-02   2.1167886E+00   3.9817708E+00
   5.4798007E-01  -8.3593294E-02   1.9245080E+00   3.9801745E+00
   5.5169612E-01  -8.2983904E-02   1.7948216E+00   3.9789753E+00
   5.5544198E-01  -8.8505380E-02   1.6134790E+00   3.9776466E+00
   5.5733287E-01  -8.2195975E-02   1.5138426E+00   3.9768455E+00
   5.6115842E-01  -8.5060924E-02   1.2809595E+00   3.9745266E+00
   5.6501710E-01  -8.1325829E-02   1.1404823E+00   3.9730396E+00
   5.6695521E-01  -9.1353253E-02   1.0640724E+00   3.9724879E+00
   5.7084394E-01  -9.0170801E-02   8.8643444E-01   3.9713624E+00
   5.7474452E-01  -9.3109094E-02   6.9553351E-01   3.9699051E+00
   5.7865560E-01  -9.1963291E-02   4.2271692E-01   3.9673049E+00
   5.8062100E-01  -9.4418384E-02   3.4722281E-01   3.9666526E+00
   5.8456641E-01  -1.1236035E-01   2.1799120E-01   3.9659827E+00
   5.8872527E-01  -8.4178761E-02  -1.9349843E-02   3.9649787E+00
   5.9082007E-01  -9.0368703E-02  -1.0235880E-01   3.9639742E+00
   5.9494907E-01  -1.0040770E-01  -3.5400507E-01   3.9616249E+00
   5.9701747E-01  -1.0849763E-01  -4.6015987E-01   3.9605958E+00
   6.0112327E-01  -7.2866417E-02  -6.2205565E-01   3.9599848E+00
   6.0523778E-01  -8.7286852E-02  -9.2824882E-01   3.9578879E+00
   6.0729831E-01  -1.3537863E-01  -1.0339763E+00   3.9567170E+00
   6.1143386E-01  -1.0300804E-01  -1.2126791E+00   3.9554172E+00
   6.1559349E-01  -1.0941776E-01  -1.4078301E+00   3.9545369E+00
   6.1769271E-01  -1.2450726E-01  -1.5096408E+00   3.9540112E+00
   6.2194663E-01  -1.0904394E-01  -1.7596372E+00   3.9521940E+00
   6.2417996E-01  -9.9265836E-02  -1.8349458E+00   3.9514349E+00
   6.2880051E-01  -9.0414599E-02  -2.0790343E+00   3.9498498E+00
   6.3117409E-01  -9.2906721E-02  -2.1821744E+00   3.9491496E+00
   6.3582414E-01  -1.1892099E-01  -2.5174124E+00   3.9469731E+00
   6.3813913E-01  -9.8586507E-02  -2.6223135E+00   3.9460268E+00
   6.4046103E-01  -9.2637956E-02  -2.6898298E+00   3.9456141E+00
   6.4516932E-01  -1.1791467E-01  -2.9791205E+00   3.9446840E+00
   6.4756089E-01  -1.0271668E-01  -3.1322317E+00   3.9439473E+00
   6.5242785E-01  -1.1272930E-01  -3.3465552E+00   3.9424689E+00
   6.5491164E-01  -1.2340291E-01  -3.5759721E+00   3.9412875E+00
   6.5750742E-01  -9.4990410E-02  -3.6615651E+00   3.9403570E+00
   6.6015762E-01  -9.0132870E-02  -3.7956071E+00   3.9398751E+00
   6.6501093E-01  -1.5449144E-01  -4.0070386E+00   3.9397335E+00
   6.6900641E-01  -8.5336052E-02  -4.1845717E+00   3.9382222E+00
   6.7106789E-01  -1.2230408E-01  -4.4214888E+00   3.9365892E+00
   6.7533040E-01  -1.3530020E-01  -4.6176620E+00   3.9345968E+00
   6.7755514E-01  -1.4826801E-01  -4.7503023E+00   3.9338834E+00
   6.8207169E-01  -1.0625676E-01  -4.8704100E+00   3.9320238E+00
   6.8436122E-01  -1.9187728E-01  -5.0912151E+00   3.9307132E+00
   6.8881536E-01  -8.7111481E-03  -5.3415055E+00   3.9261966E+00
   6.9083738E-01   4.0313590E-02  -5.2949381E+00   3.9250169E+00
   6.9518971E-01  -1.6645166E-01  -5.7050691E+00   3.9226048E+00
   6.9753045E-01  -1.1561433E-01  -5.7425771E+00   3.9216008E+00
   7.0122427E-01  -1.0568897E-01  -5.8705320E+00   3.9182785E+00
   7.0518398E-01  -6.7610309E-02  -6.1490297E+00   3.9149411E+00
   7.0725572E-01  -1.8518494E-01  -6.3557491E+00   3.9132786E+00
   7.1171522E-01  -1.3820601E-01  -6.3852916E+00   3.9113479E+00
   7.1495223E-01  -7.4300416E-02  -6.6013260E+00   3.9086242E+00
   7.1852100E-01  -4.9521267E-02  -6.6936183E+00   3.9066424E+00
   7.2209877E-01  -1.1699117E-01  -6.8720841E+00   3.9036379E+00
   7.2402287E-01  -1.4660007E-01  -6.8920922E+00   3.9024971E+00
   7.2812551E-01  -1.8631747E-01  -7.1437531E+00   3.9004822E+00
   7.3264867E-01  -2.4618402E-02  -7.5303140E+00   3.8971887E+00
   7.3508126E-01  -6.4326063E-02  -7.5209303E+00   3.8959289E+00
   7.3753619E-01  -7.1410917E-02  -7.5458860E+00   3.8936934E+00
   7.4196804E-01  -1.2175147E-01  -7.6819773E+00   3.8900089E+00
   7.4435151E-01  -1.4689192E-01  -8.0873537E+00   3.8779907E+00
   7.4851739E-01  -5.8803242E-02  -7.9023461E+00   3.8776963E+00
   7.5209761E-01  -5.8888134E-02  -8.1012383E+00   3.8818362E+00
   7.5402302E-01  -1.2985633E-01  -8.2559834E+00   3.8821368E+00
   7.5816756E-01  -1.3283949E-01  -8.3113317E+00   3.8799036E+00
   7.6273686E-01  -2.1893471E-02  -8.5262823E+00   3.8727758E+00
   7.6519430E-01  -1.3395751E-01  -8.6301737E+00   3.8688724E+00
   7.6777458E-01  -5.7895344E-02  -8.7667332E+00   3.8574445E+00
   7.7048385E-01  -7.6291114E-02  -8.8124256E+00   3.8572948E+00
   7.7604365E-01  -1.2991233E-01  -8.8319778E+00   3.8641548E+00
   7.7889442E-01  -7.3853306E-02  -8.8855820E+00   3.8653448E+00
   7.8188771E-01  -6.4164743E-02  -9.0113134E+00   3.8653083E+00
   7.8421718E-01  -6.0698435E-02  -9.0169144E+00   3.8620603E+00
   7.8923136E-01  -3.0721294E-02  -9.4487534E+00   3.8370481E+00
   7.9192799E-01  -1.0181481E-01  -9.4254017E+00   3.8398800E+00
   7.9424793E-01  -1.3106933E-01  -9.3019085E+00   3.8590517E+00
   7.9924160E-01  -8.2009219E-02  -9.3678589E+00   3.8524675E+00
   8.0192727E-01  -1.0027915E-01  -9.6622210E+00   3.8333662E+00
   8.0474716E-01  -5.0402325E-02  -9.7059889E+00   3.8338671E+00
   8.0827951E-01  -6.9594696E-02  -9.5938749E+00   3.8401058E+00
   8.1217390E-01  -1.1227740E-01  -9.6388931E+00   3.8428276E+00
   8.1426835E-01  -5.5393215E-02  -9.6675997E+00   3.8422031E+00
   8.1877655E-01  -6.5292135E-02  -9.7436209E+00   3.8357160E+00
   8.2120115E-01  -3.6171842E-02  -9.8137550E+00   3.8305748E+00
   8.2642001E-01  -9.0055741E-02  -9.8899612E+00   3.8258405E+00
   8.2922673E-01  -9.5585704E-02  -9.8476467E+00   3.8234820E+00
   8.3217376E-01  -3.2214653E-02  -9.9485254E+00   3.8222020E+00
   8.3526820E-01   3.4481105E-03  -9.9577780E+00   3.8218746E+00
   8.3797121E-01  -1.1819987E-02  -9.9394407E+00   3.8217177E+00
   8.4080940E-01  -2.4923639E-02  -9.9413214E+00   3.8212316E+00
   8.4642649E-01  -1.2577925E-02  -1.0000318E+01   3.8078873E+00
   8.4829915E-01  -1.0826340E-01  -9.9268589E+00   3.8077452E+00
   8.5232991E-01  -1.0172547E-01  -9.9906826E+00   3.8132045E+00
   8.5449767E-01  -1.0238329E-01  -9.9558678E+00   3.8149080E+00
   8.5916382E-01  -3.6374591E-02  -9.9436932E+00   3.8145888E+00
   8.6167336E-01   5.4491483E-02  -9.9642172E+00   3.8108780E+00
   8.6430830E-01  -1.8745508E-02  -9.9659700E+00   3.8059027E+00
   8.6998004E-01   3.9146021E-03  -9.9126101E+00   3.7978933E+00
   8.7303030E-01  -7.0209906E-02  -9.8346128E+00   3.7950845E+00
   8.7623310E-01  -1.6789377E-02  -9.8388538E+00   3.7928050E+00
   8.7781316E-01  -2.9674467E-02  -9.8715878E+00   3.7880707E+00
   8.8121414E-01  -3.6383279E-02  -9.7984276E+00   3.7858188E+00
   8.8496375E-01   8.1672547E-03  -9.8063068E+00   3.7850378E+00
   8.8873219E-01  -4.6775371E-02  -9.7586527E+00   3.7832518E+00
   8.9250308E-01  -2.2133732E-02  -9.7674856E+00   3.7801805E+00
   8.9453113E-01   2.3395346E-02  -9.7121458E+00   3.7788961E+00
   8.9877748E-01  -1.9011525E-03  -9.6125870E+00   3.7763145E+00
   9.0106124E-01  -5.8042523E-03  -9.6488380E+00   3.7745640E+00
   9.0597695E-01  -3.3456978E-04  -9.5794830E+00   3.7695205E+00
   9.0862066E-01  -2.5492622E-02  -9.5598583E+00   3.7682979E+00
   9.1139650E-01   1.8230347E-02  -9.5474482E+00   3.7672637E+00
   9.1431123E-01  -1.6058790E-03  -9.5019569E+00   3.7659979E+00
   9.1737163E-01   1.1780917E-02  -9.4603243E+00   3.7628808E+00
   9.2058504E-01  -1.1937597E-02  -9.4181175E+00   3.7591772E+00
   9.2572683E-01   1.1590319E-02  -9.3449688E+00   3.7527673E+00
   9.2795628E-01   2.7203077E-02  -9.2766161E+00   3.7503626E+00
   9.3275517E-01   1.4953273E-02  -9.1780729E+00   3.7469678E+00
   9.3522358E-01   1.9360868E-02  -9.1524410E+00   3.7438977E+00
   9.3781537E-01   4.0037382E-02  -9.1504202E+00   3.7408514E+00
   9.4339418E-01   1.6837070E-02  -9.0753059E+00   3.7385137E+00
   9.4639456E-01   3.2751143E-02  -9.0322418E+00   3.7364745E+00
   9.4936824E-01   2.6230821E-02  -8.9868383E+00   3.7342484E+00
   9.5249057E-01   2.5120530E-02  -8.9194021E+00   3.7323768E+00
   9.5497775E-01   1.8797684E-02  -8.8964643E+00   3.7310984E+00
   9.5758927E-01   2.7465180E-02  -8.8911886E+00   3.7299840E+00
   9.6202201E-01   4.9166519E-02  -8.7766037E+00   3.7257504E+00
   9.6440595E-01   7.6183103E-02  -8.7907429E+00   3.7249033E+00
   9.6953738E-01   4.0132567E-02  -8.6366005E+00   3.7241528E+00
   9.7224021E-01   3.7460480E-02  -8.5795698E+00   3.7236919E+00
   9.7507817E-01   3.7882525E-02  -8.5464602E+00   3.7224104E+00
   9.7805804E-01   4.8418388E-02  -8.4964638E+00   3.7206945E+00
   9.8104507E-01   4.4931110E-02  -8.4552383E+00   3.7190475E+00
   9.8622620E-01   3.3005822E-02  -8.3984537E+00   3.7169471E+00
   9.8901266E-01   4.8286602E-02  -8.3025379E+00   3.7152836E+00
   9.9157852E-01   5.2235451E-02  -8.2774239E+00   3.7143760E+00
   9.9427265E-01   5.5624489E-02  -8.2045050E+00   3.7122772E+00
   9.9981731E-01   5.5902228E-02  -8.1310835E+00   3.7094033E+00
   1.0024354E+00   5.3149238E-02  -8.0745230E+00   3.7081716E+00
   1.0051488E+00   6.1011475E-02  -8.0290670E+00   3.7068751E+00
   1.0079150E+00   4.9298633E-02  -8.0043211E+00   3.7062466E+00
   1.0135432E+00   6.7225389E-02  -7.8848653E+00   3.7023332E+00
   1.0164629E+00   4.9715757E-02  -7.8656096E+00   3.7026708E+00
   1.0193288E+00   5.6686494E-02  -7.8177991E+00   3.7035775E+00
   1.0221586E+00   7.5378858E-02  -7.8026929E+00   3.7041631E+00
   1.0249658E+00   7.4876443E-02  -7.7640576E+00   3.7029567E+00
   1.0277752E+00   7.7714600E-02  -7.7156916E+00   3.7008853E+00
   1.0334226E+00   8.2445316E-02  -7.5857553E+00   3.6962571E+00
   1.0362918E+00   7.2204739E-02  -7.5770979E+00   3.6954486E+00
   1.0392030E+00   6.7512475E-02  -7.5152187E+00   3.6936743E+00
   1.0421528E+00   6.2397901E-02  -7.4978585E+00   3.6929224E+00
   1.0451399E+00   5.8028761E-02  -7.5017915E+00   3.6911314E+00
   1.0481026E+00   6.7833126E-02  -7.4411492E+00   3.6903698E+00
   1.0510784E+00   7.7444747E-02  -7.3438473E+00   3.6884611E+00
   1.0541201E+00   8.4296890E-02  -7.2528462E+00   3.6865435E+00
   1.0604649E+00   7.9789929E-02  -7.2042341E+00   3.6842003E+00
   1.0637112E+00   7.0814021E-02  -7.1527157E+00   3.6830413E+00
   1.0669680E+00   7.3641352E-02  -7.1071186E+00   3.6815827E+00
   1.0702223E+00   8.0794573E-02  -7.0732431E+00   3.6806321E+00
   1.0734621E+00   9.7649455E-02  -6.9950619E+00   3.6789439E+00
   1.0766416E+00   8.4857084E-02  -6.9580388E+00   3.6769290E+00
   1.0797733E+00   7.4484088E-02  -6.8964319E+00   3.6748917E+00
   1.0830189E+00   7.4086085E-02  -6.8412638E+00   3.6731005E+00
   1.0863607E+00   7.4549548E-02  -6.8089485E+00   3.6715996E+00
   1.0896908E+00   8.0643274E-02  -6.7750001E+00   3.6701810E+00
   1.0930279E+00   6.9442935E-02  -6.7203293E+00   3.6687591E+00
   1.0964316E+00   7.3597290E-02  -6.6729727E+00   3.6672938E+00
   1.0999442E+00   8.1606634E-02  -6.6232643E+00   3.6658354E+00
   1.1035881E+00   8.4304869E-02  -6.5718770E+00   3.6643455E+00
   1.1069543E+00   7.9546757E-02  -6.5127769E+00   3.6626458E+00
   1.1104133E+00   8.6490043E-02  -6.4554958E+00   3.6609654E+00
   1.1137606E+00   7.5442277E-02  -6.4139175E+00   3.6593168E+00
   1.1170263E+00   8.7946527E-02  -6.2778997E+00   3.6578069E+00
   1.1202551E+00   6.8538211E-02  -6.2608500E+00   3.6564949E+00
   1.1234603E+00   7.4885666E-02  -6.2067699E+00   3.6553903E+00
   1.1266569E+00   7.6600417E-02  -6.1438484E+00   3.6545103E+00
   1.1298565E+00   7.9969905E-02  -6.1050081E+00   3.6538155E+00
   1.1330240E+00   7.5577445E-02  -6.0305929E+00   3.6532507E+00
   1.1361614E+00   7.8340128E-02  -5.9595432E+00   3.6527820E+00
   1.1392803E+00   7.3606022E-02  -5.8933377E+00   3.6523821E+00
   1.1424054E+00   7.2493672E-02  -5.8269053E+00   3.6520197E+00
   1.1455798E+00   7.1751341E-02  -5.7608051E+00   3.6516793E+00
   1.1488832E+00   7.4059360E-02  -5.7234421E+00   3.6514864E+00
   1.1523517E+00   7.3367365E-02  -5.6374698E+00   3.6512482E+00
   1.1558660E+00   7.3353618E-02  -5.5610242E+00   3.6509452E+00
   1.1592842E+00   7.2985671E-02  -5.5101805E+00   3.6507037E+00
   1.1627234E+00   6.8356752E-02  -5.4446907E+00   3.6504595E+00
   1.1659817E+00   7.2623901E-02  -5.3084278E+00   3.6500432E+00
   1.1691072E+00   7.0178598E-02  -5.2540050E+00   3.6497002E+00
   1.1721246E+00   6.8409905E-02  -5.1817951E+00   3.6493649E+00
   1.1750786E+00   7.1639344E-02  -5.0827589E+00   3.6490214E+00
   1.1781803E+00   7.1358345E-02  -4.9973578E+00   3.6488783E+00
   1.1814213E+00   6.3947909E-02  -4.9407258E+00   3.6489050E+00
   1.1846534E+00   6.1949711E-02  -4.8926611E+00   3.6490474E+00
   1.1878821E+00   6.2568754E-02  -4.8301473E+00   3.6492822E+00
   1.1911172E+00   5.8810584E-02  -4.7714181E+00   3.6495175E+00
   1.1943604E+00   5.9302729E-02  -4.6971736E+00   3.6496837E+00
   1.2008843E+00   5.8894761E-02  -4.2096782E+00   3.6496124E+00
   1.2041768E+00   5.8785960E-02  -4.2403979E+00   3.6492469E+00
   1.2074984E+00   5.4394066E-02  -4.3003402E+00   3.6493535E+00
   1.2108542E+00   5.4630011E-02  -4.3009377E+00   3.6495812E+00
   1.2142489E+00   5.1712152E-02  -4.2854056E+00   3.6498425E+00
   1.2176868E+00   4.9790543E-02  -4.2329392E+00   3.6500659E+00
   1.2211723E+00   4.8526570E-02  -4.1403537E+00   3.6501069E+00
   1.2247119E+00   4.6448350E-02  -3.6290112E+00   3.6480174E+00
   1.2282939E+00   4.9764492E-02  -3.6429455E+00   3.6462922E+00
   1.2318588E+00   4.5604132E-02  -3.6995418E+00   3.6448441E+00
   1.2354089E+00   4.5902658E-02  -3.7037394E+00   3.6445014E+00
   1.2389483E+00   4.4065144E-02  -3.6705790E+00   3.6445415E+00
   1.2424788E+00   4.2425707E-02  -3.6062131E+00   3.6448674E+00
   1.2460048E+00   4.1401472E-02  -3.4613945E+00   3.6455455E+00
   1.2495303E+00   4.0337827E-02  -3.3066123E+00   3.6459095E+00
   1.2530605E+00   3.8539406E-02  -3.1695325E+00   3.6457431E+00
   1.2566018E+00   3.8350962E-02  -3.0556893E+00   3.6452942E+00
   1.2601538E+00   3.7854169E-02  -2.9892519E+00   3.6450033E+00
   1.2636658E+00   3.6801815E-02  -2.9310777E+00   3.6447129E+00
   1.2671252E+00   3.6088154E-02  -2.8658557E+00   3.6445484E+00
   1.2705659E+00   3.4171861E-02  -2.7556789E+00   3.6444700E+00
   1.2739617E+00   3.2389559E-02  -2.6921141E+00   3.6443918E+00
   1.2773589E+00   3.2056022E-02  -2.6259809E+00   3.6441367E+00
   1.2807547E+00   3.3569485E-02  -2.2777565E+00   3.6420758E+00
   1.2841547E+00   3.3311449E-02  -2.2818253E+00   3.6415148E+00
   1.2875562E+00   3.0147595E-02  -2.3484044E+00   3.6400816E+00
   1.2909586E+00   2.9498760E-02  -2.3726878E+00   3.6396153E+00
   1.2943608E+00   2.8965453E-02  -2.3721724E+00   3.6395040E+00
   1.2977588E+00   2.7405681E-02  -2.3154359E+00   3.6400244E+00
   1.3011509E+00   2.6457101E-02  -2.2087989E+00   3.6410391E+00
   1.3045367E+00   2.4164826E-02  -2.0833220E+00   3.6419342E+00
   1.3079038E+00   2.4080528E-02  -1.9606802E+00   3.6425834E+00
   1.3112535E+00   2.3953512E-02  -1.8558747E+00   3.6430862E+00
   1.3145902E+00   2.2674138E-02  -1.7726710E+00   3.6435680E+00
   1.3179162E+00   2.1441378E-02  -1.7093681E+00   3.6441033E+00
   1.3212332E+00   2.0128226E-02  -1.6580752E+00   3.6447325E+00
   1.3267007E+00   1.7895203E-02  -1.5923632E+00   3.6458085E+00
   1.3296411E+00   1.6752534E-02  -1.5486832E+00   3.6463995E+00
   1.3327286E+00   1.5873594E-02  -1.4632303E+00   3.6475201E+00
   1.3359705E+00   1.5178841E-02  -1.3816969E+00   3.6486402E+00
   1.3392632E+00   1.4092681E-02  -1.3093561E+00   3.6495976E+00
   1.3425492E+00   1.3623649E-02  -1.2482004E+00   3.6504121E+00
   1.3458296E+00   1.1588695E-02  -1.1930938E+00   3.6511283E+00
   1.3491048E+00   1.1706865E-02  -1.1410398E+00   3.6517932E+00
   1.3523744E+00   1.0362500E-02  -1.0885458E+00   3.6524661E+00
   1.3556411E+00   9.9085933E-03  -1.0364227E+00   3.6531866E+00
   1.3589064E+00   8.3597396E-03  -1.0078973E+00   3.6536438E+00
   1.3621740E+00   6.2934603E-03  -9.3824488E-01   3.6545284E+00
   1.3654481E+00   6.7882938E-03  -8.6073548E-01   3.6556726E+00
   1.3687333E+00   6.2321648E-03  -7.8959745E-01   3.6568494E+00
   1.3720288E+00   5.5623348E-03  -7.6092815E-01   3.6575134E+00
   1.3753327E+00   4.1349558E-03  -6.8422234E-01   3.6586442E+00
   1.3786423E+00   3.6126706E-03  -6.1142528E-01   3.6599238E+00
   1.3819554E+00   4.2526373E-03  -5.7142645E-01   3.6606455E+00
   1.3852711E+00   2.1145576E-04  -4.9994069E-01   3.6618161E+00
   1.3885887E+00  -6.0151411E-05  -4.2543921E-01   3.6630735E+00
   1.3919079E+00  -1.1145530E-03  -3.5760209E-01   3.6641779E+00
   1.3952287E+00  -1.3208280E-03  -2.9381615E-01   3.6651223E+00
   1.3985515E+00  -4.0903795E-03  -2.5541580E-01   3.6656311E+00
   1.4018761E+00  -8.5565355E-03  -1.8210152E-01   3.6664715E+00
   1.4052029E+00  -6.2259114E-03  -1.3706198E-01   3.6670718E+00
   1.4085319E+00  -8.9644957E-03  -4.4309080E-02   3.6679978E+00
   1.4118633E+00  -1.0540728E-02   1.4887430E-05   3.6685593E+00
   1.4151974E+00  -1.2499512E-02   5.5541214E-02   3.6690249E+00
   1.4185339E+00  -1.3904484E-02   1.6354822E-01   3.6698396E+00
   1.4218731E+00  -1.4854749E-02   2.1895218E-01   3.6703961E+00
   1.4252139E+00  -1.5519005E-02   3.2104987E-01   3.6711142E+00
   1.4285556E+00  -1.5052015E-02   3.7170738E-01   3.6715322E+00
   1.4318986E+00  -1.5317273E-02   4.2439875E-01   3.6718652E+00
   1.4352434E+00  -1.6433589E-02   5.1564091E-01   3.6725574E+00
   1.4385905E+00  -1.6798798E-02   6.0256195E-01   3.6734719E+00
   1.4419467E+00  -1.7061990E-02   6.5187705E-01   3.6739123E+00
   1.4453063E+00  -1.6639257E-02   7.4131244E-01   3.6744714E+00
   1.4486840E+00  -1.8594652E-02   7.9617506E-01   3.6749086E+00
   1.4520799E+00  -1.9296508E-02   8.9848769E-01   3.6756442E+00
   1.4554861E+00  -2.1545563E-02   9.9274462E-01   3.6765542E+00
   1.4588984E+00  -2.3118753E-02   1.0846665E+00   3.6773756E+00
   1.4623181E+00  -2.3993261E-02   1.1717789E+00   3.6781349E+00
   1.4657465E+00  -2.5154537E-02   1.2565840E+00   3.6789265E+00
   1.4691852E+00  -2.7272964E-02   1.3434929E+00   3.6798179E+00
   1.4726356E+00  -2.6207691E-02   1.4322569E+00   3.6808341E+00
   1.4760990E+00  -2.6213013E-02   1.5285351E+00   3.6820138E+00
   1.4795686E+00  -2.4921780E-02   1.6285233E+00   3.6834009E+00
   1.4830432E+00  -2.4943829E-02   1.7353197E+00   3.6850216E+00
   1.4865229E+00  -2.9512364E-02   1.8394281E+00   3.6868243E+00
   1.4900080E+00  -3.2211110E-02   1.9438219E+00   3.6886706E+00
   1.4934988E+00  -3.3473209E-02   2.0494406E+00   3.6904964E+00
   1.4969956E+00  -3.3762638E-02   2.1523330E+00   3.6922677E+00
   1.5004987E+00  -3.3004928E-02   2.2565730E+00   3.6939991E+00
   1.5040087E+00  -3.3857953E-02   2.3621504E+00   3.6957073E+00
   1.5075256E+00  -3.3547655E-02   2.4693143E+00   3.6974442E+00
   1.5110499E+00  -3.6138803E-02   2.5797627E+00   3.6992326E+00
   1.5145817E+00  -3.4761403E-02   2.6962297E+00   3.7010756E+00
   1.5181216E+00  -3.6416035E-02   2.8120563E+00   3.7029479E+00
   1.5216700E+00  -3.6477182E-02   2.9266183E+00   3.7048187E+00
   1.5252268E+00  -3.8171697E-02   3.2448814E+00   3.7133529E+00
   1.5287926E+00  -4.2502552E-02   3.2701397E+00   3.7129438E+00
   1.5323665E+00  -4.0993571E-02   3.2998669E+00   3.7123258E+00
   1.5359501E+00  -4.1582201E-02   3.3476076E+00   3.7113087E+00
   1.5395434E+00  -4.0171478E-02   3.4243479E+00   3.7115264E+00
   1.5431467E+00  -3.7797906E-02   3.5504670E+00   3.7129805E+00
   1.5467603E+00  -4.0662002E-02   3.7116010E+00   3.7154698E+00
   1.5503840E+00  -4.3659132E-02   4.2184024E+00   3.7283225E+00
   1.5540179E+00  -4.2505693E-02   4.2185087E+00   3.7272277E+00
   1.5576600E+00  -4.4711903E-02   4.2063107E+00   3.7253253E+00
   1.5613121E+00  -4.6894696E-02   4.2301078E+00   3.7244222E+00
   1.5649749E+00  -4.9099490E-02   4.2812591E+00   3.7238088E+00
   1.5686489E+00  -4.9672052E-02   4.3952045E+00   3.7242589E+00
   1.5723346E+00  -5.4503042E-02   4.8339543E+00   3.7340529E+00
   1.5760317E+00  -4.9966551E-02   4.8904948E+00   3.7350800E+00
   1.5797395E+00  -4.5329373E-02   4.9463978E+00   3.7350314E+00
   1.5834666E+00  -4.6753943E-02   5.0001893E+00   3.7349613E+00
   1.5872105E+00  -4.9913917E-02   5.0909271E+00   3.7355421E+00
   1.5902315E+00  -5.1770296E-02   5.4522090E+00   3.7444000E+00
   1.5934036E+00  -5.3588998E-02   5.4957089E+00   3.7450898E+00
   1.5967342E+00  -5.1788535E-02   5.5406404E+00   3.7439880E+00
   1.6002313E+00  -5.2049015E-02   5.5862231E+00   3.7427807E+00
   1.6039033E+00  -5.1564638E-02   5.6565971E+00   3.7425449E+00
   1.6076577E+00  -5.2442435E-02   5.9348116E+00   3.7477064E+00
   1.6114067E+00  -5.5483885E-02   5.9913774E+00   3.7478797E+00
   1.6151525E+00  -4.9804136E-02   6.0686178E+00   3.7482591E+00
   1.6189159E+00  -4.9073961E-02   6.1622248E+00   3.7494619E+00
   1.6226934E+00  -4.8498791E-02   6.4851828E+00   3.7584991E+00
   1.6264938E+00  -5.2315351E-02   6.5146017E+00   3.7576106E+00
   1.6303259E+00  -4.6734747E-02   6.5577207E+00   3.7563937E+00
   1.6341963E+00  -4.7816608E-02   6.6201944E+00   3.7559159E+00
   1.6381100E+00  -5.2578945E-02   6.8613267E+00   3.7602572E+00
   1.6420708E+00  -5.0556138E-02   6.9010701E+00   3.7604904E+00
   1.6460825E+00  -4.8822381E-02   6.9652395E+00   3.7609985E+00
   1.6501490E+00  -4.8201434E-02   7.2066135E+00   3.7688603E+00
   1.6542757E+00  -4.7448456E-02   7.2376857E+00   3.7687652E+00
   1.6584691E+00  -5.0659649E-02   7.2910061E+00   3.7685878E+00
   1.6627264E+00  -4.4433679E-02   7.5088296E+00   3.7739608E+00
   1.6670253E+00  -4.3649122E-02   7.5358763E+00   3.7744901E+00
   1.6713734E+00  -4.2370383E-02   7.6670809E+00   3.7796772E+00
   1.6757758E+00  -4.1230503E-02   7.7021499E+00   3.7799423E+00
   1.6801451E+00  -4.1983061E-02   7.8840241E+00   3.7851748E+00
   1.6840161E+00  -4.1155227E-02   7.9067874E+00   3.7856336E+00
   1.6879129E+00  -4.1710943E-02   7.9593887E+00   3.7863307E+00
   1.6920047E+00  -3.8771544E-02   8.1816349E+00   3.7949457E+00
   1.6963009E+00  -3.5163965E-02   8.1855516E+00   3.7949548E+00
   1.7008120E+00  -3.4351733E-02   8.2093897E+00   3.7947841E+00
   1.7055486E+00  -3.1241667E-02   8.3720102E+00   3.8007033E+00
   1.7105221E+00  -3.0616708E-02   8.4256020E+00   3.8030362E+00
   1.7157441E+00  -2.7663652E-02   8.5015135E+00   3.8073118E+00
   1.7206154E+00  -2.1410160E-02   8.5783520E+00   3.8090706E+00
   1.7253608E+00  -2.3471817E-02   8.5914879E+00   3.8104734E+00
   1.7301518E+00  -1.5025610E-02   8.7869902E+00   3.8187108E+00
   1.7348436E+00  -1.8656189E-02   8.7771921E+00   3.8188827E+00
   1.7397701E+00  -1.6007526E-02   8.8596754E+00   3.8223817E+00
   1.7442781E+00  -5.4838131E-03   8.8646269E+00   3.8226035E+00
   1.7481567E+00  -8.5635893E-03   9.0203867E+00   3.8288479E+00
   1.7518715E+00  -1.2838675E-03   9.0132828E+00   3.8290772E+00
   1.7557720E+00  -2.3408423E-03   9.0202112E+00   3.8291147E+00
   1.7598677E+00   2.5198692E-03   9.1457186E+00   3.8344557E+00
   1.7641680E+00  -1.1501166E-03   9.1417904E+00   3.8345158E+00
   1.7686834E+00   6.2530711E-03   9.2282352E+00   3.8371520E+00
   1.7734245E+00   8.5818339E-03   9.2395830E+00   3.8373480E+00
   1.7784028E+00   8.9921188E-03   9.3602829E+00   3.8423786E+00
   1.7835528E+00   1.4190453E-02   9.4008856E+00   3.8433733E+00
   1.7885922E+00   1.4503469E-02   9.4521418E+00   3.8467324E+00
   1.7934670E+00   1.9673707E-02   9.5094051E+00   3.8482409E+00
   1.7985855E+00   2.0061977E-02   9.5678711E+00   3.8491683E+00
   1.8035877E+00   2.4293536E-02   9.6421490E+00   3.8533885E+00
   1.8083403E+00   2.2497125E-02   9.7024422E+00   3.8539014E+00
   1.8129686E+00   3.0745335E-02   9.7699299E+00   3.8578191E+00
   1.8175073E+00   2.7821539E-02   9.8270130E+00   3.8582609E+00
   1.8222728E+00   3.5443559E-02   9.8966627E+00   3.8619654E+00
   1.8269137E+00   3.4494568E-02   9.9540958E+00   3.8627374E+00
   1.8313656E+00   3.5037257E-02   1.0030055E+01   3.8669965E+00
   1.8357267E+00   3.9365344E-02   1.0083536E+01   3.8676479E+00
   1.8400300E+00   4.0145192E-02   1.0149687E+01   3.8717616E+00
   1.8445483E+00   4.2669702E-02   1.0202808E+01   3.8725374E+00
   1.8489277E+00   4.7447156E-02   1.0251319E+01   3.8736463E+00
   1.8531581E+00   4.7348671E-02   1.0365410E+01   3.8805985E+00
   1.8573023E+00   4.7137313E-02   1.0399920E+01   3.8808045E+00
   1.8614062E+00   4.9461387E-02   1.0468790E+01   3.8823028E+00
   1.8657149E+00   4.9618248E-02   1.0498249E+01   3.8837762E+00
   1.8699880E+00   4.8715774E-02   1.0596280E+01   3.8898156E+00
   1.8740691E+00   5.4910775E-02   1.0634316E+01   3.8900235E+00
   1.8780305E+00   5.4344974E-02   1.0689915E+01   3.8901505E+00
   1.8819237E+00   5.4973233E-02   1.0768492E+01   3.8973804E+00
   1.8859938E+00   5.6857072E-02   1.0803122E+01   3.8977525E+00
   1.8901027E+00   5.6189984E-02   1.0853087E+01   3.8976347E+00
   1.8940641E+00   5.9540544E-02   1.0910303E+01   3.9026711E+00
   1.8978963E+00   5.9472281E-02   1.0953802E+01   3.9030898E+00
   1.9016497E+00   6.1963368E-02   1.1001941E+01   3.9032681E+00
   1.9053755E+00   6.1582595E-02   1.1050057E+01   3.9095118E+00
   1.9092065E+00   6.2028360E-02   1.1095714E+01   3.9095943E+00
   1.9129848E+00   6.2183678E-02   1.1134260E+01   3.9090753E+00
   1.9166559E+00   6.4974159E-02   1.1176419E+01   3.9111247E+00
   1.9202610E+00   6.3106485E-02   1.1213097E+01   3.9125199E+00
   1.9238371E+00   6.3297786E-02   1.1254839E+01   3.9129946E+00
   1.9274223E+00   6.3095503E-02   1.1302826E+01   3.9138236E+00
   1.9307661E+00   6.5038785E-02   1.1298264E+01   3.9208105E+00
   1.9342707E+00   6.3020267E-02   1.1320435E+01   3.9215322E+00
   1.9377327E+00   6.3376650E-02   1.1360406E+01   3.9202623E+00
   1.9411539E+00   6.3155316E-02   1.1402275E+01   3.9187517E+00
   1.9445350E+00   6.3000560E-02   1.1431208E+01   3.9181814E+00
   1.9478781E+00   6.1652575E-02   1.1388320E+01   3.9223804E+00
   1.9511847E+00   6.1490145E-02   1.1413619E+01   3.9231117E+00
   1.9544039E+00   6.0559250E-02   1.1445381E+01   3.9235573E+00
   1.9575515E+00   6.1061483E-02   1.1485382E+01   3.9232156E+00
   1.9606447E+00   6.1146699E-02   1.1510811E+01   3.9240327E+00
   1.9636971E+00   6.1075058E-02   1.1510068E+01   3.9256945E+00
   1.9667069E+00   5.6942567E-02   1.1492588E+01   3.9272480E+00
   1.9696807E+00   5.7090737E-02   1.1479669E+01   3.9283793E+00
   1.9755287E+00   5.5439260E-02   1.1474747E+01   3.9292879E+00
   1.9784123E+00   5.4678444E-02   1.1482354E+01   3.9292991E+00
   1.9812682E+00   5.3215567E-02   1.1460190E+01   3.9294226E+00
   1.9840961E+00   5.1997803E-02   1.1455544E+01   3.9298191E+00
   1.9868873E+00   5.1947415E-02   1.1443562E+01   3.9302077E+00
   1.9896404E+00   4.8879214E-02   1.1429388E+01   3.9305012E+00
   1.9950444E+00   4.8107151E-02   1.1390388E+01   3.9315145E+00
   1.9976674E+00   4.7180600E-02   1.1325108E+01   3.9327443E+00
   2.0002527E+00   4.7053836E-02   1.1313343E+01   3.9332192E+00
   2.0053000E+00   4.3772154E-02   1.1276532E+01   3.9338794E+00
   2.0077438E+00   4.3844417E-02   1.1248232E+01   3.9341862E+00
   2.0101502E+00   4.0592689E-02   1.1223326E+01   3.9345376E+00
   2.0148706E+00   3.7499841E-02   1.1127053E+01   3.9362221E+00
   2.0171864E+00   3.7008274E-02   1.1104693E+01   3.9367237E+00
   2.0217288E+00   3.5141215E-02   1.1037545E+01   3.9375393E+00
   2.0239587E+00   3.5666741E-02   1.1005483E+01   3.9380562E+00
   2.0283468E+00   3.4352072E-02   1.0906475E+01   3.9395640E+00
   2.0305090E+00   3.0793089E-02   1.0861024E+01   3.9402981E+00
   2.0347991E+00   2.7232034E-02   1.0755672E+01   3.9418550E+00
   2.0369265E+00   2.6075501E-02   1.0713706E+01   3.9423881E+00
   2.0411506E+00   2.5489433E-02   1.0619444E+01   3.9434037E+00
   2.0453334E+00   2.3196522E-02   1.0521023E+01   3.9440932E+00
   2.0474072E+00   2.3533238E-02   1.0474785E+01   3.9443655E+00
   2.0515237E+00   2.0273665E-02   1.0330059E+01   3.9451315E+00
   2.0535696E+00   1.8751571E-02   1.0308018E+01   3.9452393E+00
   2.0576305E+00   1.6586617E-02   1.0200509E+01   3.9458401E+00
   2.0616543E+00   1.4045583E-02   1.0071301E+01   3.9462554E+00
   2.0636597E+00   1.2648336E-02   1.0038336E+01   3.9463892E+00
   2.0676556E+00   9.7540738E-03   9.8824358E+00   3.9469991E+00
   2.0716023E+00   8.7180892E-03   9.7689104E+00   3.9472778E+00
   2.0735610E+00   5.3117014E-03   9.6951103E+00   3.9473903E+00
   2.0774512E+00   3.4750248E-03   9.5475740E+00   3.9473565E+00
   2.0813084E+00   2.0254024E-03   9.4345264E+00   3.9473827E+00
   2.0851228E+00  -6.9511950E-04   9.2544508E+00   3.9473968E+00
   2.0870202E+00  -5.7066628E-03   9.1659775E+00   3.9474046E+00
   2.0907917E+00  -3.2325666E-03   9.0767870E+00   3.9473770E+00
   2.0945315E+00  -7.5285053E-03   8.9841480E+00   3.9472778E+00
   2.0982404E+00  -1.0216813E-02   8.8586407E+00   3.9472010E+00
   2.1019192E+00  -1.3052018E-02   8.7247000E+00   3.9471610E+00
   2.1037478E+00  -1.6676424E-02   8.6193371E+00   3.9470971E+00
   2.1073847E+00  -1.9229339E-02   8.4630022E+00   3.9468794E+00
   2.1109943E+00  -2.3515832E-02   8.1955538E+00   3.9461486E+00
   2.1145778E+00  -2.4984324E-02   8.1315136E+00   3.9458137E+00
   2.1181352E+00  -2.7592873E-02   8.0307217E+00   3.9450111E+00
   2.1216667E+00  -3.0808777E-02   7.9514656E+00   3.9444716E+00
   2.1251726E+00  -3.3914350E-02   7.8046017E+00   3.9435585E+00
   2.1286538E+00  -3.7454110E-02   7.5605145E+00   3.9421904E+00
   2.1321108E+00  -3.9602935E-02   7.4697289E+00   3.9417741E+00
   2.1338313E+00  -4.1051365E-02   7.3465710E+00   3.9412799E+00
   2.1372581E+00  -4.2266458E-02   7.2304263E+00   3.9408555E+00
   2.1406732E+00  -4.6009805E-02   7.0591373E+00   3.9401221E+00
   2.1440814E+00  -4.7651153E-02   6.9295692E+00   3.9394712E+00
   2.1474810E+00  -5.1827040E-02   6.7763543E+00   3.9384682E+00
   2.1508739E+00  -5.5528320E-02   6.6374898E+00   3.9374921E+00
   2.1542728E+00  -5.6095708E-02   6.4954147E+00   3.9366219E+00
   2.1576965E+00  -5.9801444E-02   6.3869066E+00   3.9359097E+00
   2.1611645E+00  -6.8794116E-02   6.1476326E+00   3.9343162E+00
   2.1646907E+00  -6.8458878E-02   6.0395112E+00   3.9334898E+00
   2.1682713E+00  -6.9413207E-02   5.8477225E+00   3.9320867E+00
   2.1718507E+00  -7.1388036E-02   5.7367153E+00   3.9313645E+00
   2.1753590E+00  -8.1248805E-02   5.5075040E+00   3.9297953E+00
   2.1787827E+00  -8.5969999E-02   5.3780074E+00   3.9285996E+00
   2.1821556E+00  -7.8434572E-02   5.2214537E+00   3.9277043E+00
   2.1855106E+00  -8.9443013E-02   5.1070786E+00   3.9271276E+00
   2.1888740E+00  -8.3921142E-02   4.9857230E+00   3.9266942E+00
   2.1922619E+00  -1.0004728E-01   4.8236241E+00   3.9261341E+00
   2.1939662E+00  -9.5026933E-02   4.6996474E+00   3.9255745E+00
   2.1973965E+00  -1.0501289E-01   4.5553384E+00   3.9246907E+00
   2.2008517E+00  -9.9051341E-02   4.3322368E+00   3.9234071E+00
   2.2043474E+00  -1.0377488E-01   4.2087264E+00   3.9226894E+00
   2.2079372E+00  -9.7012594E-02   4.1046968E+00   3.9219966E+00
   2.2115099E+00  -1.2443583E-01   3.8712883E+00   3.9208496E+00
   2.2150602E+00  -1.2232161E-01   3.7623663E+00   3.9199624E+00
   2.2186069E+00  -1.4682452E-01   3.6548598E+00   3.9188750E+00
   2.2221680E+00  -1.0165863E-01   3.4639361E+00   3.9182239E+00
   2.2255058E+00  -1.1970694E-01   3.2640431E+00   3.9169283E+00
   2.2273011E+00  -1.2663986E-01   3.2104244E+00   3.9165103E+00
   2.2309208E+00  -1.2950537E-01   3.0013494E+00   3.9142103E+00
   2.2344773E+00  -1.3098860E-01   2.8230109E+00   3.9121270E+00
   2.2379696E+00  -1.4063227E-01   2.6971803E+00   3.9113638E+00
   2.2414398E+00  -1.3556786E-01   2.6471846E+00   3.9114974E+00
   2.2449026E+00  -1.3409398E-01   2.5152183E+00   3.9109557E+00
   2.2484035E+00  -1.4658867E-01   2.3022017E+00   3.9084096E+00
   2.2521179E+00  -1.6713405E-01   2.0796440E+00   3.9051514E+00
   2.2539916E+00  -1.4481276E-01   1.9669712E+00   3.9042184E+00
   2.2577436E+00  -1.4389610E-01   1.8602653E+00   3.9025569E+00
   2.2614408E+00  -1.5567048E-01   1.7384580E+00   3.9018562E+00
   2.2650599E+00  -1.5729980E-01   1.6814610E+00   3.9014187E+00
   2.2686625E+00  -1.4512186E-01   1.5751622E+00   3.9003816E+00
   2.2719531E+00  -1.6981521E-01   1.2154354E+00   3.8958166E+00
   2.2754674E+00  -1.7217974E-01   1.1563604E+00   3.8942645E+00
   2.2791359E+00  -1.5997626E-01   9.6096563E-01   3.8922210E+00
   2.2810092E+00  -1.7793192E-01   9.4864243E-01   3.8920679E+00
   2.2848389E+00  -1.8484855E-01   8.1993252E-01   3.8908870E+00
   2.2886572E+00  -1.4905766E-01   5.5877042E-01   3.8859565E+00
   2.2924306E+00  -1.2994562E-01   4.6357775E-01   3.8816957E+00
   2.2953048E+00  -1.4980738E-01   2.3187956E-01   3.8798053E+00
   2.2984738E+00  -1.8850811E-01   2.4982890E-01   3.8790610E+00
   2.3019676E+00  -2.1949945E-01   2.1453977E-02   3.8782792E+00
   2.3057437E+00  -2.1979447E-01   7.6613478E-02   3.8770652E+00
   2.3076177E+00  -1.2446839E-01  -1.5680443E-01   3.8751521E+00
   2.3116159E+00  -2.2405493E-01  -5.5045861E-01   3.8695045E+00
   2.3151467E+00  -2.1095894E-01  -4.0712032E-01   3.8668711E+00
   2.3178046E+00  -1.0703816E-01  -6.7154139E-01   3.8658719E+00
   2.3222325E+00  -1.6361889E-01  -7.4731779E-01   3.8655238E+00
   2.3254571E+00  -2.0865415E-01  -7.1888071E-01   3.8645473E+00
   2.3290122E+00  -2.3340008E-01  -1.1194115E+00   3.8599916E+00
   2.3309243E+00  -2.3330355E-01  -1.1359748E+00   3.8552907E+00
   2.3350396E+00  -2.6863247E-01  -1.4238436E+00   3.8506739E+00
   2.3388231E+00  -1.7953333E-01  -1.6085836E+00   3.8488116E+00
   2.3423588E+00  -1.4683683E-01  -1.5821941E+00   3.8474936E+00
   2.3442605E+00  -1.6234100E-01  -1.6787753E+00   3.8471420E+00
   2.3483536E+00  -2.6684788E-01  -1.7067317E+00   3.8439837E+00
   2.3528101E+00  -1.8778935E-01  -2.1148832E+00   3.8391993E+00
   2.3551784E+00  -1.4425699E-01  -2.3628159E+00   3.8369761E+00
   2.3574603E+00  -2.1938607E-01  -2.2732127E+00   3.8357036E+00
   2.3623714E+00  -2.4293202E-01  -2.3168132E+00   3.8346074E+00
   2.3655443E+00  -3.0137756E-01  -2.3841140E+00   3.8316998E+00
   2.3690426E+00  -1.1422526E-01  -2.7390425E+00   3.8288691E+00
   2.3709240E+00  -1.7191650E-01  -3.0567088E+00   3.8260643E+00
   2.3749735E+00  -2.4065267E-01  -2.8707862E+00   3.8238902E+00
   2.3787463E+00  -2.4773754E-01  -3.0071430E+00   3.8211856E+00
   2.3829036E+00  -2.4592501E-01  -3.1010871E+00   3.8189986E+00
   2.3851383E+00  -2.0703478E-01  -3.2292919E+00   3.8183513E+00
   2.3874846E+00  -1.2206503E-01  -3.4368567E+00   3.8175831E+00
   2.3910925E+00  -2.3257871E-01  -3.5500166E+00   3.8135185E+00
   2.3959866E+00  -1.1812513E-01  -3.6682911E+00   3.8081298E+00
   2.3992434E+00  -1.8348947E-01  -3.8170893E+00   3.8068895E+00
   2.4028337E+00  -3.1121606E-01  -4.0314612E+00   3.8042018E+00
   2.4047647E+00  -1.4320169E-01  -4.0089388E+00   3.8031290E+00
   2.4089210E+00  -2.2056818E-01  -4.2257614E+00   3.7994857E+00
   2.4111564E+00  -3.1123325E-01  -4.1610198E+00   3.7978508E+00
   2.4153540E+00  -9.6856847E-02  -4.3696718E+00   3.7953651E+00
   2.4187469E+00  -1.5109728E-01  -4.7342191E+00   3.7908261E+00
   2.4215324E+00  -1.1735532E-01  -4.6203432E+00   3.7869389E+00
   2.4246035E+00  -3.0807650E-01  -4.6718211E+00   3.7857511E+00
   2.4279892E+00  -2.2300546E-01  -4.9987178E+00   3.7852626E+00
   2.4317219E+00  -2.5612110E-01  -4.9621329E+00   3.7833645E+00
   2.4358373E+00  -2.0570500E-01  -5.0893512E+00   3.7801743E+00
   2.4380507E+00  -1.7772444E-01  -5.1903906E+00   3.7777016E+00
   2.4428148E+00  -1.7607078E-01  -5.2966018E+00   3.7724509E+00
   2.4453769E+00  -2.1687748E-01  -5.3892999E+00   3.7701974E+00
   2.4480672E+00  -2.3819755E-01  -5.4830017E+00   3.7681446E+00
   2.4529562E+00  -1.5928742E-01  -5.6816301E+00   3.7598536E+00
   2.4553809E+00  -2.1837482E-01  -5.7270193E+00   3.7586944E+00
   2.4579268E+00  -2.4246827E-01  -5.7344098E+00   3.7577219E+00
   2.4620397E+00  -1.9861567E-01  -5.9768443E+00   3.7543650E+00
   2.4651384E+00  -2.0764080E-01  -6.0750589E+00   3.7373531E+00
   2.4685552E+00  -1.3307115E-01  -6.2156630E+00   3.7442443E+00
   2.4723220E+00  -2.3466438E-01  -6.0888925E+00   3.7494476E+00
   2.4759133E+00  -2.4970378E-01  -6.1960540E+00   3.7509549E+00
   2.4792836E+00  -1.7545229E-01  -6.2524662E+00   3.7461116E+00
   2.4829991E+00  -2.4414207E-01  -6.4117961E+00   3.7323949E+00
   2.4849973E+00  -2.2433917E-01  -6.5379076E+00   3.7283509E+00
   2.4892983E+00  -1.9795068E-01  -6.5256991E+00   3.7269862E+00
   2.4916115E+00  -2.0459068E-01  -6.5417547E+00   3.7266674E+00
   2.4959743E+00  -1.1303583E-01  -6.6050010E+00   3.7246065E+00
   2.4980049E+00  -2.8030393E-01  -6.6127310E+00   3.7229741E+00
   2.5023758E+00  -2.0392102E-01  -6.7704864E+00   3.7174091E+00
   2.5047264E+00  -2.1189344E-01  -6.7856674E+00   3.7118077E+00
   2.5097864E+00  -1.7403825E-01  -6.8782678E+00   3.7062078E+00
   2.5121617E+00  -2.1098681E-01  -6.8420830E+00   3.7047105E+00
   2.5146561E+00  -1.4999594E-01  -6.8632741E+00   3.7036979E+00
   2.5194433E+00  -1.9583605E-01  -6.9166942E+00   3.7014396E+00
   2.5217698E+00  -1.7117289E-01  -7.0112762E+00   3.6989992E+00
   2.5267775E+00  -1.7202029E-01  -7.0442443E+00   3.6934597E+00
   2.5294709E+00  -1.7763673E-01  -7.0733685E+00   3.6757808E+00
   2.5318913E+00  -1.5972590E-01  -7.0089245E+00   3.6769292E+00
   2.5354054E+00  -1.6560224E-01  -6.9898739E+00   3.6854548E+00
   2.5392795E+00  -2.2477379E-01  -7.1215849E+00   3.6884487E+00
   2.5413630E+00  -1.9664524E-01  -7.0992122E+00   3.6885555E+00
   2.5458477E+00  -1.4949630E-01  -7.0831270E+00   3.6851325E+00
   2.5482595E+00  -2.1969587E-01  -7.0862212E+00   3.6804409E+00
   2.5534513E+00  -1.3581614E-01  -7.0823507E+00   3.6678696E+00
   2.5562434E+00  -1.8101835E-01  -7.0454540E+00   3.6634023E+00
   2.5591750E+00  -1.4942519E-01  -7.0476308E+00   3.6615825E+00
   2.5622532E+00  -1.7702197E-01  -7.0259590E+00   3.6614811E+00
   2.5654855E+00  -1.3375528E-01  -7.0091915E+00   3.6620023E+00
   2.5685041E+00  -2.1855325E-01  -7.0090370E+00   3.6613815E+00
   2.5716736E+00  -1.1920320E-01  -6.9831653E+00   3.6597698E+00
   2.5750017E+00  -1.2818705E-01  -6.9798117E+00   3.6573453E+00
   2.5778060E+00  -1.2735698E-01  -6.9325504E+00   3.6538265E+00
   2.5838418E+00  -1.5091276E-01  -6.9212923E+00   3.6402450E+00
   2.5867226E+00  -1.3163295E-01  -6.8844695E+00   3.6448600E+00
   2.5887690E+00  -1.4322785E-01  -6.8702068E+00   3.6465931E+00
   2.5931733E+00  -1.3577318E-01  -6.7853813E+00   3.6481960E+00
   2.5955420E+00  -1.5377800E-01  -6.7414627E+00   3.6456723E+00
   2.5980291E+00  -1.1421619E-01  -6.6995173E+00   3.6401739E+00
   2.6033671E+00  -9.3799658E-02  -6.6121678E+00   3.6307201E+00
   2.6062298E+00  -1.0930277E-01  -6.5728097E+00   3.6279409E+00
   2.6092355E+00  -1.1245838E-01  -6.5917196E+00   3.6272607E+00
   2.6114137E+00  -6.7225829E-02  -6.5062914E+00   3.6251335E+00
   2.6161022E+00  -1.0067578E-01  -6.4207139E+00   3.6224360E+00
   2.6186237E+00  -1.2339849E-01  -6.3674827E+00   3.6210923E+00
   2.6212711E+00  -7.8997374E-02  -6.3434930E+00   3.6196063E+00
   2.6269701E+00  -9.2005476E-02  -6.3093634E+00   3.6145165E+00
   2.6300349E+00  -1.0270327E-01  -6.1998377E+00   3.6111112E+00
   2.6332531E+00  -7.9968378E-02  -6.1124282E+00   3.6085639E+00
   2.6366320E+00  -7.6085538E-02  -6.1018305E+00   3.6066351E+00
   2.6400003E+00  -7.3904425E-02  -6.0534935E+00   3.6047261E+00
   2.6428685E+00  -7.0606381E-02  -5.9941821E+00   3.6022410E+00
   2.6458805E+00  -7.8576297E-02  -5.9361019E+00   3.5997279E+00
   2.6490426E+00  -6.9695055E-02  -5.8777738E+00   3.5974772E+00
   2.6523631E+00  -6.4770363E-02  -5.8376193E+00   3.5954416E+00
   2.6556373E+00  -6.6781394E-02  -5.7879720E+00   3.5933022E+00
   2.6590250E+00  -5.8458101E-02  -5.6883392E+00   3.5909884E+00
   2.6617930E+00  -6.1160348E-02  -5.5940609E+00   3.5879018E+00
   2.6646998E+00  -4.2364981E-02  -5.5186276E+00   3.5867302E+00
   2.6677516E+00  -4.8125081E-02  -5.4340472E+00   3.5839465E+00
   2.6709561E+00  -2.7907183E-02  -5.3326998E+00   3.5809679E+00
   2.6771257E+00  -4.4430472E-02  -5.2605424E+00   3.5769527E+00
   2.6802912E+00  -5.2196801E-02  -5.1888261E+00   3.5746918E+00
   2.6836147E+00  -3.5662554E-02  -5.1381130E+00   3.5722203E+00
   2.6871045E+00  -3.2161977E-02  -5.0614476E+00   3.5700824E+00
   2.6907687E+00  -2.4749910E-02  -4.9797349E+00   3.5681703E+00
   2.6946161E+00  -3.1384442E-02  -4.8950386E+00   3.5662425E+00
   2.6984611E+00  -2.3475947E-02  -4.7646241E+00   3.5558248E+00
   2.7018254E+00  -2.3503175E-02  -4.7231779E+00   3.5565507E+00
   2.7052846E+00  -2.2499062E-02  -4.7196569E+00   3.5580027E+00
   2.7085319E+00  -1.7152889E-02  -4.7029901E+00   3.5586276E+00
   2.7116196E+00  -1.2732436E-02  -4.6303635E+00   3.5581579E+00
   2.7145371E+00   7.7841645E-03  -4.5546808E+00   3.5559628E+00
   2.7199523E+00  -1.3621952E-03  -4.4226856E+00   3.5514317E+00
   2.7227321E+00  -8.4181754E-03  -4.3430948E+00   3.5483823E+00
   2.7256505E+00  -8.5947118E-05  -4.2623653E+00   3.5458412E+00
   2.7287152E+00  -4.8583206E-03  -4.2493901E+00   3.5450428E+00
   2.7319329E+00   1.7564017E-03  -4.1981335E+00   3.5446827E+00
   2.7351968E+00   8.4644370E-03  -4.1343532E+00   3.5439069E+00
   2.7382901E+00   5.5581992E-03  -4.0481086E+00   3.5424037E+00
   2.7412088E+00   2.2666108E-02  -3.9904196E+00   3.5407889E+00
   2.7474914E+00   1.5092575E-02  -3.9041066E+00   3.5387266E+00
   2.7508702E+00   1.9655760E-02  -3.8337302E+00   3.5372646E+00
   2.7544179E+00   2.3065299E-02  -3.7685771E+00   3.5359652E+00
   2.7580514E+00   2.5628245E-02  -3.7227705E+00   3.5347307E+00
   2.7615445E+00   3.1913940E-02  -3.6335406E+00   3.5333393E+00
   2.7650056E+00   2.9663440E-02  -3.5666189E+00   3.5318284E+00
   2.7686398E+00   2.4614258E-02  -3.5445676E+00   3.5303347E+00
   2.7724559E+00   2.0580148E-02  -3.4960682E+00   3.5289819E+00
   2.7764626E+00   3.8102251E-02  -3.2776504E+00   3.5230973E+00
   2.7803762E+00   4.4136796E-02  -3.2543597E+00   3.5237017E+00
   2.7839723E+00   4.5499858E-02  -3.2450068E+00   3.5249741E+00
   2.7877481E+00   4.4126794E-02  -3.2528961E+00   3.5255518E+00
   2.7917128E+00   4.0910702E-02  -3.1976728E+00   3.5250652E+00
   2.7956262E+00   5.2592620E-02  -3.0043693E+00   3.5188847E+00
   2.7997351E+00   4.7769580E-02  -2.9861100E+00   3.5178621E+00
   2.8040495E+00   4.9063366E-02  -2.9700367E+00   3.5178733E+00
   2.8081961E+00   5.0432473E-02  -2.9394569E+00   3.5175834E+00
   2.8121288E+00   5.3420469E-02  -2.8781643E+00   3.5164573E+00
   2.8159349E+00   6.4922862E-02  -2.6355758E+00   3.5080743E+00
   2.8197205E+00   6.4932890E-02  -2.6691949E+00   3.5084171E+00
   2.8235874E+00   6.2643111E-02  -2.6679232E+00   3.5092807E+00
   2.8271279E+00   6.4928070E-02  -2.6720974E+00   3.5099733E+00
   2.8308456E+00   6.2281393E-02  -2.6277633E+00   3.5099175E+00
   2.8347492E+00   5.9727408E-02  -2.4288437E+00   3.5056601E+00
   2.8388479E+00   6.4102538E-02  -2.4210854E+00   3.5045571E+00
   2.8428357E+00   6.2933549E-02  -2.4273181E+00   3.5040720E+00
   2.8465040E+00   6.4036287E-02  -2.3948336E+00   3.5033958E+00
   2.8499286E+00   6.6260748E-02  -2.1959884E+00   3.4988704E+00
   2.8531713E+00   6.7341462E-02  -2.2015636E+00   3.4982779E+00
   2.8562546E+00   6.4395286E-02  -2.2042835E+00   3.4982116E+00
   2.8594921E+00   7.2982319E-02  -2.2313764E+00   3.4983747E+00
   2.8628914E+00   6.8647131E-02  -2.1600618E+00   3.4985619E+00
   2.8664608E+00   6.9237664E-02  -2.0895445E+00   3.4978728E+00
   2.8702085E+00   7.2398439E-02  -2.0167246E+00   3.4966316E+00
   2.8741436E+00   7.3578343E-02  -1.8006026E+00   3.4915445E+00
   2.8782756E+00   7.5133428E-02  -1.8113809E+00   3.4913189E+00
   2.8826141E+00   7.3627010E-02  -1.8251562E+00   3.4919953E+00
   2.8871696E+00   7.8761950E-02  -1.8093935E+00   3.4926503E+00
   2.8919528E+00   7.9124510E-02  -1.6471660E+00   3.4929876E+00
   2.8969750E+00   7.7773437E-02  -1.6168215E+00   3.4922538E+00
   2.9021389E+00   7.7111006E-02  -1.4596846E+00   3.4897969E+00
   2.9072876E+00   7.7763818E-02  -1.4368744E+00   3.4901404E+00
   2.9124346E+00   8.0291994E-02  -1.2988604E+00   3.4911895E+00
   2.9175708E+00   7.9789095E-02  -1.2557050E+00   3.4908590E+00
   2.9226959E+00   8.1334069E-02  -1.0905322E+00   3.4896820E+00
   2.9278104E+00   8.1218280E-02  -1.0659286E+00   3.4898798E+00
   2.9327996E+00   8.2113184E-02  -1.0134903E+00   3.4901597E+00
   2.9376781E+00   8.2847469E-02  -7.7462745E-01   3.4900749E+00
   2.9424558E+00   8.3774559E-02  -7.6318318E-01   3.4898775E+00
   2.9472187E+00   8.3521657E-02  -7.3160118E-01   3.4897733E+00
   2.9519761E+00   8.4675431E-02  -5.5787492E-01   3.4895747E+00
   2.9566784E+00   8.5189275E-02  -5.2992076E-01   3.4895957E+00
   2.9612997E+00   8.7153718E-02  -4.7986597E-01   3.4896894E+00
   2.9658511E+00   8.6910233E-02  -3.9756277E-01   3.4897780E+00
   2.9703851E+00   8.7969571E-02  -8.9655355E-02   3.4897432E+00
   2.9748883E+00   8.5977376E-02  -8.8362940E-02   3.4895892E+00
   2.9793630E+00   8.6585820E-02  -9.6772984E-02   3.4894326E+00
   2.9838045E+00   8.5716158E-02  -7.5458556E-02   3.4895723E+00
   2.9882133E+00   8.6393110E-02  -1.5020523E-02   3.4898841E+00
   2.9925940E+00   9.1504775E-02   2.7040994E-01   3.4908836E+00
   2.9969547E+00   9.0685315E-02   2.8549781E-01   3.4906416E+00
   3.0013020E+00   9.0418100E-02   2.8380531E-01   3.4898691E+00
   3.0056417E+00   8.9832328E-02   3.0637142E-01   3.4894850E+00
   3.0099764E+00   8.8897280E-02   5.1709366E-01   3.4894013E+00
   3.0143056E+00   9.0294078E-02   5.3803593E-01   3.4894381E+00
   3.0186265E+00   9.1078438E-02   5.6012726E-01   3.4894221E+00
   3.0229137E+00   8.9152902E-02   6.1248833E-01   3.4897287E+00
   3.0271568E+00   8.6611852E-02   8.8144720E-01   3.4916620E+00
   3.0313888E+00   8.7033972E-02   8.6715227E-01   3.4911263E+00
   3.0356331E+00   8.5779108E-02   8.5441476E-01   3.4904890E+00
   3.0398831E+00   8.5176699E-02   8.7136912E-01   3.4901299E+00
   3.0441327E+00   8.3719447E-02   1.0756773E+00   3.4918888E+00
   3.0483909E+00   8.3038650E-02   1.0768672E+00   3.4919086E+00
   3.0526650E+00   8.2671069E-02   1.0893062E+00   3.4920945E+00
   3.0569587E+00   8.3207801E-02   1.2548695E+00   3.4949095E+00
   3.0612721E+00   8.3362944E-02   1.2532101E+00   3.4948530E+00
   3.0655749E+00   8.3242737E-02   1.2646477E+00   3.4948623E+00
   3.0698748E+00   8.1915356E-02   1.4352942E+00   3.4976735E+00
   3.0741794E+00   8.1531048E-02   1.4291743E+00   3.4978247E+00
   3.0784955E+00   8.1210047E-02   1.4362624E+00   3.4980817E+00
   3.0828295E+00   8.0489703E-02   1.6023786E+00   3.5017996E+00
   3.0871871E+00   8.0721036E-02   1.5970675E+00   3.5018427E+00
   3.0915744E+00   8.0469541E-02   1.6057783E+00   3.5019426E+00
   3.0959907E+00   7.7631257E-02   1.7801138E+00   3.5056336E+00
   3.1004369E+00   7.8002140E-02   1.7778089E+00   3.5057819E+00
   3.1037922E+00   8.2389966E-02   1.8110341E+00   3.5061417E+00
   3.1073153E+00   7.7379450E-02   1.8402030E+00   3.5070982E+00
   3.1110144E+00   7.3220558E-02   2.0616233E+00   3.5124142E+00
   3.1148987E+00   7.3332451E-02   2.0565124E+00   3.5126865E+00
   3.1189768E+00   7.4774086E-02   2.0373397E+00   3.5121577E+00
   3.1232593E+00   7.3235236E-02   2.0383132E+00   3.5121036E+00
   3.1277556E+00   6.8832390E-02   2.2149577E+00   3.5163367E+00
   3.1324768E+00   6.8365492E-02   2.2164969E+00   3.5164745E+00
   3.1374340E+00   6.6509828E-02   2.2390692E+00   3.5168097E+00
   3.1426392E+00   6.0279995E-02   2.4540813E+00   3.5225232E+00
   3.1480892E+00   5.8205485E-02   2.4482334E+00   3.5224411E+00
   3.1525908E+00   5.5792604E-02   2.5482996E+00   3.5243785E+00
   3.1565459E+00   5.2131172E-02   2.8925202E+00   3.5331175E+00
   3.1599605E+00   5.9414227E-02   2.7997305E+00   3.5300622E+00
   3.1637251E+00   5.4152984E-02   2.7212176E+00   3.5277328E+00
   3.1678758E+00   5.0536584E-02   2.7501452E+00   3.5272381E+00
   3.1701081E+00   4.9191922E-02   2.8121078E+00   3.5282109E+00
   3.1724520E+00   4.8418988E-02   2.8903086E+00   3.5299430E+00
   3.1774969E+00   4.6426401E-02   3.0670776E+00   3.5348630E+00
   3.1802101E+00   4.5117449E-02   3.1086628E+00   3.5359664E+00
   3.1830592E+00   4.3709125E-02   3.1444459E+00   3.5368202E+00
   3.1860504E+00   4.1983195E-02   3.1784885E+00   3.5375717E+00
   3.1891916E+00   4.0124264E-02   3.2389607E+00   3.5389068E+00
   3.1924894E+00   3.7967630E-02   3.2983272E+00   3.5402551E+00
   3.1959524E+00   3.6191978E-02   3.3603821E+00   3.5413258E+00
   3.1995883E+00   2.3936734E-02   3.5227051E+00   3.5457845E+00
   3.2034063E+00   3.2832190E-02   3.5573912E+00   3.5449469E+00
   3.2060530E+00   4.0018931E-02   3.5976152E+00   3.5438733E+00
   3.2117503E+00   2.5762139E-02   3.6518245E+00   3.5446475E+00
   3.2148142E+00   2.4176514E-02   3.7429082E+00   3.5467520E+00
   3.2180314E+00   2.0083494E-02   3.8499959E+00   3.5493474E+00
   3.2214096E+00   1.8572796E-02   3.9468646E+00   3.5518675E+00
   3.2249565E+00   1.7357873E-02   4.0373192E+00   3.5541570E+00
   3.2286808E+00   1.5993722E-02   4.1234598E+00   3.5561173E+00
   3.2325914E+00   1.2180550E-02   4.3435078E+00   3.5639102E+00
   3.2366974E+00   1.0765485E-02   4.3574262E+00   3.5627675E+00
   3.2410088E+00   4.6813316E-03   4.3679471E+00   3.5614922E+00
   3.2455356E+00   9.8041026E-03   4.4546471E+00   3.5612681E+00
   3.2502887E+00   1.9124945E-03   4.7147155E+00   3.5687356E+00
   3.2552798E+00  -4.5791260E-04   4.7649693E+00   3.5692194E+00
   3.2605202E+00  -3.2907554E-03   4.9460406E+00   3.5755453E+00
   3.2660227E+00  -9.9375993E-03   5.0681524E+00   3.5777447E+00
   3.2706096E+00  -1.0672923E-02   5.1623511E+00   3.5779250E+00
   3.2754259E+00  -1.7057694E-02   5.4363160E+00   3.5860949E+00
   3.2804830E+00  -1.8705988E-02   5.4916224E+00   3.5862665E+00
   3.2857931E+00  -2.0822866E-02   5.6673102E+00   3.5912910E+00
   3.2913685E+00  -2.5244849E-02   5.8085384E+00   3.5940015E+00
   3.2971945E+00  -3.0912556E-02   6.0146871E+00   3.5960393E+00
   3.3003278E+00  -3.6670685E-02   6.2819371E+00   3.6073804E+00
   3.3036180E+00  -3.9079949E-02   6.2948656E+00   3.6063871E+00
   3.3064904E+00  -3.3877902E-02   6.3508363E+00   3.6047292E+00
   3.3095067E+00  -4.0372234E-02   6.3782487E+00   3.6042662E+00
   3.3126736E+00  -4.3984983E-02   6.4552789E+00   3.6051764E+00
   3.3159990E+00  -4.8253104E-02   6.5664120E+00   3.6074903E+00
   3.3194907E+00  -5.3387392E-02   6.8785782E+00   3.6205027E+00
   3.3231568E+00  -5.3494256E-02   6.8968620E+00   3.6190345E+00
   3.3270063E+00  -5.4565165E-02   6.9301286E+00   3.6173811E+00
   3.3310485E+00  -5.8741428E-02   6.9916282E+00   3.6168017E+00
   3.3352926E+00  -6.3910335E-02   7.2034292E+00   3.6234410E+00
   3.3444281E+00  -6.9732353E-02   7.4646587E+00   3.6301515E+00
