  flscon:  version 23.2.0.01  win64 2022 
 FLOW-3D   14:30:35  02/22/2024 pnht     
   hydr3d   version  23.2.0.20 win64     12/04/2023 HYDRO    
 Simulation Template: Free Surface - TruVOF (Default)                            

Mesh Block   1
 printing tfxob, tfyob, tfzob       
       1      999      0.000E+00      3.341E+00
   time              tfxob_1         tfyob_1         tfzob_1
   0.0000000E+00  -2.4937539E-04   5.6641154E+00   1.8320774E+00
   2.7385426E-03   1.9619705E-02  -2.3413969E+02  -4.6605770E-02
   6.3181268E-03   1.5441256E-02   5.8488059E+00   1.8862519E+00
   9.7143725E-03  -4.0236996E-03   5.5847363E+00   1.8766576E+00
   1.3276082E-02  -8.5314328E-04   5.5921636E+00   1.8409326E+00
   1.7011082E-02  -5.1003473E-04   5.5921793E+00   1.8371750E+00
   2.1128919E-02   1.2990265E-03   5.6242743E+00   1.8315548E+00
   2.3343511E-02   1.4351686E-03   5.6194854E+00   1.8303622E+00
   2.5668833E-02   5.1263330E-04   5.6210036E+00   1.8310047E+00
   3.0674091E-02   1.3670617E-03   5.6516752E+00   1.8400559E+00
   3.3109576E-02   2.3013586E-03   5.6476092E+00   1.8410603E+00
   3.5666835E-02  -1.9304611E-03   5.6737795E+00   1.8438398E+00
   4.1171335E-02  -1.1055424E-04   5.7097292E+00   1.8473892E+00
   4.4131681E-02  -8.6940068E-05   5.7316570E+00   1.8482139E+00
   4.7240045E-02  -5.2435324E-04   5.7660480E+00   1.8486080E+00
   5.0503828E-02   6.2772090E-04   5.8122144E+00   1.8485035E+00
   5.3930800E-02   1.1421572E-03   5.8472781E+00   1.8477482E+00
   5.7529122E-02   3.5195277E-04   5.8925314E+00   1.8475058E+00
   6.1052870E-02   2.2440180E-04   5.9339600E+00   1.8478187E+00
   6.4641528E-02  -1.2363314E-04   6.0058193E+00   1.8490546E+00
   6.8160467E-02   2.6522758E-03   6.0493164E+00   1.8500239E+00
   7.1727969E-02   1.1135080E-03   6.1157408E+00   1.8514547E+00
   7.5311512E-02   7.4148877E-05   6.1924143E+00   1.8530731E+00
   7.8978293E-02   1.0921974E-03   6.2686572E+00   1.8554199E+00
   8.2038917E-02  -1.4937538E-04   6.3438888E+00   1.8564725E+00
   8.5252568E-02   9.6184033E-04   6.4177408E+00   1.8584925E+00
   9.1706276E-02  -1.2365504E-03   6.5557585E+00   1.8604263E+00
   9.5054463E-02  -2.0351469E-04   6.6291709E+00   1.8616966E+00
   9.8509438E-02   4.6270119E-04   6.6976967E+00   1.8625644E+00
   1.0463422E-01  -1.0574209E-03   6.8677192E+00   1.8647958E+00
   1.0789140E-01  -1.2954242E-04   6.9399548E+00   1.8658637E+00
   1.1077680E-01   3.8321083E-04   7.0294676E+00   1.8671585E+00
   1.1380647E-01   3.1774482E-04   7.1105022E+00   1.8684458E+00
   1.1780325E-01  -1.2446573E-03   7.2464123E+00   1.8703723E+00
   1.1995275E-01  -2.2194937E-03   7.3353591E+00   1.8723599E+00
   1.2457953E-01  -2.2804401E-04   7.4537940E+00   1.8744816E+00
   1.2684181E-01   1.8834342E-04   7.5148010E+00   1.8747026E+00
   1.2921722E-01   1.2135411E-03   7.5718279E+00   1.8749808E+00
   1.3433027E-01  -3.4877760E-04   7.7094760E+00   1.8785658E+00
   1.3683116E-01   4.2298663E-04   7.8075237E+00   1.8802048E+00
   1.3945711E-01   1.5926512E-03   7.8450427E+00   1.8804713E+00
   1.4456804E-01   1.1999436E-03   8.0228796E+00   1.8840244E+00
   1.4714998E-01  -8.0838532E-04   8.0705032E+00   1.8841894E+00
   1.4986102E-01  -1.1452810E-03   8.1531296E+00   1.8856422E+00
   1.5246077E-01   2.4520000E-03   8.2407951E+00   1.8868673E+00
   1.5761234E-01   1.7404254E-03   8.3862906E+00   1.8882170E+00
   1.6038288E-01  -1.9885942E-03   8.4601126E+00   1.8888897E+00
   1.6310874E-01   2.7351563E-03   8.5473070E+00   1.8898503E+00
   1.6597088E-01   1.3100180E-03   8.6158247E+00   1.8906835E+00
   1.7150918E-01   2.0285579E-03   8.7816124E+00   1.8928580E+00
   1.7446975E-01   3.9313827E-03   8.8488207E+00   1.8937407E+00
   1.7757837E-01   2.8285095E-03   8.9218464E+00   1.8949459E+00
   1.8024383E-01   1.9797469E-03   9.0125685E+00   1.8959750E+00
   1.8304257E-01   3.3608179E-05   9.0721769E+00   1.8971491E+00
   1.8587390E-01   1.4131077E-03   9.1348867E+00   1.8981755E+00
   1.9141795E-01   2.5043651E-03   9.2929420E+00   1.8999131E+00
   1.9423537E-01   2.4698928E-03   9.3504276E+00   1.9007361E+00
   1.9719367E-01   2.5877135E-03   9.4110508E+00   1.9013742E+00
   2.0024072E-01   2.8649685E-03   9.4747477E+00   1.9022578E+00
   2.0305301E-01   1.0484175E-03   9.5358963E+00   1.9032118E+00
   2.0837182E-01   4.4352375E-03   9.6606655E+00   1.9045686E+00
   2.1123230E-01   3.7388457E-03   9.7044172E+00   1.9052590E+00
   2.1423580E-01   2.3850906E-03   9.7528582E+00   1.9057665E+00
   2.1706064E-01   5.2918228E-03   9.8065910E+00   1.9063258E+00
   2.1948639E-01   1.8818685E-03   9.8504229E+00   1.9070071E+00
   2.2470558E-01   1.9384036E-03   9.9209299E+00   1.9077914E+00
   2.2728303E-01   4.6769287E-03   9.9519606E+00   1.9084971E+00
   2.2977737E-01   2.1308076E-03   9.9796381E+00   1.9093093E+00
   2.3465675E-01   1.8620602E-03   1.0038088E+01   1.9102547E+00
   2.3728091E-01   2.0870597E-03   1.0063377E+01   1.9117223E+00
   2.4003628E-01   3.5909186E-03   1.0079790E+01   1.9120115E+00
   2.4268013E-01   3.5587200E-03   1.0108453E+01   1.9136968E+00
   2.4794774E-01  -1.7657242E-04   1.0143901E+01   1.9144957E+00
   2.5076178E-01   5.8820792E-03   1.0155585E+01   1.9153894E+00
   2.5364348E-01   3.5118312E-03   1.0171314E+01   1.9161191E+00
   2.5649977E-01   3.3732310E-03   1.0179076E+01   1.9168532E+00
   2.5933817E-01   2.9625602E-03   1.0182096E+01   1.9176728E+00
   2.6482344E-01   3.1360656E-03   1.0204894E+01   1.9186294E+00
   2.6754919E-01   2.4697382E-03   1.0189380E+01   1.9202693E+00
   2.7024356E-01   3.9758096E-03   1.0174825E+01   1.9213597E+00
   2.7287954E-01   4.0374822E-03   1.0186103E+01   1.9219669E+00
   2.7805856E-01   3.2387278E-03   1.0152029E+01   1.9234966E+00
   2.8058791E-01   4.9347924E-03   1.0140154E+01   1.9243181E+00
   2.8307974E-01   2.7571232E-03   1.0120075E+01   1.9250715E+00
   2.8786656E-01   1.8540127E-03   1.0060116E+01   1.9264177E+00
   2.9025677E-01   3.0493159E-03   1.0049229E+01   1.9265684E+00
   2.9494455E-01   3.1651242E-03   9.9840002E+00   1.9281662E+00
   2.9706454E-01   4.5661554E-03   9.9732504E+00   1.9283369E+00
   3.0153924E-01   2.6635977E-03   9.8719044E+00   1.9298903E+00
   3.0371141E-01   2.0994009E-03   9.8275223E+00   1.9308609E+00
   3.0805010E-01   3.0228682E-03   9.7873440E+00   1.9309587E+00
   3.0988938E-01   1.8754762E-03   9.7670650E+00   1.9311368E+00
   3.1383708E-01   1.3258101E-03   9.5253344E+00   1.9348686E+00
   3.1781101E-01   4.0142569E-03   9.5954733E+00   1.9335440E+00
   3.2161143E-01  -2.7218586E-04   9.5393238E+00   1.9335750E+00
   3.2347915E-01  -1.4230314E-03   9.4938765E+00   1.9337757E+00
   3.2719660E-01   2.0828564E-03   9.1920319E+00   1.9363098E+00
   3.3082169E-01   2.3870547E-03   9.3341932E+00   1.9344733E+00
   3.3431917E-01  -1.9947316E-03   9.1293039E+00   1.9353750E+00
   3.3772546E-01   1.3613168E-03   9.0688362E+00   1.9350890E+00
   3.4114668E-01   4.8890067E-03   8.9883413E+00   1.9349704E+00
   3.4448877E-01   1.8664385E-03   8.8401594E+00   1.9356000E+00
   3.4775525E-01   3.6377429E-03   8.6859198E+00   1.9367018E+00
   3.5095096E-01   3.3090902E-03   8.6043015E+00   1.9366903E+00
   3.5409626E-01  -8.1759761E-04   8.5181541E+00   1.9363248E+00
   3.5720649E-01   1.0548150E-03   8.4575672E+00   1.9360769E+00
   3.6026740E-01   8.6838519E-04   8.3308392E+00   1.9360050E+00
   3.6478120E-01   2.0189688E-03   8.1320448E+00   1.9359629E+00
   3.6773613E-01   1.9947537E-03   8.0478182E+00   1.9358450E+00
   3.7061265E-01   1.2343855E-03   7.9607229E+00   1.9355762E+00
   3.7482557E-01   2.3201611E-04   7.8026524E+00   1.9350626E+00
   3.7758771E-01   2.7179299E-03   7.7253594E+00   1.9347531E+00
   3.8033012E-01   2.0222417E-03   7.6366258E+00   1.9342462E+00
   3.8447651E-01   2.0865663E-03   7.4818363E+00   1.9333254E+00
   3.8719463E-01   2.1949930E-03   7.3730426E+00   1.9328473E+00
   3.9114848E-01   1.6000846E-03   7.2387986E+00   1.9321582E+00
   3.9370197E-01   2.0866545E-03   7.1143270E+00   1.9316251E+00
   3.9745426E-01   2.3358047E-03   6.9944415E+00   1.9306859E+00
   4.0114176E-01   3.1832117E-03   6.8815517E+00   1.9296904E+00
   4.0477854E-01   1.4598122E-03   6.7497702E+00   1.9287496E+00
   4.0717545E-01   7.2597373E-05   6.6636667E+00   1.9282608E+00
   4.1073579E-01   2.7753813E-03   6.4898281E+00   1.9276333E+00
   4.1427603E-01   1.9275423E-03   6.3833146E+00   1.9269621E+00
   4.1783279E-01  -1.1881578E-03   6.2227001E+00   1.9263247E+00
   4.2130837E-01   2.5115877E-03   6.1237969E+00   1.9258412E+00
   4.2469519E-01   2.6662478E-03   5.9655242E+00   1.9253643E+00
   4.2799872E-01   3.1091834E-03   5.8272090E+00   1.9249943E+00
   4.3124315E-01   1.8387550E-03   5.7160487E+00   1.9246440E+00
   4.3443674E-01   2.5091982E-03   5.5333366E+00   1.9244397E+00
   4.3758366E-01   1.7440704E-03   5.4350586E+00   1.9242001E+00
   4.4068962E-01   5.3140521E-04   5.3539815E+00   1.9236797E+00
   4.4477549E-01   1.7963918E-03   5.2033343E+00   1.9227788E+00
   4.4780326E-01   1.2396201E-03   4.9966378E+00   1.9221460E+00
   4.5080486E-01   9.6096774E-04   4.9120073E+00   1.9214989E+00
   4.5477283E-01  -2.1389802E-04   4.7670045E+00   1.9204988E+00
   4.5770764E-01   4.7523266E-05   4.6514187E+00   1.9196827E+00
   4.6060848E-01   1.8648381E-03   4.5303712E+00   1.9189678E+00
   4.6442840E-01  -9.0488273E-04   4.3516860E+00   1.9179730E+00
   4.6726069E-01  -1.4840249E-03   4.2346053E+00   1.9173617E+00
   4.7099689E-01  -5.6245853E-03   4.1120896E+00   1.9166416E+00
   4.7469118E-01  -8.0331456E-04   4.0049701E+00   1.9158449E+00
   4.7743863E-01  -2.5753379E-03   3.7911160E+00   1.9154166E+00
   4.8108041E-01  -7.7980021E-03   3.6066797E+00   1.9149735E+00
   4.8470646E-01  -2.8967545E-03   3.5725355E+00   1.9145664E+00
   4.8741746E-01  -3.9126677E-03   3.4991131E+00   1.9140836E+00
   4.9102452E-01  -1.8664408E-03   3.3437448E+00   1.9131597E+00
   4.9463409E-01  -5.4994463E-03   3.0454907E+00   1.9120249E+00
   4.9735001E-01  -5.1508388E-03   2.9706812E+00   1.9112449E+00
   5.0099856E-01  -3.3539888E-03   2.8560102E+00   1.9104112E+00
   5.0421637E-01  -1.3201907E-02   2.8531718E+00   1.9094061E+00
   5.0799912E-01  -2.2137831E-03   2.4643173E+00   1.9078579E+00
   5.1081681E-01  -7.0427535E-03   2.4804282E+00   1.9067696E+00
   5.1424170E-01  -6.5960605E-03   2.3894670E+00   1.9049970E+00
   5.1808763E-01  -1.1744546E-02   2.1871567E+00   1.9032533E+00
   5.2101439E-01  -1.0879673E-02   2.0866601E+00   1.9023671E+00
   5.2486891E-01  -7.7470751E-03   1.9218094E+00   1.9015292E+00
   5.2769005E-01  -7.1306447E-03   1.8032042E+00   1.9008123E+00
   5.3140932E-01  -8.1594242E-03   1.5996424E+00   1.8995640E+00
   5.3419191E-01  -3.2884798E-03   1.4667650E+00   1.8985033E+00
   5.3790110E-01  -4.7380948E-03   1.3808856E+00   1.8970436E+00
   5.4077733E-01  -1.5336119E-02   1.2195618E+00   1.8958331E+00
   5.4462230E-01  -1.2222428E-02   1.1271921E+00   1.8944530E+00
   5.4752541E-01  -6.4036585E-03   9.4143409E-01   1.8931564E+00
   5.5144542E-01  -2.0037821E-02   7.6421714E-01   1.8917836E+00
   5.5432945E-01  -1.0042606E-02   6.3871729E-01   1.8908162E+00
   5.5810761E-01  -4.2083608E-03   4.5488620E-01   1.8891071E+00
   5.6091392E-01  -2.0752126E-02   3.4978592E-01   1.8876643E+00
   5.6463331E-01  -1.7931730E-02   2.0353575E-01   1.8860526E+00
   5.6829095E-01  -2.1932898E-03  -4.5319773E-02   1.8836243E+00
   5.7121909E-01  -2.5352390E-02  -1.2929586E-01   1.8823943E+00
   5.7491112E-01  -3.4960892E-02  -3.3498442E-01   1.8802623E+00
   5.7761073E-01   2.2474580E-02  -5.9807837E-01   1.8784543E+00
   5.8148152E-01   1.8981669E-02  -5.1768845E-01   1.8777859E+00
   5.8440256E-01  -5.6122504E-02  -7.5262743E-01   1.8771082E+00
   5.8834761E-01  -1.7312907E-02  -8.7754929E-01   1.8755606E+00
   5.9141731E-01  -2.6907318E-03  -1.1446575E+00   1.8743935E+00
   5.9453124E-01  -1.5074691E-02  -1.2591034E+00   1.8730625E+00
   5.9768933E-01  -2.3000512E-02  -1.4317774E+00   1.8726121E+00
   6.0085899E-01  -2.6521247E-02  -1.4996707E+00   1.8720520E+00
   6.0511374E-01  -3.2793585E-02  -1.7033827E+00   1.8705801E+00
   6.0833740E-01  -1.3810760E-02  -1.8579599E+00   1.8697596E+00
   6.1113846E-01  -2.2162579E-02  -1.9068381E+00   1.8691437E+00
   6.1511999E-01  -1.0078169E-02  -2.2865973E+00   1.8674377E+00
   6.1836231E-01  -1.4232243E-02  -2.4188266E+00   1.8663292E+00
   6.2167716E-01  -1.3764878E-03  -2.5324485E+00   1.8649611E+00
   6.2501895E-01  -2.3900473E-02  -2.7038515E+00   1.8640195E+00
   6.2831229E-01  -4.1370064E-02  -2.8398721E+00   1.8634608E+00
   6.3149995E-01   9.6099786E-03  -3.0668788E+00   1.8622091E+00
   6.3443923E-01  -4.5491543E-02  -3.1821289E+00   1.8616601E+00
   6.3761598E-01  -4.2427059E-02  -3.2345281E+00   1.8611469E+00
   6.4112598E-01  -1.3394798E-01  -3.4832413E+00   1.8599869E+00
   6.4436519E-01   1.1466783E-01  -3.8667865E+00   1.8589530E+00
   6.4805806E-01   1.9566586E-02  -3.8039391E+00   1.8588097E+00
   6.5131474E-01  -8.0260210E-02  -4.1510077E+00   1.8581743E+00
   6.5480226E-01   4.0465787E-02  -4.1655750E+00   1.8570453E+00
   6.5851808E-01  -7.9654515E-02  -4.3757210E+00   1.8566078E+00
   6.6189682E-01   1.0052215E-01  -4.5066533E+00   1.8549136E+00
   6.6460830E-01  -1.7474544E-01  -4.8102541E+00   1.8540504E+00
   6.6790038E-01   4.4522025E-02  -4.8974385E+00   1.8528740E+00
   6.7139733E-01  -1.0693522E-02  -5.0261965E+00   1.8526982E+00
   6.7437196E-01  -1.2069454E-02  -5.1181350E+00   1.8524163E+00
   6.7800230E-01   1.0461122E-02  -5.4055696E+00   1.8499142E+00
   6.8109387E-01  -6.2406778E-02  -5.5338969E+00   1.8491168E+00
   6.8509632E-01  -6.5658271E-02  -5.6611214E+00   1.8487362E+00
   6.8793923E-01  -1.6316459E-02  -5.8243051E+00   1.8475353E+00
   6.9172055E-01  -5.5275738E-02  -5.9340477E+00   1.8462383E+00
   6.9471180E-01  -1.1169422E-01  -6.1316347E+00   1.8456399E+00
   6.9771135E-01   1.5096161E-02  -6.2803679E+00   1.8447278E+00
   7.0189810E-01  -2.9199114E-02  -6.4635835E+00   1.8440621E+00
   7.0527416E-01  -4.4508994E-02  -6.5613718E+00   1.8428481E+00
   7.0795161E-01  -3.6076361E-03  -6.7763577E+00   1.8418912E+00
   7.1123534E-01  -4.8113879E-02  -6.8884697E+00   1.8411437E+00
   7.1511465E-01  -2.2828706E-02  -7.0486498E+00   1.8399966E+00
   7.1783936E-01  -3.7232038E-02  -7.1658759E+00   1.8383011E+00
   7.2162747E-01   2.6453171E-02  -7.3141923E+00   1.8366213E+00
   7.2520030E-01   7.5955520E-04  -7.4687853E+00   1.8360252E+00
   7.2793293E-01  -5.2358124E-02  -7.4848185E+00   1.8355188E+00
   7.3167253E-01  -1.4141078E-01  -7.5838671E+00   1.8339086E+00
   7.3531115E-01   4.8430681E-02  -7.8367257E+00   1.8321322E+00
   7.3805451E-01   5.2505620E-02  -8.0513077E+00   1.8313982E+00
   7.4166048E-01   9.2050177E-04  -8.0517960E+00   1.8307428E+00
   7.4522489E-01  -2.6405642E-02  -8.1881266E+00   1.8291179E+00
   7.4792159E-01   1.2378898E-02  -8.2791910E+00   1.8282015E+00
   7.5133789E-01  -3.2246917E-02  -8.3296490E+00   1.8267782E+00
   7.5487846E-01  -4.9552474E-02  -8.4792395E+00   1.8258975E+00
   7.5825447E-01  -1.8398831E-02  -8.5350504E+00   1.8246360E+00
   7.6166356E-01  -3.0742247E-02  -8.6681643E+00   1.8235730E+00
   7.6511383E-01  -4.9248412E-03  -8.7625523E+00   1.8221201E+00
   7.6845133E-01  -5.2793674E-02  -8.8235731E+00   1.8214343E+00
   7.7189243E-01  -1.0851299E-01  -8.9167824E+00   1.8205695E+00
   7.7513236E-01   1.3052535E-01  -9.0809755E+00   1.8191839E+00
   7.7864593E-01  -1.1017065E-02  -9.1512918E+00   1.8185449E+00
   7.8191501E-01  -4.9889274E-02  -9.1769247E+00   1.8187633E+00
   7.8512669E-01  -1.9727645E-02  -9.1850481E+00   1.8183534E+00
   7.8841698E-01  -2.2993343E-02  -9.3270416E+00   1.8165945E+00
   7.9161423E-01  -3.6187731E-03  -9.3246584E+00   1.8153113E+00
   7.9480636E-01  -1.9838851E-02  -9.4479542E+00   1.8154793E+00
   7.9808474E-01  -1.5563751E-02  -9.4195118E+00   1.8154094E+00
   8.0197841E-01  -7.5262147E-03  -9.4179602E+00   1.8136280E+00
   8.0526924E-01  -2.9739650E-02  -9.5924997E+00   1.8124194E+00
   8.0853146E-01  -1.5685216E-02  -9.6438932E+00   1.8111373E+00
   8.1162560E-01  -1.4191980E-02  -9.5323219E+00   1.8107419E+00
   8.1488496E-01  -2.2601767E-02  -9.6464167E+00   1.8111020E+00
   8.1807578E-01  -1.0342779E-02  -9.6947927E+00   1.8102242E+00
   8.2188958E-01   8.5875569E-03  -9.6487083E+00   1.8078476E+00
   8.2504010E-01  -4.0428579E-02  -9.7188234E+00   1.8075069E+00
   8.2817912E-01  -8.9655472E-03  -9.7069540E+00   1.8081943E+00
   8.3191675E-01  -1.5845321E-02  -9.6665182E+00   1.8083413E+00
   8.3502924E-01  -1.8573172E-02  -9.6896276E+00   1.8074591E+00
   8.3815390E-01  -9.3369856E-03  -9.7720814E+00   1.8042078E+00
   8.4190732E-01  -4.8167547E-03  -9.7697268E+00   1.8056190E+00
   8.4489620E-01  -1.9031053E-02  -9.6764879E+00   1.8062496E+00
   8.4870708E-01  -1.6135670E-02  -9.7352343E+00   1.8047962E+00
   8.5171169E-01  -4.3663744E-02  -9.6934776E+00   1.8025701E+00
   8.5537863E-01  -1.0991670E-02  -9.5930862E+00   1.8049268E+00
   8.5834718E-01  -1.8978035E-02  -9.6668739E+00   1.8024441E+00
   8.6203772E-01  -1.6358657E-02  -9.7019043E+00   1.7971342E+00
   8.6494535E-01  -9.8674512E-03  -9.6968327E+00   1.7971178E+00
   8.6857069E-01  -2.7891668E-02  -9.4985609E+00   1.7983503E+00
   8.7219608E-01  -7.7036424E-03  -9.5462885E+00   1.7968328E+00
   8.7505072E-01  -4.8161644E-02  -9.5614691E+00   1.7961491E+00
   8.7861228E-01  -1.5083424E-02  -9.4819422E+00   1.7953421E+00
   8.8220167E-01  -3.7510596E-02  -9.4477482E+00   1.7939543E+00
   8.8507110E-01  -1.1483676E-02  -9.4546165E+00   1.7930082E+00
   8.8859606E-01  -1.7535789E-02  -9.4578295E+00   1.7918904E+00
   8.9210778E-01  -6.4763837E-02  -9.3560667E+00   1.7899166E+00
   8.9493430E-01  -7.8486709E-04  -9.2907782E+00   1.7886577E+00
   8.9849830E-01  -3.8001442E-03  -9.2510948E+00   1.7872088E+00
   9.0211624E-01  -3.0286114E-03  -9.2720585E+00   1.7871408E+00
   9.0500909E-01  -1.1466475E-02  -9.2205601E+00   1.7860259E+00
   9.0859181E-01  -1.9563343E-02  -9.1479349E+00   1.7840799E+00
   9.1217941E-01  -9.7345496E-03  -9.1521473E+00   1.7829157E+00
   9.1506195E-01  -2.4496233E-02  -9.0178089E+00   1.7819715E+00
   9.1875577E-01  -1.4672735E-02  -8.9890146E+00   1.7806942E+00
   9.2170268E-01  -9.6864337E-03  -8.9764729E+00   1.7797308E+00
   9.2533642E-01   1.2265451E-02  -8.9111328E+00   1.7785192E+00
   9.2894214E-01  -7.9742774E-02  -8.8031120E+00   1.7768329E+00
   9.3183255E-01  -4.0680327E-02  -8.7906313E+00   1.7756993E+00
   9.3545806E-01   4.9828168E-02  -8.7852955E+00   1.7734256E+00
   9.3839014E-01  -2.5802262E-02  -8.6135511E+00   1.7731302E+00
   9.4214165E-01  -2.0548377E-02  -8.6390734E+00   1.7723769E+00
   9.4512379E-01  -4.9369726E-03  -8.6210432E+00   1.7706927E+00
   9.4872695E-01  -2.0856524E-02  -8.5490999E+00   1.7689973E+00
   9.5235729E-01   8.8720890E-03  -8.4269724E+00   1.7677021E+00
   9.5530981E-01  -8.4858211E-03  -8.4079075E+00   1.7669383E+00
   9.5902801E-01   2.8380353E-02  -8.3615789E+00   1.7665431E+00
   9.6198910E-01  -2.7792111E-02  -8.2997513E+00   1.7662598E+00
   9.6567196E-01   2.1199267E-02  -8.2601080E+00   1.7648758E+00
   9.6860689E-01  -6.8354462E-03  -8.1936617E+00   1.7644436E+00
   9.7238946E-01  -5.1243673E-03  -8.1185408E+00   1.7642289E+00
   9.7542924E-01  -1.0453401E-02  -8.0943670E+00   1.7632501E+00
   9.7913694E-01   4.1425736E-03  -7.9906964E+00   1.7614198E+00
   9.8191315E-01   2.7760989E-03  -7.9203377E+00   1.7604688E+00
   9.8555821E-01  -3.1491569E-03  -7.8990865E+00   1.7599210E+00
   9.8902035E-01   2.5491945E-03  -7.8420229E+00   1.7595599E+00
   9.9181610E-01   1.0475878E-02  -7.7542262E+00   1.7587022E+00
   9.9535149E-01   4.8422639E-04  -7.7439256E+00   1.7575005E+00
   9.9897736E-01  -3.3276363E-03  -7.6242371E+00   1.7568142E+00
   1.0019881E+00   5.9715076E-03  -7.6525283E+00   1.7563089E+00
   1.0057269E+00   4.4312361E-03  -7.5523572E+00   1.7556347E+00
   1.0086439E+00   2.7478090E-03  -7.5003524E+00   1.7555557E+00
   1.0122058E+00   6.6667870E-03  -7.4253964E+00   1.7551663E+00
   1.0152277E+00   9.9025611E-03  -7.4068394E+00   1.7547960E+00
   1.0190002E+00   8.1998883E-03  -7.3527613E+00   1.7545265E+00
   1.0219935E+00   7.6783523E-03  -7.2968001E+00   1.7537920E+00
   1.0257424E+00   1.5435403E-02  -7.2572608E+00   1.7525316E+00
   1.0287615E+00   1.1770404E-02  -7.2127976E+00   1.7518814E+00
   1.0325490E+00   1.5305722E-02  -7.1500564E+00   1.7512945E+00
   1.0355797E+00   7.9916343E-03  -7.1045518E+00   1.7508100E+00
   1.0386106E+00   7.7641038E-03  -7.0610957E+00   1.7501938E+00
   1.0423789E+00   1.9747894E-02  -6.9767227E+00   1.7494088E+00
   1.0453525E+00   2.1435803E-02  -6.9874177E+00   1.7485754E+00
   1.0489683E+00   2.2090342E-02  -6.9565053E+00   1.7474837E+00
   1.0525509E+00   1.3246884E-02  -6.8257976E+00   1.7468907E+00
   1.0555894E+00   1.4332602E-02  -6.7890983E+00   1.7465415E+00
   1.0586283E+00   2.7837293E-02  -6.7752271E+00   1.7462004E+00
   1.0624135E+00   1.2689721E-02  -6.7165303E+00   1.7453762E+00
   1.0654557E+00   1.6673341E-02  -6.6888261E+00   1.7449633E+00
   1.0692861E+00   1.5443263E-02  -6.6588340E+00   1.7448169E+00
   1.0723552E+00   1.8724028E-02  -6.5891261E+00   1.7446222E+00
   1.0754265E+00   2.0535205E-02  -6.5102687E+00   1.7437944E+00
   1.0792730E+00   1.9985791E-02  -6.4918046E+00   1.7431933E+00
   1.0823572E+00   2.1623025E-02  -6.4650779E+00   1.7429433E+00
   1.0854459E+00   3.5830621E-02  -6.4416857E+00   1.7425770E+00
   1.0893047E+00   2.5526447E-02  -6.3827844E+00   1.7417527E+00
   1.0923849E+00   2.5342023E-02  -6.3328218E+00   1.7411860E+00
   1.0954589E+00   2.8486060E-02  -6.2755227E+00   1.7406862E+00
   1.0992931E+00   2.6386539E-02  -6.1957064E+00   1.7395558E+00
   1.1023549E+00   2.3604568E-02  -6.1628504E+00   1.7386911E+00
   1.1054082E+00   3.3787724E-02  -6.1207657E+00   1.7379601E+00
   1.1092225E+00   2.9137203E-02  -6.0622754E+00   1.7373431E+00
   1.1122800E+00   2.8165964E-02  -6.0111670E+00   1.7369534E+00
   1.1160771E+00   4.7982097E-02  -5.9361458E+00   1.7365878E+00
   1.1192077E+00   2.7269375E-02  -5.9073663E+00   1.7364339E+00
   1.1223279E+00   2.9248290E-02  -5.7977257E+00   1.7361456E+00
   1.1254320E+00   3.1220559E-02  -5.7658052E+00   1.7360716E+00
   1.1292925E+00   2.6348744E-02  -5.7231026E+00   1.7365360E+00
   1.1323647E+00   3.1193661E-02  -5.6616936E+00   1.7369635E+00
   1.1361821E+00   3.3586979E-02  -5.5690746E+00   1.7372133E+00
   1.1392103E+00   3.5038944E-02  -5.5230374E+00   1.7372921E+00
   1.1422139E+00   3.6333840E-02  -5.4555511E+00   1.7373575E+00
   1.1459348E+00   3.3856079E-02  -5.3590965E+00   1.7373872E+00
   1.1488912E+00   2.9528691E-02  -5.3368583E+00   1.7374264E+00
   1.1525636E+00   3.2697011E-02  -5.2880931E+00   1.7374859E+00
   1.1554861E+00   3.2727309E-02  -5.1812558E+00   1.7372639E+00
   1.1591231E+00   3.4369811E-02  -5.1189647E+00   1.7369512E+00
   1.1627451E+00   3.4296591E-02  -5.0538330E+00   1.7367469E+00
   1.1656343E+00   3.1739604E-02  -4.9857869E+00   1.7366474E+00
   1.1692343E+00   3.3025399E-02  -4.8670812E+00   1.7363237E+00
   1.1727914E+00   3.9884988E-02  -4.8492041E+00   1.7365075E+00
   1.1755966E+00   2.8825423E-02  -4.7801747E+00   1.7371402E+00
   1.1790524E+00   2.1412810E-02  -4.7174096E+00   1.7376279E+00
   1.1824679E+00   1.8249620E-02  -4.6014948E+00   1.7380046E+00
   1.1859102E+00   2.1445422E-02  -4.5277805E+00   1.7383258E+00
   1.1895251E+00   1.9920586E-02  -4.4570913E+00   1.7387592E+00
   1.1924523E+00   2.1427408E-02  -4.3933115E+00   1.7390833E+00
   1.1960846E+00   2.2318391E-02  -4.3138981E+00   1.7394674E+00
   1.1989827E+00   2.3817221E-02  -4.2658300E+00   1.7396269E+00
   1.2026359E+00   2.9985659E-02  -4.1237621E+00   1.7394898E+00
   1.2056011E+00   3.7417989E-02  -4.0888667E+00   1.7394626E+00
   1.2093748E+00   1.6223274E-02  -4.0114164E+00   1.7392894E+00
   1.2124484E+00   1.5832078E-02  -3.9046121E+00   1.7391139E+00
   1.2163748E+00   1.4684056E-02  -3.8534505E+00   1.7389914E+00
   1.2195842E+00   2.3645306E-02  -3.7623844E+00   1.7390344E+00
   1.2228551E+00   2.3852123E-02  -3.6678798E+00   1.7390715E+00
   1.2261809E+00   1.9093355E-02  -3.5926707E+00   1.7391539E+00
   1.2295526E+00   2.1215351E-02  -3.5130575E+00   1.7392727E+00
   1.2329639E+00   2.2780642E-02  -3.4254670E+00   1.7395056E+00
   1.2364101E+00   2.2239318E-02  -3.3585653E+00   1.7397943E+00
   1.2390023E+00   2.2346206E-02  -3.2957244E+00   1.7400546E+00
   1.2424502E+00   1.9629614E-02  -3.2217178E+00   1.7404093E+00
   1.2459083E+00   2.0638261E-02  -3.1505210E+00   1.7406358E+00
   1.2494031E+00   2.4782997E-02  -3.0563958E+00   1.7408788E+00
   1.2528886E+00   2.0003159E-02  -3.0321097E+00   1.7410191E+00
   1.2562368E+00   2.7340295E-02  -2.8594053E+00   1.7409589E+00
   1.2596271E+00   2.4642996E-02  -2.8067644E+00   1.7410930E+00
   1.2630874E+00   2.3386510E-02  -2.7463720E+00   1.7410264E+00
   1.2657002E+00   2.3932403E-02  -2.6222854E+00   1.7407104E+00
   1.2691824E+00   2.3783213E-02  -2.5968261E+00   1.7406852E+00
   1.2726274E+00   2.4320474E-02  -2.5744240E+00   1.7405887E+00
   1.2760437E+00   2.4555830E-02  -2.4892180E+00   1.7407881E+00
   1.2795019E+00   1.9327043E-02  -2.3454247E+00   1.7410680E+00
   1.2828166E+00   1.9731762E-02  -2.2926941E+00   1.7410495E+00
   1.2862871E+00   1.4989313E-02  -2.2816575E+00   1.7411727E+00
   1.2897141E+00   2.4083262E-02  -2.1937821E+00   1.7415148E+00
   1.2930458E+00   2.3522807E-02  -2.1055532E+00   1.7419933E+00
   1.2962985E+00   1.9042931E-02  -1.9582239E+00   1.7423640E+00
   1.2996811E+00   2.2195023E-02  -1.9405347E+00   1.7424717E+00
   1.3030615E+00   2.0781696E-02  -1.9297023E+00   1.7425668E+00
   1.3063769E+00   2.1232210E-02  -1.8909693E+00   1.7429019E+00
   1.3096585E+00   2.5137341E-02  -1.7498461E+00   1.7435033E+00
   1.3127036E+00   1.9230209E-02  -1.7293322E+00   1.7437479E+00
   1.3161902E+00   1.7994530E-02  -1.6471212E+00   1.7441196E+00
   1.3192244E+00   1.7723056E-02  -1.6133366E+00   1.7445199E+00
   1.3232651E+00   1.6919795E-02  -1.4929230E+00   1.7451180E+00
   1.3264852E+00   1.7866770E-02  -1.4671084E+00   1.7454807E+00
   1.3296973E+00   1.6608384E-02  -1.4030712E+00   1.7459565E+00
   1.3329042E+00   1.4402013E-02  -1.3368037E+00   1.7466037E+00
   1.3361089E+00   1.2574603E-02  -1.2390865E+00   1.7474210E+00
   1.3393137E+00   8.3573237E-03  -1.2082161E+00   1.7478024E+00
   1.3425211E+00   1.2220662E-02  -1.1737977E+00   1.7480913E+00
   1.3465360E+00   1.3859739E-02  -1.0599201E+00   1.7487116E+00
   1.3497543E+00   9.1680605E-03  -1.0357873E+00   1.7495394E+00
   1.3529786E+00   1.2096295E-02  -9.8017812E-01   1.7500808E+00
   1.3562088E+00   1.1390451E-02  -9.0500420E-01   1.7504840E+00
   1.3592274E+00   1.6101804E-02  -9.0325660E-01   1.7510124E+00
   1.3632786E+00   1.1065707E-02  -7.0476991E-01   1.7518648E+00
   1.3665240E+00   2.0116504E-02  -7.2828722E-01   1.7525345E+00
   1.3697721E+00   1.5092584E-02  -6.5935981E-01   1.7528746E+00
   1.3730218E+00   1.5519118E-02  -6.2874413E-01   1.7531987E+00
   1.3762721E+00   1.3344637E-02  -5.7390559E-01   1.7536788E+00
   1.3795221E+00   1.4430736E-02  -5.0772417E-01   1.7542659E+00
   1.3827708E+00   1.3633349E-02  -3.8155681E-01   1.7548444E+00
   1.3860180E+00   1.3575157E-02  -3.7394762E-01   1.7552397E+00
   1.3900743E+00   1.6403487E-02  -3.3729994E-01   1.7555778E+00
   1.3933172E+00   1.4474885E-02  -2.4219285E-01   1.7559483E+00
   1.3965586E+00   1.4224593E-02  -1.2740774E-01   1.7566644E+00
   1.3997989E+00   1.2892902E-02  -7.3780656E-02   1.7573444E+00
   1.4030383E+00   1.1750054E-02   3.0693348E-04   1.7579658E+00
   1.4062772E+00   1.7777372E-02   1.8208964E-02   1.7581691E+00
   1.4095159E+00   6.9271205E-03   6.4294860E-02   1.7583899E+00
   1.4127547E+00   1.2677731E-02   1.6051266E-01   1.7589180E+00
   1.4168042E+00   1.5306676E-02   3.1266633E-01   1.7602561E+00
   1.4200450E+00   1.2235099E-02   3.1894442E-01   1.7604723E+00
   1.4232873E+00   1.0468797E-02   3.3663175E-01   1.7604793E+00
   1.4265307E+00   1.1906515E-02   4.6919057E-01   1.7611680E+00
   1.4297754E+00   1.4932867E-02   5.3351593E-01   1.7617751E+00
   1.4330207E+00   1.1311448E-02   6.0271841E-01   1.7621105E+00
   1.4362674E+00   2.0705769E-02   6.4358038E-01   1.7624012E+00
   1.4395311E+00   1.1714638E-02   7.7506626E-01   1.7630800E+00
   1.4428216E+00   1.3547027E-02   8.1722420E-01   1.7636188E+00
   1.4461359E+00   1.2605415E-02   8.9031124E-01   1.7638984E+00
   1.4494698E+00   7.1181557E-03   9.8965555E-01   1.7644210E+00
   1.4528204E+00   1.4275827E-02   1.0988004E+00   1.7651860E+00
   1.4561858E+00   2.5276825E-02   1.1808529E+00   1.7656581E+00
   1.4595650E+00   8.2278904E-03   1.2022399E+00   1.7658194E+00
   1.4629589E+00   1.1506468E-02   1.3150570E+00   1.7660329E+00
   1.4663677E+00   1.9278089E-02   1.4077991E+00   1.7667787E+00
   1.4697919E+00   1.2910221E-02   1.5638387E+00   1.7680856E+00
   1.4732318E+00   1.2709820E-02   1.6466384E+00   1.7685013E+00
   1.4766877E+00   1.4363143E-02   1.6657343E+00   1.7688208E+00
   1.4801464E+00   9.2227068E-03   1.8363435E+00   1.7695587E+00
   1.4835784E+00   9.3249939E-03   1.8915794E+00   1.7706550E+00
   1.4869841E+00   1.0380403E-02   2.0378897E+00   1.7719074E+00
   1.4895214E+00   1.1037765E-02   2.1487463E+00   1.7732711E+00
   1.4928684E+00   6.5325494E-03   2.2198067E+00   1.7741307E+00
   1.4970056E+00   8.5981693E-03   2.3279383E+00   1.7751328E+00
   1.4995456E+00   8.6528761E-03   2.3607969E+00   1.7755588E+00
   1.5029768E+00   8.6891688E-03   2.5424564E+00   1.7765906E+00
   1.5066464E+00   1.9397825E-03   2.6337674E+00   1.7778914E+00
   1.5096638E+00   1.1889677E-02   2.7451644E+00   1.7788560E+00
   1.5127984E+00   8.0303978E-03   2.8087573E+00   1.7795333E+00
   1.5170805E+00   3.2690321E-03   2.9368353E+00   1.7801783E+00
   1.5203611E+00   1.4951120E-02   3.1077023E+00   1.7815692E+00
   1.5237350E+00   6.4965636E-03   3.1875587E+00   1.7823135E+00
   1.5271587E+00  -5.3272289E-03   3.2852511E+00   1.7830923E+00
   1.5305222E+00   1.7665701E-02   3.4193115E+00   1.7843194E+00
   1.5338622E+00   7.3485994E-03   3.5077498E+00   1.7850602E+00
   1.5361193E+00   8.4870504E-03   3.6152608E+00   1.7858328E+00
   1.5396190E+00   9.2048896E-03   3.7516577E+00   1.7870018E+00
   1.5429529E+00   1.3715497E-02   3.8621380E+00   1.7884290E+00
   1.5463647E+00   7.3888968E-03   3.9457426E+00   1.7892036E+00
   1.5497642E+00   1.4840015E-02   4.1266298E+00   1.7908460E+00
   1.5530856E+00   4.8894384E-03   4.2348852E+00   1.7918832E+00
   1.5563487E+00  -1.0077908E-02   4.3200722E+00   1.7925773E+00
   1.5595911E+00   9.0678064E-03   4.4367537E+00   1.7935649E+00
   1.5638974E+00   4.3704934E-04   4.6260996E+00   1.7951298E+00
   1.5671101E+00   4.8383051E-03   4.7109857E+00   1.7958224E+00
   1.5702647E+00   2.9562749E-03   4.8096757E+00   1.7963258E+00
   1.5733613E+00   1.1694031E-02   5.1277671E+00   1.7995670E+00
   1.5764409E+00   1.0830021E-02   4.9070172E+00   1.7942668E+00
   1.5805541E+00  -1.2435717E-02   5.2104340E+00   1.7984519E+00
   1.5836595E+00   4.3008335E-02   5.0812306E+00   1.7965164E+00
   1.5867828E+00  -8.8429805E-03   5.2731757E+00   1.7988350E+00
   1.5899291E+00   1.4486309E-02   5.9575424E+00   1.8103580E+00
   1.5930996E+00  -4.1672732E-03   5.5312610E+00   1.8005737E+00
   1.5962936E+00   1.2100613E-03   6.2233071E+00   1.8114855E+00
   1.6005807E+00  -1.7108375E-02   6.2215514E+00   1.8073115E+00
   1.6038117E+00   1.3246259E-02   5.9958153E+00   1.8061340E+00
   1.6070528E+00   2.8582942E-03   5.9425969E+00   1.8050383E+00
   1.6103061E+00  -7.4656168E-03   6.1217041E+00   1.8061897E+00
   1.6135764E+00   1.3835516E-03   6.3915281E+00   1.8090872E+00
   1.6168637E+00   8.0306455E-03   6.5397034E+00   1.8108243E+00
   1.6201669E+00   4.6128957E-03   6.5400138E+00   1.8114468E+00
   1.6234850E+00  -1.2852096E-02   6.6418762E+00   1.8117888E+00
   1.6268152E+00   2.2589130E-02   6.7341876E+00   1.8127477E+00
   1.6301562E+00  -5.4096160E-03   6.8640695E+00   1.8136646E+00
   1.6335057E+00   4.2933696E-03   7.0257182E+00   1.8141701E+00
   1.6368651E+00   6.3311863E-03   7.0522552E+00   1.8148408E+00
   1.6402445E+00  -7.7546118E-03   7.2007442E+00   1.8157552E+00
   1.6436421E+00  -1.0603397E-03   7.2812610E+00   1.8166000E+00
   1.6470537E+00   1.6792469E-03   7.3933663E+00   1.8175852E+00
   1.6504819E+00  -8.1719998E-03   7.4794374E+00   1.8184327E+00
   1.6539239E+00  -3.2226664E-03   7.5495920E+00   1.8191999E+00
   1.6573800E+00   3.8277865E-03   7.6395359E+00   1.8198421E+00
   1.6608541E+00   4.1752029E-03   7.7924504E+00   1.8216594E+00
   1.6631874E+00   3.7257995E-03   7.8226519E+00   1.8230535E+00
   1.6672865E+00   6.4525907E-03   7.9447126E+00   1.8250631E+00
   1.6703689E+00   3.1938858E-03   7.9916062E+00   1.8258896E+00
   1.6738603E+00   1.8037761E-03   8.0856571E+00   1.8271422E+00
   1.6774046E+00   4.7637215E-03   8.1598549E+00   1.8284290E+00
   1.6797785E+00   5.4877838E-03   8.2304878E+00   1.8296037E+00
   1.6833497E+00   4.7416114E-03   8.3113050E+00   1.8306656E+00
   1.6869265E+00   1.2750364E-02   8.4138851E+00   1.8321817E+00
   1.6904451E+00   1.8287146E-04   8.5114307E+00   1.8334981E+00
   1.6938109E+00   3.7988012E-03   8.5305977E+00   1.8346244E+00
   1.6974162E+00   9.0839071E-03   8.6244278E+00   1.8356305E+00
   1.6998276E+00   3.3290144E-03   8.6622829E+00   1.8361555E+00
   1.7034527E+00   2.4996334E-04   8.7685976E+00   1.8371091E+00
   1.7070787E+00   6.8505816E-03   8.7861614E+00   1.8380976E+00
   1.7108928E+00   1.1899481E-02   8.9087076E+00   1.8394458E+00
   1.7137638E+00   2.8124170E-03   8.9261217E+00   1.8402457E+00
   1.7168684E+00   5.5837166E-03   8.9918528E+00   1.8411320E+00
   1.7199396E+00   6.1872439E-03   9.0555201E+00   1.8423105E+00
   1.7243302E+00   6.7161629E-04   9.0900784E+00   1.8444238E+00
   1.7276404E+00   1.9151177E-03   9.1779814E+00   1.8456640E+00
   1.7301322E+00   4.4176769E-03   9.1969290E+00   1.8461066E+00
   1.7339453E+00  -6.8522920E-04   9.2829971E+00   1.8477188E+00
   1.7374730E+00  -3.4661549E-03   9.3223581E+00   1.8488827E+00
   1.7401286E+00   4.3902202E-03   9.3701124E+00   1.8499198E+00
   1.7441436E+00   2.2066857E-03   9.4203930E+00   1.8514614E+00
   1.7469441E+00   5.5322438E-03   9.4482069E+00   1.8520607E+00
   1.7500317E+00   1.6026439E-04   9.4959888E+00   1.8525449E+00
   1.7532148E+00  -3.5339347E-03   9.4893494E+00   1.8534184E+00
   1.7574849E+00  -3.0060241E-03   9.6227369E+00   1.8551862E+00
   1.7603486E+00   1.1266392E-03   9.5947485E+00   1.8558384E+00
   1.7637177E+00  -5.2741338E-03   9.7270298E+00   1.8571002E+00
   1.7670792E+00  -5.3868764E-03   9.7176256E+00   1.8579466E+00
   1.7708498E+00  -1.5123042E-02   9.7774744E+00   1.8582214E+00
   1.7735188E+00   2.9404541E-03   9.8639727E+00   1.8588821E+00
   1.7764614E+00  -5.7933917E-03   9.8534861E+00   1.8600022E+00
   1.7813035E+00  -5.8119115E-03   9.9778852E+00   1.8615891E+00
   1.7847431E+00  -4.1798358E-03   9.9352703E+00   1.8628304E+00
   1.7880690E+00  -5.9115076E-03   1.0078047E+01   1.8639698E+00
   1.7912042E+00  -2.8839114E-03   1.0064818E+01   1.8649405E+00
   1.7944090E+00  -8.7675815E-03   1.0091597E+01   1.8656679E+00
   1.7972901E+00  -5.0565489E-03   1.0235855E+01   1.8695410E+00
   1.8000979E+00  -3.3856397E-03   1.0179114E+01   1.8684239E+00
   1.8046112E+00  -9.2976866E-03   1.0193081E+01   1.8669584E+00
   1.8069822E+00  -7.3134140E-03   1.0230744E+01   1.8678145E+00
   1.8104973E+00  -5.5856658E-03   1.0355742E+01   1.8712689E+00
   1.8145666E+00  -4.1008057E-04   1.0371549E+01   1.8726314E+00
   1.8176298E+00  -3.6144268E-03   1.0434786E+01   1.8732697E+00
   1.8204261E+00  -4.1528740E-03   1.0454963E+01   1.8740246E+00
   1.8239683E+00   2.3557905E-03   1.0534163E+01   1.8752515E+00
   1.8266348E+00  -4.4243634E-03   1.0552166E+01   1.8758441E+00
   1.8306451E+00  -9.3351901E-03   1.0624599E+01   1.8768576E+00
   1.8342593E+00  -5.2206660E-06   1.0683237E+01   1.8783532E+00
   1.8367165E+00  -9.0428554E-03   1.0689780E+01   1.8790141E+00
   1.8408825E+00  -1.1155829E-02   1.0767723E+01   1.8797457E+00
   1.8440186E+00  -9.8990593E-03   1.0798090E+01   1.8809791E+00
   1.8474761E+00  -1.0357864E-02   1.0862763E+01   1.8826513E+00
   1.8509668E+00  -9.1155041E-03   1.0894817E+01   1.8836563E+00
   1.8547740E+00  -1.0615272E-02   1.0979214E+01   1.8871039E+00
   1.8566109E+00  -9.6702082E-03   1.0991720E+01   1.8869901E+00
   1.8615683E+00  -1.2716009E-02   1.1038423E+01   1.8865861E+00
   1.8633360E+00  -1.2332320E-02   1.1059886E+01   1.8872074E+00
   1.8671347E+00  -1.2191721E-02   1.1165548E+01   1.8931328E+00
   1.8702439E+00  -8.7718051E-03   1.1160660E+01   1.8923703E+00
   1.8748845E+00  -1.3038076E-02   1.1218027E+01   1.8912953E+00
   1.8783382E+00  -1.4907349E-02   1.1268981E+01   1.8917304E+00
   1.8801956E+00  -1.1687891E-02   1.1322228E+01   1.8961058E+00
   1.8834608E+00  -1.1494447E-02   1.1329963E+01   1.8954631E+00
   1.8870605E+00  -9.9756690E-03   1.1365452E+01   1.8946368E+00
   1.8910294E+00  -1.3692339E-02   1.1435176E+01   1.8950588E+00
   1.8941435E+00  -1.0165452E-02   1.1439703E+01   1.8970089E+00
   1.8970678E+00  -9.6106613E-03   1.1498960E+01   1.8982681E+00
   1.9002306E+00  -1.1103331E-02   1.1547323E+01   1.8989558E+00
   1.9036534E+00  -1.2822210E-02   1.1565688E+01   1.8998321E+00
   1.9069067E+00  -1.1573210E-02   1.1593002E+01   1.9009241E+00
   1.9104935E+00  -1.1659128E-02   1.1632439E+01   1.9015104E+00
   1.9142883E+00  -1.3667300E-02   1.1650582E+01   1.9042635E+00
   1.9178845E+00  -9.7879870E-03   1.1679499E+01   1.9041418E+00
   1.9216187E+00  -1.1382359E-02   1.1746684E+01   1.9034830E+00
   1.9234756E+00  -1.3338331E-02   1.1758227E+01   1.9032840E+00
   1.9271588E+00  -1.0568373E-02   1.1744956E+01   1.9056429E+00
   1.9308891E+00  -1.0043404E-02   1.1796846E+01   1.9054869E+00
   1.9345249E+00  -9.3269842E-03   1.1840012E+01   1.9050808E+00
   1.9380642E+00  -1.1468306E-02   1.1788908E+01   1.9085295E+00
   1.9414743E+00  -7.7337464E-03   1.1819415E+01   1.9076966E+00
   1.9447913E+00  -8.1261089E-03   1.1896215E+01   1.9060584E+00
   1.9480296E+00  -1.2392933E-02   1.1923146E+01   1.9057388E+00
   1.9512092E+00  -1.1570906E-02   1.1872149E+01   1.9071299E+00
   1.9543340E+00  -5.7554636E-03   1.1871070E+01   1.9081247E+00
   1.9574213E+00  -7.1423133E-03   1.1876147E+01   1.9084227E+00
   1.9605333E+00  -7.3294789E-03   1.1884493E+01   1.9086399E+00
   1.9649659E+00  -6.6215480E-03   1.1880773E+01   1.9090627E+00
   1.9677951E+00  -7.5686891E-03   1.1846162E+01   1.9092501E+00
   1.9705683E+00  -7.1922638E-03   1.1838014E+01   1.9095448E+00
   1.9746311E+00  -6.1752368E-03   1.1828290E+01   1.9095736E+00
   1.9772824E+00  -6.4350870E-03   1.1837074E+01   1.9094286E+00
   1.9811909E+00  -3.9160708E-03   1.1779380E+01   1.9094464E+00
   1.9837600E+00  -3.8773369E-03   1.1766982E+01   1.9094455E+00
   1.9875702E+00  -3.3687223E-03   1.1716693E+01   1.9092302E+00
   1.9912264E+00  -6.2508008E-04   1.1695694E+01   1.9090713E+00
   1.9947774E+00  -8.6399546E-04   1.1623967E+01   1.9089291E+00
   1.9982232E+00  -3.8256941E-04   1.1578864E+01   1.9088048E+00
   2.0004795E+00   2.0171106E-03   1.1562594E+01   1.9085308E+00
   2.0038195E+00   2.5091674E-03   1.1513057E+01   1.9081297E+00
   2.0081975E+00   3.9417231E-03   1.1398076E+01   1.9082320E+00
   2.0114353E+00   4.1864538E-03   1.1352192E+01   1.9083079E+00
   2.0146475E+00   6.7580999E-03   1.1305762E+01   1.9081534E+00
   2.0177405E+00   6.5989657E-03   1.1236060E+01   1.9080157E+00
   2.0207763E+00   6.8843802E-03   1.1146435E+01   1.9081694E+00
   2.0247138E+00   4.6481485E-03   1.1077587E+01   1.9080493E+00
   2.0275977E+00   7.0117870E-03   1.0994996E+01   1.9078335E+00
   2.0313869E+00   4.5879004E-03   1.0901664E+01   1.9078326E+00
   2.0341947E+00   5.5330186E-03   1.0828226E+01   1.9075853E+00
   2.0379200E+00   7.1906028E-03   1.0743056E+01   1.9070665E+00
   2.0407047E+00   8.7059410E-03   1.0677983E+01   1.9067311E+00
   2.0444026E+00   9.2091989E-03   1.0508307E+01   1.9064075E+00
   2.0480742E+00   1.0301125E-02   1.0408232E+01   1.9057465E+00
   2.0508041E+00   9.9487137E-03   1.0348993E+01   1.9051270E+00
   2.0544016E+00   8.9233192E-03   1.0211576E+01   1.9042917E+00
   2.0579605E+00   9.1973441E-03   1.0120965E+01   1.9035087E+00
   2.0614839E+00   7.9576410E-03   9.9697018E+00   1.9027840E+00
   2.0641100E+00   4.8579494E-03   9.8278284E+00   1.9022760E+00
   2.0675921E+00   6.9934451E-03   9.7497492E+00   1.9014568E+00
   2.0710456E+00   5.4811938E-03   9.6590395E+00   1.9006270E+00
   2.0744681E+00   4.8794798E-03   9.5086441E+00   1.8999704E+00
   2.0778592E+00   3.4155108E-03   9.3138075E+00   1.8994082E+00
   2.0812192E+00   4.9314043E-03   9.2153177E+00   1.8986263E+00
   2.0845482E+00   4.5168754E-03   9.0946856E+00   1.8978004E+00
   2.0878463E+00   4.1996101E-03   8.9522495E+00   1.8968710E+00
   2.0911136E+00   3.5804724E-03   8.7979631E+00   1.8959590E+00
   2.0943503E+00   1.5292511E-03   8.6651793E+00   1.8950251E+00
   2.0975566E+00   1.8029194E-03   8.5181046E+00   1.8940126E+00
   2.1015229E+00  -6.1501737E-04   8.3259525E+00   1.8926269E+00
   2.1046638E+00   1.6372505E-03   8.1804094E+00   1.8914552E+00
   2.1077776E+00   2.5102731E-03   8.0449963E+00   1.8902640E+00
   2.1116378E+00  -6.2575488E-04   7.8460579E+00   1.8885959E+00
   2.1147079E+00  -1.9071684E-03   7.7333198E+00   1.8874263E+00
   2.1177652E+00  -1.1328164E-03   7.5969520E+00   1.8862662E+00
   2.1215796E+00  -3.1050332E-03   7.3733406E+00   1.8846898E+00
   2.1246057E+00  -3.5531474E-03   7.2191501E+00   1.8835138E+00
   2.1276438E+00  -4.0886924E-04   7.0820165E+00   1.8822958E+00
   2.1314952E+00  -9.6698850E-03   6.9097481E+00   1.8807237E+00
   2.1346235E+00  -5.9443773E-03   6.7519250E+00   1.8794531E+00
   2.1377671E+00  -4.8730182E-03   6.5896826E+00   1.8781916E+00
   2.1409640E+00  -1.2096695E-03   6.4200706E+00   1.8768978E+00
   2.1447508E+00  -4.1451105E-03   6.2175136E+00   1.8758584E+00
   2.1480947E+00  -1.0825490E-02   5.9227867E+00   1.8737471E+00
   2.1517351E+00  -9.0060616E-03   5.9356451E+00   1.8717635E+00
   2.1549714E+00  -2.8863081E-03   5.7981434E+00   1.8701110E+00
   2.1581194E+00  -7.3794085E-03   5.5458140E+00   1.8688540E+00
   2.1611743E+00  -1.0025796E-02   5.3208909E+00   1.8674798E+00
   2.1649828E+00   3.8154318E-03   5.1613121E+00   1.8657413E+00
   2.1680686E+00  -7.3915208E-03   5.0609641E+00   1.8642547E+00
   2.1712914E+00  -8.5268738E-03   4.8709302E+00   1.8622665E+00
   2.1744258E+00  -6.0589234E-03   4.7399340E+00   1.8606881E+00
   2.1783369E+00  -1.7493555E-03   4.5005507E+00   1.8589301E+00
   2.1814034E+00  -2.2621319E-02   4.3671551E+00   1.8575605E+00
   2.1844177E+00   1.7782868E-03   4.2478666E+00   1.8563905E+00
   2.1882198E+00  -1.1725259E-02   4.0595455E+00   1.8547939E+00
   2.1914132E+00  -1.7519202E-02   3.8904867E+00   1.8532931E+00
   2.1945248E+00  -1.7265277E-02   3.7649884E+00   1.8519322E+00
   2.1983132E+00  -1.6163548E-02   3.4697106E+00   1.8499087E+00
   2.2012799E+00   2.9879724E-04   3.4102526E+00   1.8489037E+00
   2.2050097E+00  -2.4416072E-02   3.2987430E+00   1.8479438E+00
   2.2080941E+00  -3.6997896E-02   3.0825813E+00   1.8466495E+00
   2.2111683E+00  -8.0521377E-03   2.8669336E+00   1.8449258E+00
   2.2149606E+00  -2.9022696E-03   2.7270291E+00   1.8433384E+00
   2.2179315E+00   1.1660571E-02   2.6897292E+00   1.8424193E+00
   2.2216530E+00  -1.2732771E-02   2.5413003E+00   1.8409001E+00
   2.2247515E+00  -2.0629752E-03   2.1823084E+00   1.8379728E+00
   2.2285364E+00  -2.2531142E-02   2.0962980E+00   1.8364877E+00
   2.2314832E+00  -5.0832923E-03   2.0589788E+00   1.8359927E+00
   2.2351539E+00  -7.8067511E-02   1.8196425E+00   1.8338729E+00
   2.2381709E+00   1.5643423E-02   1.6715083E+00   1.8323115E+00
   2.2412596E+00   1.0014731E-02   1.5200213E+00   1.8308964E+00
   2.2448642E+00  -6.4621605E-03   1.4208664E+00   1.8295518E+00
   2.2485433E+00  -1.2634181E-03   1.3258469E+00   1.8277088E+00
   2.2514908E+00  -1.0340983E-01   1.0427338E+00   1.8265537E+00
   2.2545469E+00  -2.3943907E-02   1.0918082E+00   1.8255157E+00
   2.2582824E+00  -2.3597445E-02   8.7453216E-01   1.8246844E+00
   2.2619429E+00   8.7950667E-03   6.1784309E-01   1.8221287E+00
   2.2647128E+00  -8.2442075E-02   4.7988838E-01   1.8207377E+00
   2.2683027E+00  -1.3344077E-02   2.4139421E-01   1.8190814E+00
   2.2713382E+00  -5.8991056E-02   3.4350222E-01   1.8182142E+00
   2.2750988E+00   1.0863026E-02  -4.4821068E-03   1.8166349E+00
   2.2780762E+00  -1.0345541E-01  -2.6843814E-02   1.8144854E+00
   2.2818911E+00   5.1113556E-04  -1.6174300E-01   1.8134886E+00
   2.2849650E+00  -3.6130209E-02  -3.3159980E-01   1.8116335E+00
   2.2880757E+00  -5.8583658E-02  -4.6122929E-01   1.8100954E+00
   2.2912750E+00   2.5263950E-02  -5.1786172E-01   1.8092315E+00
   2.2951918E+00  -9.6913368E-02  -7.8687423E-01   1.8074365E+00
   2.2981541E+00   1.2067394E-02  -7.3019058E-01   1.8056525E+00
   2.3017957E+00  -1.3151554E-02  -1.0471134E+00   1.8042669E+00
   2.3050625E+00  -6.2582746E-02  -1.0158348E+00   1.8033329E+00
   2.3083196E+00  -1.5023842E-02  -1.1290790E+00   1.8023942E+00
   2.3117602E+00  -6.0659114E-02  -1.4304625E+00   1.7999346E+00
   2.3150744E+00  -1.0717218E-02  -1.6839478E+00   1.7982548E+00
   2.3184698E+00  -2.5489574E-02  -1.6691951E+00   1.7966484E+00
   2.3219874E+00  -8.4991775E-02  -1.3864753E+00   1.7956235E+00
   2.3250928E+00   7.1137592E-02  -2.2334011E+00   1.7937993E+00
   2.3286865E+00  -7.1416139E-03  -1.8544647E+00   1.7925165E+00
   2.3317108E+00  -8.7156430E-02  -1.9120907E+00   1.7909582E+00
   2.3354053E+00  -2.0761266E-02  -2.3828180E+00   1.7897867E+00
   2.3388648E+00  -1.2250219E-01  -2.4809737E+00   1.7890567E+00
   2.3418159E+00  -2.8508585E-02  -2.5529299E+00   1.7878178E+00
   2.3447988E+00  -3.0136798E-02  -2.6000600E+00   1.7864745E+00
   2.3488269E+00  -2.8780295E-02  -2.8258321E+00   1.7845911E+00
   2.3518577E+00  -1.4805135E-01  -2.8952210E+00   1.7836190E+00
   2.3549144E+00   1.8508352E-02  -3.1259875E+00   1.7822273E+00
   2.3586152E+00  -7.5315237E-02  -2.9570086E+00   1.7800552E+00
   2.3619821E+00  -9.7076610E-02  -3.2744343E+00   1.7791827E+00
   2.3653343E+00  -1.7576559E-02  -3.3257260E+00   1.7781771E+00
   2.3682992E+00  -7.5289063E-02  -3.5775905E+00   1.7769767E+00
   2.3713520E+00   3.3834103E-02  -3.6950238E+00   1.7756112E+00
   2.3754528E+00  -3.7313581E-02  -3.8079464E+00   1.7750393E+00
   2.3785417E+00  -7.3760800E-02  -3.8717430E+00   1.7742901E+00
   2.3815074E+00  -1.0834727E-01  -4.0110774E+00   1.7726657E+00
   2.3855090E+00  -1.4673215E-01  -4.1170459E+00   1.7720308E+00
   2.3885257E+00   4.2760749E-03  -4.1945086E+00   1.7710719E+00
   2.3915038E+00  -6.0514539E-02  -4.2765293E+00   1.7700334E+00
   2.3953979E+00   9.4651736E-02  -4.4422421E+00   1.7687120E+00
   2.3982630E+00  -1.8693721E-01  -4.6366911E+00   1.7670724E+00
   2.4020216E+00  -1.5344704E-02  -4.5477238E+00   1.7659125E+00
   2.4048381E+00  -2.8088480E-01  -4.8131499E+00   1.7653167E+00
   2.4086134E+00  -4.5358211E-02  -4.8603239E+00   1.7637718E+00
   2.4115047E+00   7.7666745E-02  -5.1704998E+00   1.7619975E+00
   2.4153457E+00  -7.9176798E-03  -4.9571519E+00   1.7609578E+00
   2.4183075E+00   9.0104081E-02  -5.1219754E+00   1.7604316E+00
   2.4222095E+00  -8.9342095E-02  -5.2740860E+00   1.7588782E+00
   2.4250901E+00  -1.9127797E-01  -5.5129895E+00   1.7575798E+00
   2.4283957E+00  -3.5495756E-03  -5.4507790E+00   1.7571528E+00
   2.4320436E+00  -1.3366111E-01  -5.5953822E+00   1.7569947E+00
   2.4349341E+00  -1.1580724E-01  -5.5522475E+00   1.7559661E+00
   2.4386837E+00   4.4678312E-02  -5.8364906E+00   1.7536194E+00
   2.4424059E+00  -1.1455952E-01  -5.9473104E+00   1.7509897E+00
   2.4452026E+00  -1.0912618E-01  -5.9016614E+00   1.7510564E+00
   2.4488187E+00  -2.4763217E-02  -5.9281306E+00   1.7511141E+00
   2.4524367E+00  -1.1465202E-02  -6.1394110E+00   1.7491353E+00
   2.4550805E+00  -1.1913348E-01  -6.0433335E+00   1.7474017E+00
   2.4586062E+00  -1.4987390E-01  -6.1806340E+00   1.7460607E+00
   2.4621136E+00  -5.9080373E-02  -6.2535362E+00   1.7450627E+00
   2.4655695E+00  -5.9525762E-02  -6.3605051E+00   1.7443687E+00
   2.4690495E+00  -6.2461868E-02  -6.4740906E+00   1.7428888E+00
   2.4716372E+00  -8.1492871E-02  -6.4488001E+00   1.7419068E+00
   2.4750829E+00  -8.8874921E-02  -6.5295963E+00   1.7401961E+00
   2.4785607E+00  -4.2539570E-02  -6.6062093E+00   1.7398801E+00
   2.4819307E+00  -7.1801588E-02  -6.5240207E+00   1.7390779E+00
   2.4855011E+00   3.2820519E-02  -6.6809382E+00   1.7374439E+00
   2.4890132E+00  -3.7814623E-03  -6.7522817E+00   1.7357621E+00
   2.4923682E+00  -1.2759742E-01  -6.7234502E+00   1.7350738E+00
   2.4950550E+00  -8.4110342E-02  -6.8036790E+00   1.7343417E+00
   2.4985180E+00  -4.6474230E-02  -6.8446422E+00   1.7327940E+00
   2.5018678E+00  -8.0489501E-02  -6.8128810E+00   1.7304065E+00
   2.5053794E+00  -9.5647514E-02  -6.9302535E+00   1.7292373E+00
   2.5088093E+00  -2.4828959E-02  -6.9669666E+00   1.7288117E+00
   2.5121431E+00  -1.2349124E-01  -6.8661113E+00   1.7276678E+00
   2.5156374E+00  -8.4315360E-02  -6.9535565E+00   1.7268170E+00
   2.5189886E+00  -1.2137774E-02  -7.0519357E+00   1.7246538E+00
   2.5222759E+00  -4.3999031E-02  -6.9103565E+00   1.7224751E+00
   2.5257163E+00  -8.3765551E-02  -6.9557567E+00   1.7234462E+00
   2.5290842E+00  -4.7268428E-02  -7.0516019E+00   1.7235922E+00
   2.5322859E+00  -6.9825113E-02  -6.8471708E+00   1.7216376E+00
   2.5356541E+00  -6.9155037E-02  -6.9340572E+00   1.7202433E+00
   2.5388608E+00  -5.9855785E-02  -7.0892448E+00   1.7192668E+00
   2.5420513E+00  -2.4100270E-02  -6.9326987E+00   1.7179587E+00
   2.5452535E+00  -2.7475262E-02  -6.9107232E+00   1.7170807E+00
   2.5485587E+00  -6.4698122E-02  -7.0344963E+00   1.7168119E+00
   2.5525978E+00  -6.1415751E-02  -6.9005976E+00   1.7137244E+00
   2.5557053E+00  -6.3650928E-02  -6.8234401E+00   1.7137938E+00
   2.5589173E+00  -3.6340378E-02  -6.9585690E+00   1.7141916E+00
   2.5621564E+00  -6.1591610E-02  -6.8129559E+00   1.7128574E+00
   2.5653415E+00  -1.4180758E-02  -6.7705030E+00   1.7100278E+00
   2.5692389E+00  -5.4667585E-02  -6.7736650E+00   1.7093849E+00
   2.5725098E+00  -4.6764154E-02  -6.7083101E+00   1.7099404E+00
   2.5757997E+00  -5.3065225E-02  -6.6683111E+00   1.7095708E+00
   2.5789351E+00  -4.0394865E-02  -6.6484714E+00   1.7064072E+00
   2.5820274E+00  -4.0330831E-02  -6.5322003E+00   1.7050239E+00
   2.5859952E+00  -6.6762239E-02  -6.5265441E+00   1.7054441E+00
   2.5892463E+00  -7.4600674E-02  -6.5596423E+00   1.7061291E+00
   2.5924907E+00  -6.1913908E-02  -6.4127808E+00   1.7050282E+00
   2.5956707E+00  -4.6617918E-02  -6.3993907E+00   1.7036895E+00
   2.5987852E+00  -5.4988805E-02  -6.3927145E+00   1.7020137E+00
   2.6019490E+00  -5.3442620E-02  -6.3055673E+00   1.7000549E+00
   2.6059115E+00  -4.8219815E-02  -6.2189603E+00   1.6993055E+00
   2.6089981E+00   1.0481490E-02  -6.1766248E+00   1.6988139E+00
   2.6119981E+00  -7.2574914E-02  -6.1689496E+00   1.6978359E+00
   2.6157494E+00  -3.0845096E-02  -6.0277905E+00   1.6978426E+00
   2.6188183E+00  -1.5745178E-02  -6.0197473E+00   1.6969780E+00
   2.6227205E+00  -4.6977103E-02  -5.9313807E+00   1.6941439E+00
   2.6257856E+00  -2.4560582E-02  -5.7642865E+00   1.6930627E+00
   2.6288078E+00  -3.4760561E-02  -5.7603240E+00   1.6934911E+00
   2.6326091E+00  -3.2424685E-02  -5.7125545E+00   1.6932843E+00
   2.6356442E+00  -6.7145815E-03  -5.5967364E+00   1.6923386E+00
   2.6387889E+00  -3.4468237E-02  -5.5228019E+00   1.6913493E+00
   2.6427679E+00  -2.5623111E-02  -5.4261622E+00   1.6894404E+00
   2.6459904E+00  -3.7503392E-02  -5.3952699E+00   1.6894466E+00
   2.6491752E+00  -1.0858786E-02  -5.2437873E+00   1.6887436E+00
   2.6522963E+00  -3.4532264E-02  -5.1820583E+00   1.6874012E+00
   2.6554015E+00  -2.5743579E-02  -5.1582341E+00   1.6866570E+00
   2.6593270E+00  -2.7506623E-02  -5.0551701E+00   1.6856849E+00
   2.6625285E+00  -1.1370769E-02  -4.9747987E+00   1.6841105E+00
   2.6657159E+00  -2.1241056E-02  -4.9524603E+00   1.6834400E+00
   2.6687884E+00   1.0810546E-02  -4.8908162E+00   1.6824460E+00
   2.6725988E+00  -1.4011802E-02  -4.7809110E+00   1.6814716E+00
   2.6756909E+00  -2.4208812E-02  -4.7148833E+00   1.6811659E+00
   2.6788266E+00  -1.1113631E-02  -4.6594667E+00   1.6801740E+00
   2.6827931E+00  -1.0111140E-02  -4.5819316E+00   1.6787025E+00
   2.6859746E+00   4.7235679E-02  -4.4043589E+00   1.6780909E+00
   2.6892133E+00  -1.3512828E-02  -4.3913813E+00   1.6769801E+00
   2.6924162E+00  -1.6955005E-02  -4.3583169E+00   1.6769803E+00
   2.6955488E+00  -6.6642212E-03  -4.2884374E+00   1.6767256E+00
   2.6995461E+00   1.3828372E-02  -4.1426325E+00   1.6749169E+00
   2.7027605E+00  -7.1649593E-03  -4.0675230E+00   1.6741105E+00
   2.7059650E+00  -1.1438885E-02  -4.0430212E+00   1.6736298E+00
   2.7091663E+00  -1.2612201E-02  -3.9844315E+00   1.6730506E+00
   2.7123637E+00  -7.7078906E-03  -3.9170625E+00   1.6720984E+00
   2.7155647E+00  -1.1768095E-02  -3.7840917E+00   1.6706111E+00
   2.7195392E+00  -1.0494573E-02  -3.7632921E+00   1.6703509E+00
   2.7226977E+00  -9.1103389E-04  -3.7109768E+00   1.6703281E+00
   2.7258701E+00   4.6709669E-03  -3.6553910E+00   1.6697954E+00
   2.7290745E+00   1.9394652E-03  -3.5112598E+00   1.6688567E+00
   2.7323959E+00  -1.3628639E-02  -3.4638996E+00   1.6684788E+00
   2.7356532E+00   7.1040262E-04  -3.4268901E+00   1.6683195E+00
   2.7389193E+00   2.0654113E-03  -3.3155856E+00   1.6679394E+00
   2.7429996E+00   1.3084062E-02  -3.2213817E+00   1.6665080E+00
   2.7462595E+00  -6.7138295E-05  -3.2118273E+00   1.6666905E+00
   2.7495570E+00  -1.9335023E-03  -3.1447222E+00   1.6672109E+00
   2.7524292E+00  -1.2769287E-03  -2.9764824E+00   1.6660370E+00
   2.7563457E+00   5.9264656E-03  -2.9683096E+00   1.6642644E+00
   2.7595582E+00  -4.0160557E-03  -2.9606729E+00   1.6647032E+00
   2.7627954E+00  -9.9114655E-03  -2.9479351E+00   1.6649889E+00
   2.7660782E+00   1.2387935E-03  -2.8223488E+00   1.6642553E+00
   2.7693970E+00   1.0110402E-03  -2.7292664E+00   1.6627719E+00
   2.7726734E+00  -2.4442885E-02  -2.6573226E+00   1.6613154E+00
   2.7759011E+00   9.2800689E-04  -2.6629033E+00   1.6609694E+00
   2.7790759E+00   4.5530545E-04  -2.6416643E+00   1.6615548E+00
   2.7830222E+00  -5.9312787E-03  -2.5923812E+00   1.6615864E+00
   2.7863567E+00   2.3622303E-03  -2.4497445E+00   1.6602099E+00
   2.7893987E+00   3.4902494E-03  -2.4263334E+00   1.6597011E+00
   2.7924221E+00   3.0477692E-03  -2.4536197E+00   1.6592432E+00
   2.7964087E+00   3.1819858E-03  -2.3389409E+00   1.6595676E+00
   2.7996149E+00   2.9808772E-03  -2.2982781E+00   1.6595752E+00
   2.8027816E+00   1.0998555E-03  -2.2407455E+00   1.6588145E+00
   2.8059514E+00  -1.7512260E-03  -2.2077451E+00   1.6582625E+00
   2.8091104E+00   1.1717923E-03  -2.1542692E+00   1.6578268E+00
   2.8130207E+00   2.2826183E-03  -2.1115620E+00   1.6574073E+00
   2.8161938E+00  -1.1698426E-03  -2.0653348E+00   1.6570832E+00
   2.8193855E+00  -1.9177113E-03  -2.0085781E+00   1.6565082E+00
   2.8225882E+00  -1.0191740E-03  -1.9825877E+00   1.6559952E+00
   2.8265209E+00  -3.5131818E-03  -1.9227817E+00   1.6554941E+00
   2.8297224E+00  -4.1879402E-03  -1.9381427E+00   1.6552955E+00
   2.8329961E+00  -1.5351215E-03  -1.8196728E+00   1.6550415E+00
   2.8361654E+00  -2.9911031E-03  -1.8158915E+00   1.6545018E+00
   2.8394191E+00  -4.2191232E-03  -1.6930695E+00   1.6539285E+00
   2.8426166E+00  -6.4345961E-03  -1.6536440E+00   1.6534846E+00
   2.8465297E+00  -4.8016822E-03  -1.6457399E+00   1.6533494E+00
   2.8495898E+00  -4.2926096E-03  -1.6169295E+00   1.6534426E+00
   2.8525963E+00  -4.6541458E-03  -1.5682266E+00   1.6533589E+00
   2.8563266E+00  -4.1782977E-03  -1.5299275E+00   1.6529729E+00
   2.8593042E+00  -3.6151693E-03  -1.4890325E+00   1.6528401E+00
   2.8630135E+00  -6.2703160E-03  -1.4099909E+00   1.6523873E+00
   2.8660078E+00  -7.2459262E-03  -1.3808286E+00   1.6521310E+00
   2.8698034E+00  -1.2333896E-02  -1.3333890E+00   1.6522131E+00
   2.8728600E+00  -1.0286999E-02  -1.2962712E+00   1.6520735E+00
   2.8759155E+00  -1.3452026E-02  -1.2585129E+00   1.6518028E+00
   2.8797255E+00  -5.4460173E-03  -1.1930295E+00   1.6513089E+00
   2.8827667E+00  -7.8648422E-03  -1.1425872E+00   1.6510381E+00
   2.8865631E+00  -1.9541853E-03  -1.1053021E+00   1.6509737E+00
   2.8895972E+00  -7.7285264E-03  -1.0444831E+00   1.6510046E+00
   2.8926342E+00  -6.5878010E-03  -1.0188377E+00   1.6509969E+00
   2.8963909E+00  -1.0589173E-02  -9.7341615E-01   1.6508825E+00
   2.8993950E+00  -1.2337426E-02  -9.0338564E-01   1.6507053E+00
   2.9031947E+00  -7.8502512E-03  -8.3527714E-01   1.6506380E+00
   2.9062359E+00  -8.4078638E-03  -8.1695056E-01   1.6507566E+00
   2.9099813E+00  -7.6064481E-03  -7.7448398E-01   1.6509693E+00
   2.9129398E+00  -8.0265058E-03  -7.4734449E-01   1.6510878E+00
   2.9166059E+00  -7.9521118E-03  -6.1665797E-01   1.6509522E+00
   2.9195175E+00  -1.4529390E-03  -5.6587970E-01   1.6509132E+00
   2.9231493E+00  -1.1751375E-03  -5.7749319E-01   1.6510872E+00
   2.9260228E+00  -1.6721501E-03  -5.2909428E-01   1.6513367E+00
   2.9296780E+00  -2.2951104E-03  -4.3775579E-01   1.6515040E+00
   2.9333317E+00  -3.6014151E-03  -3.5352829E-01   1.6514136E+00
   2.9362271E+00   9.0253085E-04  -3.1614861E-01   1.6513633E+00
   2.9398749E+00   3.2662996E-04  -2.7760631E-01   1.6516172E+00
   2.9428210E+00  -6.3830943E-05  -2.3623542E-01   1.6518695E+00
   2.9465594E+00  -5.0566881E-04  -1.7898807E-01   1.6520116E+00
   2.9496014E+00   4.4098836E-03  -1.7219020E-02   1.6518189E+00
   2.9534266E+00   3.4208356E-06   3.9991816E-03   1.6518761E+00
   2.9564855E+00   1.5832555E-03  -3.7862804E-02   1.6521720E+00
   2.9595008E+00   5.3952341E-03   3.3085003E-02   1.6525729E+00
   2.9632185E+00   3.6317569E-03   1.6824369E-01   1.6524752E+00
   2.9662004E+00   3.7156332E-03   2.1267025E-01   1.6523057E+00
   2.9699843E+00   6.5533309E-03   2.5976875E-01   1.6524574E+00
   2.9730890E+00   7.1905465E-03   2.9128939E-01   1.6528269E+00
   2.9761744E+00   8.1730019E-03   3.4720179E-01   1.6531560E+00
   2.9799943E+00   8.6677410E-03   4.1352257E-01   1.6531942E+00
   2.9830058E+00   6.1979690E-03   4.7256252E-01   1.6531407E+00
   2.9867296E+00   7.4128448E-03   5.3016186E-01   1.6533808E+00
   2.9896934E+00   8.4050847E-03   5.9125173E-01   1.6536212E+00
   2.9934154E+00   1.0820957E-02   6.0774791E-01   1.6538475E+00
   2.9964118E+00   6.8757767E-03   6.9451863E-01   1.6539515E+00
   3.0000634E+00   9.0625212E-03   7.4483341E-01   1.6540083E+00
   3.0029721E+00   1.2083190E-02   8.0039549E-01   1.6540916E+00
   3.0068314E+00   1.4521806E-02   8.7554502E-01   1.6543888E+00
   3.0101254E+00   1.1968363E-02   9.1392547E-01   1.6546016E+00
   3.0134306E+00   8.4777456E-03   9.6945137E-01   1.6547595E+00
   3.0167253E+00   1.0810263E-02   1.0304453E+00   1.6549312E+00
   3.0199823E+00   1.6350754E-02   1.0918180E+00   1.6550785E+00
   3.0232620E+00   1.0228060E-02   1.1054683E+00   1.6552465E+00
   3.0265961E+00   1.3836605E-02   1.1642642E+00   1.6554577E+00
   3.0299399E+00   9.3507934E-03   1.2462559E+00   1.6559272E+00
   3.0332761E+00   1.4867593E-02   1.2871501E+00   1.6562070E+00
   3.0365283E+00   1.1867439E-02   1.3350062E+00   1.6562942E+00
   3.0398211E+00   1.6446644E-02   1.3495265E+00   1.6566284E+00
   3.0430887E+00   1.5233969E-02   1.4081796E+00   1.6570995E+00
   3.0462635E+00   1.5469876E-02   1.5153615E+00   1.6576895E+00
   3.0501461E+00   9.0667754E-03   1.5170748E+00   1.6578568E+00
   3.0531628E+00   2.3129283E-02   1.5351641E+00   1.6579951E+00
   3.0568812E+00   1.3948719E-02   1.6116134E+00   1.6585581E+00
   3.0598269E+00   1.3495961E-02   1.6965586E+00   1.6592095E+00
   3.0634744E+00   1.4820394E-02   1.7397511E+00   1.6595676E+00
   3.0664129E+00   1.1710553E-02   1.7776525E+00   1.6597370E+00
   3.0703678E+00   1.7764008E-02   1.8218091E+00   1.6602770E+00
   3.0736792E+00   1.5002388E-02   1.8545696E+00   1.6607460E+00
   3.0769346E+00   1.0421108E-02   1.9329556E+00   1.6611512E+00
   3.0801265E+00   1.8335456E-02   1.9904919E+00   1.6615188E+00
   3.0832582E+00   9.1972426E-03   1.9937007E+00   1.6620893E+00
   3.0863349E+00   6.3957432E-03   2.1354561E+00   1.6628121E+00
   3.0901124E+00   3.3938824E-04   2.0919552E+00   1.6634783E+00
   3.0933354E+00   9.6017690E-03   2.1634374E+00   1.6636971E+00
   3.0967793E+00   7.3486981E-03   2.1945238E+00   1.6640856E+00
   3.1002362E+00   6.3333451E-03   2.2254481E+00   1.6647859E+00
   3.1036546E+00   2.1496103E-03   2.3666496E+00   1.6658788E+00
   3.1070831E+00   9.2157489E-03   2.3925614E+00   1.6664969E+00
   3.1098516E+00   6.8294648E-03   2.3893940E+00   1.6666623E+00
   3.1137366E+00   7.0744813E-03   2.4777405E+00   1.6671853E+00
   3.1163669E+00   2.8889349E-03   2.4812937E+00   1.6676172E+00
   3.1198573E+00   7.4938070E-03   2.5411406E+00   1.6683025E+00
   3.1232858E+00   4.8627364E-03   2.6360619E+00   1.6692208E+00
   3.1266961E+00   6.4272326E-03   2.6581967E+00   1.6699556E+00
   3.1301088E+00   1.0260062E-03   2.6988165E+00   1.6703806E+00
   3.1335182E+00   1.4372900E-02   2.7595921E+00   1.6708829E+00
   3.1367607E+00   1.0544585E-02   2.8747122E+00   1.6719579E+00
   3.1401396E+00  -2.9368785E-03   2.8696535E+00   1.6725113E+00
   3.1434498E+00   1.3445133E-03   2.8817837E+00   1.6727046E+00
   3.1468129E+00   4.8893923E-03   2.9649031E+00   1.6735935E+00
   3.1502070E+00  -1.5487672E-03   3.0345540E+00   1.6744640E+00
   3.1535783E+00  -1.0556325E-03   3.0638697E+00   1.6749038E+00
   3.1569154E+00  -1.9853148E-03   3.1197879E+00   1.6754634E+00
   3.1603498E+00  -5.3022048E-03   3.1967430E+00   1.6762654E+00
   3.1637709E+00  -9.7040011E-04   3.2862206E+00   1.6771532E+00
   3.1671431E+00  -8.5412599E-03   3.3364818E+00   1.6782389E+00
   3.1704869E+00   8.8672794E-04   3.3017180E+00   1.6782573E+00
   3.1738811E+00   2.6643166E-04   3.5030298E+00   1.6787391E+00
   3.1766634E+00  -1.1161677E-02   3.4962077E+00   1.6792078E+00
   3.1803627E+00  -5.2955039E-03   3.6093633E+00   1.6804701E+00
   3.1831415E+00  -4.2508529E-03   3.5986061E+00   1.6810261E+00
   3.1868365E+00  -6.9325953E-03   3.6961291E+00   1.6819644E+00
   3.1903658E+00  -7.1575018E-03   3.7722414E+00   1.6835188E+00
   3.1939383E+00  -1.0787736E-02   3.8700447E+00   1.6838709E+00
   3.1968524E+00  -1.2969353E-02   3.8793464E+00   1.6837498E+00
   3.1998599E+00  -1.3540069E-02   3.9214714E+00   1.6843061E+00
   3.2038698E+00  -4.0025474E-03   4.0208302E+00   1.6858021E+00
   3.2065871E+00  -1.0756918E-02   4.1259675E+00   1.6872330E+00
   3.2105405E+00  -7.0056687E-03   4.2251210E+00   1.6883733E+00
   3.2134886E+00  -1.2182495E-02   4.2207952E+00   1.6880506E+00
   3.2173126E+00  -5.9397966E-03   4.2800145E+00   1.6886772E+00
   3.2201078E+00  -2.7839482E-02   4.4191871E+00   1.6898928E+00
   3.2238288E+00  -1.2809691E-02   4.5211630E+00   1.6914718E+00
   3.2271361E+00  -2.0549919E-02   4.5329328E+00   1.6921896E+00
   3.2305863E+00  -9.4945328E-03   4.6753912E+00   1.6929996E+00
   3.2332573E+00  -1.6463140E-02   4.6775589E+00   1.6935799E+00
   3.2371202E+00  -2.0902812E-02   4.8117619E+00   1.6949869E+00
   3.2400804E+00  -1.6211376E-02   4.8676257E+00   1.6957411E+00
   3.2440066E+00  -2.2798920E-02   4.9530816E+00   1.6968633E+00
   3.2469122E+00  -2.1582160E-02   5.0308523E+00   1.6977397E+00
   3.2507362E+00  -2.3587374E-02   5.1359825E+00   1.6995384E+00
   3.2535779E+00  -2.1264423E-02   5.2480283E+00   1.7005107E+00
   3.2572174E+00  -2.1656303E-02   5.3024836E+00   1.7014557E+00
   3.2608860E+00  -2.2074467E-02   5.3771105E+00   1.7024554E+00
   3.2636764E+00  -2.5568953E-02   5.4948068E+00   1.7033806E+00
   3.2672706E+00  -1.8659053E-02   5.5467520E+00   1.7047645E+00
   3.2707639E+00  -2.8449813E-02   5.6700854E+00   1.7060434E+00
   3.2734389E+00  -2.4941636E-02   5.7373486E+00   1.7066734E+00
   3.2767689E+00  -2.2588840E-02   5.8271580E+00   1.7080964E+00
   3.2802801E+00  -3.3179458E-02   5.9539442E+00   1.7094849E+00
   3.2838593E+00  -2.3910372E-02   6.0053639E+00   1.7102940E+00
   3.2873533E+00  -2.6599161E-02   6.1275854E+00   1.7117815E+00
   3.2907798E+00  -3.0882770E-02   6.2294235E+00   1.7134298E+00
   3.2941396E+00  -3.2684322E-02   6.2944016E+00   1.7145911E+00
   3.2974319E+00  -3.1320415E-02   6.4292245E+00   1.7155046E+00
   3.3007035E+00  -3.6199972E-02   6.5377884E+00   1.7168775E+00
   3.3040891E+00  -4.1331101E-02   6.6251550E+00   1.7184229E+00
   3.3067794E+00  -3.4523841E-02   6.7203374E+00   1.7199756E+00
   3.3105314E+00  -4.9031984E-02   6.7810211E+00   1.7209629E+00
   3.3143520E+00  -3.8647689E-02   6.9046059E+00   1.7218302E+00
   3.3171513E+00  -4.4463359E-02   6.9634471E+00   1.7233548E+00
   3.3206534E+00  -4.5072138E-02   7.1172853E+00   1.7245613E+00
   3.3236208E+00  -3.9610781E-02   7.1702452E+00   1.7254972E+00
   3.3276725E+00  -4.4001590E-02   7.3157010E+00   1.7278559E+00
   3.3306825E+00  -5.0298918E-02   7.4107008E+00   1.7295259E+00
   3.3337266E+00  -4.3864276E-02   7.4650226E+00   1.7303262E+00
   3.3367932E+00  -4.8195273E-02   7.5216055E+00   1.7308031E+00
   3.3413389E+00  -4.7063574E-02   7.6586766E+00   1.7323208E+00
